10000 9999
1 0
2 1
3 2
4 2
5 3
6 2
7 2
8 2
9 3
10 2
11 10
12 6
13 12
14 11
15 8
16 14
17 3
18 4
19 13
20 18
21 20
22 5
23 19
24 20
25 18
26 14
27 18
28 0
29 26
30 9
31 24
32 25
33 15
34 31
35 20
36 23
37 8
38 20
39 18
40 23
41 25
42 36
43 21
44 30
45 18
46 39
47 44
48 30
49 27
50 44
51 22
52 30
53 43
54 36
55 44
56 44
57 18
58 40
59 34
60 57
61 12
62 18
63 18
64 45
65 7
66 52
67 58
68 65
69 39
70 43
71 43
72 45
73 43
74 50
75 38
76 74
77 65
78 60
79 11
80 35
81 56
82 18
83 54
84 10
85 3
86 71
87 62
88 49
89 33
90 16
91 20
92 65
93 47
94 19
95 44
96 37
97 61
98 64
99 86
100 70
101 63
102 87
103 97
104 67
105 41
106 98
107 30
108 107
109 96
110 18
111 18
112 97
113 97
114 16
115 109
116 84
117 66
118 107
119 107
120 50
121 87
122 57
123 84
124 74
125 107
126 65
127 43
128 106
129 22
130 37
131 59
132 49
133 59
134 111
135 106
136 102
137 103
138 41
139 117
140 98
141 96
142 19
143 138
144 19
145 84
146 98
147 98
148 78
149 140
150 93
151 145
152 127
153 128
154 87
155 43
156 83
157 58
158 108
159 30
160 150
161 98
162 120
163 18
164 128
165 13
166 107
167 92
168 73
169 124
170 30
171 107
172 161
173 58
174 98
175 134
176 36
177 135
178 103
179 94
180 44
181 113
182 52
183 142
184 116
185 73
186 150
187 118
188 128
189 131
190 85
191 145
192 167
193 178
194 125
195 48
196 98
197 177
198 167
199 97
200 177
201 136
202 43
203 177
204 129
205 189
206 16
207 194
208 206
209 59
210 124
211 61
212 206
213 72
214 189
215 59
216 177
217 210
218 115
219 147
220 87
221 98
222 151
223 84
224 165
225 165
226 70
227 137
228 189
229 221
230 77
231 61
232 113
233 38
234 122
235 137
236 72
237 65
238 51
239 149
240 203
241 146
242 69
243 105
244 160
245 154
246 195
247 204
248 18
249 89
250 22
251 171
252 185
253 103
254 65
255 229
256 72
257 252
258 82
259 189
260 78
261 174
262 150
263 242
264 19
265 189
266 170
267 22
268 255
269 4
270 249
271 162
272 152
273 19
274 183
275 189
276 269
277 129
278 232
279 18
280 259
281 112
282 133
283 184
284 122
285 97
286 87
287 246
288 209
289 272
290 252
291 165
292 97
293 284
294 73
295 224
296 97
297 247
298 204
299 126
300 293
301 66
302 98
303 46
304 299
305 220
306 189
307 234
308 136
309 132
310 206
311 128
312 124
313 104
314 182
315 102
316 163
317 251
318 194
319 292
320 167
321 263
322 43
323 191
324 243
325 232
326 304
327 299
328 231
329 264
330 102
331 195
332 137
333 205
334 299
335 320
336 59
337 260
338 184
339 289
340 214
341 256
342 55
343 342
344 236
345 61
346 294
347 150
348 65
349 162
350 168
351 189
352 80
353 257
354 235
355 144
356 179
357 319
358 65
359 189
360 219
361 97
362 320
363 222
364 52
365 316
366 277
367 210
368 189
369 327
370 256
371 135
372 167
373 72
374 363
375 359
376 263
377 292
378 233
379 107
380 328
381 359
382 269
383 272
384 379
385 384
386 210
387 81
388 165
389 79
390 377
391 318
392 232
393 161
394 341
395 371
396 385
397 344
398 257
399 299
400 385
401 385
402 307
403 345
404 269
405 107
406 360
407 206
408 348
409 306
410 385
411 385
412 250
413 100
414 244
415 215
416 281
417 133
418 97
419 259
420 385
421 404
422 189
423 359
424 76
425 412
426 348
427 37
428 378
429 397
430 230
431 401
432 202
433 307
434 294
435 349
436 337
437 359
438 359
439 270
440 336
441 372
442 410
443 232
444 259
445 436
446 190
447 385
448 235
449 390
450 307
451 145
452 272
453 270
454 415
455 384
456 237
457 423
458 341
459 203
460 266
461 436
462 240
463 385
464 385
465 436
466 334
467 113
468 371
469 421
470 385
471 356
472 285
473 265
474 272
475 259
476 314
477 325
478 385
479 443
480 215
481 436
482 436
483 471
484 346
485 359
486 194
487 319
488 394
489 69
490 272
491 385
492 259
493 436
494 156
495 436
496 435
497 341
498 385
499 376
500 366
501 462
502 68
503 169
504 200
505 342
506 385
507 189
508 262
509 502
510 279
511 500
512 253
513 103
514 299
515 417
516 352
517 436
518 155
519 322
520 306
521 357
522 436
523 436
524 379
525 86
526 216
527 269
528 307
529 412
530 352
531 385
532 379
533 397
534 436
535 98
536 205
537 307
538 376
539 248
540 524
541 326
542 53
543 383
544 436
545 352
546 506
547 385
548 518
549 538
550 548
551 278
552 135
553 389
554 385
555 319
556 469
557 358
558 38
559 530
560 483
561 326
562 394
563 123
564 563
565 482
566 328
567 490
568 78
569 385
570 436
571 385
572 541
573 398
574 385
575 385
576 412
577 374
578 549
579 390
580 197
581 466
582 506
583 460
584 189
585 385
586 316
587 306
588 568
589 130
590 515
591 474
592 452
593 385
594 400
595 348
596 385
597 39
598 566
599 385
600 432
601 436
602 436
603 413
604 262
605 436
606 292
607 300
608 469
609 447
610 600
611 458
612 522
613 581
614 469
615 595
616 568
617 176
618 385
619 568
620 119
621 369
622 385
623 91
624 107
625 385
626 276
627 488
628 291
629 385
630 624
631 92
632 385
633 150
634 436
635 418
636 586
637 359
638 385
639 481
640 99
641 471
642 435
643 200
644 299
645 616
646 385
647 352
648 413
649 319
650 298
651 339
652 385
653 345
654 524
655 224
656 385
657 564
658 385
659 435
660 607
661 30
662 448
663 440
664 443
665 591
666 618
667 128
668 293
669 365
670 648
671 660
672 19
673 598
674 166
675 588
676 422
677 618
678 436
679 474
680 679
681 505
682 649
683 676
684 382
685 385
686 296
687 394
688 385
689 488
690 241
691 436
692 477
693 679
694 578
695 568
696 272
697 600
698 370
699 637
700 427
701 576
702 477
703 485
704 578
705 202
706 549
707 617
708 412
709 234
710 293
711 493
712 491
713 591
714 350
715 679
716 328
717 563
718 307
719 325
720 333
721 21
722 695
723 306
724 564
725 684
726 679
727 475
728 679
729 359
730 558
731 192
732 383
733 474
734 75
735 679
736 494
737 232
738 561
739 259
740 436
741 318
742 678
743 189
744 695
745 189
746 522
747 210
748 57
749 436
750 495
751 605
752 453
753 469
754 93
755 744
756 732
757 682
758 481
759 412
760 728
761 390
762 307
763 568
764 445
765 316
766 384
767 272
768 307
769 417
770 678
771 613
772 385
773 201
774 651
775 735
776 385
777 458
778 657
779 480
780 335
781 412
782 470
783 284
784 462
785 385
786 165
787 332
788 756
789 385
790 679
791 781
792 259
793 790
794 21
795 436
796 591
797 387
798 679
799 376
800 161
801 403
802 407
803 568
804 568
805 672
806 434
807 389
808 430
809 756
810 653
811 574
812 804
813 59
814 705
815 385
816 436
817 696
818 581
819 756
820 188
821 748
822 699
823 568
824 28
825 686
826 712
827 91
828 652
829 756
830 679
831 399
832 141
833 30
834 435
835 180
836 385
837 679
838 760
839 273
840 663
841 443
842 386
843 384
844 189
845 113
846 469
847 475
848 630
849 646
850 688
851 679
852 436
853 292
854 532
855 205
856 756
857 347
858 271
859 150
860 568
861 389
862 752
863 762
864 822
865 365
866 756
867 591
868 232
869 618
870 429
871 829
872 567
873 635
874 654
875 654
876 693
877 385
878 224
879 489
880 419
881 500
882 444
883 238
884 385
885 235
886 874
887 528
888 435
889 261
890 679
891 713
892 473
893 385
894 822
895 366
896 679
897 146
898 509
899 724
900 191
901 435
902 679
903 748
904 679
905 713
906 385
907 435
908 231
909 865
910 831
911 475
912 95
913 605
914 436
915 128
916 741
917 385
918 887
919 294
920 391
921 679
922 546
923 733
924 167
925 397
926 546
927 724
928 679
929 385
930 705
931 840
932 894
933 522
934 376
935 666
936 213
937 887
938 320
939 44
940 691
941 438
942 320
943 747
944 536
945 198
946 280
947 337
948 413
949 880
950 682
951 259
952 159
953 600
954 659
955 679
956 436
957 298
958 436
959 707
960 713
961 679
962 490
963 756
964 128
965 713
966 679
967 679
968 263
969 679
970 833
971 62
972 679
973 591
974 954
975 249
976 516
977 889
978 679
979 18
980 679
981 726
982 980
983 200
984 965
985 359
986 320
987 442
988 390
989 852
990 917
991 380
992 288
993 385
994 807
995 622
996 777
997 878
998 874
999 443
1000 677
1001 3
1002 894
1003 614
1004 1000
1005 640
1006 428
1007 469
1008 746
1009 336
1010 865
1011 753
1012 879
1013 713
1014 940
1015 736
1016 865
1017 992
1018 583
1019 591
1020 385
1021 798
1022 679
1023 232
1024 679
1025 385
1026 435
1027 870
1028 756
1029 623
1030 889
1031 908
1032 451
1033 107
1034 436
1035 508
1036 93
1037 679
1038 713
1039 446
1040 797
1041 396
1042 1015
1043 436
1044 503
1045 657
1046 345
1047 679
1048 859
1049 387
1050 731
1051 438
1052 430
1053 436
1054 234
1055 679
1056 316
1057 679
1058 128
1059 738
1060 650
1061 756
1062 705
1063 679
1064 376
1065 836
1066 679
1067 450
1068 705
1069 431
1070 256
1071 756
1072 18
1073 257
1074 840
1075 412
1076 568
1077 679
1078 467
1079 436
1080 795
1081 137
1082 683
1083 944
1084 475
1085 903
1086 1053
1087 436
1088 1016
1089 387
1090 385
1091 623
1092 679
1093 919
1094 960
1095 798
1096 489
1097 97
1098 164
1099 486
1100 134
1101 994
1102 846
1103 103
1104 771
1105 908
1106 965
1107 388
1108 30
1109 568
1110 800
1111 858
1112 769
1113 756
1114 760
1115 936
1116 951
1117 658
1118 679
1119 902
1120 847
1121 702
1122 478
1123 696
1124 1025
1125 443
1126 714
1127 320
1128 890
1129 973
1130 345
1131 1042
1132 133
1133 436
1134 705
1135 436
1136 406
1137 936
1138 679
1139 172
1140 679
1141 795
1142 679
1143 576
1144 756
1145 605
1146 580
1147 307
1148 259
1149 379
1150 842
1151 800
1152 424
1153 1085
1154 1082
1155 272
1156 412
1157 385
1158 713
1159 481
1160 249
1161 385
1162 740
1163 1052
1164 961
1165 991
1166 846
1167 706
1168 626
1169 436
1170 290
1171 679
1172 1076
1173 984
1174 965
1175 436
1176 737
1177 989
1178 679
1179 385
1180 392
1181 713
1182 973
1183 1020
1184 1076
1185 320
1186 1084
1187 875
1188 385
1189 272
1190 320
1191 487
1192 616
1193 390
1194 247
1195 385
1196 385
1197 739
1198 738
1199 426
1200 491
1201 1195
1202 654
1203 1000
1204 882
1205 385
1206 1142
1207 385
1208 698
1209 965
1210 11
1211 1181
1212 1010
1213 870
1214 1027
1215 299
1216 761
1217 1107
1218 713
1219 753
1220 679
1221 568
1222 385
1223 1001
1224 1025
1225 697
1226 833
1227 850
1228 436
1229 958
1230 1094
1231 673
1232 1186
1233 1212
1234 272
1235 1156
1236 550
1237 355
1238 1109
1239 338
1240 878
1241 982
1242 738
1243 1197
1244 844
1245 569
1246 305
1247 155
1248 1183
1249 1134
1250 679
1251 436
1252 679
1253 199
1254 947
1255 1040
1256 833
1257 947
1258 386
1259 1022
1260 754
1261 679
1262 385
1263 679
1264 309
1265 436
1266 1189
1267 436
1268 1133
1269 307
1270 1115
1271 591
1272 974
1273 475
1274 679
1275 1141
1276 659
1277 228
1278 1241
1279 679
1280 1121
1281 801
1282 679
1283 992
1284 147
1285 475
1286 799
1287 1186
1288 666
1289 145
1290 1201
1291 855
1292 453
1293 424
1294 525
1295 1117
1296 679
1297 487
1298 1227
1299 436
1300 756
1301 790
1302 1069
1303 1222
1304 1253
1305 436
1306 955
1307 530
1308 965
1309 1197
1310 1132
1311 359
1312 385
1313 964
1314 1169
1315 1224
1316 459
1317 157
1318 176
1319 487
1320 436
1321 385
1322 359
1323 568
1324 320
1325 67
1326 1000
1327 210
1328 1258
1329 992
1330 756
1331 1286
1332 1194
1333 530
1334 911
1335 385
1336 412
1337 939
1338 1078
1339 884
1340 887
1341 307
1342 988
1343 385
1344 1197
1345 976
1346 36
1347 1311
1348 659
1349 359
1350 1080
1351 183
1352 118
1353 664
1354 772
1355 846
1356 657
1357 107
1358 648
1359 687
1360 679
1361 679
1362 583
1363 371
1364 515
1365 965
1366 713
1367 234
1368 475
1369 1090
1370 1234
1371 986
1372 397
1373 436
1374 869
1375 611
1376 876
1377 150
1378 679
1379 1034
1380 821
1381 1233
1382 397
1383 634
1384 436
1385 746
1386 878
1387 1076
1388 855
1389 1197
1390 435
1391 1249
1392 1241
1393 1316
1394 965
1395 818
1396 928
1397 385
1398 814
1399 469
1400 869
1401 1109
1402 922
1403 520
1404 1124
1405 1356
1406 687
1407 679
1408 795
1409 194
1410 1390
1411 735
1412 908
1413 1253
1414 670
1415 1132
1416 1050
1417 679
1418 1045
1419 679
1420 472
1421 1000
1422 1251
1423 337
1424 617
1425 1313
1426 806
1427 1287
1428 1063
1429 847
1430 272
1431 916
1432 1373
1433 895
1434 1306
1435 682
1436 845
1437 679
1438 679
1439 786
1440 385
1441 1439
1442 1156
1443 1356
1444 798
1445 865
1446 679
1447 965
1448 908
1449 1372
1450 1396
1451 298
1452 404
1453 1438
1454 505
1455 1045
1456 889
1457 519
1458 259
1459 113
1460 385
1461 833
1462 1397
1463 1200
1464 1204
1465 420
1466 667
1467 525
1468 113
1469 86
1470 1032
1471 1205
1472 1371
1473 932
1474 830
1475 143
1476 45
1477 1414
1478 679
1479 342
1480 196
1481 436
1482 436
1483 507
1484 314
1485 798
1486 1057
1487 502
1488 940
1489 1142
1490 1383
1491 390
1492 1033
1493 483
1494 1492
1495 786
1496 110
1497 1490
1498 1241
1499 203
1500 1481
1501 376
1502 61
1503 679
1504 1331
1505 668
1506 731
1507 1150
1508 1390
1509 840
1510 1083
1511 789
1512 385
1513 1267
1514 418
1515 521
1516 1137
1517 826
1518 927
1519 422
1520 935
1521 1201
1522 1082
1523 894
1524 1050
1525 385
1526 121
1527 679
1528 460
1529 1113
1530 575
1531 1107
1532 1446
1533 1051
1534 746
1535 236
1536 1300
1537 679
1538 679
1539 1431
1540 402
1541 1201
1542 746
1543 583
1544 492
1545 73
1546 925
1547 1035
1548 1148
1549 892
1550 1372
1551 512
1552 145
1553 851
1554 679
1555 924
1556 1150
1557 1386
1558 1423
1559 359
1560 385
1561 679
1562 849
1563 287
1564 1522
1565 679
1566 870
1567 1441
1568 1267
1569 1054
1570 847
1571 510
1572 1079
1573 818
1574 686
1575 1573
1576 385
1577 1391
1578 642
1579 403
1580 1274
1581 979
1582 1037
1583 1533
1584 1409
1585 1405
1586 391
1587 653
1588 962
1589 873
1590 1445
1591 337
1592 443
1593 756
1594 679
1595 285
1596 597
1597 1471
1598 908
1599 436
1600 803
1601 761
1602 1386
1603 964
1604 1287
1605 1493
1606 436
1607 312
1608 690
1609 435
1610 185
1611 1008
1612 1596
1613 718
1614 435
1615 1178
1616 1289
1617 1462
1618 435
1619 1546
1620 292
1621 1522
1622 1016
1623 1050
1624 113
1625 724
1626 653
1627 956
1628 201
1629 865
1630 436
1631 1019
1632 1271
1633 963
1634 1339
1635 630
1636 908
1637 713
1638 1023
1639 1334
1640 1503
1641 1390
1642 1272
1643 412
1644 821
1645 912
1646 1386
1647 189
1648 865
1649 853
1650 990
1651 1523
1652 413
1653 487
1654 362
1655 900
1656 1592
1657 1223
1658 1203
1659 661
1660 1054
1661 1369
1662 254
1663 496
1664 980
1665 1405
1666 756
1667 395
1668 1107
1669 799
1670 1197
1671 1161
1672 1130
1673 679
1674 1000
1675 318
1676 1173
1677 1129
1678 679
1679 1201
1680 756
1681 1112
1682 530
1683 385
1684 846
1685 982
1686 913
1687 220
1688 1395
1689 688
1690 1393
1691 385
1692 236
1693 1303
1694 1210
1695 436
1696 756
1697 798
1698 1297
1699 429
1700 1445
1701 1050
1702 1058
1703 679
1704 576
1705 1583
1706 1596
1707 958
1708 679
1709 1244
1710 962
1711 1000
1712 1263
1713 1565
1714 232
1715 795
1716 1586
1717 1118
1718 1684
1719 1011
1720 1719
1721 436
1722 1077
1723 1617
1724 606
1725 1509
1726 1675
1727 756
1728 756
1729 568
1730 436
1731 738
1732 1031
1733 679
1734 1511
1735 498
1736 182
1737 259
1738 456
1739 1511
1740 1677
1741 436
1742 1138
1743 756
1744 1541
1745 705
1746 568
1747 1688
1748 706
1749 939
1750 682
1751 435
1752 435
1753 1670
1754 1453
1755 262
1756 1105
1757 1583
1758 1129
1759 462
1760 609
1761 461
1762 1386
1763 469
1764 244
1765 1643
1766 1581
1767 436
1768 366
1769 995
1770 1501
1771 436
1772 965
1773 687
1774 1436
1775 1565
1776 679
1777 735
1778 1669
1779 965
1780 679
1781 724
1782 1179
1783 1172
1784 812
1785 814
1786 256
1787 723
1788 743
1789 1060
1790 89
1791 695
1792 1719
1793 1256
1794 1397
1795 1612
1796 684
1797 463
1798 679
1799 945
1800 1716
1801 1446
1802 1730
1803 679
1804 1616
1805 436
1806 136
1807 1562
1808 1409
1809 1714
1810 1719
1811 1596
1812 690
1813 966
1814 1114
1815 756
1816 1640
1817 644
1818 1707
1819 1390
1820 889
1821 1123
1822 359
1823 1000
1824 1491
1825 186
1826 1169
1827 1679
1828 1726
1829 756
1830 1157
1831 1145
1832 1807
1833 756
1834 1401
1835 1201
1836 505
1837 1173
1838 1669
1839 342
1840 991
1841 376
1842 1832
1843 1685
1844 1612
1845 531
1846 1677
1847 1332
1848 1726
1849 925
1850 653
1851 828
1852 982
1853 568
1854 865
1855 549
1856 1597
1857 822
1858 1726
1859 139
1860 1686
1861 477
1862 683
1863 436
1864 384
1865 1596
1866 1327
1867 971
1868 889
1869 223
1870 1774
1871 244
1872 1397
1873 1500
1874 570
1875 244
1876 1867
1877 62
1878 1726
1879 1227
1880 894
1881 1847
1882 1240
1883 435
1884 887
1885 154
1886 679
1887 1083
1888 823
1889 1015
1890 1287
1891 436
1892 359
1893 1020
1894 1603
1895 1761
1896 1274
1897 1725
1898 568
1899 391
1900 1241
1901 1582
1902 1397
1903 846
1904 1719
1905 1020
1906 1656
1907 245
1908 650
1909 1858
1910 801
1911 379
1912 1547
1913 1390
1914 1873
1915 1726
1916 1604
1917 1171
1918 834
1919 666
1920 1232
1921 679
1922 629
1923 1423
1924 1384
1925 1241
1926 435
1927 1904
1928 1102
1929 1652
1930 687
1931 679
1932 732
1933 934
1934 1810
1935 1113
1936 1109
1937 1292
1938 1924
1939 1593
1940 899
1941 1174
1942 1762
1943 713
1944 1085
1945 487
1946 145
1947 469
1948 1127
1949 1249
1950 1065
1951 1808
1952 189
1953 1018
1954 436
1955 1191
1956 1905
1957 1453
1958 936
1959 1034
1960 1133
1961 1517
1962 760
1963 1630
1964 436
1965 627
1966 1292
1967 679
1968 1439
1969 869
1970 319
1971 1201
1972 1021
1973 796
1974 385
1975 1886
1976 394
1977 899
1978 1224
1979 1932
1980 1124
1981 846
1982 1236
1983 1542
1984 781
1985 1914
1986 411
1987 692
1988 688
1989 798
1990 203
1991 908
1992 1730
1993 1326
1994 1715
1995 700
1996 205
1997 1446
1998 1740
1999 1250
2000 659
2001 1287
2002 1922
2003 642
2004 1262
2005 1476
2006 419
2007 1059
2008 436
2009 1499
2010 1653
2011 1535
2012 1090
2013 1650
2014 1984
2015 1980
2016 662
2017 1140
2018 1725
2019 590
2020 1825
2021 1688
2022 1704
2023 1156
2024 408
2025 1770
2026 1590
2027 436
2028 1535
2029 1727
2030 76
2031 1726
2032 477
2033 370
2034 1287
2035 193
2036 390
2037 1384
2038 436
2039 1573
2040 952
2041 1951
2042 1987
2043 475
2044 1776
2045 679
2046 969
2047 1894
2048 1173
2049 1830
2050 477
2051 1404
2052 1015
2053 469
2054 1193
2055 1218
2056 1405
2057 609
2058 1269
2059 530
2060 474
2061 726
2062 1541
2063 1998
2064 1040
2065 1522
2066 823
2067 1848
2068 1704
2069 2036
2070 313
2071 391
2072 385
2073 2022
2074 1770
2075 218
2076 207
2077 573
2078 1442
2079 1608
2080 778
2081 205
2082 915
2083 1716
2084 568
2085 1704
2086 556
2087 850
2088 1273
2089 1506
2090 385
2091 420
2092 385
2093 1722
2094 1400
2095 1967
2096 508
2097 1134
2098 1824
2099 1373
2100 269
2101 568
2102 1646
2103 1430
2104 1586
2105 1951
2106 1904
2107 1491
2108 1074
2109 810
2110 1324
2111 1635
2112 1560
2113 1888
2114 666
2115 1287
2116 1220
2117 1508
2118 489
2119 991
2120 1611
2121 1165
2122 1522
2123 1882
2124 1516
2125 900
2126 1810
2127 1107
2128 385
2129 572
2130 1071
2131 809
2132 1849
2133 1403
2134 701
2135 1952
2136 2089
2137 1472
2138 1126
2139 1473
2140 1138
2141 1810
2142 2034
2143 483
2144 1785
2145 1139
2146 1776
2147 1716
2148 1432
2149 1719
2150 1751
2151 1742
2152 1958
2153 1145
2154 1122
2155 1107
2156 1033
2157 1512
2158 1600
2159 1868
2160 1140
2161 414
2162 775
2163 1044
2164 1150
2165 828
2166 2077
2167 1704
2168 1284
2169 568
2170 1711
2171 1548
2172 1753
2173 688
2174 1282
2175 1417
2176 2009
2177 165
2178 1925
2179 1107
2180 2136
2181 1787
2182 1830
2183 2133
2184 87
2185 144
2186 2086
2187 2046
2188 2102
2189 2077
2190 1524
2191 1736
2192 1029
2193 1178
2194 1812
2195 1960
2196 1667
2197 1273
2198 1810
2199 1560
2200 1871
2201 1963
2202 2151
2203 965
2204 437
2205 1570
2206 1457
2207 1384
2208 2115
2209 1736
2210 1337
2211 435
2212 2200
2213 385
2214 1349
2215 1957
2216 2162
2217 1408
2218 2172
2219 1074
2220 361
2221 1265
2222 1390
2223 1700
2224 237
2225 1954
2226 2122
2227 2057
2228 1994
2229 2024
2230 1690
2231 679
2232 1364
2233 934
2234 983
2235 1703
2236 682
2237 389
2238 2067
2239 1640
2240 1821
2241 2039
2242 1958
2243 319
2244 1537
2245 713
2246 1521
2247 2183
2248 790
2249 713
2250 1334
2251 908
2252 880
2253 2078
2254 2126
2255 756
2256 1439
2257 1201
2258 1676
2259 1831
2260 1724
2261 1861
2262 2004
2263 2233
2264 1513
2265 1686
2266 748
2267 1090
2268 2090
2269 1402
2270 143
2271 1704
2272 355
2273 1375
2274 2139
2275 2136
2276 385
2277 2223
2278 418
2279 2248
2280 2076
2281 760
2282 2275
2283 885
2284 1405
2285 1556
2286 1284
2287 1713
2288 679
2289 2133
2290 329
2291 394
2292 1602
2293 376
2294 1958
2295 903
2296 1427
2297 359
2298 2129
2299 981
2300 659
2301 114
2302 1746
2303 1078
2304 1719
2305 1737
2306 717
2307 2174
2308 2143
2309 1865
2310 1519
2311 1924
2312 2280
2313 2046
2314 2084
2315 307
2316 1797
2317 1526
2318 1057
2319 1265
2320 1707
2321 436
2322 1577
2323 1197
2324 2204
2325 551
2326 2233
2327 1928
2328 2061
2329 1969
2330 2189
2331 1257
2332 2116
2333 1241
2334 2025
2335 575
2336 1057
2337 2325
2338 2306
2339 2097
2340 607
2341 1701
2342 1049
2343 679
2344 1435
2345 1239
2346 1566
2347 2272
2348 1756
2349 1175
2350 2233
2351 1770
2352 621
2353 591
2354 1535
2355 436
2356 1174
2357 1519
2358 1691
2359 822
2360 2318
2361 352
2362 1704
2363 1290
2364 1416
2365 2231
2366 2171
2367 1292
2368 1809
2369 756
2370 1923
2371 1088
2372 264
2373 1740
2374 2057
2375 2190
2376 2344
2377 1814
2378 1534
2379 371
2380 397
2381 2146
2382 2273
2383 2113
2384 1535
2385 1928
2386 1863
2387 1752
2388 1549
2389 888
2390 2183
2391 1836
2392 1020
2393 2281
2394 1693
2395 2226
2396 1213
2397 660
2398 1887
2399 1873
2400 1446
2401 2024
2402 1575
2403 2075
2404 679
2405 1888
2406 401
2407 569
2408 772
2409 2208
2410 1810
2411 2196
2412 2062
2413 844
2414 418
2415 1696
2416 1316
2417 2413
2418 1805
2419 1909
2420 2216
2421 742
2422 2059
2423 2047
2424 257
2425 2082
2426 1498
2427 1309
2428 1246
2429 2292
2430 1596
2431 2102
2432 2259
2433 679
2434 568
2435 1784
2436 379
2437 1730
2438 744
2439 1755
2440 224
2441 1155
2442 537
2443 1245
2444 2070
2445 2231
2446 717
2447 1996
2448 1096
2449 759
2450 1736
2451 1887
2452 1736
2453 2145
2454 1439
2455 2198
2456 756
2457 1363
2458 2334
2459 1176
2460 1457
2461 2306
2462 1184
2463 2086
2464 2245
2465 2440
2466 1810
2467 2137
2468 1420
2469 1854
2470 1733
2471 2353
2472 2463
2473 1535
2474 2078
2475 2335
2476 679
2477 1373
2478 1064
2479 1552
2480 97
2481 500
2482 1316
2483 259
2484 2169
2485 679
2486 1489
2487 2117
2488 2307
2489 2264
2490 756
2491 679
2492 1575
2493 1588
2494 1201
2495 1297
2496 1042
2497 2346
2498 2159
2499 2082
2500 310
2501 679
2502 679
2503 602
2504 1157
2505 2136
2506 1963
2507 975
2508 1057
2509 1314
2510 1964
2511 1157
2512 760
2513 636
2514 2136
2515 1900
2516 1933
2517 1679
2518 1702
2519 819
2520 2340
2521 487
2522 1282
2523 1775
2524 1888
2525 1596
2526 1057
2527 1296
2528 1260
2529 2045
2530 713
2531 1909
2532 148
2533 1734
2534 654
2535 2393
2536 1362
2537 1456
2538 951
2539 1897
2540 2272
2541 2136
2542 2020
2543 2531
2544 299
2545 1726
2546 739
2547 528
2548 976
2549 1587
2550 237
2551 720
2552 2195
2553 2190
2554 385
2555 44
2556 755
2557 679
2558 2210
2559 1785
2560 359
2561 1395
2562 1312
2563 595
2564 1704
2565 2369
2566 2560
2567 2164
2568 2059
2569 1124
2570 1960
2571 679
2572 2464
2573 2134
2574 2262
2575 1523
2576 1627
2577 403
2578 2161
2579 2311
2580 2281
2581 2298
2582 2264
2583 679
2584 153
2585 2272
2586 1900
2587 2178
2588 1316
2589 2134
2590 2190
2591 1810
2592 2109
2593 1541
2594 1287
2595 1390
2596 1052
2597 911
2598 2130
2599 2482
2600 1970
2601 2437
2602 1958
2603 1704
2604 1054
2605 2183
2606 1450
2607 724
2608 236
2609 2365
2610 756
2611 2029
2612 658
2613 2456
2614 1055
2615 1673
2616 2337
2617 1386
2618 2009
2619 1913
2620 1718
2621 991
2622 2075
2623 1653
2624 530
2625 665
2626 1706
2627 2391
2628 2525
2629 1898
2630 1740
2631 848
2632 2237
2633 1392
2634 2598
2635 846
2636 2464
2637 800
2638 1454
2639 2276
2640 2552
2641 2318
2642 2009
2643 1208
2644 2381
2645 1825
2646 953
2647 2641
2648 319
2649 1886
2650 2312
2651 1951
2652 666
2653 2272
2654 1249
2655 2178
2656 2287
2657 1765
2658 412
2659 1640
2660 1573
2661 385
2662 2419
2663 1197
2664 1909
2665 282
2666 1156
2667 2396
2668 880
2669 2569
2670 1817
2671 2538
2672 1860
2673 1778
2674 679
2675 1951
2676 1640
2677 313
2678 679
2679 2534
2680 947
2681 2641
2682 436
2683 1577
2684 2137
2685 1550
2686 497
2687 763
2688 900
2689 656
2690 1551
2691 1109
2692 1091
2693 2679
2694 1287
2695 1579
2696 75
2697 1905
2698 1991
2699 1785
2700 816
2701 2133
2702 1782
2703 1096
2704 1600
2705 1755
2706 848
2707 1960
2708 1058
2709 2341
2710 2210
2711 1457
2712 1816
2713 2650
2714 894
2715 724
2716 1213
2717 1323
2718 385
2719 1475
2720 966
2721 2161
2722 999
2723 1582
2724 1987
2725 1970
2726 1978
2727 385
2728 2460
2729 1380
2730 2043
2731 2134
2732 29
2733 894
2734 646
2735 2178
2736 2187
2737 1390
2738 2144
2739 2424
2740 2336
2741 1498
2742 1437
2743 1994
2744 2160
2745 1704
2746 1384
2747 2578
2748 594
2749 955
2750 2020
2751 2568
2752 808
2753 2559
2754 1640
2755 2304
2756 844
2757 2129
2758 2669
2759 1076
2760 1728
2761 2059
2762 1485
2763 1672
2764 1465
2765 2156
2766 78
2767 2732
2768 436
2769 2330
2770 1166
2771 1970
2772 1853
2773 1383
2774 715
2775 931
2776 2060
2777 2605
2778 1664
2779 705
2780 2398
2781 2270
2782 2632
2783 1297
2784 2035
2785 908
2786 1565
2787 1924
2788 682
2789 2521
2790 1485
2791 1728
2792 1599
2793 2556
2794 778
2795 2589
2796 2086
2797 2021
2798 1951
2799 2324
2800 2698
2801 1241
2802 1157
2803 2190
2804 385
2805 649
2806 320
2807 1206
2808 1861
2809 855
2810 1544
2811 991
2812 2109
2813 679
2814 1999
2815 2155
2816 1215
2817 1876
2818 385
2819 1730
2820 1273
2821 2162
2822 1826
2823 1390
2824 2135
2825 1888
2826 1396
2827 1522
2828 827
2829 1438
2830 1381
2831 2312
2832 2809
2833 2749
2834 1607
2835 2349
2836 2076
2837 2067
2838 618
2839 1747
2840 1156
2841 1535
2842 1451
2843 2513
2844 1704
2845 1621
2846 1853
2847 1704
2848 1797
2849 1494
2850 2312
2851 1436
2852 2704
2853 738
2854 2124
2855 984
2856 1397
2857 2270
2858 1145
2859 1704
2860 2136
2861 2213
2862 739
2863 426
2864 1241
2865 2103
2866 2233
2867 2800
2868 2468
2869 1982
2870 1393
2871 2048
2872 1704
2873 2494
2874 2786
2875 2300
2876 1138
2877 2133
2878 1285
2879 2823
2880 2556
2881 1004
2882 2077
2883 1652
2884 2134
2885 2671
2886 1958
2887 2370
2888 1905
2889 1837
2890 2173
2891 436
2892 1836
2893 1730
2894 2391
2895 1885
2896 897
2897 2245
2898 568
2899 2894
2900 2391
2901 679
2902 1924
2903 1973
2904 1038
2905 2069
2906 2633
2907 2650
2908 2614
2909 2137
2910 1583
2911 662
2912 975
2913 1051
2914 679
2915 749
2916 1836
2917 2821
2918 1762
2919 1701
2920 1967
2921 1867
2922 1765
2923 2704
2924 1226
2925 2440
2926 2702
2927 217
2928 1278
2929 2720
2930 514
2931 2704
2932 1453
2933 2661
2934 1792
2935 2704
2936 419
2937 367
2938 756
2939 2720
2940 2924
2941 1390
2942 2693
2943 2128
2944 2922
2945 862
2946 257
2947 2258
2948 1958
2949 2349
2950 2507
2951 1837
2952 679
2953 846
2954 2851
2955 2307
2956 2065
2957 2662
2958 2136
2959 2133
2960 365
2961 282
2962 1045
2963 2377
2964 1653
2965 1388
2966 1390
2967 2173
2968 1258
2969 2263
2970 1951
2971 616
2972 2247
2973 487
2974 2829
2975 1204
2976 1411
2977 1397
2978 1812
2979 1082
2980 615
2981 929
2982 2381
2983 1489
2984 2129
2985 578
2986 1658
2987 1457
2988 2704
2989 626
2990 2322
2991 2907
2992 357
2993 677
2994 2312
2995 1076
2996 1934
2997 1831
2998 408
2999 1409
3000 2025
3001 1830
3002 359
3003 1982
3004 1630
3005 1107
3006 756
3007 2638
3008 385
3009 1600
3010 2209
3011 1272
3012 1656
3013 2233
3014 272
3015 2187
3016 133
3017 274
3018 866
3019 653
3020 1805
3021 679
3022 790
3023 195
3024 1316
3025 1740
3026 867
3027 1370
3028 1370
3029 2331
3030 1867
3031 1304
3032 2914
3033 2183
3034 2734
3035 1325
3036 435
3037 272
3038 1610
3039 2007
3040 1810
3041 1591
3042 2879
3043 2521
3044 1716
3045 2511
3046 1316
3047 679
3048 1721
3049 1803
3050 1754
3051 2675
3052 1372
3053 846
3054 232
3055 1740
3056 2484
3057 1496
3058 2137
3059 931
3060 2167
3061 1704
3062 679
3063 2236
3064 1904
3065 675
3066 3011
3067 1927
3068 2564
3069 2600
3070 1397
3071 1798
3072 2100
3073 1987
3074 724
3075 890
3076 1832
3077 1652
3078 2259
3079 311
3080 2513
3081 1429
3082 397
3083 436
3084 86
3085 632
3086 1522
3087 1643
3088 1283
3089 2886
3090 688
3091 2539
3092 1584
3093 376
3094 1963
3095 1302
3096 1520
3097 1185
3098 1737
3099 2513
3100 2255
3101 1674
3102 1924
3103 940
3104 1726
3105 2841
3106 810
3107 2672
3108 1104
3109 1406
3110 1025
3111 1072
3112 1991
3113 701
3114 1141
3115 2097
3116 1568
3117 2440
3118 568
3119 887
3120 471
3121 995
3122 1501
3123 1230
3124 2141
3125 2667
3126 2023
3127 3073
3128 2838
3129 2874
3130 1889
3131 2527
3132 2830
3133 2138
3134 2767
3135 1606
3136 385
3137 1679
3138 1887
3139 2965
3140 2218
3141 489
3142 2487
3143 1960
3144 476
3145 2393
3146 1998
3147 2427
3148 903
3149 384
3150 679
3151 2201
3152 2085
3153 2682
3154 206
3155 751
3156 2767
3157 2500
3158 3138
3159 648
3160 1564
3161 970
3162 1439
3163 3088
3164 756
3165 1657
3166 1867
3167 436
3168 1265
3169 1561
3170 2750
3171 145
3172 2704
3173 1931
3174 756
3175 376
3176 2391
3177 2062
3178 2864
3179 445
3180 457
3181 713
3182 316
3183 2861
3184 2905
3185 2954
3186 263
3187 932
3188 3146
3189 3124
3190 2446
3191 3073
3192 3036
3193 1015
3194 2158
3195 1998
3196 3146
3197 2821
3198 2679
3199 2567
3200 1755
3201 1241
3202 1227
3203 3073
3204 1196
3205 2136
3206 2076
3207 3116
3208 1191
3209 2733
3210 1241
3211 2754
3212 3119
3213 1331
3214 685
3215 2213
3216 1726
3217 2643
3218 1503
3219 894
3220 1000
3221 2783
3222 1201
3223 3048
3224 1640
3225 1982
3226 1806
3227 2917
3228 433
3229 436
3230 596
3231 965
3232 1005
3233 1249
3234 1640
3235 840
3236 2285
3237 3226
3238 3167
3239 2906
3240 663
3241 1466
3242 3181
3243 1799
3244 1716
3245 2134
3246 2539
3247 734
3248 603
3249 2552
3250 3049
3251 605
3252 1741
3253 1372
3254 1911
3255 1474
3256 2129
3257 696
3258 3084
3259 2838
3260 1475
3261 591
3262 2257
3263 1400
3264 3086
3265 1845
3266 2002
3267 723
3268 2922
3269 2177
3270 756
3271 750
3272 2454
3273 1887
3274 2674
3275 1699
3276 2522
3277 2374
3278 2167
3279 1397
3280 2356
3281 2009
3282 2502
3283 897
3284 1785
3285 3282
3286 2667
3287 1332
3288 2021
3289 679
3290 2519
3291 2036
3292 2921
3293 3099
3294 2912
3295 1217
3296 3119
3297 1726
3298 3082
3299 2667
3300 3023
3301 3003
3302 756
3303 1201
3304 2870
3305 2474
3306 2732
3307 3286
3308 1687
3309 2035
3310 2059
3311 999
3312 214
3313 2930
3314 2560
3315 713
3316 2704
3317 957
3318 406
3319 3134
3320 1469
3321 2871
3322 436
3323 2637
3324 385
3325 1476
3326 2259
3327 1191
3328 2245
3329 850
3330 2704
3331 2950
3332 1867
3333 713
3334 2137
3335 384
3336 2238
3337 1932
3338 1163
3339 1960
3340 3094
3341 3275
3342 2101
3343 1679
3344 2552
3345 502
3346 1574
3347 847
3348 2231
3349 2928
3350 3119
3351 3134
3352 3283
3353 3110
3354 3119
3355 1522
3356 1221
3357 1130
3358 705
3359 93
3360 2466
3361 3196
3362 558
3363 3275
3364 1811
3365 2891
3366 984
3367 863
3368 2993
3369 3163
3370 3246
3371 1810
3372 292
3373 2846
3374 2589
3375 385
3376 2779
3377 1560
3378 1961
3379 756
3380 2379
3381 357
3382 2187
3383 846
3384 2036
3385 1764
3386 2837
3387 2129
3388 3311
3389 2466
3390 1606
3391 3064
3392 3244
3393 1257
3394 1043
3395 2427
3396 1001
3397 824
3398 8
3399 19
3400 898
3401 1289
3402 539
3403 17
3404 30
3405 3
3406 1039
3407 2842
3408 382
3409 1790
3410 589
3411 2301
3412 1694
3413 2237
3414 1502
3415 165
3416 2732
3417 14
3418 212
3419 90
3420 1072
3421 510
3422 82
3423 1100
3424 101
3425 236
3426 636
3427 1264
3428 1885
3429 18
3430 2361
3431 1581
3432 242
3433 32
3434 57
3435 1496
3436 560
3437 3017
3438 805
3439 23
3440 2185
3441 839
3442 2372
3443 2828
3444 794
3445 378
3446 34
3447 20
3448 767
3449 721
3450 883
3451 1075
3452 267
3453 22
3454 173
3455 42
3456 24
3457 324
3458 1528
3459 1659
3460 1563
3461 118
3462 30
3463 1108
3464 833
3465 44
3466 364
3467 2040
3468 368
3469 34
3470 35
3471 1318
3472 3193
3473 1346
3474 427
3475 218
3476 37
3477 734
3478 3362
3479 303
3480 1596
3481 1475
3482 43
3483 43
3484 3133
3485 542
3486 1247
3487 640
3488 948
3489 1745
3490 2206
3491 1749
3492 1036
3493 1645
3494 342
3495 2555
3496 835
3497 2064
3498 44
3499 2030
3500 44
3501 889
3502 45
3503 2005
3504 88
3505 2003
3506 2191
3507 301
3508 122
3509 2532
3510 748
3511 1317
3512 3035
3513 336
3514 813
3515 288
3516 133
3517 779
3518 845
3519 231
3520 211
3521 345
3522 1877
3523 62
3524 1867
3525 557
3526 910
3527 1662
3528 230
3529 2024
3530 2224
3531 1555
3532 1859
3533 2070
3534 489
3535 226
3536 1070
3537 373
3538 2886
3539 1545
3540 3038
3541 294
3542 943
3543 2696
3544 1152
3545 2484
3546 337
3547 2766
3548 258
3549 563
3550 1869
3551 283
3552 86
3553 3320
3554 3258
3555 1467
3556 2184
3557 2317
3558 3308
3559 87
3560 1628
3561 286
3562 270
3563 90
3564 2692
3565 631
3566 1260
3567 3359
3568 857
3569 832
3570 2468
3571 1551
3572 416
3573 2414
3574 1097
3575 361
3576 2480
3577 686
3578 2648
3579 97
3580 1253
3581 97
3582 535
3583 98
3584 268
3585 1284
3586 302
3587 239
3588 2453
3589 196
3590 146
3591 3079
3592 315
3593 330
3594 2035
3595 513
3596 787
3597 1103
3598 1363
3599 843
3600 1357
3601 1492
3602 405
3603 2706
3604 620
3605 107
3606 317
3607 158
3608 1539
3609 674
3610 1459
3611 2303
3612 1468
3613 181
3614 1624
3615 232
3616 1352
3617 187
3618 119
3619 783
3620 709
3621 124
3622 1607
3623 1044
3624 1466
3625 2518
3626 128
3627 1098
3628 128
3629 820
3630 2499
3631 964
3632 2584
3633 1768
3634 129
3635 2232
3636 3016
3637 1310
3638 2961
3639 175
3640 2234
3641 135
3642 552
3643 3237
3644 308
3645 354
3646 1081
3647 137
3648 227
3649 138
3650 138
3651 2781
3652 2272
3653 900
3654 2479
3655 451
3656 145
3657 1946
3658 145
3659 145
3660 577
3661 3171
3662 2896
3663 1812
3664 3318
3665 1048
3666 150
3667 1377
3668 2020
3669 262
3670 633
3671 244
3672 152
3673 1907
3674 1982
3675 393
3676 1110
3677 1111
3678 163
3679 225
3680 291
3681 224
3682 388
3683 786
3684 2177
3685 441
3686 1050
3687 1799
3688 1654
3689 167
3690 169
3691 172
3692 173
3693 617
3694 1316
3695 526
3696 1146
3697 1484
3698 1351
3699 2345
3700 1073
3701 985
3702 1788
3703 1647
3704 189
3705 473
3706 189
3707 189
3708 584
3709 189
3710 745
3711 507
3712 1952
3713 2756
3714 351
3715 189
3716 2081
3717 2310
3718 3267
3719 3312
3720 1277
3721 275
3722 1458
3723 189
3724 323
3725 1099
3726 2836
3727 1409
3728 3023
3729 331
3730 1480
3731 504
3732 643
3733 773
3734 202
3735 610
3736 2009
3737 1759
3738 1990
3739 1881
3740 205
3741 205
3742 2447
3743 2551
3744 1510
3745 855
3746 3157
3747 802
3748 3154
3749 208
3750 842
3751 1866
3752 2937
3753 2927
3754 214
3755 340
3756 214
3757 454
3758 215
3759 215
3760 218
3761 218
3762 2075
3763 2428
3764 224
3765 295
3766 997
3767 2440
3768 655
3769 2752
3770 1412
3771 1231
3772 1353
3773 232
3774 868
3775 3054
3776 2325
3777 1714
3778 392
3779 232
3780 232
3781 1638
3782 232
3783 737
3784 719
3785 1367
3786 3367
3787 234
3788 1054
3789 234
3790 2911
3791 885
3792 235
3793 2354
3794 1692
3795 236
3796 2608
3797 344
3798 2550
3799 1738
3800 968
3801 414
3802 3385
3803 1871
3804 1875
3805 244
3806 245
3807 247
3808 297
3809 3331
3810 1160
3811 1170
3812 253
3813 253
3814 562
3815 1786
3816 256
3817 2033
3818 257
3819 353
3820 257
3821 2330
3822 2946
3823 2424
3824 792
3825 2171
3826 259
3827 882
3828 259
3829 1544
3830 946
3831 2305
3832 951
3833 1243
3834 419
3835 2878
3836 2483
3837 259
3838 604
3839 2439
3840 2096
3841 263
3842 376
3843 3186
3844 321
3845 2290
3846 527
3847 269
3848 2989
3849 1452
3850 269
3851 3072
3852 269
3853 269
3854 269
3855 270
3856 1292
3857 439
3858 270
3859 2441
3860 1266
3861 3028
3862 3257
3863 592
3864 543
3865 272
3866 3014
3867 272
3868 2776
3869 1430
3870 651
3871 272
3872 490
3873 3037
3874 274
3875 277
3876 277
3877 2665
3878 710
3879 1595
3880 992
3881 628
3882 291
3883 291
3884 1649
3885 1620
3886 1724
3887 377
3888 292
3889 3372
3890 292
3891 671
3892 1505
3893 484
3894 1426
3895 1093
3896 295
3897 298
3898 298
3899 1789
3900 3317
3901 298
3902 298
3903 2660
3904 299
3905 1215
3906 2352
3907 299
3908 738
3909 644
3910 2930
3911 2544
3912 300
3913 300
3914 301
3915 587
3916 2133
3917 409
3918 1067
3919 1147
3920 307
3921 2442
3922 1341
3923 2058
3924 2315
3925 887
3926 3228
3927 768
3928 402
3929 718
3930 2677
3931 3144
3932 669
3933 316
3934 1056
3935 316
3936 765
3937 3182
3938 318
3939 318
3940 391
3941 318
3942 1675
3943 319
3944 357
3945 555
3946 1970
3947 2243
3948 487
3949 649
3950 1371
3951 320
3952 2806
3953 780
3954 320
3955 942
3956 320
3957 938
3958 3097
3959 320
3960 320
3961 1190
3962 1324
3963 1127
3964 1861
3965 541
3966 716
3967 2811
3968 1009
3969 3246
3970 3041
3971 3229
3972 1423
3973 1254
3974 339
3975 340
3976 2686
3977 996
3978 1454
3979 1839
3980 342
3981 1479
3982 343
3983 533
3984 403
3985 1046
3986 345
3987 653
3988 345
3989 1672
3990 1199
3991 2563
3992 351
3993 516
3994 545
3995 352
3996 647
3997 1333
3998 1237
3999 356
4000 2992
4001 3381
4002 1515
4003 358
4004 1322
4005 729
4006 1051
4007 2297
4008 1892
4009 1822
4010 359
4011 359
4012 3002
4013 2204
4014 1559
4015 3180
4016 1347
4017 359
4018 2214
4019 2359
4020 359
4021 359
4022 2560
4023 375
4024 359
4025 703
4026 381
4027 359
4028 359
4029 2220
4030 365
4031 865
4032 365
4033 2960
4034 1433
4035 881
4036 3217
4037 2379
4038 371
4039 1667
4040 371
4041 371
4042 371
4043 468
4044 376
4045 376
4046 3093
4047 376
4048 694
4049 1064
4050 376
4051 1669
4052 376
4053 376
4054 499
4055 376
4056 376
4057 3175
4058 376
4059 376
4060 1501
4061 934
4062 376
4063 2293
4064 1841
4065 2054
4066 428
4067 1911
4068 854
4069 1149
4070 2436
4071 540
4072 379
4073 379
4074 725
4075 732
4076 384
4077 766
4078 3149
4079 384
4080 455
4081 1530
4082 1864
4083 384
4084 3335
4085 1845
4086 906
4087 815
4088 2554
4089 1986
4090 2072
4091 385
4092 554
4093 2727
4094 2213
4095 625
4096 385
4097 3204
4098 385
4099 385
4100 385
4101 385
4102 990
4103 2804
4104 1974
4105 385
4106 1179
4107 1335
4108 385
4109 385
4110 3230
4111 1262
4112 1161
4113 385
4114 1797
4115 385
4116 385
4117 385
4118 385
4119 1525
4120 776
4121 385
4122 385
4123 571
4124 2199
4125 1902
4126 3375
4127 385
4128 785
4129 1511
4130 385
4131 385
4132 1922
4133 2092
4134 385
4135 1312
4136 1188
4137 385
4138 3008
4139 385
4140 547
4141 877
4142 688
4143 385
4144 1735
4145 3214
4146 1041
4147 1832
4148 893
4149 385
4150 1683
4151 1025
4152 2748
4153 609
4154 385
4155 993
4156 385
4157 385
4158 1201
4159 2639
4160 2818
4161 1339
4162 385
4163 585
4164 656
4165 385
4166 385
4167 385
4168 3045
4169 3136
4170 652
4171 385
4172 1207
4173 1460
4174 1769
4175 385
4176 385
4177 385
4178 2933
4179 3085
4180 1950
4181 3324
4182 811
4183 599
4184 1302
4185 385
4186 1440
4187 385
4188 1122
4189 826
4190 470
4191 2408
4192 385
4193 385
4194 1343
4195 385
4196 385
4197 569
4198 1512
4199 2358
4200 385
4201 385
4202 3128
4203 1321
4204 385
4205 385
4206 1222
4207 2091
4208 385
4209 385
4210 385
4211 593
4212 2718
4213 2943
4214 385
4215 1402
4216 2090
4217 385
4218 929
4219 1576
4220 385
4221 1597
4222 638
4223 2888
4224 385
4225 464
4226 2012
4227 2612
4228 442
4229 2968
4230 2342
4231 1089
4232 2127
4233 861
4234 553
4235 994
4236 389
4237 390
4238 390
4239 2098
4240 449
4241 390
4242 390
4243 761
4244 988
4245 579
4246 390
4247 390
4248 390
4249 390
4250 2069
4251 1899
4252 920
4253 2104
4254 391
4255 2071
4256 1180
4257 393
4258 2291
4259 1976
4260 1773
4261 1965
4262 394
4263 3082
4264 1382
4265 397
4266 1213
4267 1372
4268 2380
4269 925
4270 400
4271 2406
4272 1540
4273 403
4274 1281
4275 2577
4276 1579
4277 404
4278 1003
4279 406
4280 1136
4281 406
4282 2998
4283 408
4284 408
4285 411
4286 412
4287 3087
4288 412
4289 529
4290 2449
4291 708
4292 425
4293 1156
4294 412
4295 1704
4296 412
4297 1984
4298 1336
4299 2658
4300 1358
4301 3248
4302 1652
4303 414
4304 414
4305 2747
4306 769
4307 1589
4308 1514
4309 2278
4310 2668
4311 2936
4312 419
4313 2006
4314 2764
4315 676
4316 1293
4317 426
4318 2863
4319 1995
4320 1006
4321 428
4322 3363
4323 3338
4324 432
4325 432
4326 432
4327 433
4328 433
4329 496
4330 435
4331 2389
4332 435
4333 2387
4334 2150
4335 1609
4336 1026
4337 435
4338 1918
4339 901
4340 3192
4341 1883
4342 907
4343 2211
4344 1926
4345 1618
4346 1614
4347 1390
4348 659
4349 436
4350 2891
4351 436
4352 436
4353 1228
4354 1305
4355 1994
4356 2027
4357 436
4358 1422
4359 436
4360 544
4361 436
4362 436
4363 436
4364 523
4365 436
4366 2682
4367 436
4368 1606
4369 465
4370 750
4371 2768
4372 3116
4373 436
4374 436
4375 436
4376 914
4377 3238
4378 436
4379 1043
4380 436
4381 436
4382 436
4383 436
4384 3252
4385 1767
4386 1960
4387 1087
4388 2008
4389 436
4390 2038
4391 2386
4392 2576
4393 3083
4394 522
4395 436
4396 436
4397 1482
4398 2510
4399 3322
4400 436
4401 2700
4402 1599
4403 1895
4404 2915
4405 1771
4406 1500
4407 436
4408 436
4409 436
4410 1891
4411 711
4412 481
4413 678
4414 1384
4415 2319
4416 436
4417 2349
4418 436
4419 601
4420 3020
4421 1135
4422 534
4423 1053
4424 436
4425 2822
4426 2153
4427 436
4428 436
4429 565
4430 436
4431 1177
4432 1162
4433 1299
4434 940
4435 2225
4436 3223
4437 1572
4438 436
4439 1497
4440 1874
4441 2506
4442 1730
4443 2355
4444 1320
4445 1229
4446 1695
4447 3179
4448 2503
4449 517
4450 2477
4451 436
4452 2321
4453 1959
4454 941
4455 438
4456 987
4457 841
4458 3012
4459 1125
4460 479
4461 443
4462 2722
4463 764
4464 448
4465 1470
4466 453
4467 752
4468 456
4469 457
4470 2273
4471 458
4472 1953
4473 460
4474 501
4475 784
4476 465
4477 467
4478 467
4479 469
4480 1399
4481 2327
4482 1007
4483 1947
4484 469
4485 2086
4486 469
4487 1763
4488 469
4489 608
4490 469
4491 469
4492 469
4493 469
4494 469
4495 469
4496 2053
4497 753
4498 782
4499 3120
4500 471
4501 641
4502 1549
4503 2377
4504 923
4505 973
4506 475
4507 475
4508 2597
4509 1232
4510 727
4511 1273
4512 847
4513 2043
4514 1368
4515 2032
4516 2050
4517 2724
4518 702
4519 758
4520 639
4521 1159
4522 482
4523 482
4524 2308
4525 1493
4526 484
4527 484
4528 1945
4529 1297
4530 1319
4531 2010
4532 487
4533 2521
4534 3208
4535 2973
4536 487
4537 487
4538 689
4539 1012
4540 2118
4541 3141
4542 2448
4543 489
4544 2493
4545 872
4546 491
4547 491
4548 1200
4549 491
4550 496
4551 1663
4552 496
4553 2481
4554 511
4555 502
4556 1487
4557 3345
4558 502
4559 681
4560 1836
4561 582
4562 1483
4563 1912
4564 1571
4565 510
4566 512
4567 512
4568 2019
4569 1345
4570 518
4571 518
4572 1534
4573 522
4574 933
4575 612
4576 523
4577 1202
4578 1294
4579 526
4580 2547
4581 528
4582 1682
4583 2624
4584 559
4585 530
4586 1307
4587 2422
4588 530
4589 2129
4590 541
4591 545
4592 546
4593 546
4594 926
4595 1855
4596 549
4597 549
4598 1748
4599 550
4600 557
4601 557
4602 730
4603 561
4604 2080
4605 3190
4606 1781
4607 567
4608 567
4609 645
4610 2314
4611 2066
4612 619
4613 568
4614 568
4615 3342
4616 568
4617 568
4618 568
4619 568
4620 568
4621 2302
4622 2898
4623 1898
4624 1076
4625 568
4626 860
4627 3118
4628 568
4629 568
4630 568
4631 1729
4632 3194
4633 3356
4634 3065
4635 2772
4636 568
4637 2687
4638 2717
4639 1109
4640 568
4641 2434
4642 744
4643 812
4644 2443
4645 2407
4646 2335
4647 701
4648 1143
4649 578
4650 578
4651 578
4652 2985
4653 704
4654 613
4655 2536
4656 1543
4657 585
4658 586
4659 588
4660 2903
4661 713
4662 2471
4663 2625
4664 3261
4665 867
4666 1019
4667 591
4668 591
4669 1632
4670 591
4671 591
4672 2980
4673 599
4674 1225
4675 600
4676 2646
4677 3251
4678 913
4679 3155
4680 607
4681 2340
4682 2374
4683 1760
4684 612
4685 3108
4686 615
4687 2971
4688 1192
4689 617
4690 1424
4691 959
4692 617
4693 2986
4694 2329
4695 935
4696 2192
4697 625
4698 1168
4699 2111
4700 630
4701 630
4702 2513
4703 3232
4704 640
4705 640
4706 642
4707 1578
4708 643
4709 643
4710 2670
4711 2734
4712 3159
4713 1477
4714 2788
4715 649
4716 2805
4717 650
4718 650
4719 1908
4720 650
4721 774
4722 1851
4723 1587
4724 1626
4725 3106
4726 3019
4727 1850
4728 653
4729 2534
4730 998
4731 654
4732 1187
4733 654
4734 656
4735 656
4736 656
4737 656
4738 656
4739 2689
4740 2962
4741 1356
4742 658
4743 658
4744 1295
4745 658
4746 2000
4747 1348
4748 659
4749 1276
4750 1642
4751 659
4752 2875
4753 2397
4754 661
4755 2016
4756 662
4757 662
4758 663
4759 3240
4760 2114
4761 1919
4762 1288
4763 666
4764 2652
4765 666
4766 675
4767 675
4768 1862
4769 677
4770 677
4771 677
4772 677
4773 3368
4774 677
4775 677
4776 2421
4777 678
4778 770
4779 2491
4780 679
4781 679
4782 679
4783 679
4784 2920
4785 921
4786 1024
4787 679
4788 679
4789 2833
4790 1615
4791 2674
4792 679
4793 679
4794 1171
4795 679
4796 1261
4797 1886
4798 679
4799 3062
4800 1259
4801 679
4802 3047
4803 679
4804 1438
4805 1678
4806 798
4807 3255
4808 679
4809 2404
4810 1419
4811 2046
4812 2332
4813 3289
4814 1118
4815 2175
4816 2343
4817 1066
4818 1378
4819 679
4820 2678
4821 679
4822 679
4823 1776
4824 3021
4825 1489
4826 679
4827 679
4828 1047
4829 679
4830 790
4831 679
4832 2813
4833 679
4834 679
4835 2774
4836 679
4837 679
4838 679
4839 1538
4840 2476
4841 679
4842 2470
4843 679
4844 2235
4845 2231
4846 679
4847 2976
4848 679
4849 904
4850 679
4851 679
4852 1554
4853 679
4854 679
4855 1503
4856 1119
4857 679
4858 679
4859 2656
4860 679
4861 967
4862 2244
4863 1361
4864 1708
4865 679
4866 2433
4867 2615
4868 876
4869 679
4870 2288
4871 679
4872 2914
4873 2720
4874 1057
4875 3282
4876 679
4877 1279
4878 2299
4879 679
4880 1553
4881 679
4882 2952
4883 2583
4884 2901
4885 679
4886 3276
4887 2045
4888 2908
4889 1164
4890 679
4891 1407
4892 1063
4893 1798
4894 1527
4895 679
4896 1780
4897 679
4898 837
4899 1594
4900 1532
4901 2485
4902 679
4903 1360
4904 679
4905 2742
4906 3173
4907 3169
4908 679
4909 679
4910 679
4911 2501
4912 679
4913 679
4914 680
4915 3150
4916 679
4917 679
4918 1742
4919 679
4920 1252
4921 679
4922 1664
4923 890
4924 679
4925 896
4926 679
4927 3049
4928 679
4929 679
4930 679
4931 3131
4932 679
4933 679
4934 1092
4935 679
4936 679
4937 679
4938 679
4939 679
4940 679
4941 1896
4942 679
4943 2571
4944 679
4945 978
4946 1478
4947 679
4948 1901
4949 972
4950 2017
4951 679
4952 2826
4953 679
4954 1921
4955 2557
4956 1712
4957 679
4958 1250
4959 679
4960 679
4961 2093
4962 680
4963 681
4964 681
4965 681
4966 681
4967 682
4968 2376
4969 682
4970 682
4971 950
4972 3063
4973 757
4974 682
4975 1750
4976 1082
4977 684
4978 684
4979 1796
4980 686
4981 686
4982 825
4983 3346
4984 686
4985 1406
4986 687
4987 687
4988 1930
4989 1359
4990 3090
4991 688
4992 1689
4993 688
4994 688
4995 2967
4996 688
4997 1227
4998 1988
4999 689
5000 690
5001 1608
5002 693
5003 693
5004 693
5005 693
5006 693
5007 1791
5008 722
5009 2240
5010 817
5011 696
5012 697
5013 2134
5014 3113
5015 1280
5016 702
5017 1068
5018 705
5019 3358
5020 814
5021 1062
5022 2779
5023 705
5024 1249
5025 930
5026 1167
5027 708
5028 2055
5029 891
5030 2249
5031 3315
5032 713
5033 713
5034 3181
5035 713
5036 1637
5037 713
5038 2871
5039 713
5040 713
5041 713
5042 713
5043 1158
5044 1366
5045 713
5046 713
5047 2245
5048 713
5049 713
5050 2904
5051 713
5052 905
5053 3333
5054 1211
5055 713
5056 1943
5057 3123
5058 713
5059 2530
5060 1013
5061 716
5062 2306
5063 1613
5064 718
5065 721
5066 721
5067 721
5068 2181
5069 1940
5070 2715
5071 3074
5072 1518
5073 724
5074 1625
5075 2607
5076 724
5077 2061
5078 726
5079 726
5080 726
5081 731
5082 2136
5083 2610
5084 3337
5085 3247
5086 1777
5087 2821
5088 2459
5089 737
5090 738
5091 738
5092 738
5093 738
5094 1731
5095 1242
5096 1198
5097 738
5098 738
5099 738
5100 2853
5101 2007
5102 2546
5103 2862
5104 741
5105 2438
5106 2556
5107 744
5108 746
5109 746
5110 2120
5111 1983
5112 746
5113 746
5114 746
5115 1385
5116 748
5117 2295
5118 2729
5119 2266
5120 3271
5121 750
5122 2945
5123 753
5124 2755
5125 1219
5126 756
5127 2415
5128 756
5129 756
5130 1815
5131 756
5132 2938
5133 1061
5134 3100
5135 3174
5136 1743
5137 3379
5138 756
5139 756
5140 1144
5141 756
5142 3006
5143 1666
5144 856
5145 1028
5146 756
5147 829
5148 1330
5149 1680
5150 1593
5151 756
5152 2613
5153 2760
5154 756
5155 2490
5156 1833
5157 3302
5158 756
5159 756
5160 866
5161 756
5162 2369
5163 1829
5164 3164
5165 756
5166 3290
5167 756
5168 756
5169 788
5170 756
5171 1727
5172 1935
5173 2131
5174 756
5175 3270
5176 756
5177 1300
5178 756
5179 1071
5180 756
5181 756
5182 756
5183 963
5184 756
5185 756
5186 2512
5187 1962
5188 2580
5189 838
5190 1216
5191 1601
5192 763
5193 765
5194 765
5195 765
5196 769
5197 1681
5198 769
5199 1354
5200 774
5201 777
5202 2794
5203 780
5204 781
5205 791
5206 781
5207 782
5208 782
5209 1439
5210 1495
5211 2248
5212 1301
5213 793
5214 3022
5215 790
5216 792
5217 794
5218 795
5219 795
5220 2217
5221 1350
5222 1141
5223 798
5224 798
5225 1021
5226 798
5227 798
5228 1485
5229 798
5230 1444
5231 1095
5232 1697
5233 1989
5234 1286
5235 799
5236 2637
5237 1151
5238 800
5239 1910
5240 802
5241 802
5242 804
5243 808
5244 2109
5245 810
5246 810
5247 811
5248 2435
5249 812
5250 812
5251 812
5252 1785
5253 1398
5254 2561
5255 821
5256 1644
5257 822
5258 864
5259 894
5260 1857
5261 2825
5262 825
5263 1517
5264 827
5265 2165
5266 828
5267 828
5268 828
5269 828
5270 829
5271 829
5272 829
5273 871
5274 832
5275 832
5276 832
5277 832
5278 832
5279 1461
5280 3161
5281 2940
5282 1793
5283 839
5284 3235
5285 1074
5286 3059
5287 842
5288 3236
5289 2413
5290 844
5291 1709
5292 844
5293 2954
5294 1981
5295 846
5296 846
5297 3053
5298 846
5299 1903
5300 1684
5301 3383
5302 846
5303 2635
5304 2770
5305 846
5306 1355
5307 846
5308 2953
5309 1120
5310 3081
5311 2205
5312 3347
5313 848
5314 2631
5315 3329
5316 2087
5317 850
5318 852
5319 853
5320 3139
5321 2809
5322 1291
5323 859
5324 859
5325 859
5326 859
5327 859
5328 862
5329 862
5330 862
5331 865
5332 865
5333 865
5334 865
5335 2277
5336 865
5337 1010
5338 865
5339 865
5340 865
5341 909
5342 1629
5343 1648
5344 865
5345 1622
5346 2469
5347 3018
5348 3026
5349 867
5350 867
5351 1374
5352 1400
5353 1214
5354 2497
5355 873
5356 886
5357 1376
5358 1386
5359 1882
5360 878
5361 878
5362 949
5363 2252
5364 1204
5365 2283
5366 3119
5367 887
5368 1340
5369 918
5370 887
5371 887
5372 887
5373 937
5374 1884
5375 887
5376 2537
5377 2159
5378 889
5379 1030
5380 977
5381 889
5382 1820
5383 889
5384 1128
5385 3075
5386 892
5387 2733
5388 3187
5389 2714
5390 3219
5391 894
5392 894
5393 1880
5394 894
5395 894
5396 894
5397 1523
5398 894
5399 1002
5400 895
5401 895
5402 895
5403 3283
5404 897
5405 898
5406 898
5407 1977
5408 899
5409 899
5410 899
5411 899
5412 899
5413 1655
5414 2125
5415 2688
5416 1153
5417 3148
5418 1598
5419 908
5420 2785
5421 2251
5422 908
5423 1636
5424 2698
5425 908
5426 908
5427 1031
5428 908
5429 908
5430 1448
5431 1105
5432 911
5433 1639
5434 2265
5435 913
5436 914
5437 916
5438 1546
5439 2132
5440 926
5441 928
5442 2981
5443 2775
5444 932
5445 1473
5446 2350
5447 1933
5448 3096
5449 1270
5450 936
5451 1137
5452 937
5453 2210
5454 1488
5455 1014
5456 3103
5457 944
5458 946
5459 946
5460 1257
5461 947
5462 947
5463 2680
5464 947
5465 949
5466 949
5467 949
5468 951
5469 2538
5470 951
5471 951
5472 1116
5473 952
5474 952
5475 953
5476 954
5477 954
5478 954
5479 1306
5480 957
5481 958
5482 958
5483 1818
5484 958
5485 962
5486 962
5487 962
5488 1710
5489 1633
5490 964
5491 964
5492 1603
5493 1425
5494 3231
5495 965
5496 965
5497 965
5498 1308
5499 1941
5500 965
5501 1394
5502 965
5503 965
5504 1106
5505 965
5506 965
5507 965
5508 1772
5509 965
5510 965
5511 1779
5512 965
5513 965
5514 1209
5515 965
5516 1447
5517 1365
5518 965
5519 965
5520 965
5521 2203
5522 965
5523 1813
5524 966
5525 966
5526 970
5527 1182
5528 1129
5529 973
5530 973
5531 974
5532 3294
5533 2548
5534 980
5535 1852
5536 980
5537 981
5538 982
5539 982
5540 1241
5541 982
5542 982
5543 982
5544 982
5545 1843
5546 984
5547 984
5548 2855
5549 3366
5550 1342
5551 988
5552 990
5553 2013
5554 1840
5555 2121
5556 991
5557 2621
5558 991
5559 2119
5560 1329
5561 1283
5562 1017
5563 992
5564 993
5565 1101
5566 3121
5567 995
5568 995
5569 996
5570 3311
5571 1711
5572 1674
5573 1326
5574 1000
5575 1000
5576 3220
5577 1000
5578 1000
5579 1823
5580 1000
5581 1421
5582 1000
5583 2881
5584 1001
5585 1223
5586 1004
5587 1212
5588 1011
5589 1015
5590 2496
5591 1015
5592 1015
5593 3130
5594 2052
5595 1015
5596 1015
5597 1088
5598 1631
5599 1019
5600 1019
5601 1019
5602 1019
5603 1019
5604 1020
5605 1020
5606 1248
5607 1020
5608 1020
5609 1893
5610 1020
5611 1020
5612 2392
5613 1972
5614 1024
5615 1025
5616 1224
5617 1025
5618 3110
5619 1025
5620 1025
5621 2569
5622 1027
5623 1732
5624 1032
5625 1032
5626 1032
5627 1032
5628 2765
5629 1034
5630 1379
5631 1034
5632 1035
5633 1255
5634 1131
5635 1042
5636 3394
5637 1043
5638 1044
5639 2163
5640 1045
5641 1045
5642 1045
5643 1045
5644 1455
5645 1045
5646 1418
5647 1050
5648 1050
5649 1701
5650 2190
5651 2364
5652 1050
5653 1050
5654 1050
5655 1050
5656 1050
5657 1623
5658 1051
5659 2913
5660 1705
5661 1051
5662 1051
5663 1052
5664 1052
5665 2596
5666 1086
5667 1569
5668 1054
5669 2604
5670 1660
5671 1054
5672 1055
5673 1056
5674 1056
5675 2740
5676 1057
5677 2318
5678 2508
5679 1057
5680 2526
5681 1486
5682 1057
5683 1057
5684 2708
5685 1058
5686 1059
5687 1061
5688 1428
5689 2478
5690 1065
5691 1065
5692 1065
5693 1069
5694 2130
5695 1072
5696 3111
5697 1073
5698 1074
5699 2108
5700 2219
5701 1075
5702 1076
5703 1076
5704 1076
5705 1387
5706 2995
5707 1076
5708 2759
5709 1076
5710 1783
5711 1184
5712 1076
5713 1076
5714 1077
5715 1338
5716 1082
5717 2979
5718 1082
5719 1082
5720 1082
5721 1082
5722 1082
5723 1082
5724 2956
5725 1082
5726 1154
5727 1082
5728 1887
5729 1944
5730 1085
5731 1085
5732 1085
5733 1087
5734 1088
5735 2371
5736 1089
5737 1661
5738 1090
5739 2267
5740 2703
5741 1098
5742 1099
5743 1099
5744 1099
5745 1103
5746 1104
5747 2348
5748 3005
5749 3295
5750 2179
5751 1107
5752 2155
5753 1531
5754 1668
5755 1107
5756 1107
5757 1108
5758 1109
5759 1936
5760 1109
5761 1401
5762 1238
5763 2691
5764 1109
5765 1109
5766 1112
5767 1529
5768 1114
5769 1717
5770 1119
5771 1119
5772 2154
5773 2051
5774 1980
5775 1948
5776 1677
5777 1758
5778 1129
5779 1130
5780 3357
5781 1132
5782 1415
5783 1133
5784 1268
5785 3115
5786 2124
5787 1137
5788 2140
5789 1138
5790 2876
5791 1138
5792 1139
5793 2160
5794 1140
5795 1141
5796 1275
5797 1141
5798 3114
5799 1141
5800 2807
5801 1143
5802 1144
5803 1144
5804 1145
5805 1831
5806 2858
5807 2164
5808 1507
5809 1150
5810 1156
5811 2253
5812 1235
5813 1156
5814 3126
5815 1156
5816 1156
5817 2666
5818 2840
5819 1157
5820 1830
5821 1157
5822 1157
5823 2504
5824 2802
5825 1157
5826 1157
5827 1158
5828 1159
5829 1160
5830 1671
5831 1162
5832 1162
5833 1163
5834 1164
5835 1314
5836 1169
5837 1917
5838 1171
5839 1172
5840 1173
5841 1173
5842 2889
5843 2947
5844 3280
5845 2193
5846 2926
5847 1179
5848 1180
5849 1180
5850 1184
5851 2462
5852 1287
5853 1187
5854 1190
5855 3327
5856 1191
5857 1191
5858 1955
5859 1191
5860 1191
5861 1191
5862 1193
5863 1193
5864 1193
5865 1193
5866 1193
5867 1196
5868 1197
5869 3147
5870 1670
5871 2663
5872 2323
5873 1197
5874 1197
5875 1344
5876 1389
5877 1197
5878 1463
5879 1201
5880 2246
5881 1201
5882 1835
5883 1201
5884 1201
5885 3303
5886 1971
5887 1201
5888 2873
5889 2363
5890 1201
5891 1679
5892 1201
5893 1201
5894 1201
5895 3262
5896 2593
5897 1201
5898 3222
5899 2975
5900 1464
5901 1207
5902 1209
5903 1209
5904 3132
5905 1213
5906 2396
5907 2716
5908 1213
5909 1215
5910 2816
5911 1215
5912 1215
5913 1217
5914 1219
5915 1222
5916 1693
5917 1223
5918 1657
5919 1315
5920 1978
5921 1298
5922 1879
5923 1227
5924 3202
5925 1227
5926 1227
5927 1231
5928 1920
5929 1278
5930 2801
5931 3210
5932 1241
5933 1392
5934 1241
5935 3201
5936 2864
5937 1241
5938 1498
5939 1241
5940 2587
5941 1241
5942 1900
5943 1241
5944 1241
5945 1241
5946 1241
5947 2333
5948 1241
5949 1241
5950 1241
5951 1241
5952 1243
5953 1949
5954 1249
5955 2654
5956 1249
5957 2322
5958 1249
5959 1249
5960 1249
5961 3233
5962 2814
5963 3031
5964 1253
5965 1413
5966 3393
5967 1257
5968 3029
5969 1258
5970 1258
5971 1328
5972 1258
5973 2528
5974 1261
5975 2262
5976 1262
5977 1262
5978 1263
5979 1265
5980 2221
5981 3168
5982 2264
5983 1271
5984 1271
5985 3011
5986 1272
5987 1273
5988 2197
5989 2820
5990 2088
5991 1580
5992 1276
5993 3349
5994 1278
5995 1280
5996 2174
5997 1282
5998 1282
5999 1283
6000 3163
6001 1284
6002 2168
6003 2286
6004 1286
6005 3213
6006 1287
6007 1916
6008 2694
6009 2409
6010 1287
6011 2296
6012 2034
6013 1287
6014 2594
6015 1890
6016 2001
6017 1616
6018 1292
6019 1292
6020 1292
6021 1292
6022 1292
6023 2367
6024 1292
6025 1966
6026 1292
6027 1937
6028 1295
6029 2495
6030 1698
6031 3221
6032 1299
6033 1299
6034 1536
6035 1300
6036 3095
6037 1303
6038 1434
6039 1306
6040 1308
6041 1308
6042 1308
6043 1308
6044 2562
6045 1312
6046 1312
6047 1314
6048 2509
6049 1315
6050 3304
6051 1316
6052 1316
6053 3024
6054 2416
6055 2588
6056 2599
6057 1316
6058 3046
6059 1316
6060 1316
6061 1317
6062 1318
6063 1322
6064 2110
6065 1326
6066 1993
6067 1329
6068 1330
6069 1331
6070 1504
6071 3287
6072 1332
6073 1334
6074 1334
6075 2250
6076 1334
6077 1334
6078 1334
6079 1634
6080 1347
6081 1349
6082 1355
6083 2284
6084 1443
6085 1360
6086 1362
6087 2457
6088 1363
6089 1365
6090 1365
6091 1365
6092 1365
6093 1365
6094 1366
6095 1366
6096 3027
6097 1472
6098 3052
6099 1449
6100 1372
6101 2685
6102 3253
6103 1373
6104 2099
6105 1373
6106 1373
6107 2148
6108 1373
6109 1373
6110 1373
6111 1373
6112 1373
6113 1380
6114 1380
6115 1380
6116 2773
6117 1384
6118 2037
6119 1384
6120 2746
6121 1384
6122 1384
6123 2207
6124 1384
6125 1384
6126 2902
6127 1384
6128 1384
6129 1385
6130 1557
6131 2431
6132 1386
6133 1386
6134 1602
6135 1386
6136 1386
6137 1762
6138 1386
6139 2617
6140 1386
6141 2222
6142 1410
6143 2737
6144 1641
6145 1819
6146 2595
6147 2941
6148 1390
6149 1913
6150 1390
6151 2823
6152 2966
6153 1508
6154 1390
6155 1390
6156 1390
6157 1390
6158 1390
6159 2633
6160 2230
6161 3288
6162 1450
6163 1396
6164 1397
6165 2977
6166 3070
6167 1397
6168 1397
6169 1723
6170 1397
6171 1397
6172 1397
6173 1397
6174 1397
6175 1872
6176 3279
6177 2856
6178 1794
6179 1397
6180 1398
6181 1398
6182 2094
6183 3263
6184 1400
6185 1400
6186 1400
6187 1834
6188 2269
6189 1402
6190 1402
6191 2056
6192 1585
6193 1405
6194 1665
6195 1405
6196 1405
6197 1405
6198 1405
6199 3109
6200 1406
6201 1584
6202 1409
6203 1808
6204 1409
6205 1409
6206 1409
6207 1409
6208 2999
6209 1409
6210 1409
6211 1411
6212 1411
6213 1423
6214 1423
6215 1558
6216 1423
6217 2370
6218 1423
6219 1423
6220 1426
6221 1426
6222 2865
6223 1432
6224 1436
6225 1870
6226 1438
6227 2829
6228 1453
6229 1439
6230 1439
6231 3272
6232 1439
6233 1439
6234 1439
6235 1439
6236 1439
6237 2256
6238 3162
6239 1968
6240 1439
6241 1441
6242 1440
6243 1567
6244 1441
6245 1444
6246 2026
6247 1446
6248 1446
6249 1446
6250 2400
6251 1801
6252 1446
6253 1997
6254 1446
6255 1450
6256 2606
6257 3050
6258 2932
6259 2215
6260 1454
6261 2638
6262 1454
6263 1455
6264 1455
6265 1455
6266 1455
6267 1457
6268 1457
6269 1457
6270 1457
6271 2728
6272 1457
6273 2711
6274 1457
6275 1457
6276 1457
6277 2987
6278 1457
6279 1459
6280 1461
6281 1461
6282 1462
6283 3241
6284 2137
6285 1472
6286 2139
6287 1473
6288 3260
6289 1475
6290 2719
6291 3325
6292 1476
6293 1479
6294 1480
6295 1482
6296 1483
6297 1483
6298 2790
6299 2762
6300 1485
6301 1486
6302 1486
6303 1489
6304 2983
6305 1489
6306 1489
6307 1489
6308 2486
6309 1489
6310 1489
6311 1490
6312 2107
6313 1492
6314 1494
6315 1493
6316 1493
6317 1493
6318 1493
6319 1493
6320 1605
6321 2849
6322 1494
6323 3057
6324 1497
6325 1497
6326 2741
6327 1498
6328 1498
6329 1498
6330 2426
6331 1498
6332 1498
6333 1873
6334 1770
6335 3122
6336 1502
6337 1502
6338 1502
6339 3218
6340 1503
6341 1503
6342 1503
6343 2754
6344 1503
6345 1506
6346 1507
6347 1508
6348 2117
6349 1734
6350 1511
6351 1739
6352 1511
6353 1512
6354 1512
6355 1512
6356 1512
6357 1512
6358 2157
6359 1512
6360 1513
6361 1513
6362 1513
6363 1516
6364 1517
6365 3378
6366 2357
6367 1521
6368 1521
6369 1521
6370 1521
6371 1521
6372 1521
6373 1522
6374 1522
6375 2395
6376 3264
6377 1522
6378 1522
6379 1522
6380 1522
6381 1522
6382 1522
6383 1522
6384 1522
6385 1522
6386 1522
6387 1522
6388 1621
6389 1522
6390 2827
6391 3160
6392 1522
6393 3355
6394 1522
6395 1651
6396 1523
6397 2575
6398 1525
6399 1525
6400 1527
6401 1534
6402 2378
6403 1534
6404 1535
6405 2473
6406 1535
6407 2028
6408 2011
6409 2841
6410 1535
6411 1535
6412 1535
6413 1535
6414 2384
6415 1538
6416 1541
6417 1541
6418 1541
6419 1541
6420 1541
6421 1744
6422 1541
6423 2062
6424 1541
6425 1541
6426 2810
6427 1619
6428 1546
6429 1546
6430 1546
6431 1546
6432 1546
6433 1546
6434 1546
6435 1548
6436 2388
6437 1549
6438 1551
6439 1551
6440 2690
6441 1555
6442 1555
6443 1557
6444 1557
6445 1560
6446 1560
6447 3377
6448 1560
6449 2112
6450 1562
6451 1564
6452 2523
6453 1565
6454 1565
6455 2874
6456 1566
6457 1570
6458 1571
6459 1573
6460 2241
6461 2492
6462 1575
6463 2402
6464 1577
6465 1577
6466 2683
6467 1578
6468 1578
6469 1578
6470 1579
6471 1579
6472 2695
6473 1579
6474 1580
6475 1581
6476 1766
6477 1581
6478 1581
6479 1581
6480 2723
6481 2910
6482 1757
6483 1583
6484 1583
6485 3092
6486 1584
6487 1585
6488 1716
6489 1587
6490 2549
6491 1587
6492 1587
6493 1587
6494 1593
6495 1939
6496 1596
6497 1596
6498 1596
6499 1596
6500 2525
6501 1596
6502 1596
6503 1811
6504 1596
6505 1596
6506 1844
6507 1596
6508 1596
6509 2430
6510 1706
6511 1865
6512 1596
6513 1856
6514 1599
6515 1599
6516 2792
6517 1599
6518 1599
6519 3009
6520 1600
6521 2704
6522 1600
6523 2429
6524 2047
6525 1604
6526 1604
6527 3390
6528 1606
6529 3135
6530 2834
6531 2079
6532 1795
6533 1804
6534 1617
6535 1617
6536 1617
6537 1617
6538 1621
6539 1621
6540 1621
6541 2845
6542 1621
6543 1623
6544 1623
6545 1626
6546 3004
6547 1631
6548 1631
6549 1631
6550 1636
6551 3224
6552 2239
6553 1816
6554 1640
6555 1640
6556 3234
6557 2676
6558 1640
6559 1640
6560 2659
6561 3268
6562 1644
6563 1644
6564 1645
6565 1645
6566 1652
6567 1652
6568 1652
6569 1652
6570 1652
6571 1929
6572 3077
6573 2883
6574 1652
6575 2964
6576 2623
6577 1653
6578 1654
6579 1654
6580 1906
6581 3165
6582 1657
6583 1662
6584 2778
6585 1664
6586 1664
6587 2411
6588 1667
6589 1667
6590 1667
6591 1667
6592 1669
6593 1669
6594 1669
6595 1669
6596 1778
6597 1838
6598 3140
6599 2763
6600 1672
6601 3101
6602 1726
6603 1675
6604 3055
6605 1846
6606 1827
6607 1679
6608 3137
6609 1679
6610 1679
6611 1679
6612 1679
6613 3343
6614 2517
6615 1679
6616 1682
6617 2620
6618 1685
6619 1860
6620 1688
6621 1688
6622 2839
6623 1691
6624 1691
6625 1691
6626 1691
6627 1691
6628 2394
6629 1693
6630 1697
6631 2919
6632 2709
6633 1703
6634 2859
6635 1704
6636 1704
6637 1704
6638 1704
6639 1704
6640 1704
6641 1704
6642 2745
6643 1704
6644 3152
6645 1704
6646 1704
6647 1704
6648 1704
6649 1704
6650 1704
6651 1704
6652 1704
6653 1704
6654 2073
6655 2844
6656 1704
6657 3061
6658 1704
6659 1704
6660 2068
6661 2603
6662 1704
6663 1704
6664 1704
6665 2271
6666 2362
6667 2872
6668 1704
6669 1704
6670 1704
6671 1704
6672 2167
6673 1704
6674 1704
6675 2847
6676 1704
6677 1704
6678 2564
6679 1704
6680 1704
6681 1706
6682 2626
6683 2320
6684 1707
6685 1707
6686 1708
6687 1711
6688 1711
6689 2170
6690 1713
6691 1713
6692 1713
6693 1713
6694 1809
6695 1714
6696 1714
6697 1714
6698 1714
6699 1714
6700 1714
6701 1716
6702 1716
6703 1716
6704 1716
6705 1716
6706 1716
6707 2147
6708 1716
6709 3244
6710 1716
6711 3044
6712 1716
6713 1716
6714 1800
6715 2083
6716 1718
6717 1718
6718 1719
6719 1719
6720 1719
6721 1719
6722 1719
6723 1719
6724 1719
6725 1810
6726 1719
6727 1719
6728 1719
6729 1719
6730 1719
6731 1719
6732 1720
6733 2149
6734 1904
6735 1719
6736 1719
6737 1719
6738 1792
6739 1719
6740 1719
6741 1719
6742 1719
6743 1719
6744 1719
6745 1723
6746 2260
6747 1725
6748 2018
6749 3216
6750 1878
6751 1915
6752 1726
6753 1726
6754 3104
6755 1726
6756 1726
6757 2067
6758 1726
6759 1726
6760 1726
6761 1726
6762 1726
6763 1726
6764 2545
6765 3297
6766 1726
6767 2031
6768 2419
6769 1828
6770 1726
6771 1726
6772 1726
6773 1726
6774 1727
6775 1727
6776 2611
6777 2791
6778 1802
6779 1730
6780 1992
6781 1730
6782 1730
6783 2601
6784 1730
6785 2893
6786 2819
6787 1730
6788 1730
6789 1730
6790 1733
6791 1733
6792 1733
6793 2533
6794 1736
6795 2450
6796 1736
6797 1736
6798 1736
6799 1736
6800 1736
6801 2452
6802 1736
6803 1736
6804 1736
6805 2209
6806 3098
6807 2630
6808 1740
6809 2373
6810 1998
6811 3025
6812 1740
6813 1740
6814 1741
6815 1742
6816 1742
6817 1742
6818 2202
6819 1742
6820 1742
6821 1742
6822 1747
6823 1747
6824 1747
6825 1753
6826 1755
6827 1755
6828 1755
6829 2705
6830 1755
6831 3200
6832 1755
6833 1755
6834 1757
6835 1758
6836 1759
6837 1759
6838 1760
6839 1760
6840 1760
6841 1942
6842 1762
6843 2918
6844 1762
6845 1762
6846 1763
6847 1764
6848 2657
6849 1765
6850 1770
6851 2074
6852 1770
6853 3000
6854 2351
6855 1770
6856 1775
6857 1775
6858 2146
6859 1776
6860 1776
6861 1776
6862 1776
6863 2044
6864 2673
6865 1779
6866 1781
6867 1782
6868 1783
6869 1783
6870 1783
6871 1783
6872 1783
6873 1783
6874 1783
6875 1783
6876 1783
6877 1783
6878 1783
6879 1783
6880 1783
6881 1783
6882 1783
6883 1783
6884 1783
6885 1783
6886 1783
6887 1784
6888 1784
6889 2699
6890 3284
6891 1785
6892 2738
6893 2753
6894 1786
6895 1786
6896 1790
6897 1790
6898 1790
6899 1791
6900 1792
6901 2934
6902 2316
6903 2848
6904 1798
6905 1798
6906 3071
6907 3243
6908 1803
6909 1805
6910 2418
6911 2675
6912 1809
6913 1809
6914 2368
6915 1809
6916 1809
6917 1809
6918 1809
6919 1810
6920 1810
6921 2254
6922 1810
6923 1810
6924 3040
6925 1810
6926 3124
6927 1810
6928 2410
6929 2996
6930 3371
6931 1810
6932 1810
6933 1810
6934 1810
6935 2591
6936 2466
6937 1810
6938 1810
6939 1810
6940 1810
6941 1810
6942 1810
6943 2198
6944 1810
6945 1810
6946 1810
6947 3364
6948 1811
6949 2978
6950 2194
6951 1816
6952 2712
6953 1818
6954 1819
6955 1821
6956 1822
6957 1822
6958 1824
6959 1824
6960 1824
6961 1824
6962 2645
6963 1826
6964 1829
6965 1830
6966 1830
6967 2182
6968 3001
6969 1830
6970 2049
6971 2997
6972 2259
6973 1832
6974 1832
6975 1832
6976 3076
6977 1832
6978 1832
6979 1832
6980 1832
6981 1832
6982 1832
6983 1832
6984 1842
6985 1833
6986 1835
6987 1835
6988 2391
6989 1836
6990 1836
6991 1836
6992 1836
6993 1836
6994 1836
6995 1836
6996 1836
6997 2916
6998 2892
6999 1836
7000 1836
7001 1836
7002 1836
7003 1837
7004 2951
7005 1837
7006 1840
7007 1840
7008 1841
7009 1841
7010 1841
7011 1842
7012 3265
7013 1847
7014 1849
7015 1852
7016 2846
7017 1854
7018 1856
7019 1856
7020 1856
7021 1856
7022 1856
7023 1856
7024 1856
7025 1856
7026 1856
7027 1858
7028 3107
7029 1860
7030 1861
7031 2261
7032 1861
7033 2808
7034 1862
7035 1862
7036 1864
7037 1864
7038 2309
7039 1866
7040 1867
7041 1867
7042 1867
7043 1867
7044 3332
7045 1867
7046 1867
7047 1867
7048 2921
7049 1867
7050 1867
7051 2817
7052 3166
7053 3030
7054 1871
7055 2212
7056 1873
7057 1873
7058 1985
7059 2399
7060 1874
7061 1875
7062 1876
7063 1877
7064 1877
7065 1877
7066 1878
7067 1878
7068 1879
7069 1879
7070 1879
7071 1882
7072 1882
7073 1882
7074 1882
7075 2123
7076 1884
7077 1884
7078 2895
7079 1885
7080 1885
7081 1885
7082 1975
7083 1886
7084 1886
7085 1886
7086 1886
7087 1886
7088 1886
7089 1886
7090 1886
7091 1886
7092 1886
7093 2649
7094 1887
7095 2780
7096 1887
7097 1887
7098 1887
7099 1887
7100 1887
7101 1887
7102 3273
7103 1887
7104 1887
7105 1887
7106 1887
7107 1887
7108 3138
7109 1887
7110 1887
7111 1887
7112 1887
7113 2451
7114 1887
7115 1888
7116 2383
7117 2524
7118 2405
7119 1888
7120 1890
7121 1890
7122 1892
7123 1892
7124 1893
7125 1895
7126 1895
7127 1895
7128 2629
7129 1900
7130 1900
7131 1900
7132 1900
7133 1900
7134 1900
7135 2515
7136 1900
7137 2586
7138 1900
7139 1900
7140 1900
7141 1900
7142 1900
7143 1900
7144 1901
7145 1902
7146 1904
7147 3064
7148 1904
7149 1904
7150 1904
7151 1904
7152 1904
7153 1904
7154 1904
7155 2106
7156 1904
7157 1904
7158 1904
7159 1904
7160 1904
7161 1927
7162 1904
7163 1904
7164 1904
7165 1905
7166 1905
7167 1956
7168 2697
7169 1908
7170 1909
7171 1909
7172 1909
7173 2531
7174 2664
7175 3254
7176 2619
7177 1917
7178 1922
7179 3266
7180 2787
7181 1924
7182 1924
7183 1924
7184 1924
7185 1924
7186 1924
7187 1924
7188 1924
7189 2311
7190 1924
7191 1938
7192 3102
7193 1924
7194 1924
7195 1925
7196 1926
7197 1926
7198 1926
7199 3067
7200 1927
7201 2385
7202 1929
7203 1930
7204 1931
7205 1979
7206 1933
7207 1933
7208 1933
7209 1933
7210 1933
7211 1933
7212 1933
7213 1933
7214 2516
7215 1934
7216 1934
7217 1934
7218 1943
7219 1943
7220 1943
7221 1947
7222 1951
7223 2041
7224 1951
7225 1951
7226 1951
7227 2798
7228 2651
7229 1951
7230 2105
7231 1951
7232 1951
7233 2970
7234 2135
7235 1956
7236 1957
7237 1957
7238 1957
7239 2152
7240 1958
7241 2948
7242 1958
7243 1958
7244 2242
7245 1958
7246 1958
7247 1958
7248 1958
7249 1958
7250 2294
7251 2602
7252 1958
7253 1958
7254 1958
7255 1958
7256 1958
7257 1958
7258 1958
7259 1958
7260 1958
7261 1958
7262 3143
7263 1960
7264 1960
7265 1960
7266 1960
7267 2707
7268 1960
7269 1960
7270 2552
7271 1960
7272 1960
7273 1960
7274 3339
7275 1960
7276 2570
7277 1960
7278 1960
7279 1960
7280 1960
7281 1960
7282 1960
7283 1960
7284 1960
7285 1960
7286 1963
7287 1963
7288 1963
7289 1963
7290 3151
7291 1963
7292 3094
7293 1964
7294 1967
7295 2095
7296 1967
7297 1968
7298 1970
7299 1970
7300 1970
7301 1970
7302 1970
7303 1970
7304 1970
7305 2771
7306 1970
7307 1970
7308 3069
7309 1970
7310 2725
7311 1970
7312 1974
7313 1978
7314 2726
7315 1978
7316 1979
7317 1979
7318 2015
7319 1980
7320 1981
7321 1982
7322 2869
7323 3225
7324 3003
7325 1984
7326 1984
7327 2014
7328 1986
7329 1986
7330 3073
7331 1987
7332 1987
7333 2042
7334 1987
7335 1987
7336 3112
7337 1992
7338 2228
7339 1994
7340 2743
7341 1995
7342 1995
7343 2063
7344 3146
7345 3195
7346 2004
7347 2004
7348 2006
7349 2006
7350 2006
7351 2006
7352 2006
7353 2006
7354 2006
7355 2006
7356 2007
7357 3039
7358 2007
7359 2009
7360 3281
7361 2009
7362 2642
7363 2009
7364 2009
7365 2009
7366 2176
7367 2009
7368 2009
7369 2009
7370 2618
7371 2009
7372 2009
7373 2010
7374 2011
7375 2011
7376 2013
7377 2019
7378 2019
7379 2020
7380 2020
7381 2020
7382 2542
7383 3170
7384 2020
7385 2797
7386 2024
7387 2024
7388 2024
7389 2401
7390 2024
7391 2229
7392 2458
7393 2026
7394 2032
7395 2032
7396 2032
7397 2033
7398 2033
7399 2142
7400 2034
7401 2034
7402 2034
7403 2034
7404 2034
7405 2034
7406 2035
7407 2035
7408 2784
7409 3309
7410 2035
7411 2036
7412 2036
7413 2036
7414 2036
7415 2036
7416 2036
7417 2036
7418 2036
7419 2036
7420 3291
7421 2036
7422 2036
7423 2036
7424 2036
7425 3384
7426 2036
7427 2036
7428 2036
7429 2036
7430 2037
7431 2038
7432 2041
7433 2041
7434 2041
7435 2730
7436 2043
7437 2529
7438 3382
7439 2313
7440 2047
7441 2047
7442 2047
7443 2047
7444 2047
7445 2047
7446 2047
7447 2047
7448 2423
7449 2047
7450 2047
7451 2050
7452 2050
7453 2227
7454 2057
7455 2059
7456 2059
7457 2751
7458 3310
7459 2059
7460 2059
7461 2059
7462 2761
7463 2059
7464 2059
7465 2060
7466 2060
7467 2061
7468 2061
7469 2061
7470 2061
7471 2328
7472 2412
7473 3177
7474 2062
7475 2062
7476 2063
7477 3386
7478 3336
7479 2069
7480 2069
7481 2905
7482 2069
7483 2444
7484 2072
7485 2072
7486 2072
7487 2073
7488 2073
7489 2074
7490 2403
7491 2075
7492 2622
7493 2076
7494 2280
7495 2076
7496 3206
7497 2076
7498 2077
7499 2882
7500 2166
7501 2078
7502 2474
7503 2078
7504 2081
7505 2082
7506 2425
7507 2084
7508 2084
7509 2472
7510 2086
7511 2086
7512 2086
7513 2086
7514 2086
7515 2186
7516 2086
7517 2086
7518 2086
7519 2796
7520 2086
7521 2086
7522 2086
7523 2086
7524 2268
7525 2092
7526 2093
7527 2094
7528 2095
7529 2095
7530 2097
7531 2339
7532 2098
7533 2098
7534 2100
7535 2188
7536 2102
7537 2102
7538 2102
7539 2103
7540 2104
7541 2105
7542 2105
7543 2106
7544 2107
7545 2592
7546 2812
7547 2111
7548 2111
7549 2112
7550 2112
7551 2117
7552 2117
7553 2487
7554 2117
7555 2118
7556 2120
7557 2120
7558 2124
7559 2124
7560 2854
7561 2124
7562 2124
7563 2125
7564 2125
7565 2126
7566 2128
7567 2128
7568 2984
7569 2129
7570 2757
7571 2129
7572 3387
7573 2129
7574 2129
7575 2129
7576 2129
7577 2129
7578 3256
7579 2129
7580 2129
7581 2129
7582 2129
7583 2129
7584 2129
7585 2298
7586 2129
7587 2129
7588 2130
7589 2130
7590 2598
7591 2131
7592 2131
7593 2132
7594 2701
7595 2289
7596 2133
7597 2877
7598 2133
7599 2133
7600 2133
7601 2133
7602 2183
7603 2133
7604 2133
7605 2133
7606 2133
7607 2133
7608 2133
7609 2959
7610 2133
7611 2133
7612 2133
7613 2133
7614 2133
7615 2133
7616 2133
7617 2133
7618 2133
7619 2133
7620 2134
7621 2731
7622 2134
7623 2134
7624 2573
7625 2134
7626 2134
7627 2134
7628 2134
7629 2134
7630 2134
7631 2134
7632 3245
7633 2134
7634 2589
7635 2134
7636 2134
7637 2884
7638 2134
7639 2134
7640 2135
7641 2135
7642 2135
7643 2824
7644 2135
7645 2135
7646 2505
7647 2136
7648 2136
7649 2136
7650 2136
7651 2136
7652 2136
7653 2136
7654 2136
7655 3205
7656 2136
7657 2958
7658 2136
7659 2275
7660 2136
7661 2136
7662 2180
7663 2136
7664 2136
7665 2136
7666 2136
7667 2136
7668 2136
7669 2136
7670 2136
7671 2136
7672 2136
7673 2136
7674 2136
7675 2136
7676 2136
7677 2860
7678 2136
7679 2136
7680 2136
7681 2541
7682 2514
7683 2136
7684 2136
7685 2136
7686 2136
7687 2136
7688 2136
7689 2136
7690 2136
7691 2136
7692 2136
7693 2136
7694 2137
7695 2137
7696 2137
7697 2137
7698 2137
7699 3334
7700 2137
7701 2137
7702 2137
7703 2909
7704 2137
7705 2137
7706 2137
7707 2137
7708 2137
7709 2137
7710 2137
7711 2137
7712 2467
7713 2137
7714 2137
7715 2137
7716 2137
7717 2137
7718 2684
7719 3058
7720 2137
7721 2137
7722 2137
7723 2137
7724 2274
7725 2139
7726 2139
7727 2139
7728 2381
7729 2146
7730 2147
7731 2151
7732 2152
7733 2152
7734 2815
7735 2157
7736 2157
7737 2498
7738 2744
7739 2721
7740 2161
7741 2161
7742 2161
7743 2162
7744 2216
7745 2162
7746 2162
7747 2162
7748 2567
7749 2166
7750 3060
7751 2167
7752 2167
7753 3278
7754 2167
7755 2171
7756 2366
7757 2173
7758 2890
7759 2174
7760 2174
7761 2307
7762 2175
7763 2176
7764 2176
7765 2177
7766 2177
7767 2177
7768 2177
7769 3269
7770 2178
7771 2178
7772 2178
7773 2735
7774 2655
7775 2178
7776 2178
7777 2178
7778 2178
7779 2178
7780 2178
7781 2178
7782 2178
7783 2178
7784 2179
7785 2179
7786 2182
7787 2183
7788 2183
7789 2183
7790 2183
7791 2777
7792 2183
7793 2183
7794 2183
7795 2183
7796 2972
7797 2183
7798 2183
7799 2183
7800 2390
7801 3033
7802 2183
7803 2183
7804 2184
7805 2184
7806 2184
7807 2184
7808 2187
7809 2736
7810 2187
7811 2187
7812 2187
7813 3015
7814 2189
7815 2189
7816 2190
7817 2190
7818 2190
7819 2803
7820 2590
7821 2190
7822 2190
7823 2375
7824 2553
7825 2190
7826 2192
7827 2192
7828 2192
7829 2198
7830 2198
7831 2198
7832 2198
7833 2455
7834 2199
7835 2200
7836 2202
7837 2203
7838 2204
7839 2324
7840 2206
7841 2208
7842 2208
7843 2208
7844 3010
7845 2710
7846 2558
7847 2213
7848 2213
7849 2213
7850 2213
7851 2213
7852 2213
7853 2213
7854 2213
7855 2213
7856 2213
7857 2213
7858 3215
7859 2213
7860 2213
7861 2213
7862 2213
7863 2213
7864 2213
7865 2213
7866 2861
7867 2214
7868 2216
7869 2216
7870 2420
7871 2216
7872 2217
7873 2220
7874 2220
7875 2220
7876 2220
7877 2227
7878 2228
7879 2228
7880 2231
7881 2445
7882 3348
7883 2609
7884 2231
7885 2233
7886 2969
7887 2233
7888 2866
7889 2326
7890 3013
7891 2782
7892 2237
7893 2237
7894 2237
7895 2238
7896 2242
7897 2243
7898 2243
7899 2243
7900 2243
7901 2245
7902 2245
7903 2245
7904 2245
7905 2245
7906 2245
7907 2245
7908 2897
7909 3328
7910 2464
7911 2245
7912 2245
7913 2245
7914 2245
7915 2245
7916 2246
7917 2247
7918 2279
7919 2251
7920 2251
7921 2253
7922 2253
7923 2253
7924 2254
7925 2254
7926 2256
7927 2259
7928 2259
7929 2259
7930 2259
7931 2259
7932 2259
7933 2259
7934 2259
7935 2432
7936 2259
7937 2259
7938 2259
7939 2259
7940 3078
7941 3326
7942 2260
7943 2260
7944 2262
7945 2262
7946 2262
7947 2262
7948 2574
7949 2262
7950 2262
7951 2264
7952 2489
7953 2582
7954 2270
7955 2270
7956 2857
7957 2272
7958 2272
7959 2272
7960 2272
7961 2272
7962 2272
7963 2272
7964 2272
7965 2272
7966 2272
7967 2272
7968 2585
7969 2272
7970 2272
7971 2272
7972 2272
7973 2272
7974 2272
7975 2272
7976 2540
7977 2653
7978 2347
7979 2273
7980 2382
7981 2273
7982 2273
7983 2273
7984 2275
7985 2282
7986 2280
7987 2280
7988 2280
7989 2312
7990 2280
7991 2280
7992 2280
7993 2280
7994 2280
7995 2280
7996 2280
7997 2280
7998 2280
7999 2280
8000 2535
8001 2281
8002 2282
8003 2284
8004 2285
8005 2285
8006 2285
8007 2285
8008 2285
8009 2285
8010 2285
8011 2286
8012 2286
8013 2286
8014 2286
8015 2287
8016 2287
8017 2287
8018 2287
8019 2287
8020 2287
8021 2287
8022 2287
8023 2288
8024 2294
8025 2295
8026 2298
8027 2581
8028 2299
8029 2299
8030 2299
8031 2299
8032 2302
8033 2304
8034 2304
8035 2305
8036 2461
8037 2338
8038 2307
8039 2307
8040 2307
8041 2488
8042 2307
8043 2307
8044 2955
8045 2307
8046 2307
8047 2308
8048 2579
8049 2311
8050 2311
8051 2312
8052 2831
8053 2991
8054 2312
8055 2850
8056 2312
8057 2312
8058 2994
8059 2312
8060 2314
8061 2314
8062 2314
8063 2314
8064 2315
8065 2315
8066 2315
8067 2315
8068 2316
8069 2316
8070 2360
8071 2318
8072 2641
8073 2318
8074 2318
8075 2318
8076 2318
8077 2318
8078 2318
8079 2318
8080 2319
8081 2319
8082 2319
8083 2321
8084 2322
8085 2322
8086 2322
8087 2322
8088 2322
8089 2322
8090 2990
8091 2322
8092 2799
8093 2325
8094 2337
8095 2326
8096 2769
8097 2330
8098 2330
8099 2331
8100 2331
8101 2332
8102 2332
8103 2335
8104 2475
8105 2335
8106 2335
8107 2337
8108 2616
8109 2337
8110 2339
8111 2520
8112 2343
8113 2344
8114 2344
8115 2344
8116 2345
8117 2349
8118 2349
8119 2949
8120 2349
8121 2349
8122 2835
8123 2350
8124 2351
8125 2351
8126 2353
8127 2354
8128 2354
8129 2354
8130 2354
8131 2354
8132 2357
8133 2359
8134 2362
8135 2362
8136 2362
8137 2362
8138 2362
8139 2363
8140 2364
8141 2364
8142 2367
8143 2369
8144 2369
8145 2565
8146 2369
8147 2370
8148 2887
8149 2371
8150 2373
8151 3277
8152 2374
8153 2376
8154 2376
8155 2376
8156 2376
8157 2377
8158 2377
8159 2377
8160 2377
8161 2377
8162 2377
8163 2377
8164 2377
8165 2377
8166 2377
8167 2963
8168 2377
8169 2379
8170 3380
8171 2379
8172 2379
8173 2379
8174 2380
8175 2380
8176 2381
8177 2381
8178 2381
8179 2381
8180 2982
8181 2644
8182 2388
8183 2388
8184 2390
8185 2390
8186 2390
8187 2390
8188 2390
8189 2390
8190 2900
8191 2391
8192 3176
8193 2627
8194 2391
8195 2391
8196 2894
8197 2391
8198 2391
8199 3145
8200 2667
8201 2396
8202 2396
8203 2396
8204 2397
8205 2398
8206 2398
8207 2399
8208 2400
8209 2401
8210 2402
8211 2402
8212 2402
8213 2403
8214 2403
8215 2405
8216 2405
8217 2405
8218 2407
8219 2409
8220 2412
8221 2413
8222 2417
8223 2417
8224 2417
8225 2417
8226 2417
8227 2417
8228 2417
8229 2417
8230 2417
8231 2417
8232 2417
8233 2419
8234 2419
8235 2662
8236 2419
8237 2422
8238 2739
8239 3395
8240 2430
8241 2430
8242 2430
8243 2433
8244 2433
8245 2433
8246 2437
8247 2437
8248 2437
8249 3117
8250 2440
8251 2925
8252 2440
8253 2465
8254 2443
8255 2443
8256 2443
8257 2444
8258 2444
8259 2444
8260 2446
8261 2452
8262 2454
8263 2454
8264 2454
8265 2457
8266 2459
8267 2459
8268 2460
8269 2460
8270 2460
8271 2463
8272 2463
8273 2463
8274 2463
8275 2636
8276 2464
8277 2464
8278 2572
8279 2466
8280 2466
8281 2466
8282 2466
8283 2466
8284 2466
8285 2466
8286 3360
8287 3389
8288 2466
8289 2466
8290 2466
8291 2468
8292 2868
8293 2468
8294 2468
8295 2473
8296 2473
8297 2473
8298 2473
8299 2474
8300 3305
8301 2474
8302 2480
8303 2481
8304 2482
8305 2482
8306 2482
8307 2482
8308 2482
8309 2484
8310 2484
8311 3056
8312 2484
8313 3142
8314 2487
8315 2490
8316 2492
8317 2492
8318 2492
8319 2492
8320 2492
8321 2493
8322 2493
8323 2495
8324 2496
8325 2496
8326 2496
8327 2496
8328 2496
8329 2498
8330 2501
8331 2506
8332 2507
8333 2507
8334 2508
8335 2508
8336 2509
8337 2511
8338 2513
8339 2513
8340 2513
8341 3293
8342 2843
8343 2513
8344 2513
8345 2513
8346 3080
8347 2513
8348 2513
8349 2514
8350 2519
8351 2520
8352 2520
8353 2520
8354 2521
8355 2521
8356 3043
8357 2521
8358 2521
8359 2789
8360 2525
8361 2525
8362 2525
8363 2525
8364 2525
8365 2628
8366 2526
8367 2531
8368 2531
8369 2531
8370 2543
8371 2531
8372 2531
8373 2531
8374 2534
8375 2693
8376 2536
8377 2538
8378 2671
8379 2538
8380 2538
8381 2538
8382 2539
8383 2539
8384 2539
8385 2539
8386 2539
8387 2539
8388 3091
8389 2539
8390 2539
8391 2539
8392 2540
8393 2540
8394 2540
8395 2544
8396 2544
8397 2552
8398 2552
8399 3249
8400 2640
8401 3344
8402 2552
8403 2552
8404 2552
8405 2553
8406 2553
8407 2880
8408 2556
8409 2793
8410 2556
8411 2560
8412 3314
8413 2566
8414 3068
8415 2566
8416 2566
8417 2566
8418 3199
8419 2569
8420 2569
8421 2569
8422 2569
8423 2569
8424 2669
8425 2569
8426 2569
8427 2571
8428 2571
8429 2572
8430 2574
8431 2575
8432 2575
8433 2575
8434 2575
8435 2576
8436 2576
8437 2576
8438 2583
8439 2584
8440 2584
8441 2584
8442 2584
8443 2584
8444 3374
8445 2589
8446 2589
8447 2589
8448 2795
8449 2590
8450 2591
8451 2596
8452 2596
8453 2596
8454 2598
8455 2634
8456 2598
8457 2599
8458 2599
8459 2599
8460 2600
8461 2600
8462 2600
8463 2600
8464 2600
8465 2601
8466 2602
8467 2604
8468 2604
8469 2606
8470 2606
8471 2606
8472 2607
8473 2610
8474 2614
8475 2614
8476 2617
8477 2617
8478 2617
8479 2617
8480 2618
8481 2618
8482 2618
8483 2618
8484 2618
8485 2619
8486 2621
8487 2623
8488 2623
8489 2624
8490 2625
8491 2625
8492 2630
8493 2631
8494 2631
8495 2632
8496 2906
8497 2633
8498 2633
8499 2633
8500 2636
8501 2636
8502 2637
8503 3323
8504 2637
8505 2637
8506 3007
8507 2639
8508 2639
8509 2639
8510 2639
8511 2639
8512 2639
8513 2640
8514 2641
8515 2641
8516 2681
8517 2641
8518 2641
8519 2641
8520 2641
8521 2647
8522 2641
8523 2643
8524 2646
8525 2646
8526 2647
8527 2649
8528 2649
8529 2713
8530 2651
8531 2652
8532 2652
8533 2652
8534 2652
8535 2656
8536 2658
8537 2658
8538 2659
8539 2957
8540 2664
8541 2667
8542 2667
8543 3307
8544 3299
8545 2667
8546 2667
8547 2667
8548 2667
8549 2667
8550 2667
8551 2667
8552 2667
8553 2667
8554 2667
8555 3125
8556 2667
8557 2667
8558 2667
8559 2667
8560 2667
8561 2668
8562 2668
8563 2668
8564 2668
8565 2668
8566 2669
8567 2669
8568 2669
8569 2669
8570 2669
8571 2669
8572 2669
8573 2758
8574 2669
8575 2669
8576 2669
8577 2669
8578 2669
8579 2669
8580 2669
8581 2669
8582 2669
8583 2669
8584 2669
8585 2669
8586 2670
8587 2885
8588 2671
8589 2673
8590 2673
8591 2673
8592 2673
8593 2674
8594 3274
8595 2675
8596 3051
8597 2676
8598 2678
8599 2678
8600 2679
8601 2679
8602 3198
8603 2679
8604 2681
8605 2681
8606 2682
8607 2682
8608 3153
8609 2686
8610 2942
8611 2693
8612 2694
8613 2696
8614 2698
8615 2698
8616 2698
8617 2698
8618 2867
8619 2703
8620 3330
8621 2704
8622 2704
8623 2852
8624 2704
8625 2704
8626 2704
8627 2704
8628 2704
8629 2704
8630 2704
8631 2704
8632 2704
8633 2704
8634 2704
8635 2704
8636 2923
8637 2704
8638 2704
8639 2704
8640 2704
8641 2935
8642 2704
8643 2704
8644 2704
8645 2704
8646 2704
8647 3172
8648 2704
8649 2704
8650 2704
8651 2704
8652 2704
8653 3316
8654 2704
8655 2704
8656 2988
8657 2704
8658 2931
8659 2704
8660 2704
8661 2704
8662 2704
8663 2704
8664 2704
8665 2704
8666 2704
8667 2704
8668 2704
8669 2705
8670 2706
8671 2707
8672 2708
8673 2709
8674 2710
8675 2713
8676 2713
8677 2713
8678 2716
8679 2716
8680 2718
8681 2719
8682 2719
8683 2719
8684 2719
8685 2719
8686 2719
8687 2719
8688 2720
8689 2720
8690 2720
8691 2720
8692 2939
8693 2720
8694 2720
8695 2929
8696 2720
8697 2729
8698 2729
8699 2729
8700 2729
8701 2730
8702 2730
8703 2730
8704 2732
8705 3156
8706 3306
8707 2732
8708 2733
8709 3209
8710 2733
8711 2733
8712 2734
8713 3034
8714 2734
8715 2734
8716 2734
8717 2735
8718 2735
8719 2735
8720 2735
8721 2735
8722 2736
8723 2737
8724 2741
8725 2741
8726 2744
8727 2749
8728 2749
8729 2749
8730 2750
8731 2751
8732 2752
8733 3211
8734 2758
8735 2760
8736 2761
8737 2761
8738 2761
8739 2764
8740 2764
8741 2766
8742 3134
8743 2770
8744 2770
8745 2770
8746 2770
8747 2770
8748 2770
8749 2770
8750 2770
8751 2770
8752 2772
8753 2774
8754 2775
8755 2776
8756 2777
8757 2777
8758 2777
8759 3376
8760 2779
8761 2779
8762 2779
8763 2779
8764 2780
8765 2780
8766 2780
8767 2781
8768 2784
8769 2786
8770 2786
8771 2786
8772 2788
8773 2789
8774 2790
8775 2792
8776 2792
8777 2793
8778 2794
8779 2794
8780 2794
8781 2794
8782 2796
8783 2796
8784 2797
8785 2798
8786 2798
8787 2798
8788 2799
8789 2799
8790 2799
8791 2799
8792 2799
8793 2799
8794 2799
8795 2801
8796 2801
8797 2801
8798 2801
8799 2801
8800 2804
8801 2804
8802 2804
8803 2804
8804 2805
8805 2808
8806 2809
8807 2809
8808 2809
8809 2832
8810 2809
8811 2810
8812 2810
8813 2810
8814 2810
8815 2812
8816 2813
8817 2815
8818 2815
8819 3197
8820 3227
8821 2821
8822 2821
8823 2821
8824 2823
8825 2879
8826 2823
8827 2823
8828 2823
8829 2826
8830 2829
8831 2974
8832 2829
8833 2831
8834 2834
8835 3259
8836 2838
8837 2838
8838 2838
8839 2839
8840 3105
8841 2846
8842 2846
8843 2846
8844 2846
8845 2846
8846 2846
8847 2846
8848 3373
8849 2846
8850 2846
8851 2846
8852 2846
8853 2848
8854 2850
8855 2851
8856 2851
8857 2851
8858 2851
8859 2851
8860 2851
8861 2851
8862 2853
8863 2855
8864 2855
8865 2855
8866 2855
8867 2855
8868 2857
8869 2859
8870 2859
8871 2859
8872 2861
8873 2861
8874 3183
8875 2861
8876 2861
8877 2861
8878 3178
8879 2866
8880 2866
8881 2866
8882 2868
8883 2869
8884 2871
8885 2871
8886 2871
8887 3321
8888 2871
8889 2871
8890 2871
8891 2874
8892 2874
8893 3129
8894 2874
8895 2876
8896 2876
8897 2879
8898 2879
8899 2879
8900 2879
8901 2879
8902 2879
8903 3042
8904 2879
8905 2879
8906 2879
8907 2879
8908 2879
8909 2879
8910 2879
8911 2879
8912 2879
8913 2881
8914 2881
8915 2881
8916 2881
8917 2881
8918 2881
8919 2881
8920 2886
8921 2886
8922 3089
8923 2888
8924 3365
8925 2891
8926 2891
8927 2891
8928 2891
8929 2891
8930 2891
8931 2891
8932 2891
8933 2892
8934 2892
8935 2892
8936 2893
8937 2893
8938 2893
8939 2893
8940 2899
8941 2894
8942 2896
8943 2898
8944 2898
8945 2899
8946 2900
8947 2900
8948 2900
8949 2900
8950 2901
8951 2901
8952 2901
8953 2902
8954 2902
8955 2904
8956 2904
8957 3184
8958 2905
8959 3239
8960 2909
8961 2911
8962 2911
8963 2914
8964 2914
8965 2914
8966 2914
8967 3032
8968 2914
8969 2914
8970 2914
8971 2914
8972 2914
8973 2914
8974 2914
8975 2914
8976 2915
8977 2915
8978 2915
8979 2919
8980 2921
8981 2921
8982 2921
8983 2921
8984 3292
8985 2921
8986 2921
8987 2921
8988 2921
8989 2921
8990 2921
8991 2921
8992 2921
8993 2921
8994 2921
8995 2921
8996 2921
8997 2921
8998 2921
8999 2921
9000 2944
9001 2929
9002 2929
9003 3313
9004 2930
9005 2930
9006 2932
9007 2935
9008 2935
9009 2937
9010 2937
9011 2937
9012 2938
9013 2938
9014 2939
9015 2939
9016 2939
9017 2943
9018 2943
9019 2947
9020 2947
9021 2950
9022 2950
9023 2951
9024 2951
9025 2952
9026 2952
9027 2952
9028 2952
9029 2952
9030 2952
9031 2952
9032 2952
9033 2952
9034 2952
9035 2952
9036 2952
9037 2952
9038 2952
9039 3185
9040 2954
9041 2954
9042 2954
9043 2954
9044 2955
9045 2955
9046 2955
9047 2955
9048 2956
9049 2956
9050 2956
9051 2956
9052 2956
9053 2956
9054 2956
9055 2956
9056 2956
9057 2956
9058 2956
9059 2958
9060 2958
9061 2959
9062 2962
9063 2962
9064 2962
9065 2962
9066 2962
9067 2962
9068 2962
9069 2962
9070 2965
9071 2965
9072 2968
9073 2973
9074 2974
9075 2974
9076 2974
9077 2974
9078 2977
9079 2977
9080 2978
9081 2978
9082 2981
9083 2981
9084 2981
9085 2984
9086 2984
9087 2984
9088 2984
9089 2984
9090 2984
9091 2985
9092 2988
9093 2988
9094 2988
9095 2988
9096 2988
9097 2988
9098 2989
9099 2989
9100 2990
9101 2990
9102 2991
9103 2991
9104 2991
9105 2991
9106 2991
9107 2993
9108 2994
9109 2996
9110 2996
9111 2998
9112 3000
9113 3002
9114 3003
9115 3301
9116 3004
9117 3004
9118 3004
9119 3007
9120 3009
9121 3010
9122 3010
9123 3010
9124 3010
9125 3010
9126 3010
9127 3011
9128 3011
9129 3066
9130 3011
9131 3016
9132 3016
9133 3016
9134 3016
9135 3018
9136 3020
9137 3300
9138 3023
9139 3024
9140 3024
9141 3026
9142 3026
9143 3026
9144 3027
9145 3027
9146 3037
9147 3038
9148 3047
9149 3047
9150 3047
9151 3049
9152 3049
9153 3049
9154 3049
9155 3049
9156 3049
9157 3049
9158 3049
9159 3049
9160 3049
9161 3049
9162 3250
9163 3049
9164 3049
9165 3049
9166 3049
9167 3049
9168 3049
9169 3049
9170 3049
9171 3049
9172 3049
9173 3049
9174 3049
9175 3054
9176 3055
9177 3056
9178 3056
9179 3059
9180 3060
9181 3063
9182 3391
9183 3065
9184 3066
9185 3066
9186 3066
9187 3066
9188 3068
9189 3068
9190 3068
9191 3071
9192 3071
9193 3072
9194 3072
9195 3072
9196 3072
9197 3072
9198 3073
9199 3073
9200 3073
9201 3127
9202 3191
9203 3073
9204 3073
9205 3073
9206 3073
9207 3203
9208 3073
9209 3073
9210 3073
9211 3073
9212 3073
9213 3073
9214 3074
9215 3074
9216 3074
9217 3079
9218 3079
9219 3079
9220 3079
9221 3079
9222 3081
9223 3298
9224 3083
9225 3083
9226 3084
9227 3084
9228 3084
9229 3089
9230 3090
9231 3090
9232 3094
9233 3340
9234 3097
9235 3098
9236 3098
9237 3098
9238 3098
9239 3098
9240 3099
9241 3099
9242 3099
9243 3101
9244 3101
9245 3101
9246 3101
9247 3101
9248 3104
9249 3104
9250 3104
9251 3104
9252 3104
9253 3107
9254 3107
9255 3107
9256 3109
9257 3353
9258 3114
9259 3115
9260 3115
9261 3116
9262 3116
9263 3207
9264 3116
9265 3116
9266 3116
9267 3119
9268 3119
9269 3119
9270 3119
9271 3119
9272 3119
9273 3119
9274 3119
9275 3119
9276 3119
9277 3119
9278 3212
9279 3119
9280 3119
9281 3119
9282 3354
9283 3119
9284 3119
9285 3119
9286 3119
9287 3119
9288 3119
9289 3119
9290 3119
9291 3119
9292 3119
9293 3119
9294 3119
9295 3350
9296 3119
9297 3119
9298 3119
9299 3119
9300 3119
9301 3119
9302 3119
9303 3119
9304 3119
9305 3119
9306 3119
9307 3119
9308 3119
9309 3119
9310 3119
9311 3119
9312 3119
9313 3119
9314 3119
9315 3119
9316 3119
9317 3119
9318 3119
9319 3119
9320 3119
9321 3119
9322 3119
9323 3119
9324 3119
9325 3119
9326 3119
9327 3119
9328 3119
9329 3119
9330 3119
9331 3119
9332 3119
9333 3119
9334 3119
9335 3119
9336 3119
9337 3119
9338 3119
9339 3119
9340 3119
9341 3119
9342 3119
9343 3119
9344 3119
9345 3296
9346 3119
9347 3119
9348 3119
9349 3119
9350 3119
9351 3120
9352 3120
9353 3121
9354 3189
9355 3124
9356 3124
9357 3124
9358 3124
9359 3125
9360 3125
9361 3125
9362 3126
9363 3129
9364 3130
9365 3133
9366 3133
9367 3133
9368 3133
9369 3134
9370 3134
9371 3351
9372 3134
9373 3319
9374 3134
9375 3134
9376 3134
9377 3134
9378 3134
9379 3134
9380 3134
9381 3134
9382 3134
9383 3134
9384 3134
9385 3134
9386 3134
9387 3135
9388 3135
9389 3135
9390 3136
9391 3136
9392 3136
9393 3136
9394 3136
9395 3136
9396 3136
9397 3136
9398 3136
9399 3136
9400 3136
9401 3136
9402 3136
9403 3136
9404 3136
9405 3136
9406 3136
9407 3136
9408 3136
9409 3136
9410 3136
9411 3136
9412 3136
9413 3136
9414 3136
9415 3136
9416 3136
9417 3136
9418 3136
9419 3137
9420 3137
9421 3138
9422 3138
9423 3138
9424 3138
9425 3138
9426 3138
9427 3138
9428 3138
9429 3158
9430 3138
9431 3138
9432 3138
9433 3138
9434 3138
9435 3138
9436 3140
9437 3142
9438 3142
9439 3144
9440 3144
9441 3144
9442 3145
9443 3146
9444 3146
9445 3146
9446 3146
9447 3188
9448 3146
9449 3146
9450 3146
9451 3146
9452 3146
9453 3196
9454 3146
9455 3146
9456 3146
9457 3146
9458 3146
9459 3146
9460 3146
9461 3146
9462 3146
9463 3147
9464 3147
9465 3151
9466 3152
9467 3154
9468 3154
9469 3154
9470 3154
9471 3155
9472 3155
9473 3155
9474 3155
9475 3155
9476 3156
9477 3157
9478 3158
9479 3158
9480 3158
9481 3158
9482 3159
9483 3159
9484 3159
9485 3159
9486 3159
9487 3159
9488 3160
9489 3163
9490 3163
9491 3163
9492 3163
9493 3369
9494 3163
9495 3163
9496 3163
9497 3163
9498 3163
9499 3164
9500 3164
9501 3166
9502 3167
9503 3168
9504 3169
9505 3169
9506 3169
9507 3170
9508 3172
9509 3176
9510 3177
9511 3178
9512 3178
9513 3178
9514 3179
9515 3180
9516 3181
9517 3242
9518 3181
9519 3181
9520 3181
9521 3181
9522 3181
9523 3181
9524 3181
9525 3181
9526 3181
9527 3181
9528 3181
9529 3181
9530 3181
9531 3182
9532 3182
9533 3182
9534 3182
9535 3182
9536 3182
9537 3182
9538 3182
9539 3184
9540 3185
9541 3185
9542 3186
9543 3187
9544 3187
9545 3187
9546 3187
9547 3187
9548 3190
9549 3192
9550 3192
9551 3192
9552 3193
9553 3195
9554 3195
9555 3195
9556 3195
9557 3195
9558 3195
9559 3195
9560 3196
9561 3196
9562 3196
9563 3196
9564 3361
9565 3196
9566 3196
9567 3196
9568 3197
9569 3198
9570 3198
9571 3198
9572 3198
9573 3199
9574 3199
9575 3200
9576 3200
9577 3201
9578 3202
9579 3202
9580 3203
9581 3203
9582 3204
9583 3205
9584 3206
9585 3209
9586 3209
9587 3209
9588 3209
9589 3209
9590 3209
9591 3209
9592 3209
9593 3210
9594 3210
9595 3210
9596 3210
9597 3210
9598 3210
9599 3210
9600 3210
9601 3210
9602 3211
9603 3213
9604 3213
9605 3213
9606 3217
9607 3217
9608 3217
9609 3220
9610 3220
9611 3221
9612 3222
9613 3222
9614 3223
9615 3224
9616 3224
9617 3224
9618 3224
9619 3226
9620 3227
9621 3227
9622 3232
9623 3232
9624 3234
9625 3234
9626 3234
9627 3238
9628 3240
9629 3243
9630 3392
9631 3244
9632 3370
9633 3248
9634 3248
9635 3250
9636 3250
9637 3250
9638 3250
9639 3251
9640 3253
9641 3253
9642 3254
9643 3258
9644 3259
9645 3260
9646 3260
9647 3260
9648 3261
9649 3263
9650 3263
9651 3265
9652 3265
9653 3267
9654 3267
9655 3267
9656 3267
9657 3267
9658 3267
9659 3267
9660 3269
9661 3269
9662 3271
9663 3272
9664 3274
9665 3275
9666 3341
9667 3275
9668 3275
9669 3275
9670 3276
9671 3276
9672 3277
9673 3277
9674 3278
9675 3278
9676 3282
9677 3282
9678 3282
9679 3285
9680 3352
9681 3284
9682 3284
9683 3284
9684 3284
9685 3284
9686 3284
9687 3284
9688 3284
9689 3284
9690 3284
9691 3284
9692 3287
9693 3289
9694 3290
9695 3292
9696 3292
9697 3292
9698 3292
9699 3292
9700 3292
9701 3292
9702 3292
9703 3292
9704 3292
9705 3292
9706 3297
9707 3298
9708 3298
9709 3299
9710 3301
9711 3301
9712 3305
9713 3305
9714 3308
9715 3311
9716 3311
9717 3311
9718 3311
9719 3388
9720 3311
9721 3311
9722 3314
9723 3315
9724 3315
9725 3315
9726 3315
9727 3317
9728 3317
9729 3317
9730 3317
9731 3318
9732 3318
9733 3318
9734 3318
9735 3318
9736 3318
9737 3318
9738 3320
9739 3324
9740 3324
9741 3325
9742 3326
9743 3326
9744 3326
9745 3328
9746 3328
9747 3328
9748 3328
9749 3328
9750 3328
9751 3328
9752 3328
9753 3328
9754 3328
9755 3328
9756 3331
9757 3333
9758 3335
9759 3337
9760 3338
9761 3340
9762 3341
9763 3341
9764 3345
9765 3345
9766 3346
9767 3346
9768 3346
9769 3346
9770 3346
9771 3346
9772 3346
9773 3346
9774 3346
9775 3351
9776 3351
9777 3351
9778 3351
9779 3351
9780 3351
9781 3351
9782 3352
9783 3352
9784 3353
9785 3353
9786 3353
9787 3353
9788 3353
9789 3353
9790 3353
9791 3353
9792 3353
9793 3353
9794 3353
9795 3353
9796 3353
9797 3353
9798 3353
9799 3353
9800 3353
9801 3353
9802 3353
9803 3353
9804 3353
9805 3353
9806 3353
9807 3353
9808 3353
9809 3353
9810 3353
9811 3353
9812 3353
9813 3353
9814 3353
9815 3353
9816 3353
9817 3353
9818 3353
9819 3353
9820 3353
9821 3353
9822 3353
9823 3353
9824 3353
9825 3353
9826 3353
9827 3353
9828 3353
9829 3353
9830 3353
9831 3353
9832 3353
9833 3353
9834 3353
9835 3353
9836 3354
9837 3355
9838 3359
9839 3359
9840 3359
9841 3359
9842 3359
9843 3359
9844 3359
9845 3359
9846 3359
9847 3359
9848 3359
9849 3359
9850 3359
9851 3359
9852 3359
9853 3359
9854 3359
9855 3359
9856 3359
9857 3359
9858 3359
9859 3359
9860 3359
9861 3359
9862 3359
9863 3359
9864 3359
9865 3359
9866 3359
9867 3359
9868 3359
9869 3359
9870 3359
9871 3359
9872 3359
9873 3359
9874 3359
9875 3359
9876 3359
9877 3359
9878 3359
9879 3359
9880 3359
9881 3359
9882 3359
9883 3359
9884 3359
9885 3359
9886 3362
9887 3362
9888 3362
9889 3362
9890 3365
9891 3366
9892 3367
9893 3368
9894 3368
9895 3368
9896 3369
9897 3369
9898 3370
9899 3370
9900 3370
9901 3370
9902 3370
9903 3370
9904 3370
9905 3370
9906 3370
9907 3370
9908 3370
9909 3370
9910 3370
9911 3370
9912 3370
9913 3370
9914 3370
9915 3370
9916 3370
9917 3370
9918 3370
9919 3370
9920 3370
9921 3370
9922 3370
9923 3370
9924 3370
9925 3370
9926 3370
9927 3370
9928 3370
9929 3370
9930 3370
9931 3370
9932 3370
9933 3370
9934 3370
9935 3370
9936 3370
9937 3370
9938 3370
9939 3370
9940 3370
9941 3370
9942 3370
9943 3370
9944 3370
9945 3370
9946 3370
9947 3370
9948 3370
9949 3370
9950 3370
9951 3370
9952 3370
9953 3370
9954 3370
9955 3370
9956 3370
9957 3370
9958 3370
9959 3370
9960 3371
9961 3371
9962 3371
9963 3371
9964 3373
9965 3373
9966 3373
9967 3373
9968 3374
9969 3374
9970 3375
9971 3378
9972 3378
9973 3379
9974 3381
9975 3384
9976 3384
9977 3384
9978 3384
9979 3384
9980 3384
9981 3384
9982 3384
9983 3384
9984 3384
9985 3384
9986 3384
9987 3384
9988 3385
9989 3389
9990 3389
9991 3389
9992 3389
9993 3389
9994 3389
9995 3389
9996 3389
9997 3389
9998 3395
9999 3395
