10000 9999
1 0
2 1
3 1
4 1
5 2
6 5
7 6
8 5
9 7
10 6
11 6
12 6
13 5
14 13
15 0
16 14
17 14
18 12
19 3
20 10
21 9
22 17
23 4
24 12
25 11
26 16
27 25
28 26
29 20
30 28
31 14
32 27
33 16
34 19
35 10
36 18
37 11
38 28
39 16
40 29
41 30
42 22
43 41
44 42
45 7
46 41
47 23
48 42
49 21
50 11
51 14
52 47
53 51
54 21
55 51
56 47
57 53
58 55
59 35
60 42
61 56
62 54
63 28
64 55
65 40
66 64
67 40
68 15
69 68
70 35
71 50
72 43
73 14
74 55
75 42
76 66
77 60
78 47
79 64
80 74
81 74
82 59
83 57
84 48
85 45
86 45
87 35
88 42
89 80
90 67
91 60
92 24
93 70
94 59
95 63
96 55
97 75
98 49
99 66
100 31
101 99
102 75
103 95
104 99
105 99
106 34
107 95
108 90
109 92
110 99
111 99
112 99
113 52
114 73
115 90
116 47
117 95
118 74
119 80
120 99
121 80
122 121
123 84
124 61
125 47
126 99
127 36
128 121
129 95
130 77
131 69
132 99
133 116
134 95
135 45
136 42
137 121
138 108
139 80
140 99
141 132
142 32
143 75
144 80
145 131
146 116
147 114
148 5
149 141
150 40
151 133
152 52
153 113
154 99
155 131
156 121
157 99
158 55
159 99
160 34
161 99
162 35
163 99
164 92
165 129
166 98
167 70
168 156
169 97
170 121
171 95
172 170
173 139
174 135
175 130
176 128
177 172
178 99
179 136
180 131
181 99
182 140
183 45
184 128
185 82
186 116
187 60
188 99
189 128
190 172
191 89
192 107
193 166
194 94
195 171
196 99
197 155
198 155
199 99
200 99
201 5
202 155
203 75
204 95
205 99
206 111
207 99
208 60
209 156
210 116
211 156
212 196
213 99
214 90
215 75
216 99
217 88
218 114
219 99
220 99
221 99
222 89
223 134
224 158
225 172
226 131
227 80
228 94
229 121
230 99
231 131
232 34
233 99
234 100
235 131
236 99
237 163
238 61
239 204
240 114
241 131
242 149
243 99
244 121
245 64
246 122
247 95
248 140
249 223
250 99
251 99
252 190
253 38
254 99
255 156
256 75
257 155
258 99
259 99
260 75
261 80
262 229
263 153
264 167
265 75
266 114
267 174
268 99
269 99
270 95
271 155
272 99
273 267
274 244
275 37
276 225
277 57
278 80
279 260
280 127
281 114
282 116
283 210
284 177
285 122
286 99
287 209
288 47
289 273
290 46
291 256
292 123
293 224
294 99
295 47
296 291
297 189
298 210
299 99
300 75
301 171
302 122
303 238
304 220
305 252
306 51
307 95
308 293
309 55
310 99
311 209
312 160
313 262
314 42
315 125
316 8
317 236
318 248
319 94
320 99
321 235
322 188
323 179
324 125
325 256
326 267
327 170
328 139
329 187
330 155
331 55
332 262
333 267
334 29
335 314
336 313
337 191
338 114
339 299
340 212
341 336
342 103
343 333
344 293
345 119
346 324
347 99
348 183
349 94
350 45
351 172
352 338
353 262
354 214
355 293
356 247
357 326
358 155
359 99
360 155
361 259
362 99
363 293
364 121
365 155
366 248
367 257
368 262
369 140
370 121
371 250
372 99
373 293
374 262
375 135
376 343
377 376
378 144
379 55
380 239
381 99
382 166
383 217
384 179
385 90
386 336
387 315
388 316
389 388
390 80
391 261
392 170
393 55
394 269
395 99
396 135
397 289
398 121
399 310
400 377
401 259
402 128
403 300
404 293
405 95
406 99
407 262
408 337
409 349
410 387
411 99
412 99
413 387
414 388
415 370
416 99
417 20
418 195
419 220
420 99
421 129
422 373
423 314
424 251
425 391
426 305
427 139
428 424
429 33
430 107
431 195
432 406
433 131
434 66
435 108
436 370
437 100
438 95
439 388
440 193
441 305
442 114
443 441
444 352
445 423
446 306
447 71
448 300
449 275
450 370
451 393
452 99
453 383
454 246
455 108
456 433
457 114
458 305
459 172
460 383
461 98
462 262
463 172
464 314
465 314
466 128
467 161
468 70
469 152
470 342
471 256
472 108
473 243
474 422
475 419
476 439
477 454
478 470
479 305
480 376
481 293
482 98
483 161
484 432
485 390
486 405
487 328
488 113
489 252
490 423
491 199
492 190
493 338
494 71
495 419
496 135
497 395
498 266
499 338
500 278
501 433
502 207
503 321
504 248
505 430
506 134
507 280
508 143
509 415
510 99
511 289
512 507
513 409
514 280
515 488
516 492
517 451
518 120
519 448
520 229
521 230
522 409
523 507
524 128
525 416
526 140
527 409
528 277
529 476
530 430
531 399
532 295
533 298
534 105
535 345
536 405
537 95
538 363
539 484
540 399
541 336
542 264
543 256
544 535
545 543
546 356
547 259
548 137
549 407
550 405
551 66
552 356
553 479
554 313
555 232
556 521
557 481
558 119
559 99
560 132
561 491
562 355
563 229
564 99
565 293
566 460
567 267
568 254
569 548
570 257
571 282
572 257
573 349
574 470
575 554
576 117
577 365
578 222
579 257
580 435
581 279
582 507
583 175
584 412
585 578
586 460
587 301
588 440
589 295
590 293
591 406
592 99
593 95
594 566
595 525
596 410
597 432
598 537
599 412
600 132
601 293
602 131
603 293
604 516
605 35
606 388
607 565
608 602
609 565
610 343
611 548
612 256
613 330
614 554
615 609
616 194
617 528
618 99
619 559
620 195
621 176
622 229
623 114
624 241
625 201
626 325
627 460
628 282
629 336
630 67
631 560
632 312
633 343
634 336
635 552
636 287
637 364
638 556
639 555
640 145
641 259
642 604
643 446
644 99
645 557
646 311
647 459
648 471
649 416
650 596
651 151
652 591
653 172
654 638
655 582
656 106
657 314
658 99
659 106
660 565
661 505
662 381
663 249
664 296
665 639
666 465
667 293
668 387
669 631
670 595
671 338
672 425
673 489
674 594
675 267
676 460
677 99
678 314
679 164
680 80
681 649
682 120
683 646
684 625
685 78
686 238
687 5
688 612
689 640
690 66
691 521
692 99
693 577
694 404
695 439
696 158
697 128
698 64
699 253
700 340
701 229
702 228
703 262
704 518
705 430
706 452
707 523
708 386
709 533
710 99
711 412
712 554
713 298
714 510
715 350
716 338
717 75
718 309
719 314
720 530
721 704
722 221
723 320
724 564
725 638
726 173
727 421
728 675
729 300
730 424
731 95
732 545
733 233
734 658
735 364
736 547
737 643
738 712
739 490
740 314
741 735
742 737
743 338
744 649
745 744
746 128
747 649
748 459
749 96
750 432
751 439
752 684
753 704
754 744
755 568
756 274
757 552
758 654
759 556
760 88
761 704
762 419
763 289
764 530
765 347
766 295
767 535
768 401
769 370
770 737
771 172
772 244
773 770
774 282
775 654
776 607
777 131
778 162
779 95
780 430
781 288
782 535
783 157
784 521
785 251
786 696
787 733
788 451
789 507
790 642
791 99
792 320
793 563
794 559
795 671
796 99
797 297
798 343
799 718
800 345
801 630
802 322
803 704
804 743
805 114
806 282
807 389
808 305
809 625
810 654
811 106
812 295
813 779
814 552
815 451
816 408
817 429
818 795
819 770
820 349
821 407
822 483
823 158
824 370
825 171
826 650
827 669
828 648
829 450
830 367
831 39
832 812
833 644
834 192
835 720
836 540
837 799
838 793
839 387
840 810
841 428
842 698
843 556
844 744
845 491
846 579
847 620
848 704
849 332
850 812
851 379
852 102
853 407
854 624
855 667
856 793
857 444
858 338
859 155
860 744
861 571
862 785
863 99
864 634
865 209
866 807
867 293
868 842
869 776
870 684
871 316
872 388
873 669
874 646
875 812
876 704
877 632
878 842
879 147
880 439
881 812
882 173
883 876
884 865
885 267
886 466
887 535
888 379
889 387
890 460
891 279
892 667
893 262
894 889
895 114
896 812
897 85
898 595
899 455
900 863
901 408
902 652
903 99
904 100
905 896
906 633
907 507
908 558
909 497
910 99
911 461
912 534
913 267
914 770
915 99
916 172
917 716
918 439
919 556
920 515
921 902
922 99
923 430
924 412
925 667
926 542
927 515
928 586
929 281
930 744
931 541
932 756
933 195
934 469
935 307
936 684
937 142
938 169
939 797
940 550
941 370
942 654
943 365
944 376
945 210
946 388
947 72
948 267
949 380
950 561
951 386
952 877
953 109
954 213
955 289
956 589
957 150
958 399
959 257
960 554
961 555
962 847
963 116
964 106
965 530
966 865
967 781
968 598
969 812
970 858
971 666
972 120
973 717
974 812
975 107
976 911
977 878
978 638
979 770
980 971
981 754
982 704
983 790
984 854
985 870
986 550
987 788
988 552
989 116
990 873
991 732
992 432
993 617
994 305
995 830
996 863
997 704
998 556
999 770
1000 314
1001 57
1002 282
1003 882
1004 172
1005 804
1006 770
1007 1002
1008 530
1009 922
1010 99
1011 909
1012 848
1013 335
1014 293
1015 1001
1016 271
1017 1015
1018 625
1019 462
1020 812
1021 388
1022 517
1023 338
1024 507
1025 931
1026 826
1027 110
1028 616
1029 290
1030 385
1031 412
1032 660
1033 656
1034 619
1035 623
1036 374
1037 704
1038 812
1039 910
1040 271
1041 86
1042 786
1043 1028
1044 539
1045 993
1046 668
1047 620
1048 961
1049 202
1050 979
1051 389
1052 847
1053 975
1054 1018
1055 865
1056 115
1057 692
1058 909
1059 714
1060 728
1061 956
1062 872
1063 171
1064 1035
1065 770
1066 930
1067 907
1068 986
1069 707
1070 522
1071 843
1072 334
1073 625
1074 118
1075 381
1076 430
1077 954
1078 955
1079 80
1080 677
1081 667
1082 438
1083 590
1084 884
1085 770
1086 409
1087 793
1088 914
1089 439
1090 878
1091 387
1092 1006
1093 121
1094 1015
1095 388
1096 439
1097 605
1098 916
1099 982
1100 487
1101 259
1102 740
1103 784
1104 511
1105 869
1106 794
1107 209
1108 1093
1109 740
1110 554
1111 992
1112 799
1113 793
1114 727
1115 305
1116 1006
1117 1024
1118 375
1119 267
1120 257
1121 80
1122 1044
1123 439
1124 195
1125 263
1126 931
1127 892
1128 1054
1129 170
1130 770
1131 609
1132 628
1133 1083
1134 743
1135 1070
1136 114
1137 423
1138 704
1139 948
1140 876
1141 161
1142 757
1143 498
1144 536
1145 601
1146 1089
1147 305
1148 426
1149 86
1150 842
1151 267
1152 313
1153 559
1154 1038
1155 899
1156 1134
1157 420
1158 640
1159 696
1160 267
1161 879
1162 1006
1163 724
1164 1061
1165 521
1166 793
1167 134
1168 1020
1169 766
1170 648
1171 865
1172 992
1173 812
1174 263
1175 1053
1176 1092
1177 276
1178 388
1179 770
1180 715
1181 706
1182 777
1183 1006
1184 1101
1185 277
1186 302
1187 744
1188 1060
1189 314
1190 854
1191 552
1192 854
1193 172
1194 896
1195 1103
1196 753
1197 599
1198 804
1199 791
1200 227
1201 451
1202 565
1203 187
1204 338
1205 433
1206 1187
1207 1071
1208 700
1209 116
1210 184
1211 912
1212 489
1213 1101
1214 388
1215 111
1216 1001
1217 1118
1218 910
1219 1203
1220 400
1221 388
1222 566
1223 566
1224 411
1225 1039
1226 809
1227 744
1228 491
1229 652
1230 265
1231 1135
1232 896
1233 730
1234 531
1235 843
1236 1064
1237 1042
1238 342
1239 343
1240 959
1241 1106
1242 807
1243 770
1244 530
1245 1101
1246 669
1247 604
1248 832
1249 704
1250 504
1251 1075
1252 1112
1253 1095
1254 934
1255 291
1256 844
1257 896
1258 885
1259 131
1260 158
1261 992
1262 172
1263 48
1264 592
1265 808
1266 1172
1267 1038
1268 625
1269 1079
1270 770
1271 832
1272 1008
1273 1205
1274 294
1275 793
1276 347
1277 1165
1278 641
1279 656
1280 1110
1281 1089
1282 767
1283 1173
1284 520
1285 391
1286 313
1287 158
1288 1188
1289 976
1290 548
1291 831
1292 704
1293 205
1294 581
1295 741
1296 565
1297 360
1298 412
1299 1001
1300 812
1301 678
1302 293
1303 131
1304 338
1305 319
1306 818
1307 347
1308 719
1309 552
1310 1131
1311 809
1312 78
1313 1021
1314 442
1315 918
1316 855
1317 877
1318 906
1319 877
1320 1218
1321 963
1322 691
1323 1030
1324 596
1325 1206
1326 32
1327 227
1328 1106
1329 1280
1330 944
1331 1207
1332 704
1333 786
1334 788
1335 1299
1336 1080
1337 781
1338 1061
1339 1075
1340 1191
1341 399
1342 1121
1343 292
1344 1032
1345 943
1346 1101
1347 1227
1348 317
1349 1101
1350 872
1351 1234
1352 1111
1353 658
1354 106
1355 744
1356 552
1357 1171
1358 1330
1359 443
1360 566
1361 95
1362 347
1363 979
1364 1091
1365 108
1366 672
1367 675
1368 1327
1369 815
1370 645
1371 101
1372 439
1373 812
1374 1058
1375 947
1376 388
1377 877
1378 1106
1379 1352
1380 1312
1381 578
1382 820
1383 929
1384 910
1385 614
1386 868
1387 1285
1388 860
1389 1332
1390 90
1391 1299
1392 358
1393 770
1394 412
1395 159
1396 256
1397 1352
1398 556
1399 1033
1400 283
1401 530
1402 44
1403 386
1404 761
1405 556
1406 1264
1407 140
1408 1099
1409 829
1410 786
1411 1352
1412 704
1413 1234
1414 847
1415 1312
1416 625
1417 849
1418 625
1419 1171
1420 1209
1421 99
1422 675
1423 1298
1424 1112
1425 1165
1426 1001
1427 1182
1428 1422
1429 1234
1430 676
1431 490
1432 804
1433 1165
1434 1001
1435 850
1436 420
1437 1158
1438 1269
1439 1272
1440 1125
1441 1214
1442 856
1443 1423
1444 692
1445 1331
1446 855
1447 1240
1448 1207
1449 572
1450 1163
1451 552
1452 485
1453 576
1454 827
1455 408
1456 749
1457 11
1458 973
1459 47
1460 1236
1461 669
1462 1110
1463 896
1464 1264
1465 1349
1466 212
1467 1119
1468 864
1469 610
1470 1452
1471 770
1472 1352
1473 1100
1474 793
1475 741
1476 1129
1477 846
1478 896
1479 1417
1480 1430
1481 1352
1482 1194
1483 370
1484 430
1485 1397
1486 419
1487 1418
1488 914
1489 1371
1490 262
1491 1198
1492 1176
1493 313
1494 983
1495 626
1496 90
1497 986
1498 55
1499 1301
1500 1206
1501 844
1502 121
1503 1412
1504 121
1505 1445
1506 336
1507 433
1508 402
1509 812
1510 1203
1511 1507
1512 198
1513 121
1514 1203
1515 1374
1516 427
1517 1508
1518 1352
1519 1109
1520 1093
1521 770
1522 928
1523 812
1524 701
1525 743
1526 1352
1527 770
1528 903
1529 274
1530 308
1531 1423
1532 941
1533 285
1534 370
1535 1443
1536 99
1537 903
1538 1324
1539 858
1540 1500
1541 1093
1542 933
1543 1301
1544 1281
1545 583
1546 1527
1547 1517
1548 1001
1549 1328
1550 168
1551 470
1552 1514
1553 461
1554 1392
1555 305
1556 1094
1557 1548
1558 744
1559 1195
1560 1551
1561 933
1562 187
1563 1514
1564 1463
1565 1119
1566 812
1567 509
1568 565
1569 1100
1570 1091
1571 1148
1572 1079
1573 1233
1574 474
1575 409
1576 153
1577 888
1578 1234
1579 1023
1580 713
1581 770
1582 394
1583 1369
1584 859
1585 1343
1586 514
1587 1476
1588 812
1589 1168
1590 1512
1591 99
1592 1301
1593 1030
1594 770
1595 1341
1596 167
1597 847
1598 1047
1599 1541
1600 529
1601 1244
1602 1598
1603 812
1604 1050
1605 571
1606 1527
1607 831
1608 264
1609 847
1610 716
1611 370
1612 630
1613 938
1614 1127
1615 1462
1616 962
1617 1352
1618 1234
1619 759
1620 530
1621 1188
1622 571
1623 1254
1624 654
1625 1434
1626 1322
1627 1164
1628 1527
1629 833
1630 812
1631 1254
1632 780
1633 841
1634 1101
1635 896
1636 729
1637 578
1638 770
1639 1030
1640 1419
1641 625
1642 79
1643 1273
1644 1576
1645 1631
1646 965
1647 1298
1648 251
1649 1083
1650 1199
1651 1292
1652 883
1653 1598
1654 439
1655 1631
1656 1234
1657 999
1658 1265
1659 942
1660 1522
1661 1259
1662 1049
1663 1036
1664 1366
1665 576
1666 1352
1667 999
1668 1509
1669 1374
1670 131
1671 1100
1672 1527
1673 1181
1674 632
1675 865
1676 1537
1677 801
1678 1308
1679 615
1680 231
1681 1245
1682 1527
1683 1215
1684 946
1685 321
1686 369
1687 1575
1688 464
1689 1423
1690 986
1691 719
1692 1465
1693 820
1694 1158
1695 735
1696 1678
1697 695
1698 1061
1699 796
1700 813
1701 484
1702 667
1703 1461
1704 770
1705 1365
1706 1352
1707 1113
1708 849
1709 1598
1710 522
1711 1678
1712 603
1713 1501
1714 370
1715 947
1716 304
1717 639
1718 1352
1719 1462
1720 1566
1721 1598
1722 1030
1723 1668
1724 1596
1725 706
1726 1699
1727 578
1728 1525
1729 1527
1730 1352
1731 1648
1732 1598
1733 1678
1734 1382
1735 956
1736 1684
1737 793
1738 399
1739 1299
1740 1713
1741 1200
1742 229
1743 683
1744 1352
1745 1157
1746 1486
1747 1346
1748 1174
1749 212
1750 1352
1751 620
1752 1391
1753 574
1754 1680
1755 1030
1756 1540
1757 1384
1758 1224
1759 842
1760 880
1761 1430
1762 1265
1763 1107
1764 1598
1765 429
1766 1705
1767 172
1768 1343
1769 446
1770 419
1771 768
1772 1215
1773 1299
1774 1423
1775 793
1776 1352
1777 1459
1778 1344
1779 683
1780 1193
1781 1131
1782 556
1783 1495
1784 1668
1785 1611
1786 1169
1787 244
1788 1103
1789 1081
1790 1176
1791 1001
1792 880
1793 1324
1794 1211
1795 126
1796 1782
1797 1103
1798 1417
1799 1107
1800 881
1801 1631
1802 1091
1803 1677
1804 1289
1805 1095
1806 138
1807 322
1808 728
1809 1527
1810 669
1811 1234
1812 278
1813 1486
1814 1319
1815 1486
1816 121
1817 1584
1818 1759
1819 1692
1820 935
1821 1668
1822 1381
1823 1630
1824 778
1825 1453
1826 1713
1827 1133
1828 441
1829 1352
1830 91
1831 1584
1832 1221
1833 1678
1834 969
1835 893
1836 964
1837 1422
1838 1131
1839 949
1840 65
1841 694
1842 292
1843 1493
1844 1694
1845 1011
1846 1352
1847 1257
1848 1106
1849 1249
1850 1324
1851 625
1852 812
1853 35
1854 1462
1855 1727
1856 1269
1857 1598
1858 765
1859 1345
1860 1189
1861 1250
1862 221
1863 961
1864 1844
1865 1203
1866 1363
1867 1363
1868 464
1869 1497
1870 1185
1871 1631
1872 1423
1873 1834
1874 1527
1875 1462
1876 1871
1877 1648
1878 1678
1879 744
1880 186
1881 499
1882 1680
1883 1569
1884 1332
1885 1301
1886 124
1887 1109
1888 1776
1889 770
1890 787
1891 1299
1892 1790
1893 1075
1894 1527
1895 1345
1896 500
1897 1791
1898 1527
1899 1073
1900 1778
1901 1234
1902 1030
1903 1762
1904 1324
1905 1352
1906 1433
1907 588
1908 403
1909 1321
1910 1624
1911 744
1912 1768
1913 1639
1914 1251
1915 770
1916 580
1917 338
1918 1459
1919 1230
1920 1425
1921 1806
1922 820
1923 99
1924 1842
1925 1203
1926 1228
1927 820
1928 1867
1929 1055
1930 1699
1931 262
1932 1520
1933 735
1934 1486
1935 1405
1936 1044
1937 1091
1938 1928
1939 1264
1940 520
1941 459
1942 1120
1943 1851
1944 1387
1945 1151
1946 1274
1947 1404
1948 1101
1949 1496
1950 1234
1951 1811
1952 343
1953 1476
1954 1541
1955 968
1956 1131
1957 472
1958 703
1959 1748
1960 656
1961 1030
1962 904
1963 1527
1964 1007
1965 679
1966 1527
1967 1888
1968 1824
1969 1093
1970 1569
1971 1417
1972 1782
1973 1631
1974 1765
1975 1439
1976 218
1977 1344
1978 1664
1979 1329
1980 981
1981 1207
1982 1475
1983 1017
1984 798
1985 1730
1986 556
1987 1920
1988 1125
1989 1393
1990 1426
1991 488
1992 588
1993 1604
1994 1680
1995 1880
1996 1183
1997 1713
1998 812
1999 195
2000 689
2001 1911
2002 1818
2003 1349
2004 1624
2005 2004
2006 1412
2007 597
2008 341
2009 1755
2010 1791
2011 347
2012 1869
2013 1271
2014 1957
2015 1339
2016 1252
2017 652
2018 1990
2019 1564
2020 1363
2021 1834
2022 100
2023 1652
2024 814
2025 1773
2026 1001
2027 262
2028 1737
2029 1678
2030 1013
2031 224
2032 1388
2033 1201
2034 1527
2035 1860
2036 974
2037 305
2038 433
2039 1404
2040 1866
2041 886
2042 1201
2043 1527
2044 2022
2045 1655
2046 1013
2047 1527
2048 770
2049 1906
2050 1075
2051 1820
2052 1106
2053 1093
2054 1527
2055 99
2056 1467
2057 1412
2058 1231
2059 1179
2060 452
2061 2049
2062 1938
2063 1914
2064 1527
2065 1527
2066 307
2067 1680
2068 1927
2069 1319
2070 1316
2071 770
2072 1104
2073 869
2074 2010
2075 2028
2076 1631
2077 578
2078 983
2079 1626
2080 1367
2081 1015
2082 1080
2083 643
2084 2075
2085 1741
2086 1916
2087 1095
2088 259
2089 1150
2090 1142
2091 2030
2092 1620
2093 482
2094 1312
2095 1316
2096 1691
2097 1887
2098 1776
2099 1937
2100 2075
2101 596
2102 896
2103 1798
2104 1541
2105 2028
2106 914
2107 1959
2108 1273
2109 1112
2110 1506
2111 407
2112 2099
2113 2013
2114 1385
2115 2011
2116 41
2117 1001
2118 1791
2119 1470
2120 1106
2121 1865
2122 1225
2123 704
2124 1791
2125 1544
2126 1918
2127 1908
2128 584
2129 853
2130 2049
2131 1759
2132 1905
2133 1918
2134 338
2135 1678
2136 556
2137 1655
2138 786
2139 289
2140 1945
2141 588
2142 1462
2143 1580
2144 399
2145 1985
2146 993
2147 1307
2148 1386
2149 1637
2150 1527
2151 2038
2152 114
2153 1615
2154 1113
2155 1203
2156 240
2157 644
2158 1827
2159 811
2160 985
2161 1397
2162 1563
2163 1247
2164 2146
2165 387
2166 1543
2167 1299
2168 1210
2169 1248
2170 1060
2171 1938
2172 1548
2173 2016
2174 2099
2175 548
2176 1833
2177 645
2178 1531
2179 1301
2180 1469
2181 1467
2182 905
2183 538
2184 2058
2185 2024
2186 1456
2187 515
2188 1909
2189 1695
2190 2175
2191 1699
2192 504
2193 1061
2194 771
2195 507
2196 512
2197 797
2198 2054
2199 2053
2200 1917
2201 1230
2202 1092
2203 2075
2204 1374
2205 1982
2206 2096
2207 1699
2208 673
2209 1849
2210 267
2211 2176
2212 1316
2213 2210
2214 896
2215 2204
2216 711
2217 940
2218 1130
2219 2200
2220 1985
2221 1306
2222 2040
2223 1486
2224 1527
2225 1689
2226 855
2227 1868
2228 1749
2229 1569
2230 1234
2231 501
2232 116
2233 388
2234 1483
2235 1414
2236 2067
2237 1377
2238 865
2239 1101
2240 1756
2241 977
2242 1723
2243 1978
2244 897
2245 1299
2246 1771
2247 1203
2248 2066
2249 1909
2250 1445
2251 1338
2252 1637
2253 1774
2254 467
2255 1863
2256 2067
2257 293
2258 532
2259 1286
2260 805
2261 939
2262 1986
2263 1624
2264 1836
2265 1153
2266 1217
2267 1262
2268 1030
2269 1353
2270 1609
2271 2001
2272 851
2273 1075
2274 1343
2275 1243
2276 1234
2277 389
2278 131
2279 770
2280 2279
2281 2115
2282 1527
2283 1970
2284 2201
2285 2272
2286 1411
2287 2204
2288 704
2289 1858
2290 1461
2291 1702
2292 1938
2293 1125
2294 1776
2295 1836
2296 831
2297 1497
2298 1527
2299 1760
2300 1350
2301 1429
2302 1011
2303 839
2304 1230
2305 1678
2306 770
2307 1527
2308 1883
2309 2215
2310 1482
2311 2091
2312 1989
2313 621
2314 1680
2315 2297
2316 1583
2317 1680
2318 2049
2319 2259
2320 2227
2321 1981
2322 1999
2323 1918
2324 45
2325 2204
2326 1870
2327 1274
2328 1940
2329 1614
2330 933
2331 810
2332 575
2333 1462
2334 1220
2335 1006
2336 2085
2337 2316
2338 907
2339 1352
2340 2070
2341 556
2342 1888
2343 446
2344 2277
2345 1768
2346 1159
2347 1448
2348 1420
2349 1405
2350 781
2351 1865
2352 1771
2353 2076
2354 1758
2355 1648
2356 556
2357 1628
2358 261
2359 1685
2360 1678
2361 1852
2362 1273
2363 387
2364 743
2365 2119
2366 2330
2367 1957
2368 2011
2369 1445
2370 1549
2371 1662
2372 1782
2373 1804
2374 739
2375 1383
2376 345
2377 687
2378 1579
2379 1192
2380 1212
2381 859
2382 1527
2383 2167
2384 2232
2385 2176
2386 399
2387 2327
2388 1870
2389 2073
2390 1399
2391 1707
2392 2233
2393 1648
2394 815
2395 949
2396 99
2397 1668
2398 2380
2399 1776
2400 1721
2401 1977
2402 1035
2403 1710
2404 2157
2405 2253
2406 370
2407 1722
2408 1937
2409 1030
2410 796
2411 1061
2412 2279
2413 160
2414 1498
2415 1645
2416 1311
2417 2075
2418 1863
2419 2022
2420 2403
2421 1916
2422 1526
2423 553
2424 943
2425 683
2426 1733
2427 2018
2428 1231
2429 2403
2430 1720
2431 956
2432 1756
2433 1303
2434 2029
2435 1843
2436 1413
2437 899
2438 1488
2439 2341
2440 2029
2441 989
2442 1424
2443 1352
2444 2204
2445 2365
2446 1440
2447 2244
2448 1888
2449 1312
2450 2038
2451 2017
2452 1109
2453 1494
2454 2127
2455 1381
2456 144
2457 2183
2458 279
2459 1675
2460 1291
2461 1961
2462 75
2463 2075
2464 94
2465 268
2466 2316
2467 2332
2468 1715
2469 1718
2470 2403
2471 750
2472 1972
2473 1110
2474 2320
2475 1895
2476 1266
2477 1837
2478 851
2479 1254
2480 2284
2481 925
2482 625
2483 923
2484 1892
2485 2022
2486 1203
2487 1171
2488 1350
2489 1728
2490 1079
2491 291
2492 1568
2493 1791
2494 2403
2495 1673
2496 1352
2497 1495
2498 1048
2499 587
2500 1906
2501 1968
2502 2382
2503 1268
2504 1443
2505 1222
2506 1668
2507 2075
2508 2437
2509 1716
2510 1271
2511 1444
2512 2160
2513 1772
2514 812
2515 696
2516 813
2517 1443
2518 2245
2519 667
2520 2427
2521 2088
2522 1527
2523 2118
2524 662
2525 1711
2526 1080
2527 90
2528 2403
2529 1764
2530 2414
2531 1888
2532 2010
2533 1438
2534 1698
2535 2444
2536 93
2537 1990
2538 1503
2539 2055
2540 1366
2541 623
2542 2403
2543 1407
2544 2179
2545 1713
2546 2208
2547 1758
2548 99
2549 2029
2550 1349
2551 670
2552 1723
2553 357
2554 1528
2555 370
2556 1075
2557 1307
2558 1410
2559 1634
2560 1412
2561 624
2562 931
2563 376
2564 2279
2565 1644
2566 2316
2567 1930
2568 2303
2569 921
2570 1925
2571 1926
2572 1669
2573 138
2574 1712
2575 1609
2576 2279
2577 1817
2578 1668
2579 2503
2580 2534
2581 758
2582 2049
2583 2175
2584 1319
2585 1906
2586 2403
2587 2303
2588 812
2589 1415
2590 1629
2591 985
2592 2298
2593 1091
2594 2254
2595 2403
2596 2529
2597 1489
2598 2401
2599 1710
2600 2120
2601 964
2602 2286
2603 1775
2604 1776
2605 2118
2606 1680
2607 66
2608 2279
2609 1304
2610 1017
2611 1254
2612 2424
2613 1119
2614 945
2615 1527
2616 1908
2617 451
2618 822
2619 238
2620 2084
2621 2403
2622 1759
2623 242
2624 2477
2625 1351
2626 2352
2627 1596
2628 1699
2629 1811
2630 2303
2631 1043
2632 1465
2633 756
2634 2007
2635 459
2636 879
2637 1134
2638 2419
2639 1360
2640 1010
2641 215
2642 1352
2643 2567
2644 2049
2645 1286
2646 1091
2647 1161
2648 2601
2649 1685
2650 2384
2651 1213
2652 2638
2653 1051
2654 2387
2655 738
2656 1949
2657 794
2658 2302
2659 1557
2660 1656
2661 752
2662 2204
2663 1771
2664 706
2665 2004
2666 1265
2667 2488
2668 219
2669 387
2670 2303
2671 1334
2672 1269
2673 1370
2674 1267
2675 2321
2676 1119
2677 2279
2678 794
2679 446
2680 1030
2681 1654
2682 1203
2683 341
2684 1134
2685 1024
2686 1995
2687 2274
2688 55
2689 793
2690 1412
2691 1106
2692 1587
2693 2345
2694 388
2695 630
2696 1047
2697 2444
2698 2282
2699 1615
2700 2283
2701 2195
2702 1527
2703 2455
2704 2403
2705 2488
2706 1311
2707 1087
2708 2170
2709 2407
2710 1606
2711 654
2712 1589
2713 1918
2714 1680
2715 2701
2716 1426
2717 1312
2718 255
2719 1351
2720 2215
2721 2397
2722 1904
2723 1084
2724 1888
2725 2303
2726 2403
2727 882
2728 434
2729 831
2730 131
2731 631
2732 1759
2733 1868
2734 810
2735 1843
2736 256
2737 1779
2738 2403
2739 382
2740 552
2741 1771
2742 2351
2743 812
2744 644
2745 2219
2746 1824
2747 2653
2748 1522
2749 99
2750 451
2751 1311
2752 283
2753 2129
2754 2403
2755 505
2756 2265
2757 2182
2758 1609
2759 2278
2760 2284
2761 589
2762 2303
2763 2403
2764 773
2765 1096
2766 994
2767 1288
2768 2122
2769 117
2770 1771
2771 1959
2772 2473
2773 2295
2774 2105
2775 1527
2776 1527
2777 1491
2778 2264
2779 1352
2780 1598
2781 1206
2782 1299
2783 2231
2784 2689
2785 2403
2786 2468
2787 1106
2788 2519
2789 761
2790 2603
2791 1847
2792 2400
2793 2027
2794 1171
2795 2049
2796 2360
2797 388
2798 1661
2799 2342
2800 2152
2801 1063
2802 496
2803 2182
2804 2147
2805 988
2806 1030
2807 2285
2808 2779
2809 2264
2810 2539
2811 831
2812 89
2813 2392
2814 1245
2815 2576
2816 2775
2817 2182
2818 2530
2819 99
2820 1423
2821 253
2822 2516
2823 2455
2824 2326
2825 2678
2826 2204
2827 1165
2828 1212
2829 1680
2830 2606
2831 2129
2832 2567
2833 2728
2834 1423
2835 271
2836 1680
2837 2802
2838 2321
2839 1599
2840 1527
2841 2344
2842 2013
2843 2596
2844 2403
2845 1938
2846 1731
2847 366
2848 1900
2849 1954
2850 1869
2851 1203
2852 1987
2853 1234
2854 1893
2855 2392
2856 2322
2857 1741
2858 1798
2859 2645
2860 2196
2861 2171
2862 2705
2863 2071
2864 988
2865 756
2866 2091
2867 1561
2868 2622
2869 2666
2870 2403
2871 1106
2872 2719
2873 1648
2874 398
2875 2113
2876 2837
2877 1352
2878 2227
2879 1961
2880 1527
2881 1801
2882 2445
2883 929
2884 952
2885 1938
2886 1997
2887 2827
2888 2451
2889 1689
2890 875
2891 658
2892 1989
2893 815
2894 857
2895 2506
2896 2576
2897 2472
2898 1678
2899 322
2900 770
2901 58
2902 1221
2903 2114
2904 388
2905 2006
2906 1235
2907 1902
2908 1753
2909 137
2910 460
2911 2897
2912 2525
2913 2767
2914 1290
2915 2010
2916 677
2917 2443
2918 1645
2919 2806
2920 2403
2921 1527
2922 1985
2923 2724
2924 75
2925 1553
2926 2765
2927 1471
2928 937
2929 2873
2930 2091
2931 1787
2932 2303
2933 1569
2934 1030
2935 1202
2936 1532
2937 832
2938 2742
2939 1067
2940 99
2941 658
2942 2170
2943 1366
2944 1863
2945 2649
2946 237
2947 1868
2948 2717
2949 1678
2950 1144
2951 1460
2952 1857
2953 2403
2954 1091
2955 1831
2956 1797
2957 1299
2958 1681
2959 2073
2960 1678
2961 2553
2962 2667
2963 2616
2964 2400
2965 2049
2966 2904
2967 854
2968 1527
2969 2681
2970 2106
2971 1251
2972 2917
2973 1838
2974 1206
2975 2938
2976 77
2977 987
2978 1698
2979 523
2980 1690
2981 1554
2982 1401
2983 2822
2984 473
2985 777
2986 2799
2987 2728
2988 2269
2989 2690
2990 2961
2991 1817
2992 704
2993 2414
2994 1119
2995 2601
2996 1039
2997 2803
2998 1480
2999 1771
3000 2567
3001 2692
3002 2303
3003 2291
3004 2018
3005 2403
3006 1527
3007 298
3008 812
3009 2697
3010 162
3011 1292
3012 1598
3013 2690
3014 1398
3015 2403
3016 1225
3017 2712
3018 1652
3019 2067
3020 2796
3021 772
3022 2681
3023 1106
3024 1550
3025 1784
3026 1824
3027 439
3028 1176
3029 1527
3030 387
3031 2690
3032 573
3033 2444
3034 2966
3035 2010
3036 2517
3037 2516
3038 1941
3039 2923
3040 1372
3041 1901
3042 2690
3043 933
3044 1736
3045 2360
3046 2224
3047 2703
3048 1352
3049 1575
3050 881
3051 1101
3052 1545
3053 3051
3054 1776
3055 1374
3056 2966
3057 2149
3058 2107
3059 1080
3060 1241
3061 1362
3062 2965
3063 2565
3064 1600
3065 2576
3066 992
3067 1559
3068 2803
3069 131
3070 530
3071 2403
3072 2757
3073 1484
3074 423
3075 2690
3076 2681
3077 1012
3078 1824
3079 774
3080 1386
3081 1680
3082 2855
3083 3012
3084 1093
3085 920
3086 2036
3087 172
3088 2472
3089 3006
3090 2757
3091 2526
3092 1578
3093 1692
3094 2879
3095 3040
3096 2071
3097 516
3098 2501
3099 867
3100 2797
3101 1678
3102 121
3103 2821
3104 1527
3105 2403
3106 3043
3107 2900
3108 2537
3109 2509
3110 2403
3111 1395
3112 1888
3113 1392
3114 2630
3115 1741
3116 2879
3117 1437
3118 2371
3119 2328
3120 2669
3121 960
3122 1699
3123 570
3124 2074
3125 2852
3126 1713
3127 2816
3128 1412
3129 370
3130 2848
3131 1396
3132 2704
3133 2152
3134 2204
3135 2855
3136 2321
3137 1887
3138 885
3139 2337
3140 405
3141 2684
3142 2403
3143 1299
3144 1449
3145 850
3146 751
3147 2220
3148 1564
3149 2319
3150 351
3151 2277
3152 1916
3153 2464
3154 1441
3155 2348
3156 2215
3157 2765
3158 1916
3159 1465
3160 1679
3161 1502
3162 1234
3163 2498
3164 2049
3165 2006
3166 1972
3167 1352
3168 613
3169 882
3170 1885
3171 2322
3172 1084
3173 654
3174 1717
3175 1758
3176 1246
3177 1498
3178 2763
3179 847
3180 1771
3181 3115
3182 1514
3183 2529
3184 2414
3185 2075
3186 2447
3187 1678
3188 2170
3189 1285
3190 2067
3191 95
3192 2823
3193 2781
3194 985
3195 1391
3196 1527
3197 1299
3198 407
3199 997
3200 2841
3201 1194
3202 2032
3203 104
3204 1998
3205 705
3206 2271
3207 2382
3208 1631
3209 1245
3210 2075
3211 521
3212 3055
3213 2702
3214 2705
3215 1684
3216 2901
3217 1527
3218 2461
3219 2235
3220 3140
3221 2403
3222 2433
3223 721
3224 2791
3225 2447
3226 336
3227 2813
3228 2215
3229 1075
3230 144
3231 642
3232 1803
3233 349
3234 112
3235 423
3236 1624
3237 1307
3238 2989
3239 1678
3240 2278
3241 1598
3242 2911
3243 1680
3244 1598
3245 2728
3246 1865
3247 3073
3248 2716
3249 2203
3250 1527
3251 2108
3252 2878
3253 2190
3254 770
3255 1678
3256 879
3257 3026
3258 2403
3259 1347
3260 3048
3261 3229
3262 967
3263 1668
3264 2912
3265 676
3266 649
3267 2653
3268 1445
3269 2206
3270 1352
3271 2403
3272 2714
3273 1277
3274 642
3275 1001
3276 1868
3277 2403
3278 1721
3279 2303
3280 1866
3281 1794
3282 1445
3283 2344
3284 3066
3285 1234
3286 1684
3287 1791
3288 439
3289 1096
3290 1527
3291 1870
3292 626
3293 3291
3294 3119
3295 2096
3296 2049
3297 3042
3298 1432
3299 2876
3300 2301
3301 1566
3302 1683
3303 2768
3304 2010
3305 1075
3306 2182
3307 2782
3308 3016
3309 2506
3310 2702
3311 2303
3312 2403
3313 910
3314 2444
3315 3149
3316 2536
3317 486
3318 2926
3319 2666
3320 2579
3321 3041
3322 651
3323 3182
3324 2403
3325 262
3326 3312
3327 1678
3328 3180
3329 1352
3330 1358
3331 2632
3332 1527
3333 3281
3334 1005
3335 1527
3336 970
3337 338
3338 3167
3339 2049
3340 3045
3341 2388
3342 1527
3343 1692
3344 1979
3345 1527
3346 2735
3347 2110
3348 1843
3349 1043
3350 3026
3351 2139
3352 2153
3353 1180
3354 2167
3355 2345
3356 1471
3357 2617
3358 1272
3359 2403
3360 2049
3361 2219
3362 1844
3363 673
3364 1370
3365 3315
3366 3215
3367 2403
3368 2742
3369 1257
3370 2170
3371 653
3372 1466
3373 3163
3374 180
3375 2270
3376 3126
3377 480
3378 2966
3379 1549
3380 1681
3381 3221
3382 1049
3383 1303
3384 3018
3385 1613
3386 2354
3387 305
3388 2700
3389 2935
3390 2642
3391 642
3392 2610
3393 170
3394 1201
3395 2884
3396 69
3397 2413
3398 346
3399 148
3400 1498
3401 1457
3402 687
3403 625
3404 871
3405 1117
3406 2739
3407 1853
3408 1149
3409 417
3410 449
3411 1326
3412 447
3413 953
3414 831
3415 437
3416 657
3417 114
3418 1082
3419 817
3420 1072
3421 62
3422 2116
3423 2821
3424 1612
3425 29
3426 2928
3427 555
3428 2390
3429 93
3430 87
3431 3010
3432 185
3433 1097
3434 957
3435 40
3436 1840
3437 1029
3438 947
3439 760
3440 508
3441 1402
3442 1263
3443 208
3444 323
3445 135
3446 348
3447 2324
3448 1180
3449 897
3450 303
3451 2713
3452 1786
3453 210
3454 1174
3455 781
3456 1312
3457 48
3458 1924
3459 51
3460 2824
3461 2343
3462 1254
3463 331
3464 96
3465 1022
3466 1260
3467 55
3468 1577
3469 81
3470 309
3471 2688
3472 2901
3473 66
3474 83
3475 2659
3476 94
3477 3052
3478 329
3479 1830
3480 1886
3481 1759
3482 1642
3483 245
3484 66
3485 76
3486 690
3487 2607
3488 551
3489 434
3490 99
3491 90
3492 2730
3493 2627
3494 468
3495 494
3496 1074
3497 908
3498 203
3499 2641
3500 1294
3501 973
3502 1613
3503 519
3504 852
3505 1230
3506 2462
3507 75
3508 75
3509 75
3510 256
3511 2924
3512 2976
3513 685
3514 78
3515 680
3516 274
3517 3169
3518 1812
3519 80
3520 80
3521 3057
3522 2358
3523 3230
3524 485
3525 1121
3526 80
3527 227
3528 1079
3529 1041
3530 453
3531 2812
3532 901
3533 435
3534 1030
3535 1390
3536 2527
3537 1496
3538 90
3539 1056
3540 354
3541 90
3542 92
3543 1965
3544 3316
3545 1043
3546 1305
3547 702
3548 349
3549 3153
3550 342
3551 2864
3552 731
3553 1175
3554 3191
3555 779
3556 1955
3557 587
3558 95
3559 663
3560 95
3561 95
3562 95
3563 1361
3564 270
3565 95
3566 95
3567 1114
3568 2066
3569 95
3570 593
3571 3220
3572 117
3573 2395
3574 2186
3575 98
3576 2925
3577 2093
3578 2548
3579 692
3580 791
3581 2819
3582 733
3583 1009
3584 99
3585 412
3586 1348
3587 1371
3588 2668
3589 99
3590 269
3591 104
3592 99
3593 2749
3594 140
3595 361
3596 1215
3597 420
3598 502
3599 99
3600 3059
3601 2658
3602 2410
3603 2465
3604 1758
3605 161
3606 99
3607 286
3608 371
3609 915
3610 181
3611 1421
3612 792
3613 1795
3614 600
3615 99
3616 99
3617 99
3618 2984
3619 99
3620 2654
3621 3234
3622 722
3623 339
3624 1536
3625 2404
3626 1923
3627 1103
3628 199
3629 406
3630 99
3631 670
3632 220
3633 2011
3634 531
3635 2946
3636 99
3637 2941
3638 1757
3639 188
3640 2060
3641 99
3642 99
3643 1027
3644 1293
3645 362
3646 154
3647 272
3648 1077
3649 1794
3650 99
3651 903
3652 1450
3653 99
3654 618
3655 99
3656 2940
3657 3111
3658 755
3659 258
3660 2539
3661 99
3662 2396
3663 510
3664 216
3665 783
3666 2265
3667 359
3668 710
3669 99
3670 99
3671 972
3672 200
3673 2273
3674 900
3675 3372
3676 1591
3677 99
3678 372
3679 2640
3680 1939
3681 862
3682 178
3683 234
3684 100
3685 1962
3686 2022
3687 3203
3688 2159
3689 659
3690 2295
3691 1354
3692 107
3693 1076
3694 834
3695 472
3696 1806
3697 1365
3698 455
3699 206
3700 3085
3701 498
3702 2156
3703 3256
3704 442
3705 2260
3706 457
3707 1383
3708 2152
3709 114
3710 895
3711 3337
3712 1976
3713 1136
3714 1064
3715 146
3716 3155
3717 1880
3718 282
3719 2384
3720 116
3721 116
3722 3322
3723 1909
3724 116
3725 2441
3726 117
3727 1665
3728 2769
3729 1282
3730 704
3731 682
3732 121
3733 1533
3734 2313
3735 3102
3736 1513
3737 1504
3738 1284
3739 3161
3740 1567
3741 1816
3742 548
3743 156
3744 1933
3745 2874
3746 121
3747 3393
3748 1108
3749 121
3750 121
3751 246
3752 122
3753 302
3754 894
3755 697
3756 1210
3757 524
3758 746
3759 1508
3760 797
3761 2041
3762 165
3763 131
3764 2362
3765 1303
3766 131
3767 3374
3768 3123
3769 1427
3770 3240
3771 131
3772 1670
3773 640
3774 131
3775 131
3776 235
3777 1680
3778 131
3779 624
3780 3069
3781 131
3782 1661
3783 131
3784 608
3785 226
3786 2731
3787 242
3788 132
3789 506
3790 1167
3791 396
3792 375
3793 1945
3794 2802
3795 137
3796 137
3797 2909
3798 2573
3799 139
3800 1569
3801 1516
3802 526
3803 1407
3804 1686
3805 182
3806 140
3807 140
3808 2192
3809 140
3810 142
3811 378
3812 2456
3813 146
3814 148
3815 1644
3816 358
3817 155
3818 1016
3819 1817
3820 3168
3821 3118
3822 1512
3823 1297
3824 197
3825 2612
3826 155
3827 155
3828 3024
3829 255
3830 211
3831 865
3832 2346
3833 1287
3834 562
3835 823
3836 1674
3837 1141
3838 2594
3839 2618
3840 3098
3841 164
3842 1992
3843 264
3844 327
3845 1129
3846 1780
3847 392
3848 825
3849 171
3850 418
3851 2801
3852 284
3853 172
3854 463
3855 172
3856 2163
3857 3150
3858 3371
3859 172
3860 172
3861 3087
3862 1767
3863 771
3864 1177
3865 916
3866 172
3867 1004
3868 2267
3869 748
3870 726
3871 384
3872 1203
3873 1562
3874 2899
3875 252
3876 1999
3877 2867
3878 431
3879 195
3880 1124
3881 620
3882 196
3883 196
3884 561
3885 636
3886 1743
3887 1107
3888 2614
3889 2143
3890 1400
3891 210
3892 700
3893 2228
3894 3109
3895 220
3896 1486
3897 1862
3898 223
3899 2031
3900 225
3901 1327
3902 1741
3903 622
3904 1742
3905 1775
3906 1524
3907 262
3908 231
3909 2649
3910 2619
3911 686
3912 239
3913 2623
3914 242
3915 242
3916 1787
3917 3021
3918 477
3919 247
3920 318
3921 2847
3922 249
3923 1633
3924 1648
3925 1571
3926 2380
3927 699
3928 2718
3929 2736
3930 325
3931 688
3932 291
3933 3131
3934 256
3935 732
3936 1170
3937 256
3938 1240
3939 1942
3940 1477
3941 3144
3942 995
3943 2559
3944 401
3945 1278
3946 259
3947 259
3948 736
3949 259
3950 259
3951 2088
3952 1366
3953 261
3954 407
3955 1019
3956 262
3957 1835
3958 262
3959 262
3960 353
3961 1931
3962 703
3963 1468
3964 262
3965 262
3966 1417
3967 262
3968 2793
3969 1663
3970 368
3971 3325
3972 1490
3973 262
3974 2293
3975 264
3976 1608
3977 926
3978 2624
3979 267
3980 289
3981 267
3982 2990
3983 267
3984 913
3985 2613
3986 2213
3987 567
3988 1318
3989 948
3990 885
3991 1160
3992 268
3993 1582
3994 269
3995 2835
3996 1040
3997 2633
3998 1529
3999 993
4000 1896
4001 2458
4002 891
4003 280
4004 1586
4005 280
4006 282
4007 571
4008 806
4009 282
4010 3079
4011 282
4012 282
4013 1132
4014 1002
4015 282
4016 2752
4017 288
4018 288
4019 288
4020 1078
4021 763
4022 2072
4023 2139
4024 397
4025 2491
4026 664
4027 1255
4028 2687
4029 373
4030 293
4031 565
4032 1302
4033 344
4034 293
4035 1712
4036 2257
4037 1841
4038 2457
4039 293
4040 2177
4041 590
4042 1145
4043 1530
4044 3099
4045 293
4046 293
4047 667
4048 293
4049 293
4050 293
4051 293
4052 293
4053 1014
4054 295
4055 1271
4056 2258
4057 2761
4058 709
4059 3007
4060 1636
4061 1908
4062 300
4063 300
4064 300
4065 300
4066 1186
4067 303
4068 458
4069 2037
4070 3319
4071 1115
4072 3387
4073 2423
4074 2766
4075 1555
4076 443
4077 305
4078 1147
4079 305
4080 2051
4081 837
4082 310
4083 310
4084 1843
4085 1152
4086 313
4087 554
4088 313
4089 2259
4090 1301
4091 465
4092 314
4093 314
4094 314
4095 1109
4096 314
4097 719
4098 2046
4099 3235
4100 1860
4101 314
4102 1000
4103 314
4104 1688
4105 388
4106 317
4107 723
4108 503
4109 802
4110 1807
4111 1495
4112 325
4113 334
4114 629
4115 708
4116 1506
4117 336
4118 336
4119 2683
4120 1126
4121 3226
4122 2894
4123 338
4124 1539
4125 1881
4126 2134
4127 2609
4128 338
4129 338
4130 338
4131 1917
4132 338
4133 1023
4134 1610
4135 671
4136 338
4137 338
4138 2489
4139 1204
4140 493
4141 338
4142 2008
4143 1238
4144 470
4145 2180
4146 1952
4147 1984
4148 343
4149 1239
4150 3377
4151 345
4152 800
4153 2376
4154 345
4155 2289
4156 1276
4157 3061
4158 2557
4159 2068
4160 573
4161 513
4162 3233
4163 352
4164 546
4165 1554
4166 637
4167 364
4168 365
4169 577
4170 365
4171 366
4172 366
4173 367
4174 1534
4175 1409
4176 824
4177 2555
4178 1714
4179 370
4180 2234
4181 2406
4182 3129
4183 1611
4184 370
4185 436
4186 941
4187 769
4188 1574
4189 373
4190 2266
4191 376
4192 376
4193 2563
4194 2334
4195 1330
4196 379
4197 2807
4198 662
4199 2910
4200 1403
4201 386
4202 386
4203 951
4204 386
4205 3120
4206 2363
4207 596
4208 3030
4209 413
4210 1046
4211 1091
4212 839
4213 2165
4214 388
4215 388
4216 2797
4217 388
4218 1178
4219 1376
4220 3378
4221 2694
4222 1095
4223 606
4224 389
4225 388
4226 1313
4227 1684
4228 414
4229 2392
4230 388
4231 1832
4232 3154
4233 1697
4234 1062
4235 1242
4236 2277
4237 1051
4238 1285
4239 398
4240 1341
4241 836
4242 2144
4243 958
4244 2386
4245 1738
4246 3328
4247 2217
4248 3317
4249 1144
4250 405
4251 2634
4252 406
4253 406
4254 652
4255 406
4256 3198
4257 407
4258 821
4259 2111
4260 549
4261 407
4262 407
4263 853
4264 1455
4265 816
4266 409
4267 409
4268 409
4269 1575
4270 1086
4271 409
4272 1710
4273 527
4274 409
4275 1197
4276 2128
4277 412
4278 412
4279 1031
4280 1394
4281 412
4282 1647
4283 924
4284 711
4285 747
4286 419
4287 1770
4288 419
4289 475
4290 495
4291 419
4292 762
4293 419
4294 1745
4295 1436
4296 421
4297 1137
4298 423
4299 423
4300 445
4301 3074
4302 490
4303 424
4304 1233
4305 428
4306 428
4307 1765
4308 430
4309 430
4310 1632
4311 720
4312 3205
4313 3247
4314 661
4315 2483
4316 2471
4317 1701
4318 2808
4319 2231
4320 456
4321 2038
4322 1511
4323 433
4324 2728
4325 580
4326 437
4327 438
4328 3040
4329 3146
4330 3064
4331 3288
4332 3027
4333 439
4334 2765
4335 1315
4336 1089
4337 439
4338 1760
4339 2681
4340 439
4341 1123
4342 439
4343 440
4344 1828
4345 1314
4346 443
4347 1359
4348 443
4349 445
4350 2679
4351 2083
4352 1769
4353 446
4354 446
4355 447
4356 2394
4357 987
4358 1201
4359 2750
4360 2617
4361 2664
4362 1155
4363 458
4364 3038
4365 459
4366 2635
4367 459
4368 647
4369 2505
4370 627
4371 3265
4372 890
4373 1522
4374 1804
4375 463
4376 1868
4377 971
4378 1551
4379 2908
4380 478
4381 471
4382 2367
4383 477
4384 478
4385 482
4386 1936
4387 1452
4388 485
4389 485
4390 487
4391 487
4392 487
4393 487
4394 1991
4395 3363
4396 2374
4397 490
4398 1431
4399 490
4400 491
4401 1228
4402 845
4403 492
4404 498
4405 498
4406 1143
4407 501
4408 501
4409 504
4410 504
4411 1250
4412 505
4413 2755
4414 2195
4415 507
4416 507
4417 655
4418 507
4419 507
4420 789
4421 2939
4422 2860
4423 507
4424 2979
4425 509
4426 510
4427 510
4428 510
4429 714
4430 513
4431 514
4432 514
4433 927
4434 2187
4435 3097
4436 517
4437 520
4438 2328
4439 3211
4440 2136
4441 2079
4442 1165
4443 522
4444 1135
4445 522
4446 523
4447 1069
4448 526
4449 1601
4450 530
4451 530
4452 965
4453 764
4454 530
4455 530
4456 2092
4457 1008
4458 2982
4459 3070
4460 530
4461 531
4462 1234
4463 782
4464 544
4465 887
4466 543
4467 544
4468 548
4469 569
4470 548
4471 548
4472 2190
4473 548
4474 611
4475 548
4476 2914
4477 1068
4478 1309
4479 552
4480 2740
4481 2185
4482 1451
4483 552
4484 1340
4485 2090
4486 635
4487 1356
4488 3344
4489 3121
4490 554
4491 554
4492 554
4493 2114
4494 2467
4495 554
4496 2655
4497 554
4498 665
4499 555
4500 2255
4501 556
4502 556
4503 556
4504 1935
4505 725
4506 2347
4507 1619
4508 2356
4509 1398
4510 1986
4511 556
4512 2341
4513 1782
4514 919
4515 998
4516 557
4517 558
4518 558
4519 559
4520 559
4521 2657
4522 619
4523 561
4524 561
4525 950
4526 562
4527 1296
4528 1105
4529 565
4530 565
4531 3389
4532 2598
4533 3160
4534 2492
4535 674
4536 1223
4537 1360
4538 568
4539 861
4540 1622
4541 1605
4542 572
4543 3032
4544 1453
4545 576
4546 693
4547 2077
4548 1855
4549 1381
4550 585
4551 1916
4552 2499
4553 587
4554 587
4555 588
4556 1907
4557 2141
4558 2411
4559 1083
4560 592
4561 593
4562 898
4563 2101
4564 1026
4565 1324
4566 604
4567 3274
4568 604
4569 1838
4570 618
4571 618
4572 1034
4573 1751
4574 847
4575 2696
4576 2541
4577 2561
4578 2967
4579 1641
4580 1018
4581 1899
4582 625
4583 1416
4584 2503
4585 1487
4586 2482
4587 1943
4588 684
4589 809
4590 3292
4591 2695
4592 1677
4593 669
4594 2884
4595 634
4596 2711
4597 978
4598 3174
4599 640
4600 689
4601 1158
4602 640
4603 640
4604 3391
4605 3231
4606 2078
4607 770
4608 644
4609 2744
4610 1629
4611 644
4612 1370
4613 874
4614 828
4615 3266
4616 681
4617 649
4618 649
4619 1980
4620 649
4621 649
4622 1229
4623 2569
4624 652
4625 2888
4626 652
4627 652
4628 652
4629 1624
4630 840
4631 1659
4632 654
4633 3173
4634 654
4635 775
4636 2581
4637 654
4638 654
4639 654
4640 1960
4641 656
4642 1279
4643 658
4644 2891
4645 658
4646 2988
4647 734
4648 661
4649 661
4650 2524
4651 1127
4652 667
4653 667
4654 667
4655 667
4656 855
4657 925
4658 3003
4659 2788
4660 1789
4661 668
4662 1461
4663 669
4664 1454
4665 990
4666 669
4667 3176
4668 669
4669 1810
4670 2551
4671 671
4672 2221
4673 2546
4674 673
4675 674
4676 674
4677 2080
4678 675
4679 675
4680 728
4681 1480
4682 2916
4683 679
4684 2425
4685 683
4686 2737
4687 683
4688 2661
4689 684
4690 985
4691 936
4692 684
4693 2377
4694 689
4695 689
4696 2000
4697 689
4698 690
4699 1444
4700 692
4701 1057
4702 694
4703 2515
4704 696
4705 1237
4706 700
4707 700
4708 1208
4709 1958
4710 3077
4711 1412
4712 704
4713 876
4714 761
4715 3223
4716 2992
4717 803
4718 704
4719 2209
4720 704
4721 1099
4722 704
4723 1332
4724 704
4725 1037
4726 2123
4727 1196
4728 2288
4729 704
4730 704
4731 997
4732 1292
4733 1138
4734 1673
4735 1725
4736 2216
4737 1059
4738 917
4739 716
4740 2096
4741 1678
4742 835
4743 728
4744 1808
4745 728
4746 1060
4747 729
4748 991
4749 1890
4750 1475
4751 2189
4752 742
4753 740
4754 1102
4755 740
4756 1295
4757 741
4758 2637
4759 2364
4760 1432
4761 743
4762 744
4763 860
4764 1911
4765 744
4766 1879
4767 744
4768 744
4769 2974
4770 1558
4771 3259
4772 930
4773 745
4774 744
4775 744
4776 744
4777 2545
4778 744
4779 744
4780 1355
4781 744
4782 749
4783 752
4784 755
4785 755
4786 932
4787 2865
4788 2039
4789 2789
4790 766
4791 768
4792 768
4793 770
4794 770
4795 770
4796 1581
4797 1085
4798 2275
4799 1638
4800 3254
4801 2861
4802 2071
4803 770
4804 770
4805 2218
4806 1704
4807 2764
4808 770
4809 770
4810 770
4811 770
4812 819
4813 1521
4814 3107
4815 2970
4816 3356
4817 1527
4818 770
4819 770
4820 1270
4821 2059
4822 770
4823 2279
4824 1989
4825 770
4826 1006
4827 1667
4828 1889
4829 1594
4830 770
4831 2048
4832 770
4833 2306
4834 770
4835 770
4836 770
4837 770
4838 1065
4839 770
4840 1915
4841 770
4842 771
4843 771
4844 2194
4845 774
4846 774
4847 2985
4848 1700
4849 3262
4850 1337
4851 781
4852 2350
4853 783
4854 784
4855 1333
4856 786
4857 2138
4858 1410
4859 786
4860 786
4861 787
4862 2671
4863 1199
4864 2784
4865 793
4866 2707
4867 793
4868 1166
4869 1442
4870 838
4871 1737
4872 2154
4873 1275
4874 793
4875 793
4876 793
4877 793
4878 1474
4879 794
4880 2825
4881 3023
4882 795
4883 2191
4884 2261
4885 2197
4886 798
4887 2442
4888 2777
4889 3334
4890 866
4891 808
4892 809
4893 809
4894 809
4895 809
4896 2416
4897 1226
4898 809
4899 809
4900 809
4901 810
4902 2331
4903 2734
4904 810
4905 812
4906 2361
4907 812
4908 1630
4909 812
4910 1038
4911 974
4912 896
4913 812
4914 1603
4915 1668
4916 1566
4917 2712
4918 1283
4919 3008
4920 1588
4921 1300
4922 812
4923 1523
4924 1373
4925 875
4926 2021
4927 2514
4928 812
4929 2743
4930 3204
4931 812
4932 2588
4933 812
4934 812
4935 812
4936 812
4937 812
4938 1435
4939 3050
4940 2516
4941 813
4942 1583
4943 815
4944 2893
4945 1922
4946 820
4947 820
4948 1734
4949 1693
4950 827
4951 827
4952 830
4953 2729
4954 831
4955 831
4956 2296
4957 831
4958 2460
4959 831
4960 1607
4961 2811
4962 2169
4963 2937
4964 832
4965 835
4966 839
4967 839
4968 2303
4969 1150
4970 842
4971 2148
4972 2241
4973 2906
4974 843
4975 1256
4976 847
4977 1597
4978 847
4979 847
4980 1609
4981 962
4982 847
4983 2235
4984 1052
4985 3179
4986 848
4987 1708
4988 3145
4989 851
4990 851
4991 2478
4992 851
4993 2129
4994 853
4995 2379
4996 984
4997 1190
4998 2226
4999 2340
5000 1446
5001 855
5002 3336
5003 2381
5004 860
5005 860
5006 2032
5007 860
5008 862
5009 862
5010 996
5011 864
5012 2794
5013 966
5014 3172
5015 1929
5016 2238
5017 1675
5018 865
5019 867
5020 867
5021 2389
5022 872
5023 2300
5024 875
5025 2890
5026 1140
5027 3384
5028 876
5029 1814
5030 2237
5031 1317
5032 877
5033 1090
5034 2647
5035 2636
5036 880
5037 880
5038 1792
5039 880
5040 1800
5041 881
5042 882
5043 1003
5044 882
5045 2727
5046 884
5047 3138
5048 1258
5049 889
5050 893
5051 895
5052 896
5053 2791
5054 896
5055 896
5056 896
5057 1635
5058 905
5059 2102
5060 896
5061 896
5062 1463
5063 896
5064 896
5065 1478
5066 896
5067 896
5068 1232
5069 1482
5070 896
5071 2214
5072 2447
5073 2508
5074 902
5075 1676
5076 2554
5077 2817
5078 905
5079 907
5080 2338
5081 1669
5082 3313
5083 1039
5084 910
5085 1320
5086 912
5087 1088
5088 1488
5089 1098
5090 916
5091 918
5092 919
5093 924
5094 924
5095 924
5096 925
5097 2481
5098 925
5099 928
5100 2883
5101 1066
5102 2562
5103 1025
5104 931
5105 931
5106 931
5107 931
5108 931
5109 933
5110 2366
5111 1542
5112 3043
5113 937
5114 937
5115 937
5116 940
5117 941
5118 1532
5119 1859
5120 943
5121 943
5122 1375
5123 2786
5124 1139
5125 1839
5126 949
5127 956
5128 1735
5129 2431
5130 959
5131 3163
5132 1616
5133 2995
5134 964
5135 1646
5136 967
5137 970
5138 980
5139 1458
5140 3086
5141 976
5142 1604
5143 980
5144 980
5145 981
5146 983
5147 2453
5148 983
5149 985
5150 2160
5151 3194
5152 2591
5153 1690
5154 986
5155 1869
5156 986
5157 2977
5158 988
5159 2805
5160 1261
5161 3066
5162 992
5163 2476
5164 992
5165 992
5166 992
5167 993
5168 993
5169 993
5170 1045
5171 993
5172 2146
5173 3199
5174 1657
5175 1000
5176 1001
5177 3248
5178 1556
5179 1791
5180 1001
5181 2117
5182 1001
5183 2026
5184 1001
5185 3275
5186 1001
5187 1001
5188 1391
5189 1001
5190 1216
5191 1625
5192 1964
5193 1002
5194 1006
5195 1006
5196 1006
5197 1006
5198 1116
5199 1996
5200 1006
5201 1092
5202 1006
5203 2335
5204 1162
5205 1006
5206 1439
5207 1845
5208 1013
5209 2030
5210 3392
5211 1015
5212 2081
5213 1016
5214 1983
5215 1018
5216 1018
5217 1128
5218 1019
5219 1019
5220 1019
5221 1021
5222 1021
5223 1023
5224 1579
5225 2685
5226 1025
5227 1026
5228 1027
5229 1029
5230 1030
5231 2907
5232 2268
5233 1030
5234 1030
5235 1030
5236 1323
5237 1722
5238 2919
5239 1593
5240 1030
5241 1913
5242 1030
5243 2009
5244 2409
5245 1030
5246 2934
5247 1030
5248 1030
5249 2879
5250 1030
5251 2680
5252 1030
5253 1035
5254 2402
5255 1037
5256 1038
5257 1038
5258 1038
5259 1154
5260 1038
5261 1038
5262 1038
5263 1038
5264 2674
5265 1038
5266 2996
5267 1225
5268 2631
5269 3349
5270 1122
5271 1598
5272 1048
5273 1049
5274 1049
5275 1049
5276 3382
5277 1051
5278 1051
5279 2747
5280 1052
5281 1055
5282 1055
5283 1056
5284 1056
5285 1057
5286 1621
5287 3188
5288 1627
5289 1061
5290 1338
5291 2193
5292 1061
5293 2978
5294 1061
5295 1062
5296 1064
5297 1064
5298 1460
5299 1064
5300 1064
5301 1065
5302 1065
5303 1066
5304 1067
5305 1067
5306 1070
5307 2050
5308 1075
5309 2556
5310 3229
5311 2854
5312 2971
5313 3305
5314 1075
5315 1075
5316 2015
5317 1075
5318 1075
5319 1078
5320 1079
5321 2490
5322 1269
5323 1572
5324 3091
5325 1080
5326 1080
5327 2082
5328 1336
5329 1080
5330 2158
5331 1649
5332 2723
5333 1085
5334 1089
5335 1089
5336 1089
5337 1281
5338 1146
5339 1090
5340 1090
5341 2646
5342 1570
5343 1802
5344 1937
5345 1364
5346 2954
5347 2593
5348 2202
5349 1892
5350 1093
5351 1093
5352 1093
5353 1520
5354 1093
5355 2053
5356 1093
5357 1969
5358 3084
5359 2849
5360 1805
5361 1095
5362 1253
5363 1095
5364 2087
5365 3289
5366 1096
5367 1097
5368 1408
5369 1100
5370 1473
5371 1100
5372 1671
5373 1100
5374 1100
5375 1100
5376 1100
5377 3331
5378 1101
5379 1101
5380 1101
5381 1747
5382 2239
5383 1101
5384 1101
5385 1681
5386 1101
5387 1948
5388 3051
5389 1184
5390 2651
5391 2956
5392 1103
5393 1788
5394 3067
5395 1103
5396 2871
5397 1241
5398 2052
5399 2787
5400 1106
5401 1106
5402 1106
5403 1106
5404 1549
5405 1378
5406 1106
5407 1848
5408 2691
5409 1106
5410 2600
5411 1106
5412 1106
5413 1106
5414 1106
5415 1107
5416 1107
5417 1763
5418 1107
5419 1799
5420 1107
5421 1108
5422 1519
5423 2452
5424 1109
5425 1109
5426 1109
5427 1109
5428 1109
5429 1887
5430 1109
5431 1109
5432 1854
5433 1110
5434 2772
5435 2173
5436 2109
5437 1707
5438 1114
5439 1114
5440 1115
5441 1115
5442 1116
5443 1118
5444 2994
5445 1565
5446 1119
5447 1119
5448 1119
5449 1467
5450 1119
5451 1119
5452 2676
5453 1120
5454 1120
5455 1120
5456 1342
5457 1122
5458 1440
5459 1988
5460 1125
5461 1125
5462 1125
5463 1127
5464 1127
5465 2329
5466 1129
5467 1953
5468 1131
5469 1781
5470 1956
5471 1310
5472 1134
5473 1156
5474 1134
5475 3141
5476 1231
5477 1135
5478 1138
5479 1138
5480 1142
5481 2950
5482 1144
5483 1144
5484 1144
5485 1146
5486 1146
5487 1148
5488 1148
5489 2089
5490 1150
5491 1150
5492 1152
5493 1152
5494 1153
5495 1153
5496 1157
5497 1157
5498 1694
5499 1158
5500 3117
5501 1159
5502 2827
5503 1920
5504 1165
5505 3273
5506 1906
5507 1165
5508 1168
5509 1171
5510 1357
5511 1640
5512 1171
5513 2487
5514 1172
5515 1172
5516 1172
5517 1174
5518 1174
5519 1174
5520 2771
5521 1174
5522 1492
5523 3028
5524 1178
5525 1178
5526 1178
5527 1180
5528 3353
5529 1182
5530 1188
5531 1188
5532 1188
5533 1288
5534 3201
5535 1197
5536 1650
5537 3394
5538 2033
5539 2042
5540 1201
5541 1201
5542 1201
5543 1201
5544 1201
5545 1203
5546 2851
5547 1203
5548 2682
5549 1865
5550 1219
5551 1203
5552 2155
5553 1203
5554 1203
5555 3323
5556 1203
5557 1203
5558 2486
5559 1510
5560 1203
5561 1203
5562 2570
5563 1203
5564 2247
5565 1206
5566 1206
5567 1206
5568 1206
5569 3193
5570 1206
5571 1540
5572 1206
5573 1325
5574 1207
5575 1981
5576 1445
5577 1207
5578 1207
5579 2168
5580 1210
5581 2828
5582 1212
5583 1212
5584 1213
5585 1214
5586 1683
5587 1772
5588 2902
5589 1224
5590 1225
5591 3308
5592 1225
5593 2122
5594 1225
5595 1226
5596 1226
5597 1227
5598 1228
5599 1228
5600 2571
5601 1230
5602 2304
5603 1230
5604 2201
5605 1230
5606 1230
5607 1919
5608 1230
5609 2184
5610 1231
5611 2428
5612 1231
5613 1573
5614 1233
5615 1234
5616 1234
5617 1234
5618 1901
5619 1234
5620 2301
5621 1234
5622 1234
5623 1234
5624 1951
5625 1234
5626 1234
5627 1234
5628 2436
5629 1618
5630 1950
5631 1234
5632 3162
5633 3092
5634 1234
5635 1234
5636 2276
5637 1234
5638 1234
5639 1234
5640 1234
5641 1234
5642 1234
5643 1234
5644 1234
5645 1234
5646 1234
5647 1234
5648 2660
5649 1234
5650 1234
5651 1234
5652 2625
5653 3285
5654 2230
5655 1234
5656 1234
5657 1234
5658 1234
5659 1234
5660 2853
5661 1234
5662 1235
5663 1235
5664 1447
5665 3060
5666 1244
5667 1245
5668 2814
5669 3209
5670 1248
5671 1861
5672 1914
5673 1251
5674 1252
5675 2611
5676 1623
5677 1631
5678 2479
5679 1256
5680 1256
5681 1256
5682 1257
5683 3369
5684 1257
5685 1258
5686 1464
5687 1406
5688 1658
5689 1903
5690 1265
5691 1265
5692 2672
5693 1856
5694 1269
5695 1269
5696 1269
5697 1438
5698 2510
5699 2113
5700 3358
5701 1272
5702 1272
5703 1272
5704 1272
5705 1273
5706 1643
5707 2108
5708 1274
5709 1946
5710 1276
5711 1277
5712 1277
5713 1277
5714 1280
5715 1281
5716 1281
5717 1281
5718 1281
5719 2125
5720 1281
5721 1282
5722 1284
5723 1285
5724 3189
5725 1387
5726 2645
5727 1286
5728 2767
5729 1288
5730 1288
5731 1289
5732 1290
5733 1290
5734 1651
5735 3011
5736 1292
5737 1292
5738 1292
5739 1295
5740 1774
5741 3143
5742 1299
5743 1299
5744 1739
5745 2245
5746 1891
5747 1299
5748 1299
5749 1299
5750 1299
5751 1299
5752 1299
5753 2782
5754 1299
5755 2383
5756 1299
5757 1299
5758 1299
5759 2957
5760 1299
5761 2025
5762 1299
5763 1299
5764 1299
5765 1299
5766 1299
5767 3197
5768 1299
5769 1335
5770 1301
5771 2544
5772 1499
5773 1885
5774 1301
5775 1301
5776 1301
5777 1592
5778 1301
5779 1301
5780 1301
5781 1301
5782 1543
5783 1301
5784 1301
5785 1302
5786 1302
5787 3383
5788 1303
5789 3222
5790 1303
5791 1304
5792 1307
5793 1307
5794 3237
5795 1307
5796 1307
5797 1307
5798 1307
5799 1307
5800 2804
5801 1310
5802 1311
5803 2706
5804 2751
5805 2094
5806 2449
5807 1312
5808 1415
5809 2948
5810 1380
5811 1312
5812 1316
5813 1316
5814 2095
5815 2212
5816 1316
5817 1317
5818 1317
5819 1317
5820 1317
5821 1317
5822 2069
5823 1319
5824 2584
5825 1319
5826 1320
5827 1793
5828 1324
5829 1538
5830 2722
5831 1850
5832 1325
5833 1368
5834 1327
5835 1328
5836 1329
5837 1329
5838 3330
5839 1884
5840 1389
5841 2251
5842 1595
5843 1341
5844 3355
5845 1343
5846 1585
5847 1778
5848 1344
5849 1344
5850 1895
5851 1345
5852 2003
5853 2550
5854 1349
5855 1350
5856 1350
5857 1350
5858 1350
5859 2667
5860 1350
5861 1351
5862 1351
5863 2872
5864 1351
5865 1352
5866 1352
5867 2469
5868 1352
5869 1485
5870 1352
5871 1829
5872 1352
5873 1352
5874 1352
5875 1352
5876 1352
5877 1352
5878 1352
5879 1352
5880 2339
5881 2443
5882 1352
5883 2132
5884 1352
5885 1352
5886 1352
5887 1706
5888 1352
5889 1352
5890 1352
5891 1352
5892 3048
5893 1352
5894 1352
5895 1352
5896 1352
5897 1776
5898 1985
5899 1352
5900 1352
5901 1352
5902 1352
5903 1352
5904 1352
5905 1352
5906 1750
5907 1352
5908 1666
5909 3270
5910 1352
5911 1352
5912 2422
5913 1481
5914 1352
5915 1352
5916 1352
5917 2496
5918 1352
5919 3338
5920 1352
5921 3329
5922 2642
5923 1352
5924 1617
5925 1744
5926 1352
5927 1352
5928 1352
5929 1846
5930 1472
5931 1352
5932 1352
5933 2877
5934 1352
5935 1352
5936 1352
5937 1352
5938 1352
5939 1379
5940 2602
5941 1352
5942 1352
5943 1518
5944 1352
5945 1352
5946 1352
5947 1352
5948 1352
5949 1353
5950 1353
5951 1355
5952 1358
5953 1358
5954 1358
5955 1360
5956 2639
5957 1362
5958 1363
5959 1363
5960 2020
5961 3280
5962 1766
5963 1365
5964 2540
5965 1366
5966 1366
5967 1664
5968 1366
5969 2943
5970 1366
5971 1370
5972 3364
5973 1370
5974 2673
5975 1370
5976 1371
5977 1371
5978 2597
5979 1372
5980 1374
5981 2204
5982 1374
5983 3055
5984 1374
5985 1515
5986 1374
5987 1376
5988 1376
5989 1376
5990 1376
5991 1376
5992 1376
5993 1376
5994 1378
5995 1378
5996 1379
5997 1379
5998 3192
5999 1381
6000 1822
6001 1381
6002 1382
6003 2375
6004 1383
6005 3080
6006 1386
6007 1386
6008 1944
6009 1388
6010 1388
6011 1390
6012 1390
6013 3195
6014 1752
6015 1392
6016 1392
6017 1392
6018 1392
6019 3113
6020 1392
6021 1393
6022 1394
6023 1397
6024 1397
6025 1397
6026 1397
6027 2161
6028 3014
6029 1400
6030 1400
6031 1400
6032 1400
6033 1402
6034 1403
6035 1403
6036 1947
6037 1404
6038 2349
6039 2543
6040 1409
6041 2558
6042 1411
6043 1412
6044 1412
6045 1412
6046 2006
6047 3128
6048 2057
6049 1412
6050 1412
6051 1412
6052 1412
6053 2560
6054 2538
6055 2690
6056 1412
6057 1413
6058 1413
6059 2589
6060 1798
6061 1479
6062 1971
6063 1417
6064 1420
6065 1428
6066 1422
6067 1422
6068 1422
6069 1422
6070 1423
6071 2225
6072 1423
6073 2178
6074 2834
6075 1872
6076 1423
6077 1423
6078 1423
6079 1443
6080 1423
6081 1423
6082 1423
6083 1423
6084 2820
6085 1423
6086 1425
6087 1425
6088 1990
6089 1761
6090 1430
6091 1432
6092 3298
6093 1433
6094 2533
6095 1975
6096 1439
6097 1439
6098 2446
6099 1440
6100 1443
6101 2504
6102 2517
6103 1535
6104 1443
6105 2511
6106 1444
6107 1444
6108 1444
6109 1444
6110 1445
6111 1445
6112 1445
6113 1505
6114 1445
6115 3282
6116 1445
6117 3268
6118 2369
6119 1445
6120 1445
6121 1445
6122 1445
6123 2250
6124 1445
6125 1449
6126 1452
6127 2119
6128 1825
6129 1456
6130 1456
6131 1777
6132 1459
6133 1460
6134 2951
6135 1703
6136 2290
6137 1462
6138 1462
6139 2699
6140 1462
6141 1462
6142 2333
6143 1719
6144 1875
6145 1462
6146 1462
6147 1462
6148 2142
6149 1564
6150 3159
6151 1465
6152 1465
6153 1692
6154 1465
6155 1467
6156 2181
6157 2056
6158 1467
6159 1468
6160 1469
6161 2927
6162 1471
6163 1471
6164 1474
6165 1474
6166 1474
6167 1982
6168 1475
6169 1476
6170 1587
6171 1477
6172 2998
6173 1482
6174 2310
6175 1482
6176 1482
6177 1482
6178 1746
6179 1486
6180 1486
6181 1486
6182 2223
6183 1813
6184 1934
6185 1486
6186 1815
6187 1486
6188 2438
6189 1488
6190 1489
6191 1490
6192 1495
6193 1495
6194 1783
6195 1495
6196 2497
6197 1495
6198 2656
6199 1497
6200 2315
6201 1497
6202 2993
6203 1498
6204 1498
6205 1498
6206 3177
6207 1499
6208 1499
6209 1502
6210 2110
6211 1506
6212 1506
6213 1506
6214 1506
6215 1547
6216 1510
6217 1510
6218 1590
6219 2162
6220 1552
6221 1514
6222 1514
6223 1514
6224 1516
6225 1517
6226 1932
6227 2748
6228 1522
6229 1660
6230 1527
6231 1527
6232 1527
6233 1527
6234 3029
6235 1527
6236 1527
6237 1527
6238 1527
6239 1729
6240 1527
6241 1527
6242 1527
6243 1527
6244 1527
6245 1527
6246 1527
6247 1527
6248 1527
6249 1527
6250 1527
6251 1527
6252 1527
6253 1527
6254 3250
6255 1527
6256 1527
6257 1527
6258 1527
6259 1527
6260 1527
6261 1527
6262 2921
6263 3217
6264 1527
6265 1527
6266 1527
6267 1527
6268 1527
6269 2968
6270 2064
6271 1527
6272 2880
6273 3104
6274 1527
6275 1527
6276 2615
6277 1527
6278 1527
6279 2522
6280 1527
6281 3207
6282 1527
6283 1527
6284 1527
6285 1527
6286 3290
6287 1527
6288 1898
6289 3006
6290 1527
6291 3345
6292 2776
6293 1527
6294 1527
6295 1527
6296 1527
6297 1527
6298 1527
6299 1963
6300 1527
6301 1527
6302 3335
6303 2224
6304 3332
6305 1527
6306 1527
6307 1874
6308 1527
6309 2357
6310 1527
6311 2307
6312 1527
6313 1527
6314 1527
6315 1527
6316 1527
6317 1527
6318 1527
6319 1527
6320 2702
6321 1527
6322 1527
6323 1809
6324 2775
6325 1894
6326 1527
6327 1672
6328 1527
6329 1527
6330 1527
6331 1527
6332 1527
6333 1527
6334 1527
6335 1527
6336 1527
6337 2298
6338 1527
6339 1527
6340 2047
6341 1527
6342 1527
6343 1546
6344 1527
6345 1527
6346 1527
6347 2065
6348 1966
6349 1527
6350 1527
6351 3196
6352 2698
6353 1527
6354 1527
6355 1527
6356 3342
6357 1527
6358 2054
6359 1527
6360 2034
6361 2150
6362 1527
6363 2043
6364 1682
6365 1527
6366 1527
6367 1527
6368 1527
6369 1527
6370 2710
6371 2840
6372 1527
6373 1527
6374 2936
6375 1532
6376 1537
6377 1537
6378 1540
6379 1756
6380 1541
6381 1541
6382 2839
6383 2104
6384 2166
6385 1546
6386 1546
6387 1547
6388 1547
6389 2172
6390 2370
6391 3379
6392 1560
6393 1551
6394 1552
6395 2981
6396 1554
6397 1557
6398 1557
6399 1557
6400 1557
6401 1559
6402 3148
6403 2019
6404 1564
6405 1565
6406 1565
6407 1565
6408 1565
6409 1566
6410 1566
6411 3301
6412 1566
6413 1566
6414 1566
6415 1566
6416 2430
6417 1567
6418 1567
6419 1568
6420 1568
6421 2229
6422 1569
6423 1569
6424 1883
6425 2933
6426 2700
6427 1569
6428 1569
6429 1575
6430 3049
6431 1687
6432 1577
6433 1577
6434 1577
6435 1578
6436 1578
6437 1578
6438 1578
6439 2378
6440 1579
6441 1579
6442 1580
6443 1582
6444 2466
6445 1583
6446 1831
6447 1584
6448 1584
6449 3001
6450 1588
6451 1589
6452 1589
6453 1589
6454 1589
6455 1589
6456 1592
6457 1595
6458 1595
6459 1724
6460 1596
6461 1596
6462 1596
6463 1597
6464 1857
6465 1598
6466 1598
6467 3278
6468 1602
6469 3012
6470 1598
6471 1598
6472 1598
6473 1598
6474 1709
6475 1598
6476 1598
6477 1732
6478 1598
6479 1598
6480 1598
6481 3244
6482 2780
6483 1598
6484 1598
6485 2529
6486 1598
6487 1598
6488 1653
6489 1598
6490 3241
6491 1598
6492 1598
6493 1599
6494 1602
6495 1602
6496 1602
6497 1604
6498 1993
6499 1604
6500 1604
6501 1608
6502 1608
6503 2575
6504 2758
6505 1609
6506 2270
6507 1609
6508 1609
6509 1611
6510 1785
6511 1613
6512 1613
6513 3385
6514 1613
6515 3352
6516 1615
6517 1618
6518 1619
6519 1620
6520 3236
6521 1624
6522 1624
6523 1624
6524 2263
6525 1624
6526 1910
6527 2665
6528 1626
6529 1627
6530 2590
6531 1823
6532 1630
6533 1630
6534 1630
6535 1630
6536 1630
6537 1631
6538 2076
6539 3208
6540 1876
6541 1631
6542 1631
6543 1631
6544 1631
6545 2881
6546 1631
6547 1631
6548 1973
6549 1631
6550 1631
6551 1631
6552 1631
6553 1631
6554 2415
6555 1655
6556 1631
6557 1633
6558 1635
6559 2252
6560 1639
6561 1642
6562 1644
6563 3063
6564 1645
6565 2918
6566 1645
6567 1645
6568 1647
6569 1647
6570 1647
6571 1647
6572 1648
6573 1731
6574 1648
6575 1648
6576 1648
6577 1648
6578 2393
6579 1648
6580 1877
6581 2873
6582 1648
6583 2355
6584 1652
6585 1652
6586 2023
6587 2045
6588 1655
6589 2137
6590 1656
6591 1656
6592 1656
6593 1656
6594 1657
6595 1657
6596 1658
6597 1661
6598 2798
6599 1661
6600 1661
6601 1661
6602 1663
6603 1664
6604 1664
6605 1664
6606 1664
6607 1664
6608 1978
6609 1667
6610 1668
6611 1668
6612 1668
6613 2578
6614 1668
6615 1668
6616 2397
6617 2506
6618 1668
6619 1821
6620 1668
6621 1668
6622 3263
6623 3025
6624 1668
6625 1668
6626 2242
6627 1668
6628 1668
6629 1668
6630 1668
6631 1668
6632 2572
6633 1672
6634 2495
6635 1673
6636 1674
6637 2459
6638 1676
6639 1677
6640 1803
6641 1678
6642 1678
6643 1678
6644 1678
6645 1678
6646 2949
6647 1678
6648 2426
6649 2898
6650 1678
6651 1678
6652 1678
6653 1678
6654 1678
6655 1678
6656 1696
6657 1678
6658 1678
6659 1678
6660 3255
6661 1678
6662 1678
6663 1678
6664 3101
6665 3327
6666 1678
6667 3187
6668 1678
6669 1678
6670 2135
6671 2305
6672 1678
6673 1678
6674 1678
6675 2029
6676 1878
6677 1678
6678 1678
6679 2360
6680 2960
6681 1678
6682 1678
6683 3239
6684 1678
6685 1678
6686 1678
6687 1678
6688 2211
6689 2912
6690 1678
6691 1678
6692 1678
6693 1678
6694 1678
6695 1678
6696 1678
6697 1678
6698 1678
6699 1678
6700 1678
6701 1678
6702 1678
6703 3272
6704 1680
6705 1680
6706 3243
6707 1680
6708 1680
6709 1680
6710 1680
6711 1680
6712 1994
6713 2314
6714 1680
6715 1680
6716 1680
6717 1680
6718 1680
6719 1680
6720 1680
6721 1680
6722 1754
6723 1680
6724 1680
6725 1680
6726 1680
6727 2829
6728 1680
6729 1680
6730 1680
6731 1680
6732 2836
6733 1680
6734 3081
6735 1680
6736 1680
6737 1680
6738 1680
6739 1680
6740 2606
6741 1680
6742 1680
6743 2317
6744 1680
6745 1882
6746 1680
6747 1680
6748 1680
6749 1680
6750 3190
6751 2958
6752 3380
6753 1681
6754 1681
6755 1683
6756 3302
6757 1683
6758 1684
6759 1684
6760 3366
6761 1736
6762 3286
6763 1684
6764 2359
6765 2889
6766 1690
6767 1690
6768 1690
6769 1690
6770 2980
6771 1819
6772 3093
6773 1692
6774 3343
6775 1844
6776 1697
6777 2580
6778 1698
6779 1698
6780 1699
6781 1699
6782 1726
6783 2207
6784 3122
6785 1699
6786 1699
6787 1699
6788 1930
6789 2628
6790 1699
6791 1699
6792 1699
6793 1707
6794 2391
6795 1710
6796 2599
6797 1710
6798 1710
6799 1710
6800 1710
6801 1710
6802 1710
6803 2403
6804 1712
6805 1712
6806 2574
6807 1712
6808 1712
6809 1712
6810 1712
6811 1713
6812 1713
6813 2886
6814 1713
6815 1713
6816 1740
6817 1713
6818 1713
6819 1713
6820 1713
6821 1713
6822 1713
6823 1826
6824 1713
6825 3376
6826 1714
6827 1716
6828 1721
6829 1721
6830 2964
6831 1721
6832 2407
6833 1723
6834 2552
6835 1724
6836 1724
6837 1731
6838 1731
6839 1731
6840 1731
6841 2846
6842 1731
6843 1732
6844 1734
6845 1735
6846 3044
6847 1737
6848 1737
6849 1737
6850 1737
6851 1737
6852 1737
6853 2028
6854 1738
6855 1738
6856 1741
6857 2336
6858 2857
6859 3115
6860 1741
6861 1741
6862 1741
6863 1741
6864 1741
6865 1742
6866 1745
6867 1747
6868 1756
6869 1756
6870 1756
6871 1756
6872 2432
6873 1756
6874 1756
6875 1756
6876 1756
6877 2240
6878 1758
6879 1758
6880 2547
6881 1758
6882 3386
6883 3175
6884 1758
6885 1758
6886 1758
6887 2732
6888 1759
6889 2002
6890 2622
6891 1759
6892 1759
6893 1759
6894 1759
6895 1759
6896 1759
6897 1759
6898 2131
6899 1759
6900 1759
6901 2299
6902 1760
6903 1763
6904 1763
6905 1764
6906 1974
6907 1768
6908 1912
6909 1771
6910 2352
6911 1771
6912 1771
6913 1771
6914 1771
6915 2663
6916 1771
6917 2741
6918 2770
6919 2246
6920 1771
6921 1771
6922 2999
6923 1771
6924 1771
6925 2513
6926 1772
6927 1772
6928 1772
6929 1773
6930 1774
6931 1774
6932 1774
6933 2405
6934 1775
6935 1775
6936 1775
6937 2790
6938 2399
6939 1776
6940 2294
6941 2604
6942 1776
6943 1776
6944 2098
6945 3054
6946 1888
6947 1777
6948 1777
6949 1778
6950 2848
6951 1779
6952 1780
6953 1796
6954 1782
6955 1782
6956 3166
6957 1782
6958 1782
6959 1782
6960 2372
6961 1787
6962 1787
6963 1787
6964 1787
6965 2931
6966 1791
6967 1791
6968 2118
6969 1897
6970 3287
6971 1791
6972 1791
6973 1791
6974 2124
6975 1791
6976 1791
6977 1791
6978 2010
6979 1791
6980 1791
6981 1791
6982 1791
6983 2493
6984 1791
6985 1791
6986 1792
6987 1792
6988 1794
6989 1794
6990 3333
6991 1794
6992 1797
6993 1798
6994 2103
6995 1798
6996 2858
6997 1799
6998 1799
6999 1801
7000 1801
7001 1801
7002 1801
7003 1801
7004 1801
7005 1801
7006 1803
7007 3232
7008 2373
7009 1805
7010 1805
7011 1921
7012 1807
7013 1807
7014 2629
7015 1816
7016 2577
7017 2991
7018 1818
7019 1821
7020 1821
7021 1821
7022 1821
7023 1824
7024 1824
7025 1824
7026 3078
7027 3257
7028 2746
7029 1825
7030 1825
7031 1826
7032 1829
7033 1829
7034 1830
7035 1830
7036 2955
7037 1833
7038 1834
7039 1834
7040 1834
7041 1834
7042 1873
7043 2778
7044 1836
7045 1836
7046 1836
7047 1836
7048 2973
7049 1843
7050 2735
7051 1843
7052 1843
7053 1843
7054 1843
7055 1843
7056 1843
7057 2435
7058 1843
7059 1843
7060 1843
7061 3348
7062 1864
7063 1844
7064 3362
7065 1846
7066 1846
7067 1856
7068 2952
7069 1858
7070 1858
7071 1860
7072 1860
7073 1860
7074 2035
7075 1862
7076 2944
7077 2418
7078 1863
7079 1863
7080 1864
7081 1865
7082 1865
7083 2351
7084 3246
7085 1865
7086 1865
7087 1865
7088 2121
7089 1865
7090 1865
7091 2222
7092 1867
7093 1867
7094 1867
7095 1868
7096 2733
7097 1868
7098 1868
7099 3276
7100 1868
7101 1868
7102 1868
7103 2947
7104 1868
7105 1868
7106 1868
7107 2227
7108 1868
7109 1868
7110 1868
7111 1868
7112 1868
7113 1868
7114 1868
7115 1868
7116 2012
7117 1869
7118 1869
7119 2850
7120 1870
7121 3341
7122 1870
7123 3293
7124 1870
7125 1870
7126 1870
7127 1870
7128 1870
7129 1870
7130 1870
7131 1871
7132 1871
7133 1873
7134 1873
7135 1874
7136 1874
7137 1874
7138 1876
7139 1877
7140 1880
7141 2686
7142 1880
7143 1881
7144 1883
7145 1883
7146 2308
7147 3170
7148 3137
7149 2097
7150 2448
7151 1888
7152 2799
7153 1888
7154 2531
7155 1888
7156 1888
7157 1888
7158 1888
7159 2724
7160 3112
7161 1888
7162 1967
7163 1888
7164 1888
7165 1891
7166 1891
7167 1891
7168 1891
7169 1891
7170 1891
7171 1891
7172 1891
7173 1891
7174 1891
7175 1891
7176 1892
7177 2484
7178 2475
7179 1895
7180 1896
7181 1896
7182 1899
7183 1899
7184 1899
7185 1901
7186 1901
7187 1901
7188 3041
7189 1905
7190 1906
7191 1906
7192 1906
7193 1906
7194 2585
7195 1906
7196 1906
7197 1906
7198 2500
7199 1906
7200 2049
7201 1906
7202 1908
7203 2963
7204 2454
7205 2188
7206 1909
7207 2249
7208 1909
7209 2001
7210 1911
7211 1912
7212 2063
7213 1914
7214 1914
7215 2086
7216 1916
7217 1916
7218 3152
7219 3158
7220 1916
7221 2421
7222 2200
7223 2133
7224 2126
7225 2323
7226 1919
7227 1919
7228 1987
7229 1921
7230 1923
7231 1923
7232 1924
7233 1925
7234 1926
7235 2567
7236 1930
7237 1930
7238 1932
7239 1933
7240 1933
7241 1934
7242 1934
7243 1934
7244 1934
7245 1937
7246 1937
7247 2099
7248 2408
7249 1937
7250 2062
7251 1938
7252 1938
7253 1938
7254 2845
7255 2292
7256 2885
7257 1941
7258 1944
7259 2140
7260 1945
7261 1948
7262 1948
7263 1948
7264 1949
7265 1950
7266 1950
7267 2014
7268 1957
7269 1957
7270 3058
7271 1959
7272 3218
7273 1961
7274 1961
7275 1961
7276 1964
7277 1966
7278 1966
7279 1968
7280 1969
7281 1969
7282 1969
7283 3088
7284 1973
7285 1973
7286 1973
7287 1973
7288 1976
7289 1976
7290 2243
7291 1979
7292 1980
7293 1980
7294 1980
7295 1980
7296 2321
7297 2205
7298 1982
7299 1984
7300 1985
7301 1985
7302 1985
7303 2922
7304 2145
7305 3147
7306 2262
7307 1986
7308 1986
7309 1986
7310 1987
7311 3125
7312 1988
7313 1988
7314 1989
7315 1989
7316 1989
7317 1989
7318 1989
7319 1989
7320 1989
7321 2892
7322 2312
7323 1990
7324 1990
7325 2427
7326 3108
7327 1991
7328 1991
7329 1991
7330 1991
7331 1991
7332 1991
7333 1991
7334 1999
7335 2322
7336 1999
7337 2001
7338 2001
7339 2271
7340 2002
7341 2003
7342 2005
7343 2005
7344 2005
7345 2905
7346 2006
7347 2006
7348 3165
7349 2006
7350 2007
7351 3304
7352 2010
7353 2010
7354 2010
7355 2010
7356 2532
7357 2010
7358 2915
7359 3035
7360 3124
7361 2010
7362 2010
7363 2011
7364 2011
7365 2011
7366 2115
7367 2368
7368 2012
7369 2013
7370 2013
7371 2013
7372 2842
7373 2018
7374 3004
7375 2018
7376 2018
7377 2018
7378 2020
7379 2020
7380 2021
7381 2044
7382 2022
7383 2485
7384 2419
7385 2022
7386 2023
7387 2026
7388 2026
7389 2026
7390 2026
7391 2026
7392 2028
7393 2105
7394 2075
7395 2028
7396 2028
7397 2029
7398 2029
7399 2029
7400 2029
7401 2440
7402 2029
7403 2029
7404 2029
7405 2434
7406 2029
7407 2029
7408 2549
7409 2091
7410 2030
7411 2031
7412 2031
7413 2031
7414 3202
7415 2038
7416 2450
7417 2038
7418 2038
7419 2038
7420 2038
7421 2038
7422 2038
7423 2151
7424 2038
7425 2038
7426 2038
7427 2042
7428 2042
7429 2045
7430 2045
7431 3164
7432 2049
7433 2049
7434 2049
7435 2049
7436 2049
7437 2049
7438 2049
7439 2049
7440 2049
7441 2049
7442 2318
7443 2049
7444 2130
7445 2049
7446 2644
7447 2049
7448 2049
7449 2049
7450 3296
7451 2049
7452 2049
7453 2049
7454 2049
7455 2049
7456 2049
7457 2049
7458 2582
7459 2061
7460 2049
7461 2049
7462 2049
7463 2049
7464 2049
7465 3360
7466 2049
7467 2795
7468 2049
7469 2049
7470 2049
7471 2049
7472 2049
7473 2049
7474 3339
7475 2049
7476 2049
7477 2049
7478 3062
7479 2050
7480 2050
7481 2050
7482 2050
7483 2199
7484 2053
7485 2053
7486 2053
7487 2198
7488 2055
7489 2055
7490 2057
7491 2057
7492 2057
7493 2057
7494 2057
7495 2060
7496 2062
7497 2248
7498 2067
7499 2067
7500 2236
7501 2067
7502 2067
7503 3019
7504 2256
7505 2071
7506 2071
7507 2863
7508 2071
7509 2071
7510 2071
7511 3096
7512 2071
7513 2071
7514 2071
7515 2071
7516 2072
7517 2073
7518 2073
7519 2959
7520 2075
7521 3185
7522 2084
7523 2075
7524 2100
7525 2075
7526 2075
7527 2075
7528 2075
7529 2075
7530 2075
7531 2075
7532 3210
7533 2463
7534 2075
7535 2075
7536 2507
7537 2417
7538 2203
7539 2075
7540 2075
7541 2075
7542 2075
7543 2076
7544 2353
7545 2077
7546 2077
7547 2079
7548 2080
7549 2080
7550 2082
7551 2082
7552 2083
7553 2083
7554 2620
7555 2084
7556 2084
7557 2087
7558 2521
7559 2088
7560 2091
7561 2091
7562 2091
7563 2091
7564 2091
7565 2091
7566 2311
7567 2091
7568 2091
7569 2930
7570 2091
7571 2091
7572 2091
7573 2091
7574 2091
7575 2091
7576 2091
7577 2091
7578 2866
7579 2091
7580 2092
7581 2092
7582 2093
7583 2096
7584 2096
7585 2096
7586 2096
7587 2096
7588 2096
7589 2096
7590 3269
7591 2096
7592 2096
7593 3295
7594 2096
7595 2096
7596 2096
7597 2096
7598 2096
7599 2096
7600 2096
7601 2096
7602 2099
7603 2112
7604 2099
7605 2174
7606 2099
7607 2099
7608 2099
7609 2100
7610 2100
7611 2102
7612 2102
7613 2104
7614 2104
7615 2104
7616 2104
7617 2104
7618 2105
7619 2774
7620 2105
7621 2105
7622 3251
7623 2109
7624 2110
7625 2110
7626 3347
7627 2111
7628 2111
7629 2111
7630 2875
7631 2903
7632 2281
7633 2118
7634 2605
7635 2118
7636 2523
7637 2118
7638 2118
7639 2882
7640 2121
7641 2121
7642 2121
7643 2122
7644 2768
7645 2122
7646 2123
7647 2124
7648 2125
7649 2125
7650 2125
7651 2125
7652 2125
7653 2125
7654 2127
7655 2127
7656 2127
7657 2129
7658 2129
7659 2831
7660 2129
7661 2753
7662 2131
7663 2131
7664 2131
7665 2133
7666 2136
7667 3351
7668 2146
7669 2164
7670 2147
7671 2147
7672 2147
7673 2147
7674 2149
7675 2149
7676 3133
7677 2152
7678 2800
7679 2153
7680 2156
7681 2159
7682 2160
7683 2160
7684 2512
7685 2160
7686 2160
7687 2160
7688 2163
7689 2163
7690 2163
7691 2163
7692 2163
7693 2167
7694 3354
7695 2169
7696 2169
7697 2169
7698 2169
7699 2169
7700 2169
7701 2708
7702 2170
7703 2942
7704 2170
7705 2170
7706 2170
7707 2170
7708 3370
7709 2170
7710 2170
7711 2173
7712 2173
7713 2583
7714 2176
7715 2385
7716 2177
7717 2182
7718 2182
7719 3306
7720 2803
7721 2182
7722 2757
7723 2182
7724 2182
7725 2182
7726 2183
7727 2185
7728 2187
7729 2188
7730 2188
7731 2188
7732 2188
7733 2188
7734 2190
7735 2190
7736 3253
7737 2190
7738 2190
7739 2190
7740 2190
7741 2190
7742 2190
7743 2190
7744 2190
7745 2190
7746 2191
7747 2191
7748 2191
7749 2191
7750 2191
7751 2191
7752 2191
7753 2191
7754 2192
7755 2195
7756 2195
7757 2195
7758 2715
7759 2195
7760 2195
7761 2197
7762 2197
7763 2197
7764 2197
7765 2197
7766 2197
7767 2197
7768 2197
7769 2197
7770 2197
7771 2197
7772 2197
7773 2198
7774 2198
7775 2198
7776 2198
7777 2198
7778 2198
7779 2200
7780 2219
7781 2200
7782 2200
7783 2200
7784 2200
7785 2201
7786 2284
7787 3249
7788 2204
7789 2215
7790 2204
7791 2826
7792 2662
7793 2204
7794 2204
7795 2204
7796 3134
7797 2204
7798 2204
7799 2204
7800 2204
7801 2204
7802 2204
7803 2287
7804 2204
7805 2204
7806 2204
7807 2325
7808 2204
7809 2204
7810 2444
7811 2204
7812 2204
7813 2204
7814 2204
7815 2204
7816 2206
7817 2206
7818 2208
7819 2208
7820 2209
7821 2210
7822 2210
7823 2210
7824 2210
7825 2210
7826 2214
7827 3156
7828 2309
7829 2215
7830 3228
7831 2215
7832 2215
7833 2720
7834 2215
7835 2217
7836 2218
7837 2218
7838 2218
7839 2219
7840 2219
7841 2745
7842 2219
7843 2219
7844 2219
7845 2219
7846 2219
7847 3361
7848 2219
7849 2219
7850 2223
7851 2224
7852 2224
7853 3046
7854 2224
7855 2224
7856 2224
7857 2225
7858 2878
7859 2474
7860 2227
7861 2227
7862 2227
7863 2227
7864 2228
7865 2228
7866 2228
7867 2783
7868 2233
7869 3219
7870 2236
7871 2240
7872 2245
7873 2518
7874 2245
7875 2246
7876 2247
7877 2250
7878 2250
7879 2253
7880 2254
7881 2254
7882 2259
7883 3149
7884 2259
7885 2260
7886 2260
7887 2261
7888 2263
7889 2809
7890 2756
7891 2267
7892 3375
7893 3206
7894 2271
7895 2271
7896 2271
7897 2273
7898 3151
7899 2841
7900 2278
7901 2759
7902 2608
7903 2279
7904 2279
7905 2279
7906 2279
7907 2576
7908 2279
7909 2279
7910 2279
7911 2279
7912 2279
7913 2279
7914 2279
7915 2279
7916 2279
7917 2279
7918 2677
7919 2279
7920 2280
7921 2279
7922 2279
7923 2279
7924 2564
7925 2279
7926 2279
7927 2412
7928 2279
7929 2279
7930 2279
7931 2279
7932 2480
7933 2760
7934 2284
7935 2290
7936 2291
7937 2291
7938 2291
7939 2291
7940 2295
7941 2773
7942 2298
7943 2592
7944 2298
7945 2298
7946 2298
7947 2298
7948 2301
7949 2301
7950 2301
7951 2301
7952 2301
7953 2301
7954 2301
7955 3300
7956 2301
7957 2301
7958 2301
7959 2301
7960 2301
7961 2301
7962 2301
7963 2301
7964 2301
7965 2301
7966 2301
7967 2301
7968 3002
7969 3311
7970 2303
7971 2587
7972 2303
7973 2303
7974 2303
7975 2303
7976 2303
7977 2762
7978 2303
7979 2303
7980 2725
7981 2303
7982 2303
7983 2303
7984 2303
7985 3279
7986 2303
7987 2303
7988 2568
7989 2303
7990 2303
7991 2303
7992 2303
7993 2303
7994 2303
7995 2303
7996 2303
7997 2303
7998 2303
7999 2303
8000 2932
8001 2303
8002 2303
8003 2303
8004 3114
8005 2303
8006 2303
8007 2303
8008 2303
8009 2303
8010 2303
8011 2303
8012 2303
8013 2303
8014 2303
8015 2303
8016 2670
8017 2303
8018 2303
8019 2303
8020 2311
8021 2311
8022 2313
8023 2313
8024 2313
8025 2313
8026 2313
8027 2313
8028 2313
8029 2566
8030 3139
8031 2316
8032 2316
8033 2317
8034 2318
8035 2319
8036 2320
8037 2320
8038 2675
8039 3136
8040 2838
8041 2321
8042 2321
8043 2321
8044 2321
8045 2321
8046 2321
8047 2321
8048 2322
8049 2322
8050 2322
8051 2856
8052 3171
8053 2322
8054 2322
8055 2325
8056 2325
8057 2325
8058 2325
8059 2325
8060 2325
8061 2325
8062 2327
8063 2327
8064 2327
8065 2327
8066 2327
8067 3119
8068 2328
8069 2329
8070 2330
8071 2330
8072 2331
8073 2332
8074 2332
8075 2333
8076 2335
8077 2338
8078 2338
8079 2339
8080 2339
8081 2341
8082 2341
8083 2439
8084 2342
8085 2342
8086 2342
8087 2343
8088 2343
8089 3283
8090 2344
8091 2344
8092 2693
8093 2345
8094 2345
8095 2348
8096 2742
8097 2351
8098 2352
8099 2626
8100 2352
8101 2352
8102 2354
8103 2354
8104 3045
8105 2796
8106 2360
8107 2360
8108 2366
8109 2366
8110 2366
8111 2368
8112 2368
8113 2372
8114 2373
8115 2373
8116 2373
8117 2373
8118 2378
8119 2380
8120 2398
8121 2380
8122 2380
8123 2380
8124 2381
8125 2381
8126 2381
8127 2382
8128 2382
8129 2502
8130 2382
8131 2382
8132 2382
8133 2382
8134 2650
8135 2385
8136 2392
8137 3135
8138 2813
8139 2392
8140 2392
8141 2393
8142 2721
8143 2397
8144 2397
8145 2399
8146 2400
8147 2400
8148 2400
8149 2400
8150 2400
8151 2400
8152 2792
8153 2400
8154 2401
8155 2402
8156 2403
8157 2403
8158 2403
8159 2403
8160 2403
8161 3258
8162 2403
8163 2621
8164 2403
8165 2403
8166 2870
8167 2403
8168 2403
8169 2403
8170 2403
8171 2403
8172 2403
8173 3271
8174 2403
8175 2403
8176 2403
8177 2403
8178 2403
8179 2403
8180 2403
8181 2403
8182 2403
8183 2403
8184 2403
8185 2528
8186 2403
8187 2403
8188 2403
8189 3381
8190 2953
8191 2403
8192 2403
8193 2403
8194 2595
8195 3005
8196 2403
8197 2403
8198 2403
8199 2403
8200 2920
8201 2403
8202 2403
8203 2403
8204 2403
8205 2403
8206 2403
8207 2403
8208 2403
8209 2403
8210 3277
8211 2403
8212 2403
8213 2403
8214 2403
8215 2844
8216 2403
8217 2403
8218 2403
8219 2403
8220 2403
8221 2403
8222 2785
8223 3132
8224 2403
8225 2403
8226 2403
8227 2403
8228 2403
8229 2420
8230 2403
8231 2403
8232 2403
8233 2403
8234 2403
8235 2403
8236 2403
8237 3359
8238 2403
8239 2403
8240 2403
8241 2403
8242 2586
8243 2403
8244 2403
8245 2403
8246 2403
8247 2403
8248 2403
8249 2403
8250 2403
8251 2403
8252 2403
8253 3324
8254 2403
8255 2403
8256 2403
8257 2403
8258 2429
8259 2403
8260 2403
8261 2726
8262 2403
8263 2403
8264 2403
8265 2403
8266 2403
8267 2403
8268 2403
8269 2403
8270 2403
8271 2403
8272 2403
8273 2403
8274 2403
8275 2403
8276 2403
8277 2403
8278 2403
8279 2403
8280 2403
8281 2403
8282 3071
8283 2470
8284 2403
8285 2403
8286 2403
8287 2403
8288 2403
8289 2403
8290 2403
8291 2403
8292 2754
8293 2403
8294 2403
8295 2403
8296 3105
8297 2403
8298 2763
8299 2403
8300 3367
8301 2403
8302 2738
8303 2403
8304 2403
8305 2403
8306 2403
8307 3110
8308 2542
8309 2403
8310 2403
8311 2403
8312 2403
8313 2403
8314 2403
8315 2403
8316 3312
8317 2494
8318 3015
8319 2403
8320 2403
8321 2403
8322 2403
8323 2403
8324 2403
8325 2403
8326 3142
8327 2403
8328 2403
8329 2403
8330 2403
8331 2403
8332 2403
8333 2403
8334 2403
8335 2403
8336 2403
8337 2403
8338 2403
8339 2406
8340 2407
8341 2709
8342 2407
8343 2407
8344 2411
8345 2411
8346 2411
8347 2412
8348 2414
8349 2818
8350 2414
8351 2414
8352 2414
8353 3184
8354 2416
8355 2418
8356 2418
8357 2418
8358 2418
8359 2418
8360 2418
8361 2418
8362 2418
8363 2418
8364 2418
8365 2652
8366 2419
8367 2420
8368 2425
8369 2425
8370 2520
8371 2427
8372 2427
8373 2429
8374 2435
8375 2436
8376 2437
8377 2437
8378 2437
8379 2437
8380 2437
8381 2439
8382 2440
8383 2441
8384 2441
8385 2442
8386 2442
8387 2917
8388 2444
8389 3314
8390 3033
8391 2444
8392 2444
8393 2444
8394 2697
8395 2444
8396 2444
8397 2444
8398 2535
8399 2444
8400 3186
8401 2447
8402 3225
8403 2455
8404 2455
8405 2455
8406 2455
8407 2455
8408 2455
8409 3047
8410 2456
8411 2457
8412 2460
8413 2464
8414 2464
8415 2465
8416 2465
8417 2466
8418 2466
8419 2467
8420 2469
8421 2470
8422 2470
8423 2470
8424 2471
8425 2471
8426 2471
8427 2897
8428 2472
8429 2472
8430 2472
8431 2473
8432 2474
8433 2474
8434 2474
8435 2474
8436 2475
8437 2476
8438 2476
8439 2476
8440 2477
8441 2481
8442 2483
8443 2485
8444 2705
8445 2488
8446 2488
8447 2489
8448 2490
8449 2492
8450 2492
8451 2492
8452 2493
8453 2493
8454 2498
8455 2499
8456 2503
8457 2579
8458 2503
8459 2505
8460 2895
8461 3309
8462 2507
8463 2507
8464 2507
8465 2507
8466 2507
8467 2512
8468 2514
8469 2822
8470 2516
8471 2516
8472 3037
8473 2516
8474 2516
8475 3036
8476 2517
8477 2518
8478 2520
8479 2522
8480 2525
8481 2527
8482 2527
8483 2528
8484 2528
8485 2528
8486 2529
8487 2529
8488 2529
8489 3183
8490 2529
8491 2529
8492 2843
8493 2529
8494 2529
8495 2531
8496 2534
8497 2534
8498 2534
8499 2534
8500 2534
8501 2534
8502 2534
8503 2534
8504 2534
8505 2534
8506 2534
8507 2537
8508 2539
8509 2539
8510 2539
8511 2539
8512 2539
8513 2810
8514 2539
8515 2539
8516 2539
8517 2540
8518 2540
8519 2540
8520 2542
8521 2543
8522 2544
8523 2544
8524 2544
8525 2548
8526 2548
8527 2555
8528 2555
8529 2557
8530 2557
8531 2557
8532 2557
8533 2558
8534 2563
8535 2563
8536 2566
8537 2567
8538 2567
8539 2567
8540 2832
8541 2567
8542 2567
8543 3000
8544 2567
8545 2567
8546 2567
8547 2567
8548 2567
8549 2567
8550 2567
8551 2567
8552 2567
8553 2567
8554 2567
8555 2567
8556 2567
8557 2643
8558 2567
8559 2567
8560 2567
8561 2567
8562 2567
8563 2567
8564 2568
8565 2570
8566 2573
8567 2573
8568 2574
8569 2574
8570 2575
8571 2576
8572 2576
8573 2815
8574 2576
8575 2576
8576 2576
8577 2576
8578 2576
8579 3065
8580 2896
8581 2576
8582 2576
8583 2576
8584 2577
8585 3320
8586 2583
8587 2587
8588 2590
8589 2592
8590 2592
8591 2593
8592 2593
8593 2593
8594 2593
8595 2593
8596 2593
8597 2593
8598 2593
8599 2595
8600 2597
8601 2597
8602 2597
8603 2597
8604 2599
8605 2600
8606 2600
8607 2600
8608 2600
8609 2600
8610 2648
8611 2601
8612 2830
8613 2608
8614 2611
8615 2612
8616 2614
8617 2614
8618 2614
8619 2615
8620 2615
8621 3357
8622 2617
8623 2617
8624 2617
8625 2617
8626 2620
8627 2622
8628 2622
8629 2868
8630 2624
8631 2627
8632 2628
8633 2628
8634 2628
8635 2631
8636 2637
8637 2639
8638 2639
8639 2640
8640 2642
8641 2642
8642 2642
8643 2642
8644 2642
8645 2642
8646 2642
8647 2642
8648 3390
8649 2642
8650 2642
8651 2642
8652 2642
8653 2642
8654 2643
8655 2643
8656 2643
8657 2645
8658 2859
8659 2647
8660 2647
8661 2647
8662 2647
8663 2647
8664 2647
8665 2649
8666 2945
8667 2651
8668 3267
8669 2656
8670 2656
8671 2656
8672 2656
8673 2657
8674 2657
8675 2659
8676 2664
8677 2664
8678 2869
8679 2962
8680 2667
8681 2669
8682 2669
8683 2670
8684 2670
8685 2670
8686 2670
8687 2670
8688 2670
8689 2670
8690 2670
8691 2670
8692 2670
8693 2672
8694 2673
8695 2673
8696 2676
8697 2676
8698 2677
8699 2677
8700 2677
8701 2681
8702 2681
8703 2681
8704 2681
8705 2681
8706 2969
8707 3022
8708 2681
8709 2681
8710 2681
8711 2681
8712 3076
8713 2681
8714 2681
8715 2681
8716 2682
8717 2682
8718 2685
8719 2686
8720 2687
8721 2687
8722 2687
8723 2687
8724 2687
8725 2689
8726 2690
8727 2690
8728 3075
8729 2989
8730 2690
8731 2690
8732 2690
8733 2690
8734 2690
8735 2690
8736 2690
8737 2690
8738 2690
8739 2690
8740 2690
8741 3031
8742 3042
8743 2690
8744 2690
8745 2690
8746 2690
8747 2690
8748 3013
8749 2690
8750 2690
8751 2691
8752 2691
8753 2695
8754 2696
8755 2697
8756 2697
8757 2697
8758 2697
8759 2697
8760 2697
8761 2697
8762 2697
8763 2697
8764 2697
8765 2697
8766 2697
8767 3009
8768 2700
8769 2700
8770 3388
8771 2700
8772 2700
8773 2700
8774 2701
8775 2701
8776 2701
8777 2702
8778 2702
8779 2702
8780 2702
8781 2702
8782 2702
8783 2702
8784 2702
8785 3310
8786 2702
8787 3213
8788 2702
8789 2702
8790 2702
8791 2702
8792 2702
8793 2702
8794 2702
8795 2703
8796 2703
8797 2703
8798 2705
8799 2705
8800 2705
8801 2705
8802 2705
8803 2705
8804 3214
8805 2705
8806 2705
8807 2862
8808 2705
8809 2709
8810 2709
8811 2711
8812 3017
8813 2712
8814 2712
8815 2717
8816 2718
8817 2719
8818 2719
8819 2719
8820 2720
8821 2721
8822 2721
8823 2721
8824 2721
8825 2721
8826 2724
8827 2724
8828 2923
8829 2724
8830 2725
8831 2725
8832 2727
8833 3245
8834 2728
8835 2987
8836 2728
8837 2728
8838 2728
8839 2728
8840 2728
8841 2728
8842 2728
8843 2728
8844 2728
8845 2833
8846 2728
8847 2728
8848 2730
8849 2730
8850 2730
8851 2730
8852 2730
8853 2730
8854 2730
8855 2730
8856 2734
8857 2734
8858 3346
8859 2737
8860 2738
8861 2740
8862 2741
8863 2741
8864 2938
8865 3368
8866 2742
8867 2742
8868 2743
8869 2748
8870 2748
8871 2748
8872 2750
8873 2754
8874 2757
8875 2757
8876 2757
8877 2757
8878 3090
8879 2757
8880 2757
8881 2757
8882 2757
8883 2757
8884 2757
8885 2757
8886 2757
8887 2757
8888 2757
8889 2757
8890 2757
8891 2757
8892 2757
8893 2757
8894 2757
8895 3072
8896 2757
8897 2757
8898 2757
8899 2757
8900 2757
8901 2757
8902 2757
8903 2757
8904 2757
8905 2757
8906 2757
8907 2758
8908 2758
8909 2759
8910 2761
8911 2762
8912 2763
8913 2763
8914 3178
8915 2763
8916 2765
8917 2765
8918 2765
8919 2765
8920 2765
8921 2765
8922 3157
8923 2765
8924 2765
8925 2926
8926 2913
8927 2767
8928 2767
8929 2768
8930 2768
8931 2768
8932 2768
8933 2768
8934 2768
8935 2768
8936 2768
8937 2768
8938 2768
8939 2768
8940 2768
8941 2768
8942 2768
8943 3303
8944 2768
8945 2768
8946 2772
8947 2773
8948 2773
8949 2775
8950 2816
8951 2775
8952 2775
8953 2775
8954 2775
8955 2777
8956 2779
8957 2780
8958 2780
8959 2780
8960 2781
8961 2781
8962 2781
8963 2782
8964 2782
8965 3307
8966 2782
8967 2783
8968 2783
8969 2783
8970 2785
8971 2785
8972 2785
8973 2785
8974 3224
8975 2795
8976 2795
8977 2795
8978 2795
8979 2795
8980 2795
8981 2795
8982 3020
8983 2796
8984 2796
8985 2796
8986 2796
8987 2796
8988 2796
8989 2796
8990 2796
8991 2796
8992 2796
8993 2796
8994 2796
8995 2796
8996 2797
8997 2797
8998 3100
8999 2797
9000 2986
9001 2837
9002 2997
9003 3068
9004 2805
9005 2807
9006 2807
9007 2809
9008 2810
9009 2811
9010 2811
9011 2813
9012 2813
9013 2813
9014 2813
9015 3227
9016 2813
9017 2813
9018 2813
9019 2813
9020 2814
9021 3127
9022 2817
9023 2817
9024 2817
9025 2818
9026 2818
9027 2820
9028 2821
9029 3103
9030 2822
9031 2822
9032 2822
9033 2822
9034 2983
9035 2824
9036 2824
9037 2824
9038 2825
9039 2827
9040 2887
9041 2836
9042 2837
9043 2837
9044 2837
9045 2837
9046 2837
9047 2837
9048 2837
9049 2837
9050 2837
9051 2837
9052 2837
9053 2837
9054 2837
9055 2837
9056 2837
9057 2837
9058 2876
9059 2839
9060 2839
9061 3200
9062 2841
9063 2842
9064 2842
9065 2845
9066 2846
9067 2847
9068 2848
9069 2848
9070 2848
9071 2848
9072 3130
9073 2850
9074 2850
9075 2850
9076 2850
9077 2850
9078 2850
9079 2850
9080 2852
9081 2852
9082 2854
9083 2854
9084 3082
9085 2856
9086 2857
9087 2857
9088 2857
9089 2858
9090 2858
9091 2865
9092 2866
9093 2868
9094 2868
9095 2868
9096 2871
9097 2871
9098 2873
9099 2873
9100 2873
9101 2873
9102 2873
9103 2873
9104 2873
9105 2929
9106 2873
9107 2873
9108 2873
9109 2873
9110 2873
9111 2874
9112 2876
9113 3299
9114 2876
9115 3252
9116 2878
9117 2878
9118 2879
9119 2879
9120 2879
9121 2879
9122 3094
9123 2879
9124 2879
9125 2879
9126 2879
9127 2879
9128 2879
9129 2879
9130 2879
9131 2879
9132 2879
9133 2879
9134 2879
9135 2879
9136 2879
9137 2879
9138 2879
9139 3116
9140 2880
9141 2880
9142 2882
9143 2882
9144 2884
9145 2884
9146 3395
9147 2884
9148 2884
9149 2885
9150 2886
9151 2886
9152 2887
9153 2887
9154 2887
9155 2888
9156 2892
9157 2892
9158 2892
9159 2892
9160 2892
9161 2895
9162 2896
9163 2897
9164 2897
9165 2897
9166 2911
9167 2897
9168 2897
9169 2897
9170 2897
9171 2897
9172 3216
9173 2901
9174 2909
9175 2909
9176 2910
9177 2911
9178 3242
9179 2912
9180 3264
9181 2913
9182 2916
9183 2916
9184 2917
9185 2917
9186 2917
9187 2917
9188 2917
9189 2917
9190 2917
9191 2917
9192 2917
9193 2917
9194 2972
9195 3039
9196 2923
9197 2923
9198 2923
9199 2923
9200 2923
9201 2923
9202 2923
9203 2923
9204 2923
9205 2924
9206 2926
9207 2926
9208 2926
9209 2926
9210 3318
9211 2927
9212 2929
9213 2933
9214 2934
9215 2936
9216 2937
9217 2975
9218 2938
9219 2944
9220 2945
9221 2945
9222 2945
9223 2946
9224 2948
9225 2948
9226 2948
9227 2948
9228 2948
9229 2948
9230 2948
9231 2948
9232 2948
9233 2948
9234 2948
9235 2948
9236 2948
9237 2948
9238 2948
9239 2948
9240 2951
9241 2952
9242 2953
9243 2956
9244 2960
9245 2960
9246 2963
9247 2964
9248 2966
9249 2966
9250 2966
9251 3056
9252 3034
9253 2966
9254 2967
9255 2967
9256 2967
9257 2967
9258 2967
9259 2968
9260 2970
9261 2970
9262 2971
9263 2972
9264 2972
9265 2972
9266 2972
9267 2972
9268 2972
9269 2972
9270 2972
9271 2972
9272 2972
9273 2972
9274 2972
9275 2973
9276 2974
9277 2974
9278 2974
9279 2976
9280 2976
9281 2976
9282 2976
9283 2981
9284 2981
9285 2981
9286 2986
9287 2988
9288 2989
9289 2989
9290 2989
9291 2989
9292 2989
9293 3238
9294 2989
9295 2989
9296 2989
9297 2989
9298 2989
9299 2989
9300 2990
9301 2990
9302 2991
9303 2991
9304 2991
9305 2996
9306 2996
9307 2997
9308 2997
9309 2997
9310 2999
9311 2999
9312 2999
9313 3001
9314 3001
9315 3001
9316 3002
9317 3002
9318 3005
9319 3005
9320 3005
9321 3089
9322 3006
9323 3006
9324 3006
9325 3006
9326 3006
9327 3006
9328 3006
9329 3007
9330 3012
9331 3012
9332 3012
9333 3012
9334 3012
9335 3012
9336 3012
9337 3012
9338 3083
9339 3012
9340 3012
9341 3012
9342 3012
9343 3012
9344 3012
9345 3012
9346 3012
9347 3012
9348 3012
9349 3013
9350 3013
9351 3013
9352 3019
9353 3019
9354 3020
9355 3025
9356 3025
9357 3025
9358 3350
9359 3026
9360 3027
9361 3028
9362 3028
9363 3028
9364 3028
9365 3028
9366 3028
9367 3028
9368 3028
9369 3028
9370 3028
9371 3028
9372 3028
9373 3028
9374 3031
9375 3032
9376 3032
9377 3033
9378 3033
9379 3033
9380 3033
9381 3035
9382 3035
9383 3035
9384 3035
9385 3035
9386 3036
9387 3039
9388 3039
9389 3039
9390 3039
9391 3039
9392 3039
9393 3039
9394 3039
9395 3039
9396 3040
9397 3095
9398 3041
9399 3041
9400 3321
9401 3042
9402 3297
9403 3106
9404 3340
9405 3045
9406 3045
9407 3045
9408 3045
9409 3260
9410 3048
9411 3048
9412 3048
9413 3050
9414 3050
9415 3051
9416 3051
9417 3051
9418 3053
9419 3051
9420 3053
9421 3055
9422 3055
9423 3055
9424 3212
9425 3057
9426 3057
9427 3057
9428 3057
9429 3057
9430 3057
9431 3057
9432 3057
9433 3057
9434 3057
9435 3057
9436 3057
9437 3057
9438 3057
9439 3057
9440 3058
9441 3058
9442 3058
9443 3058
9444 3058
9445 3060
9446 3063
9447 3063
9448 3063
9449 3063
9450 3063
9451 3063
9452 3063
9453 3063
9454 3063
9455 3064
9456 3064
9457 3066
9458 3066
9459 3066
9460 3066
9461 3284
9462 3068
9463 3068
9464 3069
9465 3070
9466 3073
9467 3074
9468 3074
9469 3074
9470 3075
9471 3077
9472 3077
9473 3077
9474 3077
9475 3077
9476 3079
9477 3079
9478 3079
9479 3080
9480 3080
9481 3080
9482 3080
9483 3080
9484 3080
9485 3080
9486 3080
9487 3080
9488 3081
9489 3081
9490 3081
9491 3081
9492 3081
9493 3081
9494 3081
9495 3082
9496 3083
9497 3083
9498 3083
9499 3084
9500 3085
9501 3085
9502 3085
9503 3085
9504 3092
9505 3092
9506 3094
9507 3094
9508 3094
9509 3098
9510 3098
9511 3100
9512 3100
9513 3100
9514 3100
9515 3100
9516 3100
9517 3100
9518 3100
9519 3100
9520 3102
9521 3109
9522 3109
9523 3113
9524 3114
9525 3181
9526 3116
9527 3116
9528 3116
9529 3116
9530 3116
9531 3116
9532 3118
9533 3118
9534 3119
9535 3294
9536 3120
9537 3120
9538 3121
9539 3121
9540 3121
9541 3123
9542 3124
9543 3125
9544 3125
9545 3126
9546 3128
9547 3128
9548 3128
9549 3129
9550 3129
9551 3129
9552 3132
9553 3135
9554 3135
9555 3135
9556 3135
9557 3135
9558 3136
9559 3136
9560 3136
9561 3136
9562 3136
9563 3136
9564 3136
9565 3139
9566 3142
9567 3142
9568 3143
9569 3143
9570 3144
9571 3148
9572 3315
9573 3150
9574 3151
9575 3152
9576 3155
9577 3155
9578 3155
9579 3155
9580 3155
9581 3157
9582 3157
9583 3157
9584 3157
9585 3158
9586 3158
9587 3163
9588 3163
9589 3163
9590 3163
9591 3163
9592 3163
9593 3373
9594 3167
9595 3168
9596 3169
9597 3171
9598 3171
9599 3171
9600 3172
9601 3173
9602 3175
9603 3176
9604 3176
9605 3176
9606 3176
9607 3176
9608 3176
9609 3178
9610 3178
9611 3179
9612 3179
9613 3179
9614 3181
9615 3181
9616 3181
9617 3182
9618 3185
9619 3190
9620 3190
9621 3190
9622 3191
9623 3191
9624 3191
9625 3191
9626 3192
9627 3192
9628 3193
9629 3195
9630 3198
9631 3198
9632 3198
9633 3198
9634 3200
9635 3201
9636 3202
9637 3203
9638 3204
9639 3204
9640 3204
9641 3204
9642 3204
9643 3208
9644 3211
9645 3214
9646 3214
9647 3214
9648 3214
9649 3214
9650 3216
9651 3216
9652 3218
9653 3218
9654 3218
9655 3219
9656 3219
9657 3220
9658 3220
9659 3222
9660 3222
9661 3225
9662 3225
9663 3226
9664 3226
9665 3226
9666 3226
9667 3226
9668 3226
9669 3226
9670 3228
9671 3261
9672 3229
9673 3229
9674 3229
9675 3229
9676 3229
9677 3229
9678 3229
9679 3229
9680 3234
9681 3238
9682 3238
9683 3240
9684 3243
9685 3243
9686 3243
9687 3243
9688 3244
9689 3249
9690 3249
9691 3249
9692 3249
9693 3249
9694 3249
9695 3249
9696 3249
9697 3249
9698 3255
9699 3255
9700 3258
9701 3258
9702 3258
9703 3258
9704 3258
9705 3258
9706 3258
9707 3258
9708 3258
9709 3258
9710 3258
9711 3258
9712 3258
9713 3258
9714 3260
9715 3260
9716 3260
9717 3260
9718 3260
9719 3261
9720 3261
9721 3262
9722 3263
9723 3263
9724 3265
9725 3265
9726 3268
9727 3268
9728 3270
9729 3270
9730 3270
9731 3274
9732 3274
9733 3276
9734 3279
9735 3279
9736 3279
9737 3279
9738 3281
9739 3282
9740 3283
9741 3283
9742 3283
9743 3290
9744 3290
9745 3290
9746 3290
9747 3290
9748 3290
9749 3290
9750 3290
9751 3290
9752 3290
9753 3290
9754 3290
9755 3290
9756 3290
9757 3290
9758 3290
9759 3290
9760 3290
9761 3290
9762 3290
9763 3290
9764 3290
9765 3290
9766 3290
9767 3290
9768 3290
9769 3290
9770 3290
9771 3290
9772 3290
9773 3290
9774 3290
9775 3290
9776 3290
9777 3290
9778 3290
9779 3290
9780 3290
9781 3290
9782 3290
9783 3290
9784 3290
9785 3290
9786 3290
9787 3290
9788 3290
9789 3290
9790 3290
9791 3290
9792 3290
9793 3290
9794 3290
9795 3290
9796 3290
9797 3290
9798 3290
9799 3290
9800 3290
9801 3290
9802 3290
9803 3291
9804 3292
9805 3292
9806 3292
9807 3292
9808 3293
9809 3293
9810 3293
9811 3293
9812 3294
9813 3295
9814 3295
9815 3295
9816 3295
9817 3295
9818 3295
9819 3295
9820 3295
9821 3295
9822 3295
9823 3295
9824 3295
9825 3295
9826 3295
9827 3295
9828 3295
9829 3296
9830 3296
9831 3296
9832 3298
9833 3299
9834 3299
9835 3299
9836 3299
9837 3299
9838 3299
9839 3299
9840 3299
9841 3299
9842 3300
9843 3302
9844 3302
9845 3303
9846 3305
9847 3307
9848 3307
9849 3308
9850 3311
9851 3312
9852 3326
9853 3313
9854 3315
9855 3315
9856 3315
9857 3315
9858 3315
9859 3315
9860 3315
9861 3315
9862 3315
9863 3315
9864 3315
9865 3315
9866 3315
9867 3315
9868 3315
9869 3315
9870 3315
9871 3315
9872 3315
9873 3315
9874 3315
9875 3315
9876 3315
9877 3315
9878 3365
9879 3315
9880 3316
9881 3317
9882 3320
9883 3320
9884 3320
9885 3321
9886 3321
9887 3321
9888 3328
9889 3330
9890 3330
9891 3333
9892 3334
9893 3335
9894 3335
9895 3336
9896 3337
9897 3337
9898 3338
9899 3338
9900 3339
9901 3339
9902 3339
9903 3340
9904 3342
9905 3343
9906 3346
9907 3346
9908 3346
9909 3347
9910 3348
9911 3348
9912 3348
9913 3348
9914 3348
9915 3348
9916 3348
9917 3351
9918 3351
9919 3351
9920 3351
9921 3351
9922 3351
9923 3351
9924 3351
9925 3353
9926 3354
9927 3355
9928 3357
9929 3358
9930 3359
9931 3359
9932 3360
9933 3361
9934 3361
9935 3361
9936 3361
9937 3362
9938 3363
9939 3363
9940 3363
9941 3363
9942 3363
9943 3363
9944 3363
9945 3365
9946 3367
9947 3367
9948 3369
9949 3369
9950 3371
9951 3371
9952 3372
9953 3372
9954 3372
9955 3372
9956 3372
9957 3372
9958 3372
9959 3372
9960 3372
9961 3372
9962 3372
9963 3373
9964 3373
9965 3373
9966 3373
9967 3373
9968 3374
9969 3374
9970 3375
9971 3375
9972 3375
9973 3377
9974 3378
9975 3378
9976 3378
9977 3379
9978 3380
9979 3381
9980 3381
9981 3381
9982 3381
9983 3382
9984 3382
9985 3384
9986 3384
9987 3384
9988 3384
9989 3384
9990 3384
9991 3384
9992 3386
9993 3387
9994 3389
9995 3390
9996 3391
9997 3392
9998 3393
9999 3394
