10000 9999
1 0
2 0
3 1
4 3
5 3
6 4
7 2
8 0
9 8
10 6
11 6
12 7
13 9
14 12
15 14
16 0
17 9
18 5
19 14
20 12
21 15
22 10
23 8
24 5
25 12
26 12
27 6
28 11
29 4
30 25
31 0
32 19
33 27
34 13
35 27
36 21
37 26
38 0
39 32
40 1
41 27
42 37
43 17
44 39
45 35
46 43
47 23
48 26
49 43
50 44
51 49
52 27
53 39
54 49
55 32
56 49
57 27
58 34
59 43
60 57
61 49
62 36
63 42
64 1
65 30
66 16
67 43
68 41
69 24
70 41
71 49
72 55
73 65
74 13
75 28
76 75
77 76
78 76
79 40
80 56
81 72
82 51
83 57
84 61
85 83
86 85
87 57
88 77
89 79
90 26
91 76
92 57
93 11
94 41
95 11
96 50
97 73
98 41
99 72
100 22
101 86
102 76
103 89
104 60
105 48
106 88
107 48
108 49
109 40
110 4
111 18
112 85
113 78
114 63
115 99
116 104
117 80
118 86
119 63
120 57
121 85
122 78
123 87
124 99
125 26
126 83
127 60
128 86
129 64
130 86
131 26
132 116
133 49
134 34
135 112
136 26
137 31
138 86
139 100
140 134
141 77
142 108
143 96
144 63
145 81
146 58
147 91
148 99
149 76
150 33
151 81
152 86
153 84
154 81
155 90
156 116
157 26
158 13
159 99
160 103
161 70
162 47
163 105
164 111
165 53
166 63
167 69
168 85
169 99
170 77
171 32
172 86
173 73
174 120
175 116
176 26
177 137
178 43
179 39
180 139
181 73
182 180
183 146
184 136
185 125
186 148
187 99
188 130
189 160
190 85
191 99
192 167
193 191
194 152
195 116
196 95
197 86
198 182
199 173
200 89
201 99
202 115
203 198
204 182
205 177
206 187
207 198
208 141
209 103
210 85
211 63
212 182
213 150
214 75
215 82
216 194
217 89
218 149
219 28
220 113
221 200
222 99
223 32
224 99
225 70
226 93
227 99
228 116
229 182
230 187
231 228
232 179
233 197
234 99
235 126
236 192
237 198
238 222
239 86
240 28
241 96
242 102
243 117
244 103
245 184
246 76
247 116
248 200
249 211
250 211
251 155
252 239
253 182
254 225
255 81
256 49
257 253
258 191
259 205
260 98
261 252
262 26
263 253
264 46
265 188
266 61
267 129
268 45
269 151
270 182
271 192
272 246
273 146
274 77
275 113
276 180
277 232
278 156
279 130
280 52
281 128
282 193
283 49
284 240
285 217
286 231
287 182
288 219
289 54
290 48
291 253
292 193
293 215
294 182
295 59
296 193
297 277
298 202
299 186
300 296
301 237
302 186
303 166
304 241
305 242
306 193
307 174
308 116
309 308
310 285
311 208
312 258
313 27
314 195
315 153
316 194
317 239
318 231
319 187
320 156
321 198
322 253
323 158
324 259
325 193
326 299
327 199
328 193
329 76
330 233
331 19
332 131
333 25
334 297
335 116
336 265
337 73
338 195
339 99
340 231
341 140
342 293
343 213
344 38
345 212
346 295
347 291
348 328
349 291
350 124
351 271
352 209
353 332
354 253
355 240
356 171
357 243
358 129
359 122
360 231
361 94
362 63
363 218
364 116
365 264
366 126
367 330
368 264
369 298
370 286
371 240
372 325
373 272
374 259
375 146
376 240
377 99
378 291
379 267
380 241
381 117
382 182
383 351
384 225
385 34
386 349
387 218
388 173
389 363
390 284
391 262
392 198
393 257
394 362
395 182
396 335
397 206
398 269
399 86
400 106
401 99
402 99
403 363
404 380
405 86
406 144
407 405
408 218
409 250
410 154
411 260
412 197
413 356
414 179
415 390
416 253
417 407
418 76
419 222
420 417
421 336
422 363
423 363
424 392
425 191
426 409
427 204
428 369
429 251
430 237
431 44
432 425
433 361
434 27
435 363
436 429
437 363
438 270
439 254
440 99
441 394
442 286
443 363
444 343
445 130
446 392
447 165
448 112
449 363
450 378
451 26
452 328
453 397
454 242
455 241
456 208
457 169
458 375
459 85
460 279
461 99
462 247
463 459
464 452
465 363
466 298
467 363
468 260
469 164
470 182
471 193
472 185
473 392
474 313
475 359
476 240
477 298
478 454
479 454
480 417
481 75
482 193
483 36
484 99
485 316
486 287
487 372
488 466
489 363
490 411
491 237
492 248
493 484
494 336
495 449
496 388
497 116
498 99
499 323
500 99
501 363
502 491
503 140
504 248
505 483
506 363
507 491
508 92
509 491
510 115
511 193
512 360
513 396
514 511
515 363
516 433
517 291
518 244
519 168
520 73
521 157
522 491
523 439
524 467
525 491
526 399
527 99
528 377
529 408
530 455
531 296
532 384
533 466
534 57
535 491
536 491
537 531
538 333
539 491
540 322
541 519
542 119
543 207
544 363
545 153
546 160
547 363
548 363
549 491
550 182
551 516
552 468
553 491
554 491
555 392
556 388
557 191
558 515
559 531
560 235
561 349
562 280
563 65
564 523
565 373
566 99
567 190
568 253
569 423
570 491
571 501
572 409
573 321
574 449
575 491
576 569
577 26
578 459
579 300
580 314
581 463
582 510
583 580
584 523
585 491
586 443
587 579
588 491
589 174
590 533
591 452
592 184
593 116
594 319
595 491
596 463
597 491
598 491
599 495
600 283
601 363
602 23
603 118
604 569
605 181
606 483
607 300
608 290
609 280
610 336
611 337
612 363
613 308
614 521
615 600
616 174
617 417
618 491
619 523
620 241
621 135
622 99
623 603
624 381
625 466
626 508
627 49
628 594
629 319
630 396
631 573
632 182
633 363
634 49
635 363
636 633
637 406
638 491
639 605
640 301
641 411
642 596
643 518
644 390
645 237
646 191
647 99
648 487
649 516
650 460
651 392
652 291
653 544
654 580
655 253
656 491
657 575
658 193
659 523
660 533
661 491
662 508
663 193
664 502
665 562
666 480
667 451
668 363
669 606
670 114
671 569
672 491
673 351
674 507
675 627
676 492
677 248
678 665
679 253
680 328
681 70
682 491
683 492
684 328
685 49
686 630
687 498
688 154
689 378
690 302
691 491
692 278
693 194
694 544
695 550
696 428
697 491
698 363
699 63
700 99
701 323
702 296
703 588
704 402
705 574
706 300
707 305
708 405
709 558
710 434
711 709
712 66
713 709
714 243
715 240
716 496
717 491
718 104
719 679
720 504
721 363
722 193
723 215
724 342
725 77
726 514
727 377
728 394
729 468
730 363
731 609
732 524
733 459
734 468
735 241
736 502
737 174
738 621
739 364
740 711
741 459
742 666
743 651
744 309
745 91
746 396
747 146
748 417
749 256
750 592
751 466
752 306
753 491
754 466
755 193
756 483
757 662
758 388
759 490
760 709
761 491
762 392
763 363
764 363
765 319
766 363
767 491
768 532
769 621
770 405
771 193
772 392
773 358
774 479
775 502
776 722
777 623
778 426
779 113
780 775
781 771
782 363
783 611
784 491
785 491
786 547
787 641
788 616
789 478
790 398
791 70
792 685
793 162
794 84
795 382
796 491
797 650
798 451
799 564
800 742
801 495
802 12
803 672
804 310
805 206
806 541
807 206
808 136
809 805
810 363
811 191
812 298
813 315
814 514
815 734
816 447
817 491
818 239
819 605
820 491
821 635
822 567
823 99
824 483
825 0
826 491
827 410
828 111
829 491
830 41
831 668
832 659
833 280
834 491
835 531
836 466
837 809
838 219
839 734
840 74
841 491
842 29
843 511
844 220
845 841
846 432
847 491
848 179
849 491
850 174
851 388
852 116
853 739
854 555
855 491
856 709
857 687
858 582
859 687
860 752
861 545
862 709
863 686
864 709
865 352
866 346
867 625
868 535
869 363
870 823
871 685
872 653
873 676
874 363
875 446
876 540
877 491
878 861
879 796
880 812
881 491
882 546
883 399
884 541
885 699
886 709
887 501
888 709
889 812
890 237
891 392
892 179
893 363
894 618
895 853
896 319
897 509
898 198
899 376
900 528
901 248
902 659
903 172
904 897
905 609
906 379
907 348
908 425
909 278
910 481
911 518
912 709
913 514
914 904
915 819
916 451
917 895
918 505
919 635
920 409
921 832
922 914
923 693
924 139
925 520
926 833
927 887
928 870
929 525
930 322
931 881
932 396
933 320
934 698
935 491
936 771
937 518
938 511
939 281
940 633
941 146
942 71
943 793
944 839
945 60
946 908
947 355
948 723
949 536
950 491
951 909
952 282
953 332
954 126
955 671
956 630
957 535
958 323
959 677
960 892
961 491
962 282
963 533
964 491
965 788
966 956
967 440
968 735
969 947
970 224
971 488
972 703
973 647
974 335
975 928
976 900
977 535
978 191
979 353
980 977
981 253
982 908
983 363
984 597
985 604
986 411
987 371
988 193
989 956
990 956
991 225
992 271
993 631
994 399
995 942
996 777
997 238
998 118
999 985
1000 978
1001 488
1002 982
1003 901
1004 528
1005 693
1006 703
1007 415
1008 354
1009 936
1010 861
1011 987
1012 995
1013 987
1014 709
1015 687
1016 491
1017 200
1018 742
1019 624
1020 392
1021 391
1022 99
1023 491
1024 523
1025 989
1026 630
1027 738
1028 551
1029 711
1030 187
1031 961
1032 482
1033 892
1034 934
1035 261
1036 333
1037 599
1038 174
1039 709
1040 491
1041 861
1042 763
1043 948
1044 239
1045 1016
1046 623
1047 921
1048 709
1049 187
1050 760
1051 399
1052 979
1053 491
1054 154
1055 636
1056 459
1057 491
1058 979
1059 916
1060 1009
1061 116
1062 554
1063 913
1064 742
1065 709
1066 466
1067 896
1068 730
1069 623
1070 209
1071 886
1072 317
1073 550
1074 1061
1075 1041
1076 279
1077 932
1078 953
1079 271
1080 705
1081 964
1082 363
1083 288
1084 853
1085 544
1086 594
1087 459
1088 459
1089 227
1090 1061
1091 449
1092 273
1093 678
1094 984
1095 514
1096 765
1097 956
1098 1087
1099 491
1100 709
1101 1010
1102 903
1103 182
1104 947
1105 956
1106 491
1107 392
1108 1061
1109 237
1110 1094
1111 660
1112 286
1113 904
1114 491
1115 956
1116 1061
1117 882
1118 998
1119 904
1120 709
1121 491
1122 889
1123 788
1124 226
1125 1074
1126 697
1127 357
1128 357
1129 615
1130 182
1131 170
1132 788
1133 1061
1134 981
1135 1061
1136 325
1137 892
1138 1061
1139 392
1140 815
1141 1137
1142 178
1143 410
1144 1013
1145 450
1146 956
1147 923
1148 1003
1149 246
1150 1083
1151 952
1152 1061
1153 1126
1154 1004
1155 892
1156 714
1157 347
1158 990
1159 491
1160 1061
1161 1088
1162 249
1163 811
1164 1150
1165 253
1166 1084
1167 347
1168 459
1169 428
1170 637
1171 206
1172 1094
1173 709
1174 981
1175 125
1176 988
1177 1061
1178 1161
1179 700
1180 253
1181 589
1182 995
1183 850
1184 987
1185 1112
1186 929
1187 395
1188 259
1189 1011
1190 1049
1191 491
1192 741
1193 718
1194 1061
1195 1086
1196 767
1197 42
1198 1145
1199 1114
1200 594
1201 449
1202 840
1203 749
1204 1081
1205 1088
1206 1061
1207 569
1208 791
1209 578
1210 296
1211 881
1212 1061
1213 568
1214 253
1215 1063
1216 523
1217 781
1218 1191
1219 981
1220 569
1221 864
1222 1061
1223 803
1224 912
1225 225
1226 491
1227 652
1228 748
1229 1010
1230 411
1231 952
1232 422
1233 259
1234 1019
1235 1216
1236 742
1237 116
1238 1216
1239 1038
1240 1008
1241 493
1242 565
1243 1166
1244 523
1245 911
1246 1240
1247 1061
1248 902
1249 863
1250 161
1251 27
1252 1238
1253 1060
1254 1115
1255 771
1256 879
1257 1162
1258 888
1259 622
1260 1097
1261 457
1262 1235
1263 1033
1264 1258
1265 1216
1266 879
1267 915
1268 311
1269 1061
1270 961
1271 1061
1272 886
1273 879
1274 1082
1275 664
1276 1129
1277 1061
1278 1061
1279 1235
1280 491
1281 107
1282 649
1283 888
1284 903
1285 619
1286 939
1287 567
1288 1187
1289 644
1290 881
1291 1086
1292 1161
1293 892
1294 1245
1295 1225
1296 952
1297 695
1298 892
1299 541
1300 625
1301 521
1302 537
1303 505
1304 1017
1305 197
1306 466
1307 1221
1308 776
1309 1121
1310 795
1311 491
1312 1105
1313 1242
1314 1061
1315 1158
1316 1061
1317 954
1318 101
1319 1117
1320 533
1321 491
1322 363
1323 714
1324 363
1325 1222
1326 176
1327 709
1328 900
1329 821
1330 260
1331 645
1332 1170
1333 1269
1334 491
1335 991
1336 1129
1337 70
1338 1061
1339 1242
1340 1301
1341 363
1342 211
1343 154
1344 1061
1345 491
1346 882
1347 363
1348 1235
1349 1304
1350 859
1351 1172
1352 714
1353 1271
1354 1061
1355 709
1356 1326
1357 814
1358 892
1359 1061
1360 1072
1361 363
1362 1238
1363 1158
1364 1235
1365 1061
1366 453
1367 430
1368 703
1369 491
1370 1187
1371 771
1372 1366
1373 820
1374 452
1375 1238
1376 112
1377 491
1378 200
1379 1021
1380 187
1381 1122
1382 956
1383 916
1384 1222
1385 1269
1386 1174
1387 1217
1388 461
1389 1061
1390 1274
1391 1142
1392 795
1393 1038
1394 1144
1395 363
1396 158
1397 788
1398 415
1399 956
1400 1157
1401 930
1402 1263
1403 1256
1404 392
1405 1372
1406 1272
1407 1378
1408 494
1409 1061
1410 952
1411 780
1412 1326
1413 759
1414 1235
1415 843
1416 491
1417 835
1418 683
1419 276
1420 801
1421 1235
1422 491
1423 843
1424 882
1425 292
1426 1061
1427 1061
1428 1158
1429 928
1430 1122
1431 935
1432 1061
1433 210
1434 1235
1435 489
1436 1197
1437 1020
1438 1294
1439 1212
1440 1211
1441 1061
1442 952
1443 1099
1444 734
1445 1061
1446 981
1447 1384
1448 1421
1449 1061
1450 1111
1451 1061
1452 491
1453 491
1454 1088
1455 611
1456 865
1457 1216
1458 491
1459 1034
1460 1424
1461 483
1462 1019
1463 1122
1464 1237
1465 583
1466 978
1467 1106
1468 665
1469 1231
1470 1205
1471 388
1472 1154
1473 790
1474 570
1475 580
1476 1413
1477 1159
1478 410
1479 1123
1480 839
1481 450
1482 1376
1483 982
1484 1098
1485 462
1486 221
1487 892
1488 709
1489 533
1490 1061
1491 523
1492 433
1493 1302
1494 1364
1495 1459
1496 704
1497 1267
1498 975
1499 733
1500 1462
1501 1357
1502 577
1503 1137
1504 466
1505 709
1506 1142
1507 981
1508 951
1509 1057
1510 1158
1511 1255
1512 1227
1513 929
1514 1177
1515 374
1516 1513
1517 1238
1518 491
1519 97
1520 1369
1521 398
1522 1082
1523 1370
1524 1502
1525 709
1526 236
1527 1061
1528 1505
1529 1464
1530 411
1531 956
1532 1070
1533 1210
1534 1304
1535 933
1536 1448
1537 159
1538 341
1539 597
1540 1388
1541 1061
1542 1216
1543 1214
1544 1061
1545 1357
1546 450
1547 952
1548 1167
1549 904
1550 1061
1551 1040
1552 1061
1553 703
1554 1061
1555 1061
1556 1375
1557 1095
1558 1197
1559 1405
1560 435
1561 1171
1562 817
1563 408
1564 327
1565 253
1566 1550
1567 1443
1568 1186
1569 1514
1570 709
1571 915
1572 1222
1573 1431
1574 1150
1575 602
1576 491
1577 1322
1578 968
1579 422
1580 1216
1581 1237
1582 810
1583 956
1584 1189
1585 1464
1586 1223
1587 1395
1588 1051
1589 388
1590 818
1591 682
1592 392
1593 1370
1594 438
1595 1061
1596 644
1597 1556
1598 810
1599 240
1600 1479
1601 771
1602 1061
1603 1241
1604 1298
1605 363
1606 612
1607 1262
1608 1298
1609 1370
1610 742
1611 952
1612 1182
1613 374
1614 956
1615 757
1616 952
1617 1061
1618 1006
1619 824
1620 1611
1621 928
1622 1137
1623 1061
1624 533
1625 638
1626 954
1627 813
1628 751
1629 1245
1630 1246
1631 1265
1632 965
1633 1299
1634 1140
1635 234
1636 1457
1637 1382
1638 1609
1639 1183
1640 349
1641 1318
1642 989
1643 1317
1644 1427
1645 1277
1646 959
1647 1114
1648 956
1649 1061
1650 127
1651 1069
1652 1124
1653 1421
1654 1061
1655 1241
1656 1210
1657 1346
1658 1061
1659 956
1660 1600
1661 1457
1662 363
1663 1064
1664 278
1665 812
1666 677
1667 812
1668 1370
1669 1424
1670 1396
1671 1382
1672 696
1673 989
1674 1061
1675 450
1676 1061
1677 1622
1678 1238
1679 417
1680 1566
1681 796
1682 470
1683 1519
1684 1061
1685 1234
1686 1216
1687 1112
1688 1243
1689 1061
1690 952
1691 1370
1692 556
1693 870
1694 707
1695 1466
1696 1243
1697 952
1698 771
1699 1364
1700 1084
1701 491
1702 1286
1703 881
1704 532
1705 243
1706 1600
1707 471
1708 994
1709 1422
1710 1451
1711 732
1712 1534
1713 1233
1714 363
1715 1241
1716 710
1717 1275
1718 1426
1719 491
1720 1075
1721 1580
1722 1676
1723 1230
1724 466
1725 216
1726 1070
1727 436
1728 1393
1729 523
1730 1626
1731 73
1732 491
1733 1715
1734 1133
1735 1021
1736 774
1737 1492
1738 253
1739 752
1740 1401
1741 724
1742 1469
1743 1236
1744 1222
1745 363
1746 908
1747 383
1748 1421
1749 1074
1750 1333
1751 1316
1752 1672
1753 1466
1754 491
1755 240
1756 1457
1757 1122
1758 1061
1759 1715
1760 1265
1761 1325
1762 1203
1763 852
1764 1347
1765 1278
1766 1551
1767 1691
1768 1061
1769 1691
1770 709
1771 1082
1772 1567
1773 1222
1774 363
1775 497
1776 1288
1777 1726
1778 796
1779 1715
1780 1622
1781 1737
1782 1197
1783 1682
1784 363
1785 564
1786 1483
1787 544
1788 1644
1789 1602
1790 1376
1791 1307
1792 723
1793 363
1794 523
1795 822
1796 1436
1797 1042
1798 1333
1799 1150
1800 1323
1801 1424
1802 1005
1803 99
1804 1265
1805 1800
1806 491
1807 1651
1808 1804
1809 1512
1810 892
1811 1505
1812 294
1813 892
1814 1563
1815 1657
1816 956
1817 760
1818 1061
1819 1567
1820 85
1821 870
1822 1473
1823 182
1824 1061
1825 709
1826 1591
1827 740
1828 1076
1829 1150
1830 296
1831 1235
1832 652
1833 1244
1834 1356
1835 352
1836 1473
1837 1522
1838 928
1839 1514
1840 981
1841 1642
1842 787
1843 1430
1844 1422
1845 1272
1846 1659
1847 1405
1848 1777
1849 1424
1850 566
1851 904
1852 491
1853 1524
1854 1483
1855 1682
1856 1100
1857 952
1858 491
1859 892
1860 1790
1861 731
1862 182
1863 1704
1864 1693
1865 1283
1866 1218
1867 405
1868 1127
1869 1385
1870 1537
1871 952
1872 259
1873 536
1874 1273
1875 1856
1876 1007
1877 1861
1878 328
1879 1435
1880 1457
1881 967
1882 1239
1883 1593
1884 1061
1885 201
1886 1480
1887 903
1888 1432
1889 927
1890 542
1891 846
1892 916
1893 956
1894 662
1895 1468
1896 1869
1897 1715
1898 1150
1899 640
1900 1516
1901 1408
1902 952
1903 193
1904 769
1905 1061
1906 1495
1907 363
1908 544
1909 677
1910 1272
1911 1837
1912 182
1913 633
1914 1575
1915 1708
1916 1061
1917 1701
1918 956
1919 1644
1920 1603
1921 1197
1922 762
1923 518
1924 831
1925 386
1926 958
1927 1688
1928 1146
1929 1808
1930 476
1931 1086
1932 1560
1933 956
1934 182
1935 1740
1936 1304
1937 1517
1938 771
1939 1474
1940 1510
1941 1728
1942 1576
1943 660
1944 1837
1945 1790
1946 1546
1947 956
1948 609
1949 1185
1950 1445
1951 1128
1952 816
1953 1103
1954 1070
1955 1287
1956 363
1957 956
1958 456
1959 1715
1960 1650
1961 1907
1962 1609
1963 491
1964 1902
1965 458
1966 840
1967 1827
1968 706
1969 887
1970 409
1971 933
1972 21
1973 1960
1974 1753
1975 855
1976 1287
1977 361
1978 762
1979 1600
1980 1186
1981 1651
1982 892
1983 1538
1984 1031
1985 471
1986 491
1987 1114
1988 1329
1989 1770
1990 1829
1991 1513
1992 865
1993 1798
1994 1938
1995 1827
1996 1747
1997 511
1998 1061
1999 1174
2000 1808
2001 1287
2002 1787
2003 1657
2004 1061
2005 1061
2006 1469
2007 1930
2008 840
2009 961
2010 709
2011 1706
2012 1276
2013 1600
2014 1894
2015 1258
2016 1770
2017 1999
2018 1288
2019 778
2020 1549
2021 1982
2022 1644
2023 1587
2024 1216
2025 491
2026 1879
2027 928
2028 1803
2029 867
2030 1249
2031 363
2032 1216
2033 1761
2034 363
2035 487
2036 1644
2037 1808
2038 1868
2039 1258
2040 1843
2041 1995
2042 742
2043 797
2044 1086
2045 1960
2046 1846
2047 1961
2048 97
2049 1153
2050 1644
2051 1694
2052 1560
2053 1015
2054 535
2055 1048
2056 1121
2057 868
2058 1061
2059 1021
2060 1389
2061 1343
2062 442
2063 1070
2064 1891
2065 2057
2066 709
2067 388
2068 1478
2069 1165
2070 847
2071 1582
2072 2060
2073 1894
2074 550
2075 1656
2076 1910
2077 957
2078 538
2079 1695
2080 1814
2081 1465
2082 1478
2083 284
2084 1952
2085 1660
2086 1791
2087 558
2088 1740
2089 1288
2090 1969
2091 1985
2092 2074
2093 637
2094 853
2095 1233
2096 2005
2097 1126
2098 286
2099 1313
2100 1061
2101 728
2102 1137
2103 2095
2104 1583
2105 1186
2106 1253
2107 1249
2108 1886
2109 1451
2110 1569
2111 1240
2112 586
2113 1122
2114 1230
2115 1358
2116 39
2117 1511
2118 1827
2119 1592
2120 449
2121 1504
2122 411
2123 1869
2124 1028
2125 1076
2126 1379
2127 2021
2128 1999
2129 635
2130 1846
2131 2074
2132 1061
2133 1238
2134 1451
2135 1370
2136 1408
2137 1651
2138 1288
2139 2085
2140 491
2141 1061
2142 1994
2143 920
2144 363
2145 952
2146 2044
2147 1359
2148 1901
2149 541
2150 1446
2151 247
2152 937
2153 1355
2154 1715
2155 1810
2156 553
2157 1662
2158 1466
2159 1516
2160 538
2161 395
2162 1555
2163 886
2164 1776
2165 485
2166 2151
2167 1940
2168 182
2169 1146
2170 618
2171 1343
2172 99
2173 1158
2174 687
2175 875
2176 2114
2177 1657
2178 1734
2179 1136
2180 1726
2181 702
2182 1349
2183 2112
2184 1920
2185 2023
2186 952
2187 2035
2188 444
2189 1078
2190 1715
2191 1781
2192 632
2193 1693
2194 1654
2195 2157
2196 1651
2197 1227
2198 2027
2199 2080
2200 1163
2201 1442
2202 1958
2203 1061
2204 1612
2205 687
2206 1548
2207 771
2208 1021
2209 253
2210 956
2211 1126
2212 183
2213 1791
2214 1332
2215 1682
2216 1975
2217 1132
2218 1902
2219 236
2220 1358
2221 1204
2222 1821
2223 1224
2224 1861
2225 1380
2226 1828
2227 1138
2228 1363
2229 2205
2230 503
2231 956
2232 1126
2233 1600
2234 1675
2235 1852
2236 560
2237 1829
2238 601
2239 709
2240 654
2241 775
2242 2127
2243 1808
2244 1055
2245 1445
2246 1061
2247 2212
2248 1884
2249 1927
2250 1207
2251 2164
2252 1867
2253 1691
2254 1705
2255 1242
2256 2100
2257 1622
2258 1153
2259 1210
2260 727
2261 1958
2262 1762
2263 491
2264 2082
2265 1312
2266 1838
2267 1764
2268 405
2269 2245
2270 1523
2271 2076
2272 1570
2273 1203
2274 1644
2275 1333
2276 881
2277 1909
2278 1026
2279 758
2280 2243
2281 1959
2282 1061
2283 2131
2284 1854
2285 1562
2286 753
2287 2044
2288 2088
2289 334
2290 1437
2291 742
2292 1230
2293 1817
2294 1422
2295 1640
2296 2122
2297 1446
2298 2296
2299 1061
2300 709
2301 2294
2302 2139
2303 363
2304 1924
2305 1682
2306 1073
2307 1612
2308 776
2309 2068
2310 2120
2311 1516
2312 1536
2313 1943
2314 2114
2315 1839
2316 1457
2317 466
2318 2221
2319 1740
2320 1927
2321 1009
2322 537
2323 2241
2324 936
2325 1999
2326 1732
2327 641
2328 175
2329 1669
2330 559
2331 970
2332 2239
2333 539
2334 956
2335 1148
2336 491
2337 363
2338 308
2339 1478
2340 471
2341 1932
2342 336
2343 1740
2344 1818
2345 1625
2346 1585
2347 1290
2348 1569
2349 1187
2350 1495
2351 1457
2352 244
2353 1451
2354 879
2355 1376
2356 1814
2357 2269
2358 1129
2359 2330
2360 248
2361 1567
2362 182
2363 1663
2364 1125
2365 339
2366 1708
2367 491
2368 630
2369 274
2370 1358
2371 826
2372 1520
2373 952
2374 955
2375 1560
2376 1704
2377 1317
2378 2083
2379 2297
2380 654
2381 2051
2382 1039
2383 581
2384 1605
2385 988
2386 1345
2387 1529
2388 1457
2389 1830
2390 2285
2391 1013
2392 1693
2393 2017
2394 1451
2395 2165
2396 885
2397 914
2398 1061
2399 1235
2400 1918
2401 1099
2402 2190
2403 475
2404 2185
2405 939
2406 1935
2407 1235
2408 1895
2409 2298
2410 1461
2411 1812
2412 1993
2413 939
2414 1357
2415 2161
2416 2343
2417 2176
2418 1061
2419 2166
2420 2269
2421 2084
2422 1424
2423 1140
2424 1249
2425 1118
2426 2298
2427 1899
2428 1691
2429 1334
2430 1644
2431 1844
2432 1291
2433 1267
2434 394
2435 839
2436 1656
2437 2023
2438 948
2439 580
2440 2326
2441 1017
2442 1013
2443 2053
2444 770
2445 2161
2446 972
2447 1548
2448 1357
2449 1843
2450 1600
2451 2049
2452 535
2453 484
2454 1099
2455 1336
2456 2262
2457 2023
2458 2333
2459 952
2460 1216
2461 1897
2462 395
2463 2305
2464 615
2465 617
2466 1333
2467 1129
2468 1540
2469 366
2470 1665
2471 298
2472 2401
2473 1230
2474 2296
2475 1130
2476 2143
2477 2129
2478 2342
2479 1325
2480 1818
2481 1243
2482 2162
2483 1026
2484 2017
2485 2053
2486 1837
2487 500
2488 319
2489 1704
2490 1842
2491 1421
2492 1323
2493 2343
2494 1522
2495 1594
2496 1088
2497 286
2498 1669
2499 2448
2500 1144
2501 1382
2502 1289
2503 2295
2504 438
2505 1957
2506 2101
2507 1061
2508 1061
2509 725
2510 1235
2511 1366
2512 1518
2513 1905
2514 1580
2515 300
2516 2295
2517 1844
2518 1332
2519 1573
2520 1478
2521 1306
2522 1784
2523 1760
2524 1644
2525 1614
2526 1827
2527 2454
2528 1505
2529 2008
2530 1050
2531 736
2532 1857
2533 1633
2534 1333
2535 1413
2536 1194
2537 146
2538 1730
2539 942
2540 491
2541 491
2542 569
2543 634
2544 1656
2545 1605
2546 1061
2547 1630
2548 121
2549 1228
2550 427
2551 1950
2552 1958
2553 1853
2554 2382
2555 2433
2556 2396
2557 1420
2558 1765
2559 1788
2560 1531
2561 1131
2562 2379
2563 2352
2564 2122
2565 182
2566 1141
2567 1198
2568 635
2569 459
2570 421
2571 2566
2572 533
2573 2224
2574 947
2575 562
2576 748
2577 1237
2578 1660
2579 706
2580 2311
2581 1666
2582 672
2583 2249
2584 1537
2585 1053
2586 956
2587 1088
2588 363
2589 952
2590 973
2591 1061
2592 1061
2593 1370
2594 964
2595 904
2596 1468
2597 1048
2598 867
2599 491
2600 2556
2601 1245
2602 2161
2603 2385
2604 848
2605 559
2606 1068
2607 1084
2608 1721
2609 71
2610 610
2611 1345
2612 1186
2613 2041
2614 2137
2615 785
2616 1164
2617 2481
2618 831
2619 366
2620 2352
2621 2373
2622 706
2623 466
2624 2224
2625 2085
2626 491
2627 2607
2628 523
2629 1421
2630 1845
2631 2189
2632 1744
2633 2400
2634 908
2635 340
2636 1216
2637 491
2638 1319
2639 1424
2640 514
2641 981
2642 1992
2643 1926
2644 2485
2645 1137
2646 1399
2647 1485
2648 2617
2649 2184
2650 143
2651 2218
2652 2611
2653 407
2654 1644
2655 1209
2656 795
2657 2323
2658 2405
2659 355
2660 1578
2661 2301
2662 1438
2663 2469
2664 1902
2665 2095
2666 288
2667 919
2668 403
2669 573
2670 2400
2671 1191
2672 2535
2673 1755
2674 2336
2675 2331
2676 2002
2677 1682
2678 952
2679 1600
2680 1754
2681 1961
2682 1220
2683 2074
2684 1515
2685 828
2686 952
2687 2339
2688 1919
2689 1173
2690 1996
2691 1257
2692 2064
2693 1789
2694 1061
2695 1394
2696 536
2697 1022
2698 2011
2699 1061
2700 1577
2701 726
2702 1946
2703 1382
2704 1061
2705 501
2706 709
2707 1715
2708 721
2709 1759
2710 1622
2711 802
2712 2707
2713 1600
2714 1958
2715 1715
2716 288
2717 315
2718 1696
2719 2298
2720 1693
2721 1740
2722 1746
2723 2633
2724 1617
2725 1566
2726 2530
2727 1413
2728 2657
2729 476
2730 1421
2731 1934
2732 2649
2733 1451
2734 1651
2735 2306
2736 2417
2737 2326
2738 1216
2739 718
2740 318
2741 1545
2742 855
2743 1566
2744 1161
2745 484
2746 211
2747 529
2748 1715
2749 1235
2750 2375
2751 1541
2752 1438
2753 1061
2754 1382
2755 1143
2756 1651
2757 2352
2758 341
2759 491
2760 809
2761 1432
2762 1016
2763 2231
2764 1958
2765 1600
2766 511
2767 2633
2768 1043
2769 1191
2770 748
2771 2485
2772 1560
2773 1858
2774 1604
2775 481
2776 1837
2777 470
2778 399
2779 778
2780 669
2781 2543
2782 1690
2783 960
2784 2150
2785 1669
2786 327
2787 2754
2788 1742
2789 1061
2790 219
2791 2282
2792 2100
2793 1061
2794 870
2795 1509
2796 1856
2797 1310
2798 278
2799 1651
2800 1300
2801 610
2802 240
2803 975
2804 1559
2805 1168
2806 759
2807 1802
2808 784
2809 1413
2810 2144
2811 1889
2812 1621
2813 1498
2814 1836
2815 2751
2816 2485
2817 459
2818 1704
2819 1396
2820 1910
2821 300
2822 981
2823 2078
2824 2196
2825 1837
2826 400
2827 203
2828 2738
2829 2505
2830 800
2831 1732
2832 535
2833 1849
2834 1167
2835 1158
2836 1824
2837 1222
2838 1867
2839 2728
2840 1844
2841 2673
2842 2242
2843 2122
2844 969
2845 2182
2846 2555
2847 2646
2848 2726
2849 491
2850 2842
2851 2542
2852 2726
2853 2555
2854 1457
2855 2004
2856 1151
2857 1381
2858 2841
2859 2123
2860 1424
2861 1197
2862 1231
2863 897
2864 2085
2865 1669
2866 1669
2867 2114
2868 1957
2869 1605
2870 1669
2871 641
2872 2095
2873 1934
2874 2592
2875 2691
2876 2474
2877 2541
2878 1051
2879 2375
2880 2599
2881 2296
2882 2049
2883 2375
2884 1536
2885 2243
2886 2758
2887 605
2888 2245
2889 2593
2890 2707
2891 2495
2892 1658
2893 2124
2894 1695
2895 2295
2896 2323
2897 2780
2898 981
2899 2751
2900 280
2901 1457
2902 1380
2903 2006
2904 1421
2905 1737
2906 1690
2907 1456
2908 1653
2909 2846
2910 1266
2911 1860
2912 2845
2913 2763
2914 1153
2915 2007
2916 2439
2917 306
2918 1818
2919 772
2920 2282
2921 1376
2922 2222
2923 1916
2924 952
2925 2181
2926 2829
2927 1421
2928 1675
2929 2513
2930 300
2931 2273
2932 286
2933 489
2934 2248
2935 2689
2936 2836
2937 1201
2938 2658
2939 997
2940 50
2941 2656
2942 2874
2943 1690
2944 1303
2945 2204
2946 1440
2947 2172
2948 630
2949 2911
2950 1857
2951 1878
2952 2845
2953 771
2954 1651
2955 1078
2956 1046
2957 1596
2958 1400
2959 887
2960 1412
2961 1002
2962 2412
2963 2662
2964 1061
2965 684
2966 2469
2967 2111
2968 2957
2969 1352
2970 523
2971 2769
2972 2939
2973 2303
2974 2812
2975 2817
2976 2780
2977 2626
2978 1305
2979 2302
2980 1158
2981 2579
2982 2387
2983 2812
2984 2549
2985 725
2986 2509
2987 1457
2988 1344
2989 1236
2990 2179
2991 2683
2992 1376
2993 2764
2994 1669
2995 2856
2996 1690
2997 2296
2998 63
2999 2787
3000 91
3001 2495
3002 2249
3003 2433
3004 2015
3005 1790
3006 2845
3007 1613
3008 2446
3009 1866
3010 491
3011 3004
3012 2317
3013 437
3014 2162
3015 1718
3016 2755
3017 1884
3018 2918
3019 1767
3020 2224
3021 2070
3022 2085
3023 1713
3024 34
3025 278
3026 2504
3027 1457
3028 2005
3029 2957
3030 2756
3031 483
3032 942
3033 1682
3034 982
3035 2874
3036 3034
3037 1120
3038 2782
3039 1567
3040 2747
3041 2186
3042 2484
3043 2617
3044 3000
3045 1708
3046 3026
3047 1421
3048 2957
3049 1644
3050 394
3051 1905
3052 372
3053 1560
3054 841
3055 1693
3056 925
3057 1096
3058 2604
3059 1166
3060 376
3061 1764
3062 2188
3063 2534
3064 952
3065 363
3066 154
3067 1795
3068 810
3069 1370
3070 2860
3071 1061
3072 2226
3073 319
3074 1253
3075 2359
3076 2299
3077 3047
3078 1012
3079 2750
3080 530
3081 2817
3082 660
3083 2033
3084 2914
3085 2311
3086 2915
3087 2823
3088 2898
3089 1662
3090 1061
3091 1759
3092 2485
3093 2294
3094 3070
3095 1228
3096 2224
3097 2676
3098 2846
3099 1933
3100 3057
3101 1683
3102 916
3103 1473
3104 2726
3105 2361
3106 2678
3107 2846
3108 300
3109 915
3110 1358
3111 648
3112 2316
3113 1137
3114 2994
3115 2317
3116 1422
3117 2946
3118 2498
3119 2483
3120 814
3121 2812
3122 966
3123 2492
3124 1939
3125 2957
3126 1558
3127 3028
3128 2469
3129 1681
3130 3036
3131 3112
3132 298
3133 1904
3134 2802
3135 2318
3136 870
3137 651
3138 503
3139 2006
3140 2921
3141 1692
3142 2657
3143 1220
3144 2670
3145 2881
3146 1899
3147 2810
3148 2994
3149 1928
3150 2563
3151 2304
3152 2957
3153 1200
3154 2103
3155 918
3156 1561
3157 1567
3158 2166
3159 2812
3160 1726
3161 2002
3162 2298
3163 3077
3164 204
3165 1275
3166 2190
3167 1740
3168 2907
3169 3000
3170 2837
3171 1469
3172 1870
3173 2614
3174 2263
3175 880
3176 1634
3177 2100
3178 2860
3179 2814
3180 2004
3181 839
3182 1818
3183 1609
3184 820
3185 3037
3186 3129
3187 2156
3188 982
3189 1644
3190 1691
3191 1219
3192 1160
3193 3181
3194 2613
3195 2666
3196 1161
3197 1669
3198 928
3199 1768
3200 2100
3201 3092
3202 2485
3203 1905
3204 3189
3205 2310
3206 2214
3207 2224
3208 2476
3209 918
3210 2407
3211 1324
3212 1265
3213 1091
3214 1278
3215 641
3216 1296
3217 2056
3218 2363
3219 1757
3220 1682
3221 3144
3222 1358
3223 1158
3224 3117
3225 1699
3226 3079
3227 1669
3228 1238
3229 1715
3230 2812
3231 1694
3232 744
3233 2831
3234 1795
3235 1503
3236 3061
3237 2221
3238 2319
3239 965
3240 2779
3241 964
3242 2845
3243 1935
3244 1243
3245 2682
3246 1346
3247 1265
3248 2842
3249 2193
3250 2856
3251 2836
3252 971
3253 1962
3254 3117
3255 2157
3256 3105
3257 1588
3258 1994
3259 3027
3260 952
3261 825
3262 2025
3263 370
3264 3035
3265 1899
3266 2100
3267 1537
3268 2497
3269 2097
3270 2393
3271 1241
3272 1871
3273 976
3274 1061
3275 1848
3276 1436
3277 1935
3278 1436
3279 2538
3280 830
3281 2060
3282 1644
3283 2604
3284 737
3285 2594
3286 956
3287 2436
3288 3259
3289 26
3290 1430
3291 1600
3292 2845
3293 1265
3294 728
3295 2457
3296 2186
3297 1553
3298 2994
3299 409
3300 2371
3301 3002
3302 1927
3303 1727
3304 1651
3305 1185
3306 2225
3307 530
3308 3262
3309 621
3310 1810
3311 2296
3312 2994
3313 1577
3314 2758
3315 1960
3316 2998
3317 2524
3318 2552
3319 1061
3320 2469
3321 3305
3322 2846
3323 3062
3324 2600
3325 1439
3326 3128
3327 2999
3328 1984
3329 1594
3330 1899
3331 1903
3332 3182
3333 1965
3334 1903
3335 2635
3336 1243
3337 1357
3338 2551
3339 2195
3340 1449
3341 3233
3342 2417
3343 2183
3344 2607
3345 3208
3346 2023
3347 1061
3348 1554
3349 1825
3350 3152
3351 1763
3352 956
3353 335
3354 838
3355 1651
3356 1656
3357 1119
3358 933
3359 2878
3360 2846
3361 1645
3362 3081
3363 2157
3364 471
3365 2994
3366 510
3367 956
3368 3335
3369 2707
3370 2856
3371 2874
3372 1659
3373 2928
3374 2678
3375 1918
3376 1802
3377 1197
3378 1009
3379 2081
3380 2255
3381 2941
3382 1027
3383 701
3384 2901
3385 2699
3386 1575
3387 2006
3388 936
3389 1482
3390 2983
3391 1061
3392 2191
3393 1805
3394 3357
3395 952
3396 773
3397 344
3398 712
3399 943
3400 825
3401 2711
3402 3154
3403 109
3404 469
3405 842
3406 924
3407 110
3408 24
3409 1652
3410 1330
3411 701
3412 866
3413 196
3414 214
3415 716
3416 12
3417 331
3418 20
3419 26
3420 2008
3421 3024
3422 1972
3423 32
3424 2897
3425 1575
3426 2219
3427 2160
3428 1921
3429 436
3430 1301
3431 1281
3432 26
3433 3289
3434 472
3435 245
3436 979
3437 1834
3438 798
3439 1502
3440 2208
3441 2224
3442 27
3443 710
3444 268
3445 150
3446 474
3447 123
3448 1251
3449 240
3450 219
3451 223
3452 431
3453 401
3454 356
3455 32
3456 941
3457 385
3458 3138
3459 62
3460 37
3461 1952
3462 414
3463 2116
3464 804
3465 1977
3466 68
3467 41
3468 3280
3469 1225
3470 441
3471 1506
3472 49
3473 67
3474 365
3475 2940
3476 44
3477 163
3478 290
3479 142
3480 133
3481 80
3482 289
3483 2781
3484 792
3485 1762
3486 2539
3487 153
3488 627
3489 2464
3490 1043
3491 49
3492 2650
3493 56
3494 60
3495 3128
3496 534
3497 307
3498 662
3499 945
3500 1650
3501 2739
3502 266
3503 63
3504 2476
3505 699
3506 303
3507 542
3508 406
3509 670
3510 2998
3511 563
3512 1337
3513 70
3514 681
3515 1208
3516 161
3517 71
3518 2609
3519 72
3520 2061
3521 3056
3522 1519
3523 73
3524 73
3525 73
3526 915
3527 1731
3528 611
3529 73
3530 910
3531 75
3532 387
3533 75
3534 454
3535 2369
3536 272
3537 418
3538 329
3539 745
3540 475
3541 141
3542 2985
3543 2826
3544 170
3545 275
3546 80
3547 80
3548 3393
3549 145
3550 1521
3551 255
3552 112
3553 794
3554 168
3555 1820
3556 2548
3557 1795
3558 1499
3559 138
3560 1433
3561 172
3562 86
3563 3257
3564 2956
3565 1641
3566 1286
3567 2978
3568 405
3569 1076
3570 216
3571 239
3572 209
3573 720
3574 3000
3575 147
3576 94
3577 304
3578 2048
3579 1388
3580 1881
3581 498
3582 3136
3583 527
3584 350
3585 1803
3586 2902
3587 2331
3588 1089
3589 1328
3590 997
3591 2697
3592 1259
3593 99
3594 99
3595 234
3596 99
3597 326
3598 2487
3599 566
3600 978
3601 2947
3602 1179
3603 2590
3604 3366
3605 704
3606 2365
3607 99
3608 169
3609 99
3610 99
3611 484
3612 1537
3613 1885
3614 2352
3615 189
3616 497
3617 108
3618 2685
3619 448
3620 3309
3621 3389
3622 779
3623 844
3624 477
3625 115
3626 156
3627 974
3628 1061
3629 116
3630 3351
3631 593
3632 1581
3633 195
3634 3232
3635 116
3636 132
3637 512
3638 2328
3639 2647
3640 3059
3641 624
3642 2425
3643 1175
3644 1626
3645 560
3646 906
3647 2801
3648 445
3649 132
3650 808
3651 1419
3652 2758
3653 311
3654 2537
3655 3333
3656 2247
3657 1092
3658 747
3659 146
3660 3323
3661 2717
3662 1041
3663 1143
3664 1054
3665 688
3666 3066
3667 1535
3668 692
3669 157
3670 1396
3671 1424
3672 1250
3673 162
3674 162
3675 163
3676 167
3677 519
3678 169
3679 1261
3680 1131
3681 172
3682 1887
3683 199
3684 1397
3685 3284
3686 1639
3687 1038
3688 1181
3689 177
3690 2289
3691 848
3692 892
3693 182
3694 2415
3695 345
3696 182
3697 486
3698 2411
3699 416
3700 1862
3701 2565
3702 182
3703 2168
3704 182
3705 2550
3706 2192
3707 2656
3708 1953
3709 182
3710 182
3711 2504
3712 1823
3713 2362
3714 182
3715 182
3716 1073
3717 229
3718 1912
3719 1130
3720 1682
3721 1934
3722 1331
3723 182
3724 183
3725 184
3726 750
3727 302
3728 805
3729 230
3730 1190
3731 319
3732 187
3733 1030
3734 187
3735 312
3736 946
3737 557
3738 680
3739 191
3740 811
3741 646
3742 191
3743 192
3744 1079
3745 193
3746 1903
3747 962
3748 1425
3749 511
3750 2322
3751 325
3752 471
3753 482
3754 2917
3755 663
3756 658
3757 2308
3758 3378
3759 1176
3760 755
3761 3376
3762 2165
3763 194
3764 338
3765 2081
3766 412
3767 367
3768 875
3769 543
3770 993
3771 2827
3772 898
3773 1564
3774 1407
3775 1712
3776 1486
3777 203
3778 3164
3779 204
3780 204
3781 807
3782 3156
3783 1559
3784 2764
3785 2907
3786 1954
3787 2746
3788 2875
3789 1342
3790 1741
3791 1725
3792 218
3793 3013
3794 408
3795 219
3796 2666
3797 2790
3798 838
3799 220
3800 419
3801 1335
3802 523
3803 532
3804 228
3805 228
3806 2635
3807 2740
3808 2932
3809 1635
3810 234
3811 1526
3812 236
3813 890
3814 640
3815 1367
3816 491
3817 1109
3818 1072
3819 1035
3820 1590
3821 1044
3822 3060
3823 715
3824 284
3825 1755
3826 2915
3827 2574
3828 1599
3829 3134
3830 987
3831 404
3832 3307
3833 968
3834 620
3835 707
3836 1705
3837 1128
3838 243
3839 244
3840 244
3841 518
3842 1149
3843 2151
3844 1148
3845 2360
3846 1909
3847 873
3848 253
3849 1180
3850 517
3851 253
3852 393
3853 568
3854 253
3855 540
3856 719
3857 1008
3858 1165
3859 253
3860 263
3861 1565
3862 253
3863 2128
3864 1543
3865 2209
3866 655
3867 1738
3868 258
3869 259
3870 1872
3871 324
3872 2684
3873 1188
3874 1842
3875 552
3876 368
3877 267
3878 270
3879 992
3880 271
3881 271
3882 673
3883 373
3884 1508
3885 3025
3886 1664
3887 2798
3888 797
3889 280
3890 1093
3891 926
3892 2900
3893 2145
3894 283
3895 283
3896 284
3897 2083
3898 415
3899 2062
3900 286
3901 2098
3902 286
3903 286
3904 2497
3905 3263
3906 1112
3907 1083
3908 2716
3909 288
3910 608
3911 2197
3912 291
3913 291
3914 291
3915 378
3916 291
3917 1925
3918 2447
3919 292
3920 292
3921 2181
3922 1533
3923 2389
3924 300
3925 1169
3926 298
3927 812
3928 3132
3929 298
3930 2471
3931 466
3932 2821
3933 2622
3934 607
3935 2515
3936 2930
3937 300
3938 3108
3939 587
3940 690
3941 1739
3942 613
3943 308
3944 2338
3945 310
3946 1268
3947 315
3948 1627
3949 316
3950 1086
3951 1067
3952 2488
3953 629
3954 3073
3955 1096
3956 1740
3957 2643
3958 499
3959 323
3960 1136
3961 372
3962 325
3963 326
3964 2786
3965 907
3966 328
3967 328
3968 2965
3969 2951
3970 1374
3971 2189
3972 1036
3973 3353
3974 630
3975 494
3976 2570
3977 2478
3978 339
3979 339
3980 1983
3981 344
3982 1157
3983 2295
3984 561
3985 2690
3986 1835
3987 2659
3988 356
3989 413
3990 2038
3991 1492
3992 363
3993 1774
3994 389
3995 2071
3996 1714
3997 782
3998 363
3999 363
4000 363
4001 1913
4002 363
4003 363
4004 874
4005 363
4006 363
4007 1711
4008 363
4009 363
4010 1560
4011 363
4012 363
4013 363
4014 893
4015 1793
4016 363
4017 363
4018 363
4019 363
4020 1797
4021 443
4022 766
4023 1924
4024 363
4025 2087
4026 489
4027 2545
4028 3065
4029 983
4030 2588
4031 363
4032 548
4033 786
4034 1232
4035 3211
4036 1341
4037 363
4038 506
4039 601
4040 1961
4041 2031
4042 2034
4043 1347
4044 576
4045 1587
4046 1361
4047 2144
4048 2606
4049 363
4050 1082
4051 764
4052 1662
4053 3097
4054 363
4055 2120
4056 612
4057 363
4058 363
4059 698
4060 2337
4061 2668
4062 2705
4063 1956
4064 363
4065 3313
4066 465
4067 363
4068 2973
4069 363
4070 869
4071 1745
4072 2708
4073 1784
4074 363
4075 2129
4076 366
4077 2619
4078 372
4079 3052
4080 372
4081 2187
4082 372
4083 2099
4084 3007
4085 374
4086 374
4087 374
4088 374
4089 374
4090 899
4091 376
4092 727
4093 377
4094 450
4095 689
4096 387
4097 387
4098 556
4099 388
4100 388
4101 2279
4102 851
4103 388
4104 388
4105 388
4106 2067
4107 1589
4108 1471
4109 2957
4110 1404
4111 1139
4112 891
4113 1107
4114 854
4115 392
4116 392
4117 392
4118 2119
4119 2919
4120 424
4121 473
4122 1020
4123 1978
4124 743
4125 3050
4126 2434
4127 3294
4128 394
4129 394
4130 394
4131 2462
4132 395
4133 395
4134 1187
4135 395
4136 513
4137 932
4138 746
4139 790
4140 883
4141 2778
4142 399
4143 399
4144 994
4145 526
4146 399
4147 2268
4148 708
4149 405
4150 2444
4151 417
4152 2838
4153 1332
4154 406
4155 2653
4156 407
4157 1814
4158 2747
4159 408
4160 409
4161 409
4162 409
4163 409
4164 3299
4165 409
4166 409
4167 2779
4168 1970
4169 572
4170 2520
4171 827
4172 410
4173 2122
4174 986
4175 411
4176 1723
4177 2806
4178 411
4179 1530
4180 1007
4181 1398
4182 2465
4183 420
4184 2770
4185 417
4186 417
4187 480
4188 1679
4189 418
4190 418
4191 421
4192 1579
4193 2692
4194 426
4195 696
4196 433
4197 433
4198 433
4199 2893
4200 433
4201 3303
4202 436
4203 1594
4204 438
4205 2183
4206 446
4207 2937
4208 1080
4209 449
4210 2557
4211 1091
4212 2567
4213 1675
4214 1946
4215 1481
4216 451
4217 1059
4218 451
4219 667
4220 591
4221 452
4222 464
4223 452
4224 774
4225 454
4226 789
4227 454
4228 454
4229 454
4230 457
4231 1088
4232 1484
4233 2805
4234 459
4235 1192
4236 1056
4237 578
4238 2569
4239 459
4240 459
4241 2383
4242 2817
4243 463
4244 463
4245 463
4246 642
4247 466
4248 1724
4249 1306
4250 2623
4251 754
4252 1066
4253 836
4254 971
4255 466
4256 466
4257 2121
4258 466
4259 590
4260 466
4261 3115
4262 2029
4263 751
4264 466
4265 944
4266 729
4267 468
4268 468
4269 2777
4270 3364
4271 1707
4272 2340
4273 2091
4274 2403
4275 2729
4276 480
4277 2042
4278 480
4279 480
4280 2775
4281 1032
4282 483
4283 483
4284 2410
4285 2944
4286 1619
4287 483
4288 3031
4289 756
4290 483
4291 483
4292 2453
4293 484
4294 493
4295 2745
4296 486
4297 3111
4298 1001
4299 2026
4300 2933
4301 1806
4302 2795
4303 2276
4304 2808
4305 1345
4306 491
4307 1539
4308 1196
4309 2056
4310 522
4311 491
4312 491
4313 491
4314 491
4315 820
4316 2540
4317 491
4318 691
4319 1719
4320 3124
4321 3116
4322 491
4323 491
4324 491
4325 618
4326 491
4327 502
4328 1311
4329 1591
4330 491
4331 491
4332 3010
4333 829
4334 2759
4335 3262
4336 491
4337 553
4338 491
4339 491
4340 1377
4341 1681
4342 491
4343 3054
4344 491
4345 2773
4346 2680
4347 1226
4348 1062
4349 491
4350 491
4351 1199
4352 1023
4353 491
4354 491
4355 3285
4356 761
4357 491
4358 656
4359 491
4360 491
4361 2429
4362 491
4363 491
4364 1321
4365 1453
4366 2211
4367 2599
4368 2674
4369 2742
4370 1191
4371 491
4372 2263
4373 491
4374 1477
4375 929
4376 834
4377 491
4378 2345
4379 539
4380 2762
4381 877
4382 2626
4383 1452
4384 1963
4385 661
4386 1416
4387 491
4388 491
4389 2009
4390 2372
4391 491
4392 491
4393 491
4394 2140
4395 491
4396 950
4397 491
4398 2585
4399 1099
4400 491
4401 817
4402 1942
4403 826
4404 1766
4405 785
4406 847
4407 549
4408 703
4409 491
4410 2696
4411 491
4412 1518
4413 491
4414 491
4415 491
4416 1458
4417 491
4418 2367
4419 491
4420 2519
4421 2849
4422 491
4423 1917
4424 2286
4425 2235
4426 595
4427 491
4428 1986
4429 1467
4430 849
4431 2863
4432 674
4433 585
4434 491
4435 2877
4436 2637
4437 1732
4438 717
4439 491
4440 2452
4441 1280
4442 657
4443 2582
4444 598
4445 1418
4446 1241
4447 1408
4448 494
4449 1037
4450 495
4451 497
4452 497
4453 1775
4454 498
4455 2053
4456 500
4457 887
4458 501
4459 571
4460 2531
4461 1275
4462 1411
4463 2230
4464 504
4465 3209
4466 626
4467 508
4468 508
4469 858
4470 1423
4471 511
4472 2766
4473 1357
4474 938
4475 1997
4476 511
4477 1215
4478 514
4479 514
4480 1557
4481 2701
4482 2640
4483 514
4484 1282
4485 911
4486 643
4487 1923
4488 2152
4489 519
4490 541
4491 614
4492 521
4493 523
4494 1785
4495 1833
4496 523
4497 1729
4498 1491
4499 659
4500 1024
4501 2970
4502 2628
4503 523
4504 1216
4505 1285
4506 1794
4507 584
4508 1472
4509 3080
4510 531
4511 2605
4512 531
4513 531
4514 531
4515 1417
4516 532
4517 768
4518 1863
4519 1489
4520 1624
4521 1320
4522 533
4523 1943
4524 2572
4525 963
4526 533
4527 535
4528 2832
4529 535
4530 535
4531 2077
4532 2065
4533 980
4534 535
4535 2054
4536 1873
4537 949
4538 1493
4539 2823
4540 2333
4541 540
4542 876
4543 884
4544 806
4545 2149
4546 541
4547 1299
4548 1890
4549 542
4550 1085
4551 694
4552 544
4553 544
4554 872
4555 1908
4556 547
4557 549
4558 549
4559 549
4560 1297
4561 2074
4562 552
4563 3187
4564 556
4565 556
4566 1692
4567 556
4568 558
4569 709
4570 3075
4571 559
4572 559
4573 559
4574 2236
4575 2575
4576 799
4577 566
4578 1850
4579 566
4580 567
4581 1287
4582 1213
4583 3143
4584 2250
4585 2851
4586 955
4587 999
4588 2669
4589 573
4590 574
4591 575
4592 1209
4593 580
4594 2916
4595 1475
4596 580
4597 2380
4598 580
4599 628
4600 3153
4601 1351
4602 2238
4603 604
4604 604
4605 604
4606 639
4607 2887
4608 605
4609 905
4610 1948
4611 610
4612 2610
4613 611
4614 783
4615 611
4616 611
4617 1455
4618 1606
4619 1129
4620 2170
4621 618
4622 894
4623 3133
4624 3382
4625 621
4626 622
4627 777
4628 1651
4629 623
4630 624
4631 1462
4632 2800
4633 675
4634 629
4635 629
4636 630
4637 1249
4638 2948
4639 2278
4640 630
4641 630
4642 956
4643 630
4644 630
4645 2368
4646 630
4647 631
4648 631
4649 2244
4650 940
4651 821
4652 2568
4653 2667
4654 636
4655 636
4656 2093
4657 638
4658 1899
4659 3215
4660 2327
4661 2871
4662 643
4663 644
4664 2502
4665 644
4666 644
4667 645
4668 646
4669 649
4670 649
4671 650
4672 650
4673 3137
4674 1832
4675 654
4676 2240
4677 655
4678 1047
4679 1248
4680 659
4681 659
4682 659
4683 1450
4684 660
4685 3082
4686 662
4687 1615
4688 1894
4689 1468
4690 667
4691 803
4692 677
4693 1666
4694 1646
4695 677
4696 871
4697 687
4698 2229
4699 2174
4700 859
4701 857
4702 687
4703 1147
4704 1752
4705 697
4706 698
4707 1459
4708 699
4709 699
4710 2396
4711 701
4712 701
4713 701
4714 3383
4715 703
4716 1618
4717 703
4718 3297
4719 972
4720 1368
4721 1496
4722 706
4723 2579
4724 1968
4725 1694
4726 708
4727 862
4728 1120
4729 864
4730 1770
4731 709
4732 2153
4733 2689
4734 709
4735 2066
4736 3349
4737 713
4738 1327
4739 912
4740 709
4741 709
4742 2039
4743 709
4744 856
4745 709
4746 3104
4747 1856
4748 1065
4749 2706
4750 709
4751 1048
4752 709
4753 2554
4754 709
4755 709
4756 1029
4757 709
4758 2300
4759 2163
4760 709
4761 709
4762 709
4763 709
4764 1014
4765 709
4766 1525
4767 2010
4768 709
4769 2272
4770 709
4771 2528
4772 1488
4773 2332
4774 709
4775 710
4776 1716
4777 710
4778 740
4779 711
4780 2969
4781 1156
4782 716
4783 716
4784 1193
4785 718
4786 718
4787 720
4788 722
4789 1792
4790 723
4791 724
4792 2509
4793 2260
4794 727
4795 2101
4796 734
4797 2423
4798 1444
4799 737
4800 737
4801 1827
4802 1610
4803 1743
4804 1663
4805 2830
4806 1018
4807 742
4808 742
4809 2291
4810 742
4811 743
4812 743
4813 745
4814 2576
4815 3095
4816 751
4817 1628
4818 860
4819 757
4820 757
4821 1413
4822 760
4823 2293
4824 1922
4825 763
4826 764
4827 765
4828 766
4829 766
4830 766
4831 766
4832 768
4833 1387
4834 771
4835 771
4836 2953
4837 1601
4838 771
4839 771
4840 2207
4841 1994
4842 771
4843 2117
4844 771
4845 1371
4846 1698
4847 773
4848 1736
4849 2839
4850 775
4851 1308
4852 777
4853 996
4854 2019
4855 780
4856 780
4857 780
4858 780
4859 785
4860 785
4861 2615
4862 788
4863 2679
4864 2217
4865 788
4866 1632
4867 1473
4868 1310
4869 1392
4870 1778
4871 796
4872 1256
4873 796
4874 797
4875 2043
4876 799
4877 801
4878 1586
4879 805
4880 837
4881 805
4882 2760
4883 1598
4884 3068
4885 810
4886 1163
4887 811
4888 1122
4889 3175
4890 1667
4891 812
4892 2470
4893 3120
4894 2390
4895 817
4896 819
4897 820
4898 3184
4899 820
4900 820
4901 820
4902 820
4903 1373
4904 820
4905 821
4906 1329
4907 822
4908 824
4909 3261
4910 3300
4911 831
4912 831
4913 2618
4914 832
4915 837
4916 3354
4917 839
4918 3181
4919 839
4920 2435
4921 839
4922 2108
4923 839
4924 840
4925 1202
4926 1966
4927 840
4928 845
4929 841
4930 841
4931 1415
4932 2070
4933 848
4934 3283
4935 852
4936 2094
4937 853
4938 895
4939 853
4940 853
4941 853
4942 2216
4943 858
4944 858
4945 1350
4946 859
4947 1101
4948 878
4949 864
4950 1221
4951 865
4952 1992
4953 866
4954 867
4955 2598
4956 928
4957 2922
4958 2794
4959 1864
4960 870
4961 871
4962 2175
4963 876
4964 2354
4965 2910
4966 879
4967 1273
4968 879
4969 2347
4970 1703
4971 881
4972 881
4973 881
4974 3117
4975 931
4976 882
4977 882
4978 1117
4979 1346
4980 1406
4981 886
4982 1071
4983 887
4984 1969
4985 2811
4986 2959
4987 1865
4988 888
4989 888
4990 888
4991 888
4992 892
4993 892
4994 892
4995 892
4996 1487
4997 892
4998 1293
4999 1155
5000 892
5001 892
5002 960
5003 892
5004 892
5005 1608
5006 1813
5007 892
5008 1137
5009 1982
5010 892
5011 1810
5012 892
5013 1402
5014 892
5015 892
5016 2370
5017 1859
5018 917
5019 1549
5020 898
5021 900
5022 900
5023 3273
5024 902
5025 903
5026 903
5027 1102
5028 903
5029 1284
5030 2595
5031 1113
5032 1851
5033 904
5034 904
5035 904
5036 904
5037 914
5038 3357
5039 904
5040 905
5041 906
5042 2634
5043 1854
5044 2722
5045 2752
5046 1224
5047 922
5048 2397
5049 3109
5050 915
5051 1497
5052 1571
5053 1892
5054 3102
5055 1383
5056 3155
5057 918
5058 922
5059 924
5060 925
5061 927
5062 975
5063 928
5064 2266
5065 2198
5066 3198
5067 928
5068 1621
5069 928
5070 928
5071 1429
5072 928
5073 928
5074 1991
5075 1980
5076 932
5077 1077
5078 3358
5079 1971
5080 935
5081 3388
5082 2324
5083 937
5084 938
5085 2938
5086 2413
5087 939
5088 940
5089 940
5090 940
5091 3032
5092 995
5093 1104
5094 947
5095 2844
5096 2438
5097 948
5098 948
5099 948
5100 949
5101 950
5102 950
5103 952
5104 2856
5105 952
5106 952
5107 3064
5108 3041
5109 952
5110 952
5111 1616
5112 1410
5113 952
5114 3171
5115 3260
5116 952
5117 3395
5118 2589
5119 2996
5120 952
5121 952
5122 952
5123 952
5124 952
5125 952
5126 1697
5127 952
5128 952
5129 1857
5130 2924
5131 3216
5132 952
5133 952
5134 952
5135 2686
5136 952
5137 2459
5138 1902
5139 952
5140 1547
5141 952
5142 1620
5143 952
5144 2678
5145 952
5146 952
5147 3272
5148 952
5149 2621
5150 1442
5151 1317
5152 2374
5153 955
5154 955
5155 2210
5156 3122
5157 956
5158 956
5159 2525
5160 956
5161 1816
5162 1115
5163 1531
5164 3286
5165 956
5166 956
5167 956
5168 1260
5169 956
5170 2913
5171 1648
5172 956
5173 1312
5174 2586
5175 956
5176 956
5177 956
5178 956
5179 1933
5180 3149
5181 1399
5182 956
5183 1947
5184 1957
5185 956
5186 956
5187 2703
5188 1893
5189 1583
5190 1918
5191 990
5192 956
5193 1659
5194 3367
5195 956
5196 956
5197 3352
5198 989
5199 2334
5200 956
5201 956
5202 956
5203 956
5204 2783
5205 960
5206 3328
5207 961
5208 1270
5209 1204
5210 964
5211 964
5212 964
5213 3241
5214 965
5215 965
5216 3239
5217 2660
5218 969
5219 970
5220 970
5221 970
5222 3252
5223 3008
5224 975
5225 2803
5226 2813
5227 2079
5228 978
5229 1000
5230 978
5231 978
5232 978
5233 979
5234 979
5235 1058
5236 1052
5237 980
5238 980
5239 2822
5240 981
5241 981
5242 981
5243 2641
5244 1446
5245 3088
5246 981
5247 981
5248 1840
5249 981
5250 981
5251 981
5252 3191
5253 981
5254 1134
5255 981
5256 1507
5257 982
5258 2961
5259 982
5260 3188
5261 982
5262 3034
5263 987
5264 2695
5265 1184
5266 1011
5267 2385
5268 989
5269 1025
5270 1673
5271 1841
5272 1510
5273 991
5274 994
5275 994
5276 1915
5277 994
5278 994
5279 1182
5280 995
5281 3078
5282 995
5283 995
5284 995
5285 996
5286 2939
5287 997
5288 999
5289 1004
5290 1004
5291 1007
5292 1876
5293 1007
5294 1240
5295 1009
5296 1009
5297 2106
5298 2321
5299 1010
5300 1229
5301 1189
5302 1011
5303 2442
5304 2391
5305 1013
5306 1014
5307 1014
5308 1014
5309 1016
5310 1045
5311 1016
5312 2441
5313 1234
5314 1020
5315 1020
5316 2290
5317 1020
5318 1735
5319 1021
5320 2126
5321 2059
5322 1021
5323 1026
5324 3119
5325 1032
5326 1033
5327 1038
5328 1038
5329 1038
5330 1728
5331 1882
5332 1039
5333 1039
5334 1720
5335 1042
5336 1043
5337 1043
5338 2768
5339 1044
5340 1044
5341 1047
5342 1047
5343 2597
5344 1048
5345 1048
5346 2055
5347 1050
5348 1051
5349 2878
5350 1053
5351 1054
5352 1054
5353 1054
5354 1061
5355 1061
5356 1061
5357 2194
5358 1061
5359 2203
5360 1061
5361 1061
5362 1751
5363 1061
5364 1269
5365 1061
5366 1623
5367 1061
5368 1061
5369 1247
5370 1074
5371 1061
5372 1222
5373 1061
5374 1445
5375 1061
5376 1451
5377 1061
5378 1552
5379 1061
5380 2299
5381 1409
5382 1061
5383 2507
5384 1061
5385 2558
5386 1061
5387 1061
5388 1617
5389 1061
5390 1061
5391 1314
5392 1061
5393 1354
5394 2132
5395 1061
5396 1061
5397 3274
5398 1061
5399 1718
5400 1061
5401 1135
5402 3071
5403 1061
5404 2246
5405 1061
5406 1061
5407 1061
5408 2815
5409 1789
5410 3391
5411 1061
5412 1061
5413 1061
5414 3325
5415 1595
5416 1824
5417 2110
5418 1116
5419 1490
5420 2546
5421 3127
5422 1061
5423 1061
5424 1061
5425 1916
5426 2694
5427 1061
5428 1061
5429 1061
5430 2418
5431 1061
5432 3319
5433 2508
5434 2282
5435 1061
5436 3282
5437 1061
5438 1061
5439 2789
5440 1061
5441 1061
5442 1353
5443 1194
5444 1061
5445 1061
5446 1061
5447 1555
5448 1527
5449 2227
5450 1090
5451 1152
5452 3347
5453 1061
5454 1061
5455 1905
5456 2141
5457 1061
5458 1061
5459 1061
5460 3385
5461 1061
5462 1061
5463 2761
5464 1061
5465 1061
5466 1061
5467 2592
5468 1061
5469 1061
5470 1061
5471 1061
5472 1061
5473 1061
5474 1722
5475 1061
5476 1061
5477 2398
5478 3090
5479 1277
5480 1061
5481 1061
5482 1061
5483 2178
5484 1365
5485 1674
5486 2988
5487 2753
5488 1061
5489 1061
5490 1061
5491 1389
5492 2964
5493 1061
5494 1061
5495 1544
5496 1061
5497 2704
5498 3180
5499 2058
5500 1061
5501 1554
5502 1884
5503 1160
5504 2100
5505 1061
5506 1061
5507 1758
5508 3199
5509 2147
5510 1206
5511 2591
5512 1061
5513 1061
5514 1061
5515 1061
5516 1061
5517 1998
5518 1061
5519 1108
5520 1061
5521 1061
5522 1449
5523 2793
5524 1061
5525 1338
5526 1061
5527 1689
5528 1684
5529 1061
5530 1061
5531 1441
5532 2725
5533 2892
5534 1649
5535 1818
5536 1061
5537 1068
5538 1069
5539 2063
5540 1532
5541 1070
5542 1726
5543 1360
5544 2306
5545 1749
5546 1074
5547 1074
5548 1125
5549 1074
5550 1075
5551 2125
5552 1076
5553 1828
5554 1076
5555 1077
5556 1078
5557 2955
5558 1080
5559 1274
5560 1522
5561 1771
5562 2237
5563 2607
5564 1084
5565 1700
5566 1085
5567 1195
5568 1931
5569 1086
5570 1086
5571 1086
5572 1291
5573 2146
5574 1086
5575 1088
5576 1088
5577 2496
5578 1454
5579 1088
5580 1088
5581 1088
5582 1088
5583 2587
5584 1088
5585 1088
5586 1205
5587 1178
5588 1088
5589 1088
5590 1088
5591 1089
5592 3213
5593 1091
5594 1094
5595 1094
5596 1110
5597 3100
5598 1096
5599 1098
5600 1099
5601 1443
5602 2401
5603 1099
5604 1099
5605 2527
5606 1103
5607 1103
5608 1103
5609 1103
5610 1104
5611 1104
5612 1104
5613 1111
5614 3305
5615 1687
5616 1114
5617 1987
5618 1647
5619 1114
5620 1114
5621 1114
5622 1115
5623 1115
5624 1115
5625 1254
5626 1115
5627 1319
5628 1118
5629 3037
5630 1309
5631 1463
5632 1122
5633 1381
5634 1122
5635 1430
5636 1122
5637 3219
5638 2113
5639 1122
5640 2364
5641 1126
5642 2097
5643 1153
5644 2232
5645 1126
5646 1126
5647 1951
5648 1129
5649 1276
5650 2455
5651 2467
5652 1129
5653 1129
5654 2358
5655 1129
5656 1130
5657 2475
5658 1130
5659 2561
5660 1131
5661 1131
5662 1131
5663 2179
5664 1136
5665 1136
5666 1137
5667 1137
5668 1137
5669 1137
5670 2645
5671 3113
5672 1137
5673 3235
5674 1137
5675 1137
5676 1137
5677 1137
5678 2566
5679 1137
5680 2102
5681 1622
5682 3176
5683 1391
5684 1142
5685 1143
5686 1143
5687 3016
5688 1143
5689 1144
5690 1144
5691 2500
5692 2169
5693 2335
5694 1148
5695 1148
5696 1148
5697 1148
5698 1574
5699 1150
5700 1898
5701 1150
5702 1799
5703 2616
5704 3084
5705 2882
5706 2258
5707 1154
5708 1156
5709 1156
5710 1400
5711 1157
5712 1158
5713 1158
5714 3223
5715 1158
5716 1158
5717 2835
5718 1363
5719 1158
5720 1158
5721 2173
5722 1315
5723 1428
5724 1158
5725 1158
5726 2980
5727 3192
5728 2744
5729 3196
5730 1292
5731 1163
5732 2200
5733 2069
5734 1165
5735 1165
5736 3244
5737 1166
5738 2834
5739 1169
5740 1169
5741 1169
5742 1174
5743 1386
5744 2307
5745 1949
5746 1568
5747 1186
5748 1186
5749 1186
5750 1186
5751 1186
5752 2612
5753 1186
5754 2105
5755 1370
5756 2349
5757 1187
5758 1187
5759 2164
5760 1189
5761 1584
5762 1189
5763 1866
5764 2769
5765 1191
5766 2671
5767 2536
5768 1194
5769 1194
5770 1197
5771 1197
5772 1197
5773 3377
5774 2861
5775 1197
5776 1197
5777 1782
5778 3126
5779 1197
5780 1436
5781 1199
5782 1199
5783 1199
5784 1199
5785 1199
5786 1199
5787 1201
5788 1203
5789 2931
5790 1204
5791 3237
5792 1205
5793 1470
5794 1205
5795 2655
5796 1656
5797 2259
5798 1216
5799 1686
5800 2460
5801 2636
5802 1216
5803 1252
5804 1216
5805 2024
5806 1216
5807 1216
5808 3247
5809 2032
5810 1580
5811 1542
5812 1216
5813 1216
5814 1880
5815 1216
5816 1216
5817 1216
5818 1216
5819 2738
5820 1216
5821 1235
5822 1216
5823 3245
5824 1220
5825 1220
5826 2213
5827 1222
5828 1222
5829 3170
5830 1222
5831 1447
5832 1222
5833 1572
5834 1744
5835 1773
5836 1325
5837 1223
5838 1224
5839 2223
5840 1225
5841 1295
5842 1225
5843 1225
5844 1225
5845 1225
5846 1225
5847 1225
5848 1225
5849 1225
5850 1225
5851 1225
5852 1226
5853 1809
5854 1227
5855 2984
5856 1230
5857 2314
5858 1230
5859 1230
5860 2473
5861 1230
5862 1230
5863 1230
5864 2292
5865 2862
5866 1231
5867 1232
5868 3023
5869 1233
5870 1233
5871 1234
5872 1685
5873 1831
5874 2399
5875 1235
5876 3163
5877 1348
5878 1235
5879 2407
5880 1434
5881 1607
5882 1414
5883 1235
5884 1235
5885 1235
5886 1235
5887 1279
5888 1235
5889 1235
5890 2749
5891 2510
5892 1494
5893 1235
5894 1235
5895 2989
5896 1237
5897 1237
5898 1237
5899 2346
5900 2577
5901 1238
5902 3228
5903 1238
5904 1556
5905 2133
5906 1238
5907 1238
5908 1238
5909 1238
5910 1238
5911 1238
5912 1238
5913 1678
5914 1238
5915 1238
5916 1238
5917 1238
5918 1238
5919 1362
5920 1937
5921 1239
5922 2111
5923 1630
5924 1240
5925 1240
5926 1241
5927 1241
5928 1241
5929 3271
5930 1241
5931 1241
5932 1241
5933 2649
5934 1715
5935 1655
5936 1241
5937 1339
5938 1242
5939 3380
5940 1243
5941 1243
5942 2718
5943 2617
5944 3336
5945 1927
5946 2601
5947 1245
5948 1629
5949 1246
5950 1246
5951 1247
5952 1249
5953 2424
5954 1249
5955 2030
5956 2107
5957 3074
5958 1256
5959 1256
5960 1256
5961 1403
5962 1256
5963 1258
5964 1264
5965 2015
5966 1260
5967 1260
5968 1262
5969 1262
5970 3293
5971 1808
5972 1265
5973 1265
5974 1265
5975 2523
5976 1265
5977 3212
5978 1631
5979 2433
5980 1385
5981 1333
5982 1272
5983 2076
5984 1272
5985 1272
5986 2630
5987 1273
5988 1874
5989 1390
5990 1274
5991 1275
5992 1275
5993 1275
5994 1717
5995 3165
5996 2012
5997 1276
5998 1276
5999 3361
6000 3214
6001 1281
6002 1281
6003 1286
6004 1702
6005 1286
6006 1286
6007 1976
6008 1287
6009 1955
6010 2001
6011 1287
6012 1288
6013 2089
6014 1288
6015 1288
6016 1288
6017 1288
6018 1288
6019 2018
6020 2138
6021 1288
6022 1289
6023 2432
6024 1292
6025 1294
6026 2774
6027 1298
6028 1299
6029 1633
6030 1300
6031 1300
6032 1300
6033 1340
6034 1304
6035 1304
6036 2182
6037 1936
6038 2521
6039 2797
6040 1311
6041 1311
6042 1311
6043 1311
6044 1311
6045 2265
6046 1314
6047 1315
6048 1643
6049 2377
6050 1317
6051 1319
6052 2638
6053 3123
6054 1325
6055 1761
6056 2479
6057 1325
6058 2960
6059 1326
6060 1988
6061 1329
6062 1329
6063 1330
6064 1330
6065 1330
6066 1330
6067 1331
6068 1331
6069 1332
6070 2518
6071 1332
6072 2214
6073 3063
6074 1333
6075 1333
6076 1333
6077 1333
6078 1333
6079 1333
6080 2275
6081 1333
6082 1750
6083 2962
6084 1333
6085 1333
6086 1333
6087 1333
6088 1333
6089 1333
6090 2466
6091 1333
6092 1335
6093 1335
6094 1337
6095 1337
6096 1338
6097 1338
6098 1338
6099 1338
6100 1338
6101 1340
6102 1342
6103 2171
6104 1343
6105 1344
6106 1345
6107 2386
6108 2652
6109 3246
6110 1815
6111 1764
6112 1347
6113 1347
6114 1347
6115 1352
6116 1352
6117 1354
6118 1354
6119 1354
6120 1357
6121 3337
6122 1501
6123 1357
6124 1545
6125 2414
6126 1357
6127 2499
6128 1357
6129 3110
6130 3222
6131 1358
6132 1358
6133 1358
6134 1358
6135 1358
6136 1358
6137 1358
6138 1358
6139 2115
6140 1358
6141 1358
6142 1358
6143 1358
6144 1358
6145 1358
6146 2220
6147 1358
6148 1361
6149 1361
6150 2228
6151 1363
6152 3225
6153 2511
6154 1369
6155 1609
6156 1370
6157 1370
6158 1883
6159 1523
6160 3069
6161 2889
6162 1370
6163 1370
6164 1668
6165 2135
6166 1370
6167 1370
6168 1370
6169 3190
6170 1370
6171 1370
6172 1370
6173 1370
6174 1370
6175 1373
6176 1374
6177 1376
6178 2355
6179 1376
6180 1376
6181 3140
6182 1376
6183 2992
6184 1376
6185 1376
6186 1790
6187 1376
6188 1376
6189 1377
6190 3306
6191 1380
6192 2857
6193 1382
6194 1382
6195 1382
6196 1671
6197 1637
6198 1382
6199 1382
6200 2787
6201 2501
6202 1382
6203 2859
6204 1385
6205 2468
6206 1388
6207 1388
6208 1388
6209 1388
6210 2060
6211 1389
6212 1389
6213 1391
6214 1391
6215 1670
6216 1396
6217 2819
6218 1398
6219 1398
6220 2646
6221 1399
6222 2958
6223 1402
6224 1402
6225 1847
6226 1408
6227 2136
6228 2148
6229 1413
6230 1476
6231 2672
6232 2809
6233 1413
6234 2727
6235 1415
6236 1417
6237 1417
6238 1420
6239 1420
6240 1420
6241 1420
6242 1420
6243 1420
6244 2491
6245 1421
6246 1421
6247 1421
6248 1421
6249 2629
6250 1421
6251 1421
6252 2730
6253 1748
6254 2927
6255 1421
6256 1421
6257 2904
6258 1421
6259 1421
6260 1653
6261 1448
6262 1421
6263 1421
6264 1422
6265 1422
6266 1422
6267 1844
6268 1709
6269 1422
6270 3093
6271 1424
6272 1424
6273 1424
6274 1424
6275 1424
6276 1424
6277 1424
6278 1424
6279 1424
6280 1424
6281 1424
6282 1424
6283 1424
6284 2422
6285 1424
6286 1424
6287 1424
6288 2860
6289 1801
6290 2329
6291 1424
6292 1460
6293 1424
6294 1424
6295 1424
6296 1849
6297 2639
6298 1426
6299 1427
6300 1428
6301 1429
6302 1430
6303 3290
6304 1843
6305 1430
6306 1430
6307 1432
6308 1888
6309 1432
6310 1432
6311 1433
6312 3278
6313 1436
6314 3276
6315 1796
6316 1438
6317 1438
6318 2963
6319 1439
6320 1439
6321 2201
6322 1772
6323 1443
6324 1444
6325 1445
6326 1445
6327 1950
6328 1445
6329 2888
6330 1446
6331 1446
6332 2784
6333 1446
6334 1446
6335 1446
6336 1446
6337 2562
6338 1446
6339 1446
6340 1447
6341 1447
6342 2884
6343 1449
6344 3340
6345 1449
6346 1449
6347 1449
6348 1451
6349 2109
6350 1451
6351 1451
6352 2394
6353 1451
6354 1451
6355 2134
6356 1451
6357 2353
6358 2733
6359 1451
6360 1710
6361 1457
6362 1457
6363 1457
6364 1756
6365 1457
6366 1457
6367 1457
6368 1457
6369 3259
6370 2987
6371 1636
6372 1457
6373 1457
6374 1457
6375 2316
6376 1457
6377 2388
6378 1457
6379 1457
6380 1661
6381 1457
6382 2901
6383 1457
6384 2351
6385 1457
6386 2854
6387 1457
6388 1457
6389 1459
6390 1459
6391 1459
6392 2350
6393 1459
6394 1500
6395 2982
6396 1466
6397 1466
6398 2158
6399 1974
6400 1466
6401 1466
6402 1466
6403 1466
6404 1466
6405 1467
6406 1468
6407 2408
6408 1468
6409 1468
6410 1468
6411 1468
6412 1468
6413 2596
6414 1468
6415 1468
6416 2006
6417 2788
6418 1469
6419 1469
6420 1471
6421 1473
6422 1822
6423 1473
6424 3103
6425 1473
6426 1836
6427 1473
6428 1476
6429 1476
6430 1478
6431 1478
6432 1478
6433 2687
6434 1478
6435 2068
6436 1478
6437 1478
6438 2082
6439 1478
6440 1478
6441 1479
6442 1482
6443 1482
6444 1786
6445 1489
6446 1491
6447 1491
6448 1781
6449 1495
6450 1495
6451 1906
6452 1495
6453 1497
6454 1499
6455 2553
6456 1502
6457 1502
6458 1811
6459 1505
6460 1528
6461 1505
6462 1506
6463 1506
6464 1507
6465 1509
6466 1510
6467 1940
6468 1516
6469 1839
6470 1900
6471 2580
6472 1516
6473 1516
6474 2159
6475 1516
6476 1516
6477 1517
6478 1518
6479 2512
6480 1518
6481 1518
6482 1518
6483 3101
6484 2494
6485 1837
6486 1522
6487 1522
6488 1522
6489 1522
6490 1522
6491 1523
6492 2270
6493 1523
6494 1531
6495 1531
6496 2560
6497 1533
6498 1533
6499 1535
6500 1535
6501 2312
6502 2584
6503 1870
6504 3267
6505 1538
6506 1542
6507 1543
6508 2741
6509 2206
6510 2020
6511 3348
6512 3014
6513 1555
6514 1555
6515 1555
6516 1555
6517 1597
6518 1557
6519 1557
6520 1557
6521 1557
6522 1558
6523 2804
6524 1559
6525 1559
6526 2341
6527 3053
6528 1560
6529 2772
6530 1560
6531 1560
6532 2375
6533 1560
6534 1560
6535 2052
6536 1560
6537 1560
6538 1560
6539 1560
6540 1566
6541 1680
6542 1566
6543 1566
6544 1566
6545 1566
6546 1566
6547 2743
6548 1566
6549 1566
6550 3157
6551 1567
6552 1567
6553 1567
6554 1819
6555 3105
6556 3039
6557 1567
6558 1567
6559 1567
6560 1569
6561 1569
6562 1569
6563 2348
6564 1569
6565 1569
6566 1569
6567 1572
6568 1914
6569 1575
6570 3386
6571 1577
6572 2700
6573 1577
6574 2608
6575 2514
6576 1580
6577 1580
6578 1581
6579 2104
6580 1584
6581 2023
6582 1587
6583 1589
6584 1826
6585 3329
6586 2495
6587 1594
6588 1596
6589 1600
6590 3291
6591 1600
6592 1600
6593 1600
6594 1600
6595 2713
6596 1600
6597 1600
6598 1600
6599 2233
6600 1979
6601 2698
6602 2450
6603 1600
6604 2013
6605 2765
6606 2578
6607 1600
6608 1600
6609 1601
6610 1603
6611 1605
6612 1605
6613 1605
6614 1605
6615 1605
6616 1605
6617 2384
6618 1605
6619 1605
6620 1605
6621 1605
6622 2869
6623 3183
6624 3253
6625 1638
6626 1611
6627 2945
6628 1612
6629 1613
6630 1613
6631 1614
6632 1614
6633 2724
6634 2812
6635 1622
6636 1622
6637 2257
6638 2710
6639 1622
6640 1622
6641 1780
6642 1677
6643 1622
6644 1622
6645 1622
6646 1623
6647 1624
6648 1625
6649 3279
6650 2547
6651 2533
6652 1633
6653 1638
6654 1638
6655 1644
6656 1644
6657 2654
6658 3204
6659 1644
6660 1919
6661 2430
6662 1644
6663 1644
6664 1644
6665 1644
6666 2274
6667 2524
6668 1644
6669 1644
6670 1644
6671 3049
6672 2022
6673 1644
6674 2036
6675 1644
6676 1644
6677 1788
6678 2050
6679 1644
6680 1973
6681 2799
6682 1651
6683 2137
6684 2954
6685 1651
6686 3355
6687 2824
6688 1807
6689 1651
6690 3030
6691 1981
6692 1651
6693 3304
6694 1651
6695 2734
6696 1652
6697 1652
6698 2908
6699 1655
6700 1655
6701 1656
6702 2075
6703 1656
6704 2544
6705 1656
6706 3356
6707 1656
6708 1656
6709 3287
6710 1656
6711 2003
6712 2177
6713 1658
6714 1658
6715 1658
6716 3372
6717 2046
6718 1660
6719 1660
6720 1660
6721 2625
6722 1660
6723 1660
6724 3363
6725 3089
6726 1663
6727 2363
6728 1665
6729 1665
6730 1666
6731 2581
6732 1668
6733 1668
6734 1669
6735 1669
6736 1669
6737 2785
6738 1669
6739 1669
6740 1669
6741 1669
6742 1669
6743 1669
6744 2870
6745 3197
6746 1669
6747 1669
6748 1669
6749 1669
6750 1669
6751 1669
6752 1669
6753 1669
6754 1669
6755 2865
6756 1669
6757 3227
6758 2994
6759 2866
6760 1669
6761 3118
6762 1669
6763 1674
6764 1674
6765 2928
6766 2234
6767 1675
6768 1675
6769 1678
6770 1681
6771 1681
6772 3186
6773 1681
6774 1681
6775 1681
6776 1681
6777 1681
6778 1681
6779 2463
6780 1682
6781 1682
6782 1682
6783 1682
6784 1682
6785 2215
6786 2677
6787 1682
6788 1682
6789 1682
6790 1682
6791 1682
6792 1682
6793 3220
6794 1682
6795 1682
6796 1682
6797 1682
6798 1682
6799 1855
6800 1682
6801 1682
6802 1682
6803 1682
6804 1682
6805 1682
6806 1682
6807 1682
6808 1682
6809 1682
6810 1682
6811 1682
6812 1682
6813 1682
6814 1682
6815 1682
6816 1682
6817 3033
6818 1682
6819 1682
6820 1682
6821 1783
6822 1682
6823 1682
6824 1682
6825 1682
6826 1683
6827 1683
6828 1685
6829 1687
6830 1687
6831 1688
6832 1690
6833 1690
6834 1690
6835 1690
6836 1690
6837 1690
6838 3038
6839 2906
6840 1690
6841 1690
6842 1690
6843 1690
6844 2943
6845 1690
6846 1691
6847 1691
6848 1691
6849 2428
6850 1691
6851 1691
6852 1691
6853 1691
6854 3019
6855 2253
6856 1691
6857 1691
6858 1769
6859 1691
6860 1691
6861 1692
6862 3141
6863 2720
6864 3249
6865 1693
6866 1693
6867 2392
6868 1693
6869 3055
6870 1694
6871 3231
6872 1694
6873 2051
6874 1694
6875 2894
6876 1698
6877 1703
6878 1704
6879 1704
6880 2376
6881 1704
6882 1704
6883 2489
6884 1704
6885 1704
6886 1704
6887 2818
6888 1704
6889 1704
6890 1705
6891 2254
6892 2366
6893 3045
6894 1715
6895 2707
6896 1779
6897 3229
6898 1715
6899 1715
6900 1897
6901 1715
6902 1715
6903 2190
6904 1733
6905 2154
6906 1715
6907 2748
6908 1715
6909 2715
6910 2709
6911 1715
6912 2281
6913 1715
6914 1715
6915 3015
6916 1718
6917 1721
6918 1721
6919 1721
6920 1723
6921 1725
6922 1726
6923 1726
6924 2180
6925 1726
6926 1777
6927 1726
6928 1726
6929 1726
6930 3160
6931 1941
6932 1729
6933 3341
6934 2326
6935 1734
6936 2905
6937 1738
6938 1739
6939 1739
6940 3238
6941 1740
6942 1740
6943 1740
6944 2088
6945 3167
6946 1935
6947 1740
6948 1740
6949 1740
6950 2721
6951 2343
6952 1741
6953 1741
6954 1741
6955 1742
6956 1742
6957 1743
6958 2632
6959 1745
6960 1745
6961 1745
6962 1753
6963 1753
6964 1755
6965 2841
6966 1755
6967 1755
6968 1755
6969 1756
6970 1759
6971 3091
6972 1761
6973 2033
6974 1762
6975 1762
6976 1762
6977 2456
6978 1762
6979 1762
6980 1762
6981 1762
6982 1762
6983 1762
6984 3236
6985 2267
6986 1764
6987 1764
6988 1770
6989 2016
6990 1770
6991 1770
6992 1770
6993 1989
6994 1770
6995 1770
6996 1773
6997 1773
6998 1777
6999 3275
7000 1777
7001 1779
7002 1781
7003 1781
7004 1781
7005 2191
7006 1784
7007 2522
7008 1786
7009 2559
7010 1789
7011 2693
7012 1789
7013 1790
7014 1790
7015 1860
7016 1945
7017 1790
7018 1790
7019 1790
7020 3005
7021 1790
7022 1790
7023 2086
7024 1791
7025 1791
7026 1791
7027 1791
7028 1795
7029 1795
7030 3234
7031 3067
7032 1795
7033 1798
7034 1800
7035 1801
7036 1801
7037 1801
7038 1801
7039 1801
7040 1801
7041 1801
7042 1801
7043 1801
7044 2807
7045 2028
7046 1805
7047 1805
7048 1805
7049 1805
7050 1806
7051 1806
7052 1806
7053 1807
7054 2280
7055 1808
7056 1808
7057 2037
7058 1929
7059 1808
7060 1808
7061 2000
7062 1810
7063 2155
7064 1810
7065 3310
7066 1810
7067 1810
7068 1810
7069 1814
7070 2356
7071 2199
7072 1814
7073 1814
7074 1816
7075 1816
7076 1818
7077 1818
7078 1818
7079 1818
7080 3182
7081 1818
7082 1818
7083 1818
7084 2918
7085 1818
7086 1818
7087 1818
7088 1818
7089 1818
7090 1818
7091 1818
7092 2344
7093 1818
7094 2480
7095 1818
7096 1820
7097 1820
7098 1820
7099 1823
7100 2836
7101 1824
7102 1825
7103 2613
7104 1827
7105 1827
7106 1827
7107 1827
7108 1967
7109 2118
7110 1827
7111 2526
7112 1827
7113 1828
7114 1828
7115 1828
7116 2226
7117 1990
7118 1829
7119 1830
7120 1831
7121 1832
7122 1833
7123 1833
7124 1836
7125 1836
7126 2814
7127 1944
7128 1837
7129 1837
7130 1837
7131 1837
7132 2825
7133 2776
7134 1837
7135 1837
7136 1911
7137 2486
7138 1837
7139 1839
7140 1839
7141 2315
7142 1841
7143 1842
7144 2490
7145 2040
7146 2449
7147 1843
7148 1843
7149 1843
7150 2517
7151 2840
7152 2431
7153 1844
7154 1844
7155 2130
7156 1847
7157 1848
7158 1849
7159 1849
7160 1849
7161 1849
7162 1849
7163 1849
7164 2833
7165 1849
7166 1849
7167 1849
7168 1849
7169 1849
7170 1849
7171 1849
7172 1851
7173 1851
7174 1854
7175 1854
7176 1854
7177 1854
7178 1854
7179 1854
7180 1854
7181 2284
7182 2796
7183 1875
7184 1857
7185 2532
7186 1857
7187 2950
7188 1860
7189 1860
7190 2911
7191 1861
7192 1877
7193 1865
7194 3009
7195 1867
7196 2252
7197 1868
7198 1896
7199 1869
7200 3172
7201 1875
7202 1884
7203 1884
7204 2934
7205 3017
7206 1884
7207 1888
7208 1888
7209 1888
7210 1888
7211 1888
7212 1892
7213 1893
7214 1893
7215 1894
7216 2073
7217 1894
7218 2014
7219 1894
7220 1894
7221 1894
7222 1896
7223 2461
7224 3330
7225 1899
7226 1899
7227 3146
7228 1899
7229 1899
7230 1899
7231 1899
7232 3265
7233 2427
7234 1899
7235 1964
7236 2218
7237 1902
7238 1902
7239 1902
7240 1902
7241 1902
7242 2664
7243 1903
7244 1903
7245 1903
7246 1903
7247 3331
7248 1903
7249 1903
7250 1903
7251 1903
7252 1903
7253 1903
7254 1903
7255 1903
7256 1903
7257 3334
7258 1903
7259 1903
7260 1903
7261 1903
7262 1903
7263 1903
7264 1903
7265 1903
7266 1905
7267 2929
7268 3203
7269 1905
7270 1905
7271 1905
7272 1905
7273 1905
7274 3051
7275 1905
7276 1905
7277 1906
7278 1906
7279 1906
7280 2277
7281 1909
7282 2820
7283 1910
7284 1910
7285 1912
7286 1912
7287 1912
7288 1914
7289 1916
7290 2923
7291 3375
7292 2767
7293 1918
7294 1919
7295 2688
7296 1919
7297 1921
7298 1921
7299 1921
7300 1922
7301 1923
7302 1924
7303 1924
7304 1924
7305 1924
7306 1924
7307 1924
7308 1924
7309 1924
7310 1924
7311 1924
7312 1924
7313 1924
7314 1924
7315 3151
7316 1925
7317 2249
7318 3302
7319 1927
7320 1927
7321 2320
7322 1927
7323 1930
7324 1930
7325 1931
7326 1931
7327 3099
7328 1934
7329 1934
7330 1934
7331 2873
7332 1934
7333 2731
7334 1934
7335 1935
7336 1935
7337 1935
7338 1935
7339 3277
7340 1935
7341 1935
7342 2406
7343 3243
7344 1936
7345 1937
7346 1938
7347 1939
7348 1939
7349 1940
7350 2167
7351 1941
7352 1941
7353 1941
7354 1942
7355 2313
7356 2702
7357 1947
7358 1947
7359 1947
7360 1947
7361 2551
7362 1951
7363 1951
7364 1952
7365 1952
7366 2084
7367 2926
7368 1957
7369 2868
7370 2202
7371 1958
7372 1958
7373 1958
7374 1958
7375 2261
7376 2714
7377 1958
7378 1958
7379 2552
7380 1958
7381 2045
7382 1960
7383 1960
7384 1960
7385 1960
7386 3315
7387 1960
7388 1960
7389 2681
7390 2047
7391 1962
7392 1962
7393 1965
7394 1965
7395 1965
7396 1966
7397 1966
7398 1966
7399 1966
7400 1968
7401 1968
7402 2090
7403 1969
7404 1969
7405 1969
7406 1969
7407 1972
7408 1975
7409 1977
7410 1977
7411 1977
7412 1977
7413 2021
7414 1984
7415 1985
7416 1988
7417 1988
7418 1989
7419 2642
7420 1993
7421 1994
7422 1994
7423 1994
7424 1994
7425 1994
7426 1994
7427 2142
7428 1994
7429 3258
7430 1994
7431 1994
7432 2325
7433 2017
7434 2002
7435 3161
7436 2004
7437 2004
7438 2004
7439 2004
7440 2855
7441 2005
7442 2005
7443 2005
7444 2005
7445 2096
7446 2005
7447 2005
7448 2005
7449 2005
7450 2005
7451 2005
7452 2005
7453 2005
7454 2005
7455 2005
7456 2005
7457 2005
7458 2006
7459 3387
7460 2006
7461 2006
7462 2006
7463 2006
7464 2006
7465 3139
7466 2006
7467 2006
7468 2006
7469 2006
7470 2006
7471 2006
7472 2903
7473 2008
7474 2529
7475 2013
7476 3011
7477 2015
7478 2015
7479 3270
7480 3042
7481 2019
7482 2021
7483 2127
7484 2185
7485 2023
7486 2023
7487 3346
7488 2023
7489 2023
7490 2437
7491 2457
7492 2023
7493 2032
7494 2032
7495 2033
7496 2033
7497 3083
7498 2035
7499 2037
7500 2038
7501 2040
7502 2040
7503 2042
7504 2287
7505 2044
7506 2048
7507 2451
7508 2051
7509 2381
7510 2051
7511 2485
7512 2443
7513 2055
7514 3217
7515 2056
7516 2058
7517 2058
7518 2058
7519 2058
7520 3281
7521 2060
7522 2060
7523 2072
7524 2066
7525 2066
7526 2309
7527 2068
7528 2068
7529 3021
7530 2070
7531 2072
7532 2074
7533 2092
7534 2131
7535 2074
7536 2074
7537 2074
7538 2074
7539 2683
7540 2074
7541 2074
7542 2271
7543 2076
7544 2077
7545 2077
7546 2079
7547 2079
7548 3379
7549 2264
7550 2082
7551 2083
7552 2378
7553 2083
7554 2083
7555 2084
7556 2421
7557 2084
7558 2085
7559 2864
7560 2085
7561 2979
7562 3022
7563 2088
7564 2088
7565 2288
7566 2088
7567 2088
7568 2095
7569 2665
7570 2872
7571 2095
7572 3269
7573 2097
7574 2099
7575 2100
7576 2100
7577 2100
7578 3200
7579 2256
7580 3177
7581 2100
7582 2100
7583 2100
7584 2100
7585 2100
7586 2100
7587 2100
7588 2100
7589 2100
7590 3266
7591 2792
7592 2100
7593 2100
7594 2506
7595 2102
7596 2102
7597 2104
7598 2106
7599 2107
7600 2107
7601 2109
7602 2109
7603 2111
7604 2111
7605 2111
7606 2111
7607 2111
7608 2111
7609 2967
7610 2111
7611 2111
7612 2112
7613 2112
7614 2113
7615 2867
7616 2114
7617 2114
7618 2114
7619 2417
7620 2115
7621 2119
7622 2119
7623 2119
7624 2119
7625 2119
7626 2120
7627 2310
7628 2120
7629 2122
7630 3145
7631 2122
7632 2843
7633 2122
7634 2564
7635 2122
7636 2125
7637 2127
7638 2242
7639 2129
7640 2477
7641 2129
7642 2129
7643 2129
7644 2129
7645 2129
7646 2283
7647 2131
7648 2131
7649 2131
7650 2131
7651 2131
7652 2131
7653 2135
7654 2135
7655 2135
7656 2135
7657 2135
7658 2135
7659 2137
7660 2137
7661 2137
7662 3173
7663 2138
7664 2138
7665 2140
7666 2141
7667 2141
7668 2141
7669 2141
7670 2144
7671 3147
7672 2147
7673 2150
7674 2150
7675 2150
7676 2151
7677 2151
7678 2151
7679 2151
7680 2419
7681 2154
7682 2156
7683 2157
7684 2157
7685 2157
7686 3255
7687 2157
7688 2157
7689 2157
7690 2157
7691 2157
7692 2195
7693 2157
7694 2157
7695 2161
7696 2161
7697 2161
7698 2161
7699 2161
7700 2445
7701 2161
7702 2161
7703 2161
7704 2602
7705 2162
7706 2482
7707 2162
7708 2164
7709 2251
7710 2395
7711 2165
7712 3158
7713 2169
7714 2170
7715 2171
7716 2175
7717 2990
7718 2179
7719 2179
7720 2179
7721 2179
7722 2181
7723 2181
7724 2925
7725 2182
7726 2845
7727 2182
7728 2182
7729 2182
7730 2183
7731 3343
7732 2185
7733 2185
7734 2185
7735 2185
7736 2404
7737 2185
7738 2186
7739 3296
7740 2186
7741 2187
7742 2187
7743 2188
7744 2188
7745 2188
7746 2188
7747 2189
7748 2189
7749 2631
7750 2190
7751 2190
7752 3166
7753 2402
7754 2190
7755 2191
7756 3392
7757 2191
7758 2192
7759 2193
7760 3339
7761 2198
7762 2201
7763 2203
7764 2204
7765 2205
7766 2205
7767 2207
7768 2209
7769 2209
7770 3206
7771 2651
7772 2218
7773 2218
7774 2218
7775 2219
7776 2220
7777 2221
7778 2221
7779 2221
7780 2221
7781 3135
7782 2221
7783 2221
7784 2224
7785 2224
7786 2224
7787 2224
7788 2224
7789 3207
7790 2224
7791 2573
7792 2224
7793 2224
7794 2224
7795 2224
7796 2224
7797 2224
7798 3096
7799 2624
7800 3020
7801 3072
7802 2228
7803 2229
7804 2232
7805 2232
7806 2232
7807 2232
7808 2234
7809 2238
7810 2240
7811 2242
7812 2842
7813 2243
7814 2885
7815 2420
7816 2248
7817 2248
7818 3301
7819 2249
7820 2583
7821 2249
7822 2251
7823 2253
7824 2256
7825 2258
7826 2259
7827 2259
7828 2259
7829 2259
7830 2259
7831 2260
7832 2261
7833 2261
7834 2261
7835 3174
7836 2263
7837 2263
7838 2267
7839 2269
7840 2269
7841 2357
7842 2269
7843 2269
7844 2269
7845 2269
7846 2269
7847 2269
7848 2269
7849 2269
7850 2269
7851 2269
7852 2270
7853 2271
7854 2279
7855 2279
7856 2279
7857 2279
7858 2279
7859 2279
7860 2279
7861 2279
7862 2280
7863 2281
7864 2282
7865 2282
7866 2282
7867 2282
7868 2282
7869 2282
7870 2791
7871 2282
7872 2282
7873 2282
7874 2920
7875 2282
7876 2282
7877 2282
7878 2282
7879 2283
7880 2284
7881 2294
7882 2294
7883 2294
7884 2661
7885 2294
7886 2294
7887 2516
7888 2295
7889 2295
7890 2295
7891 2295
7892 2295
7893 2503
7894 2895
7895 2295
7896 2295
7897 2295
7898 2295
7899 2295
7900 2295
7901 2296
7902 2296
7903 2997
7904 2296
7905 2296
7906 2296
7907 2296
7908 3311
7909 2409
7910 2296
7911 2876
7912 2296
7913 2296
7914 2296
7915 2296
7916 2298
7917 2298
7918 2719
7919 2298
7920 2298
7921 2426
7922 2298
7923 2298
7924 2298
7925 3162
7926 2298
7927 2298
7928 2299
7929 2299
7930 2299
7931 2299
7932 2299
7933 2299
7934 3076
7935 2299
7936 2301
7937 2301
7938 2301
7939 2301
7940 2302
7941 2302
7942 2305
7943 2735
7944 2309
7945 2309
7946 2310
7947 2310
7948 3205
7949 2310
7950 3085
7951 2311
7952 2311
7953 2316
7954 2316
7955 3112
7956 3012
7957 2317
7958 2317
7959 2319
7960 2320
7961 2320
7962 2896
7963 2323
7964 2325
7965 2325
7966 2326
7967 2737
7968 2440
7969 2329
7970 2330
7971 2330
7972 2330
7973 2330
7974 2330
7975 2331
7976 2675
7977 2332
7978 2332
7979 2332
7980 2332
7981 2332
7982 2332
7983 2333
7984 2333
7985 2458
7986 2334
7987 2337
7988 2337
7989 2339
7990 2340
7991 2416
7992 2343
7993 2343
7994 2343
7995 2343
7996 2493
7997 2343
7998 2343
7999 2343
8000 2349
8001 2352
8002 2352
8003 2352
8004 2352
8005 2352
8006 2352
8007 2757
8008 2352
8009 2352
8010 2352
8011 2352
8012 2352
8013 2352
8014 2352
8015 2352
8016 2620
8017 2352
8018 2352
8019 2352
8020 2352
8021 3150
8022 2352
8023 2352
8024 2352
8025 2356
8026 2358
8027 2359
8028 2361
8029 2362
8030 2363
8031 3218
8032 2363
8033 2365
8034 2365
8035 2365
8036 2366
8037 2368
8038 2368
8039 2368
8040 2368
8041 2369
8042 2369
8043 2371
8044 2373
8045 2879
8046 2883
8047 2375
8048 2375
8049 2375
8050 2375
8051 2375
8052 2375
8053 3079
8054 2375
8055 2375
8056 2375
8057 2378
8058 2378
8059 2378
8060 2381
8061 2384
8062 2603
8063 2385
8064 2389
8065 2396
8066 2600
8067 2398
8068 3221
8069 2400
8070 2401
8071 2472
8072 2401
8073 2401
8074 2406
8075 2406
8076 2406
8077 2406
8078 2406
8079 2406
8080 2407
8081 2407
8082 3210
8083 2408
8084 2412
8085 3342
8086 2417
8087 2736
8088 2417
8089 2417
8090 2421
8091 2430
8092 2430
8093 2430
8094 2430
8095 2430
8096 2430
8097 2430
8098 2433
8099 3003
8100 2846
8101 2433
8102 2436
8103 2437
8104 2437
8105 2441
8106 2441
8107 2442
8108 2446
8109 2446
8110 2446
8111 2446
8112 2446
8113 2446
8114 2446
8115 2446
8116 2446
8117 2447
8118 2448
8119 2448
8120 2448
8121 2448
8122 2448
8123 2448
8124 2449
8125 2450
8126 2451
8127 2451
8128 2451
8129 2453
8130 2453
8131 2455
8132 2455
8133 2455
8134 2457
8135 3295
8136 2459
8137 2459
8138 2468
8139 2468
8140 2468
8141 2468
8142 2966
8143 2663
8144 3320
8145 2469
8146 2469
8147 2469
8148 2469
8149 2470
8150 3345
8151 2479
8152 2479
8153 2480
8154 2481
8155 2482
8156 2483
8157 2484
8158 2485
8159 2485
8160 3202
8161 2485
8162 2485
8163 2485
8164 2485
8165 2485
8166 3092
8167 2816
8168 2771
8169 2485
8170 2485
8171 2485
8172 2485
8173 2644
8174 2485
8175 2485
8176 2485
8177 2489
8178 2492
8179 2492
8180 2495
8181 2891
8182 2495
8183 2495
8184 2495
8185 2495
8186 2495
8187 2495
8188 3001
8189 2497
8190 2497
8191 3268
8192 2497
8193 2499
8194 2500
8195 2500
8196 2501
8197 2501
8198 3026
8199 2504
8200 2506
8201 2986
8202 2510
8203 2510
8204 2510
8205 2510
8206 2512
8207 2512
8208 2512
8209 2513
8210 2513
8211 2514
8212 2519
8213 2519
8214 2519
8215 2519
8216 2521
8217 2523
8218 2524
8219 3317
8220 2526
8221 2528
8222 2533
8223 2535
8224 2536
8225 2538
8226 2539
8227 2540
8228 2540
8229 2542
8230 2542
8231 2542
8232 2549
8233 2549
8234 2550
8235 2550
8236 3338
8237 2552
8238 2552
8239 3318
8240 2552
8241 2553
8242 2553
8243 2555
8244 2853
8245 2555
8246 2555
8247 2558
8248 2559
8249 2559
8250 2559
8251 2559
8252 2559
8253 2560
8254 2562
8255 2564
8256 2564
8257 2571
8258 2568
8259 2569
8260 2571
8261 2571
8262 2571
8263 2571
8264 2571
8265 2572
8266 2572
8267 2572
8268 2573
8269 2575
8270 2576
8271 2576
8272 2576
8273 2579
8274 2981
8275 2580
8276 2580
8277 2581
8278 2584
8279 2584
8280 2584
8281 2584
8282 2590
8283 2590
8284 2591
8285 2591
8286 2591
8287 2874
8288 2592
8289 2595
8290 2596
8291 2599
8292 2599
8293 2599
8294 2599
8295 2880
8296 2599
8297 2599
8298 2599
8299 2600
8300 3324
8301 2600
8302 2602
8303 2602
8304 2602
8305 2604
8306 2604
8307 3058
8308 2606
8309 2607
8310 2607
8311 2607
8312 2607
8313 2607
8314 2627
8315 2607
8316 2607
8317 3344
8318 2610
8319 2612
8320 2612
8321 2612
8322 2612
8323 2612
8324 2612
8325 2612
8326 3194
8327 2614
8328 2614
8329 2616
8330 2617
8331 2617
8332 2617
8333 2617
8334 2648
8335 3043
8336 2617
8337 2617
8338 2617
8339 2617
8340 2617
8341 2619
8342 2621
8343 2621
8344 2621
8345 2621
8346 2622
8347 2623
8348 2623
8349 2623
8350 2625
8351 2625
8352 2625
8353 2625
8354 2626
8355 2626
8356 2977
8357 2626
8358 2626
8359 2628
8360 2628
8361 2629
8362 2631
8363 2632
8364 2632
8365 2632
8366 2632
8367 2723
8368 2634
8369 2634
8370 2634
8371 2634
8372 2634
8373 3335
8374 2635
8375 2638
8376 2641
8377 2644
8378 2646
8379 2646
8380 2847
8381 2648
8382 2649
8383 2649
8384 2649
8385 2649
8386 2649
8387 2732
8388 2652
8389 2653
8390 2653
8391 2653
8392 2653
8393 2941
8394 2657
8395 2657
8396 3142
8397 2662
8398 2664
8399 2666
8400 2666
8401 2666
8402 3195
8403 2666
8404 2668
8405 2669
8406 2671
8407 2671
8408 2671
8409 2673
8410 2676
8411 2676
8412 3106
8413 3374
8414 2679
8415 2680
8416 2681
8417 2681
8418 2991
8419 2683
8420 2686
8421 2686
8422 2686
8423 2687
8424 2688
8425 2688
8426 2689
8427 2689
8428 2935
8429 2689
8430 2691
8431 2691
8432 2692
8433 2698
8434 2698
8435 2698
8436 2700
8437 2702
8438 2702
8439 2707
8440 2707
8441 2707
8442 2707
8443 2707
8444 2707
8445 2890
8446 2707
8447 3369
8448 2707
8449 2707
8450 2712
8451 2707
8452 2707
8453 2708
8454 2710
8455 2711
8456 2712
8457 2712
8458 2713
8459 2713
8460 2713
8461 2720
8462 2721
8463 2723
8464 2723
8465 2723
8466 2724
8467 2724
8468 2848
8469 2726
8470 2726
8471 2852
8472 2727
8473 2729
8474 2729
8475 2731
8476 2731
8477 2731
8478 2731
8479 2731
8480 2732
8481 2732
8482 2732
8483 2737
8484 2738
8485 2738
8486 2828
8487 2738
8488 2741
8489 2744
8490 3040
8491 2747
8492 2747
8493 2899
8494 2751
8495 2752
8496 2752
8497 2754
8498 2754
8499 2754
8500 2754
8501 3314
8502 2758
8503 2758
8504 2886
8505 2758
8506 2762
8507 2993
8508 2764
8509 2765
8510 2767
8511 2971
8512 2769
8513 2769
8514 2770
8515 2770
8516 2770
8517 2774
8518 2775
8519 2777
8520 2779
8521 2779
8522 2779
8523 2779
8524 2779
8525 2779
8526 2779
8527 2779
8528 2779
8529 2779
8530 2779
8531 2779
8532 3240
8533 2779
8534 2779
8535 2779
8536 2779
8537 2779
8538 2779
8539 2779
8540 2779
8541 2779
8542 2779
8543 2779
8544 2780
8545 2780
8546 2780
8547 2780
8548 2780
8549 2780
8550 2780
8551 2780
8552 2780
8553 2780
8554 2780
8555 2780
8556 2780
8557 2780
8558 2780
8559 2780
8560 2780
8561 2780
8562 2780
8563 2780
8564 2976
8565 2783
8566 2784
8567 2784
8568 2784
8569 2784
8570 2785
8571 2785
8572 2785
8573 2786
8574 2999
8575 2787
8576 2787
8577 2792
8578 2792
8579 2792
8580 2792
8581 2795
8582 2795
8583 2795
8584 2796
8585 2796
8586 2798
8587 2798
8588 2803
8589 2804
8590 2805
8591 2812
8592 2812
8593 2812
8594 2812
8595 2812
8596 2812
8597 2812
8598 2812
8599 2812
8600 2812
8601 2812
8602 2812
8603 2812
8604 2812
8605 2812
8606 2812
8607 2812
8608 2812
8609 2812
8610 2812
8611 2812
8612 2812
8613 2812
8614 2812
8615 2812
8616 2812
8617 2812
8618 2812
8619 2812
8620 3159
8621 2812
8622 2812
8623 2812
8624 2812
8625 2812
8626 2812
8627 2812
8628 2812
8629 2812
8630 2812
8631 2812
8632 2812
8633 2812
8634 3230
8635 2812
8636 2812
8637 2812
8638 2812
8639 2812
8640 2812
8641 2812
8642 2812
8643 2812
8644 2812
8645 2812
8646 2812
8647 2812
8648 2812
8649 2812
8650 2812
8651 2812
8652 2812
8653 2812
8654 2812
8655 2812
8656 2812
8657 2812
8658 2812
8659 2812
8660 2812
8661 2812
8662 2812
8663 2812
8664 2974
8665 2812
8666 2812
8667 2812
8668 2812
8669 2812
8670 2812
8671 2812
8672 2812
8673 2812
8674 3390
8675 2812
8676 2812
8677 2812
8678 2812
8679 2812
8680 2812
8681 2812
8682 2812
8683 2812
8684 3121
8685 2812
8686 2812
8687 2812
8688 2812
8689 2812
8690 2812
8691 2812
8692 2812
8693 2812
8694 2812
8695 2812
8696 2813
8697 2814
8698 2814
8699 2814
8700 2814
8701 2814
8702 2814
8703 2814
8704 3179
8705 2814
8706 2814
8707 2814
8708 2814
8709 2814
8710 2814
8711 2815
8712 2815
8713 2816
8714 2817
8715 2817
8716 2817
8717 2975
8718 2817
8719 2817
8720 2817
8721 3081
8722 2817
8723 2817
8724 2817
8725 2817
8726 2817
8727 2817
8728 2818
8729 2818
8730 2818
8731 2818
8732 2818
8733 2818
8734 2819
8735 2822
8736 2822
8737 3087
8738 2823
8739 2823
8740 2823
8741 2823
8742 2823
8743 2823
8744 2829
8745 2829
8746 2829
8747 2829
8748 2829
8749 2829
8750 2829
8751 2829
8752 2832
8753 2834
8754 2834
8755 2834
8756 2834
8757 2834
8758 2834
8759 2834
8760 2834
8761 2834
8762 2836
8763 2836
8764 2836
8765 2836
8766 2836
8767 2836
8768 2836
8769 2836
8770 2836
8771 3251
8772 2936
8773 2836
8774 2836
8775 2838
8776 2839
8777 2839
8778 2839
8779 2840
8780 2858
8781 2841
8782 2842
8783 2842
8784 2842
8785 3248
8786 2842
8787 2842
8788 2850
8789 2842
8790 2842
8791 2842
8792 2843
8793 2844
8794 3292
8795 2845
8796 2845
8797 2845
8798 2845
8799 3006
8800 2952
8801 2845
8802 2845
8803 2845
8804 3242
8805 2845
8806 2845
8807 2845
8808 2845
8809 2845
8810 2845
8811 2912
8812 2845
8813 2845
8814 2909
8815 2846
8816 2846
8817 2846
8818 3098
8819 2846
8820 3107
8821 2846
8822 2846
8823 2846
8824 2846
8825 2846
8826 2846
8827 2846
8828 2846
8829 2846
8830 2846
8831 2846
8832 2846
8833 2846
8834 2846
8835 2846
8836 2846
8837 2846
8838 2846
8839 2846
8840 2846
8841 2846
8842 2846
8843 3322
8844 3360
8845 2846
8846 2846
8847 2847
8848 2848
8849 2848
8850 2848
8851 2848
8852 2849
8853 2850
8854 2851
8855 2852
8856 2853
8857 2853
8858 2853
8859 2856
8860 2856
8861 2856
8862 2995
8863 2856
8864 2856
8865 2856
8866 3250
8867 2856
8868 2856
8869 3370
8870 2856
8871 2856
8872 2856
8873 2858
8874 2858
8875 3178
8876 3094
8877 2860
8878 2860
8879 2860
8880 2860
8881 2860
8882 2860
8883 2860
8884 2860
8885 2860
8886 2860
8887 2860
8888 2860
8889 2860
8890 2860
8891 2861
8892 2862
8893 2862
8894 2864
8895 2864
8896 2864
8897 2865
8898 2868
8899 2868
8900 2868
8901 2868
8902 2871
8903 2872
8904 2872
8905 2872
8906 2874
8907 2874
8908 3371
8909 2874
8910 2942
8911 2874
8912 2874
8913 2874
8914 2874
8915 2874
8916 2874
8917 2874
8918 2874
8919 2874
8920 2874
8921 2874
8922 2874
8923 3264
8924 2874
8925 2874
8926 2876
8927 2876
8928 2878
8929 2878
8930 2878
8931 2878
8932 2878
8933 3359
8934 2878
8935 2881
8936 2882
8937 2883
8938 2883
8939 2884
8940 2884
8941 2885
8942 2889
8943 2889
8944 2890
8945 2896
8946 2897
8947 2897
8948 2898
8949 2900
8950 2901
8951 2901
8952 2901
8953 2901
8954 2901
8955 2901
8956 3384
8957 2901
8958 2901
8959 2901
8960 2901
8961 2901
8962 2903
8963 2903
8964 2903
8965 2903
8966 2904
8967 2904
8968 2904
8969 2904
8970 2904
8971 2904
8972 2906
8973 3168
8974 2907
8975 2907
8976 2909
8977 2910
8978 2911
8979 2911
8980 2911
8981 2911
8982 2949
8983 2914
8984 2915
8985 2915
8986 3086
8987 2915
8988 2917
8989 2917
8990 2917
8991 2917
8992 2917
8993 2917
8994 2917
8995 2917
8996 2917
8997 2918
8998 2918
8999 2918
9000 2918
9001 2918
9002 2918
9003 2918
9004 2918
9005 2918
9006 2918
9007 3018
9008 2918
9009 2918
9010 2918
9011 2918
9012 2918
9013 2918
9014 2918
9015 2918
9016 2918
9017 2918
9018 2918
9019 2919
9020 2919
9021 2922
9022 2922
9023 2922
9024 2925
9025 2925
9026 2926
9027 2926
9028 2926
9029 2926
9030 2926
9031 2926
9032 2926
9033 2926
9034 2926
9035 2926
9036 2927
9037 2927
9038 3373
9039 2928
9040 2928
9041 2928
9042 2930
9043 2931
9044 2935
9045 2939
9046 2939
9047 2939
9048 2972
9049 2939
9050 2940
9051 2940
9052 2941
9053 2941
9054 3381
9055 2941
9056 2941
9057 2944
9058 2946
9059 2948
9060 2949
9061 2949
9062 2949
9063 2949
9064 2949
9065 2949
9066 2949
9067 2949
9068 2949
9069 2949
9070 2949
9071 2949
9072 2949
9073 2949
9074 2949
9075 2949
9076 2949
9077 2949
9078 2949
9079 2949
9080 2949
9081 2949
9082 2949
9083 2950
9084 2950
9085 2952
9086 2953
9087 2957
9088 2957
9089 2957
9090 2957
9091 2957
9092 2957
9093 3048
9094 2957
9095 2957
9096 2957
9097 2957
9098 3152
9099 2957
9100 2957
9101 3029
9102 2957
9103 2957
9104 2957
9105 2957
9106 2957
9107 2957
9108 2968
9109 2957
9110 2957
9111 3125
9112 2957
9113 2957
9114 2957
9115 2957
9116 2961
9117 2963
9118 2966
9119 2966
9120 2969
9121 2969
9122 2972
9123 2972
9124 2972
9125 2974
9126 2974
9127 2977
9128 2977
9129 2979
9130 2979
9131 2979
9132 2979
9133 2979
9134 2983
9135 2985
9136 2985
9137 2985
9138 2985
9139 2985
9140 2985
9141 2985
9142 2985
9143 2985
9144 2990
9145 2990
9146 2990
9147 2990
9148 2993
9149 2993
9150 2993
9151 2993
9152 2993
9153 2993
9154 3148
9155 2994
9156 3298
9157 2994
9158 2994
9159 2994
9160 2994
9161 2994
9162 2994
9163 2994
9164 2994
9165 2994
9166 2994
9167 2994
9168 2994
9169 2994
9170 2994
9171 2994
9172 2994
9173 2994
9174 2994
9175 2994
9176 2994
9177 2994
9178 2994
9179 2994
9180 2994
9181 2994
9182 2994
9183 2994
9184 2994
9185 2994
9186 2994
9187 2994
9188 2994
9189 2994
9190 2994
9191 2994
9192 2994
9193 2994
9194 2994
9195 3312
9196 2994
9197 2994
9198 2994
9199 2994
9200 2994
9201 2994
9202 2994
9203 2994
9204 2994
9205 2994
9206 2994
9207 2994
9208 2994
9209 2994
9210 3114
9211 3365
9212 2994
9213 2994
9214 2994
9215 2994
9216 2995
9217 2995
9218 2998
9219 2998
9220 2998
9221 3316
9222 2998
9223 2998
9224 2998
9225 2998
9226 2998
9227 2998
9228 2998
9229 2999
9230 3327
9231 2999
9232 3000
9233 3000
9234 3000
9235 3000
9236 3000
9237 3000
9238 3000
9239 3000
9240 3000
9241 3000
9242 3000
9243 3000
9244 3000
9245 3044
9246 3000
9247 3000
9248 3000
9249 3000
9250 3000
9251 3169
9252 3001
9253 3001
9254 3001
9255 3001
9256 3001
9257 3001
9258 3001
9259 3001
9260 3001
9261 3001
9262 3001
9263 3001
9264 3001
9265 3001
9266 3001
9267 3001
9268 3008
9269 3009
9270 3009
9271 3009
9272 3009
9273 3009
9274 3009
9275 3009
9276 3010
9277 3011
9278 3012
9279 3012
9280 3014
9281 3014
9282 3014
9283 3022
9284 3023
9285 3023
9286 3024
9287 3024
9288 3024
9289 3046
9290 3028
9291 3030
9292 3030
9293 3031
9294 3033
9295 3034
9296 3034
9297 3130
9298 3034
9299 3034
9300 3185
9301 3037
9302 3037
9303 3037
9304 3040
9305 3040
9306 3044
9307 3045
9308 3045
9309 3046
9310 3046
9311 3047
9312 3048
9313 3048
9314 3048
9315 3048
9316 3048
9317 3048
9318 3048
9319 3048
9320 3048
9321 3048
9322 3048
9323 3048
9324 3048
9325 3050
9326 3054
9327 3054
9328 3058
9329 3058
9330 3060
9331 3060
9332 3060
9333 3062
9334 3064
9335 3064
9336 3064
9337 3064
9338 3064
9339 3064
9340 3064
9341 3066
9342 3066
9343 3066
9344 3066
9345 3066
9346 3066
9347 3068
9348 3068
9349 3074
9350 3075
9351 3076
9352 3079
9353 3079
9354 3079
9355 3226
9356 3362
9357 3082
9358 3083
9359 3083
9360 3083
9361 3083
9362 3083
9363 3083
9364 3083
9365 3083
9366 3083
9367 3083
9368 3083
9369 3083
9370 3085
9371 3085
9372 3085
9373 3085
9374 3085
9375 3085
9376 3085
9377 3088
9378 3090
9379 3090
9380 3090
9381 3090
9382 3090
9383 3090
9384 3090
9385 3090
9386 3090
9387 3090
9388 3090
9389 3090
9390 3090
9391 3090
9392 3090
9393 3092
9394 3201
9395 3094
9396 3094
9397 3094
9398 3094
9399 3094
9400 3094
9401 3094
9402 3094
9403 3094
9404 3095
9405 3095
9406 3095
9407 3096
9408 3097
9409 3097
9410 3097
9411 3098
9412 3098
9413 3098
9414 3098
9415 3098
9416 3098
9417 3098
9418 3098
9419 3098
9420 3100
9421 3100
9422 3101
9423 3101
9424 3102
9425 3103
9426 3256
9427 3106
9428 3110
9429 3111
9430 3112
9431 3112
9432 3131
9433 3112
9434 3112
9435 3114
9436 3116
9437 3117
9438 3117
9439 3117
9440 3224
9441 3117
9442 3117
9443 3117
9444 3254
9445 3117
9446 3117
9447 3117
9448 3117
9449 3117
9450 3117
9451 3117
9452 3118
9453 3120
9454 3120
9455 3120
9456 3120
9457 3120
9458 3120
9459 3120
9460 3120
9461 3121
9462 3121
9463 3122
9464 3122
9465 3126
9466 3127
9467 3128
9468 3326
9469 3128
9470 3128
9471 3130
9472 3130
9473 3130
9474 3134
9475 3134
9476 3134
9477 3134
9478 3134
9479 3135
9480 3135
9481 3135
9482 3135
9483 3136
9484 3137
9485 3137
9486 3138
9487 3139
9488 3140
9489 3142
9490 3143
9491 3144
9492 3144
9493 3146
9494 3146
9495 3146
9496 3146
9497 3146
9498 3147
9499 3147
9500 3148
9501 3149
9502 3151
9503 3151
9504 3152
9505 3152
9506 3350
9507 3152
9508 3154
9509 3154
9510 3154
9511 3154
9512 3154
9513 3156
9514 3157
9515 3157
9516 3159
9517 3159
9518 3159
9519 3159
9520 3159
9521 3160
9522 3160
9523 3160
9524 3160
9525 3160
9526 3160
9527 3160
9528 3160
9529 3163
9530 3163
9531 3167
9532 3168
9533 3168
9534 3169
9535 3171
9536 3171
9537 3171
9538 3171
9539 3171
9540 3171
9541 3171
9542 3174
9543 3193
9544 3181
9545 3332
9546 3182
9547 3184
9548 3184
9549 3187
9550 3187
9551 3187
9552 3187
9553 3187
9554 3187
9555 3187
9556 3190
9557 3191
9558 3193
9559 3194
9560 3194
9561 3195
9562 3195
9563 3195
9564 3195
9565 3199
9566 3200
9567 3200
9568 3200
9569 3200
9570 3200
9571 3201
9572 3201
9573 3202
9574 3202
9575 3204
9576 3205
9577 3205
9578 3205
9579 3205
9580 3205
9581 3205
9582 3205
9583 3205
9584 3205
9585 3205
9586 3205
9587 3205
9588 3205
9589 3205
9590 3205
9591 3205
9592 3205
9593 3205
9594 3205
9595 3205
9596 3205
9597 3205
9598 3205
9599 3205
9600 3205
9601 3205
9602 3205
9603 3205
9604 3205
9605 3205
9606 3205
9607 3205
9608 3205
9609 3205
9610 3205
9611 3205
9612 3205
9613 3205
9614 3205
9615 3205
9616 3205
9617 3205
9618 3205
9619 3205
9620 3205
9621 3205
9622 3205
9623 3205
9624 3205
9625 3205
9626 3205
9627 3205
9628 3206
9629 3206
9630 3206
9631 3206
9632 3207
9633 3207
9634 3207
9635 3210
9636 3210
9637 3210
9638 3210
9639 3214
9640 3214
9641 3216
9642 3216
9643 3217
9644 3217
9645 3217
9646 3220
9647 3221
9648 3222
9649 3227
9650 3230
9651 3230
9652 3230
9653 3232
9654 3235
9655 3237
9656 3238
9657 3238
9658 3239
9659 3239
9660 3239
9661 3239
9662 3239
9663 3239
9664 3239
9665 3239
9666 3239
9667 3240
9668 3241
9669 3242
9670 3242
9671 3242
9672 3242
9673 3243
9674 3243
9675 3243
9676 3243
9677 3243
9678 3245
9679 3245
9680 3247
9681 3247
9682 3251
9683 3251
9684 3252
9685 3252
9686 3252
9687 3253
9688 3253
9689 3253
9690 3254
9691 3256
9692 3256
9693 3256
9694 3256
9695 3257
9696 3258
9697 3288
9698 3259
9699 3261
9700 3261
9701 3261
9702 3308
9703 3262
9704 3262
9705 3262
9706 3262
9707 3262
9708 3262
9709 3263
9710 3263
9711 3263
9712 3263
9713 3267
9714 3269
9715 3270
9716 3271
9717 3271
9718 3271
9719 3271
9720 3271
9721 3271
9722 3271
9723 3271
9724 3271
9725 3271
9726 3271
9727 3271
9728 3271
9729 3271
9730 3274
9731 3274
9732 3274
9733 3274
9734 3276
9735 3276
9736 3276
9737 3276
9738 3276
9739 3276
9740 3276
9741 3276
9742 3276
9743 3277
9744 3278
9745 3278
9746 3278
9747 3279
9748 3279
9749 3279
9750 3279
9751 3279
9752 3279
9753 3284
9754 3286
9755 3286
9756 3286
9757 3287
9758 3287
9759 3289
9760 3289
9761 3289
9762 3289
9763 3292
9764 3297
9765 3298
9766 3298
9767 3298
9768 3298
9769 3298
9770 3298
9771 3300
9772 3300
9773 3302
9774 3302
9775 3304
9776 3305
9777 3305
9778 3305
9779 3305
9780 3305
9781 3305
9782 3305
9783 3305
9784 3305
9785 3305
9786 3305
9787 3305
9788 3305
9789 3305
9790 3305
9791 3305
9792 3305
9793 3305
9794 3305
9795 3305
9796 3305
9797 3305
9798 3305
9799 3305
9800 3305
9801 3305
9802 3305
9803 3305
9804 3305
9805 3305
9806 3305
9807 3305
9808 3305
9809 3305
9810 3305
9811 3321
9812 3305
9813 3305
9814 3305
9815 3305
9816 3305
9817 3305
9818 3305
9819 3305
9820 3305
9821 3305
9822 3305
9823 3305
9824 3305
9825 3305
9826 3305
9827 3305
9828 3305
9829 3305
9830 3305
9831 3305
9832 3305
9833 3305
9834 3305
9835 3305
9836 3308
9837 3308
9838 3309
9839 3311
9840 3311
9841 3311
9842 3311
9843 3311
9844 3314
9845 3315
9846 3315
9847 3315
9848 3315
9849 3315
9850 3315
9851 3315
9852 3315
9853 3315
9854 3315
9855 3315
9856 3315
9857 3316
9858 3317
9859 3317
9860 3317
9861 3319
9862 3320
9863 3322
9864 3322
9865 3322
9866 3322
9867 3322
9868 3322
9869 3323
9870 3323
9871 3324
9872 3325
9873 3325
9874 3326
9875 3327
9876 3327
9877 3327
9878 3327
9879 3328
9880 3328
9881 3328
9882 3331
9883 3331
9884 3331
9885 3334
9886 3334
9887 3334
9888 3334
9889 3334
9890 3334
9891 3335
9892 3368
9893 3335
9894 3335
9895 3335
9896 3335
9897 3335
9898 3335
9899 3335
9900 3335
9901 3335
9902 3335
9903 3336
9904 3337
9905 3337
9906 3338
9907 3339
9908 3339
9909 3339
9910 3339
9911 3340
9912 3342
9913 3346
9914 3346
9915 3346
9916 3346
9917 3346
9918 3346
9919 3357
9920 3357
9921 3357
9922 3357
9923 3357
9924 3357
9925 3357
9926 3357
9927 3357
9928 3394
9929 3357
9930 3357
9931 3362
9932 3362
9933 3362
9934 3363
9935 3363
9936 3363
9937 3365
9938 3365
9939 3365
9940 3365
9941 3367
9942 3370
9943 3371
9944 3371
9945 3371
9946 3371
9947 3375
9948 3378
9949 3378
9950 3380
9951 3380
9952 3380
9953 3380
9954 3380
9955 3380
9956 3380
9957 3380
9958 3380
9959 3381
9960 3381
9961 3381
9962 3381
9963 3381
9964 3381
9965 3381
9966 3382
9967 3384
9968 3385
9969 3385
9970 3386
9971 3387
9972 3389
9973 3390
9974 3390
9975 3393
9976 3393
9977 3393
9978 3393
9979 3393
9980 3393
9981 3393
9982 3393
9983 3393
9984 3393
9985 3393
9986 3393
9987 3393
9988 3393
9989 3393
9990 3393
9991 3393
9992 3393
9993 3393
9994 3393
9995 3393
9996 3393
9997 3393
9998 3394
9999 3394
