10000 9999
1 0
2 1
3 0
4 1
5 4
6 3
7 1
8 3
9 7
10 9
11 10
12 1
13 11
14 11
15 8
16 6
17 2
18 16
19 12
20 9
21 19
22 17
23 20
24 15
25 16
26 18
27 16
28 26
29 25
30 14
31 25
32 31
33 25
34 25
35 31
36 30
37 35
38 35
39 5
40 35
41 35
42 35
43 35
44 25
45 43
46 35
47 22
48 25
49 35
50 35
51 33
52 17
53 30
54 53
55 35
56 27
57 35
58 25
59 46
60 35
61 35
62 35
63 35
64 55
65 23
66 12
67 35
68 55
69 30
70 35
71 35
72 46
73 61
74 72
75 30
76 75
77 72
78 35
79 35
80 40
81 72
82 72
83 72
84 35
85 35
86 85
87 35
88 64
89 72
90 13
91 35
92 72
93 79
94 65
95 72
96 72
97 55
98 72
99 35
100 72
101 31
102 25
103 35
104 30
105 72
106 72
107 25
108 63
109 72
110 36
111 78
112 93
113 30
114 74
115 99
116 106
117 112
118 72
119 49
120 35
121 85
122 72
123 25
124 35
125 72
126 72
127 83
128 101
129 35
130 66
131 72
132 72
133 99
134 52
135 91
136 48
137 72
138 81
139 35
140 30
141 124
142 49
143 72
144 43
145 35
146 35
147 72
148 35
149 36
150 135
151 56
152 72
153 49
154 72
155 72
156 150
157 129
158 128
159 35
160 35
161 137
162 30
163 41
164 163
165 120
166 72
167 126
168 35
169 59
170 149
171 90
172 72
173 160
174 24
175 35
176 70
177 72
178 72
179 165
180 72
181 72
182 72
183 72
184 77
185 72
186 181
187 72
188 25
189 26
190 25
191 181
192 52
193 85
194 99
195 46
196 72
197 181
198 153
199 72
200 39
201 194
202 72
203 126
204 72
205 52
206 35
207 128
208 72
209 181
210 72
211 181
212 158
213 178
214 155
215 182
216 178
217 204
218 143
219 72
220 191
221 212
222 85
223 181
224 35
225 72
226 35
227 217
228 46
229 227
230 143
231 69
232 190
233 181
234 35
235 181
236 137
237 72
238 99
239 30
240 62
241 122
242 178
243 72
244 220
245 120
246 72
247 134
248 179
249 35
250 196
251 72
252 235
253 72
254 181
255 163
256 218
257 181
258 181
259 81
260 49
261 72
262 199
263 60
264 233
265 99
266 233
267 35
268 190
269 97
270 237
271 39
272 129
273 35
274 33
275 102
276 72
277 203
278 258
279 181
280 265
281 46
282 47
283 131
284 181
285 88
286 72
287 43
288 287
289 144
290 138
291 181
292 37
293 72
294 267
295 294
296 190
297 72
298 272
299 55
300 143
301 120
302 181
303 99
304 224
305 181
306 164
307 237
308 190
309 49
310 305
311 87
312 82
313 72
314 280
315 205
316 143
317 179
318 35
319 218
320 263
321 108
322 290
323 104
324 172
325 300
326 49
327 35
328 181
329 171
330 72
331 303
332 72
333 35
334 244
335 126
336 72
337 335
338 316
339 290
340 305
341 72
342 49
343 116
344 290
345 316
346 307
347 135
348 86
349 339
350 49
351 316
352 110
353 338
354 260
355 128
356 181
357 356
358 72
359 164
360 312
361 72
362 78
363 174
364 194
365 220
366 290
367 48
368 130
369 181
370 117
371 218
372 189
373 230
374 310
375 209
376 355
377 358
378 70
379 128
380 308
381 154
382 296
383 178
384 299
385 181
386 338
387 237
388 54
389 72
390 227
391 365
392 25
393 183
394 278
395 118
396 35
397 87
398 30
399 376
400 334
401 292
402 135
403 259
404 316
405 128
406 88
407 72
408 236
409 196
410 404
411 316
412 72
413 244
414 327
415 72
416 409
417 237
418 269
419 353
420 328
421 179
422 181
423 321
424 165
425 312
426 181
427 307
428 327
429 344
430 225
431 147
432 179
433 417
434 205
435 341
436 338
437 303
438 47
439 28
440 284
441 196
442 433
443 338
444 181
445 313
446 68
447 346
448 72
449 409
450 168
451 260
452 307
453 406
454 389
455 309
456 172
457 35
458 355
459 425
460 45
461 290
462 441
463 316
464 235
465 180
466 355
467 72
468 312
469 262
470 449
471 89
472 178
473 384
474 425
475 327
476 435
477 366
478 389
479 220
480 153
481 338
482 345
483 72
484 380
485 422
486 218
487 315
488 473
489 35
490 370
491 203
492 72
493 5
494 35
495 235
496 72
497 440
498 355
499 52
500 57
501 419
502 99
503 432
504 445
505 400
506 354
507 501
508 173
509 315
510 318
511 35
512 72
513 330
514 85
515 164
516 377
517 327
518 340
519 493
520 434
521 417
522 71
523 504
524 164
525 129
526 213
527 35
528 32
529 214
530 525
531 168
532 55
533 72
534 224
535 355
536 35
537 253
538 473
539 309
540 473
541 488
542 339
543 262
544 428
545 49
546 344
547 72
548 276
549 546
550 297
551 531
552 478
553 40
554 316
555 184
556 257
557 194
558 261
559 237
560 79
561 38
562 181
563 156
564 366
565 461
566 177
567 355
568 166
569 474
570 373
571 237
572 109
573 72
574 181
575 72
576 165
577 338
578 105
579 324
580 349
581 169
582 85
583 95
584 301
585 227
586 82
587 504
588 185
589 501
590 454
591 219
592 283
593 235
594 99
595 539
596 344
597 181
598 405
599 481
600 504
601 559
602 159
603 504
604 551
605 164
606 144
607 35
608 525
609 355
610 181
611 396
612 323
613 196
614 35
615 133
616 431
617 479
618 72
619 488
620 72
621 355
622 212
623 419
624 99
625 538
626 470
627 25
628 35
629 72
630 168
631 316
632 503
633 600
634 514
635 504
636 108
637 520
638 315
639 618
640 299
641 316
642 35
643 633
644 542
645 316
646 508
647 466
648 146
649 35
650 538
651 393
652 463
653 511
654 343
655 282
656 511
657 619
658 508
659 355
660 609
661 391
662 228
663 194
664 157
665 575
666 94
667 517
668 240
669 428
670 319
671 299
672 298
673 135
674 476
675 375
676 563
677 574
678 316
679 72
680 72
681 291
682 601
683 128
684 566
685 443
686 33
687 613
688 231
689 648
690 673
691 214
692 472
693 609
694 218
695 127
696 260
697 107
698 455
699 445
700 686
701 504
702 72
703 452
704 649
705 72
706 644
707 384
708 609
709 513
710 227
711 403
712 587
713 393
714 170
715 619
716 698
717 247
718 501
719 635
720 258
721 322
722 293
723 444
724 662
725 248
726 181
727 696
728 515
729 487
730 72
731 195
732 656
733 309
734 222
735 181
736 542
737 232
738 30
739 72
740 153
741 691
742 556
743 707
744 694
745 703
746 619
747 687
748 668
749 325
750 290
751 49
752 673
753 125
754 583
755 72
756 755
757 646
758 756
759 103
760 37
761 755
762 37
763 312
764 271
765 72
766 600
767 197
768 761
769 546
770 99
771 365
772 669
773 635
774 222
775 425
776 560
777 655
778 35
779 300
780 707
781 439
782 218
783 332
784 461
785 737
786 625
787 546
788 524
789 582
790 428
791 617
792 425
793 301
794 123
795 579
796 355
797 707
798 711
799 389
800 30
801 673
802 678
803 412
804 669
805 196
806 413
807 777
808 279
809 637
810 792
811 72
812 412
813 480
814 48
815 777
816 181
817 766
818 609
819 285
820 181
821 324
822 707
823 137
824 794
825 743
826 403
827 181
828 178
829 538
830 540
831 195
832 181
833 323
834 544
835 72
836 534
837 465
838 699
839 595
840 752
841 805
842 418
843 703
844 460
845 179
846 237
847 459
848 337
849 85
850 420
851 358
852 695
853 47
854 224
855 122
856 239
857 254
858 463
859 742
860 377
861 337
862 395
863 422
864 181
865 657
866 768
867 473
868 442
869 489
870 327
871 609
872 670
873 481
874 209
875 312
876 690
877 419
878 702
879 779
880 283
881 425
882 673
883 838
884 766
885 615
886 299
887 35
888 777
889 600
890 21
891 504
892 232
893 72
894 673
895 78
896 619
897 673
898 761
899 149
900 202
901 609
902 504
903 299
904 539
905 689
906 376
907 893
908 742
909 72
910 546
911 327
912 609
913 329
914 683
915 365
916 179
917 856
918 884
919 178
920 428
921 734
922 338
923 784
924 786
925 72
926 129
927 925
928 366
929 422
930 758
931 181
932 619
933 801
934 299
935 128
936 208
937 712
938 165
939 76
940 529
941 211
942 941
943 509
944 74
945 179
946 891
947 854
948 623
949 673
950 948
951 72
952 175
953 369
954 908
955 504
956 599
957 920
958 619
959 673
960 686
961 382
962 682
963 402
964 722
965 827
966 707
967 304
968 618
969 594
970 853
971 567
972 515
973 913
974 30
975 826
976 713
977 581
978 205
979 546
980 288
981 164
982 218
983 403
984 232
985 755
986 677
987 722
988 536
989 384
990 701
991 871
992 72
993 610
994 337
995 868
996 218
997 991
998 989
999 618
1000 906
1001 524
1002 766
1003 955
1004 648
1005 67
1006 504
1007 351
1008 421
1009 755
1010 998
1011 316
1012 222
1013 777
1014 767
1015 151
1016 942
1017 876
1018 504
1019 183
1020 832
1021 441
1022 579
1023 266
1024 50
1025 197
1026 912
1027 901
1028 848
1029 702
1030 628
1031 703
1032 718
1033 175
1034 635
1035 177
1036 691
1037 321
1038 705
1039 72
1040 35
1041 1039
1042 1009
1043 558
1044 695
1045 539
1046 717
1047 835
1048 673
1049 683
1050 619
1051 786
1052 73
1053 547
1054 710
1055 975
1056 931
1057 205
1058 553
1059 982
1060 955
1061 169
1062 366
1063 883
1064 392
1065 403
1066 781
1067 789
1068 314
1069 681
1070 454
1071 181
1072 428
1073 35
1074 794
1075 1043
1076 646
1077 362
1078 426
1079 297
1080 683
1081 658
1082 557
1083 589
1084 1043
1085 363
1086 576
1087 546
1088 540
1089 1048
1090 236
1091 779
1092 205
1093 144
1094 987
1095 72
1096 820
1097 100
1098 473
1099 358
1100 905
1101 160
1102 663
1103 653
1104 181
1105 444
1106 955
1107 1034
1108 570
1109 127
1110 352
1111 119
1112 1076
1113 1092
1114 908
1115 600
1116 478
1117 333
1118 665
1119 695
1120 848
1121 827
1122 916
1123 990
1124 688
1125 940
1126 515
1127 481
1128 256
1129 136
1130 1066
1131 1043
1132 499
1133 490
1134 1031
1135 874
1136 1096
1137 213
1138 1122
1139 455
1140 985
1141 363
1142 148
1143 774
1144 982
1145 1094
1146 639
1147 673
1148 863
1149 781
1150 805
1151 72
1152 72
1153 820
1154 832
1155 997
1156 888
1157 1119
1158 504
1159 784
1160 941
1161 900
1162 636
1163 1037
1164 999
1165 1026
1166 194
1167 454
1168 68
1169 546
1170 973
1171 1133
1172 569
1173 337
1174 1065
1175 138
1176 72
1177 572
1178 803
1179 747
1180 398
1181 338
1182 725
1183 602
1184 716
1185 989
1186 195
1187 636
1188 103
1189 1041
1190 35
1191 673
1192 597
1193 982
1194 361
1195 450
1196 791
1197 171
1198 701
1199 1016
1200 72
1201 1143
1202 181
1203 71
1204 686
1205 623
1206 560
1207 919
1208 259
1209 1087
1210 540
1211 784
1212 504
1213 270
1214 1176
1215 341
1216 684
1217 327
1218 208
1219 602
1220 974
1221 72
1222 850
1223 962
1224 303
1225 380
1226 72
1227 1037
1228 397
1229 188
1230 1130
1231 111
1232 988
1233 990
1234 1078
1235 72
1236 993
1237 1085
1238 1215
1239 1138
1240 52
1241 1043
1242 600
1243 316
1244 1113
1245 1177
1246 1176
1247 730
1248 525
1249 886
1250 504
1251 462
1252 275
1253 561
1254 1252
1255 72
1256 749
1257 271
1258 707
1259 128
1260 941
1261 965
1262 910
1263 723
1264 368
1265 1019
1266 974
1267 178
1268 871
1269 37
1270 1202
1271 457
1272 667
1273 717
1274 660
1275 256
1276 425
1277 992
1278 951
1279 1220
1280 1020
1281 425
1282 361
1283 941
1284 972
1285 600
1286 504
1287 35
1288 1287
1289 863
1290 1197
1291 1287
1292 1065
1293 1021
1294 646
1295 358
1296 1174
1297 1118
1298 941
1299 460
1300 962
1301 991
1302 1241
1303 316
1304 789
1305 1044
1306 376
1307 837
1308 1284
1309 648
1310 673
1311 1089
1312 1241
1313 1252
1314 129
1315 557
1316 1249
1317 839
1318 1272
1319 1185
1320 673
1321 703
1322 982
1323 714
1324 457
1325 1090
1326 1211
1327 454
1328 1287
1329 316
1330 1160
1331 806
1332 1096
1333 802
1334 997
1335 628
1336 1131
1337 755
1338 378
1339 1110
1340 953
1341 395
1342 29
1343 874
1344 827
1345 172
1346 1287
1347 422
1348 1046
1349 680
1350 716
1351 1098
1352 1287
1353 687
1354 481
1355 890
1356 784
1357 1262
1358 1182
1359 380
1360 1287
1361 1238
1362 358
1363 992
1364 526
1365 1046
1366 982
1367 934
1368 515
1369 497
1370 1091
1371 546
1372 355
1373 692
1374 735
1375 855
1376 600
1377 982
1378 1186
1379 546
1380 1330
1381 318
1382 1287
1383 683
1384 773
1385 1287
1386 515
1387 1287
1388 696
1389 680
1390 1359
1391 785
1392 1029
1393 958
1394 1077
1395 968
1396 619
1397 527
1398 1287
1399 830
1400 408
1401 341
1402 673
1403 755
1404 92
1405 755
1406 1399
1407 335
1408 1394
1409 661
1410 412
1411 46
1412 316
1413 953
1414 1149
1415 1274
1416 445
1417 546
1418 309
1419 957
1420 1345
1421 1077
1422 1287
1423 879
1424 729
1425 1042
1426 35
1427 612
1428 504
1429 1122
1430 1247
1431 921
1432 638
1433 862
1434 31
1435 579
1436 1190
1437 992
1438 1401
1439 181
1440 1006
1441 1070
1442 1419
1443 1043
1444 1047
1445 579
1446 506
1447 1285
1448 745
1449 1148
1450 1021
1451 600
1452 878
1453 618
1454 586
1455 428
1456 1405
1457 1360
1458 927
1459 1287
1460 1037
1461 1287
1462 642
1463 1285
1464 1049
1465 1325
1466 982
1467 986
1468 706
1469 782
1470 1217
1471 1433
1472 1312
1473 927
1474 1436
1475 312
1476 1244
1477 391
1478 962
1479 1449
1480 1375
1481 388
1482 1186
1483 1092
1484 224
1485 1067
1486 1239
1487 1200
1488 1485
1489 1287
1490 439
1491 387
1492 422
1493 1484
1494 1295
1495 673
1496 789
1497 1287
1498 1206
1499 455
1500 1043
1501 1099
1502 1139
1503 742
1504 609
1505 1314
1506 1077
1507 148
1508 1287
1509 701
1510 389
1511 1435
1512 750
1513 683
1514 989
1515 1381
1516 1210
1517 581
1518 941
1519 1287
1520 1287
1521 600
1522 1287
1523 1228
1524 338
1525 338
1526 982
1527 1099
1528 1098
1529 1262
1530 1245
1531 326
1532 265
1533 1228
1534 195
1535 1360
1536 415
1537 1345
1538 584
1539 619
1540 495
1541 1460
1542 1485
1543 422
1544 221
1545 1099
1546 1301
1547 865
1548 1231
1549 1287
1550 874
1551 760
1552 1287
1553 1308
1554 927
1555 969
1556 1040
1557 1364
1558 1411
1559 989
1560 391
1561 1037
1562 1127
1563 1221
1564 766
1565 1250
1566 1552
1567 1470
1568 579
1569 755
1570 1047
1571 1526
1572 992
1573 534
1574 1287
1575 1287
1576 469
1577 1527
1578 1109
1579 451
1580 225
1581 652
1582 1319
1583 1247
1584 438
1585 1095
1586 1461
1587 1566
1588 990
1589 1381
1590 619
1591 1180
1592 1007
1593 665
1594 422
1595 1324
1596 946
1597 681
1598 1478
1599 683
1600 214
1601 1276
1602 1367
1603 415
1604 1335
1605 1577
1606 49
1607 1535
1608 1019
1609 679
1610 1402
1611 341
1612 1047
1613 524
1614 1176
1615 97
1616 758
1617 355
1618 1287
1619 72
1620 1459
1621 711
1622 1495
1623 1611
1624 918
1625 990
1626 129
1627 1287
1628 437
1629 731
1630 1410
1631 601
1632 1134
1633 682
1634 1413
1635 179
1636 447
1637 647
1638 1485
1639 683
1640 607
1641 1330
1642 816
1643 364
1644 167
1645 835
1646 340
1647 1358
1648 793
1649 1546
1650 1139
1651 1254
1652 504
1653 600
1654 258
1655 757
1656 1076
1657 1287
1658 1263
1659 673
1660 1021
1661 746
1662 601
1663 1247
1664 1473
1665 1352
1666 1330
1667 1549
1668 141
1669 635
1670 775
1671 389
1672 848
1673 1287
1674 1508
1675 1415
1676 1216
1677 1480
1678 1174
1679 1499
1680 1102
1681 1158
1682 72
1683 1243
1684 693
1685 1533
1686 93
1687 620
1688 338
1689 169
1690 987
1691 205
1692 1240
1693 238
1694 989
1695 1098
1696 1176
1697 1384
1698 1360
1699 1034
1700 879
1701 1226
1702 223
1703 1520
1704 1676
1705 1043
1706 1240
1707 501
1708 1602
1709 1330
1710 1613
1711 829
1712 539
1713 460
1714 1287
1715 1453
1716 1499
1717 1213
1718 622
1719 1629
1720 1685
1721 827
1722 1623
1723 1204
1724 1710
1725 417
1726 219
1727 1533
1728 717
1729 852
1730 1205
1731 986
1732 1643
1733 1350
1734 1020
1735 1112
1736 1495
1737 1031
1738 985
1739 285
1740 827
1741 655
1742 360
1743 707
1744 129
1745 1287
1746 766
1747 1570
1748 1287
1749 1012
1750 1399
1751 450
1752 990
1753 1750
1754 1034
1755 1218
1756 1555
1757 268
1758 524
1759 355
1760 1168
1761 72
1762 1138
1763 1380
1764 1166
1765 1202
1766 587
1767 1287
1768 1399
1769 658
1770 592
1771 1660
1772 1650
1773 990
1774 827
1775 1477
1776 1381
1777 72
1778 1105
1779 1525
1780 1361
1781 1394
1782 1020
1783 843
1784 1034
1785 827
1786 783
1787 72
1788 1104
1789 356
1790 1573
1791 644
1792 1563
1793 955
1794 1025
1795 604
1796 755
1797 1316
1798 1578
1799 1176
1800 1445
1801 1306
1802 781
1803 810
1804 1287
1805 707
1806 1656
1807 1259
1808 446
1809 1240
1810 1192
1811 899
1812 698
1813 88
1814 181
1815 1595
1816 50
1817 1804
1818 1570
1819 1404
1820 1105
1821 1325
1822 805
1823 409
1824 1260
1825 854
1826 1645
1827 82
1828 288
1829 33
1830 985
1831 1127
1832 1617
1833 1361
1834 583
1835 72
1836 1627
1837 312
1838 1642
1839 955
1840 1474
1841 1504
1842 537
1843 1531
1844 1586
1845 1287
1846 673
1847 1057
1848 1355
1849 1573
1850 252
1851 1130
1852 1118
1853 1055
1854 990
1855 1359
1856 1835
1857 1287
1858 254
1859 619
1860 1409
1861 546
1862 69
1863 1213
1864 1519
1865 631
1866 696
1867 548
1868 1629
1869 1287
1870 1845
1871 1861
1872 871
1873 1650
1874 1121
1875 601
1876 738
1877 1427
1878 504
1879 1527
1880 951
1881 391
1882 1568
1883 1829
1884 539
1885 1666
1886 862
1887 207
1888 1174
1889 1474
1890 1206
1891 819
1892 725
1893 1535
1894 1696
1895 1469
1896 770
1897 1576
1898 955
1899 686
1900 670
1901 1460
1902 1292
1903 599
1904 287
1905 959
1906 344
1907 128
1908 1527
1909 1706
1910 591
1911 242
1912 1111
1913 1676
1914 1561
1915 1903
1916 1124
1917 1319
1918 1129
1919 1676
1920 649
1921 1186
1922 1287
1923 874
1924 1914
1925 1644
1926 1259
1927 1913
1928 423
1929 1914
1930 1395
1931 1775
1932 921
1933 1914
1934 801
1935 658
1936 1076
1937 1903
1938 970
1939 1077
1940 259
1941 1277
1942 1214
1943 1004
1944 1216
1945 1373
1946 467
1947 1636
1948 1066
1949 358
1950 1287
1951 1422
1952 1937
1953 951
1954 1876
1955 673
1956 1330
1957 1215
1958 416
1959 1271
1960 673
1961 1424
1962 1135
1963 327
1964 165
1965 354
1966 1914
1967 1287
1968 1874
1969 1896
1970 621
1971 1893
1972 1678
1973 739
1974 1842
1975 997
1976 712
1977 1941
1978 1449
1979 1195
1980 1694
1981 1897
1982 1390
1983 1377
1984 1091
1985 481
1986 889
1987 1275
1988 1469
1989 1701
1990 1749
1991 875
1992 772
1993 996
1994 646
1995 1937
1996 1532
1997 72
1998 1161
1999 1451
2000 1514
2001 1495
2002 821
2003 1350
2004 522
2005 870
2006 1893
2007 35
2008 546
2009 824
2010 1287
2011 1132
2012 35
2013 1840
2014 965
2015 1527
2016 1894
2017 1665
2018 1893
2019 1647
2020 515
2021 1618
2022 1499
2023 1113
2024 1982
2025 1332
2026 683
2027 1459
2028 805
2029 879
2030 978
2031 1558
2032 1071
2033 1696
2034 1845
2035 1914
2036 1756
2037 1874
2038 329
2039 1589
2040 1594
2041 1258
2042 1432
2043 229
2044 1092
2045 1906
2046 358
2047 287
2048 1060
2049 1117
2050 524
2051 1845
2052 614
2053 1211
2054 1564
2055 1972
2056 1731
2057 425
2058 645
2059 1247
2060 1996
2061 425
2062 854
2063 145
2064 609
2065 1277
2066 1911
2067 1175
2068 766
2069 1734
2070 673
2071 979
2072 673
2073 366
2074 672
2075 1092
2076 1250
2077 1616
2078 1937
2079 1756
2080 1937
2081 1806
2082 72
2083 1287
2084 327
2085 1662
2086 1154
2087 181
2088 830
2089 1230
2090 30
2091 1128
2092 241
2093 1937
2094 789
2095 1914
2096 312
2097 1570
2098 1972
2099 1914
2100 1526
2101 433
2102 1882
2103 1827
2104 1837
2105 1865
2106 312
2107 1937
2108 295
2109 161
2110 707
2111 1849
2112 955
2113 555
2114 2029
2115 72
2116 1650
2117 1441
2118 1483
2119 1372
2120 1744
2121 2033
2122 1851
2123 1597
2124 1824
2125 1381
2126 1508
2127 1937
2128 1843
2129 1557
2130 1287
2131 852
2132 1515
2133 1568
2134 1816
2135 965
2136 1914
2137 1914
2138 1782
2139 1287
2140 429
2141 1625
2142 1773
2143 899
2144 1874
2145 1287
2146 288
2147 941
2148 755
2149 1328
2150 1122
2151 1659
2152 1972
2153 980
2154 1928
2155 1299
2156 181
2157 302
2158 2100
2159 1686
2160 1545
2161 1813
2162 980
2163 1890
2164 424
2165 910
2166 417
2167 1745
2168 355
2169 1518
2170 1632
2171 1352
2172 940
2173 1951
2174 1802
2175 296
2176 1087
2177 2060
2178 99
2179 1914
2180 1167
2181 680
2182 716
2183 1710
2184 1287
2185 1179
2186 1914
2187 2174
2188 1287
2189 2060
2190 1398
2191 1287
2192 2085
2193 1583
2194 1361
2195 1650
2196 1109
2197 1871
2198 2183
2199 1256
2200 968
2201 816
2202 1177
2203 1572
2204 564
2205 1685
2206 410
2207 1196
2208 972
2209 1031
2210 412
2211 338
2212 828
2213 1650
2214 2061
2215 1962
2216 1837
2217 1163
2218 1311
2219 1688
2220 1459
2221 2207
2222 1287
2223 1401
2224 1914
2225 2188
2226 851
2227 879
2228 1530
2229 1338
2230 2050
2231 2221
2232 1287
2233 1089
2234 1771
2235 1468
2236 1142
2237 1115
2238 767
2239 1382
2240 234
2241 1731
2242 876
2243 1590
2244 2227
2245 137
2246 1020
2247 766
2248 1290
2249 1334
2250 1999
2251 1788
2252 2207
2253 1570
2254 521
2255 1331
2256 1469
2257 2056
2258 1896
2259 1847
2260 1639
2261 2098
2262 872
2263 1341
2264 1709
2265 1907
2266 1514
2267 1149
2268 2060
2269 1542
2270 2044
2271 1535
2272 1876
2273 1287
2274 1696
2275 1193
2276 1287
2277 1797
2278 562
2279 1725
2280 788
2281 1883
2282 2227
2283 2260
2284 1414
2285 1262
2286 181
2287 875
2288 1867
2289 940
2290 1449
2291 2162
2292 1558
2293 525
2294 1515
2295 2160
2296 327
2297 1305
2298 1570
2299 940
2300 1247
2301 1974
2302 946
2303 1526
2304 1628
2305 411
2306 363
2307 1793
2308 1627
2309 2273
2310 1378
2311 2074
2312 658
2313 955
2314 2121
2315 1977
2316 1819
2317 1463
2318 635
2319 1317
2320 1032
2321 1815
2322 419
2323 171
2324 2282
2325 2004
2326 1528
2327 2258
2328 1171
2329 355
2330 1934
2331 1543
2332 648
2333 1287
2334 1287
2335 1617
2336 1435
2337 789
2338 1939
2339 1435
2340 2116
2341 1948
2342 1287
2343 420
2344 1287
2345 2297
2346 1495
2347 1914
2348 2060
2349 955
2350 1287
2351 481
2352 1426
2353 728
2354 1395
2355 539
2356 72
2357 2316
2358 379
2359 1987
2360 305
2361 1693
2362 941
2363 1475
2364 1460
2365 2135
2366 2276
2367 1012
2368 1690
2369 1550
2370 1212
2371 1518
2372 2257
2373 1676
2374 1790
2375 2084
2376 673
2377 652
2378 2107
2379 2375
2380 1338
2381 1972
2382 1807
2383 515
2384 1896
2385 1492
2386 338
2387 1942
2388 1166
2389 1917
2390 1645
2391 2228
2392 1937
2393 1436
2394 827
2395 1658
2396 505
2397 614
2398 543
2399 475
2400 1966
2401 620
2402 1474
2403 2337
2404 1582
2405 2066
2406 2228
2407 1253
2408 1980
2409 2382
2410 1731
2411 2135
2412 2191
2413 1958
2414 1874
2415 1287
2416 1887
2417 848
2418 1601
2419 2376
2420 2368
2421 317
2422 1714
2423 355
2424 1306
2425 1232
2426 1952
2427 1139
2428 629
2429 2046
2430 744
2431 366
2432 1548
2433 813
2434 2398
2435 1676
2436 1503
2437 1090
2438 1426
2439 1957
2440 366
2441 2168
2442 1547
2443 713
2444 812
2445 1719
2446 1914
2447 845
2448 1287
2449 1960
2450 1937
2451 1287
2452 2172
2453 1681
2454 2260
2455 1452
2456 1355
2457 833
2458 1555
2459 2333
2460 2044
2461 1377
2462 2376
2463 437
2464 1906
2465 2444
2466 1125
2467 2173
2468 1623
2469 1974
2470 2343
2471 2135
2472 1935
2473 1955
2474 2286
2475 403
2476 1370
2477 1420
2478 1676
2479 2388
2480 716
2481 2156
2482 64
2483 784
2484 1690
2485 1624
2486 2390
2487 80
2488 515
2489 1752
2490 1848
2491 2287
2492 1988
2493 1089
2494 1095
2495 2043
2496 725
2497 1903
2498 2132
2499 2360
2500 2386
2501 1793
2502 2407
2503 934
2504 2227
2505 1646
2506 1903
2507 1512
2508 874
2509 1903
2510 1095
2511 1446
2512 391
2513 2386
2514 2173
2515 237
2516 1696
2517 875
2518 2025
2519 1674
2520 2021
2521 1329
2522 2457
2523 989
2524 651
2525 2414
2526 1830
2527 1240
2528 814
2529 1524
2530 1261
2531 1819
2532 1896
2533 1781
2534 99
2535 2498
2536 2350
2537 1006
2538 1676
2539 2413
2540 1824
2541 1249
2542 1729
2543 1304
2544 42
2545 1414
2546 887
2547 2443
2548 797
2549 2013
2550 1077
2551 1916
2552 1850
2553 101
2554 2295
2555 1937
2556 1405
2557 58
2558 1460
2559 2406
2560 1252
2561 1360
2562 1753
2563 1977
2564 892
2565 842
2566 2259
2567 2565
2568 1229
2569 546
2570 673
2571 826
2572 2553
2573 2021
2574 1758
2575 2458
2576 2183
2577 1651
2578 757
2579 2490
2580 1712
2581 2087
2582 1132
2583 1879
2584 1898
2585 219
2586 1630
2587 2371
2588 1709
2589 425
2590 1476
2591 650
2592 1890
2593 2386
2594 789
2595 2485
2596 1436
2597 2495
2598 1845
2599 565
2600 1698
2601 234
2602 1166
2603 1037
2604 1845
2605 138
2606 1524
2607 1627
2608 2468
2609 2458
2610 428
2611 2537
2612 1183
2613 901
2614 1170
2615 2147
2616 2281
2617 152
2618 1038
2619 955
2620 2544
2621 1287
2622 2547
2623 2559
2624 2107
2625 2097
2626 1857
2627 893
2628 1602
2629 2038
2630 1733
2631 2158
2632 1902
2633 2557
2634 1120
2635 1666
2636 467
2637 1623
2638 35
2639 2293
2640 1073
2641 991
2642 1121
2643 49
2644 2214
2645 2227
2646 848
2647 1287
2648 2227
2649 1686
2650 1136
2651 1500
2652 1084
2653 269
2654 1655
2655 733
2656 964
2657 1287
2658 673
2659 955
2660 1621
2661 2585
2662 1287
2663 992
2664 422
2665 2458
2666 1564
2667 960
2668 1012
2669 1914
2670 2339
2671 1918
2672 1927
2673 1108
2674 989
2675 181
2676 568
2677 2479
2678 372
2679 2227
2680 867
2681 982
2682 2006
2683 1043
2684 2097
2685 1001
2686 461
2687 2176
2688 2333
2689 2184
2690 990
2691 1956
2692 2547
2693 1021
2694 1864
2695 2050
2696 98
2697 2499
2698 488
2699 673
2700 1043
2701 2673
2702 2623
2703 35
2704 1903
2705 1937
2706 940
2707 1937
2708 2339
2709 1629
2710 1376
2711 2199
2712 1896
2713 997
2714 2359
2715 2417
2716 2698
2717 2546
2718 2208
2719 2629
2720 2302
2721 1222
2722 67
2723 1003
2724 1974
2725 504
2726 1914
2727 652
2728 1724
2729 1284
2730 2482
2731 2102
2732 2191
2733 1828
2734 1792
2735 1939
2736 2718
2737 1790
2738 636
2739 2135
2740 2046
2741 686
2742 257
2743 372
2744 282
2745 868
2746 1700
2747 709
2748 989
2749 1287
2750 35
2751 2690
2752 2050
2753 1694
2754 1914
2755 481
2756 203
2757 882
2758 2474
2759 232
2760 989
2761 2476
2762 169
2763 1583
2764 1645
2765 1696
2766 1287
2767 2481
2768 425
2769 1099
2770 1883
2771 2443
2772 693
2773 902
2774 2460
2775 989
2776 2579
2777 2414
2778 2556
2779 673
2780 2496
2781 2689
2782 379
2783 1436
2784 1922
2785 1932
2786 2635
2787 2123
2788 1613
2789 299
2790 748
2791 2636
2792 1586
2793 899
2794 1264
2795 2169
2796 33
2797 1903
2798 2583
2799 823
2800 885
2801 1914
2802 2773
2803 1287
2804 1385
2805 374
2806 2330
2807 1196
2808 2044
2809 2055
2810 335
2811 1936
2812 1392
2813 649
2814 2178
2815 1146
2816 1381
2817 355
2818 2756
2819 2222
2820 178
2821 1586
2822 2421
2823 2680
2824 2619
2825 1287
2826 2191
2827 1531
2828 1216
2829 1357
2830 1617
2831 2759
2832 2169
2833 2365
2834 1824
2835 1717
2836 2110
2837 2728
2838 2594
2839 2728
2840 1965
2841 1501
2842 2594
2843 1287
2844 2343
2845 1953
2846 2168
2847 972
2848 2431
2849 2112
2850 2464
2851 1415
2852 1277
2853 1800
2854 2420
2855 1608
2856 2790
2857 243
2858 1526
2859 859
2860 2594
2861 2525
2862 2765
2863 1509
2864 2741
2865 2325
2866 2204
2867 2139
2868 1287
2869 1287
2870 1942
2871 2746
2872 671
2873 1802
2874 2354
2875 1494
2876 2371
2877 1617
2878 2488
2879 1650
2880 362
2881 2337
2882 1350
2883 2307
2884 2214
2885 1892
2886 801
2887 181
2888 2227
2889 1527
2890 1769
2891 1804
2892 1793
2893 2227
2894 1907
2895 1495
2896 2709
2897 2892
2898 2806
2899 2840
2900 1675
2901 2752
2902 1824
2903 2293
2904 372
2905 2682
2906 1562
2907 1703
2908 774
2909 2711
2910 2063
2911 1247
2912 277
2913 2178
2914 2892
2915 2840
2916 1545
2917 437
2918 2249
2919 2629
2920 915
2921 177
2922 1724
2923 898
2924 2565
2925 2720
2926 2022
2927 1937
2928 1914
2929 2792
2930 2202
2931 1506
2932 2365
2933 1691
2934 2095
2935 1287
2936 1109
2937 1073
2938 1141
2939 2636
2940 1580
2941 1273
2942 1527
2943 1278
2944 2747
2945 219
2946 196
2947 1906
2948 1896
2949 766
2950 2617
2951 1874
2952 34
2953 1690
2954 1914
2955 841
2956 789
2957 2534
2958 1287
2959 2203
2960 2458
2961 1243
2962 1525
2963 990
2964 848
2965 921
2966 425
2967 1683
2968 2293
2969 1712
2970 2556
2971 2321
2972 759
2973 2150
2974 1868
2975 1018
2976 685
2977 1360
2978 2576
2979 2790
2980 1083
2981 1478
2982 2004
2983 2684
2984 2922
2985 1654
2986 546
2987 1360
2988 1665
2989 2826
2990 2697
2991 2840
2992 2537
2993 2448
2994 2625
2995 1462
2996 1827
2997 557
2998 1078
2999 2982
3000 2733
3001 2790
3002 965
3003 1240
3004 1394
3005 2837
3006 2365
3007 1178
3008 1112
3009 1896
3010 2911
3011 2889
3012 355
3013 448
3014 2594
3015 1917
3016 1870
3017 1083
3018 2265
3019 800
3020 583
3021 1031
3022 2493
3023 2320
3024 2918
3025 1235
3026 2106
3027 2932
3028 2406
3029 1176
3030 874
3031 2463
3032 2892
3033 2609
3034 2840
3035 2414
3036 991
3037 2952
3038 2598
3039 1010
3040 1313
3041 1945
3042 1129
3043 2188
3044 35
3045 1745
3046 2400
3047 1287
3048 2075
3049 2806
3050 1968
3051 2957
3052 2553
3053 636
3054 1827
3055 579
3056 789
3057 1031
3058 2617
3059 600
3060 2227
3061 2778
3062 2645
3063 929
3064 2901
3065 1259
3066 2464
3067 686
3068 72
3069 315
3070 2291
3071 630
3072 1098
3073 652
3074 1914
3075 1020
3076 2135
3077 1381
3078 1864
3079 878
3080 1949
3081 518
3082 1612
3083 419
3084 1937
3085 1895
3086 2840
3087 619
3088 2122
3089 3003
3090 3031
3091 1712
3092 2840
3093 2285
3094 1879
3095 2678
3096 1906
3097 2858
3098 2367
3099 605
3100 486
3101 2949
3102 820
3103 1906
3104 746
3105 1261
3106 1811
3107 2227
3108 1986
3109 3010
3110 2065
3111 2423
3112 2357
3113 3026
3114 2950
3115 920
3116 2214
3117 1012
3118 2410
3119 2057
3120 906
3121 2932
3122 1628
3123 1330
3124 532
3125 734
3126 2594
3127 1121
3128 3029
3129 72
3130 2733
3131 607
3132 1287
3133 2049
3134 2227
3135 897
3136 3117
3137 2067
3138 1842
3139 3007
3140 1287
3141 2053
3142 2778
3143 1456
3144 2108
3145 2926
3146 766
3147 2258
3148 2253
3149 227
3150 2548
3151 2214
3152 168
3153 2901
3154 181
3155 2002
3156 1337
3157 951
3158 1041
3159 2941
3160 822
3161 2629
3162 2185
3163 181
3164 1675
3165 2840
3166 2523
3167 947
3168 956
3169 1641
3170 2457
3171 2622
3172 2168
3173 624
3174 1287
3175 2799
3176 1159
3177 3121
3178 2159
3179 2091
3180 2390
3181 2816
3182 2263
3183 3147
3184 941
3185 687
3186 1658
3187 1865
3188 2923
3189 1641
3190 1056
3191 1569
3192 1876
3193 103
3194 1447
3195 1206
3196 2835
3197 3125
3198 1377
3199 35
3200 2958
3201 1923
3202 2517
3203 2261
3204 641
3205 1121
3206 1990
3207 2594
3208 2214
3209 1355
3210 2526
3211 1506
3212 1538
3213 1845
3214 2188
3215 935
3216 3105
3217 2841
3218 2095
3219 1837
3220 3069
3221 2994
3222 836
3223 3059
3224 2636
3225 2935
3226 3056
3227 2021
3228 2257
3229 1047
3230 2740
3231 2472
3232 596
3233 1360
3234 3173
3235 2052
3236 2563
3237 1112
3238 3091
3239 2201
3240 719
3241 2105
3242 2254
3243 647
3244 731
3245 2865
3246 3060
3247 2932
3248 135
3249 1352
3250 1937
3251 1466
3252 2163
3253 1681
3254 1695
3255 2840
3256 1041
3257 1227
3258 753
3259 2009
3260 2249
3261 207
3262 3062
3263 384
3264 2214
3265 2274
3266 3041
3267 2950
3268 2575
3269 2420
3270 667
3271 2227
3272 1914
3273 1973
3274 1471
3275 1344
3276 2392
3277 1240
3278 1585
3279 312
3280 1918
3281 2214
3282 3016
3283 2843
3284 2624
3285 2805
3286 316
3287 1914
3288 879
3289 3195
3290 2863
3291 2221
3292 2140
3293 3063
3294 2711
3295 2191
3296 1887
3297 1150
3298 522
3299 2153
3300 2393
3301 3188
3302 3145
3303 2134
3304 3117
3305 2702
3306 422
3307 661
3308 2029
3309 2476
3310 3101
3311 2117
3312 1974
3313 2556
3314 3011
3315 1092
3316 1287
3317 2863
3318 1962
3319 697
3320 2233
3321 2088
3322 2004
3323 1594
3324 2179
3325 2929
3326 885
3327 1351
3328 1494
3329 1381
3330 3295
3331 2750
3332 1795
3333 2386
3334 2474
3335 35
3336 1252
3337 778
3338 2594
3339 2052
3340 1017
3341 2778
3342 1937
3343 2457
3344 2733
3345 2227
3346 2790
3347 989
3348 1861
3349 2422
3350 2044
3351 955
3352 2263
3353 2413
3354 1903
3355 1166
3356 2554
3357 72
3358 2822
3359 2598
3360 654
3361 2210
3362 2790
3363 2271
3364 1287
3365 2708
3366 3014
3367 2901
3368 1527
3369 72
3370 750
3371 1836
3372 1194
3373 3197
3374 2932
3375 2462
3376 314
3377 3140
3378 1330
3379 2124
3380 982
3381 884
3382 3347
3383 3156
3384 2812
3385 1824
3386 3105
3387 1460
3388 3221
3389 344
3390 2786
3391 504
3392 2225
3393 3053
3394 177
3395 2514
3396 1264
3397 363
3398 493
3399 17
3400 94
3401 1015
3402 764
3403 1266
3404 2323
3405 1355
3406 439
3407 2633
3408 1584
3409 2011
3410 20
3411 24
3412 794
3413 392
3414 1129
3415 2952
3416 1342
3417 44
3418 697
3419 627
3420 500
3421 2560
3422 2796
3423 2568
3424 1757
3425 25
3426 2678
3427 2793
3428 162
3429 2457
3430 939
3431 30
3432 1481
3433 917
3434 113
3435 140
3436 3019
3437 738
3438 2090
3439 1591
3440 231
3441 1434
3442 528
3443 683
3444 2616
3445 274
3446 51
3447 3067
3448 35
3449 642
3450 35
3451 3222
3452 1231
3453 2703
3454 67
3455 2730
3456 35
3457 2640
3458 1232
3459 2601
3460 648
3461 2620
3462 668
3463 2638
3464 2596
3465 84
3466 50
3467 273
3468 35
3469 611
3470 35
3471 869
3472 141
3473 3199
3474 1397
3475 1920
3476 3044
3477 402
3478 1052
3479 226
3480 37
3481 510
3482 2012
3483 35
3484 1556
3485 460
3486 3335
3487 142
3488 255
3489 926
3490 2145
3491 1640
3492 653
3493 887
3494 2049
3495 3144
3496 1033
3497 139
3498 1507
3499 35
3500 1338
3501 1253
3502 46
3503 320
3504 35
3505 3337
3506 85
3507 1604
3508 35
3509 3178
3510 2612
3511 168
3512 311
3513 2063
3514 327
3515 2750
3516 1101
3517 35
3518 1188
3519 206
3520 2487
3521 494
3522 2052
3523 1815
3524 2007
3525 1203
3526 35
3527 249
3528 1914
3529 2712
3530 1964
3531 2352
3532 1339
3533 1269
3534 760
3535 762
3536 401
3537 39
3538 39
3539 200
3540 1058
3541 287
3542 289
3543 281
3544 2356
3545 46
3546 2292
3547 195
3548 1061
3549 724
3550 282
3551 1938
3552 367
3553 814
3554 696
3555 545
3556 350
3557 49
3558 751
3559 2827
3560 1912
3561 1606
3562 342
3563 716
3564 2643
3565 740
3566 1024
3567 2134
3568 50
3569 1046
3570 2527
3571 192
3572 1847
3573 1808
3574 3124
3575 55
3576 1615
3577 299
3578 2161
3579 2722
3580 1005
3581 1168
3582 1862
3583 176
3584 3298
3585 71
3586 702
3587 548
3588 358
3589 3361
3590 3372
3591 2636
3592 765
3593 2115
3594 1997
3595 578
3596 909
3597 1787
3598 1701
3599 225
3600 3025
3601 1200
3602 3258
3603 1770
3604 132
3605 215
3606 1671
3607 3020
3608 1307
3609 210
3610 492
3611 2618
3612 1593
3613 332
3614 72
3615 72
3616 533
3617 72
3618 81
3619 2113
3620 72
3621 1176
3622 573
3623 709
3624 925
3625 1777
3626 1400
3627 1043
3628 166
3629 72
3630 471
3631 72
3632 72
3633 1600
3634 286
3635 2434
3636 72
3637 1856
3638 172
3639 72
3640 2401
3641 1151
3642 1645
3643 72
3644 72
3645 3013
3646 72
3647 761
3648 72
3649 72
3650 1341
3651 616
3652 2510
3653 387
3654 1563
3655 1761
3656 1152
3657 1623
3658 944
3659 2696
3660 3058
3661 72
3662 496
3663 3129
3664 2857
3665 2627
3666 72
3667 72
3668 2092
3669 336
3670 992
3671 1609
3672 1682
3673 618
3674 72
3675 1819
3676 811
3677 2943
3678 385
3679 72
3680 2202
3681 1035
3682 1619
3683 1039
3684 246
3685 72
3686 1053
3687 187
3688 72
3689 2428
3690 72
3691 1079
3692 127
3693 96
3694 72
3695 445
3696 1097
3697 654
3698 72
3699 1910
3700 739
3701 407
3702 588
3703 183
3704 1925
3705 208
3706 3357
3707 1583
3708 3369
3709 512
3710 680
3711 2082
3712 3068
3713 1536
3714 72
3715 72
3716 202
3717 1827
3718 293
3719 483
3720 72
3721 251
3722 216
3723 537
3724 1251
3725 1255
3726 381
3727 390
3728 2521
3729 72
3730 114
3731 1077
3732 895
3733 560
3734 2605
3735 81
3736 2475
3737 763
3738 1454
3739 85
3740 121
3741 2543
3742 86
3743 85
3744 849
3745 193
3746 921
3747 85
3748 634
3749 348
3750 1523
3751 87
3752 406
3753 1891
3754 117
3755 666
3756 418
3757 97
3758 3326
3759 99
3760 1068
3761 2361
3762 2814
3763 502
3764 99
3765 3051
3766 2917
3767 194
3768 115
3769 3173
3770 1555
3771 2553
3772 101
3773 101
3774 102
3775 2972
3776 3193
3777 104
3778 1187
3779 111
3780 113
3781 113
3782 370
3783 245
3784 1648
3785 1677
3786 123
3787 124
3788 203
3789 126
3790 335
3791 127
3792 1798
3793 695
3794 3296
3795 212
3796 3018
3797 355
3798 128
3799 2409
3800 379
3801 598
3802 935
3803 1505
3804 1248
3805 664
3806 1626
3807 2074
3808 2120
3809 131
3810 131
3811 690
3812 135
3813 135
3814 135
3815 3248
3816 676
3817 347
3818 137
3819 137
3820 137
3821 2109
3822 2245
3823 137
3824 137
3825 823
3826 138
3827 2440
3828 1175
3829 1668
3830 300
3831 2673
3832 143
3833 371
3834 606
3835 1093
3836 147
3837 2236
3838 1323
3839 2433
3840 198
3841 154
3842 160
3843 1294
3844 162
3845 359
3846 1386
3847 981
3848 306
3849 3099
3850 524
3851 632
3852 2164
3853 938
3854 165
3855 1086
3856 568
3857 166
3858 167
3859 168
3860 3152
3861 3071
3862 604
3863 450
3864 2762
3865 1689
3866 581
3867 1290
3868 3161
3869 171
3870 1345
3871 2133
3872 456
3873 173
3874 174
3875 952
3876 177
3877 2921
3878 1944
3879 3394
3880 177
3881 2212
3882 2820
3883 2066
3884 383
3885 178
3886 213
3887 1207
3888 178
3889 178
3890 1267
3891 472
3892 179
3893 2447
3894 1138
3895 1008
3896 2496
3897 179
3898 945
3899 179
3900 3358
3901 1635
3902 181
3903 2238
3904 181
3905 3154
3906 681
3907 1814
3908 186
3909 2581
3910 735
3911 181
3912 2278
3913 864
3914 2675
3915 181
3916 675
3917 832
3918 181
3919 610
3920 497
3921 1540
3922 2499
3923 2758
3924 2767
3925 1289
3926 1702
3927 574
3928 264
3929 2032
3930 3163
3931 1439
3932 181
3933 1192
3934 1105
3935 954
3936 3190
3937 181
3938 2251
3939 820
3940 2157
3941 181
3942 3275
3943 181
3944 181
3945 816
3946 2998
3947 181
3948 220
3949 357
3950 181
3951 720
3952 726
3953 2887
3954 941
3955 808
3956 181
3957 1634
3958 181
3959 857
3960 1270
3961 181
3962 181
3963 2343
3964 1019
3965 393
3966 185
3967 1225
3968 296
3969 2564
3970 192
3971 663
3972 1732
3973 2997
3974 201
3975 1166
3976 195
3977 731
3978 1534
3979 831
3980 195
3981 1186
3982 195
3983 196
3984 1179
3985 416
3986 250
3987 196
3988 2946
3989 2955
3990 1794
3991 1998
3992 202
3993 2818
3994 491
3995 2912
3996 2030
3997 637
3998 1691
3999 205
4000 1092
4001 2042
4002 3261
4003 1755
4004 936
4005 3030
4006 1544
4007 212
4008 1718
4009 2129
4010 1137
4011 213
4012 1036
4013 529
4014 2430
4015 1987
4016 2256
4017 3251
4018 1993
4019 3100
4020 218
4021 670
4022 2945
4023 1726
4024 2585
4025 806
4026 220
4027 220
4028 791
4029 2920
4030 2908
4031 1012
4032 304
4033 854
4034 1493
4035 224
4036 430
4037 1580
4038 225
4039 585
4040 3149
4041 1054
4042 2043
4043 1916
4044 2759
4045 984
4046 1391
4047 1023
4048 2240
4049 235
4050 1850
4051 593
4052 235
4053 235
4054 464
4055 1090
4056 237
4057 521
4058 270
4059 237
4060 601
4061 2515
4062 307
4063 237
4064 846
4065 571
4066 237
4067 2396
4068 1858
4069 3179
4070 2742
4071 394
4072 2985
4073 1208
4074 1940
4075 1579
4076 260
4077 260
4078 2511
4079 1981
4080 262
4081 1996
4082 265
4083 2653
4084 1717
4085 1257
4086 271
4087 271
4088 274
4089 777
4090 2744
4091 283
4092 880
4093 283
4094 283
4095 1739
4096 287
4097 1904
4098 287
4099 980
4100 287
4101 2047
4102 1828
4103 2146
4104 290
4105 290
4106 290
4107 736
4108 3232
4109 322
4110 1512
4111 290
4112 2599
4113 290
4114 292
4115 292
4116 722
4117 294
4118 961
4119 2175
4120 550
4121 903
4122 2503
4123 2789
4124 1249
4125 989
4126 640
4127 2872
4128 2199
4129 779
4130 3212
4131 301
4132 301
4133 331
4134 1224
4135 967
4136 2805
4137 3081
4138 427
4139 3057
4140 1636
4141 733
4142 904
4143 1418
4144 309
4145 875
4146 312
4147 2106
4148 312
4149 360
4150 2104
4151 312
4152 3279
4153 2589
4154 1475
4155 468
4156 2096
4157 312
4158 312
4159 312
4160 3376
4161 315
4162 3069
4163 1961
4164 943
4165 463
4166 802
4167 316
4168 1412
4169 1865
4170 316
4171 2206
4172 1011
4173 316
4174 316
4175 554
4176 2058
4177 345
4178 316
4179 316
4180 316
4181 351
4182 316
4183 3204
4184 316
4185 2305
4186 3286
4187 2967
4188 1303
4189 577
4190 3077
4191 318
4192 2154
4193 321
4194 321
4195 721
4196 323
4197 612
4198 3155
4199 325
4200 2084
4201 911
4202 327
4203 327
4204 327
4205 1455
4206 475
4207 3270
4208 1963
4209 1567
4210 2296
4211 327
4212 414
4213 2005
4214 1170
4215 1786
4216 335
4217 2810
4218 1407
4219 335
4220 337
4221 994
4222 2417
4223 861
4224 1173
4225 386
4226 922
4227 2976
4228 2529
4229 2386
4230 338
4231 338
4232 1181
4233 338
4234 338
4235 436
4236 338
4237 1525
4238 338
4239 2211
4240 1688
4241 353
4242 338
4243 481
4244 339
4245 580
4246 1646
4247 340
4248 674
4249 1238
4250 341
4251 2223
4252 1861
4253 1906
4254 3389
4255 429
4256 344
4257 482
4258 349
4259 1592
4260 351
4261 419
4262 353
4263 353
4264 354
4265 2840
4266 354
4267 3111
4268 355
4269 1617
4270 355
4271 2329
4272 355
4273 609
4274 355
4275 355
4276 466
4277 971
4278 355
4279 355
4280 355
4281 355
4282 355
4283 659
4284 355
4285 458
4286 796
4287 355
4288 2441
4289 1759
4290 2817
4291 498
4292 535
4293 355
4294 355
4295 906
4296 355
4297 1970
4298 2119
4299 3012
4300 356
4301 1789
4302 358
4303 3328
4304 358
4305 1362
4306 358
4307 3080
4308 1501
4309 358
4310 358
4311 358
4312 2046
4313 2226
4314 358
4315 860
4316 359
4317 1742
4318 1282
4319 2880
4320 1141
4321 2306
4322 1237
4323 771
4324 1560
4325 477
4326 366
4327 928
4328 366
4329 2848
4330 564
4331 1062
4332 366
4333 366
4334 2073
4335 368
4336 1133
4337 2904
4338 2743
4339 399
4340 376
4341 2424
4342 516
4343 378
4344 2358
4345 2782
4346 1359
4347 380
4348 484
4349 381
4350 1805
4351 3263
4352 473
4353 1491
4354 552
4355 799
4356 590
4357 1510
4358 390
4359 2512
4360 1881
4361 391
4362 391
4363 1931
4364 3307
4365 391
4366 1064
4367 392
4368 393
4369 2524
4370 713
4371 394
4372 395
4373 1886
4374 397
4375 397
4376 401
4377 963
4378 1292
4379 403
4380 2660
4381 1853
4382 983
4383 405
4384 453
4385 408
4386 1823
4387 409
4388 409
4389 449
4390 410
4391 412
4392 412
4393 1410
4394 812
4395 3139
4396 1603
4397 2539
4398 2101
4399 2279
4400 2166
4401 418
4402 2565
4403 419
4404 1730
4405 419
4406 419
4407 2322
4408 877
4409 419
4410 3083
4411 419
4412 1032
4413 419
4414 1222
4415 420
4416 485
4417 422
4418 3063
4419 2664
4420 3306
4421 422
4422 1594
4423 422
4424 1492
4425 2331
4426 1347
4427 422
4428 425
4429 425
4430 2768
4431 2214
4432 1281
4433 1803
4434 474
4435 881
4436 425
4437 425
4438 425
4439 425
4440 425
4441 847
4442 425
4443 425
4444 3119
4445 2966
4446 425
4447 2418
4448 425
4449 425
4450 1670
4451 425
4452 425
4453 425
4454 834
4455 804
4456 790
4457 428
4458 920
4459 2610
4460 1072
4461 428
4462 3292
4463 432
4464 442
4465 436
4466 1628
4467 2463
4468 781
4469 1490
4470 440
4471 1293
4472 2745
4473 442
4474 442
4475 443
4476 1658
4477 1416
4478 883
4479 1428
4480 449
4481 449
4482 626
4483 1195
4484 1751
4485 454
4486 1070
4487 454
4488 2180
4489 1327
4490 454
4491 454
4492 454
4493 1502
4494 1716
4495 456
4496 456
4497 1271
4498 458
4499 844
4500 1713
4501 460
4502 2155
4503 784
4504 2686
4505 1581
4506 858
4507 1637
4508 466
4509 1946
4510 470
4511 3041
4512 619
4513 1695
4514 867
4515 538
4516 540
4517 474
4518 1172
4519 2399
4520 475
4521 477
4522 478
4523 1116
4524 479
4525 481
4526 1127
4527 481
4528 873
4529 481
4530 2351
4531 1985
4532 3168
4533 481
4534 481
4535 481
4536 1354
4537 481
4538 2755
4539 488
4540 541
4541 2698
4542 490
4543 519
4544 494
4545 1369
4546 1707
4547 507
4548 2980
4549 2802
4550 504
4551 1878
4552 504
4553 1034
4554 504
4555 3317
4556 504
4557 1652
4558 504
4559 1440
4560 2453
4561 2975
4562 2370
4563 1286
4564 2076
4565 603
4566 643
4567 1766
4568 504
4569 3391
4570 523
4571 504
4572 955
4573 504
4574 2302
4575 2725
4576 504
4577 1081
4578 508
4579 511
4580 732
4581 2353
4582 1368
4583 2020
4584 515
4585 515
4586 515
4587 2847
4588 2878
4589 1126
4590 2383
4591 519
4592 520
4593 3242
4594 2004
4595 524
4596 2574
4597 1710
4598 3367
4599 524
4600 2280
4601 2685
4602 524
4603 530
4604 2293
4605 608
4606 2466
4607 533
4608 2111
4609 534
4610 534
4611 1842
4612 537
4613 538
4614 2591
4615 829
4616 1051
4617 538
4618 1045
4619 839
4620 2355
4621 1884
4622 539
4623 539
4624 539
4625 539
4626 539
4627 539
4628 2969
4629 539
4630 830
4631 1210
4632 1088
4633 644
4634 1087
4635 2008
4636 546
4637 1371
4638 546
4639 1169
4640 2569
4641 546
4642 546
4643 787
4644 769
4645 1417
4646 546
4647 910
4648 1379
4649 549
4650 546
4651 2071
4652 2986
4653 1867
4654 549
4655 555
4656 556
4657 557
4658 1315
4659 1082
4660 776
4661 1206
4662 2866
4663 568
4664 568
4665 2676
4666 568
4667 2056
4668 579
4669 1800
4670 1022
4671 579
4672 579
4673 579
4674 795
4675 3055
4676 2339
4677 580
4678 580
4679 581
4680 1517
4681 977
4682 754
4683 1834
4684 1976
4685 588
4686 589
4687 589
4688 592
4689 598
4690 1903
4691 600
4692 1285
4693 2710
4694 3146
4695 1242
4696 2237
4697 3108
4698 3059
4699 600
4700 1451
4701 1521
4702 1653
4703 601
4704 2192
4705 601
4706 1875
4707 1631
4708 601
4709 682
4710 601
4711 601
4712 1219
4713 602
4714 1795
4715 604
4716 605
4717 3131
4718 1872
4719 609
4720 609
4721 1027
4722 818
4723 708
4724 1684
4725 609
4726 1274
4727 609
4728 609
4729 2064
4730 1165
4731 1841
4732 609
4733 1236
4734 1427
4735 2397
4736 2815
4737 1395
4738 618
4739 1453
4740 1164
4741 1661
4742 619
4743 619
4744 619
4745 896
4746 2243
4747 932
4748 619
4749 619
4750 1859
4751 3087
4752 1393
4753 619
4754 1539
4755 1050
4756 619
4757 1396
4758 619
4759 715
4760 2442
4761 1687
4762 620
4763 623
4764 950
4765 626
4766 1030
4767 629
4768 630
4769 633
4770 1669
4771 2318
4772 635
4773 1697
4774 3240
4775 3393
4776 1162
4777 2738
4778 636
4779 809
4780 2995
4781 2235
4782 1791
4783 3008
4784 1994
4785 2578
4786 3243
4787 647
4788 2332
4789 648
4790 1004
4791 905
4792 648
4793 1309
4794 648
4795 704
4796 649
4797 2813
4798 652
4799 2377
4800 652
4801 3073
4802 2727
4803 653
4804 1103
4805 654
4806 3360
4807 1741
4808 2890
4809 1935
4810 2312
4811 1860
4812 661
4813 662
4814 1102
4815 1297
4816 667
4817 667
4818 667
4819 667
4820 1272
4821 667
4822 2856
4823 1992
4824 1900
4825 670
4826 2262
4827 670
4828 671
4829 672
4830 673
4831 2151
4832 1191
4833 673
4834 673
4835 3022
4836 673
4837 801
4838 673
4839 673
4840 673
4841 673
4842 2658
4843 673
4844 673
4845 1147
4846 673
4847 2779
4848 1320
4849 673
4850 673
4851 673
4852 1905
4853 673
4854 1846
4855 894
4856 2070
4857 2072
4858 2449
4859 673
4860 3135
4861 2699
4862 673
4863 2001
4864 673
4865 2570
4866 2376
4867 673
4868 673
4869 2473
4870 673
4871 673
4872 1402
4873 840
4874 949
4875 673
4876 1310
4877 2757
4878 673
4879 674
4880 674
4881 675
4882 677
4883 679
4884 1389
4885 2181
4886 680
4887 680
4888 1349
4889 680
4890 2787
4891 1069
4892 1223
4893 682
4894 1633
4895 683
4896 2260
4897 914
4898 2026
4899 683
4900 1080
4901 1599
4902 683
4903 1513
4904 1383
4905 683
4906 1464
4907 683
4908 686
4909 2667
4910 1899
4911 686
4912 686
4913 2864
4914 686
4915 700
4916 1723
4917 687
4918 1353
4919 3185
4920 690
4921 690
4922 2242
4923 691
4924 741
4925 691
4926 693
4927 693
4928 693
4929 2772
4930 1157
4931 695
4932 695
4933 1305
4934 2542
4935 1388
4936 727
4937 1866
4938 3319
4939 1812
4940 699
4941 699
4942 700
4943 1233
4944 1198
4945 2812
4946 702
4947 3079
4948 702
4949 1321
4950 703
4951 1448
4952 703
4953 1783
4954 966
4955 2836
4956 707
4957 707
4958 707
4959 3160
4960 707
4961 707
4962 797
4963 1258
4964 825
4965 1743
4966 780
4967 707
4968 707
4969 707
4970 707
4971 707
4972 707
4973 707
4974 2747
4975 709
4976 709
4977 711
4978 798
4979 712
4980 937
4981 2443
4982 713
4983 976
4984 2182
4985 716
4986 716
4987 2480
4988 716
4989 716
4990 2003
4991 716
4992 716
4993 716
4994 1184
4995 716
4996 1728
4997 2941
4998 720
4999 2656
5000 1690
5001 725
5002 1892
5003 725
5004 725
5005 2019
5006 726
5007 726
5008 3244
5009 731
5010 731
5011 731
5012 731
5013 1629
5014 731
5015 2655
5016 734
5017 734
5018 3197
5019 1374
5020 1876
5021 738
5022 3273
5023 741
5024 1503
5025 2859
5026 746
5027 3104
5028 3370
5029 754
5030 2148
5031 3191
5032 3383
5033 1405
5034 755
5035 1425
5036 755
5037 930
5038 755
5039 1403
5040 755
5041 985
5042 755
5043 755
5044 755
5045 1796
5046 756
5047 756
5048 2654
5049 2077
5050 1551
5051 760
5052 866
5053 2923
5054 763
5055 763
5056 764
5057 764
5058 765
5059 2247
5060 766
5061 2068
5062 766
5063 766
5064 766
5065 817
5066 766
5067 2949
5068 766
5069 1002
5070 766
5071 1746
5072 766
5073 2054
5074 3381
5075 767
5076 767
5077 767
5078 1014
5079 772
5080 772
5081 1143
5082 774
5083 774
5084 776
5085 776
5086 776
5087 777
5088 777
5089 1156
5090 807
5091 815
5092 777
5093 777
5094 1013
5095 777
5096 778
5097 1984
5098 779
5099 3308
5100 779
5101 2187
5102 781
5103 1066
5104 781
5105 781
5106 1414
5107 784
5108 1159
5109 784
5110 784
5111 784
5112 2483
5113 1356
5114 784
5115 923
5116 1211
5117 924
5118 787
5119 789
5120 1496
5121 2337
5122 789
5123 2956
5124 789
5125 2594
5126 789
5127 2094
5128 789
5129 3056
5130 789
5131 789
5132 1485
5133 789
5134 2807
5135 791
5136 791
5137 792
5138 792
5139 792
5140 3259
5141 794
5142 794
5143 1074
5144 797
5145 2548
5146 1934
5147 2886
5148 801
5149 933
5150 802
5151 1333
5152 803
5153 3297
5154 1822
5155 805
5156 805
5157 2028
5158 2255
5159 807
5160 807
5161 2465
5162 2528
5163 814
5164 816
5165 1838
5166 816
5167 3239
5168 818
5169 820
5170 2650
5171 3102
5172 1153
5173 820
5174 820
5175 820
5176 3175
5177 823
5178 825
5179 826
5180 2571
5181 2394
5182 1874
5183 1721
5184 827
5185 827
5186 965
5187 827
5188 827
5189 1740
5190 1774
5191 1785
5192 829
5193 1711
5194 829
5195 829
5196 829
5197 1768
5198 3321
5199 832
5200 1154
5201 1734
5202 833
5203 835
5204 3229
5205 2319
5206 2646
5207 848
5208 2634
5209 848
5210 2964
5211 1028
5212 1672
5213 849
5214 851
5215 852
5216 852
5217 2131
5218 1825
5219 3167
5220 854
5221 2062
5222 859
5223 3274
5224 863
5225 1449
5226 867
5227 2680
5228 867
5229 868
5230 995
5231 871
5232 871
5233 991
5234 871
5235 1268
5236 3318
5237 874
5238 1923
5239 2508
5240 1343
5241 2369
5242 875
5243 1991
5244 875
5245 875
5246 2287
5247 2517
5248 3340
5249 877
5250 877
5251 1452
5252 878
5253 878
5254 3271
5255 1700
5256 3288
5257 1423
5258 880
5259 883
5260 883
5261 1063
5262 883
5263 883
5264 918
5265 884
5266 885
5267 2800
5268 886
5269 2717
5270 893
5271 907
5272 1811
5273 2143
5274 2613
5275 1100
5276 906
5277 1000
5278 906
5279 3120
5280 1114
5281 910
5282 2165
5283 910
5284 910
5285 910
5286 910
5287 1262
5288 912
5289 916
5290 916
5291 1624
5292 920
5293 920
5294 1442
5295 920
5296 3115
5297 920
5298 920
5299 2965
5300 1431
5301 921
5302 921
5303 2785
5304 927
5305 926
5306 927
5307 1554
5308 927
5309 927
5310 1458
5311 927
5312 1664
5313 927
5314 929
5315 933
5316 934
5317 1602
5318 934
5319 935
5320 935
5321 935
5322 3215
5323 940
5324 2452
5325 2289
5326 940
5327 2299
5328 940
5329 940
5330 2706
5331 940
5332 941
5333 1260
5334 1199
5335 1298
5336 1885
5337 941
5338 941
5339 941
5340 2615
5341 1283
5342 2795
5343 941
5344 3184
5345 2362
5346 944
5347 1596
5348 946
5349 946
5350 946
5351 948
5352 948
5353 1880
5354 3157
5355 2845
5356 953
5357 1340
5358 954
5359 2307
5360 2112
5361 1839
5362 955
5363 2619
5364 2349
5365 955
5366 955
5367 2723
5368 955
5369 955
5370 1898
5371 1106
5372 3351
5373 955
5374 955
5375 2659
5376 1060
5377 2313
5378 955
5379 957
5380 958
5381 958
5382 1300
5383 2981
5384 964
5385 965
5386 965
5387 1261
5388 965
5389 2739
5390 965
5391 965
5392 965
5393 2014
5394 3002
5395 966
5396 2200
5397 970
5398 970
5399 2736
5400 1284
5401 972
5402 974
5403 1220
5404 974
5405 974
5406 977
5407 977
5408 977
5409 980
5410 3070
5411 3299
5412 980
5413 1322
5414 1144
5415 1526
5416 2275
5417 1366
5418 2681
5419 982
5420 982
5421 3380
5422 1059
5423 1377
5424 982
5425 982
5426 982
5427 982
5428 983
5429 984
5430 2526
5431 1140
5432 1738
5433 1467
5434 987
5435 1145
5436 2760
5437 2523
5438 989
5439 989
5440 989
5441 989
5442 1694
5443 2266
5444 989
5445 2389
5446 1010
5447 989
5448 989
5449 1559
5450 2748
5451 989
5452 3347
5453 2674
5454 989
5455 2775
5456 2142
5457 1123
5458 990
5459 990
5460 1752
5461 990
5462 990
5463 2141
5464 2751
5465 990
5466 1854
5467 990
5468 990
5469 2963
5470 1588
5471 991
5472 3036
5473 997
5474 2641
5475 1546
5476 2663
5477 1437
5478 992
5479 992
5480 1363
5481 992
5482 1277
5483 992
5484 2959
5485 994
5486 3260
5487 997
5488 997
5489 1155
5490 2713
5491 1975
5492 997
5493 1943
5494 2537
5495 1007
5496 1008
5497 3039
5498 1010
5499 1010
5500 1010
5501 1010
5502 1011
5503 1012
5504 3206
5505 3117
5506 2668
5507 1012
5508 1012
5509 1012
5510 1012
5511 1012
5512 1012
5513 3098
5514 1265
5515 2855
5516 2246
5517 1280
5518 3075
5519 1020
5520 2138
5521 1021
5522 1021
5523 2693
5524 1450
5525 2234
5526 1022
5527 1025
5528 1027
5529 1030
5530 1031
5531 1031
5532 1031
5533 1031
5534 2209
5535 1031
5536 1031
5537 1031
5538 1737
5539 1031
5540 2170
5541 3021
5542 1031
5543 1031
5544 1032
5545 1032
5546 3023
5547 1784
5548 1107
5549 1754
5550 1699
5551 1034
5552 1037
5553 2603
5554 1227
5555 2217
5556 1037
5557 2558
5558 3256
5559 1189
5560 1041
5561 1041
5562 1041
5563 3158
5564 1705
5565 1043
5566 1336
5567 2651
5568 1043
5569 2652
5570 1043
5571 2683
5572 1043
5573 1443
5574 1075
5575 1472
5576 2700
5577 1043
5578 1044
5579 1046
5580 1046
5581 1046
5582 1365
5583 1348
5584 1046
5585 1046
5586 1444
5587 1570
5588 3082
5589 1051
5590 1051
5591 1052
5592 1053
5593 1053
5594 1056
5595 1056
5596 1056
5597 1056
5598 2048
5599 1064
5600 1065
5601 1065
5602 1296
5603 1065
5604 2089
5605 2341
5606 1068
5607 1068
5608 1069
5609 1070
5610 1070
5611 3311
5612 1072
5613 1072
5614 2937
5615 1074
5616 1075
5617 1076
5618 2811
5619 1076
5620 1076
5621 1656
5622 1939
5623 1077
5624 1077
5625 2550
5626 1394
5627 1077
5628 1077
5629 1421
5630 1506
5631 1234
5632 1080
5633 1080
5634 1080
5635 1080
5636 1080
5637 1082
5638 1083
5639 3017
5640 1083
5641 1084
5642 1086
5643 1209
5644 2687
5645 1087
5646 1088
5647 2218
5648 2233
5649 1089
5650 1089
5651 1090
5652 1090
5653 1821
5654 2437
5655 1370
5656 1091
5657 1092
5658 1092
5659 1092
5660 3048
5661 1092
5662 1092
5663 2590
5664 2118
5665 3315
5666 1092
5667 2044
5668 2494
5669 1585
5670 1095
5671 1332
5672 1096
5673 1098
5674 1098
5675 1098
5676 1528
5677 1098
5678 3072
5679 1098
5680 1098
5681 1098
5682 3327
5683 2769
5684 1545
5685 1527
5686 1099
5687 1099
5688 1680
5689 1820
5690 1778
5691 1108
5692 1108
5693 1108
5694 1109
5695 1109
5696 2196
5697 2936
5698 1109
5699 1110
5700 1110
5701 1111
5702 1112
5703 1735
5704 1112
5705 1112
5706 3237
5707 1113
5708 2023
5709 1114
5710 1852
5711 1119
5712 3205
5713 3127
5714 2642
5715 1121
5716 1429
5717 1122
5718 2973
5719 1123
5720 1124
5721 1124
5722 1127
5723 1127
5724 2906
5725 1127
5726 1831
5727 1918
5728 3042
5729 1130
5730 1130
5731 1130
5732 3088
5733 2582
5734 1132
5735 1171
5736 1133
5737 1135
5738 1136
5739 1762
5740 1138
5741 1138
5742 1138
5743 1486
5744 1138
5745 2427
5746 1873
5747 2938
5748 1141
5749 1201
5750 1143
5751 1143
5752 1148
5753 1148
5754 2267
5755 1150
5756 1150
5757 1150
5758 2086
5759 3176
5760 1159
5761 1159
5762 1166
5763 1166
5764 1166
5765 3355
5766 1764
5767 1166
5768 2602
5769 1166
5770 2388
5771 1166
5772 1760
5773 1169
5774 1169
5775 1169
5776 2614
5777 1171
5778 2328
5779 1173
5780 1173
5781 1972
5782 1888
5783 3137
5784 1176
5785 1176
5786 1799
5787 1246
5788 1176
5789 3128
5790 1696
5791 1214
5792 1176
5793 1176
5794 1176
5795 1614
5796 1530
5797 3162
5798 1179
5799 1184
5800 1186
5801 1186
5802 1921
5803 1186
5804 1186
5805 1482
5806 1186
5807 1378
5808 1190
5809 1810
5810 1195
5811 1195
5812 1195
5813 1979
5814 2252
5815 1487
5816 1765
5817 1206
5818 1498
5819 1206
5820 1206
5821 1206
5822 1206
5823 1206
5824 1206
5825 3195
5826 1206
5827 1890
5828 1516
5829 3141
5830 1326
5831 1212
5832 1863
5833 2387
5834 2439
5835 1676
5836 2828
5837 1216
5838 1216
5839 1219
5840 1279
5841 1221
5842 2721
5843 3257
5844 1227
5845 1727
5846 1228
5847 1228
5848 1230
5849 2432
5850 1232
5851 1232
5852 2425
5853 1232
5854 1232
5855 1232
5856 1235
5857 1235
5858 2194
5859 1809
5860 1240
5861 3277
5862 3003
5863 1240
5864 1240
5865 1692
5866 1240
5867 1909
5868 1241
5869 1302
5870 2961
5871 1243
5872 1244
5873 1247
5874 1663
5875 2300
5876 1247
5877 2059
5878 2911
5879 1247
5880 1430
5881 1248
5882 2277
5883 2541
5884 1249
5885 1565
5886 1251
5887 3040
5888 1252
5889 3336
5890 1254
5891 1253
5892 2407
5893 1253
5894 1253
5895 1651
5896 2041
5897 1258
5898 1258
5899 1926
5900 1259
5901 1259
5902 3065
5903 1260
5904 1260
5905 2902
5906 1260
5907 1261
5908 1261
5909 2530
5910 3105
5911 1261
5912 2829
5913 1529
5914 2285
5915 1263
5916 1264
5917 1264
5918 1264
5919 2794
5920 1264
5921 1267
5922 1267
5923 1269
5924 1271
5925 1959
5926 1271
5927 1271
5928 1318
5929 1272
5930 1272
5931 1415
5932 1277
5933 1977
5934 3110
5935 1277
5936 2852
5937 1277
5938 1279
5939 1280
5940 1282
5941 2729
5942 1284
5943 1284
5944 1553
5945 1285
5946 1447
5947 1285
5948 1463
5949 1286
5950 1287
5951 1287
5952 1382
5953 1287
5954 1287
5955 1287
5956 2662
5957 1287
5958 1287
5959 1922
5960 1287
5961 1489
5962 1586
5963 2804
5964 3174
5965 3132
5966 1287
5967 1287
5968 1549
5969 1287
5970 2334
5971 1287
5972 1287
5973 1522
5974 1287
5975 2276
5976 1287
5977 1287
5978 1287
5979 1287
5980 1287
5981 1287
5982 2021
5983 1287
5984 1287
5985 1287
5986 1287
5987 1287
5988 1950
5989 2139
5990 1287
5991 1287
5992 1287
5993 1287
5994 1287
5995 1287
5996 1287
5997 1287
5998 2191
5999 3283
6000 3316
6001 1287
6002 1287
6003 1287
6004 2766
6005 1287
6006 2604
6007 1287
6008 1360
6009 1387
6010 3377
6011 1287
6012 1574
6013 2781
6014 1287
6015 2149
6016 2083
6017 1287
6018 2130
6019 1287
6020 1287
6021 1857
6022 1287
6023 2935
6024 1287
6025 1287
6026 1287
6027 1287
6028 1287
6029 1673
6030 1767
6031 1287
6032 1287
6033 1657
6034 1287
6035 1288
6036 1287
6037 1287
6038 2415
6039 1287
6040 1287
6041 1287
6042 1287
6043 2749
6044 2958
6045 1287
6046 1287
6047 1287
6048 1287
6049 1287
6050 1287
6051 1287
6052 2167
6053 1287
6054 1287
6055 1291
6056 2694
6057 2010
6058 1287
6059 1287
6060 1287
6061 1287
6062 2333
6063 1287
6064 1287
6065 1287
6066 1287
6067 2621
6068 2868
6069 1287
6070 2819
6071 1287
6072 2171
6073 1287
6074 2342
6075 1287
6076 1287
6077 1287
6078 1287
6079 2657
6080 2451
6081 1497
6082 2825
6083 1287
6084 1967
6085 1287
6086 2188
6087 1287
6088 3364
6089 2350
6090 2190
6091 2803
6092 1714
6093 1287
6094 1287
6095 1287
6096 1287
6097 1804
6098 1287
6099 1520
6100 1674
6101 3047
6102 1287
6103 2309
6104 1575
6105 1287
6106 1287
6107 2344
6108 3371
6109 1287
6110 1346
6111 1287
6112 1287
6113 1287
6114 1422
6115 2993
6116 1869
6117 1287
6118 1748
6119 2647
6120 2869
6121 1287
6122 1287
6123 1287
6124 1287
6125 1459
6126 1287
6127 1552
6128 1287
6129 1287
6130 2232
6131 1287
6132 1287
6133 1288
6134 1289
6135 1290
6136 2248
6137 2632
6138 1303
6139 1304
6140 2345
6141 1306
6142 1801
6143 1308
6144 1318
6145 1318
6146 1319
6147 1319
6148 2404
6149 1321
6150 1322
6151 1324
6152 1324
6153 1324
6154 1465
6155 1330
6156 1330
6157 3378
6158 1330
6159 1330
6160 1330
6161 1330
6162 1330
6163 1330
6164 1330
6165 1330
6166 1641
6167 1330
6168 1330
6169 1330
6170 1330
6171 1956
6172 2588
6173 1330
6174 1380
6175 3123
6176 1332
6177 2518
6178 1332
6179 1336
6180 1336
6181 2229
6182 1338
6183 2380
6184 1338
6185 1340
6186 3182
6187 1343
6188 1343
6189 1344
6190 1345
6191 2477
6192 1345
6193 1537
6194 1345
6195 1347
6196 1348
6197 1349
6198 1350
6199 1350
6200 1350
6201 2882
6202 2630
6203 1352
6204 1352
6205 1665
6206 1352
6207 3249
6208 1354
6209 1354
6210 1355
6211 2456
6212 2579
6213 3209
6214 1359
6215 1359
6216 1359
6217 1359
6218 1390
6219 1359
6220 1359
6221 1855
6222 2977
6223 2987
6224 1360
6225 1360
6226 1360
6227 3363
6228 1360
6229 1360
6230 1360
6231 1360
6232 1360
6233 1360
6234 1360
6235 1360
6236 1360
6237 3233
6238 2600
6239 2561
6240 1457
6241 1360
6242 1360
6243 1360
6244 1360
6245 1361
6246 1780
6247 1361
6248 1361
6249 1833
6250 1361
6251 1361
6252 1361
6253 1362
6254 1369
6255 1369
6256 1369
6257 2476
6258 1370
6259 1372
6260 2461
6261 1377
6262 3198
6263 1377
6264 1983
6265 2310
6266 1378
6267 1378
6268 1380
6269 1380
6270 1763
6271 1381
6272 1381
6273 2125
6274 2816
6275 1381
6276 1381
6277 1381
6278 1381
6279 1381
6280 1381
6281 1515
6282 3329
6283 1381
6284 2039
6285 1776
6286 1381
6287 1382
6288 2239
6289 1388
6290 1388
6291 1388
6292 1388
6293 1390
6294 2024
6295 3004
6296 1781
6297 1408
6298 1930
6299 1395
6300 1395
6301 1395
6302 1395
6303 1395
6304 2874
6305 1395
6306 1395
6307 1398
6308 1399
6309 1753
6310 1399
6311 1406
6312 1399
6313 1399
6314 1399
6315 1400
6316 1438
6317 1401
6318 1610
6319 2556
6320 3143
6321 1406
6322 1630
6323 1412
6324 1414
6325 1414
6326 1414
6327 2545
6328 2284
6329 1415
6330 1675
6331 1415
6332 2851
6333 1420
6334 1422
6335 1951
6336 1422
6337 1422
6338 1423
6339 2438
6340 1427
6341 1427
6342 1427
6343 1427
6344 1427
6345 1877
6346 2336
6347 1435
6348 1435
6349 1435
6350 1511
6351 1436
6352 2783
6353 2393
6354 2402
6355 1439
6356 1440
6357 1442
6358 1447
6359 3194
6360 1978
6361 2290
6362 1449
6363 1449
6364 1449
6365 1449
6366 1449
6367 1479
6368 1999
6369 1452
6370 1452
6371 2455
6372 1715
6373 1454
6374 2027
6375 1620
6376 2220
6377 1901
6378 1541
6379 1460
6380 3387
6381 2364
6382 1462
6383 1462
6384 2317
6385 1467
6386 2492
6387 3085
6388 1469
6389 1474
6390 1889
6391 2013
6392 1475
6393 2363
6394 1475
6395 1477
6396 1478
6397 1478
6398 1598
6399 1478
6400 1480
6401 1480
6402 2269
6403 1488
6404 1485
6405 1485
6406 1485
6407 1485
6408 1485
6409 1485
6410 1638
6411 1487
6412 1490
6413 1490
6414 1490
6415 1490
6416 2385
6417 1494
6418 2875
6419 1494
6420 1494
6421 1495
6422 1495
6423 1495
6424 1495
6425 1495
6426 1495
6427 1495
6428 1495
6429 1495
6430 1622
6431 1736
6432 2346
6433 1495
6434 1495
6435 2895
6436 1495
6437 1495
6438 1495
6439 1495
6440 1495
6441 1496
6442 3302
6443 1499
6444 1679
6445 1500
6446 3217
6447 1503
6448 2436
6449 1504
6450 1504
6451 2931
6452 1506
6453 1506
6454 3211
6455 1506
6456 1508
6457 1508
6458 2126
6459 2507
6460 2000
6461 2498
6462 2294
6463 1515
6464 1517
6465 1517
6466 1518
6467 1518
6468 1518
6469 2371
6470 1703
6471 1520
6472 1521
6473 2606
6474 1779
6475 2962
6476 2303
6477 1526
6478 2858
6479 1571
6480 2100
6481 1526
6482 1527
6483 3368
6484 1527
6485 2015
6486 1527
6487 1527
6488 2942
6489 1527
6490 1527
6491 1527
6492 1527
6493 1527
6494 1527
6495 1908
6496 1527
6497 1527
6498 2889
6499 3094
6500 1527
6501 1527
6502 1577
6503 1527
6504 1527
6505 1527
6506 1527
6507 2326
6508 1529
6509 2228
6510 2128
6511 1532
6512 1532
6513 1685
6514 1533
6515 1534
6516 1534
6517 1893
6518 1607
6519 1535
6520 1536
6521 1537
6522 1537
6523 1538
6524 1538
6525 1538
6526 1541
6527 1543
6528 2916
6529 2160
6530 1546
6531 1546
6532 1649
6533 1546
6534 1667
6535 1549
6536 1549
6537 1549
6538 1550
6539 1550
6540 1552
6541 1552
6542 1552
6543 1552
6544 1552
6545 1552
6546 1552
6547 1552
6548 1552
6549 1587
6550 1553
6551 1554
6552 2458
6553 1555
6554 1756
6555 1555
6556 1555
6557 2031
6558 1558
6559 1561
6560 1562
6561 2734
6562 2666
6563 1564
6564 1565
6565 2731
6566 1570
6567 1570
6568 1570
6569 2097
6570 2253
6571 2298
6572 1570
6573 1747
6574 1818
6575 1571
6576 1790
6577 1573
6578 1573
6579 1605
6580 1577
6581 2940
6582 1582
6583 1582
6584 1582
6585 1583
6586 1583
6587 1583
6588 1583
6589 2193
6590 2763
6591 1583
6592 1583
6593 1583
6594 1583
6595 3278
6596 1585
6597 1586
6598 2821
6599 3325
6600 1586
6601 1586
6602 1844
6603 1586
6604 1588
6605 1589
6606 1593
6607 1594
6608 3323
6609 1594
6610 2040
6611 1596
6612 1596
6613 1596
6614 1600
6615 1602
6616 1708
6617 1602
6618 2628
6619 1604
6620 1604
6621 1604
6622 1605
6623 1606
6624 1607
6625 1607
6626 1607
6627 2788
6628 1613
6629 1616
6630 2335
6631 1617
6632 2877
6633 1617
6634 1617
6635 1617
6636 1617
6637 2830
6638 1617
6639 1832
6640 1617
6641 1617
6642 1621
6643 1622
6644 1622
6645 1623
6646 1722
6647 2468
6648 1623
6649 2637
6650 1623
6651 2595
6652 1624
6653 1624
6654 2607
6655 2308
6656 1628
6657 1628
6658 1628
6659 2304
6660 3122
6661 1629
6662 2896
6663 1719
6664 1868
6665 1629
6666 1629
6667 1629
6668 1629
6669 2586
6670 1631
6671 1634
6672 1947
6673 1639
6674 1639
6675 1641
6676 1641
6677 1641
6678 3169
6679 1641
6680 3189
6681 1641
6682 1641
6683 1641
6684 1645
6685 1645
6686 2764
6687 3180
6688 1645
6689 1826
6690 1645
6691 1646
6692 2505
6693 1646
6694 1646
6695 1646
6696 1646
6697 1648
6698 1650
6699 1650
6700 2879
6701 1650
6702 1650
6703 1650
6704 1650
6705 1650
6706 1650
6707 1772
6708 2213
6709 2340
6710 2195
6711 2577
6712 2081
6713 2395
6714 1658
6715 1658
6716 3186
6717 1660
6718 1660
6719 1660
6720 1660
6721 1660
6722 1661
6723 1662
6724 1664
6725 1664
6726 2017
6727 2988
6728 1665
6729 1665
6730 2786
6731 1666
6732 1671
6733 1671
6734 1672
6735 1672
6736 1672
6737 1672
6738 2519
6739 1674
6740 1675
6741 2900
6742 3164
6743 1675
6744 1676
6745 1704
6746 1676
6747 2538
6748 1676
6749 2373
6750 1676
6751 1927
6752 2435
6753 1919
6754 2478
6755 1676
6756 1676
6757 1676
6758 1677
6759 1677
6760 1681
6761 3253
6762 1684
6763 1685
6764 1720
6765 2205
6766 1685
6767 1686
6768 1686
6769 2649
6770 1686
6771 1686
6772 1686
6773 1687
6774 2219
6775 1688
6776 2368
6777 2484
6778 1690
6779 2953
6780 2933
6781 1691
6782 1691
6783 1692
6784 1692
6785 2753
6786 2408
6787 1694
6788 1695
6789 3254
6790 1696
6791 2516
6792 2274
6793 1696
6794 1696
6795 1696
6796 1696
6797 2121
6798 1696
6799 1696
6800 1894
6801 1696
6802 1696
6803 1696
6804 1696
6805 1696
6806 1696
6807 2765
6808 1696
6809 1696
6810 1696
6811 1696
6812 1696
6813 1696
6814 1697
6815 1697
6816 1697
6817 1698
6818 2746
6819 1700
6820 1989
6821 1703
6822 1703
6823 2907
6824 2264
6825 1724
6826 2576
6827 1710
6828 1711
6829 2580
6830 1712
6831 1712
6832 1712
6833 3091
6834 1714
6835 1714
6836 3349
6837 1714
6838 1717
6839 1717
6840 1717
6841 1717
6842 2835
6843 1717
6844 1717
6845 1719
6846 1719
6847 2445
6848 1720
6849 1724
6850 2728
6851 1724
6852 1724
6853 1724
6854 2984
6855 1727
6856 1730
6857 1730
6858 2241
6859 2410
6860 1733
6861 1733
6862 2069
6863 1736
6864 1736
6865 1736
6866 1739
6867 1741
6868 1741
6869 1745
6870 1745
6871 1745
6872 1745
6873 3045
6874 1746
6875 1748
6876 1752
6877 2489
6878 1753
6879 1753
6880 1753
6881 1753
6882 1753
6883 1753
6884 2562
6885 1753
6886 2079
6887 1756
6888 2036
6889 1760
6890 1761
6891 1762
6892 1765
6893 1774
6894 1775
6895 1776
6896 1778
6897 1780
6898 1781
6899 1781
6900 2533
6901 1781
6902 1781
6903 1782
6904 1785
6905 1787
6906 1787
6907 1788
6908 2374
6909 1790
6910 2737
6911 1790
6912 1790
6913 1790
6914 2501
6915 2892
6916 1793
6917 1793
6918 1795
6919 3332
6920 1796
6921 1796
6922 1797
6923 1797
6924 1799
6925 2853
6926 1801
6927 2873
6928 1802
6929 1804
6930 1817
6931 2891
6932 1804
6933 1804
6934 1804
6935 1804
6936 1805
6937 1810
6938 3106
6939 1812
6940 1812
6941 2971
6942 1817
6943 2531
6944 1819
6945 1819
6946 1819
6947 1819
6948 1819
6949 1819
6950 1819
6951 1819
6952 2357
6953 1819
6954 1823
6955 1823
6956 1824
6957 2834
6958 1824
6959 1824
6960 1824
6961 1824
6962 3379
6963 1824
6964 1824
6965 1824
6966 1824
6967 1824
6968 1824
6969 1824
6970 1824
6971 1824
6972 1824
6973 1824
6974 2540
6975 1824
6976 1824
6977 1824
6978 3385
6979 1827
6980 2103
6981 3054
6982 1827
6983 2996
6984 2733
6985 1828
6986 1828
6987 1829
6988 1829
6989 1829
6990 1829
6991 1829
6992 1829
6993 1829
6994 1830
6995 1835
6996 1835
6997 1835
6998 1835
6999 1835
7000 1835
7001 3219
7002 2216
7003 1838
7004 1840
7005 1842
7006 1842
7007 3138
7008 3312
7009 1842
7010 1842
7011 1842
7012 2034
7013 1845
7014 1845
7015 2598
7016 1845
7017 2051
7018 1870
7019 3213
7020 1845
7021 1846
7022 2566
7023 1848
7024 1848
7025 1848
7026 1848
7027 2552
7028 1850
7029 1856
7030 2626
7031 1861
7032 2197
7033 3348
7034 1861
7035 1861
7036 1862
7037 1862
7038 1863
7039 3078
7040 1864
7041 3187
7042 3241
7043 1865
7044 2288
7045 2974
7046 3016
7047 1873
7048 1874
7049 1874
7050 1874
7051 1874
7052 1874
7053 1874
7054 2144
7055 2037
7056 3050
7057 1874
7058 1874
7059 2951
7060 2414
7061 3192
7062 1876
7063 1876
7064 2272
7065 1954
7066 1876
7067 1876
7068 1876
7069 1876
7070 1876
7071 1876
7072 1878
7073 2583
7074 1880
7075 1882
7076 1883
7077 2770
7078 1883
7079 1885
7080 1885
7081 1885
7082 1885
7083 1885
7084 1886
7085 1887
7086 2416
7087 1887
7088 1890
7089 1890
7090 2592
7091 1890
7092 1890
7093 3252
7094 1891
7095 2885
7096 1893
7097 2018
7098 2682
7099 1971
7100 2016
7101 3009
7102 2384
7103 1896
7104 1896
7105 1896
7106 1896
7107 1896
7108 1896
7109 1969
7110 1896
7111 1896
7112 2948
7113 1896
7114 2532
7115 2327
7116 1896
7117 2584
7118 1900
7119 1903
7120 1903
7121 1903
7122 2704
7123 1903
7124 2509
7125 1903
7126 1903
7127 1937
7128 1903
7129 1903
7130 1903
7131 1903
7132 2797
7133 1903
7134 1903
7135 3354
7136 2497
7137 1903
7138 1903
7139 1903
7140 1915
7141 1903
7142 2506
7143 1903
7144 1903
7145 1903
7146 1904
7147 1904
7148 2045
7149 1906
7150 3103
7151 1906
7152 1906
7153 2947
7154 1906
7155 1906
7156 2850
7157 1906
7158 1906
7159 1906
7160 1906
7161 1906
7162 3096
7163 2894
7164 1908
7165 1908
7166 1909
7167 1911
7168 3287
7169 1914
7170 1914
7171 1914
7172 1914
7173 1914
7174 1914
7175 1914
7176 1914
7177 1914
7178 1914
7179 1914
7180 1914
7181 1914
7182 1914
7183 1914
7184 1914
7185 2224
7186 1914
7187 1914
7188 1914
7189 1914
7190 1914
7191 1914
7192 1914
7193 1914
7194 1914
7195 1914
7196 1914
7197 2928
7198 1914
7199 1914
7200 1914
7201 3272
7202 1914
7203 1914
7204 2934
7205 3074
7206 1914
7207 1914
7208 1914
7209 1914
7210 2801
7211 1914
7212 1914
7213 1914
7214 1914
7215 1914
7216 1914
7217 2726
7218 1914
7219 1914
7220 2035
7221 1914
7222 2136
7223 1914
7224 1914
7225 1914
7226 1914
7227 1914
7228 1914
7229 1914
7230 2099
7231 1914
7232 1914
7233 1914
7234 1914
7235 1914
7236 1914
7237 2137
7238 1914
7239 2446
7240 1914
7241 1914
7242 1914
7243 1914
7244 1914
7245 2669
7246 1914
7247 1914
7248 1914
7249 1933
7250 1914
7251 1929
7252 1914
7253 2400
7254 1914
7255 1914
7256 2954
7257 1914
7258 1914
7259 2754
7260 1914
7261 1914
7262 2186
7263 1924
7264 1914
7265 1914
7266 1914
7267 1914
7268 2179
7269 1914
7270 2347
7271 1914
7272 1914
7273 2551
7274 3015
7275 3280
7276 2671
7277 1919
7278 1919
7279 1919
7280 1922
7281 2784
7282 3201
7283 1923
7284 1923
7285 1924
7286 1924
7287 1927
7288 2672
7289 1927
7290 1927
7291 1928
7292 2806
7293 1934
7294 1935
7295 3231
7296 1935
7297 1936
7298 1937
7299 1937
7300 1937
7301 1937
7302 1937
7303 3084
7304 1937
7305 2078
7306 1937
7307 1937
7308 1937
7309 1937
7310 1937
7311 1937
7312 1937
7313 2555
7314 1937
7315 1937
7316 2705
7317 1937
7318 2378
7319 1937
7320 1952
7321 1937
7322 1937
7323 3342
7324 1937
7325 2127
7326 1995
7327 1937
7328 1937
7329 2927
7330 1937
7331 1937
7332 3250
7333 2707
7334 1937
7335 1937
7336 1937
7337 2093
7338 1937
7339 1937
7340 2450
7341 2080
7342 1937
7343 3276
7344 1937
7345 1938
7346 1939
7347 2338
7348 1939
7349 2735
7350 1939
7351 1940
7352 1942
7353 2870
7354 1942
7355 1943
7356 1948
7357 1948
7358 1951
7359 3395
7360 1952
7361 2426
7362 1953
7363 1954
7364 1954
7365 1954
7366 1956
7367 2691
7368 2215
7369 1968
7370 1970
7371 1971
7372 2055
7373 1972
7374 1972
7375 2381
7376 1972
7377 3203
7378 1972
7379 2152
7380 1972
7381 2301
7382 2724
7383 1974
7384 1974
7385 1974
7386 2469
7387 1974
7388 1974
7389 1975
7390 2563
7391 1977
7392 1977
7393 2315
7394 1978
7395 1979
7396 1985
7397 2714
7398 1990
7399 1991
7400 1991
7401 2060
7402 1997
7403 1999
7404 1999
7405 2250
7406 2002
7407 2004
7408 2004
7409 3322
7410 2982
7411 2004
7412 2004
7413 2004
7414 2004
7415 2865
7416 2005
7417 2007
7418 2008
7419 2009
7420 2010
7421 2549
7422 2013
7423 2013
7424 2013
7425 2016
7426 2021
7427 2021
7428 2520
7429 2021
7430 2021
7431 2021
7432 2021
7433 2021
7434 3227
7435 2573
7436 2021
7437 2021
7438 2021
7439 2021
7440 2021
7441 2021
7442 2021
7443 2021
7444 2021
7445 2021
7446 2023
7447 2023
7448 2025
7449 2025
7450 2025
7451 2027
7452 2114
7453 2032
7454 2032
7455 2032
7456 2034
7457 2034
7458 2034
7459 2034
7460 2037
7461 2037
7462 2037
7463 2040
7464 2041
7465 2041
7466 2043
7467 2495
7468 2043
7469 2043
7470 2043
7471 2043
7472 2043
7473 3350
7474 2270
7475 2044
7476 2044
7477 2044
7478 2044
7479 2044
7480 2044
7481 2044
7482 2044
7483 2044
7484 2044
7485 2044
7486 2044
7487 2044
7488 2808
7489 2460
7490 2044
7491 2045
7492 2045
7493 2046
7494 2046
7495 2046
7496 2046
7497 3230
7498 2046
7499 2046
7500 2429
7501 2046
7502 3133
7503 2050
7504 2230
7505 2050
7506 2695
7507 2050
7508 2051
7509 3235
7510 3339
7511 2055
7512 2055
7513 2055
7514 2809
7515 2257
7516 2057
7517 2057
7518 2057
7519 2058
7520 2058
7521 2058
7522 2058
7523 2348
7524 2060
7525 2060
7526 2060
7527 2060
7528 2060
7529 2060
7530 2060
7531 2189
7532 2060
7533 2060
7534 2060
7535 2177
7536 2060
7537 2060
7538 2060
7539 2060
7540 2060
7541 2268
7542 2060
7543 2060
7544 2063
7545 2910
7546 2063
7547 2063
7548 2064
7549 2064
7550 2066
7551 2405
7552 2066
7553 2066
7554 2066
7555 2070
7556 2073
7557 2073
7558 2073
7559 2074
7560 2074
7561 2311
7562 2078
7563 2082
7564 2084
7565 2379
7566 2084
7567 2086
7568 2087
7569 2087
7570 2090
7571 2090
7572 2091
7573 2095
7574 3218
7575 2095
7576 2095
7577 2097
7578 2097
7579 3221
7580 2097
7581 2097
7582 2684
7583 2098
7584 2098
7585 2631
7586 2101
7587 2104
7588 2105
7589 2105
7590 2106
7591 2106
7592 3026
7593 2106
7594 3284
7595 2849
7596 2112
7597 2114
7598 2115
7599 2115
7600 2115
7601 2116
7602 2117
7603 2120
7604 2120
7605 2314
7606 2121
7607 2121
7608 2121
7609 2121
7610 2121
7611 2121
7612 2122
7613 2124
7614 2124
7615 2125
7616 2127
7617 2129
7618 2131
7619 2133
7620 2133
7621 2133
7622 3303
7623 2135
7624 2135
7625 2365
7626 3076
7627 2135
7628 2135
7629 2411
7630 2471
7631 2867
7632 2139
7633 2141
7634 2146
7635 2146
7636 2147
7637 2150
7638 2153
7639 2157
7640 2157
7641 2157
7642 2157
7643 2158
7644 2158
7645 2160
7646 2160
7647 2160
7648 2160
7649 2295
7650 2160
7651 2160
7652 2161
7653 2161
7654 2164
7655 2846
7656 3172
7657 2168
7658 2168
7659 2168
7660 2832
7661 2173
7662 2467
7663 2174
7664 2178
7665 2178
7666 2178
7667 2178
7668 2913
7669 2178
7670 2178
7671 2178
7672 3324
7673 2179
7674 2198
7675 2183
7676 2184
7677 2184
7678 2184
7679 2187
7680 2188
7681 2188
7682 3214
7683 3043
7684 2188
7685 2188
7686 2188
7687 2188
7688 2188
7689 2188
7690 2188
7691 2225
7692 2188
7693 2188
7694 2188
7695 2188
7696 2188
7697 2188
7698 2188
7699 2188
7700 2188
7701 2188
7702 2188
7703 2188
7704 2190
7705 3330
7706 2191
7707 2732
7708 2989
7709 2412
7710 2191
7711 2192
7712 2192
7713 2192
7714 2192
7715 2192
7716 2192
7717 2192
7718 2192
7719 2192
7720 2192
7721 2195
7722 2199
7723 2909
7724 2199
7725 2199
7726 2199
7727 2199
7728 2930
7729 2203
7730 2203
7731 2205
7732 3291
7733 2208
7734 2209
7735 2209
7736 2211
7737 2212
7738 2214
7739 2214
7740 3281
7741 2214
7742 2214
7743 2214
7744 2214
7745 2214
7746 2214
7747 3116
7748 2214
7749 2214
7750 2884
7751 3264
7752 3151
7753 2644
7754 3208
7755 2214
7756 2214
7757 2215
7758 2215
7759 2217
7760 2217
7761 2217
7762 2217
7763 2220
7764 2231
7765 2222
7766 2223
7767 2223
7768 2223
7769 2223
7770 2223
7771 2225
7772 3392
7773 2227
7774 2227
7775 2227
7776 3134
7777 2227
7778 2227
7779 2227
7780 2227
7781 2227
7782 2227
7783 2227
7784 2227
7785 2227
7786 2227
7787 2227
7788 2227
7789 2227
7790 2227
7791 2227
7792 2227
7793 2227
7794 3062
7795 2227
7796 2227
7797 2227
7798 2227
7799 2227
7800 2648
7801 2227
7802 2227
7803 2504
7804 3345
7805 2227
7806 2227
7807 2227
7808 2227
7809 2227
7810 3107
7811 2227
7812 2227
7813 2227
7814 2227
7815 2227
7816 2244
7817 2227
7818 2227
7819 2227
7820 2227
7821 2679
7822 2227
7823 2227
7824 2227
7825 2227
7826 2227
7827 2227
7828 2893
7829 2227
7830 2324
7831 3060
7832 2888
7833 2406
7834 2228
7835 2228
7836 2391
7837 2228
7838 2229
7839 2229
7840 2231
7841 2231
7842 2231
7843 2233
7844 3320
7845 2233
7846 2235
7847 2236
7848 2237
7849 2237
7850 2239
7851 2239
7852 2239
7853 2239
7854 2239
7855 2244
7856 2246
7857 2248
7858 2248
7859 2248
7860 2248
7861 2249
7862 3024
7863 2250
7864 2250
7865 2250
7866 2250
7867 2250
7868 2250
7869 2250
7870 2250
7871 2250
7872 2250
7873 2250
7874 2250
7875 2250
7876 2250
7877 2250
7878 3148
7879 2254
7880 2257
7881 3228
7882 2257
7883 2372
7884 3147
7885 2260
7886 2260
7887 2260
7888 2260
7889 2260
7890 2260
7891 2260
7892 2260
7893 2260
7894 2260
7895 2260
7896 2260
7897 2260
7898 2283
7899 2260
7900 2260
7901 2260
7902 2260
7903 2260
7904 2454
7905 2260
7906 2260
7907 2260
7908 2260
7909 2260
7910 2260
7911 2260
7912 2260
7913 2260
7914 2260
7915 3352
7916 2264
7917 2264
7918 2264
7919 2266
7920 2269
7921 2271
7922 2272
7923 2273
7924 2274
7925 2274
7926 2274
7927 2274
7928 3265
7929 2276
7930 2366
7931 2279
7932 2279
7933 2279
7934 2285
7935 3093
7936 2285
7937 2287
7938 2491
7939 2287
7940 2287
7941 2287
7942 2288
7943 2288
7944 2291
7945 2292
7946 2293
7947 2293
7948 2293
7949 2639
7950 2293
7951 2293
7952 2293
7953 2293
7954 2293
7955 2293
7956 2293
7957 2293
7958 2293
7959 2968
7960 2903
7961 2293
7962 2293
7963 2295
7964 3356
7965 2297
7966 2297
7967 2298
7968 2299
7969 2299
7970 2720
7971 2303
7972 2303
7973 2303
7974 2303
7975 2303
7976 2303
7977 2303
7978 2306
7979 2883
7980 2313
7981 2314
7982 2314
7983 2314
7984 2314
7985 2314
7986 2315
7987 2315
7988 2317
7989 2321
7990 2321
7991 2321
7992 2321
7993 2321
7994 2321
7995 2322
7996 2324
7997 2327
7998 2328
7999 2329
8000 2329
8001 2329
8002 2332
8003 2332
8004 2333
8005 2459
8006 2688
8007 2334
8008 2334
8009 2337
8010 2337
8011 2403
8012 2881
8013 2337
8014 3365
8015 2670
8016 2339
8017 2339
8018 2339
8019 2339
8020 2844
8021 2343
8022 2343
8023 2343
8024 2343
8025 2343
8026 2470
8027 2343
8028 2343
8029 2344
8030 2345
8031 2347
8032 2348
8033 2536
8034 2353
8035 2356
8036 2357
8037 3112
8038 2357
8039 2357
8040 2357
8041 2357
8042 2358
8043 2358
8044 2358
8045 2358
8046 2360
8047 2360
8048 2360
8049 2361
8050 2361
8051 2365
8052 2365
8053 3006
8054 2365
8055 2365
8056 2833
8057 3374
8058 2365
8059 2365
8060 2365
8061 2365
8062 2366
8063 2366
8064 2366
8065 2366
8066 2366
8067 2366
8068 2367
8069 2368
8070 2368
8071 2368
8072 2420
8073 2369
8074 2369
8075 2369
8076 2371
8077 2371
8078 2876
8079 2371
8080 2371
8081 2371
8082 2371
8083 2371
8084 2371
8085 2371
8086 2587
8087 2371
8088 2374
8089 2462
8090 2376
8091 2376
8092 2376
8093 2376
8094 2419
8095 2376
8096 2376
8097 2376
8098 2376
8099 2376
8100 2376
8101 2376
8102 2376
8103 2376
8104 2376
8105 2376
8106 2376
8107 2376
8108 2376
8109 2376
8110 2376
8111 2377
8112 2383
8113 2383
8114 2383
8115 2383
8116 2593
8117 2386
8118 2500
8119 2386
8120 2513
8121 2386
8122 3333
8123 2386
8124 2386
8125 2386
8126 2388
8127 2388
8128 2388
8129 2388
8130 2388
8131 2388
8132 2479
8133 2388
8134 2388
8135 2388
8136 2388
8137 2388
8138 2388
8139 2486
8140 2391
8141 2391
8142 2391
8143 2392
8144 2392
8145 2392
8146 2392
8147 2392
8148 2392
8149 2392
8150 2392
8151 2392
8152 2393
8153 2393
8154 2393
8155 2393
8156 2393
8157 3300
8158 2393
8159 2399
8160 2399
8161 3046
8162 2400
8163 2400
8164 2400
8165 2403
8166 2403
8167 2403
8168 2403
8169 2403
8170 2405
8171 3028
8172 2406
8173 2406
8174 2406
8175 2559
8176 2406
8177 2502
8178 2407
8179 2410
8180 3118
8181 2413
8182 2413
8183 2413
8184 2413
8185 2413
8186 2413
8187 2413
8188 3353
8189 2413
8190 2413
8191 2413
8192 2413
8193 2414
8194 2414
8195 2414
8196 2414
8197 2414
8198 2861
8199 3035
8200 2414
8201 2414
8202 2414
8203 2414
8204 2777
8205 2415
8206 2415
8207 2415
8208 2415
8209 2415
8210 2415
8211 2415
8212 2415
8213 2417
8214 2417
8215 2715
8216 3269
8217 2854
8218 2423
8219 2426
8220 2432
8221 2432
8222 2436
8223 2436
8224 2439
8225 2439
8226 2439
8227 2440
8228 2440
8229 2440
8230 2440
8231 2442
8232 2442
8233 2443
8234 2443
8235 2443
8236 2443
8237 2443
8238 2547
8239 2771
8240 2444
8241 2452
8242 2453
8243 2453
8244 2455
8245 2455
8246 2522
8247 2457
8248 2457
8249 2457
8250 3343
8251 3170
8252 2457
8253 2458
8254 2458
8255 2458
8256 2458
8257 2458
8258 2960
8259 2665
8260 2458
8261 2575
8262 3033
8263 2458
8264 2458
8265 2458
8266 2458
8267 2458
8268 2774
8269 2460
8270 2461
8271 2461
8272 2461
8273 2462
8274 2462
8275 2462
8276 2462
8277 2462
8278 2462
8279 3375
8280 3031
8281 2463
8282 2463
8283 2463
8284 2463
8285 2463
8286 2463
8287 2463
8288 2464
8289 2464
8290 2464
8291 2464
8292 2464
8293 3066
8294 2464
8295 2464
8296 2464
8297 2464
8298 2464
8299 2464
8300 2464
8301 2464
8302 2464
8303 2466
8304 2608
8305 2471
8306 2471
8307 2474
8308 2474
8309 2474
8310 3334
8311 2476
8312 2476
8313 3309
8314 2476
8315 2476
8316 2476
8317 2761
8318 2478
8319 2478
8320 2677
8321 2484
8322 2484
8323 2484
8324 2485
8325 2486
8326 2486
8327 2486
8328 2486
8329 2490
8330 2490
8331 2490
8332 2490
8333 2491
8334 2492
8335 2492
8336 2495
8337 2597
8338 2496
8339 2780
8340 2496
8341 2535
8342 2499
8343 2499
8344 2697
8345 2499
8346 2499
8347 2503
8348 2503
8349 2505
8350 2505
8351 2505
8352 2505
8353 2505
8354 2505
8355 2505
8356 2505
8357 2505
8358 2505
8359 2505
8360 2505
8361 2511
8362 2511
8363 2513
8364 2515
8365 2515
8366 2516
8367 2516
8368 3202
8369 2517
8370 2519
8371 2519
8372 2519
8373 2523
8374 3166
8375 3210
8376 2529
8377 2530
8378 2530
8379 2533
8380 2534
8381 2537
8382 2537
8383 2537
8384 2992
8385 2611
8386 2538
8387 2540
8388 2541
8389 2543
8390 2544
8391 2622
8392 2692
8393 2548
8394 2548
8395 2548
8396 2548
8397 2548
8398 2548
8399 2548
8400 2548
8401 2548
8402 2548
8403 2548
8404 3150
8405 2549
8406 2550
8407 2551
8408 2551
8409 2551
8410 2551
8411 2552
8412 2552
8413 2552
8414 3052
8415 2572
8416 2553
8417 2556
8418 2556
8419 2556
8420 2556
8421 2556
8422 2556
8423 2970
8424 2556
8425 2556
8426 2556
8427 2556
8428 2556
8429 2556
8430 2778
8431 2556
8432 2556
8433 3313
8434 2559
8435 2559
8436 2559
8437 3305
8438 2560
8439 2561
8440 2563
8441 2563
8442 2563
8443 3236
8444 2563
8445 2563
8446 2564
8447 2564
8448 2565
8449 2567
8450 2565
8451 2924
8452 2565
8453 2572
8454 2574
8455 2574
8456 2574
8457 2574
8458 2574
8459 2574
8460 2574
8461 2574
8462 2574
8463 2574
8464 2574
8465 2574
8466 3268
8467 2576
8468 2978
8469 2578
8470 2776
8471 2579
8472 2798
8473 2583
8474 2585
8475 2585
8476 2661
8477 2585
8478 2586
8479 2588
8480 2588
8481 2590
8482 2592
8483 2592
8484 2594
8485 2594
8486 2594
8487 2594
8488 3126
8489 3014
8490 2594
8491 2594
8492 2594
8493 2594
8494 2594
8495 2594
8496 2594
8497 2594
8498 2594
8499 3338
8500 2594
8501 3207
8502 2842
8503 2594
8504 2594
8505 2860
8506 2594
8507 2594
8508 2594
8509 2594
8510 2838
8511 2594
8512 2594
8513 2598
8514 2598
8515 2598
8516 2598
8517 3359
8518 2598
8519 3038
8520 2598
8521 2598
8522 2599
8523 2599
8524 2599
8525 2599
8526 2599
8527 2599
8528 2600
8529 2602
8530 2605
8531 2607
8532 2609
8533 2611
8534 2611
8535 2611
8536 2613
8537 2613
8538 2614
8539 2614
8540 2615
8541 2617
8542 2950
8543 2619
8544 2619
8545 2619
8546 2824
8547 2620
8548 2620
8549 2622
8550 2622
8551 3171
8552 2624
8553 2625
8554 2625
8555 2625
8556 2627
8557 2627
8558 2629
8559 2719
8560 2629
8561 2919
8562 2630
8563 2939
8564 2636
8565 2636
8566 3224
8567 2791
8568 2636
8569 2636
8570 2636
8571 2636
8572 2638
8573 2646
8574 2647
8575 2649
8576 2650
8577 2650
8578 2653
8579 2653
8580 2653
8581 2654
8582 2655
8583 2658
8584 2658
8585 2659
8586 2659
8587 2660
8588 2660
8589 2660
8590 2660
8591 2660
8592 2665
8593 2666
8594 2666
8595 2666
8596 2666
8597 2667
8598 2667
8599 2667
8600 2668
8601 2701
8602 2676
8603 3095
8604 2680
8605 2823
8606 2682
8607 2905
8608 2682
8609 2683
8610 2683
8611 2683
8612 2684
8613 2983
8614 2685
8615 2685
8616 2685
8617 2686
8618 2686
8619 2686
8620 2686
8621 2688
8622 2689
8623 2689
8624 2691
8625 2691
8626 2692
8627 2694
8628 2695
8629 2695
8630 2695
8631 2990
8632 2697
8633 2716
8634 2705
8635 2705
8636 2706
8637 2706
8638 2706
8639 3294
8640 2711
8641 2711
8642 2711
8643 2715
8644 2716
8645 2925
8646 2720
8647 2720
8648 2720
8649 2720
8650 2721
8651 2722
8652 2723
8653 2723
8654 2726
8655 2726
8656 2728
8657 2728
8658 2728
8659 2728
8660 2728
8661 2837
8662 2728
8663 2728
8664 2728
8665 2839
8666 2729
8667 2729
8668 2729
8669 2729
8670 2729
8671 2729
8672 2729
8673 2729
8674 2729
8675 2729
8676 2729
8677 2729
8678 2729
8679 2729
8680 2729
8681 2730
8682 2730
8683 2730
8684 2730
8685 2730
8686 2732
8687 2733
8688 3344
8689 2733
8690 2733
8691 3000
8692 2733
8693 2733
8694 2733
8695 3130
8696 2733
8697 2733
8698 2733
8699 2733
8700 2733
8701 2735
8702 2735
8703 2735
8704 2735
8705 2735
8706 2735
8707 2739
8708 2739
8709 2740
8710 2740
8711 2740
8712 2741
8713 2746
8714 2746
8715 2871
8716 2746
8717 2746
8718 2746
8719 2747
8720 2747
8721 2747
8722 2747
8723 2747
8724 2944
8725 2747
8726 2747
8727 2747
8728 2747
8729 2750
8730 2750
8731 2750
8732 3331
8733 2750
8734 2750
8735 2750
8736 2750
8737 2750
8738 2750
8739 2751
8740 2751
8741 2752
8742 2753
8743 2753
8744 2753
8745 2753
8746 2754
8747 2755
8748 2757
8749 2831
8750 2759
8751 2761
8752 2761
8753 2761
8754 2761
8755 2763
8756 2764
8757 2764
8758 2764
8759 2862
8760 2765
8761 2765
8762 2765
8763 2766
8764 2766
8765 2767
8766 2767
8767 2768
8768 2768
8769 2771
8770 2771
8771 2771
8772 2772
8773 2774
8774 2774
8775 2777
8776 2777
8777 2778
8778 2778
8779 2778
8780 3341
8781 2778
8782 2778
8783 2778
8784 2778
8785 2778
8786 2778
8787 2778
8788 2778
8789 2778
8790 2778
8791 2778
8792 2778
8793 2778
8794 2778
8795 2778
8796 2778
8797 2778
8798 2778
8799 2778
8800 2778
8801 2778
8802 2778
8803 2778
8804 3142
8805 2778
8806 2778
8807 2778
8808 2778
8809 2778
8810 2778
8811 2778
8812 2778
8813 2778
8814 3061
8815 2778
8816 2778
8817 2778
8818 2778
8819 2778
8820 2778
8821 2778
8822 2778
8823 2778
8824 2778
8825 2780
8826 2780
8827 2780
8828 2780
8829 2782
8830 2784
8831 2786
8832 2786
8833 2786
8834 2786
8835 3390
8836 2788
8837 2788
8838 2790
8839 2790
8840 2790
8841 2790
8842 2790
8843 2790
8844 2790
8845 2979
8846 2790
8847 2790
8848 2790
8849 2790
8850 2790
8851 3001
8852 2790
8853 3346
8854 2790
8855 2790
8856 3362
8857 2790
8858 2793
8859 2793
8860 2795
8861 2795
8862 2795
8863 2795
8864 2795
8865 2797
8866 2799
8867 2799
8868 2799
8869 2801
8870 2801
8871 2801
8872 2801
8873 2801
8874 3285
8875 2806
8876 2806
8877 2806
8878 2806
8879 2806
8880 2806
8881 2806
8882 2806
8883 2806
8884 2806
8885 2806
8886 2806
8887 2806
8888 2806
8889 2806
8890 2806
8891 2806
8892 2806
8893 2806
8894 2806
8895 2806
8896 2806
8897 2898
8898 2806
8899 3049
8900 2806
8901 2806
8902 2806
8903 2806
8904 2808
8905 2808
8906 2808
8907 2808
8908 2808
8909 2808
8910 2811
8911 2812
8912 2812
8913 2812
8914 2812
8915 3384
8916 2812
8917 2812
8918 2812
8919 2812
8920 2814
8921 3181
8922 2816
8923 2817
8924 2818
8925 2818
8926 2819
8927 2820
8928 2822
8929 2822
8930 2822
8931 2827
8932 2828
8933 2829
8934 2830
8935 2834
8936 3196
8937 2835
8938 2835
8939 2837
8940 2837
8941 2837
8942 2837
8943 2837
8944 3005
8945 2837
8946 2839
8947 2839
8948 2839
8949 2840
8950 2840
8951 2840
8952 2840
8953 2840
8954 2840
8955 3255
8956 2840
8957 2840
8958 2840
8959 2840
8960 2840
8961 2915
8962 2840
8963 2840
8964 2840
8965 2840
8966 3034
8967 2840
8968 2840
8969 2991
8970 2840
8971 2840
8972 2840
8973 2840
8974 2840
8975 2840
8976 3165
8977 2840
8978 3086
8979 2840
8980 2899
8981 2840
8982 2840
8983 2840
8984 2840
8985 2840
8986 2840
8987 3092
8988 2840
8989 2840
8990 2840
8991 2840
8992 2840
8993 2840
8994 2840
8995 2840
8996 2840
8997 2840
8998 2840
8999 2840
9000 2840
9001 2842
9002 2843
9003 2844
9004 2844
9005 2846
9006 2846
9007 2850
9008 2853
9009 2853
9010 2854
9011 2854
9012 2856
9013 3097
9014 2858
9015 2858
9016 2858
9017 2858
9018 2859
9019 2861
9020 2863
9021 2863
9022 2863
9023 2863
9024 2863
9025 2863
9026 2863
9027 2863
9028 2863
9029 2863
9030 2863
9031 2863
9032 2863
9033 2863
9034 2863
9035 2863
9036 2863
9037 2863
9038 2863
9039 3290
9040 2863
9041 2863
9042 2863
9043 2863
9044 2863
9045 2863
9046 2863
9047 2863
9048 2863
9049 2863
9050 2863
9051 2863
9052 2863
9053 2863
9054 2863
9055 2865
9056 3245
9057 2865
9058 2866
9059 2867
9060 2868
9061 2869
9062 2871
9063 2874
9064 2877
9065 2879
9066 2879
9067 2882
9068 2882
9069 2882
9070 2882
9071 2882
9072 2882
9073 2884
9074 2884
9075 2886
9076 2886
9077 2887
9078 2887
9079 2889
9080 2889
9081 3314
9082 2889
9083 2890
9084 2890
9085 2890
9086 2890
9087 2890
9088 2890
9089 2890
9090 2891
9091 3032
9092 2897
9093 2892
9094 2914
9095 2892
9096 2892
9097 2892
9098 2892
9099 2892
9100 2893
9101 2893
9102 2893
9103 2895
9104 2895
9105 2895
9106 2896
9107 2896
9108 2897
9109 2897
9110 2897
9111 2901
9112 2901
9113 2901
9114 3064
9115 2901
9116 2901
9117 2901
9118 2901
9119 3153
9120 2901
9121 2902
9122 2902
9123 2902
9124 2902
9125 2902
9126 2902
9127 2902
9128 2902
9129 2905
9130 2905
9131 2906
9132 2909
9133 2909
9134 2909
9135 3010
9136 2913
9137 2917
9138 2917
9139 2918
9140 2919
9141 2920
9142 2922
9143 2922
9144 2922
9145 2922
9146 2923
9147 2923
9148 3301
9149 2924
9150 2926
9151 2926
9152 2926
9153 2927
9154 2927
9155 2927
9156 2927
9157 2928
9158 2928
9159 2928
9160 2928
9161 2928
9162 2929
9163 2930
9164 2930
9165 2930
9166 2930
9167 3121
9168 2932
9169 2932
9170 2932
9171 2932
9172 2932
9173 2932
9174 2932
9175 3027
9176 2932
9177 2932
9178 2932
9179 2932
9180 2932
9181 3247
9182 2932
9183 2932
9184 2932
9185 2932
9186 3225
9187 2936
9188 2937
9189 2937
9190 2938
9191 2938
9192 2938
9193 2938
9194 2940
9195 2940
9196 2940
9197 2940
9198 2940
9199 2940
9200 2940
9201 2940
9202 2940
9203 2940
9204 2940
9205 2940
9206 2941
9207 3159
9208 2941
9209 2942
9210 2947
9211 2947
9212 2948
9213 2948
9214 2948
9215 2948
9216 2948
9217 2948
9218 2948
9219 2948
9220 2948
9221 2948
9222 2948
9223 3101
9224 2949
9225 2950
9226 3114
9227 2950
9228 2950
9229 2950
9230 2950
9231 2950
9232 2950
9233 2950
9234 2950
9235 2950
9236 2950
9237 2950
9238 2950
9239 3267
9240 2950
9241 2950
9242 2950
9243 2950
9244 2950
9245 2950
9246 2950
9247 2952
9248 3037
9249 2954
9250 2954
9251 2955
9252 2956
9253 2956
9254 2957
9255 2958
9256 2958
9257 3200
9258 2958
9259 2958
9260 2958
9261 2958
9262 2958
9263 2958
9264 2958
9265 2958
9266 2958
9267 2958
9268 2958
9269 2958
9270 2958
9271 2958
9272 2958
9273 2958
9274 2958
9275 2960
9276 2960
9277 2960
9278 2961
9279 2961
9280 2961
9281 2961
9282 2961
9283 2961
9284 2963
9285 2963
9286 2969
9287 2970
9288 2972
9289 2972
9290 2973
9291 2973
9292 2974
9293 2977
9294 2977
9295 2977
9296 2977
9297 2981
9298 2982
9299 2999
9300 2984
9301 2986
9302 2990
9303 2990
9304 2991
9305 2992
9306 2992
9307 2992
9308 2992
9309 2993
9310 2993
9311 2993
9312 2996
9313 2997
9314 2997
9315 3001
9316 3089
9317 3003
9318 3003
9319 3004
9320 3006
9321 3006
9322 3006
9323 3006
9324 3006
9325 3006
9326 3006
9327 3008
9328 3008
9329 3109
9330 3010
9331 3010
9332 3011
9333 3012
9334 3012
9335 3014
9336 3366
9337 3015
9338 3015
9339 3015
9340 3016
9341 3282
9342 3016
9343 3016
9344 3016
9345 3016
9346 3016
9347 3016
9348 3016
9349 3016
9350 3016
9351 3016
9352 3016
9353 3016
9354 3016
9355 3016
9356 3016
9357 3016
9358 3016
9359 3016
9360 3016
9361 3016
9362 3016
9363 3016
9364 3016
9365 3016
9366 3016
9367 3016
9368 3016
9369 3016
9370 3016
9371 3016
9372 3016
9373 3016
9374 3016
9375 3016
9376 3016
9377 3016
9378 3016
9379 3016
9380 3016
9381 3016
9382 3016
9383 3016
9384 3016
9385 3016
9386 3016
9387 3016
9388 3018
9389 3022
9390 3024
9391 3025
9392 3025
9393 3025
9394 3025
9395 3026
9396 3113
9397 3027
9398 3027
9399 3027
9400 3027
9401 3027
9402 3027
9403 3027
9404 3027
9405 3027
9406 3028
9407 3029
9408 3031
9409 3090
9410 3033
9411 3036
9412 3036
9413 3036
9414 3036
9415 3036
9416 3036
9417 3037
9418 3037
9419 3037
9420 3038
9421 3038
9422 3038
9423 3038
9424 3266
9425 3041
9426 3041
9427 3041
9428 3041
9429 3042
9430 3043
9431 3045
9432 3047
9433 3048
9434 3049
9435 3049
9436 3049
9437 3051
9438 3052
9439 3052
9440 3053
9441 3054
9442 3056
9443 3056
9444 3056
9445 3226
9446 3223
9447 3060
9448 3246
9449 3061
9450 3061
9451 3062
9452 3062
9453 3062
9454 3062
9455 3062
9456 3062
9457 3062
9458 3062
9459 3062
9460 3262
9461 3062
9462 3063
9463 3293
9464 3063
9465 3063
9466 3063
9467 3063
9468 3063
9469 3063
9470 3064
9471 3064
9472 3064
9473 3065
9474 3067
9475 3068
9476 3068
9477 3068
9478 3068
9479 3068
9480 3069
9481 3220
9482 3071
9483 3071
9484 3072
9485 3073
9486 3073
9487 3073
9488 3073
9489 3073
9490 3076
9491 3078
9492 3080
9493 3080
9494 3082
9495 3082
9496 3082
9497 3082
9498 3083
9499 3084
9500 3084
9501 3087
9502 3089
9503 3089
9504 3090
9505 3091
9506 3238
9507 3091
9508 3091
9509 3095
9510 3095
9511 3095
9512 3095
9513 3095
9514 3095
9515 3095
9516 3095
9517 3095
9518 3095
9519 3095
9520 3095
9521 3095
9522 3095
9523 3095
9524 3095
9525 3100
9526 3100
9527 3101
9528 3310
9529 3102
9530 3104
9531 3105
9532 3105
9533 3216
9534 3386
9535 3106
9536 3106
9537 3106
9538 3108
9539 3108
9540 3108
9541 3108
9542 3108
9543 3108
9544 3108
9545 3108
9546 3108
9547 3109
9548 3116
9549 3117
9550 3304
9551 3117
9552 3117
9553 3117
9554 3117
9555 3117
9556 3117
9557 3117
9558 3117
9559 3136
9560 3117
9561 3117
9562 3117
9563 3117
9564 3119
9565 3120
9566 3120
9567 3121
9568 3121
9569 3177
9570 3124
9571 3124
9572 3124
9573 3125
9574 3125
9575 3125
9576 3127
9577 3130
9578 3130
9579 3133
9580 3133
9581 3133
9582 3136
9583 3138
9584 3139
9585 3140
9586 3141
9587 3142
9588 3143
9589 3143
9590 3143
9591 3143
9592 3144
9593 3144
9594 3147
9595 3183
9596 3147
9597 3147
9598 3149
9599 3151
9600 3151
9601 3154
9602 3154
9603 3154
9604 3154
9605 3156
9606 3156
9607 3158
9608 3158
9609 3158
9610 3158
9611 3158
9612 3161
9613 3162
9614 3162
9615 3162
9616 3162
9617 3162
9618 3162
9619 3162
9620 3162
9621 3162
9622 3162
9623 3163
9624 3164
9625 3164
9626 3164
9627 3164
9628 3164
9629 3166
9630 3166
9631 3167
9632 3167
9633 3167
9634 3167
9635 3168
9636 3168
9637 3168
9638 3168
9639 3168
9640 3170
9641 3171
9642 3171
9643 3172
9644 3173
9645 3173
9646 3234
9647 3173
9648 3175
9649 3178
9650 3182
9651 3182
9652 3182
9653 3182
9654 3184
9655 3184
9656 3188
9657 3189
9658 3189
9659 3189
9660 3189
9661 3189
9662 3189
9663 3189
9664 3189
9665 3189
9666 3191
9667 3191
9668 3191
9669 3192
9670 3194
9671 3195
9672 3195
9673 3195
9674 3289
9675 3195
9676 3195
9677 3195
9678 3197
9679 3373
9680 3197
9681 3197
9682 3197
9683 3197
9684 3197
9685 3197
9686 3197
9687 3197
9688 3197
9689 3197
9690 3197
9691 3197
9692 3197
9693 3197
9694 3197
9695 3197
9696 3197
9697 3197
9698 3199
9699 3199
9700 3199
9701 3200
9702 3200
9703 3201
9704 3204
9705 3207
9706 3207
9707 3207
9708 3207
9709 3207
9710 3209
9711 3210
9712 3210
9713 3212
9714 3212
9715 3212
9716 3212
9717 3212
9718 3212
9719 3212
9720 3216
9721 3219
9722 3219
9723 3219
9724 3219
9725 3219
9726 3221
9727 3388
9728 3224
9729 3225
9730 3225
9731 3225
9732 3225
9733 3225
9734 3225
9735 3225
9736 3225
9737 3225
9738 3225
9739 3225
9740 3228
9741 3234
9742 3236
9743 3236
9744 3238
9745 3238
9746 3238
9747 3238
9748 3238
9749 3238
9750 3238
9751 3238
9752 3238
9753 3238
9754 3238
9755 3238
9756 3238
9757 3238
9758 3238
9759 3238
9760 3238
9761 3238
9762 3242
9763 3242
9764 3242
9765 3242
9766 3242
9767 3243
9768 3244
9769 3247
9770 3247
9771 3247
9772 3247
9773 3247
9774 3250
9775 3251
9776 3252
9777 3252
9778 3253
9779 3253
9780 3253
9781 3253
9782 3253
9783 3253
9784 3253
9785 3253
9786 3253
9787 3255
9788 3255
9789 3257
9790 3258
9791 3258
9792 3258
9793 3258
9794 3258
9795 3258
9796 3261
9797 3261
9798 3264
9799 3264
9800 3264
9801 3267
9802 3268
9803 3269
9804 3269
9805 3269
9806 3270
9807 3270
9808 3271
9809 3271
9810 3271
9811 3275
9812 3275
9813 3275
9814 3278
9815 3280
9816 3283
9817 3283
9818 3289
9819 3289
9820 3289
9821 3289
9822 3289
9823 3289
9824 3293
9825 3293
9826 3295
9827 3295
9828 3301
9829 3301
9830 3301
9831 3302
9832 3302
9833 3304
9834 3304
9835 3304
9836 3306
9837 3306
9838 3306
9839 3306
9840 3306
9841 3306
9842 3306
9843 3306
9844 3306
9845 3306
9846 3306
9847 3306
9848 3306
9849 3306
9850 3306
9851 3306
9852 3306
9853 3306
9854 3306
9855 3306
9856 3306
9857 3306
9858 3306
9859 3310
9860 3316
9861 3316
9862 3316
9863 3318
9864 3318
9865 3318
9866 3320
9867 3325
9868 3329
9869 3329
9870 3331
9871 3332
9872 3332
9873 3332
9874 3332
9875 3332
9876 3332
9877 3332
9878 3332
9879 3332
9880 3332
9881 3332
9882 3332
9883 3334
9884 3334
9885 3335
9886 3343
9887 3347
9888 3347
9889 3347
9890 3347
9891 3347
9892 3382
9893 3349
9894 3352
9895 3352
9896 3353
9897 3353
9898 3353
9899 3356
9900 3356
9901 3356
9902 3356
9903 3356
9904 3356
9905 3356
9906 3356
9907 3356
9908 3358
9909 3358
9910 3359
9911 3359
9912 3364
9913 3364
9914 3364
9915 3366
9916 3366
9917 3366
9918 3367
9919 3367
9920 3367
9921 3367
9922 3367
9923 3367
9924 3367
9925 3367
9926 3367
9927 3367
9928 3367
9929 3367
9930 3367
9931 3370
9932 3370
9933 3370
9934 3370
9935 3370
9936 3370
9937 3371
9938 3372
9939 3375
9940 3375
9941 3376
9942 3376
9943 3376
9944 3377
9945 3379
9946 3379
9947 3379
9948 3379
9949 3379
9950 3383
9951 3383
9952 3383
9953 3383
9954 3383
9955 3383
9956 3383
9957 3383
9958 3388
9959 3388
9960 3390
9961 3390
9962 3390
9963 3390
9964 3390
9965 3390
9966 3390
9967 3392
9968 3392
9969 3392
9970 3392
9971 3392
9972 3392
9973 3392
9974 3392
9975 3392
9976 3392
9977 3392
9978 3392
9979 3392
9980 3392
9981 3393
9982 3393
9983 3393
9984 3393
9985 3394
9986 3394
9987 3394
9988 3395
9989 3395
9990 3395
9991 3395
9992 3395
9993 3395
9994 3395
9995 3395
9996 3395
9997 3395
9998 3395
9999 3395
