10000 9999
1 0
2 0
3 1
4 1
5 1
6 4
7 6
8 1
9 7
10 8
11 1
12 11
13 0
14 11
15 14
16 3
17 5
18 4
19 18
20 1
21 1
22 21
23 19
24 18
25 21
26 10
27 15
28 12
29 18
30 13
31 19
32 24
33 13
34 5
35 1
36 33
37 21
38 23
39 18
40 4
41 26
42 40
43 24
44 18
45 18
46 1
47 23
48 42
49 42
50 36
51 1
52 36
53 1
54 18
55 45
56 47
57 50
58 16
59 55
60 19
61 25
62 23
63 62
64 25
65 16
66 19
67 20
68 65
69 52
70 53
71 46
72 70
73 70
74 40
75 41
76 48
77 76
78 46
79 30
80 76
81 42
82 75
83 22
84 71
85 34
86 77
87 1
88 77
89 67
90 79
91 65
92 51
93 57
94 37
95 70
96 79
97 59
98 68
99 98
100 50
101 68
102 68
103 30
104 76
105 103
106 86
107 68
108 89
109 17
110 78
111 68
112 69
113 109
114 72
115 34
116 109
117 104
118 70
119 77
120 104
121 87
122 115
123 74
124 119
125 100
126 117
127 122
128 69
129 79
130 115
131 109
132 58
133 27
134 2
135 97
136 77
137 64
138 73
139 82
140 106
141 78
142 128
143 69
144 141
145 114
146 130
147 103
148 118
149 126
150 103
151 125
152 143
153 142
154 151
155 35
156 114
157 126
158 144
159 68
160 42
161 131
162 108
163 131
164 67
165 144
166 161
167 75
168 70
169 131
170 167
171 138
172 131
173 147
174 161
175 92
176 79
177 29
178 69
179 139
180 124
181 155
182 111
183 110
184 150
185 76
186 133
187 161
188 77
189 97
190 71
191 167
192 60
193 114
194 160
195 96
196 174
197 44
198 69
199 97
200 161
201 190
202 78
203 136
204 78
205 160
206 131
207 161
208 143
209 122
210 195
211 158
212 77
213 22
214 76
215 104
216 175
217 155
218 126
219 188
220 173
221 205
222 99
223 149
224 93
225 123
226 116
227 165
228 217
229 221
230 219
231 155
232 138
233 138
234 54
235 139
236 131
237 208
238 181
239 76
240 186
241 236
242 30
243 232
244 69
245 210
246 161
247 160
248 161
249 240
250 180
251 191
252 131
253 107
254 39
255 135
256 213
257 148
258 160
259 242
260 117
261 260
262 138
263 78
264 258
265 150
266 160
267 228
268 168
269 258
270 160
271 245
272 156
273 258
274 195
275 271
276 114
277 266
278 218
279 75
280 240
281 252
282 271
283 160
284 183
285 161
286 20
287 125
288 170
289 261
290 286
291 128
292 271
293 258
294 242
295 67
296 274
297 63
298 275
299 275
300 259
301 294
302 264
303 265
304 288
305 278
306 276
307 9
308 244
309 266
310 176
311 65
312 117
313 273
314 96
315 275
316 161
317 273
318 114
319 258
320 95
321 132
322 246
323 315
324 102
325 251
326 309
327 172
328 275
329 323
330 45
331 275
332 131
333 131
334 160
335 333
336 106
337 154
338 294
339 266
340 150
341 244
342 254
343 274
344 157
345 76
346 206
347 337
348 203
349 328
350 275
351 275
352 347
353 161
354 242
355 331
356 195
357 252
358 183
359 189
360 244
361 274
362 275
363 266
364 245
365 161
366 121
367 216
368 308
369 242
370 266
371 346
372 225
373 202
374 79
375 363
376 83
377 202
378 183
379 303
380 374
381 301
382 63
383 349
384 377
385 181
386 239
387 275
388 315
389 242
390 38
391 216
392 152
393 370
394 182
395 49
396 214
397 99
398 237
399 206
400 168
401 100
402 347
403 294
404 387
405 317
406 316
407 260
408 117
409 131
410 402
411 125
412 120
413 85
414 258
415 381
416 303
417 254
418 256
419 292
420 275
421 65
422 414
423 183
424 324
425 253
426 89
427 128
428 227
429 78
430 77
431 245
432 338
433 398
434 256
435 347
436 88
437 104
438 419
439 357
440 267
441 372
442 205
443 256
444 314
445 442
446 229
447 355
448 410
449 434
450 356
451 428
452 315
453 207
454 405
455 263
456 455
457 315
458 234
459 271
460 440
461 341
462 365
463 405
464 273
465 455
466 160
467 138
468 226
469 266
470 125
471 342
472 419
473 303
474 414
475 217
476 465
477 333
478 44
479 275
480 414
481 262
482 260
483 325
484 464
485 349
486 454
487 421
488 304
489 414
490 161
491 79
492 58
493 414
494 192
495 349
496 353
497 79
498 432
499 330
500 134
501 311
502 266
503 349
504 258
505 440
506 21
507 464
508 391
509 247
510 384
511 292
512 342
513 143
514 492
515 503
516 405
517 271
518 477
519 256
520 273
521 283
522 439
523 273
524 441
525 393
526 239
527 229
528 448
529 67
530 486
531 502
532 404
533 453
534 385
535 388
536 144
537 52
538 285
539 345
540 143
541 340
542 183
543 414
544 211
545 464
546 170
547 250
548 361
549 409
550 479
551 527
552 295
553 80
554 520
555 222
556 552
557 64
558 374
559 352
560 204
561 527
562 332
563 272
564 471
565 485
566 56
567 552
568 349
569 472
570 95
571 470
572 409
573 360
574 400
575 375
576 476
577 332
578 285
579 470
580 303
581 337
582 501
583 131
584 568
585 522
586 568
587 440
588 440
589 385
590 182
591 131
592 93
593 440
594 472
595 568
596 522
597 434
598 460
599 537
600 472
601 419
602 472
603 484
604 552
605 464
606 516
607 554
608 97
609 121
610 352
611 272
612 517
613 213
614 605
615 568
616 552
617 444
618 137
619 360
620 568
621 615
622 305
623 383
624 441
625 184
626 167
627 289
628 613
629 526
630 445
631 177
632 338
633 43
634 568
635 75
636 161
637 176
638 279
639 414
640 443
641 131
642 506
643 539
644 588
645 229
646 470
647 471
648 282
649 376
650 326
651 552
652 285
653 470
654 273
655 183
656 252
657 615
658 603
659 436
660 446
661 79
662 214
663 556
664 644
665 287
666 373
667 642
668 215
669 568
670 303
671 385
672 440
673 363
674 542
675 423
676 440
677 444
678 418
679 430
680 235
681 595
682 568
683 174
684 472
685 183
686 559
687 260
688 460
689 642
690 140
691 640
692 360
693 464
694 255
695 521
696 381
697 363
698 161
699 263
700 652
701 512
702 636
703 305
704 275
705 702
706 70
707 131
708 683
709 290
710 620
711 465
712 376
713 275
714 293
715 471
716 405
717 594
718 349
719 632
720 558
721 570
722 384
723 258
724 464
725 541
726 160
727 568
728 379
729 538
730 706
731 642
732 641
733 522
734 349
735 636
736 303
737 568
738 471
739 583
740 642
741 256
742 733
743 300
744 406
745 183
746 553
747 462
748 528
749 587
750 354
751 482
752 707
753 360
754 482
755 695
756 266
757 134
758 526
759 627
760 641
761 558
762 412
763 762
764 440
765 710
766 245
767 395
768 568
769 737
770 607
771 755
772 681
773 568
774 275
775 428
776 757
777 755
778 721
779 471
780 220
781 707
782 238
783 770
784 642
785 716
786 519
787 329
788 764
789 677
790 270
791 750
792 703
793 322
794 721
795 679
796 323
797 306
798 495
799 435
800 664
801 527
802 76
803 636
804 485
805 162
806 783
807 275
808 765
809 757
810 274
811 520
812 790
813 160
814 426
815 654
816 554
817 602
818 588
819 266
820 440
821 642
822 258
823 632
824 440
825 244
826 440
827 826
828 568
829 824
830 749
831 314
832 568
833 605
834 780
835 691
836 488
837 522
838 512
839 738
840 370
841 570
842 826
843 543
844 98
845 357
846 638
847 352
848 651
849 437
850 442
851 789
852 338
853 273
854 753
855 752
856 568
857 309
858 275
859 757
860 809
861 455
862 764
863 678
864 303
865 802
866 468
867 611
868 520
869 444
870 828
871 102
872 478
873 61
874 635
875 155
876 604
877 755
878 809
879 857
880 506
881 438
882 520
883 499
884 568
885 794
886 305
887 857
888 879
889 642
890 629
891 857
892 703
893 552
894 332
895 543
896 810
897 259
898 719
899 661
900 582
901 577
902 591
903 526
904 574
905 510
906 880
907 566
908 600
909 145
910 146
911 115
912 614
913 634
914 271
915 800
916 471
917 378
918 543
919 757
920 244
921 881
922 723
923 554
924 275
925 865
926 681
927 704
928 166
929 266
930 598
931 558
932 131
933 898
934 748
935 743
936 597
937 795
938 444
939 341
940 440
941 273
942 642
943 904
944 568
945 659
946 641
947 697
948 920
949 464
950 623
951 568
952 609
953 711
954 125
955 554
956 187
957 923
958 846
959 895
960 288
961 440
962 470
963 899
964 852
965 331
966 336
967 444
968 455
969 826
970 661
971 649
972 953
973 677
974 388
975 747
976 642
977 74
978 266
979 787
980 938
981 784
982 76
983 787
984 526
985 450
986 721
987 950
988 520
989 256
990 538
991 936
992 183
993 641
994 304
995 929
996 565
997 705
998 354
999 304
1000 609
1001 470
1002 160
1003 533
1004 883
1005 596
1006 895
1007 990
1008 876
1009 739
1010 914
1011 470
1012 430
1013 653
1014 635
1015 183
1016 636
1017 568
1018 739
1019 256
1020 554
1021 399
1022 688
1023 820
1024 985
1025 430
1026 568
1027 785
1028 316
1029 229
1030 271
1031 637
1032 684
1033 471
1034 510
1035 636
1036 994
1037 746
1038 947
1039 405
1040 1027
1041 156
1042 841
1043 113
1044 526
1045 467
1046 677
1047 571
1048 641
1049 470
1050 553
1051 274
1052 317
1053 590
1054 271
1055 143
1056 775
1057 969
1058 155
1059 807
1060 938
1061 1019
1062 442
1063 780
1064 155
1065 622
1066 143
1067 995
1068 383
1069 251
1070 344
1071 260
1072 604
1073 432
1074 1069
1075 1060
1076 239
1077 756
1078 561
1079 926
1080 783
1081 896
1082 923
1083 634
1084 457
1085 857
1086 552
1087 599
1088 968
1089 616
1090 117
1091 726
1092 608
1093 522
1094 377
1095 631
1096 635
1097 455
1098 1090
1099 661
1100 938
1101 811
1102 349
1103 1033
1104 713
1105 1044
1106 32
1107 1079
1108 641
1109 462
1110 500
1111 150
1112 1070
1113 495
1114 334
1115 642
1116 685
1117 993
1118 995
1119 114
1120 440
1121 757
1122 553
1123 650
1124 1044
1125 727
1126 857
1127 657
1128 909
1129 313
1130 327
1131 183
1132 195
1133 360
1134 318
1135 394
1136 239
1137 674
1138 537
1139 524
1140 849
1141 1106
1142 1010
1143 1094
1144 439
1145 388
1146 856
1147 94
1148 646
1149 449
1150 839
1151 1131
1152 806
1153 257
1154 1003
1155 464
1156 1086
1157 936
1158 1070
1159 743
1160 523
1161 729
1162 441
1163 995
1164 810
1165 830
1166 642
1167 294
1168 550
1169 642
1170 688
1171 150
1172 709
1173 985
1174 1154
1175 344
1176 271
1177 1004
1178 958
1179 927
1180 1087
1181 798
1182 726
1183 868
1184 672
1185 688
1186 684
1187 1043
1188 1104
1189 1036
1190 561
1191 554
1192 1054
1193 530
1194 369
1195 520
1196 934
1197 635
1198 862
1199 877
1200 1183
1201 739
1202 1095
1203 1060
1204 259
1205 364
1206 1189
1207 1070
1208 552
1209 1161
1210 911
1211 254
1212 1055
1213 630
1214 624
1215 1087
1216 544
1217 636
1218 472
1219 884
1220 1207
1221 526
1222 266
1223 660
1224 995
1225 869
1226 864
1227 1153
1228 505
1229 84
1230 76
1231 231
1232 600
1233 923
1234 475
1235 446
1236 414
1237 633
1238 812
1239 183
1240 777
1241 711
1242 554
1243 939
1244 1225
1245 988
1246 448
1247 774
1248 723
1249 274
1250 773
1251 304
1252 1062
1253 1023
1254 1216
1255 1186
1256 642
1257 1074
1258 1021
1259 895
1260 923
1261 249
1262 1074
1263 264
1264 370
1265 635
1266 952
1267 642
1268 558
1269 721
1270 920
1271 1215
1272 784
1273 1174
1274 834
1275 222
1276 837
1277 1140
1278 1038
1279 1195
1280 464
1281 787
1282 271
1283 698
1284 274
1285 568
1286 1265
1287 1113
1288 986
1289 764
1290 1271
1291 1176
1292 414
1293 1087
1294 565
1295 931
1296 902
1297 1115
1298 1083
1299 1087
1300 642
1301 1034
1302 896
1303 471
1304 615
1305 872
1306 1292
1307 698
1308 568
1309 332
1310 107
1311 718
1312 1221
1313 1139
1314 656
1315 1302
1316 995
1317 995
1318 591
1319 260
1320 115
1321 581
1322 428
1323 360
1324 1060
1325 1292
1326 634
1327 1118
1328 892
1329 229
1330 303
1331 500
1332 227
1333 1266
1334 748
1335 448
1336 1225
1337 161
1338 1125
1339 1282
1340 1126
1341 1122
1342 1292
1343 527
1344 405
1345 1130
1346 667
1347 1162
1348 471
1349 500
1350 201
1351 350
1352 757
1353 1118
1354 1206
1355 923
1356 857
1357 721
1358 843
1359 816
1360 1114
1361 1317
1362 723
1363 1187
1364 991
1365 1008
1366 689
1367 1242
1368 470
1369 997
1370 1044
1371 920
1372 899
1373 815
1374 1123
1375 1193
1376 804
1377 1353
1378 275
1379 557
1380 69
1381 1346
1382 642
1383 1185
1384 1310
1385 711
1386 777
1387 1051
1388 139
1389 832
1390 349
1391 936
1392 222
1393 570
1394 906
1395 258
1396 595
1397 511
1398 755
1399 414
1400 405
1401 1074
1402 1319
1403 1005
1404 1012
1405 1352
1406 1136
1407 462
1408 1314
1409 919
1410 258
1411 677
1412 693
1413 1292
1414 432
1415 1215
1416 384
1417 405
1418 1392
1419 414
1420 983
1421 568
1422 884
1423 1420
1424 921
1425 980
1426 826
1427 166
1428 999
1429 1345
1430 70
1431 635
1432 880
1433 841
1434 264
1435 814
1436 1118
1437 337
1438 1087
1439 430
1440 570
1441 124
1442 931
1443 1117
1444 867
1445 1014
1446 808
1447 1292
1448 1005
1449 285
1450 923
1451 662
1452 267
1453 1301
1454 1318
1455 1341
1456 448
1457 471
1458 226
1459 1162
1460 1084
1461 1417
1462 757
1463 1063
1464 723
1465 259
1466 1252
1467 804
1468 1397
1469 1389
1470 471
1471 889
1472 1212
1473 82
1474 933
1475 1258
1476 167
1477 641
1478 568
1479 587
1480 858
1481 1373
1482 681
1483 1054
1484 1281
1485 755
1486 792
1487 742
1488 936
1489 1329
1490 160
1491 1487
1492 845
1493 1273
1494 349
1495 564
1496 1023
1497 1303
1498 1067
1499 197
1500 584
1501 1097
1502 678
1503 778
1504 568
1505 1161
1506 720
1507 62
1508 680
1509 1022
1510 1489
1511 1277
1512 899
1513 1039
1514 978
1515 595
1516 1317
1517 642
1518 154
1519 678
1520 1035
1521 378
1522 1105
1523 838
1524 1150
1525 918
1526 1358
1527 398
1528 668
1529 405
1530 1402
1531 986
1532 1443
1533 545
1534 648
1535 169
1536 1363
1537 1421
1538 273
1539 1184
1540 1103
1541 351
1542 1216
1543 260
1544 1122
1545 1303
1546 603
1547 1143
1548 1454
1549 418
1550 1388
1551 1346
1552 1328
1553 679
1554 1378
1555 1237
1556 1070
1557 405
1558 276
1559 630
1560 1311
1561 635
1562 1314
1563 271
1564 1422
1565 1454
1566 1114
1567 573
1568 943
1569 1001
1570 1178
1571 459
1572 194
1573 1408
1574 748
1575 1023
1576 1352
1577 1531
1578 1538
1579 896
1580 1000
1581 1481
1582 1232
1583 1454
1584 1542
1585 368
1586 1013
1587 661
1588 1124
1589 1288
1590 491
1591 1370
1592 398
1593 1576
1594 1285
1595 1037
1596 1546
1597 568
1598 763
1599 520
1600 1005
1601 470
1602 220
1603 755
1604 1414
1605 1212
1606 955
1607 143
1608 573
1609 1452
1610 1026
1611 1346
1612 1415
1613 1495
1614 465
1615 565
1616 1106
1617 526
1618 995
1619 1249
1620 993
1621 621
1622 1457
1623 1084
1624 514
1625 603
1626 1452
1627 1568
1628 700
1629 549
1630 1115
1631 1052
1632 1037
1633 958
1634 1258
1635 1598
1636 455
1637 1380
1638 1555
1639 347
1640 988
1641 733
1642 605
1643 1409
1644 28
1645 261
1646 527
1647 1504
1648 1415
1649 1487
1650 568
1651 1335
1652 1168
1653 1145
1654 1454
1655 1513
1656 755
1657 908
1658 1621
1659 1585
1660 500
1661 744
1662 1608
1663 1662
1664 117
1665 1575
1666 401
1667 1245
1668 953
1669 261
1670 1598
1671 408
1672 1451
1673 1647
1674 196
1675 1222
1676 385
1677 923
1678 1302
1679 275
1680 1162
1681 1181
1682 1545
1683 1489
1684 1565
1685 1622
1686 681
1687 1086
1688 461
1689 1198
1690 992
1691 711
1692 788
1693 1387
1694 1160
1695 1568
1696 560
1697 1647
1698 1205
1699 1567
1700 1568
1701 1454
1702 1070
1703 844
1704 1459
1705 1689
1706 1243
1707 1242
1708 1652
1709 1057
1710 1509
1711 1135
1712 857
1713 465
1714 422
1715 1109
1716 921
1717 1690
1718 826
1719 1167
1720 471
1721 864
1722 1111
1723 1532
1724 1171
1725 1393
1726 910
1727 1525
1728 1384
1729 1416
1730 700
1731 1247
1732 464
1733 1476
1734 1534
1735 845
1736 870
1737 1682
1738 681
1739 518
1740 778
1741 1150
1742 246
1743 833
1744 1545
1745 1480
1746 1197
1747 1040
1748 627
1749 925
1750 662
1751 464
1752 642
1753 1359
1754 609
1755 1444
1756 1703
1757 1198
1758 990
1759 1556
1760 812
1761 1006
1762 305
1763 994
1764 1709
1765 1681
1766 1354
1767 835
1768 1114
1769 1595
1770 886
1771 1645
1772 1717
1773 1454
1774 1454
1775 921
1776 1745
1777 112
1778 1299
1779 527
1780 1662
1781 887
1782 520
1783 700
1784 1602
1785 722
1786 1094
1787 1568
1788 273
1789 1454
1790 1747
1791 1345
1792 433
1793 360
1794 1454
1795 1292
1796 1751
1797 1282
1798 889
1799 1481
1800 821
1801 1507
1802 1560
1803 607
1804 1745
1805 1248
1806 1387
1807 1499
1808 780
1809 419
1810 363
1811 1730
1812 1078
1813 371
1814 647
1815 973
1816 794
1817 1328
1818 1121
1819 975
1820 384
1821 1044
1822 1659
1823 1602
1824 1531
1825 1357
1826 1665
1827 1745
1828 801
1829 265
1830 1328
1831 994
1832 1662
1833 606
1834 557
1835 470
1836 1328
1837 1456
1838 636
1839 131
1840 915
1841 554
1842 1557
1843 1039
1844 1578
1845 679
1846 1454
1847 401
1848 1647
1849 1598
1850 701
1851 411
1852 1779
1853 1349
1854 1132
1855 1328
1856 1103
1857 1405
1858 869
1859 1016
1860 1454
1861 1608
1862 1741
1863 721
1864 1627
1865 1222
1866 1359
1867 1023
1868 349
1869 1547
1870 1818
1871 692
1872 330
1873 1285
1874 1268
1875 107
1876 426
1877 757
1878 1868
1879 1032
1880 872
1881 649
1882 1298
1883 1035
1884 714
1885 345
1886 1614
1887 1185
1888 1886
1889 1597
1890 1750
1891 1436
1892 1005
1893 129
1894 1706
1895 405
1896 1030
1897 1258
1898 927
1899 351
1900 1888
1901 1832
1902 1225
1903 1346
1904 1652
1905 1710
1906 1264
1907 260
1908 1170
1909 1844
1910 1652
1911 198
1912 1778
1913 1212
1914 991
1915 1044
1916 1915
1917 1779
1918 1397
1919 971
1920 938
1921 1783
1922 1228
1923 704
1924 1044
1925 1174
1926 568
1927 1719
1928 1325
1929 256
1930 1338
1931 970
1932 1372
1933 635
1934 1461
1935 1417
1936 642
1937 1779
1938 1647
1939 853
1940 711
1941 297
1942 896
1943 1654
1944 1647
1945 1156
1946 1452
1947 778
1948 489
1949 1662
1950 937
1951 256
1952 1657
1953 1862
1954 1647
1955 470
1956 931
1957 244
1958 1721
1959 193
1960 1292
1961 913
1962 1758
1963 1395
1964 1228
1965 1489
1966 527
1967 634
1968 1130
1969 150
1970 1317
1971 1824
1972 881
1973 183
1974 1426
1975 605
1976 1012
1977 757
1978 1018
1979 1747
1980 1510
1981 1541
1982 1749
1983 1652
1984 522
1985 1444
1986 244
1987 962
1988 1652
1989 1098
1990 1733
1991 1989
1992 1432
1993 1237
1994 1258
1995 1611
1996 1763
1997 1168
1998 1978
1999 1885
2000 1433
2001 446
2002 938
2003 857
2004 1866
2005 1527
2006 1531
2007 1292
2008 781
2009 894
2010 998
2011 1452
2012 1915
2013 1165
2014 1660
2015 1662
2016 595
2017 1397
2018 1784
2019 611
2020 1328
2021 1905
2022 472
2023 1978
2024 1451
2025 1948
2026 859
2027 568
2028 1888
2029 2010
2030 1690
2031 578
2032 1051
2033 1406
2034 453
2035 1880
2036 141
2037 528
2038 1394
2039 1613
2040 440
2041 635
2042 1258
2043 1647
2044 1620
2045 153
2046 405
2047 1919
2048 1381
2049 1779
2050 687
2051 546
2052 1745
2053 763
2054 2032
2055 1827
2056 1264
2057 1843
2058 1707
2059 925
2060 1292
2061 1071
2062 1801
2063 2050
2064 1451
2065 1278
2066 1254
2067 1503
2068 1454
2069 569
2070 640
2071 1039
2072 1838
2073 558
2074 1093
2075 1856
2076 886
2077 1210
2078 1885
2079 1620
2080 1472
2081 1798
2082 755
2083 1647
2084 1706
2085 666
2086 1498
2087 1988
2088 390
2089 1542
2090 978
2091 1164
2092 601
2093 994
2094 1863
2095 1196
2096 1340
2097 568
2098 1402
2099 635
2100 891
2101 1348
2102 1545
2103 1223
2104 1875
2105 1690
2106 1044
2107 613
2108 1857
2109 1447
2110 1198
2111 1236
2112 417
2113 76
2114 1094
2115 635
2116 1335
2117 1960
2118 778
2119 405
2120 271
2121 1617
2122 1397
2123 2076
2124 991
2125 1346
2126 1762
2127 1546
2128 2066
2129 472
2130 274
2131 1286
2132 1477
2133 1174
2134 396
2135 970
2136 504
2137 1973
2138 564
2139 721
2140 1673
2141 125
2142 896
2143 2110
2144 1655
2145 1749
2146 2138
2147 1374
2148 1598
2149 448
2150 765
2151 975
2152 1397
2153 1812
2154 1143
2155 1141
2156 239
2157 1637
2158 2095
2159 1447
2160 881
2161 2138
2162 1690
2163 1752
2164 885
2165 2076
2166 625
2167 1838
2168 2167
2169 408
2170 860
2171 1233
2172 1309
2173 2023
2174 552
2175 923
2176 993
2177 179
2178 718
2179 1858
2180 1123
2181 2138
2182 2138
2183 1161
2184 2005
2185 2052
2186 1520
2187 1745
2188 1397
2189 642
2190 2120
2191 1413
2192 1222
2193 1562
2194 857
2195 495
2196 1944
2197 1235
2198 1788
2199 1647
2200 1855
2201 938
2202 1545
2203 2159
2204 1607
2205 1811
2206 1513
2207 1481
2208 936
2209 303
2210 1366
2211 1943
2212 303
2213 2026
2214 2066
2215 1745
2216 490
2217 1855
2218 811
2219 1250
2220 2138
2221 1556
2222 1454
2223 1909
2224 317
2225 2134
2226 360
2227 1747
2228 754
2229 1910
2230 1053
2231 1715
2232 1684
2233 1046
2234 920
2235 2175
2236 1707
2237 494
2238 642
2239 568
2240 2055
2241 1215
2242 1708
2243 938
2244 1548
2245 1608
2246 1740
2247 1633
2248 783
2249 1452
2250 2201
2251 894
2252 1293
2253 256
2254 1845
2255 569
2256 314
2257 1602
2258 1403
2259 1116
2260 1774
2261 2128
2262 1291
2263 1917
2264 1420
2265 570
2266 1096
2267 1472
2268 338
2269 635
2270 145
2271 2177
2272 826
2273 2138
2274 1277
2275 776
2276 2138
2277 1729
2278 464
2279 1489
2280 1979
2281 1660
2282 920
2283 76
2284 1948
2285 2039
2286 2173
2287 1647
2288 161
2289 2138
2290 480
2291 810
2292 1338
2293 1742
2294 1502
2295 1454
2296 1560
2297 739
2298 1054
2299 996
2300 1779
2301 1308
2302 1051
2303 822
2304 424
2305 910
2306 1160
2307 721
2308 1558
2309 1233
2310 1147
2311 1607
2312 978
2313 1770
2314 1331
2315 1403
2316 1814
2317 966
2318 2118
2319 1011
2320 1465
2321 1537
2322 2271
2323 1747
2324 1745
2325 1319
2326 2201
2327 1263
2328 1597
2329 2271
2330 938
2331 1855
2332 1385
2333 1600
2334 2050
2335 2328
2336 789
2337 1607
2338 1043
2339 1451
2340 1415
2341 2090
2342 736
2343 1855
2344 1380
2345 1539
2346 1268
2347 2342
2348 1838
2349 1018
2350 2217
2351 2307
2352 1500
2353 2328
2354 1319
2355 2138
2356 595
2357 2171
2358 636
2359 2051
2360 1136
2361 1095
2362 2331
2363 1051
2364 2120
2365 789
2366 1758
2367 568
2368 1065
2369 2120
2370 456
2371 1397
2372 2265
2373 1583
2374 1494
2375 2101
2376 1763
2377 1304
2378 1385
2379 2205
2380 1779
2381 2223
2382 1296
2383 1452
2384 1452
2385 2015
2386 2383
2387 1360
2388 2095
2389 689
2390 2328
2391 2113
2392 1652
2393 1839
2394 826
2395 1555
2396 1974
2397 2144
2398 2216
2399 1560
2400 2120
2401 718
2402 457
2403 353
2404 2373
2405 2254
2406 1352
2407 2063
2408 1674
2409 440
2410 1779
2411 2120
2412 1125
2413 1114
2414 891
2415 711
2416 2201
2417 2086
2418 2350
2419 1591
2420 1220
2421 2328
2422 1447
2423 1687
2424 1056
2425 1319
2426 1617
2427 1724
2428 2120
2429 1274
2430 2328
2431 183
2432 1180
2433 2100
2434 2312
2435 2016
2436 659
2437 1873
2438 1705
2439 78
2440 2138
2441 1162
2442 1561
2443 676
2444 1000
2445 558
2446 1346
2447 1118
2448 1594
2449 1545
2450 2340
2451 1641
2452 1598
2453 2185
2454 1481
2455 1432
2456 2195
2457 1160
2458 596
2459 1489
2460 2246
2461 2282
2462 1952
2463 568
2464 1664
2465 1174
2466 2120
2467 1130
2468 983
2469 2161
2470 1304
2471 2138
2472 497
2473 2177
2474 2420
2475 1204
2476 2271
2477 1890
2478 2340
2479 452
2480 1855
2481 1068
2482 1017
2483 1647
2484 1745
2485 1310
2486 1146
2487 1779
2488 1960
2489 714
2490 1677
2491 1552
2492 1620
2493 603
2494 700
2495 1328
2496 1491
2497 1985
2498 1863
2499 2138
2500 2130
2501 2404
2502 141
2503 1104
2504 2321
2505 2104
2506 1363
2507 2328
2508 964
2509 470
2510 1602
2511 1974
2512 476
2513 2328
2514 1817
2515 647
2516 432
2517 1129
2518 2201
2519 2120
2520 1855
2521 642
2522 1476
2523 1642
2524 1465
2525 429
2526 2288
2527 2225
2528 1647
2529 275
2530 97
2531 2334
2532 1401
2533 2393
2534 1971
2535 1385
2536 1835
2537 1899
2538 2298
2539 2120
2540 1542
2541 2248
2542 1162
2543 1905
2544 1950
2545 1900
2546 775
2547 2204
2548 2088
2549 910
2550 2068
2551 2138
2552 2376
2553 1240
2554 1747
2555 1595
2556 1417
2557 971
2558 2222
2559 1608
2560 2386
2561 995
2562 1359
2563 1826
2564 155
2565 1343
2566 1878
2567 2359
2568 1261
2569 861
2570 1250
2571 568
2572 2328
2573 1415
2574 721
2575 1757
2576 1225
2577 617
2578 2146
2579 1118
2580 2201
2581 1571
2582 1307
2583 1533
2584 2451
2585 1598
2586 2513
2587 2055
2588 1122
2589 1645
2590 455
2591 1751
2592 1661
2593 2328
2594 1779
2595 2331
2596 2120
2597 526
2598 1162
2599 2210
2600 2272
2601 927
2602 923
2603 1779
2604 170
2605 1118
2606 1945
2607 1221
2608 1297
2609 1225
2610 1747
2611 2138
2612 1574
2613 2472
2614 2294
2615 1936
2616 1556
2617 1604
2618 2612
2619 1468
2620 2091
2621 2064
2622 1598
2623 2557
2624 500
2625 976
2626 2007
2627 2120
2628 1387
2629 1779
2630 2376
2631 224
2632 850
2633 2138
2634 1631
2635 1285
2636 2077
2637 1666
2638 1411
2639 462
2640 2138
2641 2610
2642 1832
2643 1481
2644 963
2645 2160
2646 266
2647 830
2648 2322
2649 2177
2650 2298
2651 635
2652 2532
2653 1611
2654 1353
2655 641
2656 1331
2657 745
2658 2103
2659 2201
2660 980
2661 2399
2662 833
2663 2616
2664 2317
2665 1051
2666 1040
2667 2325
2668 2262
2669 1745
2670 809
2671 688
2672 1407
2673 1830
2674 412
2675 2212
2676 1250
2677 2106
2678 1624
2679 2221
2680 296
2681 676
2682 269
2683 568
2684 1688
2685 1364
2686 2124
2687 920
2688 1720
2689 819
2690 1749
2691 1432
2692 2208
2693 2322
2694 1307
2695 563
2696 2433
2697 319
2698 414
2699 2672
2700 357
2701 2512
2702 568
2703 1215
2704 440
2705 1187
2706 1324
2707 845
2708 2463
2709 221
2710 704
2711 2126
2712 1987
2713 1256
2714 1690
2715 985
2716 1444
2717 1913
2718 2079
2719 1350
2720 857
2721 2120
2722 1901
2723 1035
2724 2550
2725 2593
2726 1084
2727 2322
2728 1117
2729 2326
2730 2138
2731 2023
2732 1838
2733 1938
2734 1294
2735 1738
2736 1577
2737 2642
2738 758
2739 714
2740 1779
2741 951
2742 474
2743 2413
2744 2309
2745 2138
2746 2229
2747 1360
2748 2321
2749 212
2750 1445
2751 1973
2752 1174
2753 975
2754 1805
2755 2704
2756 550
2757 1838
2758 1531
2759 1397
2760 1690
2761 2443
2762 2252
2763 938
2764 1328
2765 2740
2766 138
2767 91
2768 2171
2769 2150
2770 1809
2771 718
2772 2754
2773 2017
2774 2199
2775 673
2776 1789
2777 2288
2778 2642
2779 1801
2780 2470
2781 1397
2782 380
2783 1967
2784 1565
2785 578
2786 748
2787 1454
2788 953
2789 2271
2790 1755
2791 1429
2792 1721
2793 1779
2794 772
2795 2113
2796 2319
2797 2630
2798 1630
2799 2737
2800 1915
2801 2737
2802 2270
2803 2451
2804 2120
2805 636
2806 568
2807 2120
2808 2138
2809 1157
2810 2704
2811 1536
2812 299
2813 2765
2814 2131
2815 713
2816 856
2817 1652
2818 1645
2819 1662
2820 305
2821 1088
2822 642
2823 2543
2824 1390
2825 1530
2826 1402
2827 79
2828 2292
2829 1568
2830 1814
2831 2304
2832 138
2833 2738
2834 2006
2835 2274
2836 2183
2837 2322
2838 532
2839 2065
2840 1431
2841 1532
2842 1701
2843 1447
2844 2573
2845 243
2846 1280
2847 1652
2848 2330
2849 1747
2850 2328
2851 2837
2852 2501
2853 1412
2854 2328
2855 1268
2856 1045
2857 1201
2858 1832
2859 1652
2860 2138
2861 271
2862 556
2863 2328
2864 2454
2865 464
2866 642
2867 1645
2868 819
2869 2700
2870 1602
2871 288
2872 1699
2873 1261
2874 995
2875 2680
2876 2014
2877 2025
2878 648
2879 471
2880 2704
2881 1987
2882 1888
2883 2055
2884 2340
2885 2680
2886 2615
2887 1351
2888 1507
2889 2432
2890 2746
2891 2730
2892 1779
2893 2796
2894 2479
2895 728
2896 2805
2897 2872
2898 1112
2899 2802
2900 2066
2901 1779
2902 1273
2903 2328
2904 1857
2905 510
2906 2143
2907 1441
2908 497
2909 1259
2910 1972
2911 2317
2912 989
2913 637
2914 2138
2915 1592
2916 2257
2917 1430
2918 1167
2919 1546
2920 995
2921 1568
2922 2123
2923 2620
2924 525
2925 1112
2926 2076
2927 2497
2928 1779
2929 2852
2930 1671
2931 1292
2932 2718
2933 1168
2934 2843
2935 1440
2936 2862
2937 1408
2938 2680
2939 2328
2940 717
2941 2894
2942 2596
2943 2902
2944 1526
2945 1064
2946 428
2947 1445
2948 651
2949 568
2950 1549
2951 573
2952 938
2953 2872
2954 1216
2955 2066
2956 2095
2957 2318
2958 2267
2959 2580
2960 730
2961 2277
2962 936
2963 2730
2964 1444
2965 1782
2966 1868
2967 1793
2968 2012
2969 1779
2970 2540
2971 1009
2972 2120
2973 2792
2974 1516
2975 2271
2976 717
2977 1324
2978 2090
2979 868
2980 1214
2981 958
2982 2595
2983 2317
2984 2628
2985 432
2986 1718
2987 2709
2988 910
2989 2037
2990 1292
2991 1886
2992 2846
2993 2298
2994 2306
2995 2557
2996 2239
2997 2660
2998 1352
2999 807
3000 2513
3001 1579
3002 2704
3003 755
3004 244
3005 2738
3006 2328
3007 2446
3008 671
3009 1001
3010 2872
3011 2486
3012 1077
3013 2634
3014 2322
3015 2176
3016 1647
3017 2693
3018 2506
3019 2432
3020 1492
3021 1542
3022 692
3023 1220
3024 1353
3025 2872
3026 2658
3027 1745
3028 938
3029 152
3030 2120
3031 1946
3032 405
3033 2018
3034 2738
3035 1513
3036 2218
3037 2542
3038 2203
3039 2566
3040 2153
3041 1113
3042 381
3043 2024
3044 1747
3045 1710
3046 2738
3047 1545
3048 1878
3049 2545
3050 2201
3051 2138
3052 2413
3053 1617
3054 1352
3055 1612
3056 248
3057 1933
3058 2519
3059 66
3060 1730
3061 2517
3062 2872
3063 1652
3064 1376
3065 2464
3066 517
3067 2660
3068 1753
3069 2451
3070 2646
3071 1362
3072 2555
3073 1690
3074 1542
3075 1777
3076 2404
3077 2694
3078 912
3079 2512
3080 117
3081 1444
3082 2872
3083 936
3084 1484
3085 1058
3086 2216
3087 610
3088 1662
3089 2833
3090 1470
3091 2594
3092 3017
3093 2432
3094 1931
3095 2713
3096 2872
3097 2927
3098 78
3099 2418
3100 575
3101 274
3102 1731
3103 1220
3104 2731
3105 784
3106 1542
3107 2478
3108 2340
3109 2279
3110 2118
3111 2641
3112 1512
3113 3064
3114 1019
3115 3094
3116 812
3117 1477
3118 471
3119 1945
3120 2636
3121 2704
3122 1509
3123 857
3124 2758
3125 2232
3126 2518
3127 2679
3128 2252
3129 2328
3130 2765
3131 250
3132 2400
3133 839
3134 387
3135 857
3136 3018
3137 2781
3138 1647
3139 1228
3140 1855
3141 2045
3142 3130
3143 1087
3144 2007
3145 2910
3146 2105
3147 1021
3148 2651
3149 2199
3150 896
3151 1445
3152 1072
3153 775
3154 2201
3155 2956
3156 1413
3157 1608
3158 2548
3159 2660
3160 2157
3161 414
3162 2888
3163 827
3164 2739
3165 990
3166 2322
3167 2801
3168 3033
3169 2862
3170 510
3171 994
3172 642
3173 1944
3174 2422
3175 672
3176 2418
3177 2365
3178 635
3179 1808
3180 1557
3181 1228
3182 2201
3183 2201
3184 2331
3185 1613
3186 2967
3187 2282
3188 2014
3189 377
3190 2890
3191 1003
3192 1958
3193 669
3194 385
3195 1287
3196 2501
3197 983
3198 2513
3199 471
3200 2007
3201 1349
3202 1948
3203 349
3204 3009
3205 1493
3206 573
3207 2704
3208 2328
3209 3038
3210 910
3211 1130
3212 1727
3213 1277
3214 945
3215 2319
3216 1632
3217 1747
3218 2570
3219 2872
3220 3193
3221 2717
3222 1560
3223 953
3224 2201
3225 2017
3226 2175
3227 958
3228 2527
3229 858
3230 372
3231 2802
3232 641
3233 2120
3234 1441
3235 2872
3236 2149
3237 2829
3238 2902
3239 3229
3240 1245
3241 3188
3242 2700
3243 2956
3244 1796
3245 3170
3246 3019
3247 646
3248 2021
3249 2838
3250 1801
3251 2076
3252 2950
3253 3164
3254 2261
3255 914
3256 1231
3257 2232
3258 2936
3259 2601
3260 2047
3261 3251
3262 1477
3263 862
3264 1292
3265 3001
3266 3159
3267 1641
3268 1818
3269 3128
3270 2826
3271 1237
3272 925
3273 3246
3274 1566
3275 2328
3276 2675
3277 2296
3278 3119
3279 892
3280 1693
3281 1158
3282 1358
3283 1804
3284 1393
3285 81
3286 3109
3287 961
3288 2738
3289 1975
3290 1510
3291 2761
3292 2902
3293 1994
3294 2110
3295 931
3296 1108
3297 1647
3298 1740
3299 2138
3300 2587
3301 2283
3302 531
3303 1779
3304 663
3305 1117
3306 1344
3307 2975
3308 1118
3309 1745
3310 2328
3311 2872
3312 131
3313 3257
3314 1324
3315 1288
3316 1831
3317 2288
3318 934
3319 2887
3320 3150
3321 2641
3322 3081
3323 2913
3324 2892
3325 1344
3326 3059
3327 2405
3328 2380
3329 3234
3330 3081
3331 2398
3332 2283
3333 2519
3334 2656
3335 2120
3336 1602
3337 1051
3338 2750
3339 2021
3340 2965
3341 3328
3342 1779
3343 3309
3344 2507
3345 2120
3346 1542
3347 1794
3348 2872
3349 1419
3350 3081
3351 315
3352 429
3353 874
3354 2120
3355 1287
3356 1106
3357 2792
3358 1745
3359 2716
3360 1690
3361 3100
3362 2567
3363 2557
3364 2197
3365 2730
3366 1467
3367 2519
3368 641
3369 1726
3370 3192
3371 1597
3372 526
3373 3100
3374 2134
3375 2328
3376 2214
3377 1256
3378 1784
3379 3321
3380 878
3381 2680
3382 619
3383 1076
3384 2680
3385 1923
3386 3368
3387 2825
3388 3268
3389 1814
3390 3141
3391 2738
3392 2328
3393 3061
3394 1779
3395 3100
3396 1110
3397 1087
3398 1058
3399 92
3400 487
3401 1000
3402 2085
3403 1172
3404 1644
3405 268
3406 395
3407 109
3408 2253
3409 635
3410 1
3411 458
3412 307
3413 34
3414 7
3415 280
3416 79
3417 1624
3418 17
3419 1177
3420 907
3421 1807
3422 1095
3423 2112
3424 1106
3425 2237
3426 31
3427 3326
3428 805
3429 2310
3430 557
3431 906
3432 83
3433 2548
3434 62
3435 1237
3436 873
3437 473
3438 1194
3439 413
3440 122
3441 1666
3442 977
3443 3285
3444 386
3445 840
3446 1305
3447 2530
3448 2719
3449 592
3450 244
3451 54
3452 54
3453 321
3454 3162
3455 1941
3456 382
3457 618
3458 1756
3459 501
3460 2767
3461 65
3462 529
3463 552
3464 164
3465 425
3466 2230
3467 159
3468 871
3469 101
3470 198
3471 112
3472 1380
3473 178
3474 291
3475 513
3476 1227
3477 2832
3478 2270
3479 2917
3480 2960
3481 2307
3482 1229
3483 3230
3484 82
3485 3227
3486 1257
3487 1230
3488 2113
3489 982
3490 925
3491 185
3492 80
3493 76
3494 2134
3495 345
3496 2749
3497 2674
3498 2283
3499 76
3500 76
3501 3329
3502 230
3503 690
3504 1845
3505 348
3506 2436
3507 2439
3508 745
3509 2036
3510 3098
3511 2525
3512 1696
3513 455
3514 637
3515 2613
3516 2782
3517 90
3518 2135
3519 491
3520 96
3521 2827
3522 1893
3523 80
3524 1050
3525 1473
3526 1508
3527 649
3528 1876
3529 367
3530 2631
3531 95
3532 320
3533 2256
3534 431
3535 1092
3536 135
3537 359
3538 199
3539 222
3540 98
3541 397
3542 665
3543 2831
3544 2510
3545 105
3546 104
3547 261
3548 437
3549 1528
3550 2317
3551 1310
3552 1875
3553 866
3554 1187
3555 131
3556 3075
3557 1134
3558 1041
3559 1959
3560 1119
3561 276
3562 910
3563 1320
3564 2636
3565 278
3566 312
3567 2930
3568 1664
3569 3080
3570 1989
3571 366
3572 127
3573 209
3574 3131
3575 470
3576 2141
3577 1518
3578 1851
3579 954
3580 344
3581 149
3582 3390
3583 128
3584 427
3585 130
3586 3312
3587 894
3588 518
3589 131
3590 3020
3591 2260
3592 131
3593 1813
3594 2008
3595 131
3596 241
3597 2971
3598 131
3599 3296
3600 2393
3601 572
3602 932
3603 161
3604 131
3605 1535
3606 1130
3607 163
3608 757
3609 135
3610 255
3611 1045
3612 481
3613 2845
3614 233
3615 2766
3616 138
3617 171
3618 1550
3619 2177
3620 544
3621 2502
3622 1055
3623 143
3624 392
3625 540
3626 1607
3627 143
3628 1066
3629 2915
3630 1322
3631 536
3632 1128
3633 223
3634 340
3635 184
3636 1722
3637 2427
3638 1969
3639 3029
3640 152
3641 337
3642 3256
3643 782
3644 2945
3645 155
3646 2564
3647 267
3648 875
3649 1444
3650 158
3651 813
3652 695
3653 1434
3654 160
3655 3274
3656 1572
3657 812
3658 1182
3659 160
3660 1490
3661 509
3662 466
3663 2632
3664 160
3665 1002
3666 161
3667 793
3668 161
3669 161
3670 365
3671 161
3672 735
3673 200
3674 1337
3675 496
3676 161
3677 3056
3678 2592
3679 3191
3680 928
3681 2694
3682 490
3683 1449
3684 956
3685 2288
3686 708
3687 161
3688 161
3689 1427
3690 626
3691 3362
3692 1733
3693 1787
3694 960
3695 2604
3696 1674
3697 310
3698 589
3699 1711
3700 2259
3701 1239
3702 183
3703 2751
3704 1151
3705 183
3706 655
3707 1015
3708 378
3709 2431
3710 183
3711 358
3712 675
3713 992
3714 284
3715 183
3716 1137
3717 2166
3718 184
3719 184
3720 195
3721 1284
3722 1854
3723 1173
3724 195
3725 196
3726 1911
3727 1820
3728 204
3729 2709
3730 206
3731 1258
3732 209
3733 613
3734 2477
3735 508
3736 1234
3737 1463
3738 1489
3739 1275
3740 555
3741 222
3742 1418
3743 224
3744 226
3745 1458
3746 1332
3747 229
3748 1828
3749 645
3750 1029
3751 2001
3752 3383
3753 526
3754 239
3755 2156
3756 2360
3757 1261
3758 389
3759 2029
3760 403
3761 242
3762 1465
3763 3004
3764 2687
3765 825
3766 1986
3767 244
3768 244
3769 244
3770 1957
3771 308
3772 244
3773 244
3774 2226
3775 244
3776 2684
3777 1205
3778 245
3779 766
3780 2861
3781 2293
3782 249
3783 547
3784 250
3785 251
3786 483
3787 2193
3788 281
3789 1211
3790 471
3791 254
3792 694
3793 1929
3794 786
3795 1951
3796 2912
3797 418
3798 741
3799 3114
3800 1767
3801 936
3802 2303
3803 2697
3804 2682
3805 714
3806 273
3807 504
3808 723
3809 1963
3810 1410
3811 2742
3812 300
3813 1204
3814 897
3815 260
3816 2667
3817 260
3818 1543
3819 407
3820 260
3821 260
3822 1907
3823 751
3824 1071
3825 2050
3826 1669
3827 1645
3828 627
3829 263
3830 699
3831 2327
3832 302
3833 1829
3834 1077
3835 2868
3836 339
3837 1163
3838 978
3839 469
3840 266
3841 3070
3842 266
3843 266
3844 1222
3845 266
3846 266
3847 575
3848 277
3849 857
3850 266
3851 3302
3852 1452
3853 440
3854 267
3855 1679
3856 914
3857 2262
3858 2878
3859 2581
3860 271
3861 2466
3862 271
3863 1282
3864 1563
3865 517
3866 3225
3867 1192
3868 271
3869 1896
3870 272
3871 563
3872 882
3873 1129
3874 273
3875 1373
3876 273
3877 1538
3878 2198
3879 2224
3880 273
3881 2457
3882 273
3883 1939
3884 2865
3885 941
3886 273
3887 2032
3888 3101
3889 274
3890 2875
3891 548
3892 1619
3893 274
3894 2500
3895 343
3896 810
3897 704
3898 275
3899 362
3900 1247
3901 974
3902 275
3903 275
3904 479
3905 349
3906 1059
3907 2887
3908 275
3909 924
3910 275
3911 275
3912 2529
3913 3249
3914 1981
3915 420
3916 299
3917 1554
3918 447
3919 298
3920 2815
3921 858
3922 275
3923 2308
3924 797
3925 305
3926 538
3927 2785
3928 652
3929 286
3930 287
3931 2871
3932 994
3933 289
3934 419
3935 293
3936 301
3937 294
3938 294
3939 294
3940 2508
3941 2918
3942 294
3943 2812
3944 743
3945 415
3946 302
3947 2347
3948 2209
3949 1226
3950 580
3951 303
3952 416
3953 303
3954 1330
3955 2212
3956 2895
3957 670
3958 304
3959 836
3960 304
3961 1428
3962 1251
3963 2711
3964 305
3965 305
3966 2820
3967 2076
3968 2368
3969 703
3970 305
3971 1585
3972 2180
3973 967
3974 831
3975 314
3976 315
3977 979
3978 3351
3979 2479
3980 2402
3981 1028
3982 316
3983 1631
3984 2057
3985 320
3986 796
3987 327
3988 328
3989 328
3990 328
3991 329
3992 1872
3993 965
3994 2172
3995 562
3996 901
3997 332
3998 335
3999 333
4000 335
4001 435
4002 337
4003 1321
4004 1437
4005 337
4006 337
4007 337
4008 338
4009 338
4010 1474
4011 1073
4012 338
4013 2268
4014 725
4015 341
4016 1706
4017 512
4018 1175
4019 1070
4020 643
4021 345
4022 1885
4023 448
4024 347
4025 1639
4026 3087
4027 1102
4028 2734
4029 1926
4030 349
4031 2401
4032 3203
4033 349
4034 2481
4035 1390
4036 1868
4037 1287
4038 349
4039 2374
4040 515
4041 734
4042 1899
4043 847
4044 686
4045 352
4046 2403
4047 791
4048 439
4049 3242
4050 357
4051 359
4052 1133
4053 360
4054 692
4055 2967
4056 1323
4057 3206
4058 3382
4059 854
4060 697
4061 1810
4062 2775
4063 2672
4064 2056
4065 370
4066 2924
4067 371
4068 372
4069 1162
4070 1268
4071 376
4072 712
4073 1094
4074 3189
4075 917
4076 1521
4077 696
4078 381
4079 3042
4080 950
4081 1785
4082 2905
4083 2961
4084 385
4085 385
4086 385
4087 3194
4088 3008
4089 385
4090 1676
4091 534
4092 3134
4093 535
4094 1653
4095 392
4096 394
4097 394
4098 767
4099 2184
4100 1792
4101 398
4102 401
4103 1847
4104 3032
4105 405
4106 1193
4107 405
4108 405
4109 2046
4110 1895
4111 405
4112 2119
4113 405
4114 1400
4115 1027
4116 1417
4117 3325
4118 606
4119 1842
4120 1529
4121 405
4122 463
4123 405
4124 2169
4125 408
4126 409
4127 1629
4128 411
4129 2585
4130 1714
4131 3349
4132 1236
4133 1399
4134 2290
4135 1292
4136 543
4137 414
4138 3161
4139 414
4140 493
4141 414
4142 414
4143 414
4144 2698
4145 414
4146 414
4147 639
4148 414
4149 1948
4150 3252
4151 863
4152 2770
4153 881
4154 2092
4155 594
4156 421
4157 422
4158 1435
4159 428
4160 2424
4161 451
4162 2946
4163 429
4164 3352
4165 1439
4166 1025
4167 1012
4168 498
4169 2985
4170 432
4171 2516
4172 1414
4173 1149
4174 435
4175 799
4176 849
4177 2458
4178 439
4179 1144
4180 2040
4181 824
4182 1228
4183 672
4184 440
4185 593
4186 440
4187 1826
4188 664
4189 440
4190 3287
4191 930
4192 764
4193 1479
4194 1120
4195 440
4196 940
4197 3163
4198 440
4199 440
4200 440
4201 2409
4202 2704
4203 676
4204 440
4205 441
4206 1214
4207 1313
4208 1559
4209 442
4210 1062
4211 677
4212 1225
4213 444
4214 938
4215 2577
4216 1235
4217 660
4218 447
4219 528
4220 448
4221 1837
4222 1651
4223 1246
4224 448
4225 3236
4226 448
4227 2034
4228 1636
4229 1713
4230 455
4231 2590
4232 455
4233 2821
4234 455
4235 455
4236 1501
4237 2569
4238 455
4239 2370
4240 1460
4241 457
4242 460
4243 1908
4244 461
4245 2231
4246 2639
4247 1819
4248 464
4249 949
4250 1412
4251 464
4252 2583
4253 464
4254 464
4255 724
4256 464
4257 3078
4258 464
4259 1625
4260 1732
4261 2278
4262 464
4263 464
4264 464
4265 1155
4266 464
4267 464
4268 464
4269 1796
4270 464
4271 464
4272 1280
4273 464
4274 507
4275 1614
4276 465
4277 711
4278 476
4279 468
4280 468
4281 1569
4282 3247
4283 1013
4284 470
4285 579
4286 1955
4287 1047
4288 2536
4289 470
4290 1987
4291 1049
4292 470
4293 2509
4294 2319
4295 1601
4296 1368
4297 470
4298 471
4299 3133
4300 3118
4301 715
4302 1348
4303 1303
4304 916
4305 471
4306 1685
4307 471
4308 1470
4309 2316
4310 1720
4311 779
4312 3199
4313 1103
4314 2138
4315 2879
4316 471
4317 471
4318 602
4319 2129
4320 2069
4321 472
4322 2022
4323 1232
4324 472
4325 1218
4326 1879
4327 476
4328 2701
4329 576
4330 476
4331 2756
4332 479
4333 479
4334 480
4335 2228
4336 483
4337 483
4338 484
4339 1376
4340 489
4341 2216
4342 491
4343 1590
4344 492
4345 494
4346 494
4347 798
4348 2456
4349 497
4350 497
4351 2908
4352 2624
4353 2281
4354 500
4355 3201
4356 2656
4357 582
4358 503
4359 2136
4360 642
4361 509
4362 905
4363 510
4364 1453
4365 3170
4366 510
4367 511
4368 1850
4369 838
4370 612
4371 3066
4372 517
4373 1739
4374 811
4375 1245
4376 520
4377 923
4378 520
4379 520
4380 1200
4381 1782
4382 1599
4383 1279
4384 521
4385 1984
4386 2496
4387 2074
4388 585
4389 1276
4390 526
4391 890
4392 526
4393 2738
4394 2597
4395 526
4396 903
4397 526
4398 1221
4399 984
4400 3372
4401 2121
4402 2677
4403 551
4404 527
4405 527
4406 1779
4407 527
4408 1646
4409 1966
4410 2565
4411 527
4412 1190
4413 528
4414 528
4415 2989
4416 748
4417 1138
4418 1161
4419 1758
4420 543
4421 1761
4422 2944
4423 3212
4424 544
4425 1216
4426 544
4427 546
4428 1168
4429 550
4430 551
4431 551
4432 893
4433 3304
4434 552
4435 1365
4436 552
4437 552
4438 2423
4439 1208
4440 848
4441 567
4442 2174
4443 1089
4444 2588
4445 1595
4446 553
4447 554
4448 554
4449 1191
4450 1020
4451 607
4452 2004
4453 955
4454 554
4455 1367
4456 1841
4457 3258
4458 557
4459 557
4460 1379
4461 1834
4462 1956
4463 761
4464 558
4465 558
4466 2445
4467 1506
4468 2073
4469 558
4470 1812
4471 563
4472 2695
4473 1495
4474 564
4475 564
4476 565
4477 1615
4478 2299
4479 567
4480 1469
4481 568
4482 2367
4483 2486
4484 682
4485 1597
4486 2949
4487 828
4488 568
4489 568
4490 2769
4491 568
4492 568
4493 568
4494 2806
4495 568
4496 568
4497 768
4498 2482
4499 773
4500 1537
4501 2702
4502 568
4503 2356
4504 568
4505 568
4506 568
4507 568
4508 568
4509 568
4510 2097
4511 1621
4512 951
4513 586
4514 2027
4515 2437
4516 2352
4517 737
4518 1478
4519 568
4520 568
4521 1219
4522 568
4523 1650
4524 3193
4525 1944
4526 1338
4527 568
4528 568
4529 2996
4530 568
4531 1308
4532 568
4533 2463
4534 1961
4535 568
4536 2683
4537 568
4538 2571
4539 568
4540 944
4541 1026
4542 2255
4543 570
4544 2935
4545 570
4546 1042
4547 2372
4548 1725
4549 1567
4550 573
4551 2559
4552 2951
4553 573
4554 574
4555 3100
4556 2031
4557 581
4558 900
4559 584
4560 587
4561 1165
4562 587
4563 818
4564 591
4565 2382
4566 591
4567 592
4568 593
4569 2940
4570 594
4571 1396
4572 1515
4573 1482
4574 2016
4575 596
4576 596
4577 1892
4578 598
4579 908
4580 817
4581 2127
4582 658
4583 2493
4584 3152
4585 2662
4586 2523
4587 3289
4588 605
4589 605
4590 605
4591 605
4592 1833
4593 1803
4594 607
4595 1152
4596 608
4597 609
4598 1333
4599 609
4600 609
4601 1754
4602 2019
4603 613
4604 628
4605 613
4606 2107
4607 2780
4608 615
4609 1127
4610 619
4611 621
4612 623
4613 624
4614 1748
4615 759
4616 628
4617 629
4618 629
4619 629
4620 1213
4621 630
4622 630
4623 823
4624 632
4625 632
4626 1326
4627 634
4628 1882
4629 1967
4630 634
4631 2840
4632 1265
4633 635
4634 874
4635 3178
4636 2442
4637 1933
4638 1445
4639 2041
4640 635
4641 1197
4642 2266
4643 635
4644 2651
4645 635
4646 2115
4647 2099
4648 635
4649 2269
4650 636
4651 1838
4652 636
4653 2358
4654 1859
4655 2896
4656 636
4657 636
4658 636
4659 636
4660 636
4661 803
4662 1883
4663 636
4664 1217
4665 705
4666 2913
4667 1031
4668 2070
4669 3232
4670 993
4671 1477
4672 641
4673 641
4674 946
4675 2655
4676 3368
4677 732
4678 641
4679 760
4680 1048
4681 642
4682 642
4683 642
4684 642
4685 2521
4686 3172
4687 642
4688 2866
4689 1517
4690 642
4691 1166
4692 642
4693 2608
4694 642
4695 2822
4696 1800
4697 642
4698 942
4699 642
4700 642
4701 642
4702 1272
4703 642
4704 642
4705 642
4706 642
4707 642
4708 740
4709 3095
4710 689
4711 642
4712 642
4713 642
4714 1936
4715 642
4716 1346
4717 731
4718 2163
4719 642
4720 642
4721 1382
4722 1169
4723 2189
4724 2625
4725 1267
4726 1300
4727 642
4728 642
4729 642
4730 2238
4731 642
4732 889
4733 646
4734 1148
4735 647
4736 647
4737 2515
4738 1534
4739 1881
4740 2557
4741 2948
4742 651
4743 1628
4744 657
4745 657
4746 3214
4747 2658
4748 661
4749 661
4750 1099
4751 963
4752 661
4753 1587
4754 1672
4755 800
4756 672
4757 3175
4758 1184
4759 2681
4760 676
4761 676
4762 2443
4763 2365
4764 2233
4765 1815
4766 2638
4767 1519
4768 2614
4769 678
4770 937
4771 1553
4772 1107
4773 681
4774 1686
4775 2735
4776 772
4777 684
4778 1186
4779 687
4780 688
4781 1022
4782 688
4783 688
4784 1383
4785 2671
4786 688
4787 688
4788 689
4789 689
4790 689
4791 1366
4792 2389
4793 689
4794 689
4795 1871
4796 3022
4797 695
4798 1199
4799 2065
4800 1283
4801 700
4802 700
4803 1921
4804 1730
4805 2494
4806 2020
4807 1486
4808 703
4809 703
4810 3385
4811 704
4812 2710
4813 3259
4814 704
4815 704
4816 1369
4817 705
4818 855
4819 707
4820 709
4821 1241
4822 1668
4823 2378
4824 711
4825 1691
4826 2415
4827 711
4828 1940
4829 711
4830 711
4831 711
4832 712
4833 712
4834 1188
4835 2489
4836 714
4837 714
4838 3253
4839 714
4840 1884
4841 714
4842 714
4843 2976
4844 2771
4845 2178
4846 3277
4847 1269
4848 2139
4849 1288
4850 721
4851 1825
4852 2094
4853 2118
4854 721
4855 2574
4856 1816
4857 922
4858 1464
4859 2754
4860 3071
4861 724
4862 725
4863 1091
4864 731
4865 1641
4866 734
4867 736
4868 736
4869 769
4870 2023
4871 2857
4872 739
4873 2297
4874 739
4875 740
4876 1159
4877 743
4878 935
4879 743
4880 744
4881 745
4882 2657
4883 747
4884 2786
4885 1334
4886 748
4887 748
4888 2618
4889 748
4890 748
4891 3318
4892 749
4893 749
4894 750
4895 751
4896 753
4897 755
4898 1656
4899 755
4900 1240
4901 771
4902 3003
4903 1603
4904 1398
4905 1485
4906 755
4907 2082
4908 755
4909 1409
4910 1352
4911 757
4912 2275
4913 1977
4914 757
4915 1462
4916 3268
4917 3380
4918 757
4919 757
4920 859
4921 757
4922 1877
4923 2053
4924 763
4925 1289
4926 1692
4927 764
4928 2110
4929 1446
4930 765
4931 766
4932 770
4933 2794
4934 772
4935 1250
4936 773
4937 3153
4938 2546
4939 776
4940 776
4941 777
4942 1386
4943 2067
4944 1947
4945 3298
4946 2429
4947 3179
4948 2541
4949 1080
4950 784
4951 981
4952 3105
4953 787
4954 3084
4955 2264
4956 787
4957 787
4958 2336
4959 851
4960 789
4961 792
4962 2164
4963 796
4964 1681
4965 799
4966 1840
4967 3366
4968 804
4969 804
4970 806
4971 2999
4972 807
4973 809
4974 809
4975 2170
4976 2670
4977 810
4978 2142
4979 810
4980 810
4981 810
4982 2620
4983 810
4984 2291
4985 810
4986 1101
4987 3036
4988 1238
4989 3116
4990 812
4991 1760
4992 813
4993 817
4994 2689
4995 821
4996 829
4997 826
4998 1974
4999 1764
5000 826
5001 2394
5002 2986
5003 2272
5004 826
5005 842
5006 1736
5007 2647
5008 832
5009 833
5010 833
5011 1743
5012 833
5013 1523
5014 838
5015 1524
5016 2000
5017 844
5018 844
5019 845
5020 845
5021 845
5022 2707
5023 1735
5024 845
5025 1277
5026 849
5027 851
5028 851
5029 853
5030 853
5031 2816
5032 1781
5033 2096
5034 857
5035 2003
5036 857
5037 857
5038 888
5039 3123
5040 1356
5041 2414
5042 3135
5043 857
5044 1085
5045 2720
5046 1712
5047 857
5048 857
5049 2194
5050 857
5051 2052
5052 858
5053 3239
5054 2213
5055 861
5056 3263
5057 862
5058 863
5059 3357
5060 2979
5061 868
5062 2179
5063 869
5064 1880
5065 3353
5066 880
5067 880
5068 880
5069 880
5070 1432
5071 1775
5072 2160
5073 1972
5074 882
5075 1564
5076 886
5077 2313
5078 1471
5079 2081
5080 2696
5081 891
5082 3279
5083 2251
5084 2009
5085 894
5086 894
5087 895
5088 2909
5089 959
5090 1579
5091 3150
5092 1081
5093 1942
5094 896
5095 1315
5096 897
5097 1932
5098 1512
5099 901
5100 903
5101 1394
5102 2462
5103 908
5104 2305
5105 2549
5106 910
5107 2988
5108 910
5109 910
5110 910
5111 1726
5112 910
5113 3210
5114 3255
5115 1142
5116 915
5117 2461
5118 948
5119 920
5120 920
5121 2234
5122 1371
5123 920
5124 920
5125 1270
5126 1716
5127 921
5128 1424
5129 921
5130 921
5131 1677
5132 2602
5133 1260
5134 923
5135 1233
5136 1450
5137 923
5138 923
5139 1082
5140 923
5141 2175
5142 1355
5143 957
5144 923
5145 923
5146 925
5147 925
5148 2059
5149 3272
5150 1749
5151 927
5152 1179
5153 1898
5154 929
5155 930
5156 930
5157 3295
5158 1295
5159 1442
5160 932
5161 2095
5162 934
5163 934
5164 936
5165 936
5166 2962
5167 1391
5168 1488
5169 1364
5170 2809
5171 2692
5172 3083
5173 936
5174 2544
5175 2201
5176 2243
5177 2002
5178 938
5179 938
5180 3028
5181 938
5182 938
5183 2952
5184 938
5185 1060
5186 2763
5187 938
5188 938
5189 938
5190 1425
5191 1920
5192 1100
5193 2330
5194 938
5195 943
5196 944
5197 987
5198 951
5199 2741
5200 951
5201 951
5202 972
5203 953
5204 953
5205 3223
5206 2788
5207 1606
5208 957
5209 957
5210 957
5211 957
5212 2247
5213 1178
5214 2981
5215 2644
5216 963
5217 1931
5218 2047
5219 973
5220 973
5221 2151
5222 2753
5223 975
5224 2434
5225 1514
5226 2341
5227 979
5228 2997
5229 983
5230 3197
5231 2468
5232 1024
5233 985
5234 2715
5235 1971
5236 988
5237 1640
5238 3165
5239 1007
5240 2124
5241 991
5242 1914
5243 991
5244 3360
5245 1620
5246 3015
5247 1117
5248 3171
5249 994
5250 1996
5251 1189
5252 3316
5253 994
5254 994
5255 994
5256 2093
5257 2874
5258 1224
5259 995
5260 1618
5261 2561
5262 995
5263 995
5264 1316
5265 2417
5266 1118
5267 2920
5268 995
5269 1970
5270 995
5271 999
5272 1580
5273 1000
5274 2444
5275 1000
5276 1000
5277 3009
5278 1925
5279 1005
5280 1600
5281 1403
5282 1005
5283 1005
5284 1448
5285 1005
5286 1009
5287 1009
5288 1009
5289 1976
5290 1012
5291 1404
5292 1012
5293 1586
5294 1017
5295 2349
5296 1018
5297 1061
5298 1019
5299 1019
5300 3147
5301 1509
5302 1867
5303 1496
5304 1023
5305 1253
5306 1023
5307 1023
5308 1023
5309 1024
5310 1024
5311 1610
5312 2666
5313 1027
5314 1029
5315 1034
5316 1035
5317 2186
5318 2723
5319 1035
5320 1632
5321 2397
5322 1039
5323 1039
5324 2071
5325 1039
5326 1039
5327 1039
5328 2849
5329 1040
5330 1043
5331 1043
5332 1043
5333 1043
5334 1043
5335 1043
5336 2338
5337 1591
5338 1044
5339 1821
5340 1044
5341 1044
5342 1522
5343 1044
5344 1044
5345 1044
5346 1044
5347 1044
5348 1915
5349 1924
5350 1588
5351 1045
5352 2856
5353 1046
5354 1046
5355 1046
5356 1047
5357 1047
5358 1049
5359 1049
5360 1051
5361 1387
5362 2363
5363 2302
5364 2665
5365 3337
5366 1051
5367 1051
5368 2298
5369 1483
5370 1054
5371 1054
5372 1055
5373 1055
5374 1212
5375 1055
5376 1056
5377 1058
5378 3085
5379 1058
5380 1058
5381 1058
5382 1059
5383 2977
5384 1203
5385 1075
5386 1060
5387 1060
5388 1062
5389 1062
5390 1466
5391 1067
5392 1070
5393 2925
5394 1070
5395 1070
5396 1070
5397 1070
5398 1070
5399 1207
5400 1702
5401 1070
5402 1158
5403 1070
5404 1759
5405 1070
5406 1071
5407 2061
5408 1071
5409 1071
5410 1072
5411 2532
5412 1262
5413 1075
5414 1075
5415 3012
5416 1078
5417 1080
5418 1081
5419 1083
5420 1083
5421 2726
5422 1623
5423 1084
5424 1084
5425 1085
5426 1156
5427 2703
5428 1087
5429 1087
5430 1299
5431 1087
5432 1087
5433 1087
5434 1087
5435 3143
5436 1087
5437 1087
5438 1087
5439 2762
5440 1438
5441 1087
5442 2889
5443 1087
5444 1087
5445 1087
5446 1087
5447 1088
5448 1088
5449 1090
5450 1786
5451 1869
5452 2114
5453 1202
5454 2361
5455 1099
5456 1102
5457 1103
5458 1540
5459 1103
5460 2075
5461 1103
5462 1103
5463 1104
5464 2503
5465 3356
5466 1616
5467 1106
5468 2155
5469 1112
5470 1112
5471 2898
5472 3041
5473 1360
5474 1768
5475 2413
5476 1630
5477 1117
5478 1117
5479 1117
5480 1117
5481 2728
5482 2841
5483 1117
5484 3305
5485 1117
5486 1117
5487 1117
5488 1117
5489 2579
5490 1118
5491 1118
5492 1118
5493 1118
5494 1377
5495 1118
5496 3308
5497 1118
5498 1891
5499 1327
5500 1118
5501 2447
5502 1118
5503 2605
5504 1118
5505 1120
5506 1544
5507 1122
5508 1341
5509 1122
5510 1374
5511 2412
5512 1128
5513 3061
5514 1130
5515 1130
5516 1130
5517 1130
5518 1130
5519 2467
5520 3211
5521 1130
5522 1130
5523 1130
5524 1130
5525 1968
5526 1130
5527 1130
5528 1130
5529 1130
5530 1791
5531 1130
5532 1130
5533 1134
5534 2033
5535 1141
5536 2154
5537 1143
5538 1147
5539 1150
5540 1150
5541 1741
5542 1150
5543 1151
5544 1152
5545 1152
5546 3278
5547 1156
5548 3281
5549 1160
5550 1160
5551 2306
5552 1694
5553 1161
5554 1161
5555 2183
5556 1505
5557 1209
5558 1162
5559 3037
5560 1347
5561 1162
5562 2441
5563 1459
5564 1162
5565 1162
5566 1162
5567 1162
5568 1162
5569 1162
5570 2598
5571 1680
5572 1162
5573 2013
5574 1165
5575 1165
5576 1166
5577 1719
5578 1168
5579 1652
5580 2933
5581 1168
5582 1168
5583 1168
5584 1997
5585 1168
5586 1170
5587 1170
5588 1170
5589 1172
5590 1172
5591 2133
5592 2902
5593 1174
5594 1174
5595 1174
5596 1174
5597 2752
5598 2465
5599 1178
5600 1178
5601 1570
5602 1179
5603 1179
5604 1181
5605 1183
5606 1183
5607 2345
5608 1185
5609 1887
5610 1186
5611 1186
5612 1255
5613 2705
5614 1363
5615 1187
5616 1188
5617 1189
5618 1189
5619 1766
5620 1375
5621 1196
5622 1746
5623 1757
5624 2438
5625 1203
5626 2475
5627 1698
5628 3103
5629 1913
5630 1212
5631 2958
5632 1212
5633 1212
5634 1605
5635 1213
5636 1214
5637 2980
5638 2241
5639 1415
5640 1271
5641 2066
5642 1216
5643 3074
5644 1216
5645 2954
5646 1217
5647 1220
5648 2474
5649 1220
5650 3023
5651 1221
5652 2607
5653 1312
5654 1675
5655 1865
5656 2192
5657 1222
5658 1222
5659 1224
5660 1244
5661 2576
5662 1336
5663 1902
5664 2609
5665 1225
5666 1227
5667 1228
5668 3181
5669 1964
5670 1922
5671 3139
5672 1582
5673 2744
5674 1233
5675 1233
5676 2768
5677 1233
5678 1233
5679 1233
5680 1235
5681 2197
5682 2111
5683 1237
5684 1993
5685 3271
5686 1638
5687 1239
5688 2553
5689 1240
5690 1240
5691 2058
5692 3240
5693 1245
5694 1667
5695 1245
5696 3102
5697 1250
5698 2219
5699 2676
5700 3218
5701 1250
5702 1251
5703 1252
5704 1252
5705 1254
5706 3377
5707 1256
5708 1258
5709 1258
5710 1258
5711 1258
5712 3293
5713 1897
5714 1258
5715 1258
5716 1475
5717 1634
5718 2042
5719 2568
5720 2873
5721 1261
5722 1261
5723 1261
5724 1264
5725 1906
5726 1286
5727 2346
5728 2855
5729 1874
5730 1269
5731 1271
5732 1290
5733 1273
5734 1273
5735 3205
5736 1277
5737 1277
5738 1511
5739 1277
5740 2835
5741 3213
5742 2992
5743 1280
5744 1280
5745 1339
5746 1797
5747 1283
5748 1283
5749 2635
5750 1594
5751 2131
5752 3355
5753 3195
5754 1287
5755 1288
5756 3315
5757 1589
5758 1289
5759 1292
5760 2060
5761 1292
5762 1292
5763 1292
5764 2109
5765 1292
5766 1292
5767 1292
5768 2990
5769 1292
5770 1795
5771 1292
5772 1292
5773 2117
5774 1292
5775 1342
5776 1292
5777 1325
5778 1306
5779 3264
5780 1292
5781 1292
5782 1292
5783 1292
5784 2191
5785 1292
5786 3200
5787 1292
5788 1292
5789 1292
5790 2931
5791 1292
5792 1293
5793 1293
5794 1297
5795 1297
5796 1299
5797 1299
5798 1912
5799 1299
5800 1300
5801 1302
5802 1678
5803 1303
5804 1545
5805 1303
5806 1303
5807 1497
5808 2377
5809 1304
5810 1307
5811 2582
5812 1307
5813 2301
5814 1308
5815 1308
5816 1308
5817 1384
5818 1310
5819 2485
5820 1312
5821 1408
5822 1315
5823 1315
5824 1315
5825 1516
5826 1361
5827 2354
5828 1402
5829 1319
5830 2425
5831 1320
5832 1322
5833 1322
5834 1322
5835 1324
5836 1324
5837 1324
5838 2706
5839 1324
5840 3314
5841 1928
5842 1326
5843 1327
5844 2350
5845 2491
5846 2764
5847 1836
5848 1328
5849 2495
5850 1328
5851 1328
5852 1328
5853 1830
5854 2514
5855 1331
5856 1331
5857 1331
5858 2314
5859 2116
5860 1336
5861 1337
5862 1930
5863 1338
5864 1338
5865 2292
5866 1338
5867 1338
5868 1338
5869 1338
5870 1338
5871 1341
5872 1455
5873 1341
5874 1343
5875 1344
5876 3306
5877 1429
5878 1346
5879 2048
5880 2446
5881 1611
5882 2125
5883 1346
5884 1346
5885 1346
5886 1551
5887 1903
5888 1347
5889 2375
5890 1853
5891 2406
5892 1352
5893 1352
5894 1593
5895 3054
5896 1352
5897 1352
5898 1352
5899 1352
5900 1405
5901 2998
5902 1353
5903 1353
5904 1353
5905 1353
5906 3024
5907 2654
5908 1353
5909 1356
5910 1357
5911 3282
5912 2562
5913 3068
5914 2747
5915 2387
5916 1361
5917 1361
5918 1361
5919 1362
5920 1363
5921 1363
5922 3018
5923 1363
5924 1363
5925 1363
5926 1363
5927 2811
5928 1363
5929 1363
5930 1363
5931 2685
5932 1365
5933 2599
5934 1373
5935 1373
5936 2643
5937 1374
5938 1374
5939 1374
5940 1374
5941 2147
5942 1374
5943 1374
5944 1374
5945 1376
5946 1376
5947 3064
5948 1378
5949 2157
5950 2344
5951 1380
5952 1380
5953 1382
5954 1384
5955 1728
5956 2332
5957 1385
5958 1385
5959 2535
5960 1385
5961 1385
5962 1387
5963 1387
5964 1387
5965 1806
5966 2984
5967 3280
5968 1387
5969 1389
5970 2824
5971 1390
5972 1391
5973 1391
5974 1393
5975 3284
5976 1393
5977 1393
5978 1393
5979 1394
5980 1394
5981 2038
5982 1394
5983 1394
5984 1395
5985 1396
5986 2619
5987 2188
5988 1397
5989 1397
5990 1397
5991 1397
5992 1397
5993 2371
5994 1397
5995 1918
5996 1397
5997 1397
5998 2122
5999 1397
6000 1397
6001 2152
6002 1397
6003 1397
6004 2759
6005 2781
6006 1397
6007 1397
6008 1397
6009 1397
6010 1397
6011 1400
6012 1400
6013 1400
6014 1400
6015 1530
6016 1402
6017 2098
6018 2826
6019 2315
6020 2258
6021 1403
6022 1403
6023 1403
6024 1403
6025 2904
6026 1573
6027 2937
6028 1643
6029 1409
6030 1409
6031 1412
6032 2853
6033 3156
6034 2617
6035 1415
6036 3055
6037 3108
6038 2573
6039 1415
6040 1415
6041 1648
6042 1417
6043 1934
6044 1935
6045 2556
6046 1423
6047 1421
6048 1421
6049 1425
6050 1428
6051 1428
6052 1429
6053 2791
6054 2691
6055 1432
6056 2455
6057 1432
6058 1992
6059 1434
6060 1434
6061 1439
6062 1439
6063 2907
6064 1443
6065 1444
6066 2790
6067 1444
6068 2497
6069 3081
6070 1444
6071 1444
6072 2964
6073 3359
6074 2750
6075 2947
6076 3151
6077 1447
6078 2159
6079 2843
6080 1447
6081 1447
6082 1447
6083 2422
6084 1449
6085 2339
6086 2024
6087 1451
6088 1451
6089 2621
6090 2011
6091 1452
6092 1452
6093 1452
6094 1626
6095 2384
6096 2386
6097 1946
6098 1609
6099 2249
6100 1453
6101 1453
6102 1453
6103 1454
6104 1454
6105 2842
6106 1773
6107 1454
6108 1454
6109 2295
6110 1454
6111 1454
6112 1454
6113 1654
6114 1454
6115 1454
6116 1454
6117 1454
6118 2232
6119 1454
6120 1454
6121 2787
6122 1454
6123 1454
6124 1454
6125 2244
6126 1846
6127 2550
6128 1860
6129 2776
6130 2373
6131 1794
6132 2558
6133 1459
6134 1459
6135 1704
6136 1459
6137 1459
6138 1465
6139 1465
6140 1465
6141 2524
6142 2320
6143 1465
6144 1468
6145 3090
6146 2080
6147 1473
6148 1473
6149 1473
6150 2522
6151 1476
6152 1477
6153 3117
6154 3262
6155 2132
6156 1478
6157 1478
6158 1481
6159 1799
6160 1581
6161 2454
6162 2207
6163 1483
6164 1483
6165 1483
6166 1484
6167 1484
6168 1649
6169 1487
6170 1487
6171 1487
6172 2279
6173 1489
6174 1980
6175 1683
6176 1489
6177 1489
6178 1489
6179 1489
6180 2459
6181 1965
6182 1490
6183 1490
6184 1490
6185 1490
6186 2039
6187 1497
6188 1498
6189 1504
6190 1505
6191 1505
6192 1505
6193 1505
6194 1801
6195 1507
6196 1507
6197 3045
6198 3122
6199 1509
6200 1509
6201 1509
6202 1510
6203 3290
6204 3112
6205 3035
6206 2206
6207 1514
6208 1514
6209 1515
6210 1515
6211 1515
6212 1515
6213 1515
6214 1515
6215 2974
6216 1516
6217 1518
6218 1524
6219 1529
6220 1530
6221 2825
6222 1531
6223 2834
6224 2736
6225 1531
6226 3124
6227 1723
6228 1533
6229 1533
6230 1534
6231 1734
6232 1534
6233 1535
6234 1535
6235 1537
6236 2748
6237 1537
6238 1537
6239 1537
6240 1537
6241 1844
6242 1539
6243 1539
6244 1540
6245 3021
6246 3106
6247 3346
6248 1542
6249 2089
6250 1584
6251 1542
6252 2540
6253 1542
6254 1542
6255 1542
6256 1543
6257 1545
6258 3047
6259 1737
6260 1545
6261 1545
6262 1545
6263 1545
6264 1545
6265 2449
6266 1545
6267 1744
6268 1545
6269 1545
6270 1545
6271 1545
6272 2202
6273 1545
6274 2102
6275 1545
6276 1545
6277 1546
6278 1546
6279 1546
6280 1546
6281 1546
6282 2919
6283 1596
6284 1546
6285 1546
6286 1546
6287 1546
6288 1546
6289 1547
6290 1549
6291 2395
6292 2221
6293 1556
6294 1556
6295 1556
6296 1556
6297 1556
6298 2663
6299 3180
6300 1557
6301 1559
6302 1560
6303 3222
6304 1560
6305 1802
6306 1560
6307 2661
6308 2784
6309 1699
6310 1568
6311 1568
6312 1695
6313 1568
6314 1700
6315 1568
6316 1568
6317 2921
6318 1568
6319 1568
6320 1864
6321 1568
6322 2829
6323 1569
6324 1569
6325 1575
6326 3001
6327 1581
6328 1582
6329 1822
6330 1585
6331 1589
6332 1589
6333 1590
6334 1590
6335 2419
6336 1591
6337 1594
6338 2448
6339 1594
6340 1594
6341 1594
6342 2555
6343 1595
6344 1595
6345 1769
6346 1889
6347 1597
6348 3371
6349 1597
6350 2335
6351 1597
6352 1597
6353 1597
6354 1597
6355 1597
6356 1597
6357 1597
6358 1598
6359 1598
6360 1598
6361 2622
6362 1598
6363 2148
6364 1598
6365 1849
6366 1670
6367 1598
6368 1598
6369 1598
6370 1598
6371 1598
6372 1598
6373 1598
6374 1635
6375 1598
6376 1598
6377 2452
6378 1598
6379 1599
6380 1599
6381 1600
6382 2333
6383 1602
6384 2916
6385 1602
6386 1602
6387 1602
6388 1602
6389 3168
6390 1823
6391 3336
6392 1602
6393 2870
6394 1602
6395 1602
6396 1603
6397 1603
6398 1606
6399 2311
6400 1607
6401 1607
6402 1607
6403 1607
6404 2547
6405 1607
6406 2337
6407 1607
6408 1861
6409 1608
6410 1663
6411 1608
6412 2245
6413 1608
6414 1608
6415 3157
6416 1608
6417 1608
6418 1608
6419 1608
6420 1610
6421 1995
6422 2653
6423 1611
6424 1611
6425 1613
6426 3185
6427 1614
6428 1614
6429 2991
6430 1615
6431 1616
6432 3053
6433 2426
6434 1619
6435 2492
6436 1620
6437 2044
6438 1620
6439 1620
6440 2932
6441 1620
6442 1621
6443 1621
6444 1621
6445 1658
6446 1622
6447 2678
6448 1624
6449 1628
6450 2798
6451 1630
6452 3013
6453 1631
6454 3216
6455 1632
6456 1632
6457 1641
6458 2451
6459 1641
6460 1641
6461 3267
6462 1645
6463 2867
6464 2818
6465 2589
6466 1771
6467 1645
6468 1645
6469 1646
6470 2483
6471 1647
6472 1697
6473 1647
6474 2140
6475 2774
6476 1647
6477 2528
6478 1647
6479 1647
6480 1954
6481 3138
6482 1848
6483 2287
6484 1647
6485 2733
6486 1647
6487 1647
6488 1647
6489 1647
6490 1647
6491 1647
6492 3016
6493 1647
6494 2043
6495 2083
6496 1647
6497 1647
6498 1647
6499 1647
6500 1647
6501 1647
6502 1647
6503 1647
6504 1647
6505 1647
6506 1647
6507 1647
6508 1647
6509 1647
6510 1647
6511 3297
6512 1647
6513 1647
6514 1647
6515 1647
6516 1647
6517 1647
6518 1647
6519 1652
6520 1652
6521 1652
6522 1652
6523 1652
6524 1652
6525 1652
6526 2242
6527 1652
6528 1652
6529 2229
6530 1652
6531 1652
6532 3063
6533 2847
6534 2392
6535 1988
6536 1652
6537 1652
6538 1652
6539 1652
6540 1652
6541 1652
6542 1652
6543 1652
6544 1652
6545 1652
6546 1652
6547 1652
6548 1652
6549 1652
6550 2817
6551 1652
6552 1652
6553 1652
6554 1652
6555 1652
6556 1652
6557 1652
6558 1652
6559 1652
6560 1904
6561 2859
6562 1652
6563 1652
6564 1652
6565 1983
6566 1652
6567 1943
6568 1654
6569 1655
6570 1655
6571 1658
6572 2876
6573 2858
6574 1662
6575 1662
6576 2015
6577 1662
6578 1662
6579 2819
6580 3088
6581 1662
6582 1662
6583 1780
6584 1949
6585 1662
6586 1662
6587 1662
6588 1662
6589 1663
6590 3065
6591 1666
6592 1666
6593 2637
6594 1666
6595 1666
6596 1671
6597 1673
6598 1674
6599 1674
6600 2408
6601 1675
6602 1675
6603 1675
6604 1676
6605 1676
6606 2490
6607 1677
6608 1677
6609 1677
6610 1677
6611 1765
6612 1681
6613 1684
6614 1688
6615 1688
6616 1688
6617 1688
6618 1688
6619 1688
6620 1688
6621 1690
6622 2714
6623 1690
6624 1690
6625 1690
6626 1690
6627 1690
6628 3073
6629 1690
6630 1690
6631 1772
6632 1690
6633 1690
6634 1690
6635 2030
6636 2105
6637 2162
6638 1690
6639 2760
6640 1694
6641 1694
6642 1696
6643 1696
6644 2872
6645 1699
6646 1700
6647 1700
6648 1701
6649 1705
6650 1706
6651 1706
6652 1706
6653 1706
6654 2084
6655 1706
6656 1706
6657 1706
6658 1706
6659 1894
6660 1707
6661 2236
6662 2021
6663 1712
6664 1716
6665 1716
6666 1716
6667 1716
6668 1719
6669 1719
6670 1927
6671 1720
6672 1720
6673 2688
6674 1721
6675 1958
6676 1721
6677 3369
6678 1726
6679 1726
6680 1726
6681 1729
6682 1729
6683 1729
6684 1729
6685 1729
6686 1730
6687 1811
6688 1730
6689 1730
6690 1730
6691 1730
6692 1730
6693 3060
6694 1730
6695 1731
6696 1731
6697 1733
6698 1990
6699 1733
6700 1733
6701 1736
6702 1736
6703 1736
6704 1739
6705 2246
6706 1741
6707 1862
6708 1742
6709 1745
6710 1745
6711 1745
6712 3027
6713 2324
6714 1745
6715 1745
6716 1745
6717 1827
6718 1745
6719 2187
6720 2215
6721 2484
6722 3358
6723 3309
6724 1745
6725 2669
6726 1745
6727 1776
6728 1804
6729 1745
6730 1745
6731 1745
6732 1745
6733 1746
6734 1747
6735 1747
6736 1747
6737 3111
6738 1747
6739 1747
6740 1747
6741 1747
6742 1747
6743 1747
6744 2323
6745 1747
6746 2554
6747 1747
6748 1747
6749 1747
6750 2227
6751 1747
6752 3217
6753 1747
6754 3044
6755 1747
6756 1747
6757 1747
6758 1747
6759 1790
6760 1747
6761 1747
6762 1979
6763 2690
6764 1749
6765 2145
6766 1982
6767 2591
6768 1751
6769 1756
6770 1757
6771 2575
6772 2366
6773 1962
6774 1758
6775 1758
6776 1760
6777 1760
6778 2376
6779 1764
6780 1764
6781 1765
6782 1765
6783 1768
6784 1769
6785 1769
6786 1773
6787 1773
6788 1773
6789 1776
6790 1779
6791 2603
6792 1779
6793 2487
6794 2892
6795 2263
6796 1779
6797 2629
6798 1779
6799 2300
6800 1779
6801 1779
6802 3394
6803 2765
6804 2410
6805 1779
6806 2928
6807 1779
6808 1779
6809 1852
6810 1779
6811 3303
6812 3328
6813 1779
6814 1937
6815 2901
6816 1779
6817 2969
6818 1779
6819 1779
6820 2793
6821 1779
6822 1779
6823 3091
6824 1779
6825 1779
6826 1779
6827 1779
6828 1779
6829 1779
6830 1779
6831 1779
6832 1779
6833 1779
6834 1779
6835 1779
6836 2049
6837 3342
6838 1781
6839 1782
6840 2965
6841 1782
6842 1784
6843 3378
6844 1785
6845 1785
6846 1785
6847 1785
6848 1787
6849 1787
6850 1789
6851 1790
6852 1790
6853 1791
6854 1793
6855 1794
6856 1794
6857 1794
6858 3347
6859 1795
6860 1795
6861 1795
6862 1795
6863 1796
6864 3244
6865 1796
6866 1796
6867 1801
6868 1801
6869 1801
6870 2062
6871 2779
6872 1801
6873 1801
6874 3250
6875 1803
6876 1803
6877 1803
6878 3283
6879 1804
6880 1808
6881 1809
6882 1811
6883 2205
6884 1811
6885 1812
6886 1812
6887 1812
6888 1812
6889 1812
6890 1812
6891 2153
6892 1812
6893 1812
6894 1813
6895 1813
6896 1814
6897 1814
6898 1814
6899 1814
6900 1814
6901 2830
6902 3389
6903 1815
6904 1816
6905 1870
6906 1821
6907 1821
6908 1821
6909 1824
6910 1825
6911 1826
6912 1826
6913 2563
6914 1826
6915 2055
6916 1829
6917 2673
6918 2778
6919 2722
6920 1837
6921 2757
6922 1838
6923 1838
6924 2072
6925 2348
6926 1838
6927 1838
6928 2732
6929 2168
6930 1842
6931 2381
6932 2405
6933 1845
6934 1845
6935 1855
6936 1855
6937 2200
6938 1855
6939 1855
6940 2480
6941 1855
6942 1855
6943 1855
6944 2331
6945 1855
6946 1855
6947 1855
6948 1855
6949 1855
6950 1855
6951 3140
6952 2520
6953 1855
6954 1855
6955 1855
6956 1855
6957 1855
6958 1855
6959 2343
6960 1855
6961 1855
6962 1855
6963 1857
6964 2108
6965 1857
6966 1857
6967 1857
6968 1858
6969 1861
6970 1861
6971 1861
6972 1953
6973 2498
6974 1863
6975 1867
6976 1868
6977 3048
6978 2966
6979 1871
6980 2104
6981 1878
6982 3039
6983 1878
6984 2035
6985 1880
6986 1880
6987 1882
6988 1882
6989 1882
6990 1883
6991 1884
6992 2078
6993 1885
6994 1999
6995 1885
6996 1885
6997 1885
6998 1886
6999 1888
7000 1886
7001 1887
7002 1887
7003 1887
7004 1888
7005 1888
7006 1900
7007 1888
7008 1888
7009 2028
7010 2882
7011 1888
7012 1888
7013 1893
7014 1895
7015 1897
7016 2537
7017 3049
7018 1902
7019 1903
7020 1903
7021 1905
7022 1905
7023 2823
7024 1905
7025 1910
7026 1910
7027 1910
7028 1910
7029 1913
7030 2717
7031 1915
7032 2012
7033 2800
7034 1915
7035 1915
7036 1915
7037 1915
7038 1915
7039 1916
7040 1917
7041 1922
7042 1922
7043 1922
7044 1926
7045 3094
7046 3057
7047 1933
7048 1933
7049 1933
7050 1933
7051 2886
7052 1936
7053 1936
7054 1937
7055 1937
7056 1940
7057 1941
7058 1942
7059 1942
7060 1942
7061 1942
7062 1943
7063 2211
7064 2196
7065 3173
7066 1945
7067 2606
7068 1945
7069 1945
7070 3031
7071 1946
7072 1946
7073 1946
7074 2025
7075 1948
7076 3202
7077 1948
7078 1948
7079 2284
7080 1953
7081 1953
7082 1955
7083 1955
7084 1955
7085 1955
7086 1955
7087 1957
7088 1958
7089 3192
7090 1958
7091 2488
7092 1962
7093 1963
7094 1963
7095 1963
7096 1966
7097 2783
7098 1969
7099 1969
7100 1969
7101 1971
7102 1971
7103 1971
7104 2534
7105 1972
7106 1972
7107 2910
7108 1972
7109 1973
7110 1973
7111 1973
7112 1973
7113 2137
7114 1973
7115 1974
7116 2511
7117 1974
7118 1974
7119 1974
7120 1974
7121 2396
7122 1974
7123 1974
7124 1974
7125 1974
7126 1974
7127 1976
7128 1977
7129 1978
7130 1998
7131 2280
7132 1979
7133 1987
7134 2712
7135 2881
7136 1987
7137 2087
7138 1991
7139 1989
7140 1990
7141 1992
7142 1992
7143 1992
7144 1993
7145 1995
7146 1995
7147 1999
7148 2000
7149 2000
7150 2001
7151 2001
7152 2004
7153 2006
7154 2006
7155 3144
7156 2007
7157 2626
7158 2007
7159 2968
7160 3241
7161 2015
7162 2015
7163 2385
7164 2015
7165 2016
7166 2016
7167 2016
7168 2435
7169 2016
7170 2773
7171 2019
7172 2020
7173 2021
7174 2021
7175 2021
7176 2021
7177 2021
7178 3339
7179 3248
7180 2286
7181 2731
7182 2023
7183 2023
7184 2023
7185 2024
7186 3043
7187 2024
7188 2025
7189 2877
7190 2025
7191 2025
7192 2031
7193 2054
7194 2032
7195 2035
7196 2035
7197 2037
7198 2038
7199 2038
7200 2038
7201 2285
7202 2039
7203 2039
7204 2043
7205 2046
7206 3260
7207 2050
7208 2050
7209 2334
7210 2050
7211 2050
7212 2050
7213 2063
7214 2050
7215 2050
7216 2050
7217 2050
7218 2050
7219 2453
7220 2883
7221 2055
7222 2055
7223 2055
7224 2055
7225 3300
7226 2240
7227 2055
7228 2059
7229 2060
7230 2060
7231 2061
7232 2062
7233 2062
7234 2407
7235 2063
7236 2063
7237 2063
7238 2063
7239 2064
7240 2064
7241 2065
7242 2065
7243 2065
7244 2065
7245 2839
7246 2065
7247 2128
7248 2066
7249 2066
7250 2066
7251 2066
7252 2066
7253 2066
7254 2066
7255 2900
7256 2214
7257 2066
7258 2955
7259 2076
7260 2076
7261 2076
7262 2076
7263 2076
7264 2076
7265 2076
7266 2076
7267 3251
7268 2926
7269 2076
7270 2123
7271 2165
7272 2076
7273 2077
7274 2077
7275 2077
7276 2077
7277 2077
7278 2081
7279 2081
7280 2081
7281 2081
7282 2081
7283 2083
7284 2083
7285 2083
7286 2083
7287 2083
7288 2083
7289 2083
7290 2085
7291 2085
7292 2088
7293 2088
7294 2978
7295 2091
7296 2091
7297 2093
7298 2093
7299 3155
7300 2158
7301 2095
7302 2095
7303 2388
7304 2095
7305 2095
7306 2096
7307 2096
7308 2102
7309 2104
7310 2505
7311 2105
7312 2105
7313 3146
7314 2105
7315 2105
7316 2110
7317 3294
7318 2906
7319 2113
7320 2113
7321 2391
7322 2795
7323 2118
7324 2318
7325 3110
7326 2118
7327 2118
7328 2118
7329 2118
7330 2118
7331 2118
7332 2119
7333 2400
7334 2120
7335 2120
7336 2120
7337 2721
7338 2120
7339 2120
7340 2190
7341 2120
7342 2807
7343 2120
7344 3345
7345 2120
7346 3333
7347 2120
7348 2120
7349 2120
7350 2120
7351 2120
7352 2120
7353 2120
7354 2120
7355 2120
7356 2120
7357 2120
7358 2120
7359 2120
7360 2804
7361 2120
7362 2120
7363 2428
7364 2120
7365 3233
7366 3354
7367 2120
7368 2942
7369 2627
7370 2120
7371 2120
7372 2120
7373 2120
7374 2120
7375 2120
7376 2120
7377 2120
7378 2120
7379 2120
7380 2120
7381 2369
7382 2120
7383 2120
7384 2120
7385 2120
7386 2120
7387 2120
7388 2120
7389 2120
7390 2120
7391 2120
7392 2120
7393 2120
7394 2120
7395 2120
7396 2972
7397 2120
7398 2364
7399 2120
7400 2120
7401 2120
7402 2120
7403 2120
7404 2120
7405 3030
7406 2120
7407 2120
7408 2120
7409 2120
7410 2120
7411 2120
7412 2411
7413 3335
7414 2120
7415 2539
7416 2120
7417 2123
7418 2922
7419 2123
7420 2123
7421 2123
7422 2124
7423 2686
7424 2126
7425 3254
7426 2131
7427 2131
7428 2814
7429 2131
7430 2133
7431 2134
7432 2134
7433 2134
7434 2134
7435 2134
7436 2527
7437 2134
7438 2134
7439 2134
7440 2134
7441 2134
7442 3374
7443 2134
7444 2134
7445 2135
7446 2136
7447 2136
7448 2136
7449 2138
7450 2138
7451 2138
7452 2138
7453 2138
7454 2138
7455 2138
7456 2138
7457 2138
7458 2499
7459 2138
7460 2138
7461 2138
7462 2138
7463 2138
7464 2138
7465 2138
7466 2138
7467 3051
7468 2138
7469 2138
7470 2138
7471 2138
7472 2471
7473 2138
7474 2138
7475 2138
7476 2138
7477 2138
7478 2138
7479 2138
7480 2138
7481 2138
7482 2138
7483 2138
7484 2138
7485 2138
7486 2808
7487 2138
7488 2440
7489 2138
7490 2138
7491 2138
7492 2138
7493 2138
7494 2138
7495 2138
7496 2138
7497 2914
7498 2138
7499 2138
7500 2138
7501 2138
7502 2273
7503 2138
7504 2138
7505 2138
7506 2138
7507 2138
7508 2138
7509 2138
7510 2138
7511 2860
7512 2138
7513 2138
7514 3299
7515 2138
7516 2182
7517 2138
7518 2138
7519 2138
7520 2138
7521 2138
7522 2138
7523 2138
7524 2138
7525 2138
7526 2138
7527 2276
7528 2745
7529 2138
7530 2138
7531 2138
7532 2138
7533 2138
7534 2611
7535 2138
7536 2891
7537 2138
7538 2138
7539 2138
7540 2138
7541 2138
7542 2138
7543 2289
7544 2138
7545 2138
7546 2138
7547 2138
7548 2138
7549 2138
7550 2578
7551 2355
7552 2138
7553 2138
7554 2138
7555 2138
7556 2138
7557 2138
7558 2138
7559 2138
7560 2138
7561 2138
7562 2633
7563 2138
7564 2220
7565 2138
7566 2138
7567 2138
7568 2138
7569 2138
7570 2138
7571 2138
7572 2138
7573 2138
7574 2181
7575 2138
7576 2138
7577 2138
7578 2138
7579 2138
7580 2138
7581 2551
7582 2138
7583 2640
7584 2138
7585 2138
7586 2138
7587 2138
7588 2138
7589 2138
7590 2138
7591 2469
7592 2138
7593 2143
7594 2143
7595 2143
7596 2143
7597 2147
7598 2149
7599 2149
7600 2149
7601 2149
7602 2149
7603 2150
7604 2153
7605 3040
7606 2155
7607 2155
7608 2156
7609 2157
7610 2157
7611 2157
7612 2157
7613 2157
7614 3160
7615 3209
7616 2159
7617 2160
7618 2160
7619 2645
7620 2160
7621 2160
7622 2160
7623 2163
7624 2163
7625 2163
7626 2165
7627 2165
7628 2168
7629 2171
7630 2357
7631 2171
7632 2173
7633 2173
7634 2173
7635 2173
7636 2173
7637 2173
7638 2174
7639 2174
7640 2174
7641 3226
7642 2235
7643 2177
7644 2649
7645 2177
7646 3307
7647 2473
7648 2178
7649 2179
7650 2179
7651 2182
7652 2183
7653 2836
7654 2185
7655 2185
7656 2186
7657 2186
7658 2191
7659 2191
7660 2191
7661 2191
7662 2193
7663 2193
7664 2193
7665 2195
7666 2195
7667 3364
7668 2199
7669 3149
7670 2199
7671 2199
7672 2199
7673 2201
7674 2201
7675 2201
7676 2201
7677 2201
7678 2201
7679 2416
7680 2250
7681 2201
7682 2201
7683 3182
7684 3126
7685 2201
7686 2201
7687 2201
7688 2201
7689 2729
7690 3050
7691 2201
7692 2659
7693 2201
7694 2201
7695 2201
7696 2201
7697 2201
7698 2201
7699 2201
7700 2201
7701 2201
7702 2201
7703 2201
7704 3224
7705 2201
7706 3154
7707 2201
7708 2201
7709 2201
7710 2201
7711 2201
7712 2201
7713 2201
7714 2201
7715 2201
7716 2201
7717 3183
7718 2201
7719 2959
7720 2204
7721 2379
7722 2205
7723 2206
7724 2206
7725 2206
7726 2206
7727 2212
7728 3276
7729 3376
7730 2214
7731 2214
7732 2216
7733 2216
7734 2216
7735 2216
7736 2216
7737 2216
7738 3086
7739 3331
7740 2216
7741 2220
7742 3127
7743 2221
7744 2221
7745 2221
7746 2222
7747 2223
7748 2225
7749 2227
7750 2746
7751 2229
7752 2229
7753 2229
7754 2230
7755 3125
7756 2232
7757 3257
7758 2233
7759 2237
7760 2241
7761 2242
7762 2242
7763 2244
7764 2246
7765 2460
7766 2246
7767 2248
7768 2249
7769 3128
7770 2253
7771 2255
7772 2256
7773 2256
7774 2259
7775 2668
7776 2264
7777 2266
7778 2267
7779 2267
7780 2268
7781 2268
7782 2268
7783 2269
7784 2899
7785 2271
7786 2271
7787 2271
7788 2271
7789 2271
7790 2271
7791 2271
7792 2271
7793 2271
7794 2271
7795 2271
7796 2271
7797 2271
7798 2271
7799 2322
7800 2271
7801 2271
7802 2271
7803 2271
7804 2271
7805 2476
7806 2329
7807 2271
7808 2789
7809 2272
7810 2600
7811 2274
7812 2277
7813 3109
7814 2279
7815 2279
7816 2279
7817 2279
7818 2281
7819 2281
7820 2282
7821 2282
7822 2282
7823 2282
7824 2282
7825 2282
7826 2282
7827 2282
7828 2282
7829 2282
7830 2282
7831 2282
7832 2282
7833 3187
7834 2283
7835 2283
7836 2283
7837 2283
7838 2283
7839 2283
7840 2283
7841 3332
7842 2283
7843 2283
7844 2283
7845 2283
7846 3301
7847 2283
7848 2283
7849 2285
7850 2288
7851 2288
7852 2288
7853 2288
7854 2288
7855 2526
7856 2288
7857 2288
7858 2288
7859 2288
7860 2288
7861 2777
7862 3317
7863 2288
7864 2288
7865 2288
7866 2289
7867 2289
7868 2289
7869 2289
7870 2289
7871 2289
7872 2289
7873 2289
7874 2289
7875 2289
7876 2828
7877 2292
7878 2293
7879 2293
7880 2294
7881 2295
7882 2297
7883 2298
7884 2298
7885 2538
7886 2993
7887 2298
7888 2298
7889 2298
7890 2298
7891 2650
7892 2298
7893 2298
7894 2298
7895 2298
7896 2298
7897 2298
7898 2300
7899 2300
7900 2300
7901 2305
7902 2305
7903 2994
7904 2307
7905 2351
7906 2308
7907 2308
7908 2310
7909 2311
7910 2312
7911 2313
7912 2313
7913 2313
7914 2315
7915 2316
7916 2983
7917 2317
7918 2317
7919 2317
7920 2664
7921 2317
7922 2317
7923 2911
7924 2317
7925 2318
7926 2318
7927 2957
7928 2319
7929 2319
7930 3215
7931 2796
7932 2319
7933 2319
7934 2319
7935 2319
7936 2319
7937 2321
7938 2504
7939 2321
7940 2321
7941 2321
7942 2321
7943 2322
7944 2322
7945 2693
7946 2322
7947 3166
7948 2322
7949 2322
7950 2322
7951 2322
7952 2322
7953 2322
7954 2727
7955 2322
7956 2322
7957 2322
7958 2322
7959 2648
7960 2837
7961 3014
7962 2322
7963 2322
7964 2322
7965 2322
7966 2324
7967 2327
7968 2327
7969 2430
7970 2328
7971 2328
7972 2328
7973 2939
7974 2328
7975 2328
7976 2328
7977 3129
7978 2328
7979 2328
7980 2328
7981 2328
7982 3344
7983 2328
7984 2328
7985 2328
7986 2328
7987 2328
7988 2328
7989 2725
7990 3208
7991 2328
7992 2328
7993 2328
7994 3375
7995 2328
7996 2328
7997 2328
7998 2328
7999 2328
8000 2328
8001 2328
8002 2328
8003 2328
8004 2328
8005 2328
8006 2328
8007 3006
8008 2328
8009 2328
8010 2328
8011 2903
8012 2328
8013 2328
8014 2328
8015 2328
8016 2328
8017 2328
8018 2328
8019 2328
8020 2328
8021 2513
8022 2328
8023 2850
8024 2328
8025 2572
8026 2328
8027 2328
8028 2328
8029 2328
8030 2854
8031 2328
8032 2328
8033 2328
8034 2328
8035 2328
8036 2328
8037 2328
8038 3392
8039 2328
8040 2353
8041 2328
8042 2328
8043 2328
8044 2328
8045 2328
8046 2328
8047 2328
8048 3275
8049 2328
8050 2863
8051 2328
8052 2328
8053 2390
8054 2328
8055 2421
8056 2328
8057 2328
8058 2328
8059 2328
8060 2328
8061 3310
8062 2328
8063 2328
8064 2328
8065 2328
8066 2328
8067 2328
8068 2328
8069 2328
8070 2328
8071 2328
8072 2328
8073 2328
8074 2329
8075 2329
8076 2848
8077 2330
8078 2330
8079 2330
8080 2330
8081 2330
8082 2330
8083 2330
8084 2330
8085 2330
8086 2330
8087 2330
8088 2330
8089 2331
8090 2362
8091 2982
8092 2331
8093 3184
8094 2331
8095 2331
8096 2334
8097 2531
8098 2337
8099 2337
8100 2337
8101 2338
8102 2338
8103 2339
8104 2339
8105 2340
8106 3107
8107 2340
8108 2340
8109 2340
8110 2340
8111 2450
8112 2340
8113 2340
8114 2340
8115 2340
8116 2340
8117 2340
8118 2340
8119 2340
8120 2340
8121 2340
8122 2340
8123 2884
8124 2340
8125 2342
8126 2342
8127 2349
8128 2350
8129 2350
8130 2350
8131 3099
8132 2350
8133 2354
8134 2354
8135 2355
8136 2355
8137 2355
8138 2355
8139 2359
8140 2360
8141 2362
8142 3177
8143 2365
8144 2373
8145 2373
8146 3076
8147 2373
8148 2375
8149 2375
8150 2375
8151 2630
8152 2552
8153 2377
8154 2378
8155 2381
8156 2382
8157 2382
8158 2382
8159 2382
8160 2382
8161 2382
8162 2382
8163 2382
8164 2382
8165 2382
8166 2382
8167 2382
8168 2382
8169 2383
8170 2385
8171 2560
8172 2389
8173 2391
8174 2391
8175 2392
8176 2393
8177 2393
8178 2533
8179 2396
8180 2396
8181 2396
8182 2396
8183 2400
8184 2400
8185 2400
8186 3132
8187 2400
8188 2400
8189 2400
8190 2400
8191 2400
8192 2400
8193 2400
8194 2400
8195 2400
8196 2400
8197 2400
8198 2400
8199 2401
8200 2404
8201 2929
8202 2405
8203 2405
8204 2405
8205 3327
8206 2408
8207 2408
8208 2408
8209 2408
8210 2408
8211 2408
8212 2408
8213 2408
8214 3052
8215 2743
8216 2414
8217 2415
8218 2415
8219 2415
8220 2416
8221 2416
8222 3176
8223 2420
8224 2420
8225 2420
8226 2421
8227 2421
8228 2421
8229 2421
8230 2421
8231 2421
8232 2421
8233 2421
8234 2421
8235 2422
8236 2422
8237 2422
8238 3174
8239 2422
8240 2422
8241 2422
8242 2422
8243 2422
8244 2422
8245 2424
8246 2424
8247 2424
8248 2424
8249 2428
8250 2432
8251 2432
8252 2432
8253 3093
8254 2432
8255 3019
8256 2433
8257 2433
8258 2433
8259 2434
8260 2434
8261 2440
8262 2441
8263 2442
8264 2442
8265 3291
8266 2446
8267 3007
8268 2449
8269 2451
8270 2584
8271 2451
8272 2803
8273 2451
8274 2451
8275 3069
8276 2452
8277 2454
8278 2454
8279 2454
8280 2454
8281 2454
8282 2454
8283 2864
8284 2454
8285 2455
8286 2457
8287 2457
8288 2708
8289 2463
8290 2463
8291 2464
8292 2467
8293 2467
8294 2469
8295 2469
8296 2469
8297 2470
8298 2477
8299 2477
8300 2479
8301 2894
8302 2479
8303 2480
8304 2480
8305 2481
8306 2483
8307 3011
8308 2486
8309 2486
8310 2488
8311 2490
8312 2496
8313 2497
8314 2497
8315 2927
8316 2499
8317 3196
8318 2509
8319 2511
8320 2512
8321 2512
8322 2512
8323 3079
8324 3198
8325 2513
8326 2586
8327 2513
8328 2513
8329 2513
8330 2513
8331 3000
8332 2513
8333 2515
8334 2516
8335 2516
8336 3367
8337 3058
8338 2523
8339 2523
8340 2525
8341 2527
8342 2527
8343 2527
8344 3228
8345 2527
8346 2529
8347 2529
8348 2532
8349 2532
8350 2652
8351 2532
8352 2532
8353 2532
8354 2532
8355 2532
8356 2534
8357 2535
8358 2970
8359 2541
8360 2541
8361 2543
8362 2544
8363 2544
8364 2545
8365 2547
8366 2548
8367 3158
8368 2548
8369 2548
8370 2548
8371 2550
8372 2550
8373 2724
8374 2550
8375 2550
8376 2550
8377 2553
8378 2555
8379 3072
8380 2556
8381 2556
8382 2995
8383 2557
8384 3363
8385 2557
8386 2623
8387 2558
8388 2558
8389 2558
8390 2558
8391 2558
8392 2558
8393 2559
8394 2559
8395 2560
8396 2560
8397 2560
8398 2560
8399 2568
8400 2571
8401 2844
8402 2573
8403 2574
8404 2582
8405 2584
8406 2585
8407 2586
8408 2589
8409 2589
8410 2589
8411 2593
8412 2599
8413 2600
8414 2601
8415 2601
8416 2603
8417 2604
8418 2604
8419 2604
8420 2609
8421 2612
8422 2616
8423 2616
8424 2616
8425 2616
8426 2616
8427 2617
8428 2620
8429 2620
8430 2620
8431 2923
8432 2621
8433 2621
8434 2621
8435 2621
8436 2621
8437 2623
8438 2623
8439 2624
8440 2629
8441 2630
8442 2797
8443 2631
8444 2631
8445 2631
8446 2631
8447 2631
8448 2631
8449 2631
8450 2631
8451 2631
8452 2634
8453 2634
8454 2634
8455 2634
8456 2634
8457 3120
8458 2640
8459 2640
8460 2640
8461 3321
8462 2641
8463 2641
8464 2799
8465 2642
8466 2645
8467 2645
8468 2645
8469 2645
8470 2645
8471 2645
8472 2645
8473 2645
8474 2645
8475 2645
8476 2645
8477 2646
8478 2646
8479 2646
8480 2646
8481 2646
8482 2647
8483 2649
8484 2649
8485 2649
8486 2649
8487 2649
8488 2649
8489 2651
8490 3148
8491 2651
8492 2651
8493 2653
8494 2653
8495 2653
8496 2653
8497 2654
8498 2654
8499 2655
8500 2655
8501 3334
8502 2657
8503 2657
8504 2657
8505 2658
8506 3026
8507 3159
8508 3067
8509 2660
8510 2660
8511 2663
8512 2665
8513 2667
8514 2668
8515 2668
8516 2668
8517 2669
8518 2669
8519 2669
8520 2670
8521 2699
8522 2672
8523 2672
8524 2675
8525 2675
8526 2676
8527 2680
8528 2680
8529 2680
8530 2885
8531 2680
8532 2680
8533 2680
8534 2680
8535 2680
8536 3384
8537 3381
8538 2938
8539 2680
8540 2680
8541 2680
8542 2680
8543 2680
8544 2680
8545 2680
8546 2680
8547 2681
8548 2681
8549 2683
8550 2684
8551 2687
8552 2687
8553 2687
8554 2687
8555 2689
8556 2689
8557 2689
8558 2689
8559 2689
8560 2691
8561 2693
8562 2693
8563 2693
8564 2693
8565 2693
8566 2693
8567 2693
8568 2693
8569 2693
8570 2693
8571 3092
8572 2694
8573 2694
8574 3077
8575 2694
8576 2695
8577 2699
8578 2869
8579 2700
8580 2701
8581 2703
8582 2703
8583 2703
8584 2704
8585 2704
8586 2704
8587 2704
8588 2704
8589 2704
8590 2704
8591 2810
8592 2704
8593 2704
8594 2704
8595 2704
8596 2704
8597 2704
8598 2704
8599 2704
8600 2704
8601 2880
8602 2704
8603 2704
8604 2704
8605 2704
8606 2704
8607 2704
8608 2704
8609 3121
8610 2704
8611 2704
8612 2704
8613 2704
8614 2704
8615 2704
8616 3207
8617 2704
8618 2704
8619 2704
8620 2704
8621 2704
8622 2704
8623 2704
8624 2704
8625 2704
8626 2704
8627 2704
8628 2704
8629 2704
8630 2704
8631 3002
8632 2704
8633 2704
8634 2704
8635 2704
8636 2755
8637 2704
8638 2704
8639 2704
8640 2704
8641 2704
8642 2704
8643 2704
8644 2705
8645 2705
8646 2706
8647 2706
8648 2709
8649 2709
8650 2709
8651 2709
8652 2987
8653 2710
8654 2710
8655 2711
8656 2713
8657 2717
8658 2717
8659 2717
8660 2717
8661 2717
8662 2717
8663 2717
8664 3221
8665 2717
8666 2718
8667 2724
8668 2724
8669 2727
8670 2727
8671 2729
8672 2730
8673 2730
8674 2963
8675 3365
8676 2730
8677 3104
8678 2731
8679 2732
8680 2732
8681 2736
8682 2801
8683 3391
8684 2738
8685 2738
8686 2738
8687 2738
8688 2738
8689 3046
8690 2738
8691 3089
8692 2738
8693 2738
8694 2738
8695 2738
8696 2738
8697 2738
8698 2738
8699 2738
8700 2738
8701 3034
8702 2738
8703 2738
8704 2738
8705 2738
8706 2738
8707 3005
8708 2738
8709 3288
8710 2738
8711 2738
8712 2738
8713 2738
8714 2738
8715 2738
8716 2738
8717 2738
8718 2739
8719 2740
8720 2742
8721 2742
8722 2743
8723 2744
8724 2745
8725 2890
8726 2748
8727 2748
8728 2748
8729 2750
8730 3338
8731 2750
8732 2753
8733 2753
8734 2753
8735 2772
8736 2755
8737 2755
8738 2757
8739 2757
8740 2758
8741 2758
8742 2761
8743 2761
8744 2761
8745 2761
8746 2761
8747 2761
8748 2761
8749 2761
8750 2761
8751 2761
8752 2761
8753 2761
8754 2761
8755 2761
8756 2761
8757 2763
8758 2765
8759 2765
8760 2765
8761 2765
8762 2765
8763 2765
8764 2765
8765 2765
8766 3142
8767 2813
8768 2765
8769 2769
8770 2769
8771 2769
8772 2769
8773 2769
8774 2770
8775 2770
8776 2770
8777 2772
8778 2772
8779 2773
8780 2773
8781 2773
8782 2773
8783 2773
8784 2773
8785 2773
8786 2776
8787 2776
8788 2776
8789 2776
8790 2776
8791 2776
8792 2777
8793 2777
8794 2779
8795 3137
8796 2782
8797 2783
8798 2783
8799 2789
8800 2790
8801 2792
8802 2792
8803 2792
8804 2792
8805 2792
8806 2973
8807 2792
8808 2793
8809 2793
8810 2794
8811 2795
8812 2795
8813 2893
8814 2796
8815 2797
8816 2798
8817 2801
8818 3167
8819 2801
8820 2802
8821 2802
8822 2802
8823 2802
8824 3231
8825 2803
8826 2804
8827 2804
8828 2804
8829 2804
8830 2805
8831 2805
8832 2805
8833 2808
8834 2808
8835 2808
8836 2811
8837 2812
8838 2812
8839 2812
8840 2815
8841 2817
8842 2817
8843 2818
8844 2818
8845 2819
8846 2821
8847 2821
8848 2822
8849 2822
8850 3387
8851 2825
8852 3270
8853 2826
8854 2826
8855 2826
8856 2826
8857 2828
8858 3237
8859 2829
8860 2829
8861 2830
8862 2830
8863 2833
8864 2836
8865 2851
8866 2838
8867 2842
8868 2934
8869 2843
8870 2845
8871 2846
8872 2846
8873 2846
8874 2846
8875 2846
8876 2847
8877 2847
8878 2847
8879 2848
8880 2848
8881 2848
8882 2848
8883 2848
8884 2848
8885 2848
8886 2848
8887 2848
8888 2851
8889 2855
8890 2857
8891 2857
8892 2858
8893 2858
8894 2860
8895 2860
8896 2861
8897 2862
8898 3169
8899 2862
8900 2862
8901 2862
8902 2862
8903 2862
8904 2863
8905 2864
8906 2868
8907 2869
8908 2871
8909 2871
8910 2871
8911 2871
8912 2871
8913 2871
8914 2871
8915 2871
8916 2871
8917 2872
8918 2872
8919 2872
8920 2872
8921 2872
8922 2872
8923 2872
8924 2872
8925 2872
8926 2872
8927 2872
8928 2872
8929 2872
8930 3235
8931 2872
8932 2872
8933 2872
8934 2872
8935 2872
8936 2872
8937 2872
8938 2872
8939 2872
8940 2872
8941 2872
8942 2872
8943 2872
8944 2872
8945 2872
8946 2872
8947 2872
8948 2872
8949 2872
8950 2872
8951 2872
8952 2872
8953 2872
8954 2872
8955 2872
8956 2872
8957 2872
8958 2872
8959 2872
8960 2872
8961 2872
8962 2872
8963 2872
8964 2872
8965 2872
8966 2872
8967 2872
8968 2872
8969 2872
8970 2872
8971 2872
8972 2872
8973 2872
8974 2872
8975 2872
8976 2872
8977 2872
8978 2872
8979 2872
8980 2872
8981 2872
8982 2872
8983 2872
8984 2872
8985 3025
8986 2872
8987 2872
8988 2872
8989 2872
8990 2872
8991 2872
8992 2872
8993 2872
8994 2872
8995 2872
8996 2872
8997 2872
8998 2872
8999 2872
9000 2872
9001 2872
9002 2872
9003 2872
9004 2872
9005 2872
9006 2872
9007 3062
9008 2872
9009 2872
9010 2872
9011 2872
9012 2872
9013 2872
9014 2872
9015 2872
9016 2872
9017 2872
9018 2872
9019 2872
9020 2872
9021 2872
9022 2872
9023 2872
9024 2872
9025 2872
9026 2872
9027 2872
9028 2872
9029 2872
9030 2872
9031 2872
9032 2872
9033 2872
9034 2872
9035 2872
9036 2872
9037 2872
9038 2872
9039 3010
9040 2872
9041 2953
9042 2872
9043 2872
9044 2872
9045 2872
9046 2872
9047 2872
9048 2872
9049 2872
9050 2872
9051 3082
9052 2872
9053 2872
9054 2872
9055 2872
9056 2872
9057 3096
9058 2872
9059 2872
9060 2872
9061 2872
9062 2872
9063 2872
9064 2872
9065 2872
9066 2897
9067 3219
9068 2872
9069 2872
9070 2872
9071 2872
9072 2872
9073 2872
9074 2872
9075 2872
9076 2872
9077 3348
9078 2872
9079 2872
9080 2872
9081 2872
9082 2872
9083 2872
9084 2872
9085 2872
9086 2872
9087 2872
9088 2872
9089 2872
9090 2872
9091 2872
9092 3311
9093 2872
9094 2872
9095 2872
9096 2872
9097 2872
9098 2872
9099 2872
9100 2879
9101 2881
9102 2882
9103 2882
9104 2882
9105 2882
9106 2882
9107 2882
9108 2882
9109 2882
9110 2882
9111 2882
9112 2882
9113 2882
9114 2882
9115 2882
9116 2882
9117 2884
9118 2886
9119 3319
9120 2887
9121 2887
9122 2887
9123 2887
9124 2887
9125 2887
9126 2889
9127 3190
9128 2892
9129 2892
9130 3324
9131 2893
9132 2893
9133 2893
9134 2893
9135 2893
9136 2894
9137 2894
9138 2894
9139 2941
9140 2894
9141 2897
9142 2897
9143 2897
9144 2897
9145 2897
9146 2897
9147 2897
9148 2898
9149 2898
9150 2898
9151 2898
9152 2943
9153 2902
9154 3292
9155 3238
9156 2902
9157 2902
9158 2902
9159 2902
9160 2904
9161 2904
9162 2904
9163 2904
9164 2904
9165 2904
9166 2904
9167 2904
9168 2905
9169 2905
9170 2905
9171 2905
9172 2905
9173 2905
9174 2905
9175 2905
9176 2905
9177 2906
9178 2909
9179 3145
9180 2912
9181 2912
9182 2913
9183 2913
9184 3323
9185 2913
9186 2913
9187 2913
9188 2913
9189 2913
9190 2913
9191 2913
9192 2913
9193 2914
9194 2915
9195 2915
9196 2915
9197 2916
9198 2916
9199 2917
9200 2920
9201 2920
9202 2920
9203 2924
9204 2926
9205 2927
9206 3097
9207 2927
9208 2927
9209 2928
9210 2932
9211 2932
9212 2932
9213 2933
9214 2933
9215 2935
9216 2935
9217 2939
9218 2939
9219 2939
9220 2939
9221 2940
9222 2942
9223 2942
9224 2943
9225 2946
9226 2946
9227 2947
9228 2947
9229 2947
9230 2947
9231 2947
9232 2947
9233 2947
9234 2947
9235 2947
9236 2947
9237 2952
9238 2952
9239 2954
9240 2954
9241 2956
9242 3243
9243 2956
9244 2957
9245 2957
9246 2957
9247 2957
9248 2957
9249 2962
9250 2962
9251 2962
9252 2964
9253 2964
9254 2964
9255 3340
9256 2965
9257 2966
9258 2966
9259 2966
9260 3186
9261 2971
9262 2972
9263 2975
9264 2975
9265 2977
9266 2977
9267 2977
9268 2977
9269 2977
9270 2977
9271 2981
9272 2982
9273 2982
9274 2984
9275 2988
9276 2988
9277 2989
9278 2989
9279 2989
9280 2989
9281 2990
9282 2990
9283 2991
9284 2991
9285 2993
9286 2993
9287 2993
9288 2998
9289 3265
9290 3003
9291 3003
9292 3003
9293 3003
9294 3003
9295 3003
9296 3003
9297 3003
9298 3003
9299 3006
9300 3006
9301 3006
9302 3006
9303 3009
9304 3009
9305 3009
9306 3204
9307 3013
9308 3013
9309 3013
9310 3013
9311 3016
9312 3016
9313 3016
9314 3136
9315 3246
9316 3019
9317 3019
9318 3019
9319 3021
9320 3026
9321 3026
9322 3026
9323 3029
9324 3029
9325 3031
9326 3031
9327 3038
9328 3039
9329 3039
9330 3041
9331 3041
9332 3041
9333 3041
9334 3041
9335 3041
9336 3042
9337 3044
9338 3044
9339 3045
9340 3045
9341 3046
9342 3048
9343 3048
9344 3051
9345 3053
9346 3053
9347 3053
9348 3053
9349 3053
9350 3053
9351 3053
9352 3053
9353 3053
9354 3053
9355 3053
9356 3053
9357 3055
9358 3055
9359 3055
9360 3055
9361 3058
9362 3058
9363 3059
9364 3061
9365 3061
9366 3393
9367 3061
9368 3113
9369 3071
9370 3071
9371 3071
9372 3071
9373 3072
9374 3072
9375 3072
9376 3072
9377 3072
9378 3072
9379 3072
9380 3072
9381 3072
9382 3072
9383 3072
9384 3072
9385 3073
9386 3077
9387 3077
9388 3077
9389 3077
9390 3077
9391 3077
9392 3080
9393 3081
9394 3081
9395 3081
9396 3081
9397 3081
9398 3081
9399 3330
9400 3081
9401 3322
9402 3081
9403 3081
9404 3081
9405 3081
9406 3081
9407 3081
9408 3081
9409 3350
9410 3081
9411 3081
9412 3081
9413 3081
9414 3083
9415 3084
9416 3086
9417 3087
9418 3090
9419 3090
9420 3090
9421 3090
9422 3094
9423 3094
9424 3094
9425 3094
9426 3094
9427 3094
9428 3115
9429 3094
9430 3094
9431 3094
9432 3094
9433 3094
9434 3094
9435 3094
9436 3094
9437 3094
9438 3094
9439 3094
9440 3096
9441 3096
9442 3096
9443 3096
9444 3096
9445 3096
9446 3096
9447 3096
9448 3096
9449 3096
9450 3098
9451 3098
9452 3099
9453 3099
9454 3099
9455 3099
9456 3100
9457 3100
9458 3395
9459 3100
9460 3100
9461 3100
9462 3100
9463 3100
9464 3100
9465 3100
9466 3100
9467 3100
9468 3100
9469 3100
9470 3100
9471 3100
9472 3100
9473 3373
9474 3100
9475 3100
9476 3100
9477 3100
9478 3100
9479 3100
9480 3361
9481 3100
9482 3100
9483 3100
9484 3100
9485 3101
9486 3103
9487 3104
9488 3104
9489 3105
9490 3106
9491 3106
9492 3107
9493 3107
9494 3107
9495 3107
9496 3107
9497 3107
9498 3107
9499 3107
9500 3107
9501 3107
9502 3107
9503 3286
9504 3113
9505 3113
9506 3113
9507 3115
9508 3115
9509 3117
9510 3117
9511 3118
9512 3119
9513 3120
9514 3122
9515 3123
9516 3123
9517 3123
9518 3123
9519 3123
9520 3123
9521 3125
9522 3127
9523 3127
9524 3127
9525 3127
9526 3128
9527 3128
9528 3128
9529 3128
9530 3128
9531 3128
9532 3128
9533 3128
9534 3128
9535 3128
9536 3269
9537 3128
9538 3128
9539 3128
9540 3131
9541 3131
9542 3131
9543 3131
9544 3131
9545 3132
9546 3132
9547 3132
9548 3132
9549 3133
9550 3133
9551 3133
9552 3133
9553 3136
9554 3137
9555 3137
9556 3140
9557 3141
9558 3141
9559 3141
9560 3141
9561 3141
9562 3141
9563 3141
9564 3142
9565 3142
9566 3143
9567 3143
9568 3143
9569 3143
9570 3147
9571 3147
9572 3147
9573 3320
9574 3151
9575 3152
9576 3152
9577 3153
9578 3153
9579 3153
9580 3153
9581 3153
9582 3266
9583 3159
9584 3159
9585 3159
9586 3160
9587 3160
9588 3160
9589 3160
9590 3161
9591 3161
9592 3162
9593 3164
9594 3165
9595 3165
9596 3165
9597 3166
9598 3166
9599 3166
9600 3167
9601 3170
9602 3170
9603 3170
9604 3245
9605 3170
9606 3170
9607 3170
9608 3170
9609 3170
9610 3172
9611 3172
9612 3172
9613 3172
9614 3172
9615 3173
9616 3175
9617 3178
9618 3178
9619 3178
9620 3178
9621 3178
9622 3178
9623 3178
9624 3178
9625 3178
9626 3178
9627 3179
9628 3182
9629 3185
9630 3186
9631 3186
9632 3186
9633 3186
9634 3186
9635 3186
9636 3186
9637 3190
9638 3190
9639 3192
9640 3192
9641 3370
9642 3192
9643 3193
9644 3193
9645 3193
9646 3193
9647 3193
9648 3193
9649 3193
9650 3193
9651 3220
9652 3193
9653 3193
9654 3193
9655 3193
9656 3193
9657 3194
9658 3195
9659 3195
9660 3195
9661 3195
9662 3196
9663 3200
9664 3201
9665 3201
9666 3203
9667 3203
9668 3206
9669 3206
9670 3209
9671 3209
9672 3209
9673 3218
9674 3223
9675 3224
9676 3224
9677 3226
9678 3226
9679 3227
9680 3227
9681 3228
9682 3229
9683 3231
9684 3231
9685 3231
9686 3233
9687 3234
9688 3234
9689 3236
9690 3237
9691 3242
9692 3242
9693 3242
9694 3243
9695 3244
9696 3244
9697 3273
9698 3246
9699 3246
9700 3246
9701 3246
9702 3248
9703 3248
9704 3248
9705 3248
9706 3248
9707 3248
9708 3248
9709 3249
9710 3251
9711 3261
9712 3252
9713 3253
9714 3253
9715 3253
9716 3253
9717 3256
9718 3256
9719 3313
9720 3257
9721 3257
9722 3258
9723 3258
9724 3258
9725 3258
9726 3258
9727 3259
9728 3261
9729 3261
9730 3261
9731 3263
9732 3266
9733 3268
9734 3268
9735 3388
9736 3268
9737 3270
9738 3270
9739 3271
9740 3271
9741 3273
9742 3273
9743 3273
9744 3273
9745 3276
9746 3276
9747 3276
9748 3277
9749 3278
9750 3278
9751 3278
9752 3278
9753 3278
9754 3280
9755 3280
9756 3280
9757 3280
9758 3280
9759 3280
9760 3280
9761 3280
9762 3280
9763 3280
9764 3280
9765 3280
9766 3280
9767 3280
9768 3280
9769 3280
9770 3280
9771 3280
9772 3280
9773 3280
9774 3281
9775 3281
9776 3281
9777 3281
9778 3281
9779 3281
9780 3281
9781 3281
9782 3281
9783 3281
9784 3283
9785 3283
9786 3283
9787 3283
9788 3283
9789 3283
9790 3283
9791 3284
9792 3284
9793 3284
9794 3284
9795 3284
9796 3284
9797 3284
9798 3286
9799 3288
9800 3288
9801 3289
9802 3289
9803 3289
9804 3293
9805 3293
9806 3294
9807 3298
9808 3298
9809 3298
9810 3298
9811 3298
9812 3298
9813 3298
9814 3298
9815 3303
9816 3306
9817 3307
9818 3308
9819 3308
9820 3308
9821 3309
9822 3309
9823 3309
9824 3309
9825 3309
9826 3309
9827 3309
9828 3309
9829 3309
9830 3309
9831 3343
9832 3309
9833 3310
9834 3312
9835 3318
9836 3319
9837 3320
9838 3321
9839 3321
9840 3321
9841 3321
9842 3321
9843 3321
9844 3321
9845 3321
9846 3321
9847 3321
9848 3321
9849 3321
9850 3321
9851 3321
9852 3321
9853 3321
9854 3321
9855 3321
9856 3379
9857 3321
9858 3321
9859 3321
9860 3324
9861 3324
9862 3326
9863 3326
9864 3328
9865 3328
9866 3328
9867 3328
9868 3341
9869 3328
9870 3331
9871 3331
9872 3331
9873 3331
9874 3333
9875 3333
9876 3333
9877 3334
9878 3334
9879 3334
9880 3334
9881 3334
9882 3334
9883 3336
9884 3338
9885 3339
9886 3342
9887 3345
9888 3347
9889 3347
9890 3347
9891 3350
9892 3350
9893 3354
9894 3354
9895 3355
9896 3356
9897 3356
9898 3356
9899 3356
9900 3356
9901 3356
9902 3357
9903 3358
9904 3358
9905 3358
9906 3359
9907 3359
9908 3360
9909 3361
9910 3361
9911 3361
9912 3361
9913 3361
9914 3363
9915 3363
9916 3363
9917 3363
9918 3363
9919 3363
9920 3363
9921 3363
9922 3363
9923 3363
9924 3363
9925 3363
9926 3363
9927 3363
9928 3363
9929 3365
9930 3365
9931 3365
9932 3365
9933 3365
9934 3368
9935 3386
9936 3369
9937 3371
9938 3372
9939 3372
9940 3372
9941 3372
9942 3372
9943 3372
9944 3372
9945 3372
9946 3372
9947 3372
9948 3372
9949 3372
9950 3372
9951 3372
9952 3372
9953 3372
9954 3372
9955 3372
9956 3372
9957 3372
9958 3372
9959 3372
9960 3372
9961 3374
9962 3374
9963 3374
9964 3377
9965 3377
9966 3378
9967 3379
9968 3380
9969 3380
9970 3380
9971 3380
9972 3380
9973 3380
9974 3380
9975 3380
9976 3380
9977 3380
9978 3380
9979 3380
9980 3380
9981 3383
9982 3383
9983 3383
9984 3385
9985 3391
9986 3391
9987 3391
9988 3391
9989 3391
9990 3391
9991 3391
9992 3391
9993 3391
9994 3391
9995 3391
9996 3391
9997 3393
9998 3393
9999 3393
