10000 9999
1 0
2 0
3 1
4 0
5 2
6 4
7 0
8 7
9 6
10 3
11 9
12 7
13 10
14 13
15 5
16 15
17 5
18 13
19 4
20 18
21 16
22 14
23 19
24 21
25 23
26 25
27 16
28 22
29 19
30 14
31 28
32 11
33 12
34 29
35 14
36 25
37 30
38 32
39 35
40 19
41 7
42 29
43 30
44 23
45 11
46 28
47 29
48 39
49 20
50 40
51 14
52 30
53 25
54 40
55 29
56 40
57 22
58 44
59 9
60 54
61 49
62 51
63 16
64 47
65 46
66 40
67 29
68 8
69 44
70 15
71 60
72 33
73 61
74 70
75 40
76 73
77 61
78 48
79 59
80 19
81 62
82 32
83 59
84 45
85 64
86 69
87 19
88 32
89 79
90 36
91 37
92 16
93 58
94 87
95 57
96 56
97 72
98 96
99 90
100 11
101 88
102 88
103 79
104 44
105 87
106 102
107 96
108 91
109 76
110 93
111 59
112 96
113 102
114 96
115 78
116 88
117 102
118 40
119 27
120 39
121 120
122 89
123 116
124 96
125 87
126 104
127 89
128 45
129 123
130 104
131 111
132 113
133 93
134 47
135 99
136 70
137 132
138 87
139 76
140 101
141 117
142 118
143 113
144 102
145 102
146 119
147 145
148 116
149 81
150 119
151 84
152 96
153 17
154 96
155 141
156 96
157 96
158 157
159 19
160 96
161 96
162 96
163 116
164 137
165 100
166 157
167 102
168 87
169 152
170 106
171 49
172 134
173 88
174 139
175 29
176 96
177 98
178 96
179 25
180 59
181 99
182 177
183 104
184 106
185 102
186 148
187 96
188 88
189 178
190 152
191 128
192 96
193 152
194 150
195 74
196 156
197 96
198 104
199 29
200 183
201 87
202 96
203 96
204 132
205 160
206 152
207 190
208 25
209 65
210 58
211 88
212 152
213 113
214 186
215 65
216 82
217 154
218 194
219 193
220 52
221 66
222 104
223 210
224 116
225 138
226 160
227 194
228 104
229 62
230 152
231 230
232 194
233 194
234 190
235 180
236 43
237 165
238 123
239 168
240 196
241 181
242 125
243 233
244 190
245 97
246 217
247 157
248 61
249 90
250 102
251 242
252 104
253 241
254 209
255 89
256 119
257 159
258 188
259 90
260 63
261 53
262 111
263 203
264 65
265 40
266 128
267 190
268 96
269 95
270 157
271 245
272 266
273 53
274 135
275 256
276 150
277 220
278 45
279 274
280 90
281 104
282 125
283 266
284 230
285 280
286 202
287 273
288 90
289 72
290 183
291 273
292 114
293 216
294 245
295 256
296 204
297 175
298 164
299 216
300 111
301 78
302 230
303 80
304 152
305 170
306 210
307 288
308 274
309 266
310 96
311 210
312 205
313 274
314 252
315 209
316 304
317 226
318 121
319 197
320 256
321 291
322 272
323 256
324 293
325 238
326 96
327 96
328 209
329 96
330 221
331 71
332 308
333 188
334 312
335 233
336 65
337 274
338 199
339 217
340 141
341 87
342 149
343 297
344 26
345 236
346 195
347 300
348 290
349 55
350 347
351 341
352 220
353 265
354 284
355 125
356 293
357 159
358 188
359 264
360 83
361 19
362 256
363 181
364 332
365 190
366 25
367 56
368 230
369 344
370 152
371 238
372 350
373 254
374 292
375 218
376 44
377 87
378 113
379 150
380 115
381 256
382 250
383 274
384 359
385 367
386 22
387 146
388 223
389 176
390 351
391 59
392 286
393 180
394 180
395 92
396 393
397 88
398 298
399 280
400 205
401 390
402 293
403 152
404 354
405 343
406 346
407 143
408 190
409 283
410 274
411 104
412 43
413 98
414 256
415 32
416 249
417 336
418 374
419 160
420 256
421 355
422 355
423 107
424 366
425 286
426 112
427 150
428 248
429 169
430 163
431 341
432 344
433 65
434 273
435 61
436 289
437 356
438 230
439 59
440 435
441 347
442 76
443 351
444 251
445 390
446 213
447 87
448 220
449 305
450 344
451 102
452 440
453 209
454 44
455 282
456 413
457 197
458 238
459 85
460 194
461 179
462 239
463 356
464 198
465 333
466 435
467 313
468 457
469 341
470 104
471 24
472 344
473 277
474 435
475 230
476 40
477 464
478 401
479 93
480 426
481 410
482 253
483 32
484 282
485 312
486 266
487 471
488 323
489 389
490 298
491 268
492 381
493 405
494 256
495 300
496 232
497 220
498 420
499 243
500 498
501 435
502 447
503 465
504 216
505 72
506 290
507 343
508 234
509 190
510 507
511 276
512 93
513 113
514 489
515 508
516 424
517 254
518 427
519 307
520 61
521 429
522 178
523 396
524 274
525 489
526 496
527 456
528 438
529 482
530 471
531 522
532 333
533 168
534 524
535 520
536 220
537 344
538 203
539 493
540 190
541 190
542 534
543 340
544 441
545 111
546 396
547 480
548 533
549 161
550 25
551 144
552 460
553 341
554 395
555 488
556 489
557 313
558 556
559 386
560 147
561 505
562 310
563 321
564 442
565 428
566 447
567 550
568 407
569 486
570 547
571 257
572 433
573 509
574 364
575 497
576 435
577 113
578 146
579 298
580 256
581 441
582 520
583 269
584 299
585 435
586 567
587 341
588 423
589 266
590 256
591 387
592 588
593 87
594 211
595 484
596 355
597 552
598 419
599 564
600 111
601 152
602 266
603 191
604 549
605 191
606 61
607 404
608 122
609 344
610 569
611 265
612 358
613 567
614 178
615 191
616 520
617 604
618 305
619 557
620 501
621 42
622 395
623 216
624 532
625 344
626 359
627 157
628 420
629 405
630 487
631 471
632 441
633 629
634 278
635 227
636 508
637 540
638 110
639 228
640 637
641 93
642 507
643 298
644 473
645 407
646 629
647 574
648 220
649 629
650 469
651 355
652 489
653 604
654 564
655 219
656 371
657 596
658 562
659 535
660 281
661 527
662 513
663 288
664 323
665 194
666 629
667 336
668 424
669 417
670 152
671 113
672 564
673 149
674 489
675 205
676 152
677 152
678 523
679 344
680 431
681 569
682 637
683 447
684 383
685 274
686 459
687 565
688 88
689 634
690 314
691 548
692 643
693 612
694 233
695 540
696 243
697 347
698 256
699 629
700 397
701 564
702 557
703 458
704 567
705 442
706 382
707 629
708 549
709 564
710 86
711 167
712 629
713 329
714 524
715 230
716 576
717 42
718 462
719 529
720 664
721 75
722 312
723 671
724 313
725 662
726 308
727 553
728 546
729 627
730 629
731 566
732 564
733 405
734 547
735 520
736 361
737 564
738 678
739 564
740 702
741 274
742 601
743 629
744 435
745 616
746 541
747 508
748 610
749 557
750 469
751 96
752 363
753 664
754 487
755 471
756 695
757 727
758 254
759 265
760 624
761 731
762 62
763 152
764 629
765 599
766 511
767 344
768 717
769 230
770 651
771 308
772 564
773 676
774 640
775 627
776 467
777 629
778 130
779 681
780 629
781 737
782 749
783 460
784 772
785 705
786 629
787 629
788 645
789 282
790 741
791 538
792 763
793 110
794 564
795 775
796 435
797 765
798 218
799 142
800 40
801 726
802 244
803 775
804 93
805 515
806 90
807 564
808 629
809 564
810 367
811 564
812 578
813 709
814 530
815 689
816 544
817 707
818 326
819 366
820 150
821 574
822 604
823 629
824 642
825 209
826 629
827 477
828 707
829 564
830 494
831 449
832 685
833 270
834 832
835 826
836 775
837 629
838 680
839 790
840 791
841 355
842 344
843 79
844 768
845 564
846 304
847 104
848 627
849 585
850 646
851 504
852 458
853 282
854 178
855 40
856 368
857 140
858 856
859 667
860 629
861 629
862 438
863 468
864 795
865 72
866 485
867 336
868 489
869 285
870 333
871 856
872 627
873 564
874 637
875 268
876 834
877 778
878 387
879 706
880 150
881 285
882 826
883 67
884 731
885 824
886 157
887 564
888 435
889 19
890 540
891 660
892 875
893 494
894 627
895 869
896 421
897 79
898 328
899 377
900 736
901 220
902 723
903 394
904 880
905 851
906 466
907 595
908 731
909 790
910 798
911 695
912 902
913 629
914 55
915 245
916 320
917 333
918 818
919 564
920 635
921 875
922 778
923 30
924 900
925 497
926 708
927 627
928 40
929 838
930 721
931 629
932 607
933 808
934 384
935 870
936 520
937 638
938 564
939 777
940 111
941 629
942 76
943 113
944 629
945 371
946 518
947 719
948 689
949 266
950 706
951 948
952 629
953 629
954 791
955 654
956 700
957 351
958 279
959 826
960 564
961 661
962 557
963 560
964 718
965 847
966 629
967 790
968 731
969 851
970 343
971 827
972 902
973 557
974 357
975 455
976 881
977 38
978 235
979 113
980 860
981 342
982 787
983 808
984 674
985 643
986 590
987 162
988 441
989 894
990 816
991 847
992 766
993 731
994 846
995 207
996 547
997 553
998 961
999 797
1000 269
1001 996
1002 124
1003 920
1004 882
1005 981
1006 439
1007 246
1008 549
1009 322
1010 921
1011 992
1012 916
1013 859
1014 704
1015 995
1016 221
1017 651
1018 769
1019 740
1020 99
1021 990
1022 152
1023 934
1024 564
1025 567
1026 1013
1027 648
1028 65
1029 856
1030 972
1031 835
1032 994
1033 433
1034 884
1035 753
1036 375
1037 212
1038 473
1039 557
1040 244
1041 231
1042 463
1043 727
1044 309
1045 51
1046 919
1047 512
1048 1005
1049 1011
1050 732
1051 540
1052 564
1053 582
1054 1002
1055 564
1056 234
1057 1011
1058 489
1059 690
1060 217
1061 627
1062 814
1063 314
1064 1014
1065 629
1066 629
1067 1064
1068 1027
1069 884
1070 498
1071 850
1072 903
1073 1008
1074 762
1075 748
1076 253
1077 452
1078 274
1079 1055
1080 722
1081 775
1082 984
1083 629
1084 341
1085 686
1086 564
1087 615
1088 750
1089 889
1090 627
1091 990
1092 731
1093 339
1094 875
1095 220
1096 489
1097 875
1098 1023
1099 671
1100 629
1101 1014
1102 945
1103 625
1104 51
1105 731
1106 179
1107 953
1108 1100
1109 1014
1110 450
1111 564
1112 674
1113 367
1114 1052
1115 826
1116 982
1117 706
1118 1020
1119 150
1120 763
1121 614
1122 697
1123 895
1124 557
1125 788
1126 821
1127 735
1128 1102
1129 995
1130 564
1131 50
1132 604
1133 866
1134 873
1135 550
1136 218
1137 1110
1138 775
1139 651
1140 256
1141 1036
1142 316
1143 920
1144 1123
1145 707
1146 485
1147 863
1148 856
1149 1143
1150 375
1151 1100
1152 766
1153 1044
1154 853
1155 1023
1156 438
1157 1100
1158 894
1159 994
1160 731
1161 1154
1162 557
1163 990
1164 1015
1165 1117
1166 974
1167 1149
1168 993
1169 914
1170 545
1171 201
1172 730
1173 336
1174 87
1175 527
1176 778
1177 400
1178 627
1179 1122
1180 627
1181 536
1182 537
1183 336
1184 507
1185 1148
1186 629
1187 629
1188 106
1189 1014
1190 840
1191 1072
1192 1100
1193 629
1194 1182
1195 769
1196 636
1197 595
1198 39
1199 686
1200 853
1201 835
1202 970
1203 1100
1204 1160
1205 214
1206 958
1207 691
1208 1044
1209 1050
1210 910
1211 1100
1212 775
1213 913
1214 220
1215 600
1216 152
1217 1063
1218 564
1219 274
1220 564
1221 447
1222 1117
1223 810
1224 541
1225 1109
1226 869
1227 476
1228 873
1229 887
1230 868
1231 544
1232 547
1233 1202
1234 884
1235 629
1236 851
1237 1029
1238 596
1239 572
1240 714
1241 229
1242 370
1243 502
1244 1100
1245 1100
1246 1117
1247 1149
1248 822
1249 629
1250 522
1251 887
1252 1014
1253 581
1254 343
1255 334
1256 1156
1257 629
1258 1014
1259 865
1260 490
1261 812
1262 655
1263 838
1264 629
1265 205
1266 1076
1267 633
1268 1146
1269 256
1270 895
1271 77
1272 1038
1273 952
1274 557
1275 802
1276 1014
1277 944
1278 733
1279 747
1280 933
1281 902
1282 164
1283 858
1284 344
1285 1232
1286 689
1287 1223
1288 261
1289 894
1290 937
1291 1287
1292 673
1293 1261
1294 551
1295 1026
1296 866
1297 266
1298 564
1299 629
1300 445
1301 1164
1302 632
1303 419
1304 1273
1305 323
1306 976
1307 564
1308 1169
1309 1275
1310 1100
1311 629
1312 627
1313 540
1314 472
1315 1137
1316 887
1317 1220
1318 235
1319 830
1320 627
1321 1231
1322 1126
1323 832
1324 564
1325 1265
1326 225
1327 1068
1328 873
1329 125
1330 1283
1331 1322
1332 190
1333 1277
1334 166
1335 494
1336 430
1337 1028
1338 718
1339 1255
1340 759
1341 913
1342 1100
1343 1162
1344 769
1345 564
1346 1208
1347 778
1348 1025
1349 1041
1350 1069
1351 879
1352 604
1353 627
1354 461
1355 515
1356 929
1357 1132
1358 682
1359 629
1360 240
1361 508
1362 557
1363 931
1364 1252
1365 629
1366 663
1367 1336
1368 1248
1369 343
1370 838
1371 1347
1372 904
1373 974
1374 1363
1375 127
1376 363
1377 629
1378 437
1379 112
1380 547
1381 1011
1382 87
1383 1169
1384 1100
1385 759
1386 389
1387 206
1388 274
1389 753
1390 1267
1391 1370
1392 464
1393 1203
1394 1100
1395 1027
1396 1228
1397 1271
1398 282
1399 542
1400 313
1401 461
1402 753
1403 1147
1404 1367
1405 348
1406 899
1407 731
1408 96
1409 1053
1410 1182
1411 317
1412 306
1413 457
1414 550
1415 252
1416 1208
1417 1255
1418 1344
1419 1169
1420 98
1421 1110
1422 96
1423 1275
1424 823
1425 259
1426 1104
1427 494
1428 637
1429 1231
1430 1145
1431 903
1432 994
1433 256
1434 460
1435 1170
1436 1083
1437 1136
1438 50
1439 1011
1440 658
1441 108
1442 1347
1443 392
1444 1090
1445 400
1446 832
1447 1266
1448 1191
1449 1358
1450 902
1451 945
1452 1396
1453 874
1454 1100
1455 1192
1456 540
1457 629
1458 1182
1459 797
1460 1351
1461 221
1462 522
1463 1096
1464 1182
1465 826
1466 984
1467 704
1468 1051
1469 927
1470 465
1471 1025
1472 1460
1473 898
1474 826
1475 1350
1476 258
1477 1351
1478 591
1479 1267
1480 379
1481 1100
1482 1197
1483 1309
1484 982
1485 996
1486 1277
1487 1386
1488 1280
1489 1336
1490 1188
1491 1213
1492 954
1493 1100
1494 1357
1495 495
1496 22
1497 814
1498 1130
1499 1383
1500 587
1501 1238
1502 285
1503 414
1504 1348
1505 1051
1506 1466
1507 1212
1508 869
1509 1266
1510 1498
1511 1098
1512 620
1513 1100
1514 31
1515 1481
1516 796
1517 838
1518 787
1519 190
1520 826
1521 1173
1522 778
1523 245
1524 550
1525 629
1526 1011
1527 1376
1528 1482
1529 372
1530 1339
1531 778
1532 649
1533 573
1534 288
1535 330
1536 826
1537 657
1538 1345
1539 34
1540 190
1541 564
1542 379
1543 1351
1544 520
1545 135
1546 1365
1547 591
1548 1239
1549 708
1550 367
1551 618
1552 193
1553 1228
1554 1110
1555 1240
1556 1267
1557 541
1558 1023
1559 1482
1560 820
1561 847
1562 797
1563 627
1564 913
1565 629
1566 1549
1567 1256
1568 1297
1569 1322
1570 1100
1571 1323
1572 849
1573 1540
1574 420
1575 485
1576 701
1577 868
1578 1362
1579 1535
1580 1213
1581 969
1582 621
1583 601
1584 1179
1585 1368
1586 1110
1587 706
1588 1231
1589 1133
1590 912
1591 1294
1592 961
1593 1267
1594 1231
1595 629
1596 784
1597 1100
1598 868
1599 1501
1600 902
1601 655
1602 768
1603 1043
1604 1120
1605 1583
1606 629
1607 1444
1608 1243
1609 1418
1610 1327
1611 531
1612 1418
1613 230
1614 1014
1615 1389
1616 1310
1617 1195
1618 1070
1619 1615
1620 1156
1621 1330
1622 1521
1623 540
1624 489
1625 1296
1626 1433
1627 1102
1628 759
1629 1102
1630 1403
1631 762
1632 540
1633 1294
1634 417
1635 910
1636 184
1637 1383
1638 1102
1639 629
1640 580
1641 564
1642 1445
1643 1488
1644 737
1645 1644
1646 1379
1647 1033
1648 920
1649 1025
1650 862
1651 1517
1652 934
1653 1078
1654 1355
1655 85
1656 1624
1657 1093
1658 924
1659 1584
1660 884
1661 598
1662 1219
1663 1314
1664 875
1665 1023
1666 629
1667 745
1668 731
1669 1663
1670 1438
1671 1645
1672 1387
1673 1545
1674 1668
1675 629
1676 1275
1677 957
1678 1212
1679 478
1680 1668
1681 947
1682 1251
1683 1351
1684 731
1685 1227
1686 720
1687 1310
1688 810
1689 1383
1690 1201
1691 629
1692 341
1693 1685
1694 664
1695 1631
1696 1478
1697 360
1698 1014
1699 168
1700 627
1701 975
1702 173
1703 923
1704 1563
1705 1586
1706 1499
1707 1671
1708 564
1709 1151
1710 274
1711 489
1712 1496
1713 549
1714 1473
1715 1668
1716 1391
1717 1570
1718 1682
1719 514
1720 1266
1721 1549
1722 1023
1723 1618
1724 553
1725 584
1726 1100
1727 1150
1728 1579
1729 1529
1730 1556
1731 1235
1732 1017
1733 883
1734 1046
1735 731
1736 984
1737 1635
1738 1182
1739 974
1740 1723
1741 728
1742 1733
1743 1563
1744 946
1745 1351
1746 875
1747 778
1748 856
1749 549
1750 471
1751 1499
1752 233
1753 1582
1754 851
1755 548
1756 713
1757 1644
1758 1610
1759 1701
1760 327
1761 1014
1762 520
1763 535
1764 185
1765 1273
1766 1701
1767 1347
1768 1011
1769 1701
1770 747
1771 564
1772 540
1773 627
1774 1014
1775 181
1776 1150
1777 235
1778 653
1779 113
1780 441
1781 1773
1782 677
1783 1776
1784 1198
1785 478
1786 1231
1787 496
1788 1516
1789 1584
1790 1765
1791 1661
1792 792
1793 1701
1794 220
1795 1637
1796 1795
1797 1382
1798 403
1799 1322
1800 1369
1801 282
1802 1120
1803 399
1804 1643
1805 1075
1806 1351
1807 148
1808 843
1809 1701
1810 1524
1811 564
1812 1795
1813 1482
1814 1277
1815 1068
1816 757
1817 1011
1818 1754
1819 1110
1820 1008
1821 1182
1822 564
1823 948
1824 1551
1825 990
1826 245
1827 1309
1828 1220
1829 934
1830 1392
1831 826
1832 1399
1833 1754
1834 1362
1835 1783
1836 435
1837 1822
1838 1371
1839 1019
1840 471
1841 1752
1842 1592
1843 1192
1844 826
1845 1066
1846 398
1847 1654
1848 1754
1849 1730
1850 1111
1851 1563
1852 1264
1853 1514
1854 1584
1855 564
1856 162
1857 955
1858 564
1859 1532
1860 810
1861 1277
1862 1639
1863 1591
1864 1400
1865 1668
1866 287
1867 1806
1868 1803
1869 851
1870 884
1871 1200
1872 637
1873 838
1874 1403
1875 1511
1876 629
1877 874
1878 374
1879 721
1880 550
1881 90
1882 1453
1883 747
1884 580
1885 951
1886 1197
1887 1657
1888 1398
1889 884
1890 1484
1891 1788
1892 1465
1893 1327
1894 1231
1895 256
1896 1190
1897 994
1898 885
1899 1840
1900 1699
1901 1751
1902 984
1903 825
1904 1781
1905 1820
1906 1572
1907 96
1908 1753
1909 1656
1910 1811
1911 1002
1912 1584
1913 1100
1914 731
1915 913
1916 1752
1917 723
1918 1676
1919 1134
1920 1796
1921 629
1922 1576
1923 895
1924 629
1925 219
1926 1701
1927 1705
1928 1655
1929 1692
1930 1548
1931 1078
1932 1427
1933 1840
1934 1890
1935 1409
1936 1795
1937 540
1938 1110
1939 1549
1940 1655
1941 489
1942 994
1943 1130
1944 233
1945 1716
1946 897
1947 1158
1948 1918
1949 1542
1950 721
1951 1781
1952 540
1953 1131
1954 955
1955 1735
1956 1020
1957 133
1958 851
1959 1315
1960 1293
1961 1927
1962 716
1963 601
1964 1357
1965 1764
1966 1835
1967 1863
1968 1814
1969 1752
1970 1739
1971 625
1972 1058
1973 1166
1974 827
1975 1449
1976 541
1977 1584
1978 1351
1979 622
1980 1100
1981 1258
1982 282
1983 1120
1984 1023
1985 839
1986 948
1987 832
1988 1759
1989 1970
1990 738
1991 847
1992 1507
1993 984
1994 298
1995 1389
1996 1009
1997 155
1998 1883
1999 939
2000 888
2001 1784
2002 1783
2003 1935
2004 1301
2005 801
2006 1461
2007 718
2008 1668
2009 1351
2010 1584
2011 1759
2012 895
2013 1539
2014 1267
2015 196
2016 1668
2017 1531
2018 1584
2019 493
2020 352
2021 1268
2022 425
2023 1739
2024 1691
2025 570
2026 2016
2027 1740
2028 1867
2029 1404
2030 1967
2031 1754
2032 1157
2033 1581
2034 1762
2035 382
2036 1866
2037 1957
2038 1393
2039 1403
2040 1668
2041 256
2042 1764
2043 341
2044 1362
2045 1172
2046 1349
2047 1935
2048 1100
2049 893
2050 1701
2051 1615
2052 1867
2053 995
2054 1300
2055 1571
2056 1678
2057 1890
2058 1082
2059 583
2060 1500
2061 1514
2062 695
2063 1153
2064 1049
2065 1350
2066 1182
2067 731
2068 1445
2069 1751
2070 629
2071 964
2072 831
2073 1445
2074 1969
2075 1764
2076 629
2077 1718
2078 1837
2079 629
2080 1890
2081 1885
2082 731
2083 961
2084 294
2085 520
2086 1464
2087 1387
2088 1754
2089 494
2090 1477
2091 1931
2092 597
2093 1567
2094 954
2095 2036
2096 1100
2097 1059
2098 1177
2099 1826
2100 2070
2101 554
2102 1445
2103 1697
2104 984
2105 1600
2106 868
2107 1548
2108 1255
2109 1754
2110 14
2111 1629
2112 240
2113 1477
2114 1944
2115 2088
2116 1549
2117 1601
2118 1700
2119 1562
2120 971
2121 2022
2122 564
2123 1574
2124 1541
2125 1967
2126 474
2127 895
2128 1906
2129 1259
2130 990
2131 1431
2132 1637
2133 1506
2134 1970
2135 662
2136 1191
2137 1270
2138 1754
2139 742
2140 960
2141 1544
2142 1735
2143 1778
2144 1117
2145 961
2146 1023
2147 1701
2148 1636
2149 543
2150 1208
2151 1779
2152 797
2153 1957
2154 1014
2155 1795
2156 498
2157 1899
2158 1966
2159 1948
2160 675
2161 2014
2162 282
2163 984
2164 1850
2165 1685
2166 1182
2167 2159
2168 1515
2169 1584
2170 1211
2171 1670
2172 2083
2173 1065
2174 227
2175 557
2176 641
2177 759
2178 1431
2179 1647
2180 1970
2181 1477
2182 1126
2183 1775
2184 491
2185 2083
2186 1587
2187 1752
2188 1276
2189 1989
2190 1783
2191 271
2192 1301
2193 1011
2194 491
2195 826
2196 1697
2197 1642
2198 2078
2199 2196
2200 1060
2201 2083
2202 25
2203 1668
2204 1091
2205 2122
2206 1981
2207 974
2208 1697
2209 1455
2210 907
2211 864
2212 1713
2213 933
2214 786
2215 1750
2216 1773
2217 2126
2218 1025
2219 1739
2220 1785
2221 1840
2222 664
2223 1826
2224 1116
2225 1970
2226 636
2227 1778
2228 917
2229 1568
2230 2173
2231 1610
2232 2090
2233 1795
2234 1478
2235 916
2236 629
2237 1735
2238 2007
2239 1735
2240 1646
2241 178
2242 1372
2243 1795
2244 218
2245 508
2246 1861
2247 1272
2248 870
2249 1108
2250 233
2251 1795
2252 1563
2253 1644
2254 2216
2255 285
2256 1176
2257 718
2258 2117
2259 800
2260 542
2261 902
2262 569
2263 611
2264 1123
2265 790
2266 984
2267 2159
2268 1431
2269 230
2270 1477
2271 1317
2272 966
2273 945
2274 1637
2275 1100
2276 1701
2277 1890
2278 328
2279 2174
2280 1859
2281 1478
2282 2083
2283 2088
2284 2190
2285 2266
2286 1501
2287 331
2288 1478
2289 1231
2290 2070
2291 740
2292 2175
2293 1549
2294 574
2295 1548
2296 1795
2297 1117
2298 1255
2299 1300
2300 2228
2301 629
2302 2172
2303 1652
2304 1795
2305 1450
2306 1282
2307 1558
2308 1791
2309 2170
2310 1014
2311 1993
2312 2268
2313 547
2314 1795
2315 1704
2316 1778
2317 1731
2318 1353
2319 1851
2320 2111
2321 2055
2322 1584
2323 1998
2324 2061
2325 1754
2326 2185
2327 1066
2328 549
2329 1053
2330 2288
2331 2240
2332 753
2333 703
2334 282
2335 1818
2336 747
2337 1212
2338 1754
2339 1644
2340 2254
2341 1449
2342 2083
2343 2304
2344 993
2345 1519
2346 1756
2347 1757
2348 692
2349 438
2350 1383
2351 1568
2352 1584
2353 2318
2354 983
2355 835
2356 180
2357 631
2358 2257
2359 2117
2360 2254
2361 1204
2362 1111
2363 1231
2364 1795
2365 471
2366 1513
2367 808
2368 1690
2369 2084
2370 1517
2371 839
2372 1572
2373 1975
2374 1826
2375 2032
2376 1795
2377 1563
2378 1248
2379 1480
2380 1112
2381 1998
2382 1493
2383 2003
2384 1248
2385 1793
2386 564
2387 1169
2388 1490
2389 1701
2390 1277
2391 1754
2392 1629
2393 1890
2394 1066
2395 1100
2396 1363
2397 2172
2398 1795
2399 1100
2400 1122
2401 2133
2402 1752
2403 1105
2404 1778
2405 227
2406 1701
2407 708
2408 801
2409 1701
2410 757
2411 1549
2412 629
2413 1680
2414 146
2415 1351
2416 2187
2417 1532
2418 2177
2419 2417
2420 1584
2421 330
2422 1266
2423 1919
2424 1785
2425 1697
2426 1890
2427 2153
2428 1299
2429 1730
2430 875
2431 1407
2432 1212
2433 847
2434 1258
2435 2113
2436 962
2437 2425
2438 1580
2439 1922
2440 1381
2441 1213
2442 1826
2443 629
2444 1100
2445 2152
2446 1100
2447 2398
2448 1016
2449 1555
2450 564
2451 2304
2452 1833
2453 1291
2454 2265
2455 2418
2456 752
2457 1611
2458 1362
2459 1655
2460 274
2461 2164
2462 2037
2463 1387
2464 731
2465 1466
2466 1351
2467 434
2468 297
2469 2364
2470 1795
2471 1330
2472 2083
2473 1451
2474 1890
2475 2057
2476 1519
2477 68
2478 1729
2479 1510
2480 1584
2481 1716
2482 2028
2483 1077
2484 2407
2485 1117
2486 1812
2487 1760
2488 1519
2489 1549
2490 785
2491 2018
2492 1838
2493 2485
2494 2166
2495 1867
2496 1104
2497 1497
2498 1394
2499 1759
2500 2062
2501 2364
2502 1570
2503 1267
2504 2006
2505 2054
2506 1722
2507 1913
2508 1791
2509 148
2510 2020
2511 1783
2512 1086
2513 1795
2514 1478
2515 692
2516 2507
2517 1778
2518 2164
2519 1420
2520 706
2521 1867
2522 1754
2523 499
2524 2133
2525 1100
2526 2387
2527 1101
2528 2219
2529 356
2530 1519
2531 1823
2532 2526
2533 1606
2534 1890
2535 1497
2536 1902
2537 1735
2538 1754
2539 1532
2540 96
2541 2097
2542 910
2543 758
2544 1395
2545 1414
2546 697
2547 1014
2548 1867
2549 1125
2550 2228
2551 1402
2552 2540
2553 1281
2554 1563
2555 1905
2556 712
2557 1775
2558 2088
2559 2172
2560 1605
2561 224
2562 1911
2563 2473
2564 640
2565 1581
2566 267
2567 1797
2568 506
2569 1930
2570 1664
2571 1035
2572 1795
2573 1458
2574 1310
2575 2032
2576 959
2577 994
2578 1964
2579 1978
2580 1600
2581 2314
2582 324
2583 2479
2584 1918
2585 2173
2586 575
2587 471
2588 2079
2589 679
2590 2433
2591 2367
2592 2234
2593 1383
2594 2559
2595 1861
2596 1861
2597 826
2598 2380
2599 2374
2600 1931
2601 1497
2602 2380
2603 1048
2604 669
2605 541
2606 1531
2607 1178
2608 1655
2609 449
2610 2574
2611 1014
2612 564
2613 2332
2614 1050
2615 1752
2616 2364
2617 2462
2618 2249
2619 1635
2620 2053
2621 963
2622 2603
2623 2177
2624 1453
2625 1931
2626 1713
2627 1012
2628 2133
2629 2094
2630 2078
2631 1263
2632 2431
2633 629
2634 2585
2635 2262
2636 2633
2637 1593
2638 511
2639 1477
2640 1713
2641 2476
2642 1023
2643 845
2644 629
2645 2177
2646 1103
2647 1795
2648 2609
2649 1188
2650 2323
2651 1890
2652 1275
2653 2228
2654 1085
2655 443
2656 2210
2657 2073
2658 2337
2659 1753
2660 1183
2661 2408
2662 113
2663 2008
2664 1611
2665 1187
2666 2224
2667 1754
2668 1624
2669 2188
2670 1266
2671 2425
2672 2274
2673 2133
2674 1023
2675 1888
2676 627
2677 1903
2678 2598
2679 895
2680 2228
2681 2064
2682 1014
2683 1890
2684 2117
2685 1754
2686 1510
2687 677
2688 629
2689 1615
2690 2061
2691 2476
2692 2271
2693 2347
2694 1273
2695 1760
2696 2519
2697 1249
2698 2436
2699 1334
2700 2254
2701 1890
2702 1775
2703 1978
2704 1458
2705 1754
2706 489
2707 1982
2708 2647
2709 2208
2710 2678
2711 1383
2712 2020
2713 1342
2714 1402
2715 2419
2716 500
2717 1706
2718 1569
2719 892
2720 1522
2721 500
2722 1890
2723 878
2724 838
2725 786
2726 629
2727 1700
2728 2425
2729 2133
2730 1860
2731 2603
2732 2088
2733 2425
2734 423
2735 2532
2736 2474
2737 1756
2738 372
2739 2724
2740 1071
2741 785
2742 2571
2743 661
2744 1022
2745 1120
2746 2172
2747 1760
2748 1309
2749 1100
2750 1267
2751 375
2752 2572
2753 2250
2754 1229
2755 1890
2756 767
2757 1469
2758 1532
2759 2256
2760 1674
2761 1357
2762 1124
2763 629
2764 629
2765 2524
2766 2653
2767 1119
2768 1795
2769 2044
2770 1754
2771 2747
2772 1332
2773 564
2774 574
2775 2539
2776 302
2777 285
2778 1896
2779 1890
2780 1285
2781 2228
2782 549
2783 689
2784 2733
2785 550
2786 1023
2787 2612
2788 2425
2789 2080
2790 1890
2791 995
2792 2425
2793 572
2794 2714
2795 629
2796 540
2797 1971
2798 2051
2799 1406
2800 1246
2801 269
2802 2159
2803 629
2804 1456
2805 1612
2806 2608
2807 2133
2808 321
2809 1383
2810 541
2811 1477
2812 1726
2813 2563
2814 2642
2815 2176
2816 954
2817 2213
2818 1011
2819 1961
2820 1348
2821 1352
2822 1615
2823 1615
2824 2300
2825 1351
2826 2220
2827 1935
2828 1376
2829 1102
2830 353
2831 625
2832 2366
2833 2603
2834 2293
2835 698
2836 1635
2837 1698
2838 1351
2839 1102
2840 1970
2841 2501
2842 1897
2843 324
2844 225
2845 1184
2846 76
2847 2475
2848 2739
2849 1416
2850 629
2851 856
2852 1282
2853 1890
2854 2613
2855 1603
2856 731
2857 2238
2858 2003
2859 924
2860 1212
2861 1764
2862 2156
2863 2309
2864 1754
2865 921
2866 2115
2867 708
2868 1701
2869 1795
2870 1839
2871 2307
2872 1637
2873 1563
2874 1028
2875 2833
2876 330
2877 2786
2878 2383
2879 2871
2880 2871
2881 944
2882 1693
2883 549
2884 1795
2885 1445
2886 1840
2887 2670
2888 871
2889 1182
2890 2637
2891 1715
2892 127
2893 2873
2894 2216
2895 1242
2896 2838
2897 2854
2898 1070
2899 1278
2900 920
2901 2425
2902 2449
2903 1396
2904 1043
2905 2323
2906 2117
2907 564
2908 2083
2909 1231
2910 1890
2911 2425
2912 2671
2913 1655
2914 1795
2915 1362
2916 2118
2917 2660
2918 902
2919 2133
2920 2134
2921 2714
2922 2687
2923 2273
2924 2662
2925 2470
2926 2725
2927 2486
2928 2448
2929 305
2930 2837
2931 2540
2932 2811
2933 2674
2934 1584
2935 1890
2936 2935
2937 2266
2938 1795
2939 2662
2940 2668
2941 2172
2942 1117
2943 2714
2944 810
2945 2539
2946 855
2947 2425
2948 731
2949 779
2950 2714
2951 588
2952 1646
2953 1726
2954 1713
2955 1901
2956 911
2957 1754
2958 1905
2959 1795
2960 2954
2961 2751
2962 1696
2963 451
2964 1351
2965 2277
2966 1754
2967 2172
2968 1718
2969 2798
2970 1584
2971 2511
2972 1244
2973 2364
2974 2765
2975 564
2976 1482
2977 2596
2978 2172
2979 2425
2980 2753
2981 2520
2982 1553
2983 2172
2984 2383
2985 961
2986 2228
2987 810
2988 2243
2989 1023
2990 2022
2991 2088
2992 2985
2993 2828
2994 2921
2995 856
2996 1935
2997 2792
2998 1463
2999 483
3000 2089
3001 629
3002 1025
3003 2628
3004 1703
3005 547
3006 1362
3007 2384
3008 2288
3009 1043
3010 1890
3011 2354
3012 1351
3013 1820
3014 1947
3015 1667
3016 2296
3017 1506
3018 2664
3019 2859
3020 2425
3021 1426
3022 1449
3023 2809
3024 1754
3025 1294
3026 2129
3027 2856
3028 881
3029 1734
3030 2041
3031 2323
3032 2684
3033 1905
3034 2825
3035 627
3036 564
3037 439
3038 2411
3039 2247
3040 2534
3041 2827
3042 1855
3043 2689
3044 1775
3045 851
3046 1737
3047 2760
3048 1937
3049 1231
3050 1020
3051 208
3052 2754
3053 1779
3054 178
3055 2323
3056 2133
3057 2172
3058 336
3059 2519
3060 629
3061 2374
3062 2032
3063 869
3064 656
3065 2401
3066 1970
3067 689
3068 1719
3069 2713
3070 743
3071 2596
3072 2540
3073 2476
3074 2520
3075 1648
3076 1791
3077 2201
3078 1508
3079 2899
3080 3027
3081 1783
3082 1496
3083 2588
3084 2686
3085 1160
3086 2990
3087 2138
3088 2969
3089 1331
3090 2892
3091 2519
3092 987
3093 1634
3094 2451
3095 463
3096 1014
3097 1054
3098 2052
3099 2425
3100 1014
3101 805
3102 2260
3103 2782
3104 388
3105 2610
3106 2708
3107 2479
3108 2083
3109 2133
3110 632
3111 663
3112 1445
3113 1981
3114 2692
3115 1313
3116 689
3117 365
3118 884
3119 2309
3120 305
3121 1681
3122 2296
3123 1231
3124 2664
3125 1635
3126 481
3127 2287
3128 2863
3129 2476
3130 146
3131 1282
3132 2425
3133 2410
3134 1220
3135 651
3136 830
3137 2391
3138 2088
3139 869
3140 1747
3141 1871
3142 336
3143 744
3144 902
3145 2304
3146 1931
3147 1430
3148 1480
3149 872
3150 706
3151 2854
3152 1025
3153 2133
3154 778
3155 2087
3156 3089
3157 2088
3158 1043
3159 2905
3160 1985
3161 1554
3162 1508
3163 2447
3164 2354
3165 1375
3166 2998
3167 1680
3168 984
3169 1956
3170 3012
3171 557
3172 769
3173 2358
3174 2408
3175 852
3176 2799
3177 2425
3178 1014
3179 2034
3180 2496
3181 312
3182 2781
3183 2425
3184 2624
3185 2854
3186 2705
3187 2880
3188 2509
3189 1021
3190 1461
3191 3187
3192 2306
3193 3086
3194 1303
3195 2798
3196 988
3197 2479
3198 1795
3199 2399
3200 961
3201 2070
3202 2542
3203 2096
3204 885
3205 1211
3206 2714
3207 2183
3208 1611
3209 1567
3210 3031
3211 1053
3212 1600
3213 1328
3214 2140
3215 1121
3216 2143
3217 1384
3218 2257
3219 999
3220 2133
3221 1931
3222 1561
3223 1563
3224 2088
3225 557
3226 2820
3227 2302
3228 1795
3229 1735
3230 2528
3231 1282
3232 1584
3233 1840
3234 1302
3235 1558
3236 2906
3237 2720
3238 2159
3239 3021
3240 2476
3241 1459
3242 2088
3243 943
3244 611
3245 626
3246 1387
3247 2615
3248 1301
3249 811
3250 3043
3251 1549
3252 2610
3253 1129
3254 805
3255 2714
3256 3008
3257 1019
3258 1969
3259 3256
3260 3041
3261 3075
3262 2613
3263 2117
3264 2101
3265 3183
3266 1122
3267 1382
3268 1399
3269 2855
3270 1986
3271 1766
3272 1817
3273 870
3274 3238
3275 2572
3276 2088
3277 727
3278 1568
3279 2539
3280 2672
3281 1788
3282 1622
3283 2745
3284 875
3285 442
3286 2856
3287 2854
3288 218
3289 2138
3290 1569
3291 2025
3292 2981
3293 3195
3294 3152
3295 2513
3296 2296
3297 174
3298 195
3299 19
3300 33
3301 1006
3302 153
3303 41
3304 2477
3305 45
3306 102
3307 237
3308 2110
3309 52
3310 51
3311 1514
3312 301
3313 2767
3314 755
3315 260
3316 1979
3317 571
3318 303
3319 19
3320 25
3321 924
3322 1382
3323 1908
3324 1089
3325 930
3326 559
3327 1712
3328 2801
3329 710
3330 819
3331 567
3332 1803
3333 2202
3334 179
3335 2831
3336 3051
3337 2095
3338 65
3339 1742
3340 1199
3341 338
3342 2013
3343 1169
3344 343
3345 1441
3346 412
3347 1703
3348 415
3349 977
3350 2999
3351 1725
3352 2129
3353 36
3354 318
3355 1784
3356 2928
3357 40
3358 855
3359 1438
3360 928
3361 799
3362 2453
3363 1685
3364 2259
3365 3127
3366 2177
3367 844
3368 236
3369 376
3370 1290
3371 454
3372 104
3373 2783
3374 151
3375 191
3376 172
3377 171
3378 1131
3379 2496
3380 1292
3381 1045
3382 448
3383 1288
3384 349
3385 178
3386 311
3387 391
3388 235
3389 1697
3390 940
3391 103
3392 60
3393 687
3394 1077
3395 520
3396 606
3397 1397
3398 1241
3399 1695
3400 1013
3401 453
3402 2793
3403 215
3404 264
3405 1337
3406 136
3407 1826
3408 505
3409 436
3410 109
3411 2846
3412 942
3413 705
3414 380
3415 843
3416 897
3417 255
3418 84
3419 1655
3420 85
3421 105
3422 1900
3423 87
3424 1174
3425 3176
3426 444
3427 593
3428 447
3429 2844
3430 201
3431 94
3432 87
3433 2060
3434 956
3435 140
3436 594
3437 1702
3438 88
3439 688
3440 760
3441 129
3442 608
3443 3165
3444 1425
3445 1020
3446 416
3447 806
3448 90
3449 288
3450 1881
3451 804
3452 1047
3453 479
3454 133
3455 2176
3456 2734
3457 2015
3458 263
3459 96
3460 96
3461 96
3462 987
3463 1422
3464 96
3465 3005
3466 96
3467 326
3468 96
3469 187
3470 96
3471 329
3472 192
3473 2676
3474 751
3475 1487
3476 1408
3477 1907
3478 1443
3479 2540
3480 418
3481 2194
3482 2883
3483 1440
3484 1760
3485 2519
3486 1911
3487 152
3488 339
3489 400
3490 863
3491 961
3492 182
3493 1545
3494 3121
3495 1764
3496 102
3497 577
3498 2149
3499 2963
3500 2072
3501 2621
3502 102
3503 711
3504 144
3505 706
3506 3154
3507 104
3508 639
3509 1392
3510 222
3511 470
3512 660
3513 126
3514 411
3515 2568
3516 104
3517 847
3518 252
3519 2649
3520 1636
3521 793
3522 110
3523 111
3524 131
3525 495
3526 262
3527 1215
3528 545
3529 2331
3530 112
3531 132
3532 979
3533 2662
3534 113
3535 113
3536 378
3537 943
3538 902
3539 2549
3540 113
3541 513
3542 213
3543 1779
3544 1807
3545 430
3546 2561
3547 275
3548 2414
3549 325
3550 125
3551 355
3552 1329
3553 2334
3554 3090
3555 409
3556 296
3557 132
3558 1282
3559 2427
3560 133
3561 2371
3562 137
3563 137
3564 139
3565 857
3566 1997
3567 1863
3568 1293
3569 1478
3570 146
3571 3130
3572 2509
3573 1205
3574 2603
3575 820
3576 2193
3577 2114
3578 518
3579 904
3580 1480
3581 1792
3582 152
3583 429
3584 846
3585 1552
3586 212
3587 677
3588 1216
3589 670
3590 1387
3591 2895
3592 773
3593 2744
3594 1798
3595 1583
3596 152
3597 802
3598 230
3599 247
3600 157
3601 270
3602 886
3603 158
3604 2699
3605 1973
3606 419
3607 1411
3608 1856
3609 298
3610 164
3611 164
3612 1755
3613 2007
3614 169
3615 177
3616 189
3617 854
3618 178
3619 3054
3620 178
3621 1250
3622 2241
3623 614
3624 179
3625 1106
3626 1354
3627 179
3628 2356
3629 903
3630 738
3631 180
3632 1775
3633 752
3634 200
3635 1476
3636 358
3637 541
3638 1056
3639 1332
3640 995
3641 190
3642 890
3643 1540
3644 2566
3645 1519
3646 190
3647 3117
3648 190
3649 1533
3650 408
3651 190
3652 605
3653 1087
3654 191
3655 603
3656 1262
3657 2092
3658 2279
3659 665
3660 194
3661 194
3662 194
3663 1437
3664 526
3665 194
3666 406
3667 2112
3668 319
3669 1171
3670 201
3671 791
3672 203
3673 204
3674 204
3675 204
3676 204
3677 312
3678 205
3679 1325
3680 205
3681 2160
3682 1903
3683 328
3684 517
3685 315
3686 1412
3687 3104
3688 1037
3689 446
3690 623
3691 1042
3692 1754
3693 2200
3694 1007
3695 3288
3696 2244
3697 798
3698 2961
3699 218
3700 218
3701 1925
3702 644
3703 220
3704 220
3705 536
3706 901
3707 1214
3708 1095
3709 1794
3710 1027
3711 2020
3712 925
3713 221
3714 221
3715 1461
3716 2876
3717 1326
3718 1003
3719 2405
3720 769
3721 230
3722 475
3723 438
3724 2888
3725 284
3726 715
3727 302
3728 230
3729 2269
3730 1613
3731 2046
3732 335
3733 2980
3734 694
3735 1752
3736 2523
3737 234
3738 3254
3739 1777
3740 978
3741 1318
3742 236
3743 345
3744 2473
3745 3175
3746 1360
3747 243
3748 696
3749 1040
3750 2084
3751 245
3752 2191
3753 915
3754 1523
3755 246
3756 246
3757 248
3758 690
3759 1415
3760 252
3761 1266
3762 2543
3763 373
3764 2049
3765 1626
3766 2835
3767 362
3768 1503
3769 2041
3770 628
3771 256
3772 555
3773 916
3774 1140
3775 580
3776 1895
3777 986
3778 295
3779 492
3780 1269
3781 264
3782 3245
3783 2830
3784 3244
3785 589
3786 272
3787 266
3788 266
3789 2063
3790 3278
3791 569
3792 602
3793 949
3794 2430
3795 268
3796 1000
3797 2059
3798 270
3799 833
3800 1996
3801 434
3802 563
3803 274
3804 1219
3805 3126
3806 274
3807 274
3808 274
3809 2005
3810 1710
3811 1653
3812 958
3813 1240
3814 2460
3815 274
3816 274
3817 337
3818 724
3819 832
3820 274
3821 383
3822 1388
3823 276
3824 2777
3825 281
3826 1801
3827 282
3828 2707
3829 282
3830 1701
3831 282
3832 282
3833 282
3834 2656
3835 2162
3836 1871
3837 2675
3838 789
3839 932
3840 285
3841 2255
3842 3028
3843 1502
3844 1226
3845 286
3846 3193
3847 287
3848 1534
3849 307
3850 288
3851 3111
3852 1405
3853 293
3854 293
3855 2843
3856 402
3857 294
3858 2468
3859 579
3860 1994
3861 1260
3862 2348
3863 1846
3864 697
3865 300
3866 2776
3867 1142
3868 3120
3869 1824
3870 2929
3871 305
3872 306
3873 519
3874 771
3875 308
3876 574
3877 308
3878 310
3879 310
3880 312
3881 1080
3882 485
3883 312
3884 3181
3885 1339
3886 2291
3887 1864
3888 776
3889 1063
3890 314
3891 2808
3892 664
3893 1305
3894 2582
3895 326
3896 918
3897 2278
3898 1714
3899 1756
3900 2421
3901 1535
3902 1470
3903 2228
3904 2248
3905 333
3906 3058
3907 2917
3908 336
3909 336
3910 2604
3911 3282
3912 336
3913 336
3914 3142
3915 867
3916 337
3917 338
3918 1093
3919 339
3920 339
3921 1084
3922 2505
3923 469
3924 341
3925 1692
3926 341
3927 341
3928 838
3929 2043
3930 553
3931 342
3932 1595
3933 1800
3934 1233
3935 510
3936 1254
3937 343
3938 2756
3939 1284
3940 609
3941 344
3942 344
3943 1938
3944 344
3945 1663
3946 537
3947 842
3948 432
3949 369
3950 2589
3951 344
3952 350
3953 441
3954 2738
3955 2655
3956 1677
3957 896
3958 355
3959 841
3960 422
3961 657
3962 651
3963 2529
3964 1378
3965 693
3966 359
3967 359
3968 1829
3969 361
3970 1376
3971 668
3972 366
3973 1113
3974 367
3975 385
3976 1550
3977 367
3978 367
3979 369
3980 369
3981 369
3982 3064
3983 2478
3984 372
3985 1878
3986 1783
3987 1036
3988 1949
3989 2035
3990 382
3991 383
3992 684
3993 878
3994 489
3995 389
3996 401
3997 390
3998 394
3999 3264
4000 1741
4001 1445
4002 1177
4003 1785
4004 493
4005 3079
4006 568
4007 410
4008 1634
4009 417
4010 3194
4011 1791
4012 419
4013 419
4014 2716
4015 2123
4016 592
4017 516
4018 428
4019 521
4020 1404
4021 430
4022 431
4023 432
4024 433
4025 2179
4026 2467
4027 585
4028 2217
4029 1788
4030 906
4031 1512
4032 435
4033 2000
4034 1836
4035 576
4036 3143
4037 435
4038 438
4039 2349
4040 528
4041 1256
4042 1650
4043 3037
4044 1253
4045 3196
4046 1780
4047 3110
4048 441
4049 544
4050 441
4051 2975
4052 442
4053 3285
4054 683
4055 1608
4056 761
4057 1221
4058 2609
4059 451
4060 1413
4061 2333
4062 783
4063 460
4064 1434
4065 460
4066 1401
4067 3095
4068 463
4069 827
4070 503
4071 468
4072 750
4073 650
4074 470
4075 487
4076 1750
4077 2357
4078 1840
4079 2587
4080 2497
4081 2365
4082 1272
4083 473
4084 1679
4085 484
4086 2021
4087 485
4088 1589
4089 1575
4090 630
4091 754
4092 525
4093 1624
4094 1972
4095 2706
4096 1941
4097 3068
4098 1711
4099 489
4100 489
4101 2380
4102 2106
4103 1463
4104 489
4105 556
4106 652
4107 2184
4108 2019
4109 539
4110 494
4111 494
4112 494
4113 1932
4114 3000
4115 3136
4116 1335
4117 1495
4118 1787
4119 2586
4120 2898
4121 2156
4122 498
4123 2721
4124 501
4125 505
4126 561
4127 505
4128 505
4129 1898
4130 2845
4131 747
4132 2226
4133 1361
4134 2245
4135 2638
4136 662
4137 1847
4138 1744
4139 518
4140 3179
4141 1667
4142 1127
4143 1544
4144 520
4145 936
4146 1409
4147 659
4148 2085
4149 520
4150 2664
4151 1462
4152 1399
4153 1175
4154 531
4155 531
4156 535
4157 535
4158 535
4159 1763
4160 535
4161 1181
4162 1194
4163 538
4164 3115
4165 540
4166 540
4167 695
4168 1468
4169 1632
4170 1453
4171 1952
4172 2796
4173 540
4174 540
4175 540
4176 2804
4177 540
4178 1623
4179 3048
4180 1772
4181 1976
4182 541
4183 2605
4184 1557
4185 746
4186 541
4187 1224
4188 2810
4189 3102
4190 544
4191 990
4192 1786
4193 544
4194 545
4195 1435
4196 545
4197 546
4198 546
4199 547
4200 734
4201 2313
4202 1001
4203 547
4204 570
4205 1380
4206 1285
4207 547
4208 1207
4209 549
4210 604
4211 2640
4212 1749
4213 926
4214 2328
4215 2782
4216 3013
4217 550
4218 550
4219 550
4220 550
4221 1135
4222 2785
4223 550
4224 1810
4225 2545
4226 550
4227 1880
4228 550
4229 997
4230 1724
4231 727
4232 556
4233 558
4234 1274
4235 3171
4236 782
4237 1162
4238 557
4239 557
4240 1362
4241 557
4242 973
4243 2698
4244 557
4245 619
4246 2292
4247 1039
4248 557
4249 3225
4250 557
4251 557
4252 2762
4253 562
4254 1114
4255 564
4256 564
4257 564
4258 2077
4259 2450
4260 2643
4261 564
4262 873
4263 1298
4264 1771
4265 672
4266 1910
4267 564
4268 564
4269 1220
4270 564
4271 1218
4272 1538
4273 564
4274 564
4275 2386
4276 709
4277 564
4278 564
4279 564
4280 1596
4281 737
4282 1024
4283 564
4284 794
4285 564
4286 1837
4287 564
4288 564
4289 2205
4290 1576
4291 3029
4292 739
4293 564
4294 564
4295 1943
4296 3036
4297 938
4298 564
4299 564
4300 564
4301 564
4302 1324
4303 564
4304 564
4305 564
4306 1079
4307 564
4308 564
4309 564
4310 960
4311 809
4312 2445
4313 564
4314 2907
4315 1855
4316 564
4317 564
4318 829
4319 564
4320 564
4321 1209
4322 2124
4323 564
4324 807
4325 1641
4326 1858
4327 2773
4328 1307
4329 1850
4330 564
4331 2612
4332 564
4333 564
4334 811
4335 1708
4336 2512
4337 564
4338 1857
4339 613
4340 1467
4341 1025
4342 567
4343 586
4344 2635
4345 569
4346 569
4347 610
4348 2949
4349 569
4350 3291
4351 572
4352 1548
4353 573
4354 573
4355 2774
4356 574
4357 1126
4358 2294
4359 647
4360 574
4361 716
4362 1640
4363 1884
4364 1572
4365 585
4366 2951
4367 1547
4368 1886
4369 1501
4370 2139
4371 1963
4372 2821
4373 604
4374 1585
4375 617
4376 653
4377 1964
4378 1805
4379 2263
4380 613
4381 3215
4382 615
4383 2646
4384 2797
4385 626
4386 627
4387 627
4388 627
4389 1607
4390 1469
4391 2118
4392 1312
4393 3035
4394 627
4395 848
4396 729
4397 627
4398 1563
4399 627
4400 989
4401 627
4402 627
4403 775
4404 1320
4405 1773
4406 1180
4407 872
4408 2318
4409 1178
4410 1061
4411 629
4412 1267
4413 780
4414 1525
4415 826
4416 2644
4417 2763
4418 2556
4419 629
4420 629
4421 1424
4422 1999
4423 2697
4424 1862
4425 2443
4426 1852
4427 1107
4428 764
4429 1675
4430 1193
4431 2850
4432 1311
4433 2236
4434 1436
4435 861
4436 1565
4437 629
4438 1257
4439 629
4440 2803
4441 2726
4442 629
4443 1666
4444 1921
4445 629
4446 629
4447 1377
4448 2665
4449 1359
4450 2045
4451 1100
4452 629
4453 1186
4454 629
4455 629
4456 2428
4457 629
4458 3070
4459 2396
4460 2764
4461 629
4462 629
4463 629
4464 2367
4465 2301
4466 629
4467 699
4468 2636
4469 629
4470 629
4471 629
4472 629
4473 629
4474 629
4475 941
4476 2419
4477 629
4478 2076
4479 1924
4480 2173
4481 1691
4482 629
4483 3060
4484 2881
4485 1341
4486 1731
4487 629
4488 629
4489 629
4490 1365
4491 629
4492 2725
4493 629
4494 1876
4495 3083
4496 2100
4497 629
4498 2272
4499 2688
4500 2394
4501 629
4502 629
4503 666
4504 629
4505 629
4506 2694
4507 629
4508 629
4509 980
4510 629
4511 2412
4512 646
4513 2795
4514 817
4515 3001
4516 787
4517 629
4518 1457
4519 629
4520 629
4521 629
4522 629
4523 837
4524 629
4525 629
4526 629
4527 2533
4528 3234
4529 632
4530 634
4531 1196
4532 2564
4533 1872
4534 637
4535 637
4536 637
4537 637
4538 1428
4539 637
4540 2341
4541 637
4542 640
4543 774
4544 985
4545 1071
4546 646
4547 648
4548 650
4549 1139
4550 1732
4551 3135
4552 770
4553 1778
4554 654
4555 655
4556 655
4557 655
4558 3236
4559 1537
4560 659
4561 891
4562 2743
4563 662
4564 725
4565 2135
4566 662
4567 1366
4568 663
4569 664
4570 2222
4571 753
4572 664
4573 664
4574 664
4575 1686
4576 664
4577 1694
4578 667
4579 669
4580 1099
4581 672
4582 984
4583 675
4584 2922
4585 1782
4586 677
4587 678
4588 678
4589 679
4590 682
4591 686
4592 2654
4593 687
4594 3116
4595 1286
4596 3270
4597 689
4598 3067
4599 815
4600 2541
4601 692
4602 2515
4603 756
4604 2956
4605 695
4606 2500
4607 695
4608 2546
4609 697
4610 1179
4611 697
4612 700
4613 704
4614 2154
4615 2490
4616 706
4617 2942
4618 879
4619 3150
4620 2520
4621 706
4622 706
4623 1587
4624 706
4625 950
4626 3147
4627 828
4628 707
4629 2484
4630 708
4631 708
4632 708
4633 1549
4634 2867
4635 813
4636 713
4637 716
4638 716
4639 1962
4640 2257
4641 1338
4642 2071
4643 1950
4644 1879
4645 1917
4646 3277
4647 2904
4648 757
4649 728
4650 2464
4651 731
4652 731
4653 731
4654 731
4655 1069
4656 731
4657 731
4658 731
4659 1914
4660 2632
4661 731
4662 2067
4663 993
4664 1105
4665 968
4666 1955
4667 731
4668 2948
4669 1160
4670 2856
4671 1668
4672 2082
4673 908
4674 1684
4675 731
4676 731
4677 731
4678 731
4679 731
4680 1092
4681 737
4682 2253
4683 781
4684 1990
4685 740
4686 2870
4687 742
4688 746
4689 1998
4690 1770
4691 1279
4692 2336
4693 748
4694 748
4695 749
4696 1088
4697 2456
4698 1615
4699 1402
4700 753
4701 2332
4702 1035
4703 754
4704 755
4705 757
4706 757
4707 3133
4708 757
4709 1816
4710 758
4711 759
4712 1628
4713 759
4714 1385
4715 1340
4716 759
4717 759
4718 760
4719 1074
4720 1120
4721 765
4722 766
4723 1152
4724 766
4725 767
4726 1602
4727 1609
4728 1018
4729 1617
4730 3172
4731 773
4732 775
4733 775
4734 1138
4735 775
4736 803
4737 836
4738 775
4739 2211
4740 2860
4741 775
4742 1081
4743 775
4744 776
4745 777
4746 778
4747 2606
4748 3140
4749 922
4750 877
4751 778
4752 778
4753 1522
4754 2759
4755 1767
4756 778
4757 778
4758 778
4759 778
4760 2741
4761 786
4762 2214
4763 1518
4764 787
4765 787
4766 982
4767 787
4768 2454
4769 790
4770 909
4771 790
4772 967
4773 790
4774 790
4775 790
4776 790
4777 840
4778 2629
4779 794
4780 1459
4781 2119
4782 3219
4783 797
4784 797
4785 3202
4786 2661
4787 802
4788 2652
4789 3101
4790 805
4791 2354
4792 808
4793 933
4794 809
4795 809
4796 809
4797 809
4798 809
4799 2987
4800 1688
4801 810
4802 2730
4803 2944
4804 810
4805 811
4806 3249
4807 811
4808 813
4809 1062
4810 1560
4811 822
4812 826
4813 1831
4814 1536
4815 826
4816 826
4817 826
4818 1031
4819 1844
4820 826
4821 1465
4822 826
4823 826
4824 2597
4825 959
4826 1520
4827 826
4828 826
4829 1004
4830 826
4831 1115
4832 1474
4833 826
4834 2195
4835 826
4836 827
4837 971
4838 827
4839 827
4840 827
4841 827
4842 1974
4843 827
4844 1319
4845 876
4846 2055
4847 832
4848 1987
4849 832
4850 1446
4851 835
4852 2368
4853 2355
4854 835
4855 837
4856 837
4857 837
4858 838
4859 1651
4860 838
4861 1370
4862 2631
4863 1873
4864 838
4865 838
4866 838
4867 1356
4868 2724
4869 1985
4870 840
4871 1190
4872 843
4873 1808
4874 843
4875 845
4876 845
4877 994
4878 847
4879 847
4880 1991
4881 847
4882 991
4883 1561
4884 965
4885 2590
4886 847
4887 1581
4888 905
4889 1236
4890 3045
4891 1958
4892 851
4893 851
4894 1869
4895 1161
4896 2946
4897 1330
4898 856
4899 2995
4900 856
4901 2851
4902 1237
4903 856
4904 856
4905 1748
4906 1185
4907 862
4908 1630
4909 866
4910 1625
4911 866
4912 868
4913 1577
4914 1230
4915 1598
4916 1123
4917 3139
4918 3063
4919 1508
4920 3273
4921 870
4922 935
4923 3149
4924 872
4925 873
4926 1328
4927 873
4928 2982
4929 1919
4930 1877
4931 875
4932 1097
4933 875
4934 875
4935 1094
4936 2570
4937 1746
4938 3284
4939 2719
4940 1010
4941 2723
4942 1351
4943 976
4944 1034
4945 884
4946 884
4947 884
4948 884
4949 884
4950 1660
4951 1889
4952 1870
4953 1234
4954 3118
4955 885
4956 885
4957 3204
4958 885
4959 3052
4960 887
4961 1316
4962 887
4963 890
4964 1289
4965 894
4966 3014
4967 1923
4968 895
4969 895
4970 2679
4971 2137
4972 895
4973 2127
4974 2012
4975 895
4976 897
4977 1946
4978 899
4979 1281
4980 912
4981 3144
4982 902
4983 902
4984 1600
4985 902
4986 2261
4987 902
4988 2918
4989 902
4990 902
4991 902
4992 972
4993 902
4994 2305
4995 902
4996 902
4997 1448
4998 1431
4999 903
5000 903
5001 2242
5002 904
5003 910
5004 1210
5005 1635
5006 910
5007 1590
5008 913
5009 1915
5010 1213
5011 913
5012 1564
5013 914
5014 916
5015 916
5016 2627
5017 916
5018 2235
5019 919
5020 919
5021 2900
5022 1648
5023 920
5024 920
5025 1143
5026 920
5027 920
5028 920
5029 2865
5030 3019
5031 1658
5032 928
5033 930
5034 1488
5035 2213
5036 934
5037 934
5038 1984
5039 2303
5040 939
5041 941
5042 3243
5043 944
5044 1277
5045 944
5046 944
5047 1102
5048 2923
5049 945
5050 948
5051 951
5052 948
5053 2531
5054 949
5055 2081
5056 2816
5057 1492
5058 1954
5059 957
5060 958
5061 1206
5062 958
5063 959
5064 2576
5065 2140
5066 961
5067 2985
5068 3200
5069 961
5070 998
5071 1842
5072 2145
5073 961
5074 961
5075 2083
5076 961
5077 961
5078 962
5079 962
5080 966
5081 966
5082 2120
5083 971
5084 972
5085 1030
5086 972
5087 972
5088 974
5089 974
5090 1373
5091 2207
5092 3230
5093 974
5094 974
5095 974
5096 975
5097 975
5098 975
5099 976
5100 976
5101 1306
5102 978
5103 1484
5104 982
5105 982
5106 2666
5107 2104
5108 2058
5109 984
5110 1993
5111 2133
5112 984
5113 2163
5114 1736
5115 3168
5116 984
5117 2266
5118 984
5119 984
5120 2536
5121 984
5122 984
5123 986
5124 3092
5125 1825
5126 2130
5127 990
5128 990
5129 990
5130 990
5131 1163
5132 1091
5133 990
5134 3189
5135 2344
5136 1168
5137 994
5138 994
5139 994
5140 994
5141 1032
5142 994
5143 1159
5144 994
5145 1432
5146 2842
5147 994
5148 1942
5149 2577
5150 1164
5151 3253
5152 2791
5153 2620
5154 1485
5155 997
5156 997
5157 997
5158 999
5159 1002
5160 3097
5161 1073
5162 1009
5163 1009
5164 1011
5165 1768
5166 1011
5167 2818
5168 3272
5169 1011
5170 2440
5171 1439
5172 1526
5173 1011
5174 2064
5175 1057
5176 1012
5177 1026
5178 1014
5179 1189
5180 2682
5181 1014
5182 1014
5183 2434
5184 3100
5185 2310
5186 2547
5187 1014
5188 3096
5189 1774
5190 2669
5191 1614
5192 1014
5193 1014
5194 1014
5195 2611
5196 1014
5197 1014
5198 1014
5199 1761
5200 1101
5201 1014
5202 1014
5203 1014
5204 1064
5205 1014
5206 2930
5207 1014
5208 1014
5209 1364
5210 1014
5211 1014
5212 1225
5213 1014
5214 3178
5215 3257
5216 3050
5217 1956
5218 1020
5219 1118
5220 1020
5221 1020
5222 1155
5223 1023
5224 1023
5225 1023
5226 1023
5227 1875
5228 1023
5229 1023
5230 1023
5231 1023
5232 1023
5233 1023
5234 2146
5235 2877
5236 1665
5237 1023
5238 1023
5239 1023
5240 2880
5241 1023
5242 2933
5243 2506
5244 2989
5245 1023
5246 1023
5247 1023
5248 1023
5249 1023
5250 1023
5251 1023
5252 1023
5253 1023
5254 1023
5255 2642
5256 1023
5257 1023
5258 1023
5259 1024
5260 1025
5261 1649
5262 1025
5263 2218
5264 1471
5265 1025
5266 3294
5267 1025
5268 1348
5269 1025
5270 3002
5271 1295
5272 1395
5273 1327
5274 1027
5275 2874
5276 1028
5277 1029
5278 1032
5279 1035
5280 2742
5281 1035
5282 1141
5283 1037
5284 1037
5285 1038
5286 1042
5287 1042
5288 1603
5289 3009
5290 3158
5291 2849
5292 1046
5293 1047
5294 2614
5295 1050
5296 1505
5297 1052
5298 1053
5299 2329
5300 3211
5301 1053
5302 1059
5303 1061
5304 1217
5305 1063
5306 1064
5307 1067
5308 1064
5309 1066
5310 2327
5311 1066
5312 1845
5313 1066
5314 1066
5315 1066
5316 1067
5317 1067
5318 1815
5319 1068
5320 1068
5321 2065
5322 1070
5323 1618
5324 1070
5325 1071
5326 2740
5327 1075
5328 1075
5329 1076
5330 2483
5331 1078
5332 2091
5333 1082
5334 1084
5335 1085
5336 1085
5337 1088
5338 2204
5339 1091
5340 1887
5341 1093
5342 1096
5343 1096
5344 1097
5345 1100
5346 1100
5347 1100
5348 1100
5349 1100
5350 1100
5351 1100
5352 1493
5353 1100
5354 1100
5355 2525
5356 1100
5357 1192
5358 1100
5359 3217
5360 1100
5361 1597
5362 3205
5363 1100
5364 2749
5365 1100
5366 1100
5367 1100
5368 1100
5369 1481
5370 1100
5371 1100
5372 1100
5373 1100
5374 1980
5375 1100
5376 1100
5377 1100
5378 1100
5379 1100
5380 1245
5381 1100
5382 1100
5383 1100
5384 1100
5385 2713
5386 2618
5387 2444
5388 1100
5389 1100
5390 2972
5391 1100
5392 1100
5393 2507
5394 2048
5395 1513
5396 1100
5397 1100
5398 1100
5399 1717
5400 1393
5401 1100
5402 1100
5403 1100
5404 2032
5405 3203
5406 2953
5407 1100
5408 1616
5409 1100
5410 2399
5411 1100
5412 1100
5413 1100
5414 2446
5415 2275
5416 2395
5417 1100
5418 1454
5419 1100
5420 1100
5421 2498
5422 1100
5423 1709
5424 1100
5425 2527
5426 1101
5427 2839
5428 1627
5429 1102
5430 1629
5431 1638
5432 1128
5433 1102
5434 2829
5435 1104
5436 3021
5437 1104
5438 1104
5439 2403
5440 1105
5441 1105
5442 1105
5443 1105
5444 1107
5445 1107
5446 1315
5447 1819
5448 1110
5449 1586
5450 1110
5451 1554
5452 1110
5453 1421
5454 1110
5455 1111
5456 2362
5457 1111
5458 1112
5459 1112
5460 1113
5461 1115
5462 2144
5463 1117
5464 1165
5465 1117
5466 2297
5467 2493
5468 1117
5469 1117
5470 1117
5471 1117
5472 2800
5473 1117
5474 1222
5475 1117
5476 1118
5477 1120
5478 1983
5479 3283
5480 1120
5481 1604
5482 1802
5483 1122
5484 1122
5485 1122
5486 2400
5487 1122
5488 1122
5489 3266
5490 1122
5491 1144
5492 2264
5493 1124
5494 2182
5495 1126
5496 1126
5497 1126
5498 3156
5499 1126
5500 1127
5501 1498
5502 1953
5503 1131
5504 1139
5505 1142
5506 1142
5507 1143
5508 1149
5509 1146
5510 1247
5511 1167
5512 1150
5513 1150
5514 1150
5515 1727
5516 1151
5517 1151
5518 1151
5519 1155
5520 1156
5521 1620
5522 1159
5523 3085
5524 2361
5525 1160
5526 1160
5527 1161
5528 1343
5529 1162
5530 1162
5531 1162
5532 1301
5533 1169
5534 1419
5535 1308
5536 1169
5537 2526
5538 1169
5539 1383
5540 1170
5541 1170
5542 1177
5543 1177
5544 2098
5545 2607
5546 1584
5547 1179
5548 1180
5549 1182
5550 1182
5551 2086
5552 2889
5553 1821
5554 1182
5555 2166
5556 1410
5557 1182
5558 1182
5559 1182
5560 1182
5561 2066
5562 1182
5563 1738
5564 1182
5565 1182
5566 1182
5567 1182
5568 2573
5569 1182
5570 1182
5571 1183
5572 1184
5573 1184
5574 1185
5575 1185
5576 2388
5577 1188
5578 1190
5579 2778
5580 1191
5581 1191
5582 2136
5583 1843
5584 2209
5585 1197
5586 1559
5587 1201
5588 1202
5589 1346
5590 1208
5591 2150
5592 1208
5593 2309
5594 1212
5595 2337
5596 1507
5597 1212
5598 1212
5599 2056
5600 1212
5601 1212
5602 2432
5603 1212
5604 1213
5605 2438
5606 2441
5607 1491
5608 1213
5609 1214
5610 1219
5611 1219
5612 1219
5613 1662
5614 2692
5615 1828
5616 3134
5617 1220
5618 1220
5619 1222
5620 1396
5621 2909
5622 1231
5623 1594
5624 1231
5625 1894
5626 1321
5627 1231
5628 1231
5629 2289
5630 1429
5631 1231
5632 3049
5633 1231
5634 1231
5635 1231
5636 1588
5637 1231
5638 1231
5639 3123
5640 1231
5641 1231
5642 1231
5643 2363
5644 1231
5645 1231
5646 2449
5647 1241
5648 1248
5649 3007
5650 1248
5651 1248
5652 1248
5653 1248
5654 2378
5655 1248
5656 1255
5657 1255
5658 1417
5659 1255
5660 2298
5661 2108
5662 1255
5663 2093
5664 1258
5665 2206
5666 1258
5667 1262
5668 1262
5669 1264
5670 1264
5671 1264
5672 1264
5673 1265
5674 2422
5675 1266
5676 1509
5677 1720
5678 1266
5679 1447
5680 2670
5681 1266
5682 2750
5683 1267
5684 1479
5685 2014
5686 1730
5687 1390
5688 2503
5689 1267
5690 1267
5691 2637
5692 1272
5693 1272
5694 1272
5695 1272
5696 1272
5697 1272
5698 3039
5699 1273
5700 1273
5701 1765
5702 1304
5703 1273
5704 1273
5705 1423
5706 1275
5707 1275
5708 1275
5709 1676
5710 1309
5711 1275
5712 1275
5713 1275
5714 1275
5715 1276
5716 1486
5717 2390
5718 2595
5719 1277
5720 1814
5721 1333
5722 2553
5723 3131
5724 1282
5725 1282
5726 1282
5727 3231
5728 2852
5729 1282
5730 1282
5731 1282
5732 3192
5733 1282
5734 1283
5735 1285
5736 2780
5737 1960
5738 1633
5739 3025
5740 1295
5741 1296
5742 1298
5743 1300
5744 1300
5745 1300
5746 1300
5747 2299
5748 2192
5749 2004
5750 1301
5751 1301
5752 1301
5753 3248
5754 1301
5755 1301
5756 1302
5757 1302
5758 1307
5759 1307
5760 1309
5761 1309
5762 1309
5763 1827
5764 1309
5765 1309
5766 1309
5767 1309
5768 2748
5769 1483
5770 1309
5771 1309
5772 1310
5773 1310
5774 1310
5775 2574
5776 1310
5777 1310
5778 1310
5779 1310
5780 1687
5781 1959
5782 1322
5783 1322
5784 1322
5785 2718
5786 1799
5787 1323
5788 1323
5789 1324
5790 1324
5791 1324
5792 1324
5793 1610
5794 1327
5795 1327
5796 1327
5797 1893
5798 1327
5799 1327
5800 1327
5801 1328
5802 3213
5803 1330
5804 1621
5805 1330
5806 1330
5807 1330
5808 2471
5809 1331
5810 1331
5811 2772
5812 1332
5813 1489
5814 1339
5815 1530
5816 1344
5817 1346
5818 1442
5819 1347
5820 2492
5821 1347
5822 1347
5823 1347
5824 1347
5825 1347
5826 1347
5827 2820
5828 1348
5829 1504
5830 1350
5831 1350
5832 1350
5833 1350
5834 1350
5835 1350
5836 1350
5837 1350
5838 1475
5839 1350
5840 1350
5841 1350
5842 1350
5843 2896
5844 1351
5845 1351
5846 1978
5847 1351
5848 2466
5849 1351
5850 1477
5851 1351
5852 1543
5853 1351
5854 1351
5855 2495
5856 2415
5857 2825
5858 1745
5859 1351
5860 1351
5861 1351
5862 3012
5863 1351
5864 2964
5865 1351
5866 1351
5867 1351
5868 1351
5869 1460
5870 1683
5871 1351
5872 1351
5873 1351
5874 1351
5875 1351
5876 1351
5877 1351
5878 1351
5879 1351
5880 2009
5881 1351
5882 1352
5883 1354
5884 1354
5885 2761
5886 1494
5887 1357
5888 1358
5889 1358
5890 2769
5891 1834
5892 2458
5893 1362
5894 1362
5895 1362
5896 1578
5897 1362
5898 1362
5899 3006
5900 1362
5901 2915
5902 1362
5903 1362
5904 1362
5905 1362
5906 1362
5907 1363
5908 1374
5909 1363
5910 1546
5911 1365
5912 1365
5913 1365
5914 1366
5915 1366
5916 1366
5917 1366
5918 1391
5919 1371
5920 1371
5921 1371
5922 1371
5923 1527
5924 2828
5925 1376
5926 1380
5927 1380
5928 2567
5929 3267
5930 1499
5931 2593
5932 1383
5933 1689
5934 2809
5935 1383
5936 1383
5937 2350
5938 1383
5939 2711
5940 1637
5941 1383
5942 1383
5943 1383
5944 1383
5945 1384
5946 1387
5947 1672
5948 1387
5949 3246
5950 1387
5951 1387
5952 3155
5953 1387
5954 2463
5955 1995
5956 1391
5957 2481
5958 1392
5959 1392
5960 1830
5961 1392
5962 1392
5963 1393
5964 2038
5965 1394
5966 2544
5967 1395
5968 1396
5969 1396
5970 1396
5971 1396
5972 1396
5973 2903
5974 1452
5975 1396
5976 1832
5977 1399
5978 3268
5979 1399
5980 1402
5981 2551
5982 1402
5983 1402
5984 2714
5985 1402
5986 1403
5987 1403
5988 1403
5989 1874
5990 1403
5991 1403
5992 2039
5993 2029
5994 1404
5995 1404
5996 1404
5997 1404
5998 1407
5999 2003
6000 1409
6001 1409
6002 1409
6003 1410
6004 1414
6005 1416
6006 1417
6007 2805
6008 1420
6009 1421
6010 1424
6011 1425
6012 1425
6013 1428
6014 2131
6015 2178
6016 2312
6017 1431
6018 1431
6019 1432
6020 1432
6021 1432
6022 1432
6023 1433
6024 1433
6025 1436
6026 1437
6027 1437
6028 2171
6029 1439
6030 1441
6031 1441
6032 1443
6033 2657
6034 1642
6035 1445
6036 2068
6037 1445
6038 1445
6039 1445
6040 1445
6041 2102
6042 2885
6043 3112
6044 1445
6045 1445
6046 1445
6047 3022
6048 2373
6049 1450
6050 2624
6051 1882
6052 1453
6053 1453
6054 1453
6055 2704
6056 1459
6057 1459
6058 1459
6059 3241
6060 1460
6061 1472
6062 2504
6063 3190
6064 2998
6065 1465
6066 1892
6067 1465
6068 1465
6069 1465
6070 1466
6071 1466
6072 1466
6073 2465
6074 1467
6075 1467
6076 1467
6077 1467
6078 1467
6079 1469
6080 1469
6081 1469
6082 2757
6083 1469
6084 1469
6085 1469
6086 1473
6087 1476
6088 1477
6089 1477
6090 2639
6091 2181
6092 2270
6093 1477
6094 1477
6095 1477
6096 2932
6097 1477
6098 1477
6099 1477
6100 2090
6101 2435
6102 1477
6103 1478
6104 2281
6105 2288
6106 1696
6107 1478
6108 1478
6109 2514
6110 1478
6111 1478
6112 2592
6113 3148
6114 1480
6115 1480
6116 2379
6117 1480
6118 1480
6119 1480
6120 1480
6121 1481
6122 1515
6123 1482
6124 1482
6125 1813
6126 1482
6127 1482
6128 1528
6129 1482
6130 1482
6131 2976
6132 1482
6133 1482
6134 1482
6135 1482
6136 2080
6137 1488
6138 1488
6139 1804
6140 1488
6141 1493
6142 2382
6143 3082
6144 1496
6145 2535
6146 1497
6147 1497
6148 2601
6149 1497
6150 1497
6151 1497
6152 1498
6153 1498
6154 1498
6155 2686
6156 1499
6157 1499
6158 1499
6159 2717
6160 1499
6161 1499
6162 1751
6163 1501
6164 1599
6165 2286
6166 1502
6167 1502
6168 1503
6169 1503
6170 1503
6171 1506
6172 1506
6173 3017
6174 1506
6175 1992
6176 1507
6177 1507
6178 1508
6179 1508
6180 1508
6181 1508
6182 3078
6183 1508
6184 3162
6185 1510
6186 2479
6187 1511
6188 2832
6189 1513
6190 2324
6191 1853
6192 1515
6193 2168
6194 1517
6195 1517
6196 1517
6197 2370
6198 1518
6199 1519
6200 2345
6201 2530
6202 1519
6203 3073
6204 2488
6205 1522
6206 3237
6207 1522
6208 1522
6209 1522
6210 1522
6211 1527
6212 1527
6213 2017
6214 1531
6215 2758
6216 1532
6217 1532
6218 2775
6219 2280
6220 1533
6221 1534
6222 1728
6223 1535
6224 1537
6225 1538
6226 1540
6227 1540
6228 1573
6229 2141
6230 1673
6231 1545
6232 2569
6233 2107
6234 1548
6235 2295
6236 1549
6237 1549
6238 1549
6239 1721
6240 1549
6241 2116
6242 1549
6243 1939
6244 1549
6245 1549
6246 1566
6247 1549
6248 1549
6249 1549
6250 1549
6251 1549
6252 1549
6253 1549
6254 1549
6255 1549
6256 1549
6257 1549
6258 1549
6259 2489
6260 1549
6261 3038
6262 1549
6263 1549
6264 1549
6265 1549
6266 1549
6267 1549
6268 1549
6269 1549
6270 3251
6271 1549
6272 1549
6273 1549
6274 1549
6275 1549
6276 1549
6277 1549
6278 2293
6279 1549
6280 1549
6281 1553
6282 3161
6283 1555
6284 1556
6285 1557
6286 1557
6287 3235
6288 1558
6289 1559
6290 3222
6291 2873
6292 1743
6293 1563
6294 3223
6295 1563
6296 1851
6297 2252
6298 2377
6299 1563
6300 2315
6301 1563
6302 1563
6303 1563
6304 2554
6305 1563
6306 1563
6307 1567
6308 3209
6309 1568
6310 1568
6311 2351
6312 2229
6313 1568
6314 3290
6315 1569
6316 1570
6317 1570
6318 1570
6319 2502
6320 2372
6321 2128
6322 1574
6323 2439
6324 2565
6325 2033
6326 1581
6327 1581
6328 1581
6329 1581
6330 1581
6331 1581
6332 1605
6333 2010
6334 1584
6335 1584
6336 2934
6337 1584
6338 1584
6339 1584
6340 1584
6341 1584
6342 1584
6343 1584
6344 1584
6345 1659
6346 1854
6347 2420
6348 3232
6349 2352
6350 1789
6351 1584
6352 2169
6353 1584
6354 2970
6355 1584
6356 1912
6357 1584
6358 1584
6359 1584
6360 1977
6361 1584
6362 1584
6363 1584
6364 1584
6365 1584
6366 1584
6367 2018
6368 1584
6369 1584
6370 2322
6371 1584
6372 1584
6373 2480
6374 1584
6375 1584
6376 1585
6377 1585
6378 1585
6379 1586
6380 1705
6381 1586
6382 1586
6383 1586
6384 2186
6385 1589
6386 1589
6387 1589
6388 1590
6389 1591
6390 1592
6391 1593
6392 1594
6393 1595
6394 1595
6395 1600
6396 3212
6397 2105
6398 2580
6399 1602
6400 1602
6401 1602
6402 2855
6403 1603
6404 1604
6405 2560
6406 1605
6407 1605
6408 1758
6409 2231
6410 1611
6411 1611
6412 1611
6413 1611
6414 2457
6415 3208
6416 1611
6417 1611
6418 1611
6419 3250
6420 1615
6421 1615
6422 1615
6423 1615
6424 1615
6425 2823
6426 1615
6427 1615
6428 2822
6429 2051
6430 1619
6431 1616
6432 1617
6433 1617
6434 1617
6435 1617
6436 1618
6437 1740
6438 1618
6439 1620
6440 1622
6441 1622
6442 1622
6443 1623
6444 1624
6445 1624
6446 1624
6447 2940
6448 1909
6449 1625
6450 2320
6451 2392
6452 1633
6453 1634
6454 3093
6455 1634
6456 1737
6457 1635
6458 1635
6459 2836
6460 2619
6461 3125
6462 1635
6463 1635
6464 2148
6465 1636
6466 1637
6467 1637
6468 3280
6469 1637
6470 1637
6471 1795
6472 1637
6473 1637
6474 2872
6475 1637
6476 1637
6477 2132
6478 1637
6479 1638
6480 1640
6481 1640
6482 1641
6483 2197
6484 1643
6485 1643
6486 1643
6487 1643
6488 1644
6489 1644
6490 1644
6491 1644
6492 2347
6493 1644
6494 2339
6495 1707
6496 1644
6497 1644
6498 1644
6499 1644
6500 1644
6501 1645
6502 1645
6503 1646
6504 2952
6505 3075
6506 1648
6507 1651
6508 1654
6509 2806
6510 2913
6511 1655
6512 1655
6513 1655
6514 1655
6515 1655
6516 1655
6517 2459
6518 1655
6519 1655
6520 1940
6521 1655
6522 1928
6523 1655
6524 1655
6525 1658
6526 1662
6527 1669
6528 1664
6529 1664
6530 1664
6531 1664
6532 1667
6533 1667
6534 1667
6535 3015
6536 1667
6537 1667
6538 1668
6539 1668
6540 1668
6541 1668
6542 1668
6543 2891
6544 2040
6545 2203
6546 2026
6547 1668
6548 1668
6549 1668
6550 3167
6551 3047
6552 2008
6553 1668
6554 1668
6555 1668
6556 1865
6557 1668
6558 1669
6559 1673
6560 1676
6561 1676
6562 2584
6563 1676
6564 1676
6565 1676
6566 1676
6567 1678
6568 1679
6569 1679
6570 2413
6571 1680
6572 1682
6573 1682
6574 1682
6575 1684
6576 1684
6577 2165
6578 1685
6579 1685
6580 1685
6581 1685
6582 1693
6583 1685
6584 1685
6585 1685
6586 1685
6587 1685
6588 1688
6589 1688
6590 1690
6591 1690
6592 1690
6593 2024
6594 1691
6595 1691
6596 1692
6597 1929
6598 2882
6599 1694
6600 1694
6601 1694
6602 2962
6603 1697
6604 1697
6605 3099
6606 2103
6607 1697
6608 1697
6609 2709
6610 1697
6611 1697
6612 1697
6613 1697
6614 1697
6615 1697
6616 1697
6617 2199
6618 1697
6619 1700
6620 1700
6621 1700
6622 1700
6623 1700
6624 1700
6625 1700
6626 1700
6627 1700
6628 2727
6629 1701
6630 2868
6631 2276
6632 1701
6633 2389
6634 1701
6635 1701
6636 2147
6637 1926
6638 1701
6639 2406
6640 1701
6641 1701
6642 1769
6643 1759
6644 1701
6645 1701
6646 2409
6647 1701
6648 1701
6649 1701
6650 3271
6651 1701
6652 1701
6653 1793
6654 1701
6655 1809
6656 1701
6657 1701
6658 1701
6659 2050
6660 1701
6661 1701
6662 1703
6663 3004
6664 1705
6665 1927
6666 1705
6667 1707
6668 1709
6669 1711
6670 1712
6671 1712
6672 2626
6673 2212
6674 2954
6675 1713
6676 1713
6677 1713
6678 1713
6679 1713
6680 1713
6681 1715
6682 1715
6683 1715
6684 1715
6685 1715
6686 1715
6687 1945
6688 1716
6689 1717
6690 1717
6691 1717
6692 1718
6693 2968
6694 1718
6695 1718
6696 1720
6697 1720
6698 1720
6699 1720
6700 1723
6701 1724
6702 1726
6703 2812
6704 2429
6705 1730
6706 1730
6707 1730
6708 1730
6709 1730
6710 1730
6711 1730
6712 1849
6713 1731
6714 1731
6715 2317
6716 1731
6717 1734
6718 2142
6719 2537
6720 2237
6721 1735
6722 1735
6723 1735
6724 2239
6725 3229
6726 1735
6727 3046
6728 1739
6729 2180
6730 1739
6731 1739
6732 2023
6733 1739
6734 1740
6735 2027
6736 1740
6737 1741
6738 1742
6739 1743
6740 1746
6741 1748
6742 1748
6743 1750
6744 1750
6745 2215
6746 1750
6747 1901
6748 2069
6749 3247
6750 1841
6751 1752
6752 1752
6753 1752
6754 2074
6755 2187
6756 1752
6757 1752
6758 2402
6759 1752
6760 1916
6761 1752
6762 1752
6763 2659
6764 1753
6765 1753
6766 1753
6767 1753
6768 1754
6769 1754
6770 2685
6771 1754
6772 1754
6773 2522
6774 1754
6775 1754
6776 1754
6777 2667
6778 1754
6779 2452
6780 1754
6781 1754
6782 2864
6783 2338
6784 1754
6785 1754
6786 1754
6787 1754
6788 1754
6789 1754
6790 2966
6791 1754
6792 2538
6793 2705
6794 2031
6795 1754
6796 2325
6797 3024
6798 1754
6799 1848
6800 2957
6801 1754
6802 1754
6803 1754
6804 2335
6805 1754
6806 2088
6807 1754
6808 1754
6809 1754
6810 1754
6811 1754
6812 1754
6813 1754
6814 3137
6815 1754
6816 1754
6817 1754
6818 1754
6819 1754
6820 1754
6821 2109
6822 2138
6823 1754
6824 2770
6825 1754
6826 1754
6827 1755
6828 1755
6829 2346
6830 1756
6831 2737
6832 1988
6833 1759
6834 2011
6835 1759
6836 1759
6837 1759
6838 2499
6839 1759
6840 2487
6841 1760
6842 1760
6843 1760
6844 2695
6845 1760
6846 1760
6847 2747
6848 1764
6849 1965
6850 2042
6851 2861
6852 2075
6853 1790
6854 1765
6855 1767
6856 1951
6857 2894
6858 1775
6859 2557
6860 1775
6861 1775
6862 1775
6863 1775
6864 1775
6865 3044
6866 1775
6867 2183
6868 1775
6869 1775
6870 1775
6871 1775
6872 1775
6873 1775
6874 1775
6875 1775
6876 1775
6877 2702
6878 1775
6879 1775
6880 1775
6881 3216
6882 1778
6883 1778
6884 2404
6885 1778
6886 2517
6887 1778
6888 1778
6889 1778
6890 2316
6891 1778
6892 2227
6893 1778
6894 2151
6895 3053
6896 1781
6897 1781
6898 1904
6899 1783
6900 2002
6901 2158
6902 2284
6903 3081
6904 2971
6905 1783
6906 2001
6907 2220
6908 1785
6909 1785
6910 1785
6911 1785
6912 2424
6913 1785
6914 1787
6915 1788
6916 1788
6917 1891
6918 1788
6919 1788
6920 1788
6921 3281
6922 1789
6923 1791
6924 2508
6925 1791
6926 1791
6927 1791
6928 1791
6929 3076
6930 1791
6931 1791
6932 2308
6933 1791
6934 1791
6935 1792
6936 1792
6937 1792
6938 2385
6939 1795
6940 1795
6941 2884
6942 1795
6943 1795
6944 3228
6945 2304
6946 1920
6947 2925
6948 2513
6949 1795
6950 3198
6951 2959
6952 1795
6953 1795
6954 2938
6955 1795
6956 1795
6957 1795
6958 1795
6959 1795
6960 2314
6961 1795
6962 1795
6963 1795
6964 1936
6965 1795
6966 1795
6967 1795
6968 1795
6969 2708
6970 1795
6971 1795
6972 1795
6973 2869
6974 1795
6975 3163
6976 1795
6977 3296
6978 1795
6979 1795
6980 1795
6981 1795
6982 1795
6983 1795
6984 2364
6985 1795
6986 2376
6987 1795
6988 2251
6989 1795
6990 1795
6991 1795
6992 1795
6993 2233
6994 1795
6995 2768
6996 1795
6997 2988
6998 2914
6999 2572
7000 1795
7001 2155
7002 1795
7003 1812
7004 1796
7005 1802
7006 1868
7007 1804
7008 1804
7009 1805
7010 1807
7011 1810
7012 1810
7013 1810
7014 1810
7015 1812
7016 1812
7017 1812
7018 2486
7019 1812
7020 1814
7021 1968
7022 1814
7023 1819
7024 1819
7025 2555
7026 1824
7027 1826
7028 2099
7029 1826
7030 1826
7031 1826
7032 2223
7033 2374
7034 1826
7035 1826
7036 1826
7037 1826
7038 1826
7039 2442
7040 1826
7041 1826
7042 1826
7043 1826
7044 1826
7045 1826
7046 1830
7047 1834
7048 1834
7049 1834
7050 1834
7051 1835
7052 1835
7053 1836
7054 1837
7055 1837
7056 1837
7057 1837
7058 1837
7059 1837
7060 1837
7061 2078
7062 1838
7063 1839
7064 1839
7065 1840
7066 1840
7067 1840
7068 1899
7069 2221
7070 1840
7071 2886
7072 1840
7073 1840
7074 1840
7075 1840
7076 1933
7077 1840
7078 1840
7079 1840
7080 3233
7081 1840
7082 1840
7083 1840
7084 1840
7085 1840
7086 1840
7087 1841
7088 1843
7089 1845
7090 1845
7091 1845
7092 1848
7093 1848
7094 1849
7095 1849
7096 1850
7097 2164
7098 1851
7099 1851
7100 2319
7101 1851
7102 1854
7103 1854
7104 3042
7105 1861
7106 2246
7107 1861
7108 2596
7109 1861
7110 1861
7111 1861
7112 1861
7113 1861
7114 1967
7115 1864
7116 1864
7117 1867
7118 1867
7119 1867
7120 1867
7121 1867
7122 1867
7123 2482
7124 1867
7125 1867
7126 1867
7127 2521
7128 1867
7129 1867
7130 1867
7131 1867
7132 1867
7133 1867
7134 1867
7135 1867
7136 2548
7137 1867
7138 2052
7139 1867
7140 1867
7141 1867
7142 1867
7143 1869
7144 1869
7145 3141
7146 1871
7147 1871
7148 1871
7149 1871
7150 1877
7151 1882
7152 1882
7153 1882
7154 1884
7155 1885
7156 1890
7157 1890
7158 1890
7159 1890
7160 1890
7161 1890
7162 2651
7163 1890
7164 1890
7165 1890
7166 1890
7167 2790
7168 3040
7169 1890
7170 1890
7171 2426
7172 2965
7173 1890
7174 1890
7175 1890
7176 2779
7177 1890
7178 1890
7179 1934
7180 1890
7181 1890
7182 1890
7183 2936
7184 1890
7185 2910
7186 1890
7187 1890
7188 1890
7189 2683
7190 1890
7191 1890
7192 1890
7193 1890
7194 1890
7195 1890
7196 1890
7197 2701
7198 1890
7199 2393
7200 2722
7201 2853
7202 1890
7203 3010
7204 1890
7205 1890
7206 1890
7207 1890
7208 1890
7209 1890
7210 1890
7211 1890
7212 1890
7213 2057
7214 1890
7215 1890
7216 1890
7217 1890
7218 1890
7219 1890
7220 1890
7221 1890
7222 2755
7223 1890
7224 1890
7225 1890
7226 1890
7227 1890
7228 2736
7229 1890
7230 1894
7231 1895
7232 1897
7233 1897
7234 1897
7235 1898
7236 1898
7237 2157
7238 1900
7239 1901
7240 2955
7241 1901
7242 1902
7243 1902
7244 2677
7245 1904
7246 1904
7247 1904
7248 1904
7249 1905
7250 3033
7251 1905
7252 2958
7253 1907
7254 1907
7255 1907
7256 1907
7257 1909
7258 1909
7259 1909
7260 2562
7261 1912
7262 1914
7263 1917
7264 2159
7265 1918
7266 2423
7267 1921
7268 1924
7269 1926
7270 1926
7271 2819
7272 1927
7273 1927
7274 1927
7275 1928
7276 3146
7277 1931
7278 2625
7279 1931
7280 1931
7281 1931
7282 1931
7283 3221
7284 2600
7285 2996
7286 1935
7287 1935
7288 1935
7289 1935
7290 2047
7291 3041
7292 1935
7293 1939
7294 1940
7295 1942
7296 1942
7297 1942
7298 1942
7299 1951
7300 1952
7301 1954
7302 1955
7303 1956
7304 1956
7305 1956
7306 3169
7307 1957
7308 1957
7309 2037
7310 1959
7311 1959
7312 1959
7313 1960
7314 1960
7315 1960
7316 1964
7317 1964
7318 1964
7319 1964
7320 2578
7321 1964
7322 1964
7323 1965
7324 1965
7325 2125
7326 2030
7327 1969
7328 1969
7329 1969
7330 1969
7331 1969
7332 3258
7333 1969
7334 1969
7335 1969
7336 1969
7337 1969
7338 1969
7339 1969
7340 1969
7341 1970
7342 1970
7343 1970
7344 1970
7345 1970
7346 2225
7347 2920
7348 1970
7349 1970
7350 1970
7351 1970
7352 1970
7353 2189
7354 2840
7355 1970
7356 1970
7357 1970
7358 1970
7359 1970
7360 1970
7361 1970
7362 1970
7363 1970
7364 1970
7365 1970
7366 1970
7367 1970
7368 1970
7369 1970
7370 1970
7371 1970
7372 1970
7373 1970
7374 1970
7375 3066
7376 1970
7377 1971
7378 1971
7379 1972
7380 1973
7381 1973
7382 1973
7383 1976
7384 1976
7385 2703
7386 1978
7387 1978
7388 1978
7389 1978
7390 1978
7391 2579
7392 1980
7393 1981
7394 1981
7395 3113
7396 1981
7397 1981
7398 1983
7399 1983
7400 1983
7401 3160
7402 1985
7403 1985
7404 1988
7405 1988
7406 1989
7407 1990
7408 1990
7409 1990
7410 1992
7411 1992
7412 1993
7413 2311
7414 1994
7415 1995
7416 1995
7417 1995
7418 1995
7419 1995
7420 1995
7421 1997
7422 1997
7423 3055
7424 2381
7425 1998
7426 2000
7427 2000
7428 2002
7429 2984
7430 2858
7431 2003
7432 2006
7433 2007
7434 2007
7435 2007
7436 2857
7437 2663
7438 2161
7439 2014
7440 2015
7441 2016
7442 2018
7443 2018
7444 2018
7445 2018
7446 2491
7447 2018
7448 2018
7449 2018
7450 2018
7451 2019
7452 2020
7453 2510
7454 2712
7455 2021
7456 2121
7457 2022
7458 2022
7459 2022
7460 2023
7461 2023
7462 2024
7463 2025
7464 2025
7465 2027
7466 2030
7467 2375
7468 2032
7469 3062
7470 2575
7471 2032
7472 2037
7473 2037
7474 2037
7475 2037
7476 2037
7477 2037
7478 2037
7479 2462
7480 2040
7481 2040
7482 2041
7483 2041
7484 2041
7485 2041
7486 3030
7487 2041
7488 2042
7489 2042
7490 2045
7491 3088
7492 2051
7493 2052
7494 3098
7495 2054
7496 2054
7497 2054
7498 2321
7499 2056
7500 2056
7501 2057
7502 2475
7503 2057
7504 2057
7505 2058
7506 2690
7507 2063
7508 2063
7509 2063
7510 2681
7511 2067
7512 2067
7513 2067
7514 3201
7515 2290
7516 2070
7517 2070
7518 2070
7519 2070
7520 2070
7521 2070
7522 2070
7523 2072
7524 2077
7525 2198
7526 2630
7527 2078
7528 2078
7529 2080
7530 2080
7531 2789
7532 2081
7533 2081
7534 2083
7535 2472
7536 2908
7537 2172
7538 2326
7539 2083
7540 3108
7541 2083
7542 3077
7543 2083
7544 2342
7545 2282
7546 2083
7547 2083
7548 2083
7549 2083
7550 2083
7551 2083
7552 2083
7553 2083
7554 2084
7555 2084
7556 2084
7557 2084
7558 2084
7559 2369
7560 2084
7561 2084
7562 2084
7563 2084
7564 2084
7565 2085
7566 2086
7567 2086
7568 2086
7569 2086
7570 2086
7571 2086
7572 2086
7573 2086
7574 2086
7575 2086
7576 2086
7577 2086
7578 2086
7579 2086
7580 2087
7581 2087
7582 2088
7583 2088
7584 2088
7585 2088
7586 2088
7587 2088
7588 2283
7589 2088
7590 2088
7591 2088
7592 2088
7593 3276
7594 2088
7595 2088
7596 2088
7597 2088
7598 2088
7599 2088
7600 3138
7601 2088
7602 2866
7603 2088
7604 2558
7605 2088
7606 2088
7607 2088
7608 2088
7609 2088
7610 2991
7611 3157
7612 2088
7613 2088
7614 2088
7615 2088
7616 2088
7617 2732
7618 2088
7619 3224
7620 2088
7621 3242
7622 2088
7623 2088
7624 2088
7625 2089
7626 2089
7627 2090
7628 2232
7629 2091
7630 2091
7631 2091
7632 2091
7633 2092
7634 2093
7635 2097
7636 2097
7637 2097
7638 2097
7639 2097
7640 2097
7641 2098
7642 2098
7643 2100
7644 2100
7645 2100
7646 2106
7647 2108
7648 2110
7649 2111
7650 2114
7651 2114
7652 2117
7653 2117
7654 2117
7655 2117
7656 2117
7657 2117
7658 3263
7659 2117
7660 2117
7661 2258
7662 3032
7663 2117
7664 2117
7665 2117
7666 2117
7667 2117
7668 2359
7669 2117
7670 2916
7671 2118
7672 2118
7673 2118
7674 2120
7675 2120
7676 2129
7677 3026
7678 2129
7679 2129
7680 2131
7681 2133
7682 2729
7683 2628
7684 2133
7685 2133
7686 2133
7687 2133
7688 2133
7689 2133
7690 2919
7691 2133
7692 2133
7693 2133
7694 2401
7695 2133
7696 2133
7697 2133
7698 2807
7699 3109
7700 2974
7701 2133
7702 2133
7703 2133
7704 2133
7705 2133
7706 2133
7707 2133
7708 2133
7709 2133
7710 2133
7711 3220
7712 2133
7713 2133
7714 2673
7715 2133
7716 2133
7717 3056
7718 3153
7719 3289
7720 2138
7721 2138
7722 2138
7723 3087
7724 2138
7725 2138
7726 3214
7727 2141
7728 2142
7729 2143
7730 2143
7731 2147
7732 2147
7733 2147
7734 2147
7735 2147
7736 2147
7737 2147
7738 2147
7739 2147
7740 2147
7741 2150
7742 2153
7743 2862
7744 2157
7745 2802
7746 3238
7747 2159
7748 2159
7749 2159
7750 2159
7751 2159
7752 2167
7753 2159
7754 2159
7755 2159
7756 2267
7757 2159
7758 2159
7759 2159
7760 2163
7761 2163
7762 2164
7763 2164
7764 2461
7765 2518
7766 2164
7767 2164
7768 2164
7769 2165
7770 2494
7771 2166
7772 2170
7773 2171
7774 2172
7775 2172
7776 2172
7777 2172
7778 2172
7779 2172
7780 2172
7781 2172
7782 2172
7783 2172
7784 3057
7785 2172
7786 2172
7787 2172
7788 2172
7789 2172
7790 2172
7791 2746
7792 2172
7793 2172
7794 2172
7795 2172
7796 2172
7797 2172
7798 2594
7799 2172
7800 2172
7801 2978
7802 2172
7803 2172
7804 2172
7805 2172
7806 2172
7807 2172
7808 2172
7809 2172
7810 2172
7811 2172
7812 2967
7813 2172
7814 2172
7815 2172
7816 2172
7817 2172
7818 2983
7819 2172
7820 2172
7821 2172
7822 2172
7823 2941
7824 2397
7825 2172
7826 3227
7827 2172
7828 2172
7829 2172
7830 2173
7831 2173
7832 2634
7833 2230
7834 2173
7835 2173
7836 2173
7837 2174
7838 2176
7839 2815
7840 2176
7841 2645
7842 2177
7843 2623
7844 2177
7845 2177
7846 2177
7847 2177
7848 2177
7849 2177
7850 2455
7851 2177
7852 2178
7853 2179
7854 2180
7855 2180
7856 2182
7857 2183
7858 2183
7859 2183
7860 3207
7861 2187
7862 2187
7863 2416
7864 2187
7865 2187
7866 2188
7867 2190
7868 2190
7869 2195
7870 2197
7871 2198
7872 2201
7873 2202
7874 2204
7875 2205
7876 2206
7877 2207
7878 2207
7879 2207
7880 2207
7881 2207
7882 2207
7883 2207
7884 2208
7885 2208
7886 2817
7887 2213
7888 2340
7889 2218
7890 2218
7891 2218
7892 2218
7893 2218
7894 2220
7895 2220
7896 2826
7897 2220
7898 2221
7899 2221
7900 2221
7901 2221
7902 2221
7903 2221
7904 2221
7905 2221
7906 2225
7907 2226
7908 2226
7909 2228
7910 2228
7911 2228
7912 2228
7913 2228
7914 2228
7915 2228
7916 2228
7917 2228
7918 2550
7919 2228
7920 2228
7921 2228
7922 2228
7923 2228
7924 2228
7925 2228
7926 2228
7927 2228
7928 2228
7929 2228
7930 2228
7931 2228
7932 2766
7933 2680
7934 2228
7935 2228
7936 2228
7937 2228
7938 2228
7939 2986
7940 3182
7941 2228
7942 2228
7943 2228
7944 2228
7945 2228
7946 2228
7947 2228
7948 2228
7949 2228
7950 2228
7951 2228
7952 2228
7953 2824
7954 2230
7955 2233
7956 2233
7957 2236
7958 2240
7959 2241
7960 2244
7961 2244
7962 2245
7963 2248
7964 2248
7965 2250
7966 2250
7967 2252
7968 2360
7969 2700
7970 2254
7971 2255
7972 2256
7973 2256
7974 2257
7975 2257
7976 2257
7977 2257
7978 2257
7979 3218
7980 2257
7981 2257
7982 2257
7983 2257
7984 2257
7985 2257
7986 2257
7987 3173
7988 2257
7989 2257
7990 2257
7991 2257
7992 2285
7993 2937
7994 2266
7995 2266
7996 2267
7997 2267
7998 2267
7999 2267
8000 2267
8001 2275
8002 2276
8003 2280
8004 2281
8005 2281
8006 2283
8007 2283
8008 2283
8009 2284
8010 2285
8011 2330
8012 3256
8013 2288
8014 2288
8015 2292
8016 2293
8017 2293
8018 2293
8019 2293
8020 2293
8021 2293
8022 2834
8023 2293
8024 2293
8025 2293
8026 3016
8027 3122
8028 2297
8029 2297
8030 2300
8031 2300
8032 2300
8033 2301
8034 2302
8035 2302
8036 2302
8037 2302
8038 2303
8039 2303
8040 2303
8041 2303
8042 2303
8043 2304
8044 2304
8045 2304
8046 2304
8047 2304
8048 2304
8049 2304
8050 2304
8051 2304
8052 2451
8053 2304
8054 2304
8055 2304
8056 3145
8057 2343
8058 2304
8059 2304
8060 2304
8061 2304
8062 2307
8063 2307
8064 2307
8065 2307
8066 2307
8067 3128
8068 3119
8069 2309
8070 2309
8071 2311
8072 2311
8073 2581
8074 2315
8075 2318
8076 2318
8077 2353
8078 2318
8079 2321
8080 2321
8081 2321
8082 3031
8083 2323
8084 2323
8085 2905
8086 2650
8087 2326
8088 2327
8089 2327
8090 2329
8091 2329
8092 2329
8093 2329
8094 2332
8095 2332
8096 2613
8097 2333
8098 2335
8099 2335
8100 2658
8101 2337
8102 2340
8103 2340
8104 2340
8105 2340
8106 2343
8107 2343
8108 2343
8109 2693
8110 2352
8111 2352
8112 2352
8113 2352
8114 2352
8115 2352
8116 2352
8117 2352
8118 2352
8119 2353
8120 3011
8121 2354
8122 2354
8123 3164
8124 2354
8125 2356
8126 2362
8127 2362
8128 2362
8129 2362
8130 2362
8131 2362
8132 2362
8133 2364
8134 2364
8135 2364
8136 2364
8137 2364
8138 2364
8139 2469
8140 2616
8141 2841
8142 2364
8143 2364
8144 2364
8145 2364
8146 2364
8147 2364
8148 2364
8149 2973
8150 2364
8151 2364
8152 2364
8153 2364
8154 2364
8155 2364
8156 2591
8157 2369
8158 2369
8159 2369
8160 2369
8161 2369
8162 2369
8163 2369
8164 2369
8165 2369
8166 2369
8167 2372
8168 2374
8169 2599
8170 3061
8171 2376
8172 2376
8173 2376
8174 2376
8175 2377
8176 2378
8177 2378
8178 2378
8179 2378
8180 2378
8181 2378
8182 2378
8183 2378
8184 2378
8185 2378
8186 2380
8187 2380
8188 2380
8189 2380
8190 2380
8191 2380
8192 2380
8193 2380
8194 2380
8195 2380
8196 2598
8197 2602
8198 2380
8199 2382
8200 2382
8201 2383
8202 2383
8203 2878
8204 2383
8205 2383
8206 2383
8207 2383
8208 2383
8209 2383
8210 2383
8211 2383
8212 2383
8213 2383
8214 2384
8215 2386
8216 2386
8217 2386
8218 2386
8219 2386
8220 2386
8221 2388
8222 2392
8223 2396
8224 2396
8225 2397
8226 2397
8227 2397
8228 2397
8229 2397
8230 2397
8231 2397
8232 2397
8233 2397
8234 3199
8235 3065
8236 2402
8237 2403
8238 2403
8239 2404
8240 2404
8241 2404
8242 2404
8243 2407
8244 2408
8245 3174
8246 2408
8247 2409
8248 2409
8249 2410
8250 2410
8251 2413
8252 2413
8253 2413
8254 2413
8255 2418
8256 2418
8257 2715
8258 2419
8259 2419
8260 2420
8261 2420
8262 2421
8263 2422
8264 2422
8265 2423
8266 2425
8267 2425
8268 2425
8269 2425
8270 2425
8271 2425
8272 2437
8273 2912
8274 2425
8275 2425
8276 2425
8277 2425
8278 2425
8279 2425
8280 2425
8281 2979
8282 2425
8283 2425
8284 2911
8285 2425
8286 2947
8287 2425
8288 2425
8289 2425
8290 2425
8291 2425
8292 2425
8293 2425
8294 2425
8295 2425
8296 2425
8297 2425
8298 2425
8299 2425
8300 2425
8301 2425
8302 2425
8303 2425
8304 2425
8305 2425
8306 2425
8307 3177
8308 2425
8309 2425
8310 2425
8311 2425
8312 2425
8313 2425
8314 2425
8315 2733
8316 2425
8317 2425
8318 2425
8319 2901
8320 2425
8321 3183
8322 2425
8323 2425
8324 2425
8325 2425
8326 2425
8327 2425
8328 2425
8329 2425
8330 2792
8331 2425
8332 2425
8333 2425
8334 2425
8335 2425
8336 2425
8337 2425
8338 2425
8339 2425
8340 2425
8341 2425
8342 2425
8343 2788
8344 2425
8345 2728
8346 2425
8347 3132
8348 2425
8349 2425
8350 2425
8351 2425
8352 3020
8353 2425
8354 2425
8355 2425
8356 2425
8357 2425
8358 2425
8359 2425
8360 2426
8361 2426
8362 2426
8363 2426
8364 2429
8365 2430
8366 2441
8367 2443
8368 2443
8369 2443
8370 2443
8371 2443
8372 2443
8373 2443
8374 2443
8375 2443
8376 2443
8377 2443
8378 2443
8379 2443
8380 2443
8381 2443
8382 2446
8383 2447
8384 2447
8385 2449
8386 2902
8387 2449
8388 2449
8389 2450
8390 2450
8391 2450
8392 2450
8393 2450
8394 3094
8395 2453
8396 2455
8397 2458
8398 2462
8399 2462
8400 2462
8401 2462
8402 2462
8403 2462
8404 2617
8405 2463
8406 2463
8407 2473
8408 2563
8409 2473
8410 2475
8411 2475
8412 2475
8413 2847
8414 2475
8415 2475
8416 2475
8417 2475
8418 2475
8419 2475
8420 2475
8421 2476
8422 2476
8423 2476
8424 2476
8425 2476
8426 2641
8427 2476
8428 2476
8429 2476
8430 2476
8431 2476
8432 2476
8433 2476
8434 2476
8435 2476
8436 2476
8437 2476
8438 2476
8439 2476
8440 2476
8441 2476
8442 2476
8443 2476
8444 2476
8445 3240
8446 2476
8447 2476
8448 3129
8449 2691
8450 2477
8451 2479
8452 3107
8453 2479
8454 2479
8455 2479
8456 2479
8457 2479
8458 2479
8459 2583
8460 2479
8461 3197
8462 2479
8463 2479
8464 2480
8465 2480
8466 2484
8467 2486
8468 2486
8469 2927
8470 2486
8471 2486
8472 2486
8473 2486
8474 2489
8475 2491
8476 2491
8477 2491
8478 2493
8479 2493
8480 2494
8481 2494
8482 2494
8483 3180
8484 2497
8485 2497
8486 2497
8487 2497
8488 2497
8489 2502
8490 2503
8491 2503
8492 2506
8493 2507
8494 2507
8495 2507
8496 2507
8497 2507
8498 2507
8499 2507
8500 2507
8501 2507
8502 2507
8503 2507
8504 2507
8505 2507
8506 2507
8507 2516
8508 2507
8509 2507
8510 2507
8511 3188
8512 2509
8513 2509
8514 2510
8515 2512
8516 2513
8517 2513
8518 3295
8519 2514
8520 2516
8521 2516
8522 2516
8523 2517
8524 2518
8525 2519
8526 2519
8527 2519
8528 2519
8529 2519
8530 2519
8531 2519
8532 2519
8533 2519
8534 3059
8535 2519
8536 2519
8537 2519
8538 2696
8539 2519
8540 2519
8541 2519
8542 2519
8543 2519
8544 2519
8545 2519
8546 2519
8547 2519
8548 2519
8549 2519
8550 2519
8551 2519
8552 2519
8553 2519
8554 2519
8555 2519
8556 2519
8557 3091
8558 2519
8559 2519
8560 2519
8561 2519
8562 3074
8563 2981
8564 2520
8565 2521
8566 2523
8567 2524
8568 2524
8569 2524
8570 2524
8571 2524
8572 2735
8573 2526
8574 2527
8575 2527
8576 2527
8577 2527
8578 2528
8579 2530
8580 2535
8581 2539
8582 2539
8583 2539
8584 2539
8585 2539
8586 2539
8587 2539
8588 3279
8589 2539
8590 2539
8591 2945
8592 2539
8593 2539
8594 2539
8595 2552
8596 2540
8597 2540
8598 2540
8599 2540
8600 2540
8601 2540
8602 2540
8603 2540
8604 2540
8605 2931
8606 3072
8607 2540
8608 2540
8609 2540
8610 2540
8611 2541
8612 2542
8613 2542
8614 2543
8615 2543
8616 2545
8617 2549
8618 2550
8619 2550
8620 2550
8621 2558
8622 2560
8623 2561
8624 2563
8625 2563
8626 2563
8627 2813
8628 2563
8629 2564
8630 2564
8631 2564
8632 2564
8633 2564
8634 2564
8635 2564
8636 2566
8637 2566
8638 2566
8639 2566
8640 2567
8641 2568
8642 2568
8643 2569
8644 2570
8645 2571
8646 2571
8647 3275
8648 2572
8649 2572
8650 2572
8651 2572
8652 2572
8653 2572
8654 2572
8655 2572
8656 2572
8657 2572
8658 2572
8659 2572
8660 2752
8661 2572
8662 2572
8663 2572
8664 2573
8665 2574
8666 3252
8667 2574
8668 2574
8669 2579
8670 2579
8671 2582
8672 2582
8673 2583
8674 2585
8675 2585
8676 2591
8677 2592
8678 2592
8679 2592
8680 2592
8681 2592
8682 2594
8683 2596
8684 2596
8685 2596
8686 2596
8687 2596
8688 2596
8689 2977
8690 2596
8691 3071
8692 2596
8693 2597
8694 2597
8695 2710
8696 2622
8697 2603
8698 2603
8699 2603
8700 2603
8701 2603
8702 2603
8703 2603
8704 2875
8705 2603
8706 2731
8707 2603
8708 2604
8709 2605
8710 2605
8711 2605
8712 2607
8713 2607
8714 2648
8715 2609
8716 2609
8717 2609
8718 2609
8719 2609
8720 3105
8721 2611
8722 2611
8723 2611
8724 2611
8725 2787
8726 2613
8727 2613
8728 2613
8729 2613
8730 2613
8731 2613
8732 2613
8733 2854
8734 2613
8735 3262
8736 2616
8737 2616
8738 2616
8739 2616
8740 2616
8741 2618
8742 2618
8743 2618
8744 2618
8745 2619
8746 2620
8747 2620
8748 2622
8749 2623
8750 2623
8751 2624
8752 2624
8753 3184
8754 2624
8755 2624
8756 2624
8757 2625
8758 2625
8759 2625
8760 2625
8761 2625
8762 2625
8763 2625
8764 2625
8765 2625
8766 2625
8767 2625
8768 2625
8769 2625
8770 2625
8771 2625
8772 2625
8773 2625
8774 2625
8775 2625
8776 2625
8777 2625
8778 2625
8779 2625
8780 2625
8781 2625
8782 2625
8783 2625
8784 2625
8785 2625
8786 2625
8787 2625
8788 2625
8789 2625
8790 2625
8791 2626
8792 2626
8793 2627
8794 2628
8795 3003
8796 2628
8797 2628
8798 2629
8799 2631
8800 2635
8801 2635
8802 2635
8803 2635
8804 2635
8805 2636
8806 2637
8807 2637
8808 2637
8809 2890
8810 2637
8811 2637
8812 2640
8813 2640
8814 2642
8815 2814
8816 2642
8817 2642
8818 2642
8819 2642
8820 2642
8821 2642
8822 2642
8823 2642
8824 2642
8825 2642
8826 2642
8827 2642
8828 2644
8829 2644
8830 2644
8831 2647
8832 2647
8833 2648
8834 2648
8835 2651
8836 2653
8837 2655
8838 2658
8839 2662
8840 2924
8841 2662
8842 2939
8843 2662
8844 2662
8845 2662
8846 2662
8847 2663
8848 2663
8849 2663
8850 2663
8851 2663
8852 3018
8853 2664
8854 2664
8855 2664
8856 3124
8857 2664
8858 2666
8859 2666
8860 2666
8861 2668
8862 2668
8863 2669
8864 2669
8865 2669
8866 2670
8867 2887
8868 2670
8869 2670
8870 2670
8871 2670
8872 2671
8873 2671
8874 2671
8875 2671
8876 2673
8877 2673
8878 2673
8879 2673
8880 2673
8881 2673
8882 2673
8883 2673
8884 2675
8885 2676
8886 2677
8887 2677
8888 2682
8889 2682
8890 2682
8891 2682
8892 2685
8893 2685
8894 2685
8895 2685
8896 2685
8897 2686
8898 2686
8899 2686
8900 2686
8901 2686
8902 2686
8903 3084
8904 2686
8905 2686
8906 2686
8907 2686
8908 2686
8909 2686
8910 2686
8911 2686
8912 2686
8913 2686
8914 2689
8915 2689
8916 2689
8917 2689
8918 2689
8919 2689
8920 2689
8921 2689
8922 2690
8923 3114
8924 2693
8925 2693
8926 2693
8927 2693
8928 2697
8929 2697
8930 2697
8931 2697
8932 2700
8933 2700
8934 2704
8935 2704
8936 2705
8937 3186
8938 2705
8939 2705
8940 2705
8941 2705
8942 2707
8943 3106
8944 2712
8945 3069
8946 2713
8947 2713
8948 2713
8949 2713
8950 2714
8951 2714
8952 2994
8953 3255
8954 2714
8955 2714
8956 2950
8957 2714
8958 2714
8959 2714
8960 2794
8961 2714
8962 2714
8963 2714
8964 2714
8965 2714
8966 2714
8967 2714
8968 2714
8969 2714
8970 2714
8971 2714
8972 3206
8973 2714
8974 2714
8975 2943
8976 2714
8977 2714
8978 2714
8979 2714
8980 2714
8981 2714
8982 2714
8983 2714
8984 2714
8985 2714
8986 2714
8987 2714
8988 2714
8989 2714
8990 2714
8991 2714
8992 2720
8993 2722
8994 2723
8995 2724
8996 2848
8997 2724
8998 2724
8999 2724
9000 2724
9001 2724
9002 2724
9003 2725
9004 2926
9005 2725
9006 2725
9007 2725
9008 2725
9009 2726
9010 2731
9011 2731
9012 2731
9013 2784
9014 2733
9015 2733
9016 2733
9017 2734
9018 2734
9019 2734
9020 2734
9021 2734
9022 2734
9023 2734
9024 2734
9025 2735
9026 2738
9027 2738
9028 2740
9029 2742
9030 2743
9031 2743
9032 2743
9033 2744
9034 2744
9035 2744
9036 2744
9037 2744
9038 2744
9039 2744
9040 2744
9041 2744
9042 2744
9043 2744
9044 2744
9045 2744
9046 2744
9047 2744
9048 2744
9049 2746
9050 2746
9051 2746
9052 2746
9053 2771
9054 2747
9055 2748
9056 2748
9057 2748
9058 2748
9059 2748
9060 2748
9061 2751
9062 2751
9063 2751
9064 2752
9065 2752
9066 2752
9067 2752
9068 2752
9069 2752
9070 2752
9071 2753
9072 2755
9073 2755
9074 2755
9075 2755
9076 2755
9077 2755
9078 2755
9079 2755
9080 2755
9081 2755
9082 2755
9083 2755
9084 2756
9085 2758
9086 2758
9087 2761
9088 2761
9089 2761
9090 2761
9091 2764
9092 2764
9093 2765
9094 2765
9095 2765
9096 2767
9097 2767
9098 2767
9099 2768
9100 2768
9101 2768
9102 2768
9103 2768
9104 2771
9105 2771
9106 2771
9107 2771
9108 2771
9109 2771
9110 2771
9111 2775
9112 2775
9113 2775
9114 2775
9115 2775
9116 2775
9117 2776
9118 2776
9119 2776
9120 2776
9121 2776
9122 2776
9123 2776
9124 2779
9125 2779
9126 2779
9127 2779
9128 3103
9129 2782
9130 2782
9131 2782
9132 2782
9133 2782
9134 2782
9135 2782
9136 2783
9137 2783
9138 2783
9139 2783
9140 2783
9141 2783
9142 2783
9143 2783
9144 2783
9145 2783
9146 2783
9147 2783
9148 2783
9149 2787
9150 2787
9151 2791
9152 2792
9153 2792
9154 2792
9155 2792
9156 2792
9157 2792
9158 2792
9159 2997
9160 2792
9161 2795
9162 2795
9163 2795
9164 2796
9165 2796
9166 2796
9167 2796
9168 2797
9169 3195
9170 2799
9171 2802
9172 2802
9173 2805
9174 2805
9175 2807
9176 2808
9177 3023
9178 2810
9179 2811
9180 2811
9181 2814
9182 2814
9183 2814
9184 2814
9185 2814
9186 2818
9187 2820
9188 3226
9189 2822
9190 2823
9191 2824
9192 2824
9193 2824
9194 2824
9195 3034
9196 2826
9197 2827
9198 2827
9199 2827
9200 2827
9201 2827
9202 2827
9203 2827
9204 2827
9205 2828
9206 2828
9207 2993
9208 2828
9209 2828
9210 2828
9211 2828
9212 2828
9213 2828
9214 2828
9215 2828
9216 2828
9217 2828
9218 2828
9219 2828
9220 2828
9221 2830
9222 2835
9223 2839
9224 2839
9225 2839
9226 2839
9227 2839
9228 2839
9229 2839
9230 2839
9231 2839
9232 2839
9233 2839
9234 2839
9235 2840
9236 2841
9237 2841
9238 2841
9239 2846
9240 2848
9241 2850
9242 2850
9243 2850
9244 2851
9245 2851
9246 2851
9247 2851
9248 2851
9249 2851
9250 2851
9251 2851
9252 2854
9253 2854
9254 2854
9255 2854
9256 2854
9257 2854
9258 3185
9259 2854
9260 2854
9261 2854
9262 2854
9263 2854
9264 3151
9265 2854
9266 3287
9267 2854
9268 2854
9269 2897
9270 2854
9271 2854
9272 2854
9273 2854
9274 2854
9275 2854
9276 2854
9277 2854
9278 2854
9279 2854
9280 2854
9281 2854
9282 2854
9283 2854
9284 2854
9285 2854
9286 2854
9287 2855
9288 3269
9289 2856
9290 3080
9291 2856
9292 2856
9293 3286
9294 2856
9295 2856
9296 2858
9297 2858
9298 2858
9299 2859
9300 2862
9301 2862
9302 2870
9303 2870
9304 2870
9305 2870
9306 2871
9307 2879
9308 2871
9309 2871
9310 2872
9311 2873
9312 2873
9313 2873
9314 2873
9315 2873
9316 2893
9317 2873
9318 2873
9319 2876
9320 2876
9321 2876
9322 2876
9323 2876
9324 2876
9325 2876
9326 2876
9327 2876
9328 2876
9329 2876
9330 2876
9331 2876
9332 2876
9333 2876
9334 2876
9335 2876
9336 2876
9337 2876
9338 2876
9339 2876
9340 2876
9341 2876
9342 2876
9343 2876
9344 2876
9345 2876
9346 2878
9347 2880
9348 2880
9349 2880
9350 2880
9351 2880
9352 3187
9353 2880
9354 2880
9355 2881
9356 2881
9357 2881
9358 2882
9359 2884
9360 2886
9361 2887
9362 2887
9363 2887
9364 2887
9365 2887
9366 2887
9367 2893
9368 2893
9369 2893
9370 2893
9371 2893
9372 2893
9373 2895
9374 2896
9375 2898
9376 2898
9377 2898
9378 2898
9379 2898
9380 2901
9381 2901
9382 2904
9383 2904
9384 2904
9385 2904
9386 2904
9387 2905
9388 2905
9389 3159
9390 2905
9391 2906
9392 2906
9393 2906
9394 2906
9395 2909
9396 2909
9397 2909
9398 2910
9399 2915
9400 2916
9401 2920
9402 2920
9403 2921
9404 2921
9405 2927
9406 2931
9407 2933
9408 2933
9409 2934
9410 2938
9411 2938
9412 2940
9413 2945
9414 2945
9415 2947
9416 2947
9417 2949
9418 2951
9419 2951
9420 2951
9421 2960
9422 2956
9423 2956
9424 2956
9425 2956
9426 2956
9427 2956
9428 2956
9429 2956
9430 2960
9431 2960
9432 2962
9433 2962
9434 2965
9435 2968
9436 2969
9437 2970
9438 2970
9439 2970
9440 2970
9441 2970
9442 2972
9443 2974
9444 2975
9445 2976
9446 2976
9447 2976
9448 2980
9449 2981
9450 3292
9451 2983
9452 2983
9453 2983
9454 2985
9455 2985
9456 2985
9457 2985
9458 2985
9459 2985
9460 2985
9461 2985
9462 2985
9463 2985
9464 2985
9465 2985
9466 2985
9467 2985
9468 2985
9469 2985
9470 2985
9471 2985
9472 2985
9473 2985
9474 2985
9475 2985
9476 2985
9477 2985
9478 2985
9479 2985
9480 2985
9481 2985
9482 2985
9483 2985
9484 2985
9485 2992
9486 2985
9487 2986
9488 2990
9489 2993
9490 2993
9491 2993
9492 2995
9493 2997
9494 2997
9495 2997
9496 2997
9497 3166
9498 3001
9499 3001
9500 3003
9501 3004
9502 3004
9503 3004
9504 3004
9505 3005
9506 3005
9507 3005
9508 3005
9509 3007
9510 3010
9511 3012
9512 3170
9513 3012
9514 3012
9515 3012
9516 3014
9517 3016
9518 3016
9519 3016
9520 3016
9521 3016
9522 3017
9523 3017
9524 3019
9525 3019
9526 3019
9527 3019
9528 3021
9529 3021
9530 3021
9531 3021
9532 3021
9533 3021
9534 3021
9535 3239
9536 3021
9537 3021
9538 3022
9539 3023
9540 3026
9541 3027
9542 3027
9543 3027
9544 3029
9545 3030
9546 3031
9547 3210
9548 3031
9549 3031
9550 3031
9551 3031
9552 3035
9553 3036
9554 3037
9555 3037
9556 3038
9557 3041
9558 3041
9559 3041
9560 3260
9561 3041
9562 3041
9563 3042
9564 3042
9565 3044
9566 3044
9567 3044
9568 3044
9569 3044
9570 3044
9571 3045
9572 3045
9573 3046
9574 3047
9575 3047
9576 3047
9577 3047
9578 3047
9579 3047
9580 3049
9581 3050
9582 3050
9583 3050
9584 3050
9585 3054
9586 3054
9587 3054
9588 3054
9589 3054
9590 3056
9591 3059
9592 3059
9593 3060
9594 3062
9595 3064
9596 3064
9597 3064
9598 3064
9599 3064
9600 3064
9601 3064
9602 3064
9603 3064
9604 3064
9605 3064
9606 3064
9607 3064
9608 3064
9609 3064
9610 3065
9611 3066
9612 3066
9613 3066
9614 3067
9615 3067
9616 3069
9617 3071
9618 3075
9619 3075
9620 3075
9621 3261
9622 3078
9623 3080
9624 3080
9625 3080
9626 3083
9627 3086
9628 3087
9629 3087
9630 3088
9631 3088
9632 3088
9633 3089
9634 3089
9635 3089
9636 3089
9637 3089
9638 3092
9639 3092
9640 3092
9641 3092
9642 3094
9643 3094
9644 3096
9645 3096
9646 3096
9647 3098
9648 3099
9649 3099
9650 3099
9651 3100
9652 3103
9653 3103
9654 3103
9655 3103
9656 3104
9657 3105
9658 3105
9659 3106
9660 3108
9661 3108
9662 3110
9663 3111
9664 3112
9665 3114
9666 3115
9667 3115
9668 3115
9669 3119
9670 3120
9671 3129
9672 3131
9673 3133
9674 3133
9675 3134
9676 3138
9677 3138
9678 3138
9679 3138
9680 3138
9681 3138
9682 3138
9683 3138
9684 3144
9685 3147
9686 3147
9687 3149
9688 3152
9689 3155
9690 3156
9691 3158
9692 3158
9693 3158
9694 3163
9695 3163
9696 3163
9697 3163
9698 3163
9699 3166
9700 3166
9701 3167
9702 3168
9703 3168
9704 3168
9705 3168
9706 3171
9707 3172
9708 3174
9709 3174
9710 3174
9711 3174
9712 3174
9713 3174
9714 3175
9715 3178
9716 3180
9717 3181
9718 3182
9719 3182
9720 3183
9721 3183
9722 3183
9723 3183
9724 3183
9725 3265
9726 3183
9727 3183
9728 3187
9729 3187
9730 3187
9731 3187
9732 3187
9733 3187
9734 3187
9735 3187
9736 3187
9737 3191
9738 3187
9739 3187
9740 3187
9741 3187
9742 3188
9743 3188
9744 3190
9745 3193
9746 3193
9747 3193
9748 3193
9749 3193
9750 3293
9751 3195
9752 3195
9753 3195
9754 3195
9755 3195
9756 3195
9757 3195
9758 3195
9759 3195
9760 3198
9761 3199
9762 3199
9763 3199
9764 3199
9765 3199
9766 3199
9767 3199
9768 3201
9769 3201
9770 3201
9771 3201
9772 3201
9773 3203
9774 3203
9775 3203
9776 3203
9777 3203
9778 3203
9779 3203
9780 3203
9781 3205
9782 3205
9783 3205
9784 3205
9785 3207
9786 3208
9787 3209
9788 3209
9789 3209
9790 3209
9791 3209
9792 3209
9793 3210
9794 3210
9795 3211
9796 3217
9797 3217
9798 3217
9799 3217
9800 3218
9801 3220
9802 3220
9803 3220
9804 3220
9805 3220
9806 3220
9807 3220
9808 3220
9809 3221
9810 3221
9811 3221
9812 3221
9813 3221
9814 3222
9815 3222
9816 3222
9817 3222
9818 3222
9819 3222
9820 3222
9821 3222
9822 3222
9823 3222
9824 3222
9825 3222
9826 3222
9827 3222
9828 3222
9829 3222
9830 3222
9831 3222
9832 3222
9833 3222
9834 3222
9835 3222
9836 3222
9837 3222
9838 3222
9839 3222
9840 3224
9841 3225
9842 3226
9843 3226
9844 3227
9845 3227
9846 3227
9847 3229
9848 3229
9849 3229
9850 3229
9851 3230
9852 3230
9853 3231
9854 3233
9855 3234
9856 3234
9857 3234
9858 3234
9859 3234
9860 3234
9861 3234
9862 3234
9863 3234
9864 3234
9865 3235
9866 3236
9867 3237
9868 3237
9869 3274
9870 3239
9871 3239
9872 3239
9873 3239
9874 3239
9875 3241
9876 3241
9877 3241
9878 3241
9879 3241
9880 3241
9881 3241
9882 3241
9883 3241
9884 3241
9885 3241
9886 3241
9887 3242
9888 3242
9889 3243
9890 3243
9891 3243
9892 3243
9893 3244
9894 3245
9895 3245
9896 3246
9897 3251
9898 3254
9899 3259
9900 3256
9901 3256
9902 3259
9903 3259
9904 3259
9905 3259
9906 3260
9907 3261
9908 3261
9909 3261
9910 3261
9911 3266
9912 3266
9913 3267
9914 3267
9915 3267
9916 3268
9917 3268
9918 3269
9919 3269
9920 3269
9921 3269
9922 3269
9923 3269
9924 3269
9925 3269
9926 3269
9927 3269
9928 3269
9929 3269
9930 3269
9931 3269
9932 3269
9933 3269
9934 3269
9935 3269
9936 3269
9937 3269
9938 3269
9939 3269
9940 3269
9941 3269
9942 3269
9943 3269
9944 3270
9945 3270
9946 3270
9947 3270
9948 3272
9949 3273
9950 3277
9951 3277
9952 3278
9953 3278
9954 3278
9955 3278
9956 3278
9957 3278
9958 3278
9959 3278
9960 3278
9961 3280
9962 3280
9963 3280
9964 3280
9965 3280
9966 3280
9967 3280
9968 3280
9969 3280
9970 3280
9971 3280
9972 3280
9973 3280
9974 3280
9975 3282
9976 3283
9977 3284
9978 3284
9979 3284
9980 3284
9981 3284
9982 3284
9983 3285
9984 3289
9985 3290
9986 3290
9987 3290
9988 3292
9989 3292
9990 3292
9991 3295
9992 3295
9993 3296
9994 3296
9995 3296
9996 3296
9997 3296
9998 3296
9999 3296
