10000 9999
1 0
2 0
3 1
4 3
5 3
6 3
7 5
8 2
9 5
10 4
11 8
12 6
13 12
14 13
15 7
16 3
17 15
18 12
19 16
20 19
21 18
22 19
23 19
24 15
25 10
26 23
27 23
28 21
29 17
30 23
31 28
32 14
33 6
34 23
35 25
36 21
37 34
38 35
39 29
40 24
41 30
42 26
43 41
44 0
45 33
46 38
47 38
48 38
49 46
50 38
51 42
52 23
53 39
54 43
55 40
56 46
57 24
58 52
59 24
60 20
61 49
62 56
63 26
64 21
65 44
66 31
67 46
68 46
69 66
70 61
71 58
72 60
73 70
74 19
75 46
76 71
77 29
78 65
79 42
80 66
81 71
82 36
83 51
84 82
85 83
86 46
87 80
88 19
89 80
90 73
91 46
92 46
93 53
94 89
95 92
96 21
97 86
98 66
99 87
100 86
101 21
102 78
103 78
104 38
105 96
106 89
107 47
108 80
109 98
110 106
111 89
112 107
113 95
114 80
115 58
116 104
117 21
118 80
119 89
120 77
121 80
122 104
123 106
124 30
125 80
126 11
127 38
128 68
129 78
130 41
131 94
132 123
133 96
134 80
135 10
136 109
137 104
138 131
139 96
140 135
141 40
142 81
143 21
144 46
145 117
146 120
147 14
148 86
149 80
150 120
151 104
152 89
153 140
154 141
155 106
156 101
157 129
158 56
159 140
160 141
161 140
162 52
163 143
164 149
165 68
166 108
167 106
168 151
169 132
170 97
171 62
172 170
173 90
174 148
175 80
176 88
177 87
178 106
179 46
180 89
181 177
182 140
183 100
184 140
185 140
186 162
187 143
188 123
189 160
190 74
191 141
192 162
193 106
194 162
195 57
196 140
197 190
198 188
199 121
200 140
201 191
202 106
203 96
204 179
205 181
206 93
207 163
208 186
209 206
210 139
211 191
212 178
213 174
214 190
215 78
216 164
217 127
218 140
219 205
220 185
221 75
222 129
223 218
224 190
225 140
226 190
227 134
228 88
229 220
230 133
231 106
232 169
233 225
234 132
235 109
236 222
237 80
238 105
239 177
240 72
241 179
242 221
243 92
244 155
245 226
246 32
247 199
248 140
249 222
250 146
251 80
252 208
253 50
254 232
255 140
256 177
257 222
258 212
259 106
260 119
261 143
262 232
263 198
264 99
265 237
266 37
267 54
268 114
269 69
270 97
271 176
272 201
273 140
274 140
275 163
276 128
277 142
278 204
279 239
280 103
281 46
282 252
283 211
284 229
285 202
286 143
287 243
288 159
289 198
290 226
291 190
292 235
293 112
294 277
295 277
296 166
297 277
298 180
299 294
300 276
301 202
302 78
303 189
304 269
305 174
306 95
307 199
308 89
309 162
310 193
311 277
312 301
313 247
314 98
315 275
316 245
317 301
318 301
319 141
320 269
321 274
322 137
323 278
324 277
325 134
326 45
327 89
328 140
329 84
330 160
331 237
332 59
333 213
334 277
335 104
336 266
337 243
338 288
339 250
340 113
341 277
342 341
343 265
344 9
345 18
346 222
347 140
348 324
349 167
350 267
351 143
352 140
353 247
354 305
355 22
356 301
357 315
358 56
359 106
360 125
361 249
362 269
363 247
364 226
365 219
366 119
367 333
368 143
369 107
370 280
371 333
372 248
373 310
374 30
375 368
376 291
377 38
378 138
379 324
380 78
381 370
382 140
383 183
384 333
385 247
386 301
387 136
388 190
389 346
390 238
391 252
392 304
393 164
394 320
395 197
396 277
397 278
398 310
399 351
400 89
401 184
402 267
403 89
404 294
405 301
406 326
407 321
408 401
409 402
410 21
411 110
412 199
413 301
414 180
415 335
416 202
417 174
418 301
419 131
420 260
421 294
422 145
423 178
424 351
425 96
426 300
427 195
428 153
429 299
430 222
431 403
432 214
433 308
434 381
435 301
436 433
437 313
438 123
439 241
440 233
441 218
442 140
443 409
444 301
445 148
446 399
447 89
448 236
449 183
450 301
451 445
452 301
453 441
454 428
455 80
456 301
457 350
458 370
459 349
460 349
461 210
462 199
463 164
464 191
465 187
466 381
467 107
468 190
469 426
470 414
471 354
472 357
473 399
474 182
475 182
476 321
477 425
478 452
479 192
480 294
481 294
482 339
483 387
484 481
485 227
486 263
487 433
488 480
489 402
490 386
491 301
492 380
493 141
494 301
495 453
496 277
497 318
498 224
499 323
500 280
501 275
502 393
503 473
504 104
505 247
506 129
507 405
508 474
509 397
510 339
511 144
512 336
513 107
514 414
515 477
516 154
517 311
518 438
519 106
520 245
521 389
522 104
523 222
524 325
525 336
526 518
527 246
528 108
529 254
530 332
531 50
532 247
533 301
534 190
535 140
536 94
537 414
538 336
539 269
540 256
541 286
542 185
543 328
544 339
545 427
546 462
547 473
548 141
549 456
550 437
551 326
552 367
553 277
554 52
555 63
556 317
557 395
558 236
559 282
560 523
561 333
562 185
563 428
564 352
565 369
566 80
567 372
568 346
569 390
570 319
571 545
572 18
573 452
574 414
575 427
576 359
577 524
578 490
579 401
580 413
581 572
582 493
583 336
584 162
585 250
586 577
587 301
588 218
589 80
590 552
591 414
592 362
593 427
594 542
595 114
596 104
597 277
598 428
599 346
600 409
601 467
602 468
603 512
604 294
605 505
606 246
607 106
608 507
609 318
610 548
611 48
612 611
613 536
614 308
615 311
616 277
617 571
618 301
619 107
620 547
621 443
622 413
623 294
624 241
625 553
626 427
627 140
628 611
629 606
630 590
631 556
632 250
633 524
634 516
635 546
636 611
637 611
638 611
639 401
640 210
641 439
642 481
643 301
644 450
645 519
646 520
647 393
648 333
649 513
650 168
651 564
652 625
653 522
654 410
655 321
656 123
657 106
658 80
659 556
660 226
661 301
662 209
663 477
664 414
665 616
666 652
667 291
668 611
669 142
670 659
671 111
672 333
673 611
674 245
675 533
676 236
677 225
678 108
679 346
680 611
681 80
682 597
683 195
684 124
685 253
686 394
687 128
688 46
689 109
690 611
691 217
692 642
693 322
694 675
695 266
696 691
697 663
698 591
699 611
700 611
701 140
702 280
703 310
704 291
705 599
706 604
707 301
708 95
709 524
710 303
711 368
712 596
713 644
714 436
715 250
716 554
717 294
718 645
719 257
720 301
721 333
722 526
723 611
724 611
725 709
726 219
727 611
728 315
729 394
730 604
731 611
732 574
733 313
734 531
735 488
736 661
737 414
738 510
739 611
740 474
741 656
742 335
743 633
744 611
745 247
746 727
747 310
748 343
749 301
750 294
751 333
752 332
753 283
754 202
755 310
756 94
757 122
758 691
759 611
760 38
761 211
762 349
763 108
764 654
765 556
766 405
767 190
768 406
769 301
770 301
771 239
772 427
773 473
774 735
775 626
776 643
777 707
778 574
779 308
780 611
781 639
782 714
783 644
784 414
785 123
786 366
787 102
788 611
789 236
790 140
791 297
792 773
793 611
794 405
795 420
796 473
797 197
798 767
799 294
800 565
801 750
802 722
803 659
804 41
805 452
806 269
807 654
808 608
809 216
810 752
811 398
812 143
813 605
814 583
815 254
816 301
817 611
818 790
819 644
820 611
821 611
822 529
823 226
824 694
825 680
826 301
827 611
828 565
829 199
830 123
831 509
832 639
833 524
834 473
835 489
836 148
837 763
838 319
839 226
840 391
841 112
842 656
843 411
844 52
845 604
846 294
847 428
848 761
849 600
850 625
851 611
852 107
853 430
854 592
855 346
856 602
857 750
858 578
859 215
860 855
861 336
862 550
863 283
864 301
865 565
866 587
867 601
868 656
869 611
870 691
871 269
872 698
873 461
874 442
875 691
876 310
877 611
878 366
879 304
880 643
881 468
882 625
883 862
884 654
885 881
886 815
887 597
888 601
889 658
890 802
891 738
892 663
893 304
894 324
895 191
896 556
897 292
898 843
899 172
900 784
901 611
902 431
903 735
904 903
905 473
906 726
907 89
908 277
909 600
910 555
911 625
912 615
913 556
914 688
915 471
916 723
917 310
918 230
919 661
920 643
921 313
922 282
923 451
924 803
925 236
926 574
927 414
928 761
929 174
930 216
931 882
932 539
933 688
934 866
935 651
936 333
937 864
938 846
939 177
940 294
941 611
942 694
943 663
944 592
945 811
946 301
947 879
948 188
949 879
950 658
951 921
952 347
953 591
954 140
955 565
956 931
957 425
958 611
959 250
960 473
961 257
962 644
963 664
964 938
965 485
966 556
967 310
968 611
969 190
970 952
971 723
972 382
973 921
974 881
975 693
976 310
977 356
978 226
979 554
980 725
981 348
982 718
983 104
984 888
985 846
986 106
987 140
988 321
989 218
990 190
991 893
992 625
993 611
994 931
995 691
996 312
997 185
998 756
999 611
1000 486
1001 556
1002 782
1003 306
1004 847
1005 937
1006 898
1007 963
1008 830
1009 106
1010 641
1011 611
1012 294
1013 522
1014 642
1015 942
1016 277
1017 140
1018 475
1019 310
1020 909
1021 597
1022 952
1023 625
1024 647
1025 416
1026 369
1027 467
1028 414
1029 604
1030 704
1031 308
1032 711
1033 694
1034 873
1035 691
1036 786
1037 429
1038 706
1039 726
1040 611
1041 699
1042 611
1043 622
1044 823
1045 750
1046 527
1047 812
1048 997
1049 1036
1050 952
1051 994
1052 308
1053 881
1054 611
1055 50
1056 1027
1057 611
1058 812
1059 45
1060 880
1061 765
1062 294
1063 906
1064 939
1065 815
1066 611
1067 106
1068 694
1069 465
1070 918
1071 301
1072 152
1073 902
1074 957
1075 287
1076 571
1077 713
1078 714
1079 1066
1080 611
1081 473
1082 696
1083 926
1084 798
1085 176
1086 1069
1087 941
1088 1064
1089 277
1090 222
1091 691
1092 644
1093 906
1094 589
1095 874
1096 784
1097 914
1098 504
1099 986
1100 543
1101 495
1102 140
1103 335
1104 1048
1105 952
1106 262
1107 687
1108 392
1109 898
1110 879
1111 446
1112 1110
1113 1010
1114 954
1115 776
1116 1007
1117 1066
1118 772
1119 1092
1120 346
1121 704
1122 942
1123 548
1124 637
1125 698
1126 308
1127 1018
1128 703
1129 1062
1130 814
1131 575
1132 203
1133 619
1134 644
1135 994
1136 873
1137 676
1138 463
1139 1067
1140 940
1141 1111
1142 1066
1143 947
1144 1057
1145 834
1146 918
1147 320
1148 900
1149 222
1150 273
1151 790
1152 1025
1153 1096
1154 568
1155 920
1156 983
1157 517
1158 565
1159 883
1160 991
1161 632
1162 698
1163 548
1164 958
1165 1104
1166 1114
1167 731
1168 141
1169 626
1170 1137
1171 994
1172 427
1173 847
1174 1000
1175 663
1176 809
1177 611
1178 625
1179 602
1180 1076
1181 1154
1182 808
1183 427
1184 1107
1185 1030
1186 643
1187 981
1188 1063
1189 717
1190 870
1191 1004
1192 448
1193 415
1194 1129
1195 613
1196 749
1197 611
1198 181
1199 642
1200 427
1201 338
1202 1029
1203 730
1204 333
1205 1065
1206 644
1207 954
1208 1114
1209 816
1210 782
1211 259
1212 207
1213 310
1214 597
1215 1008
1216 906
1217 1109
1218 1203
1219 780
1220 91
1221 1176
1222 687
1223 275
1224 244
1225 992
1226 715
1227 238
1228 1138
1229 873
1230 1032
1231 987
1232 874
1233 556
1234 869
1235 401
1236 163
1237 611
1238 143
1239 1165
1240 719
1241 1201
1242 954
1243 374
1244 140
1245 666
1246 89
1247 118
1248 106
1249 571
1250 1002
1251 295
1252 1198
1253 611
1254 1201
1255 1146
1256 831
1257 473
1258 1174
1259 1013
1260 282
1261 611
1262 1201
1263 926
1264 1132
1265 721
1266 107
1267 381
1268 623
1269 1181
1270 1142
1271 750
1272 1256
1273 695
1274 414
1275 1021
1276 914
1277 1184
1278 806
1279 294
1280 1205
1281 1141
1282 955
1283 896
1284 841
1285 991
1286 1201
1287 1183
1288 346
1289 1121
1290 1133
1291 1028
1292 1072
1293 625
1294 1062
1295 1261
1296 269
1297 1196
1298 141
1299 931
1300 332
1301 349
1302 324
1303 611
1304 600
1305 1288
1306 545
1307 644
1308 199
1309 1057
1310 760
1311 27
1312 963
1313 427
1314 960
1315 994
1316 271
1317 1275
1318 723
1319 611
1320 847
1321 371
1322 1163
1323 926
1324 996
1325 926
1326 562
1327 847
1328 942
1329 88
1330 1312
1331 943
1332 130
1333 482
1334 314
1335 533
1336 1061
1337 758
1338 247
1339 951
1340 611
1341 501
1342 600
1343 899
1344 847
1345 1137
1346 679
1347 499
1348 586
1349 918
1350 766
1351 611
1352 1126
1353 1193
1354 957
1355 896
1356 983
1357 1109
1358 480
1359 1234
1360 461
1361 156
1362 948
1363 1092
1364 792
1365 1105
1366 993
1367 1011
1368 443
1369 874
1370 918
1371 1229
1372 1243
1373 289
1374 604
1375 1249
1376 425
1377 1339
1378 1182
1379 1357
1380 645
1381 793
1382 385
1383 940
1384 457
1385 896
1386 1345
1387 637
1388 1354
1389 1098
1390 842
1391 614
1392 1195
1393 361
1394 427
1395 535
1396 557
1397 611
1398 408
1399 452
1400 611
1401 294
1402 1007
1403 505
1404 936
1405 918
1406 1186
1407 691
1408 1327
1409 656
1410 774
1411 971
1412 1201
1413 1312
1414 781
1415 1066
1416 494
1417 1142
1418 764
1419 917
1420 1344
1421 1397
1422 1420
1423 565
1424 1158
1425 611
1426 1241
1427 1049
1428 853
1429 1402
1430 98
1431 1393
1432 611
1433 967
1434 1233
1435 1077
1436 467
1437 1092
1438 281
1439 1060
1440 106
1441 1154
1442 1424
1443 1226
1444 1316
1445 924
1446 349
1447 1365
1448 611
1449 252
1450 896
1451 866
1452 729
1453 553
1454 270
1455 1312
1456 638
1457 1201
1458 991
1459 1419
1460 1002
1461 1387
1462 1066
1463 304
1464 463
1465 1423
1466 1364
1467 123
1468 691
1469 351
1470 1139
1471 770
1472 921
1473 950
1474 991
1475 1332
1476 1428
1477 1383
1478 638
1479 301
1480 1303
1481 611
1482 1007
1483 872
1484 1433
1485 1354
1486 762
1487 449
1488 428
1489 199
1490 611
1491 1091
1492 524
1493 1416
1494 280
1495 1199
1496 1126
1497 1103
1498 190
1499 1178
1500 694
1501 1096
1502 611
1503 927
1504 1284
1505 1354
1506 106
1507 1004
1508 700
1509 589
1510 932
1511 917
1512 628
1513 935
1514 1160
1515 1510
1516 859
1517 298
1518 663
1519 1237
1520 1200
1521 1267
1522 648
1523 1263
1524 1323
1525 1209
1526 625
1527 1499
1528 723
1529 518
1530 1347
1531 1037
1532 839
1533 926
1534 741
1535 664
1536 656
1537 825
1538 1470
1539 1399
1540 918
1541 987
1542 904
1543 1081
1544 875
1545 1445
1546 918
1547 672
1548 775
1549 602
1550 1046
1551 1275
1552 1278
1553 1046
1554 750
1555 770
1556 928
1557 374
1558 910
1559 1065
1560 1244
1561 1510
1562 957
1563 506
1564 1207
1565 991
1566 1345
1567 1557
1568 1427
1569 277
1570 977
1571 1037
1572 1499
1573 691
1574 473
1575 910
1576 1046
1577 689
1578 866
1579 611
1580 1499
1581 310
1582 917
1583 1464
1584 1024
1585 1269
1586 358
1587 79
1588 1092
1589 659
1590 401
1591 940
1592 1498
1593 862
1594 299
1595 1322
1596 993
1597 301
1598 671
1599 933
1600 881
1601 938
1602 611
1603 1061
1604 1121
1605 574
1606 1300
1607 1552
1608 691
1609 1524
1610 1586
1611 1463
1612 1372
1613 1403
1614 611
1615 223
1616 1103
1617 1158
1618 285
1619 117
1620 1073
1621 1289
1622 994
1623 1190
1624 1305
1625 1473
1626 691
1627 1551
1628 867
1629 698
1630 994
1631 1621
1632 604
1633 414
1634 1403
1635 289
1636 1617
1637 946
1638 1219
1639 1201
1640 1219
1641 1617
1642 556
1643 1421
1644 775
1645 1499
1646 1239
1647 1332
1648 63
1649 480
1650 1547
1651 1595
1652 706
1653 670
1654 1461
1655 604
1656 1182
1657 1621
1658 1576
1659 216
1660 1484
1661 458
1662 1182
1663 1619
1664 656
1665 1007
1666 1014
1667 691
1668 1610
1669 572
1670 1028
1671 1117
1672 1652
1673 1201
1674 1139
1675 1440
1676 74
1677 656
1678 222
1679 106
1680 1114
1681 678
1682 556
1683 1215
1684 1154
1685 988
1686 993
1687 1557
1688 1249
1689 1031
1690 708
1691 282
1692 534
1693 106
1694 333
1695 1599
1696 388
1697 15
1698 918
1699 1273
1700 1684
1701 611
1702 754
1703 866
1704 1678
1705 537
1706 1526
1707 663
1708 113
1709 873
1710 1312
1711 458
1712 1160
1713 196
1714 1325
1715 1649
1716 906
1717 1169
1718 1066
1719 1482
1720 327
1721 400
1722 1114
1723 1253
1724 624
1725 1255
1726 611
1727 938
1728 1182
1729 972
1730 1026
1731 691
1732 1553
1733 1425
1734 1634
1735 995
1736 684
1737 1243
1738 1560
1739 1567
1740 1330
1741 1680
1742 1561
1743 1189
1744 750
1745 545
1746 438
1747 1377
1748 1245
1749 294
1750 1736
1751 1530
1752 1668
1753 683
1754 721
1755 396
1756 656
1757 313
1758 606
1759 1100
1760 1499
1761 1006
1762 656
1763 1092
1764 1120
1765 1673
1766 301
1767 803
1768 313
1769 1220
1770 1111
1771 1164
1772 1281
1773 994
1774 779
1775 654
1776 301
1777 1689
1778 194
1779 1753
1780 872
1781 1138
1782 1781
1783 1457
1784 656
1785 424
1786 847
1787 436
1788 918
1789 1672
1790 1067
1791 1403
1792 1054
1793 547
1794 660
1795 1066
1796 1515
1797 926
1798 689
1799 158
1800 427
1801 1182
1802 844
1803 301
1804 616
1805 625
1806 605
1807 1382
1808 412
1809 1356
1810 931
1811 611
1812 1001
1813 745
1814 1099
1815 1296
1816 1724
1817 1286
1818 1528
1819 1753
1820 1066
1821 963
1822 1547
1823 768
1824 800
1825 939
1826 918
1827 1149
1828 1077
1829 659
1830 1356
1831 772
1832 556
1833 1744
1834 1068
1835 1638
1836 252
1837 907
1838 1286
1839 979
1840 327
1841 1272
1842 1733
1843 1594
1844 1523
1845 1540
1846 1617
1847 1804
1848 956
1849 1201
1850 907
1851 1403
1852 1499
1853 1026
1854 1201
1855 805
1856 272
1857 1538
1858 415
1859 712
1860 761
1861 907
1862 895
1863 1804
1864 1767
1865 950
1866 1626
1867 1753
1868 1251
1869 1175
1870 993
1871 1756
1872 697
1873 1201
1874 1393
1875 1849
1876 465
1877 1007
1878 1753
1879 1812
1880 830
1881 1511
1882 1766
1883 1753
1884 1528
1885 164
1886 1457
1887 673
1888 1846
1889 1844
1890 1736
1891 1499
1892 1351
1893 1360
1894 1397
1895 1512
1896 301
1897 1617
1898 310
1899 143
1900 1773
1901 616
1902 1892
1903 1178
1904 1472
1905 1639
1906 879
1907 1464
1908 819
1909 642
1910 1796
1911 819
1912 582
1913 402
1914 1821
1915 639
1916 949
1917 1306
1918 1299
1919 761
1920 1341
1921 1810
1922 1499
1923 1137
1924 1348
1925 1753
1926 691
1927 1132
1928 36
1929 1178
1930 1762
1931 1615
1932 284
1933 1315
1934 1835
1935 1802
1936 358
1937 625
1938 1158
1939 906
1940 789
1941 1221
1942 1325
1943 277
1944 1317
1945 991
1946 834
1947 346
1948 277
1949 1252
1950 1850
1951 1893
1952 1286
1953 911
1954 63
1955 866
1956 1461
1957 1719
1958 1294
1959 1395
1960 1070
1961 991
1962 1878
1963 947
1964 1007
1965 1809
1966 1229
1967 714
1968 1878
1969 1846
1970 1923
1971 1166
1972 1142
1973 1844
1974 1867
1975 1708
1976 1372
1977 691
1978 1844
1979 1795
1980 938
1981 1607
1982 1851
1983 1961
1984 1951
1985 902
1986 277
1987 497
1988 848
1989 1026
1990 1175
1991 365
1992 896
1993 667
1994 247
1995 1510
1996 611
1997 1153
1998 1942
1999 1762
2000 1707
2001 983
2002 682
2003 1551
2004 1354
2005 183
2006 428
2007 1959
2008 1884
2009 603
2010 1725
2011 1091
2012 1212
2013 1969
2014 917
2015 1811
2016 1888
2017 1656
2018 1668
2019 1017
2020 473
2021 1750
2022 1127
2023 1254
2024 433
2025 991
2026 1846
2027 876
2028 659
2029 1581
2030 1321
2031 1819
2032 1178
2033 1809
2034 1852
2035 1744
2036 1723
2037 994
2038 720
2039 1499
2040 1753
2041 2034
2042 333
2043 1201
2044 141
2045 1511
2046 116
2047 1812
2048 1537
2049 1569
2050 850
2051 1733
2052 1051
2053 595
2054 1403
2055 2023
2056 663
2057 1929
2058 2003
2059 1762
2060 600
2061 1898
2062 1839
2063 1462
2064 1920
2065 787
2066 1937
2067 994
2068 1182
2069 318
2070 1201
2071 918
2072 1688
2073 1606
2074 1829
2075 1066
2076 456
2077 1139
2078 1784
2079 1286
2080 291
2081 1551
2082 226
2083 604
2084 1715
2085 1446
2086 971
2087 807
2088 1851
2089 1045
2090 1219
2091 1745
2092 1045
2093 1888
2094 1752
2095 1846
2096 611
2097 1510
2098 1753
2099 1846
2100 1753
2101 1804
2102 1617
2103 1557
2104 301
2105 1171
2106 611
2107 2020
2108 879
2109 1918
2110 715
2111 983
2112 1312
2113 335
2114 1158
2115 371
2116 1753
2117 1765
2118 179
2119 1808
2120 1991
2121 1616
2122 2021
2123 1648
2124 928
2125 1066
2126 1751
2127 1119
2128 2004
2129 1158
2130 2089
2131 1886
2132 1887
2133 1557
2134 556
2135 991
2136 2029
2137 1201
2138 524
2139 1617
2140 1999
2141 1723
2142 290
2143 1966
2144 1062
2145 1681
2146 324
2147 1971
2148 1130
2149 1738
2150 2054
2151 1653
2152 1077
2153 1785
2154 1353
2155 1999
2156 600
2157 1352
2158 1511
2159 2148
2160 1776
2161 1917
2162 611
2163 1753
2164 1160
2165 913
2166 355
2167 995
2168 991
2169 740
2170 2003
2171 245
2172 1003
2173 993
2174 277
2175 164
2176 1423
2177 2034
2178 1407
2179 1878
2180 1729
2181 2058
2182 1281
2183 2106
2184 1860
2185 1488
2186 1753
2187 1753
2188 2019
2189 2019
2190 2038
2191 577
2192 2160
2193 1999
2194 2074
2195 301
2196 952
2197 648
2198 415
2199 1969
2200 1557
2201 1594
2202 952
2203 277
2204 705
2205 1901
2206 1230
2207 338
2208 2152
2209 1594
2210 173
2211 2177
2212 800
2213 1455
2214 609
2215 2061
2216 1557
2217 1334
2218 952
2219 277
2220 971
2221 1557
2222 107
2223 2032
2224 1226
2225 2134
2226 1078
2227 1403
2228 1066
2229 1970
2230 1519
2231 2097
2232 126
2233 1061
2234 2142
2235 1731
2236 2102
2237 1707
2238 1889
2239 1563
2240 1154
2241 1182
2242 1644
2243 1282
2244 2064
2245 1531
2246 1967
2247 2034
2248 683
2249 991
2250 635
2251 952
2252 611
2253 1530
2254 1744
2255 1929
2256 1692
2257 2236
2258 983
2259 2244
2260 2243
2261 1174
2262 465
2263 1066
2264 776
2265 277
2266 918
2267 147
2268 1999
2269 2046
2270 2219
2271 1739
2272 2113
2273 2116
2274 2019
2275 656
2276 2209
2277 2088
2278 2017
2279 1975
2280 1512
2281 1083
2282 1926
2283 710
2284 1557
2285 2119
2286 1795
2287 2243
2288 1029
2289 1753
2290 1457
2291 2243
2292 1114
2293 1292
2294 440
2295 2149
2296 1621
2297 2243
2298 2258
2299 1436
2300 1499
2301 1854
2302 1127
2303 2263
2304 1201
2305 2099
2306 1039
2307 1787
2308 1846
2309 1343
2310 414
2311 1750
2312 1775
2313 1729
2314 1029
2315 1149
2316 611
2317 1094
2318 1285
2319 1014
2320 2163
2321 1464
2322 549
2323 1753
2324 301
2325 2189
2326 1807
2327 1617
2328 1502
2329 2075
2330 1787
2331 2054
2332 1621
2333 1530
2334 2219
2335 1943
2336 1591
2337 2302
2338 481
2339 694
2340 838
2341 611
2342 2198
2343 1320
2344 1414
2345 2169
2346 1641
2347 1278
2348 1999
2349 2104
2350 277
2351 1471
2352 1795
2353 1312
2354 691
2355 1979
2356 1594
2357 1088
2358 1682
2359 991
2360 2088
2361 487
2362 346
2363 1493
2364 481
2365 792
2366 1491
2367 1104
2368 497
2369 2355
2370 2259
2371 312
2372 1802
2373 1083
2374 301
2375 1114
2376 1934
2377 2230
2378 991
2379 2144
2380 1557
2381 1882
2382 2164
2383 1761
2384 1557
2385 2353
2386 318
2387 611
2388 1601
2389 2114
2390 1403
2391 556
2392 2102
2393 1814
2394 819
2395 548
2396 1403
2397 1902
2398 949
2399 2019
2400 2344
2401 667
2402 2395
2403 2082
2404 2057
2405 806
2406 1852
2407 2083
2408 2268
2409 1673
2410 140
2411 1529
2412 1167
2413 1354
2414 2370
2415 559
2416 2181
2417 1337
2418 1954
2419 1671
2420 991
2421 1929
2422 983
2423 1901
2424 2104
2425 1066
2426 1066
2427 1911
2428 1748
2429 2271
2430 1746
2431 1722
2432 2243
2433 1753
2434 185
2435 768
2436 1447
2437 2254
2438 1809
2439 1744
2440 1379
2441 1524
2442 741
2443 1083
2444 1210
2445 1224
2446 2362
2447 964
2448 1594
2449 1417
2450 2243
2451 1201
2452 931
2453 2362
2454 2268
2455 1793
2456 1844
2457 2386
2458 1501
2459 898
2460 1494
2461 1043
2462 1535
2463 1781
2464 175
2465 1617
2466 2008
2467 2092
2468 2384
2469 629
2470 691
2471 1680
2472 1662
2473 1634
2474 909
2475 1557
2476 525
2477 1160
2478 2433
2479 2062
2480 2418
2481 1608
2482 293
2483 1243
2484 2307
2485 1729
2486 622
2487 185
2488 1083
2489 2056
2490 2116
2491 735
2492 1806
2493 1597
2494 1215
2495 1846
2496 957
2497 1840
2498 458
2499 2198
2500 1909
2501 686
2502 1910
2503 2273
2504 1158
2505 1182
2506 2268
2507 1497
2508 1793
2509 1537
2510 2136
2511 2153
2512 2050
2513 1653
2514 1851
2515 1770
2516 1540
2517 2406
2518 2136
2519 75
2520 2349
2521 1204
2522 1354
2523 2120
2524 2243
2525 2522
2526 2260
2527 1486
2528 1258
2529 2424
2530 918
2531 2120
2532 1869
2533 1838
2534 2243
2535 140
2536 1867
2537 1369
2538 1707
2539 1595
2540 2268
2541 1617
2542 2267
2543 2314
2544 1901
2545 2370
2546 1616
2547 2166
2548 2022
2549 2268
2550 1785
2551 1745
2552 1707
2553 1325
2554 1071
2555 2268
2556 1074
2557 2424
2558 659
2559 1827
2560 737
2561 2231
2562 2283
2563 2272
2564 1822
2565 2074
2566 277
2567 906
2568 691
2569 2314
2570 1880
2571 199
2572 2055
2573 600
2574 817
2575 2231
2576 2382
2577 2327
2578 2035
2579 1534
2580 1817
2581 437
2582 902
2583 1383
2584 2569
2585 1618
2586 1795
2587 2555
2588 1901
2589 1432
2590 2214
2591 2403
2592 1648
2593 1498
2594 917
2595 963
2596 710
2597 1160
2598 1617
2599 1358
2600 1753
2601 953
2602 2589
2603 2303
2604 2565
2605 2003
2606 1763
2607 2004
2608 2370
2609 2088
2610 1201
2611 2546
2612 1617
2613 1010
2614 2158
2615 2541
2616 922
2617 349
2618 1393
2619 1073
2620 2261
2621 2317
2622 1846
2623 2509
2624 640
2625 407
2626 1312
2627 246
2628 2466
2629 1827
2630 2443
2631 2461
2632 1589
2633 2520
2634 816
2635 1403
2636 659
2637 1604
2638 1842
2639 1311
2640 1844
2641 2243
2642 1298
2643 1767
2644 1753
2645 1547
2646 464
2647 2189
2648 556
2649 691
2650 1915
2651 820
2652 656
2653 611
2654 2260
2655 1900
2656 1577
2657 804
2658 2546
2659 2653
2660 1534
2661 1129
2662 2171
2663 2057
2664 1690
2665 1413
2666 2440
2667 1857
2668 2535
2669 2522
2670 1266
2671 1524
2672 2037
2673 2438
2674 1921
2675 2577
2676 1473
2677 473
2678 2115
2679 199
2680 2239
2681 1491
2682 2368
2683 1809
2684 883
2685 1394
2686 368
2687 1061
2688 1759
2689 569
2690 2243
2691 1247
2692 1615
2693 2359
2694 1530
2695 2144
2696 2003
2697 598
2698 2618
2699 2019
2700 710
2701 2260
2702 1232
2703 351
2704 461
2705 2065
2706 329
2707 1359
2708 1964
2709 2513
2710 2483
2711 2193
2712 2534
2713 853
2714 1499
2715 687
2716 402
2717 1545
2718 2257
2719 947
2720 1433
2721 2022
2722 1223
2723 1165
2724 466
2725 1685
2726 2203
2727 2203
2728 1127
2729 2003
2730 2044
2731 1551
2732 2268
2733 1285
2734 2614
2735 950
2736 1415
2737 2723
2738 2268
2739 2353
2740 1918
2741 1353
2742 2576
2743 2005
2744 2739
2745 938
2746 1581
2747 1635
2748 2243
2749 1733
2750 1657
2751 2598
2752 1069
2753 2299
2754 301
2755 1403
2756 385
2757 2577
2758 1921
2759 2075
2760 1417
2761 2331
2762 2099
2763 1999
2764 2083
2765 657
2766 2202
2767 1151
2768 2120
2769 1827
2770 1558
2771 2091
2772 556
2773 1862
2774 140
2775 2662
2776 2268
2777 2110
2778 1551
2779 515
2780 2362
2781 611
2782 1904
2783 1499
2784 2245
2785 1433
2786 1510
2787 691
2788 906
2789 784
2790 2372
2791 1341
2792 1621
2793 1448
2794 2701
2795 1557
2796 2268
2797 1604
2798 2034
2799 2180
2800 2773
2801 1393
2802 1846
2803 1051
2804 1601
2805 611
2806 2741
2807 2658
2808 1201
2809 2177
2810 1499
2811 1069
2812 301
2813 1615
2814 2401
2815 346
2816 2120
2817 2585
2818 1284
2819 1872
2820 1499
2821 2171
2822 2367
2823 518
2824 2148
2825 1046
2826 1888
2827 2647
2828 2430
2829 1457
2830 1184
2831 2100
2832 473
2833 2398
2834 2646
2835 2826
2836 1061
2837 1691
2838 1617
2839 1567
2840 2826
2841 1795
2842 2227
2843 1788
2844 1802
2845 2561
2846 1598
2847 2078
2848 2307
2849 1621
2850 2003
2851 483
2852 2072
2853 1103
2854 174
2855 319
2856 726
2857 1473
2858 1029
2859 1952
2860 2165
2861 704
2862 2690
2863 2862
2864 2711
2865 2640
2866 2655
2867 1606
2868 1654
2869 2444
2870 2826
2871 2702
2872 1870
2873 2468
2874 2370
2875 190
2876 2155
2877 1563
2878 1890
2879 2252
2880 2476
2881 2753
2882 1592
2883 345
2884 1844
2885 346
2886 1693
2887 999
2888 1928
2889 2440
2890 906
2891 2180
2892 1666
2893 2748
2894 933
2895 2130
2896 2862
2897 2076
2898 2074
2899 731
2900 2616
2901 2657
2902 1845
2903 1559
2904 921
2905 349
2906 1371
2907 1452
2908 905
2909 269
2910 2281
2911 2315
2912 1918
2913 301
2914 611
2915 855
2916 1888
2917 2727
2918 2840
2919 1084
2920 1557
2921 1347
2922 1518
2923 2632
2924 1846
2925 2915
2926 2630
2927 2402
2928 404
2929 1999
2930 2515
2931 2449
2932 1260
2933 2393
2934 2778
2935 1653
2936 2780
2937 2123
2938 1336
2939 1312
2940 2421
2941 1851
2942 1158
2943 2898
2944 1557
2945 2812
2946 1753
2947 331
2948 2082
2949 1557
2950 979
2951 1644
2952 1312
2953 2080
2954 1075
2955 2732
2956 2366
2957 954
2958 347
2959 2280
2960 2915
2961 1593
2962 2450
2963 2076
2964 1821
2965 1617
2966 2700
2967 1442
2968 2268
2969 245
2970 2003
2971 1117
2972 1470
2973 2603
2974 2826
2975 2100
2976 2826
2977 2411
2978 2078
2979 2800
2980 2019
2981 2767
2982 2054
2983 836
2984 2268
2985 1879
2986 423
2987 2411
2988 1766
2989 1340
2990 1457
2991 421
2992 1312
2993 2809
2994 785
2995 2324
2996 2880
2997 1753
2998 2551
2999 2102
3000 459
3001 918
3002 1913
3003 2539
3004 2054
3005 1211
3006 1246
3007 1101
3008 1767
3009 2074
3010 644
3011 365
3012 1499
3013 249
3014 1802
3015 2513
3016 2017
3017 2826
3018 2243
3019 493
3020 2598
3021 434
3022 2812
3023 2440
3024 492
3025 611
3026 1988
3027 2720
3028 2946
3029 521
3030 2915
3031 2243
3032 2712
3033 1434
3034 829
3035 1746
3036 1707
3037 2325
3038 991
3039 2901
3040 1896
3041 1595
3042 2438
3043 1723
3044 2334
3045 2915
3046 2826
3047 2074
3048 1846
3049 1792
3050 1617
3051 2818
3052 1546
3053 793
3054 21
3055 1896
3056 1999
3057 3033
3058 2124
3059 2054
3060 2317
3061 1439
3062 2537
3063 2198
3064 1165
3065 1945
3066 2986
3067 1679
3068 1663
3069 3025
3070 2243
3071 1155
3072 1302
3073 1066
3074 1718
3075 2456
3076 1224
3077 2775
3078 2266
3079 2970
3080 2939
3081 2180
3082 2370
3083 3071
3084 2898
3085 3003
3086 745
3087 1617
3088 2136
3089 2089
3090 1866
3091 940
3092 1258
3093 1059
3094 1847
3095 2741
3096 1530
3097 444
3098 1142
3099 3029
3100 874
3101 2915
3102 948
3103 1617
3104 2946
3105 2942
3106 776
3107 1972
3108 1291
3109 2479
3110 2409
3111 1717
3112 2798
3113 2353
3114 1914
3115 766
3116 2078
3117 824
3118 1617
3119 2191
3120 845
3121 1963
3122 1081
3123 2011
3124 903
3125 2370
3126 881
3127 2745
3128 2628
3129 902
3130 2808
3131 2370
3132 2678
3133 3120
3134 2370
3135 2243
3136 2264
3137 2693
3138 2144
3139 1236
3140 1810
3141 1617
3142 3000
3143 2643
3144 1330
3145 2445
3146 2971
3147 2661
3148 1617
3149 946
3150 1910
3151 3014
3152 2155
3153 2680
3154 2951
3155 251
3156 2178
3157 2647
3158 1621
3159 2176
3160 1020
3161 2424
3162 1273
3163 464
3164 524
3165 1627
3166 611
3167 702
3168 1414
3169 1017
3170 2236
3171 2613
3172 1138
3173 1136
3174 907
3175 1644
3176 2090
3177 2849
3178 2268
3179 2502
3180 1290
3181 3063
3182 1656
3183 2676
3184 1403
3185 1582
3186 2567
3187 2549
3188 975
3189 991
3190 2019
3191 2104
3192 2359
3193 926
3194 3071
3195 3071
3196 2947
3197 716
3198 2826
3199 2809
3200 2905
3201 2219
3202 2826
3203 2268
3204 3074
3205 321
3206 3053
3207 2744
3208 2802
3209 401
3210 2797
3211 1851
3212 2735
3213 2689
3214 3044
3215 2247
3216 1457
3217 3102
3218 2970
3219 2964
3220 2584
3221 1019
3222 2615
3223 3099
3224 2565
3225 1594
3226 2826
3227 3097
3228 2790
3229 182
3230 2290
3231 3226
3232 422
3233 840
3234 2370
3235 547
3236 2500
3237 663
3238 2403
3239 2568
3240 2268
3241 3120
3242 1852
3243 2219
3244 1142
3245 275
3246 1471
3247 2492
3248 3071
3249 1154
3250 964
3251 2422
3252 2197
3253 2814
3254 2883
3255 2647
3256 2071
3257 1837
3258 3077
3259 2725
3260 1527
3261 3114
3262 1785
3263 1564
3264 2801
3265 1753
3266 2513
3267 2710
3268 2772
3269 1518
3270 2418
3271 3187
3272 3176
3273 2123
3274 2353
3275 991
3276 723
3277 2580
3278 3186
3279 2741
3280 3136
3281 2440
3282 1574
3283 3280
3284 1965
3285 2551
3286 2570
3287 2371
3288 1710
3289 1433
3290 1801
3291 1724
3292 917
3293 114
3294 1825
3295 2791
3296 1507
3297 2232
3298 1516
3299 2166
3300 2542
3301 344
3302 2210
3303 810
3304 551
3305 952
3306 1669
3307 1046
3308 662
3309 1697
3310 2883
3311 1361
3312 228
3313 1954
3314 240
3315 1696
3316 145
3317 2704
3318 66
3319 3054
3320 2706
3321 64
3322 654
3323 143
3324 2639
3325 336
3326 30
3327 52
3328 55
3329 2248
3330 1587
3331 29
3332 891
3333 1557
3334 1736
3335 54
3336 2888
3337 38
3338 1859
3339 2649
3340 2299
3341 1310
3342 377
3343 1055
3344 611
3345 191
3346 804
3347 1647
3348 85
3349 3093
3350 511
3351 67
3352 1438
3353 1010
3354 337
3355 2894
3356 242
3357 171
3358 183
3359 469
3360 1220
3361 685
3362 734
3363 115
3364 3014
3365 1778
3366 554
3367 1384
3368 56
3369 1586
3370 1799
3371 76
3372 1575
3373 1648
3374 66
3375 3155
3376 2909
3377 1430
3378 68
3379 165
3380 68
3381 68
3382 669
3383 71
3384 1676
3385 2519
3386 2460
3387 302
3388 787
3389 3024
3390 222
3391 965
3392 307
3393 2691
3394 681
3395 566
3396 950
3397 1138
3398 3293
3399 2846
3400 125
3401 2947
3402 455
3403 108
3404 279
3405 1509
3406 2464
3407 451
3408 2309
3409 264
3410 1329
3411 1085
3412 436
3413 419
3414 1985
3415 1721
3416 2886
3417 89
3418 3174
3419 3006
3420 2497
3421 795
3422 298
3423 447
3424 2293
3425 340
3426 613
3427 998
3428 708
3429 306
3430 203
3431 1518
3432 230
3433 2689
3434 1454
3435 2217
3436 897
3437 1356
3438 322
3439 757
3440 104
3441 2113
3442 650
3443 2046
3444 522
3445 1389
3446 349
3447 607
3448 1679
3449 1009
3450 1380
3451 359
3452 1506
3453 193
3454 898
3455 301
3456 1099
3457 822
3458 1248
3459 1675
3460 258
3461 106
3462 2765
3463 231
3464 2077
3465 244
3466 106
3467 1211
3468 107
3469 2670
3470 107
3471 619
3472 1989
3473 2222
3474 852
3475 649
3476 2818
3477 2145
3478 296
3479 528
3480 837
3481 1798
3482 2851
3483 111
3484 2482
3485 1708
3486 595
3487 268
3488 3068
3489 118
3490 366
3491 150
3492 1529
3493 123
3494 1467
3495 1362
3496 2994
3497 3286
3498 123
3499 1390
3500 360
3501 687
3502 129
3503 157
3504 2239
3505 378
3506 234
3507 524
3508 136
3509 428
3510 701
3511 2668
3512 140
3513 3209
3514 161
3515 475
3516 372
3517 140
3518 2774
3519 1231
3520 1102
3521 200
3522 140
3523 2410
3524 140
3525 989
3526 790
3527 185
3528 972
3529 627
3530 225
3531 140
3532 1150
3533 1095
3534 140
3535 255
3536 140
3537 1759
3538 2207
3539 321
3540 1395
3541 2019
3542 954
3543 2295
3544 1713
3545 1513
3546 154
3547 1168
3548 548
3549 160
3550 570
3551 2044
3552 1912
3553 2642
3554 496
3555 1899
3556 143
3557 1876
3558 812
3559 261
3560 143
3561 375
3562 1238
3563 3139
3564 2703
3565 541
3566 422
3567 145
3568 2983
3569 148
3570 929
3571 149
3572 153
3573 634
3574 2596
3575 330
3576 479
3577 584
3578 309
3579 3233
3580 275
3581 2012
3582 164
3583 1885
3584 930
3585 164
3586 647
3587 2175
3588 172
3589 173
3590 915
3591 630
3592 2854
3593 417
3594 1444
3595 939
3596 177
3597 2306
3598 540
3599 2986
3600 1530
3601 2118
3602 179
3603 414
3604 181
3605 1949
3606 3229
3607 2169
3608 1487
3609 383
3610 2743
3611 1048
3612 1326
3613 2487
3614 185
3615 594
3616 1932
3617 2434
3618 186
3619 1373
3620 190
3621 2256
3622 498
3623 969
3624 797
3625 3253
3626 856
3627 364
3628 990
3629 432
3630 2919
3631 190
3632 2875
3633 2593
3634 3163
3635 1919
3636 2773
3637 191
3638 1856
3639 310
3640 1183
3641 1396
3642 197
3643 486
3644 532
3645 2679
3646 1308
3647 2250
3648 2285
3649 1489
3650 2571
3651 829
3652 1702
3653 1618
3654 416
3655 1264
3656 209
3657 2624
3658 863
3659 1176
3660 1659
3661 1615
3662 588
3663 495
3664 3011
3665 1476
3666 222
3667 1090
3668 560
3669 2559
3670 1120
3671 558
3672 222
3673 961
3674 1678
3675 3013
3676 677
3677 2294
3678 226
3679 978
3680 674
3681 1794
3682 2082
3683 1532
3684 2234
3685 823
3686 918
3687 232
3688 1106
3689 1923
3690 236
3691 1192
3692 1940
3693 925
3694 748
3695 1227
3696 771
3697 3291
3698 2954
3699 1224
3700 646
3701 2969
3702 316
3703 2171
3704 1758
3705 2627
3706 1338
3707 2755
3708 1994
3709 363
3710 385
3711 247
3712 745
3713 353
3714 247
3715 313
3716 1393
3717 250
3718 959
3719 250
3720 2110
3721 632
3722 585
3723 1449
3724 252
3725 1836
3726 2932
3727 254
3728 2903
3729 1240
3730 260
3731 1699
3732 835
3733 268
3734 320
3735 879
3736 871
3737 1742
3738 944
3739 1815
3740 269
3741 2405
3742 2722
3743 3245
3744 2244
3745 275
3746 472
3747 2265
3748 1868
3749 1016
3750 277
3751 277
3752 1943
3753 1986
3754 1948
3755 625
3756 2174
3757 2350
3758 2049
3759 597
3760 277
3761 1755
3762 277
3763 277
3764 908
3765 1089
3766 3243
3767 277
3768 2566
3769 379
3770 791
3771 334
3772 342
3773 277
3774 277
3775 1279
3776 2203
3777 277
3778 616
3779 615
3780 277
3781 277
3782 1256
3783 500
3784 280
3785 458
3786 3167
3787 2837
3788 922
3789 282
3790 2415
3791 283
3792 753
3793 2747
3794 704
3795 2953
3796 376
3797 293
3798 294
3799 1268
3800 1743
3801 846
3802 1958
3803 2928
3804 2338
3805 3225
3806 294
3807 799
3808 2991
3809 294
3810 1749
3811 1401
3812 2491
3813 1012
3814 857
3815 1655
3816 940
3817 1517
3818 298
3819 2784
3820 1479
3821 769
3822 456
3823 2427
3824 2812
3825 301
3826 1471
3827 1766
3828 794
3829 452
3830 301
3831 1335
3832 2913
3833 435
3834 1005
3835 301
3836 1578
3837 1196
3838 777
3839 2192
3840 301
3841 301
3842 946
3843 301
3844 3040
3845 3287
3846 301
3847 580
3848 2069
3849 556
3850 301
3851 1803
3852 826
3853 444
3854 2195
3855 2493
3856 301
3857 3061
3858 1570
3859 491
3860 618
3861 2634
3862 418
3863 2374
3864 301
3865 494
3866 720
3867 1071
3868 2424
3869 578
3870 919
3871 301
3872 2324
3873 301
3874 301
3875 2754
3876 304
3877 2733
3878 1611
3879 1108
3880 2172
3881 308
3882 1052
3883 1774
3884 1031
3885 1391
3886 2157
3887 2027
3888 1128
3889 917
3890 747
3891 1019
3892 310
3893 811
3894 2746
3895 3289
3896 976
3897 2215
3898 310
3899 310
3900 1213
3901 755
3902 373
3903 311
3904 1157
3905 1324
3906 1757
3907 313
3908 313
3909 2904
3910 733
3911 2581
3912 313
3913 1768
3914 728
3915 2386
3916 2214
3917 2682
3918 838
3919 319
3920 2855
3921 319
3922 319
3923 319
3924 1147
3925 2907
3926 321
3927 2625
3928 321
3929 655
3930 476
3931 3205
3932 2725
3933 693
3934 322
3935 1302
3936 894
3937 1187
3938 2146
3939 2435
3940 1720
3941 327
3942 330
3943 1606
3944 530
3945 1694
3946 1522
3947 2521
3948 333
3949 2042
3950 333
3951 384
3952 561
3953 2115
3954 936
3955 1265
3956 751
3957 333
3958 2564
3959 415
3960 742
3961 1103
3962 538
3963 2476
3964 2148
3965 603
3966 336
3967 861
3968 336
3969 2301
3970 339
3971 1333
3972 544
3973 346
3974 346
3975 1154
3976 1947
3977 2362
3978 3099
3979 2204
3980 1624
3981 860
3982 1346
3983 2885
3984 2815
3985 2958
3986 2527
3987 2617
3988 2085
3989 3000
3990 349
3991 349
3992 349
3993 1301
3994 349
3995 349
3996 460
3997 3200
3998 424
3999 1469
4000 796
4001 1936
4002 359
4003 576
4004 360
4005 360
4006 362
4007 1991
4008 878
4009 1427
4010 368
4011 2686
4012 1230
4013 368
4014 565
4015 2724
4016 370
4017 2030
4018 567
4019 1243
4020 375
4021 378
4022 3021
4023 1521
4024 2756
4025 2326
4026 385
4027 502
4028 2501
4029 1772
4030 1590
4031 1398
4032 401
4033 1235
4034 401
4035 401
4036 832
4037 401
4038 579
4039 401
4040 1368
4041 402
4042 3002
4043 2716
4044 1182
4045 1350
4046 405
4047 405
4048 2156
4049 2486
4050 414
4051 2560
4052 1705
4053 414
4054 1605
4055 2789
4056 470
4057 414
4058 414
4059 514
4060 2310
4061 1028
4062 698
4063 1633
4064 963
4065 414
4066 1503
4067 1274
4068 1858
4069 2198
4070 2154
4071 416
4072 1152
4073 416
4074 3232
4075 2550
4076 957
4077 425
4078 1376
4079 426
4080 1800
4081 1644
4082 593
4083 1831
4084 1313
4085 575
4086 1520
4087 1249
4088 2685
4089 1172
4090 428
4091 2697
4092 563
4093 428
4094 428
4095 428
4096 2006
4097 454
4098 1488
4099 428
4100 428
4101 1420
4102 428
4103 431
4104 432
4105 433
4106 2024
4107 487
4108 2330
4109 714
4110 437
4111 1593
4112 1746
4113 440
4114 621
4115 3227
4116 923
4117 573
4118 478
4119 452
4120 1539
4121 452
4122 452
4123 805
4124 454
4125 2897
4126 549
4127 1711
4128 458
4129 2498
4130 1661
4131 460
4132 461
4133 461
4134 3173
4135 1360
4136 1907
4137 464
4138 464
4139 2834
4140 465
4141 465
4142 2262
4143 1086
4144 1027
4145 1628
4146 467
4147 974
4148 468
4149 472
4150 473
4151 473
4152 792
4153 473
4154 547
4155 473
4156 905
4157 473
4158 1574
4159 503
4160 960
4161 473
4162 1543
4163 473
4164 2020
4165 473
4166 473
4167 473
4168 2677
4169 473
4170 473
4171 473
4172 2832
4173 1257
4174 473
4175 473
4176 473
4177 473
4178 834
4179 473
4180 473
4181 474
4182 508
4183 475
4184 1018
4185 476
4186 515
4187 480
4188 480
4189 480
4190 1715
4191 2599
4192 480
4193 481
4194 3236
4195 484
4196 481
4197 481
4198 2364
4199 483
4200 486
4201 3092
4202 2361
4203 491
4204 3019
4205 494
4206 1416
4207 1101
4208 495
4209 496
4210 1987
4211 497
4212 3247
4213 505
4214 515
4215 2779
4216 517
4217 2823
4218 802
4219 653
4220 1259
4221 523
4222 1924
4223 3164
4224 524
4225 2138
4226 833
4227 743
4228 1492
4229 980
4230 528
4231 529
4232 532
4233 2339
4234 545
4235 2771
4236 2161
4237 1793
4238 3235
4239 620
4240 3003
4241 610
4242 2395
4243 1123
4244 2322
4245 549
4246 1453
4247 553
4248 553
4249 3197
4250 1839
4251 554
4252 555
4253 3033
4254 556
4255 966
4256 1061
4257 2358
4258 556
4259 556
4260 556
4261 556
4262 2860
4263 2648
4264 1642
4265 631
4266 659
4267 896
4268 1832
4269 2391
4270 3268
4271 2225
4272 556
4273 556
4274 1812
4275 556
4276 563
4277 3159
4278 565
4279 565
4280 565
4281 565
4282 565
4283 828
4284 565
4285 955
4286 565
4287 1158
4288 800
4289 565
4290 865
4291 565
4292 568
4293 617
4294 1180
4295 581
4296 778
4297 732
4298 926
4299 1131
4300 3119
4301 577
4302 578
4303 858
4304 578
4305 578
4306 578
4307 585
4308 586
4309 1094
4310 591
4311 2601
4312 591
4313 854
4314 594
4315 594
4316 2053
4317 887
4318 597
4319 1275
4320 1214
4321 597
4322 597
4323 2002
4324 600
4325 2573
4326 849
4327 1342
4328 600
4329 3160
4330 600
4331 1304
4332 600
4333 2060
4334 601
4335 888
4336 1549
4337 1179
4338 2009
4339 603
4340 1038
4341 1218
4342 2083
4343 1202
4344 604
4345 1632
4346 3120
4347 1374
4348 604
4349 604
4350 604
4351 604
4352 604
4353 813
4354 2469
4355 968
4356 1701
4357 2096
4358 744
4359 2316
4360 611
4361 2252
4362 1042
4363 2015
4364 2341
4365 611
4366 611
4367 1309
4368 1080
4369 1261
4370 3025
4371 993
4372 611
4373 2887
4374 788
4375 739
4376 690
4377 1253
4378 793
4379 611
4380 827
4381 1197
4382 2959
4383 2397
4384 2162
4385 746
4386 3166
4387 780
4388 1490
4389 636
4390 611
4391 680
4392 611
4393 1432
4394 611
4395 611
4396 611
4397 3049
4398 611
4399 611
4400 611
4401 611
4402 821
4403 1425
4404 2132
4405 611
4406 1164
4407 1448
4408 759
4409 1041
4410 611
4411 2651
4412 611
4413 2781
4414 1726
4415 611
4416 668
4417 1066
4418 611
4419 611
4420 2183
4421 611
4422 611
4423 724
4424 1087
4425 2412
4426 611
4427 2574
4428 1303
4429 611
4430 612
4431 611
4432 611
4433 1614
4434 2989
4435 611
4436 611
4437 2659
4438 611
4439 2328
4440 611
4441 2387
4442 1237
4443 1124
4444 611
4445 877
4446 851
4447 611
4448 1996
4449 901
4450 1319
4451 1359
4452 611
4453 1602
4454 1481
4455 1177
4456 638
4457 1400
4458 700
4459 916
4460 2914
4461 1579
4462 1040
4463 1367
4464 611
4465 1894
4466 611
4467 611
4468 611
4469 611
4470 2805
4471 611
4472 1195
4473 912
4474 665
4475 1804
4476 1901
4477 618
4478 619
4479 619
4480 3180
4481 619
4482 619
4483 621
4484 1043
4485 1293
4486 1499
4487 625
4488 625
4489 2428
4490 1706
4491 2066
4492 1225
4493 911
4494 1023
4495 625
4496 1805
4497 625
4498 882
4499 850
4500 1169
4501 631
4502 1161
4503 632
4504 632
4505 634
4506 636
4507 637
4508 1387
4509 637
4510 1478
4511 1456
4512 2650
4513 1414
4514 642
4515 1199
4516 642
4517 692
4518 642
4519 642
4520 642
4521 2319
4522 642
4523 1115
4524 643
4525 920
4526 1406
4527 643
4528 643
4529 3010
4530 644
4531 644
4532 962
4533 1828
4534 644
4535 1134
4536 783
4537 1206
4538 644
4539 644
4540 1437
4541 644
4542 1307
4543 644
4544 982
4545 645
4546 1024
4547 3252
4548 2087
4549 2312
4550 654
4551 1418
4552 884
4553 655
4554 655
4555 656
4556 656
4557 1664
4558 868
4559 1756
4560 741
4561 2978
4562 1536
4563 2275
4564 656
4565 1677
4566 656
4567 1762
4568 2652
4569 656
4570 656
4571 1409
4572 656
4573 658
4574 889
4575 1767
4576 2632
4577 659
4578 2074
4579 1653
4580 2636
4581 659
4582 2028
4583 659
4584 659
4585 659
4586 659
4587 659
4588 659
4589 2558
4590 659
4591 736
4592 661
4593 1990
4594 663
4595 3237
4596 663
4597 2538
4598 892
4599 2056
4600 1872
4601 663
4602 663
4603 1331
4604 2462
4605 664
4606 1993
4607 670
4608 680
4609 2623
4610 682
4611 683
4612 1753
4613 683
4614 2715
4615 1222
4616 1107
4617 688
4618 688
4619 1097
4620 688
4621 2656
4622 1468
4623 2354
4624 691
4625 1667
4626 691
4627 1035
4628 1977
4629 1573
4630 691
4631 691
4632 691
4633 691
4634 2470
4635 1735
4636 2235
4637 2481
4638 2282
4639 691
4640 1623
4641 691
4642 691
4643 2568
4644 2956
4645 2787
4646 691
4647 1626
4648 1082
4649 2417
4650 875
4651 691
4652 691
4653 691
4654 3156
4655 693
4656 3188
4657 694
4658 694
4659 1500
4660 942
4661 694
4662 1033
4663 1834
4664 694
4665 3117
4666 694
4667 694
4668 697
4669 698
4670 1162
4671 698
4672 1629
4673 1125
4674 698
4675 698
4676 872
4677 698
4678 698
4679 1508
4680 702
4681 2637
4682 1030
4683 2861
4684 704
4685 1672
4686 706
4687 2664
4688 710
4689 2283
4690 710
4691 2700
4692 714
4693 714
4694 2246
4695 1210
4696 714
4697 1078
4698 2224
4699 2038
4700 1754
4701 1818
4702 723
4703 723
4704 3276
4705 723
4706 723
4707 971
4708 723
4709 723
4710 723
4711 723
4712 1318
4713 723
4714 723
4715 724
4716 724
4717 3186
4718 726
4719 726
4720 2856
4721 727
4722 2899
4723 1542
4724 1410
4725 740
4726 740
4727 2442
4728 1534
4729 3086
4730 1813
4731 1554
4732 1271
4733 2092
4734 1833
4735 750
4736 801
4737 755
4738 758
4739 761
4740 928
4741 2184
4742 761
4743 1988
4744 763
4745 764
4746 3115
4747 766
4748 1823
4749 1555
4750 770
4751 1118
4752 1548
4753 3283
4754 3106
4755 3176
4756 780
4757 782
4758 1460
4759 782
4760 782
4761 1148
4762 784
4763 2458
4764 2705
4765 788
4766 2767
4767 790
4768 790
4769 790
4770 818
4771 1466
4772 792
4773 2365
4774 792
4775 793
4776 793
4777 3206
4778 793
4779 1381
4780 1824
4781 800
4782 2212
4783 802
4784 890
4785 802
4786 802
4787 802
4788 1445
4789 2901
4790 1855
4791 805
4792 805
4793 805
4794 1981
4795 945
4796 1058
4797 1047
4798 812
4799 886
4800 815
4801 1525
4802 816
4803 819
4804 2394
4805 819
4806 1908
4807 819
4808 819
4809 819
4810 819
4811 821
4812 823
4813 1044
4814 823
4815 825
4816 827
4817 829
4818 829
4819 829
4820 829
4821 3034
4822 830
4823 2494
4824 831
4825 834
4826 1145
4827 834
4828 834
4829 1946
4830 834
4831 834
4832 834
4833 834
4834 838
4835 838
4836 838
4837 838
4838 2340
4839 841
4840 842
4841 845
4842 1727
4843 985
4844 1173
4845 1408
4846 1191
4847 2343
4848 1786
4849 847
4850 847
4851 2050
4852 2713
4853 855
4854 2915
4855 859
4856 860
4857 883
4858 864
4859 1955
4860 934
4861 866
4862 866
4863 1703
4864 866
4865 866
4866 866
4867 1451
4868 869
4869 869
4870 1780
4871 1483
4872 873
4873 2906
4874 1709
4875 1034
4876 2871
4877 3100
4878 1369
4879 1544
4880 875
4881 875
4882 879
4883 879
4884 947
4885 879
4886 1916
4887 1906
4888 1112
4889 2108
4890 879
4891 879
4892 1053
4893 3126
4894 885
4895 881
4896 1600
4897 2452
4898 2684
4899 1159
4900 984
4901 888
4902 889
4903 889
4904 889
4905 894
4906 1355
4907 1992
4908 1283
4909 896
4910 1385
4911 1450
4912 1217
4913 2459
4914 1761
4915 2582
4916 3129
4917 902
4918 2619
4919 902
4920 902
4921 3124
4922 904
4923 905
4924 905
4925 2908
4926 905
4927 905
4928 905
4929 1716
4930 906
4931 906
4932 1939
4933 2788
4934 906
4935 906
4936 2890
4937 1093
4938 1188
4939 1216
4940 906
4941 906
4942 907
4943 1861
4944 1950
4945 1837
4946 908
4947 909
4948 2474
4949 1558
4950 1953
4951 1276
4952 914
4953 917
4954 2594
4955 3292
4956 1881
4957 917
4958 2014
4959 1459
4960 3185
4961 918
4962 1405
4963 1826
4964 918
4965 918
4966 2843
4967 918
4968 2530
4969 1546
4970 3001
4971 1255
4972 1349
4973 918
4974 1370
4975 918
4976 918
4977 1540
4978 918
4979 918
4980 918
4981 3078
4982 1698
4983 918
4984 918
4985 1960
4986 2071
4987 3071
4988 920
4989 973
4990 921
4991 921
4992 2782
4993 921
4994 1747
4995 921
4996 922
4997 2616
4998 1523
4999 1325
5000 926
5001 1797
5002 1524
5003 1083
5004 1533
5005 3193
5006 926
5007 2124
5008 928
5009 1556
5010 929
5011 931
5012 931
5013 931
5014 931
5015 931
5016 931
5017 2740
5018 931
5019 1921
5020 931
5021 1135
5022 931
5023 1848
5024 933
5025 1695
5026 934
5027 1404
5028 1980
5029 938
5030 938
5031 2804
5032 2745
5033 2447
5034 939
5035 1825
5036 2357
5037 939
5038 939
5039 939
5040 940
5041 940
5042 1140
5043 2336
5044 940
5045 1477
5046 3091
5047 942
5048 1015
5049 942
5050 1122
5051 1328
5052 942
5053 942
5054 946
5055 946
5056 1637
5057 3149
5058 3121
5059 947
5060 2719
5061 947
5062 947
5063 947
5064 1143
5065 947
5066 947
5067 947
5068 948
5069 3102
5070 2833
5071 1473
5072 2735
5073 1865
5074 951
5075 952
5076 952
5077 2196
5078 952
5079 952
5080 2766
5081 1022
5082 970
5083 1105
5084 2251
5085 1050
5086 2218
5087 952
5088 952
5089 954
5090 954
5091 1242
5092 954
5093 1114
5094 954
5095 954
5096 954
5097 954
5098 2957
5099 3263
5100 2243
5101 2496
5102 957
5103 1562
5104 957
5105 1485
5106 2556
5107 1314
5108 960
5109 963
5110 1116
5111 3114
5112 963
5113 963
5114 3288
5115 2595
5116 3250
5117 966
5118 967
5119 967
5120 967
5121 2086
5122 1411
5123 2220
5124 971
5125 1729
5126 975
5127 976
5128 2950
5129 979
5130 983
5131 983
5132 2111
5133 983
5134 983
5135 983
5136 1156
5137 2001
5138 2258
5139 2422
5140 1541
5141 991
5142 2025
5143 991
5144 991
5145 991
5146 3192
5147 1983
5148 1945
5149 3038
5150 991
5151 991
5152 3189
5153 991
5154 2420
5155 991
5156 2135
5157 991
5158 1474
5159 1565
5160 991
5161 1160
5162 991
5163 2378
5164 991
5165 1458
5166 991
5167 3275
5168 2249
5169 2168
5170 992
5171 1596
5172 1686
5173 993
5174 2173
5175 993
5176 1366
5177 993
5178 1870
5179 993
5180 1622
5181 1900
5182 994
5183 2672
5184 2105
5185 1933
5186 994
5187 1630
5188 2067
5189 994
5190 994
5191 1051
5192 2167
5193 996
5194 1000
5195 1000
5196 1002
5197 1002
5198 1250
5199 1507
5200 1005
5201 1402
5202 2708
5203 1665
5204 1877
5205 1957
5206 1008
5207 1113
5208 2613
5209 1011
5210 1011
5211 1011
5212 1012
5213 1012
5214 1014
5215 1666
5216 1014
5217 1017
5218 3169
5219 2728
5220 1018
5221 1019
5222 1019
5223 3221
5224 1021
5225 1024
5226 1584
5227 1853
5228 1730
5229 1056
5230 1027
5231 1027
5232 1027
5233 1670
5234 3108
5235 2314
5236 2288
5237 1029
5238 2858
5239 1185
5240 1777
5241 1031
5242 1033
5243 1571
5244 1037
5245 1043
5246 2631
5247 1043
5248 1044
5249 1045
5250 2895
5251 1045
5252 1046
5253 1658
5254 1550
5255 1732
5256 2825
5257 2822
5258 1050
5259 1050
5260 1050
5261 1050
5262 1051
5263 1051
5264 2052
5265 2803
5266 1051
5267 1051
5268 1051
5269 1051
5270 1055
5271 1056
5272 1144
5273 1058
5274 1058
5275 1603
5276 2836
5277 1061
5278 2687
5279 2233
5280 2938
5281 2144
5282 1194
5283 1063
5284 1280
5285 1066
5286 1066
5287 1066
5288 1066
5289 1066
5290 1066
5291 1415
5292 1270
5293 2329
5294 3073
5295 1066
5296 1066
5297 2425
5298 1066
5299 1066
5300 1066
5301 2263
5302 1066
5303 1066
5304 1066
5305 1066
5306 1066
5307 2971
5308 2426
5309 1066
5310 1718
5311 1066
5312 1066
5313 1079
5314 2125
5315 2228
5316 1066
5317 1066
5318 1820
5319 1066
5320 2063
5321 1066
5322 2586
5323 1790
5324 1067
5325 1067
5326 1068
5327 1069
5328 1069
5329 2752
5330 2811
5331 2554
5332 1071
5333 1073
5334 1620
5335 1074
5336 1435
5337 2152
5338 1077
5339 1078
5340 2226
5341 1081
5342 1081
5343 3122
5344 2373
5345 1083
5346 2281
5347 1083
5348 1083
5349 2443
5350 1083
5351 2488
5352 1090
5353 3123
5354 1092
5355 1763
5356 2127
5357 1092
5358 1588
5359 1363
5360 1092
5361 2317
5362 1094
5363 1094
5364 1094
5365 1094
5366 1094
5367 1094
5368 1997
5369 1099
5370 1099
5371 1099
5372 1099
5373 1099
5374 1099
5375 1099
5376 2393
5377 1099
5378 3007
5379 2507
5380 1103
5381 1103
5382 2853
5383 2121
5384 1103
5385 3064
5386 1365
5387 1277
5388 3023
5389 2515
5390 1114
5391 1114
5392 2292
5393 2431
5394 1114
5395 1208
5396 2375
5397 1114
5398 1114
5399 1114
5400 2147
5401 2471
5402 1115
5403 1671
5404 1118
5405 1120
5406 1764
5407 1120
5408 2332
5409 1122
5410 1122
5411 1122
5412 1123
5413 1126
5414 1496
5415 2548
5416 2337
5417 1127
5418 1129
5419 1129
5420 2661
5421 1129
5422 1129
5423 1927
5424 1135
5425 1170
5426 1137
5427 1345
5428 1137
5429 1138
5430 1138
5431 2463
5432 3172
5433 1228
5434 1138
5435 1674
5436 1139
5437 2972
5438 1139
5439 1142
5440 1972
5441 1142
5442 1417
5443 3098
5444 1142
5445 3244
5446 1142
5447 1142
5448 1142
5449 1142
5450 1142
5451 1142
5452 1142
5453 1144
5454 1146
5455 1146
5456 1146
5457 1148
5458 1149
5459 2315
5460 1149
5461 1150
5462 1154
5463 1154
5464 1585
5465 2240
5466 1154
5467 1700
5468 3249
5469 1154
5470 1441
5471 1156
5472 1157
5473 1158
5474 1158
5475 1158
5476 1424
5477 1158
5478 1938
5479 1158
5480 1617
5481 1158
5482 1158
5483 1158
5484 1158
5485 1158
5486 2942
5487 2129
5488 2504
5489 2389
5490 1158
5491 1160
5492 1160
5493 2382
5494 2597
5495 1712
5496 2477
5497 1514
5498 1161
5499 1162
5500 1771
5501 1164
5502 1646
5503 2737
5504 1167
5505 1169
5506 1717
5507 1170
5508 1170
5509 1171
5510 1171
5511 1172
5512 1173
5513 2261
5514 1869
5515 1941
5516 1178
5517 1178
5518 1178
5519 1178
5520 1178
5521 1929
5522 1178
5523 1178
5524 1903
5525 2223
5526 1182
5527 1182
5528 1182
5529 1182
5530 2241
5531 2472
5532 1182
5533 1182
5534 1182
5535 1182
5536 2505
5537 1378
5538 1656
5539 1182
5540 1182
5541 1182
5542 1182
5543 1182
5544 1182
5545 1728
5546 1182
5547 2068
5548 1182
5549 3290
5550 1182
5551 1183
5552 1183
5553 1287
5554 1183
5555 1183
5556 1183
5557 1183
5558 2830
5559 1185
5560 1185
5561 1190
5562 1190
5563 1190
5564 1190
5565 1194
5566 1194
5567 1195
5568 1392
5569 1196
5570 1297
5571 1199
5572 1199
5573 1199
5574 1199
5575 1199
5576 1199
5577 1495
5578 1199
5579 1875
5580 1201
5581 1201
5582 1201
5583 2451
5584 1201
5585 1201
5586 1201
5587 2808
5588 2304
5589 1412
5590 2023
5591 1201
5592 1201
5593 2043
5594 2117
5595 1426
5596 1201
5597 1201
5598 2137
5599 1201
5600 1201
5601 1201
5602 1201
5603 1201
5604 1905
5605 1873
5606 1201
5607 1457
5608 2070
5609 2610
5610 1201
5611 1201
5612 1201
5613 2859
5614 1262
5615 1204
5616 1208
5617 1208
5618 1208
5619 2444
5620 1210
5621 1210
5622 1210
5623 3005
5624 1683
5625 1640
5626 1835
5627 1769
5628 1220
5629 1220
5630 1220
5631 1222
5632 1222
5633 1223
5634 2445
5635 3076
5636 1224
5637 1226
5638 1443
5639 1229
5640 1229
5641 1966
5642 1229
5643 2206
5644 1232
5645 1234
5646 1237
5647 1519
5648 1240
5649 1242
5650 1242
5651 1612
5652 2483
5653 1243
5654 1243
5655 1737
5656 1245
5657 1248
5658 1249
5659 1249
5660 1249
5661 1688
5662 1249
5663 1249
5664 1375
5665 1249
5666 1251
5667 1723
5668 2010
5669 1255
5670 1256
5671 1256
5672 1256
5673 1256
5674 1256
5675 1841
5676 1256
5677 2528
5678 1258
5679 1295
5680 1262
5681 1268
5682 1268
5683 1268
5684 1268
5685 1269
5686 1273
5687 3162
5688 1551
5689 1275
5690 1275
5691 1944
5692 1277
5693 2347
5694 1279
5695 1279
5696 1279
5697 1281
5698 1281
5699 1281
5700 1281
5701 2182
5702 1281
5703 1504
5704 1284
5705 2318
5706 1817
5707 1286
5708 1286
5709 1286
5710 2533
5711 2079
5712 1287
5713 1289
5714 1295
5715 1299
5716 1302
5717 1302
5718 1302
5719 3072
5720 1303
5721 1480
5722 1303
5723 1303
5724 1303
5725 1309
5726 1311
5727 1312
5728 1312
5729 1312
5730 1312
5731 2665
5732 1312
5733 1312
5734 1312
5735 1312
5736 1312
5737 2353
5738 1312
5739 1312
5740 1312
5741 1312
5742 1312
5743 3080
5744 2112
5745 1312
5746 2992
5747 1312
5748 1312
5749 1312
5750 1312
5751 1312
5752 2626
5753 1312
5754 2213
5755 2952
5756 1312
5757 1312
5758 1312
5759 1312
5760 1740
5761 1312
5762 1312
5763 1312
5764 1312
5765 1312
5766 1312
5767 1312
5768 1312
5769 1312
5770 1312
5771 1312
5772 1319
5773 1325
5774 2553
5775 1714
5776 1325
5777 1942
5778 1325
5779 1330
5780 1330
5781 1330
5782 3144
5783 1330
5784 1331
5785 1331
5786 1331
5787 1331
5788 1332
5789 1475
5790 1332
5791 1332
5792 1333
5793 1336
5794 1336
5795 1337
5796 1338
5797 1341
5798 2791
5799 1342
5800 1345
5801 1566
5802 1345
5803 1386
5804 1345
5805 2921
5806 1350
5807 2741
5808 1505
5809 2004
5810 1354
5811 1354
5812 1354
5813 1388
5814 2413
5815 1354
5816 2522
5817 1354
5818 1356
5819 1830
5820 1356
5821 3284
5822 1356
5823 1356
5824 1356
5825 1358
5826 2707
5827 1360
5828 1360
5829 1360
5830 1951
5831 1360
5832 1362
5833 1362
5834 1364
5835 2436
5836 1365
5837 1366
5838 1366
5839 2537
5840 1369
5841 1372
5842 1976
5843 1377
5844 1377
5845 1377
5846 1379
5847 1379
5848 1381
5849 1383
5850 2583
5851 1461
5852 1389
5853 1389
5854 1391
5855 1391
5856 1391
5857 2618
5858 1393
5859 1393
5860 1874
5861 1431
5862 1393
5863 2801
5864 1393
5865 1393
5866 1395
5867 1395
5868 1395
5869 2007
5870 1395
5871 1421
5872 1400
5873 1400
5874 1429
5875 1403
5876 1403
5877 1403
5878 1403
5879 1634
5880 1403
5881 1403
5882 1403
5883 1403
5884 2396
5885 1851
5886 1403
5887 2054
5888 1403
5889 1403
5890 1613
5891 1403
5892 3184
5893 1403
5894 1403
5895 1403
5896 1403
5897 1403
5898 2227
5899 2390
5900 1791
5901 1403
5902 1403
5903 1403
5904 1403
5905 1403
5906 1403
5907 1403
5908 1403
5909 2635
5910 1403
5911 1403
5912 1404
5913 1409
5914 1411
5915 1414
5916 1414
5917 1414
5918 3168
5919 2400
5920 2736
5921 1416
5922 2363
5923 1416
5924 1416
5925 1416
5926 1416
5927 2449
5928 2760
5929 1420
5930 1420
5931 1420
5932 1420
5933 1420
5934 1422
5935 1420
5936 1643
5937 1422
5938 1465
5939 1423
5940 1424
5941 1442
5942 1425
5943 1425
5944 1425
5945 1733
5946 1425
5947 1425
5948 1568
5949 1428
5950 2589
5951 1433
5952 1433
5953 1433
5954 1660
5955 2785
5956 1433
5957 2720
5958 1433
5959 1435
5960 1440
5961 2967
5962 1442
5963 1443
5964 1443
5965 2717
5966 2793
5967 1452
5968 1454
5969 1456
5970 1456
5971 2131
5972 3216
5973 1457
5974 2829
5975 1457
5976 1457
5977 1457
5978 1783
5979 1457
5980 1457
5981 1457
5982 1457
5983 2990
5984 1457
5985 1457
5986 3230
5987 1457
5988 1457
5989 1457
5990 1457
5991 1457
5992 1457
5993 1457
5994 1458
5995 1956
5996 1654
5997 1462
5998 1462
5999 1583
6000 2321
6001 1465
6002 1470
6003 2667
6004 1471
6005 2351
6006 3246
6007 1471
6008 1471
6009 2857
6010 1625
6011 3183
6012 1479
6013 1482
6014 1487
6015 1488
6016 1488
6017 2185
6018 1489
6019 1490
6020 1490
6021 1490
6022 2681
6023 1491
6024 1497
6025 1497
6026 1497
6027 1498
6028 2882
6029 3242
6030 1499
6031 2783
6032 3012
6033 1499
6034 1499
6035 1499
6036 1499
6037 1499
6038 1499
6039 1499
6040 1499
6041 1499
6042 1499
6043 1527
6044 1499
6045 1499
6046 1499
6047 1922
6048 1499
6049 1499
6050 1499
6051 1760
6052 1499
6053 1499
6054 1580
6055 1891
6056 1499
6057 1499
6058 1499
6059 1499
6060 1499
6061 1499
6062 1499
6063 1499
6064 1499
6065 1499
6066 1499
6067 2039
6068 1499
6069 1572
6070 2714
6071 1645
6072 1499
6073 1499
6074 1499
6075 2300
6076 1499
6077 1499
6078 1499
6079 1499
6080 2820
6081 1499
6082 1499
6083 1499
6084 1499
6085 2810
6086 1499
6087 1499
6088 1500
6089 1500
6090 1502
6091 1502
6092 3296
6093 1507
6094 1508
6095 1508
6096 1510
6097 1515
6098 2786
6099 1995
6100 2575
6101 1511
6102 1511
6103 2158
6104 2045
6105 1512
6106 1512
6107 1895
6108 1512
6109 1512
6110 1512
6111 1513
6112 1513
6113 1796
6114 1518
6115 3269
6116 1518
6117 1518
6118 2922
6119 1518
6120 2377
6121 1520
6122 1844
6123 2671
6124 1524
6125 1609
6126 2441
6127 1525
6128 1526
6129 1526
6130 3260
6131 1527
6132 2008
6133 1528
6134 1529
6135 2977
6136 1530
6137 1530
6138 1530
6139 1530
6140 1530
6141 1530
6142 1530
6143 1530
6144 3096
6145 2253
6146 1530
6147 2694
6148 2333
6149 2126
6150 1532
6151 1533
6152 1533
6153 1533
6154 1533
6155 2660
6156 1534
6157 2579
6158 1534
6159 1535
6160 1537
6161 1537
6162 1537
6163 2048
6164 1537
6165 1540
6166 1845
6167 1540
6168 2516
6169 1542
6170 1546
6171 1546
6172 1546
6173 3052
6174 2645
6175 1547
6176 1547
6177 1547
6178 1650
6179 1549
6180 2778
6181 1551
6182 1551
6183 1551
6184 2003
6185 1551
6186 1551
6187 2081
6188 3165
6189 1551
6190 2731
6191 1551
6192 1551
6193 1552
6194 1552
6195 1552
6196 1552
6197 2944
6198 1557
6199 1557
6200 2920
6201 2221
6202 1557
6203 1557
6204 1557
6205 2200
6206 1557
6207 2839
6208 1557
6209 2216
6210 2795
6211 1557
6212 1557
6213 1557
6214 1557
6215 2103
6216 2475
6217 1557
6218 1557
6219 1557
6220 1557
6221 1557
6222 2133
6223 1557
6224 2380
6225 1557
6226 2468
6227 1557
6228 2284
6229 1557
6230 1557
6231 2949
6232 1557
6233 1687
6234 1557
6235 1557
6236 1557
6237 1557
6238 1557
6239 2770
6240 1559
6241 1560
6242 1563
6243 2877
6244 1563
6245 1565
6246 1565
6247 2271
6248 3282
6249 1575
6250 1575
6251 1576
6252 1581
6253 2136
6254 1581
6255 1586
6256 1610
6257 1586
6258 1590
6259 1590
6260 1592
6261 2961
6262 1594
6263 1594
6264 1594
6265 1594
6266 2356
6267 1594
6268 1594
6269 1594
6270 1594
6271 2448
6272 2201
6273 1594
6274 1594
6275 2209
6276 1843
6277 3041
6278 1595
6279 1651
6280 1600
6281 1600
6282 1600
6283 2388
6284 1602
6285 1603
6286 2797
6287 2867
6288 1606
6289 2073
6290 1608
6291 1608
6292 1608
6293 1752
6294 1614
6295 1615
6296 2692
6297 1615
6298 1615
6299 1615
6300 1615
6301 1615
6302 1615
6303 1615
6304 2813
6305 1931
6306 1615
6307 1615
6308 1615
6309 1615
6310 1615
6311 1615
6312 1615
6313 1615
6314 1615
6315 2546
6316 1617
6317 3222
6318 1617
6319 1617
6320 1617
6321 1617
6322 1617
6323 1617
6324 1617
6325 1617
6326 1617
6327 1617
6328 1617
6329 1617
6330 1617
6331 1617
6332 1617
6333 2102
6334 1617
6335 2612
6336 1617
6337 1617
6338 1617
6339 1617
6340 1617
6341 1617
6342 1617
6343 1617
6344 1617
6345 2139
6346 1617
6347 1617
6348 1617
6349 1617
6350 1617
6351 1897
6352 1617
6353 1617
6354 1617
6355 1617
6356 1617
6357 3148
6358 1617
6359 1617
6360 1617
6361 1617
6362 3141
6363 1617
6364 1617
6365 3118
6366 3103
6367 1617
6368 2465
6369 2965
6370 1617
6371 1617
6372 2598
6373 1617
6374 1617
6375 1617
6376 1617
6377 1617
6378 2675
6379 2838
6380 1617
6381 1617
6382 1641
6383 1617
6384 1617
6385 1617
6386 1617
6387 1617
6388 1617
6389 1617
6390 3087
6391 1636
6392 1617
6393 3050
6394 1846
6395 1617
6396 2817
6397 1618
6398 1618
6399 1618
6400 1620
6401 2792
6402 3158
6403 1631
6404 2750
6405 1621
6406 2296
6407 1621
6408 3177
6409 1623
6410 1623
6411 3090
6412 1627
6413 1632
6414 1632
6415 1633
6416 1734
6417 2473
6418 1634
6419 1636
6420 1636
6421 2346
6422 1642
6423 1643
6424 1644
6425 1644
6426 3175
6427 2951
6428 2242
6429 1647
6430 1647
6431 2592
6432 1648
6433 2123
6434 1648
6435 1653
6436 1653
6437 1653
6438 1653
6439 1653
6440 2513
6441 1653
6442 1653
6443 2935
6444 2151
6445 2868
6446 1654
6447 1656
6448 1656
6449 1656
6450 3182
6451 3016
6452 1659
6453 2892
6454 1666
6455 2018
6456 2419
6457 1672
6458 1789
6459 1672
6460 1673
6461 3110
6462 1675
6463 1675
6464 1675
6465 1704
6466 1678
6467 1678
6468 1678
6469 1678
6470 3067
6471 1741
6472 1681
6473 1681
6474 1684
6475 1688
6476 2852
6477 1690
6478 1691
6479 1692
6480 1692
6481 1695
6482 1695
6483 1696
6484 1698
6485 1698
6486 1703
6487 1703
6488 1707
6489 2000
6490 2552
6491 1707
6492 1707
6493 1707
6494 2237
6495 3036
6496 1708
6497 2279
6498 2084
6499 1715
6500 3111
6501 1718
6502 3074
6503 1722
6504 1723
6505 1723
6506 1723
6507 2036
6508 3043
6509 2141
6510 1723
6511 1724
6512 1724
6513 1724
6514 1816
6515 1729
6516 2485
6517 2313
6518 1729
6519 3081
6520 1731
6521 2638
6522 1733
6523 1733
6524 2749
6525 1733
6526 2051
6527 1735
6528 1735
6529 1735
6530 1736
6531 1736
6532 1736
6533 1736
6534 1736
6535 2311
6536 2878
6537 1736
6538 1738
6539 1738
6540 1738
6541 1744
6542 2437
6543 1744
6544 1744
6545 1744
6546 1744
6547 1744
6548 1744
6549 1744
6550 1744
6551 1744
6552 1744
6553 1744
6554 1744
6555 2578
6556 2439
6557 1744
6558 2551
6559 1745
6560 2828
6561 3035
6562 1748
6563 1749
6564 1749
6565 1749
6566 2122
6567 2094
6568 3265
6569 1753
6570 2116
6571 1753
6572 2323
6573 1883
6574 2600
6575 1753
6576 1753
6577 2098
6578 1753
6579 1753
6580 1753
6581 2831
6582 1753
6583 1878
6584 1753
6585 1753
6586 1753
6587 1753
6588 2187
6589 1753
6590 1753
6591 1753
6592 1753
6593 1753
6594 1753
6595 1753
6596 1753
6597 1753
6598 1753
6599 1753
6600 2040
6601 1753
6602 1753
6603 1753
6604 1753
6605 1753
6606 1753
6607 2946
6608 1753
6609 1753
6610 1753
6611 1753
6612 1753
6613 1753
6614 1753
6615 1753
6616 2478
6617 2186
6618 2644
6619 1753
6620 1753
6621 1779
6622 1753
6623 1753
6624 1753
6625 1753
6626 1753
6627 1753
6628 1753
6629 1753
6630 1753
6631 1753
6632 2320
6633 1753
6634 1753
6635 1753
6636 2031
6637 1753
6638 1753
6639 2997
6640 1753
6641 1753
6642 1753
6643 1753
6644 1753
6645 1753
6646 1753
6647 2289
6648 1753
6649 1753
6650 1753
6651 1753
6652 1753
6653 1753
6654 1867
6655 1753
6656 1753
6657 1753
6658 1753
6659 1753
6660 1753
6661 1925
6662 1754
6663 1755
6664 1755
6665 1756
6666 1871
6667 1756
6668 2688
6669 1759
6670 1761
6671 2383
6672 1762
6673 1930
6674 1762
6675 1762
6676 2059
6677 1999
6678 1762
6679 1762
6680 1762
6681 1762
6682 1762
6683 1762
6684 2606
6685 1763
6686 1766
6687 2988
6688 2381
6689 1767
6690 1864
6691 2643
6692 3008
6693 1770
6694 1773
6695 1781
6696 1781
6697 1782
6698 2153
6699 3262
6700 2307
6701 1793
6702 1793
6703 2455
6704 1793
6705 1793
6706 1793
6707 1793
6708 1793
6709 2508
6710 1793
6711 1793
6712 1793
6713 1795
6714 2286
6715 1795
6716 2841
6717 1795
6718 1795
6719 1979
6720 1795
6721 2352
6722 1910
6723 1796
6724 1797
6725 1797
6726 1800
6727 1800
6728 1800
6729 1800
6730 1935
6731 2844
6732 3228
6733 1804
6734 1804
6735 1804
6736 1863
6737 1804
6738 1804
6739 2101
6740 1804
6741 1804
6742 1804
6743 1804
6744 3094
6745 1808
6746 1808
6747 1808
6748 1808
6749 1809
6750 1809
6751 1809
6752 1809
6753 2683
6754 1809
6755 2033
6756 1809
6757 2438
6758 1809
6759 1810
6760 1810
6761 1810
6762 1810
6763 1810
6764 3140
6765 1811
6766 1812
6767 1812
6768 1879
6769 1812
6770 1812
6771 1812
6772 1812
6773 1812
6774 1812
6775 1812
6776 2047
6777 1812
6778 1812
6779 1813
6780 1816
6781 1816
6782 2580
6783 1819
6784 3219
6785 1823
6786 1823
6787 1823
6788 1825
6789 1825
6790 1825
6791 1825
6792 3294
6793 1825
6794 1827
6795 2629
6796 2769
6797 1827
6798 1827
6799 1829
6800 1833
6801 1833
6802 1834
6803 1835
6804 1934
6805 1837
6806 3257
6807 1837
6808 1837
6809 1838
6810 1838
6811 1838
6812 1838
6813 1838
6814 1838
6815 2062
6816 1839
6817 1840
6818 1840
6819 1841
6820 1842
6821 1843
6822 2865
6823 1844
6824 1844
6825 1978
6826 1844
6827 1844
6828 2456
6829 1844
6830 1844
6831 1844
6832 1844
6833 1844
6834 1844
6835 1844
6836 1844
6837 1844
6838 2238
6839 1973
6840 1844
6841 1844
6842 1844
6843 1844
6844 1844
6845 2884
6846 2902
6847 1845
6848 1846
6849 1846
6850 1846
6851 2622
6852 1846
6853 1846
6854 3208
6855 1846
6856 2495
6857 3048
6858 1846
6859 1846
6860 1846
6861 1846
6862 1969
6863 2308
6864 1888
6865 1846
6866 1846
6867 2095
6868 1846
6869 1846
6870 1846
6871 1846
6872 1846
6873 1846
6874 1846
6875 1846
6876 1846
6877 2924
6878 1846
6879 2305
6880 1846
6881 1846
6882 2026
6883 1849
6884 1849
6885 1849
6886 1850
6887 1851
6888 2941
6889 1851
6890 1851
6891 1851
6892 1851
6893 1851
6894 1851
6895 2609
6896 1982
6897 1851
6898 3211
6899 2514
6900 1851
6901 1852
6902 1852
6903 1852
6904 1852
6905 1852
6906 1852
6907 1852
6908 1852
6909 1852
6910 1852
6911 1852
6912 2034
6913 2406
6914 1852
6915 1852
6916 1852
6917 1852
6918 1855
6919 1856
6920 1856
6921 1856
6922 1858
6923 1861
6924 1861
6925 1864
6926 1865
6927 1974
6928 2536
6929 2532
6930 1869
6931 2872
6932 1871
6933 1872
6934 2819
6935 1876
6936 1877
6937 1877
6938 2179
6939 1878
6940 1968
6941 1878
6942 1878
6943 1962
6944 1878
6945 1879
6946 2985
6947 1879
6948 1880
6949 1882
6950 1885
6951 1885
6952 1885
6953 1887
6954 1888
6955 1888
6956 1888
6957 1888
6958 2916
6959 2016
6960 3017
6961 1888
6962 1888
6963 1888
6964 1888
6965 1888
6966 2093
6967 1888
6968 1889
6969 3055
6970 1897
6971 1897
6972 1898
6973 1899
6974 1900
6975 2655
6976 1901
6977 1901
6978 2423
6979 2544
6980 2588
6981 1901
6982 2205
6983 1901
6984 1901
6985 1909
6986 3179
6987 1910
6988 3150
6989 1911
6990 1911
6991 1912
6992 1912
6993 1912
6994 1913
6995 1917
6996 2109
6997 1918
6998 1918
6999 2912
7000 1918
7001 1918
7002 1918
7003 1918
7004 1919
7005 2674
7006 1921
7007 2758
7008 1921
7009 1923
7010 1923
7011 1923
7012 1923
7013 1923
7014 1923
7015 1970
7016 1923
7017 1923
7018 1924
7019 1927
7020 1929
7021 1929
7022 1929
7023 2404
7024 2421
7025 2255
7026 1932
7027 1932
7028 1932
7029 1932
7030 1933
7031 1933
7032 1934
7033 2376
7034 1935
7035 1936
7036 1937
7037 1998
7038 2335
7039 1943
7040 1945
7041 3065
7042 1984
7043 1951
7044 1952
7045 1952
7046 1952
7047 2480
7048 1954
7049 1954
7050 1954
7051 1954
7052 1954
7053 1954
7054 1955
7055 1955
7056 1955
7057 1956
7058 1957
7059 1957
7060 1958
7061 1963
7062 1966
7063 2143
7064 1968
7065 1969
7066 1969
7067 1969
7068 1969
7069 2199
7070 2013
7071 1969
7072 1970
7073 1970
7074 1970
7075 2229
7076 1972
7077 3107
7078 1972
7079 1972
7080 1973
7081 1973
7082 1973
7083 1974
7084 1974
7085 1974
7086 1976
7087 1976
7088 1976
7089 1976
7090 1979
7091 2355
7092 1980
7093 1982
7094 1982
7095 1982
7096 1982
7097 1983
7098 1983
7099 1983
7100 1983
7101 1983
7102 1986
7103 3026
7104 1991
7105 1991
7106 2120
7107 1991
7108 1991
7109 1992
7110 1996
7111 1996
7112 1996
7113 1996
7114 1996
7115 1996
7116 1996
7117 1996
7118 1999
7119 1999
7120 1999
7121 1999
7122 1999
7123 1999
7124 2864
7125 1999
7126 2155
7127 1999
7128 2776
7129 1999
7130 1999
7131 2348
7132 2929
7133 1999
7134 1999
7135 1999
7136 1999
7137 2763
7138 1999
7139 1999
7140 1999
7141 2140
7142 3056
7143 2001
7144 2003
7145 2003
7146 2003
7147 2003
7148 2003
7149 2003
7150 2170
7151 2416
7152 2003
7153 3218
7154 2605
7155 2729
7156 2003
7157 2003
7158 2003
7159 2003
7160 2696
7161 2850
7162 2003
7163 2004
7164 2004
7165 2004
7166 2004
7167 2607
7168 2004
7169 2004
7170 2128
7171 2004
7172 2004
7173 2628
7174 2011
7175 2011
7176 2011
7177 2011
7178 2017
7179 2017
7180 2017
7181 2017
7182 2278
7183 2018
7184 2019
7185 3190
7186 2274
7187 2019
7188 2019
7189 2019
7190 2019
7191 2019
7192 2019
7193 2189
7194 2019
7195 2019
7196 2399
7197 2019
7198 2980
7199 2188
7200 2019
7201 2019
7202 2019
7203 2019
7204 2019
7205 2019
7206 2019
7207 2019
7208 2019
7209 2019
7210 2699
7211 2019
7212 2019
7213 2019
7214 2019
7215 2019
7216 2019
7217 2107
7218 2021
7219 2022
7220 2022
7221 2721
7222 2572
7223 2024
7224 2026
7225 2029
7226 2034
7227 2798
7228 2034
7229 2247
7230 2034
7231 2041
7232 2809
7233 2034
7234 2037
7235 2038
7236 2190
7237 2038
7238 2040
7239 2040
7240 2041
7241 2043
7242 2044
7243 2044
7244 2730
7245 2044
7246 2044
7247 2269
7248 2047
7249 2047
7250 2047
7251 2047
7252 2049
7253 2049
7254 2512
7255 2051
7256 2051
7257 2052
7258 2150
7259 2054
7260 2054
7261 2054
7262 2054
7263 2982
7264 2054
7265 2054
7266 2054
7267 2054
7268 2331
7269 3004
7270 2054
7271 2054
7272 2054
7273 3059
7274 2054
7275 2055
7276 2055
7277 2489
7278 2057
7279 2663
7280 2061
7281 2061
7282 2479
7283 2065
7284 2066
7285 2066
7286 2066
7287 2066
7288 2068
7289 3256
7290 2073
7291 2073
7292 2073
7293 2073
7294 2073
7295 2074
7296 2074
7297 2074
7298 2074
7299 3009
7300 3224
7301 2074
7302 2074
7303 2074
7304 2074
7305 2074
7306 3047
7307 2074
7308 2074
7309 2074
7310 2194
7311 2074
7312 3084
7313 2074
7314 2759
7315 2075
7316 2075
7317 2075
7318 2076
7319 2963
7320 2077
7321 2847
7322 2078
7323 2078
7324 2078
7325 3116
7326 2078
7327 2080
7328 2082
7329 2082
7330 2082
7331 2082
7332 2082
7333 2082
7334 2082
7335 2082
7336 2082
7337 2082
7338 2082
7339 2082
7340 2082
7341 2082
7342 2082
7343 2082
7344 2082
7345 2082
7346 2082
7347 2082
7348 2082
7349 2082
7350 2403
7351 2082
7352 2082
7353 2948
7354 2407
7355 2764
7356 2084
7357 2087
7358 2360
7359 2088
7360 2277
7361 2089
7362 3089
7363 2090
7364 2467
7365 2092
7366 2092
7367 2092
7368 2093
7369 2095
7370 2095
7371 2096
7372 2096
7373 2096
7374 2096
7375 2096
7376 2096
7377 2097
7378 2097
7379 2097
7380 2097
7381 2099
7382 2762
7383 2099
7384 2099
7385 2099
7386 2099
7387 2099
7388 2099
7389 2099
7390 2100
7391 2100
7392 2100
7393 2100
7394 2100
7395 2975
7396 2100
7397 2100
7398 2100
7399 2100
7400 2101
7401 2101
7402 2101
7403 2102
7404 2999
7405 2102
7406 2102
7407 2392
7408 2102
7409 2102
7410 2102
7411 2102
7412 2236
7413 2102
7414 2102
7415 2102
7416 2104
7417 2104
7418 2633
7419 2104
7420 2104
7421 3191
7422 2104
7423 2104
7424 2104
7425 2104
7426 2104
7427 2104
7428 2108
7429 2108
7430 2108
7431 2108
7432 2110
7433 2777
7434 2272
7435 2115
7436 2115
7437 2115
7438 3132
7439 2115
7440 2115
7441 2115
7442 2503
7443 2116
7444 2490
7445 2118
7446 2118
7447 2118
7448 2118
7449 2118
7450 2118
7451 2118
7452 2118
7453 2118
7454 2118
7455 2120
7456 2120
7457 2120
7458 2120
7459 2768
7460 2816
7461 2120
7462 2523
7463 2120
7464 2531
7465 2120
7466 2120
7467 2120
7468 2122
7469 2937
7470 3273
7471 2124
7472 2124
7473 2124
7474 3058
7475 2124
7476 2124
7477 2124
7478 2124
7479 2124
7480 2130
7481 2132
7482 2134
7483 3088
7484 2136
7485 2136
7486 2136
7487 2518
7488 2136
7489 2136
7490 2510
7491 2136
7492 2136
7493 2139
7494 2140
7495 2143
7496 2695
7497 2379
7498 3138
7499 2147
7500 2824
7501 2159
7502 2148
7503 2208
7504 2152
7505 2152
7506 2153
7507 2153
7508 2511
7509 2153
7510 2154
7511 2154
7512 3152
7513 2155
7514 2876
7515 2155
7516 2156
7517 2156
7518 2157
7519 2157
7520 2157
7521 2157
7522 2157
7523 2614
7524 2159
7525 2159
7526 2160
7527 2162
7528 2162
7529 2164
7530 2547
7531 2166
7532 2167
7533 2167
7534 2167
7535 2167
7536 2167
7537 2169
7538 2169
7539 2169
7540 2345
7541 2169
7542 2169
7543 2169
7544 2821
7545 2171
7546 2171
7547 2662
7548 2171
7549 2171
7550 2171
7551 2171
7552 2172
7553 2174
7554 2174
7555 2174
7556 2174
7557 2177
7558 2211
7559 2178
7560 2178
7561 2180
7562 2180
7563 2180
7564 2180
7565 2799
7566 2180
7567 2180
7568 2891
7569 2180
7570 2180
7571 2180
7572 2180
7573 2180
7574 2180
7575 2180
7576 2186
7577 2186
7578 2186
7579 2186
7580 2188
7581 2189
7582 2647
7583 2189
7584 2189
7585 2189
7586 3037
7587 2189
7588 2189
7589 2189
7590 2194
7591 2195
7592 2195
7593 2196
7594 2198
7595 2198
7596 2198
7597 2198
7598 3063
7599 2198
7600 2342
7601 2198
7602 2198
7603 2198
7604 2198
7605 2198
7606 2198
7607 2198
7608 2198
7609 2499
7610 2198
7611 2198
7612 2200
7613 2201
7614 2203
7615 2203
7616 2726
7617 2727
7618 2203
7619 2204
7620 2205
7621 2205
7622 2206
7623 2206
7624 2206
7625 2206
7626 2207
7627 2207
7628 2207
7629 2207
7630 2208
7631 2209
7632 2276
7633 2213
7634 2214
7635 2590
7636 2214
7637 2214
7638 2214
7639 2219
7640 2219
7641 2219
7642 2219
7643 2219
7644 2270
7645 2219
7646 2219
7647 2219
7648 3044
7649 3201
7650 2219
7651 2219
7652 2220
7653 2222
7654 2223
7655 2226
7656 2226
7657 2842
7658 2229
7659 2231
7660 2231
7661 2231
7662 2231
7663 2231
7664 2561
7665 2231
7666 2231
7667 2232
7668 2232
7669 2234
7670 2234
7671 2234
7672 2234
7673 3170
7674 2718
7675 2680
7676 2239
7677 2239
7678 2239
7679 2240
7680 2243
7681 3031
7682 2243
7683 2243
7684 2794
7685 2243
7686 2297
7687 2243
7688 2243
7689 2641
7690 2243
7691 2243
7692 2243
7693 2893
7694 2243
7695 2243
7696 2243
7697 2243
7698 2243
7699 2287
7700 2243
7701 3135
7702 2243
7703 3032
7704 2962
7705 2243
7706 2243
7707 2243
7708 3018
7709 2524
7710 2432
7711 2243
7712 2243
7713 2243
7714 3070
7715 2243
7716 2243
7717 2243
7718 2243
7719 2243
7720 2243
7721 2243
7722 2291
7723 2862
7724 2243
7725 2259
7726 3215
7727 2248
7728 2248
7729 2252
7730 2879
7731 2252
7732 2253
7733 2256
7734 2257
7735 2298
7736 2370
7737 2654
7738 2260
7739 2260
7740 2526
7741 2260
7742 2620
7743 2303
7744 2264
7745 2264
7746 2266
7747 2266
7748 2266
7749 2267
7750 2796
7751 2268
7752 2268
7753 2268
7754 2268
7755 2268
7756 2268
7757 2268
7758 2732
7759 2268
7760 2268
7761 2984
7762 2268
7763 2268
7764 2268
7765 2408
7766 2268
7767 2968
7768 2268
7769 2268
7770 2268
7771 2268
7772 3203
7773 2268
7774 2268
7775 2268
7776 2268
7777 2268
7778 2268
7779 2268
7780 2454
7781 2268
7782 2268
7783 2268
7784 2268
7785 3240
7786 2268
7787 2268
7788 3178
7789 2268
7790 2268
7791 2587
7792 2268
7793 3187
7794 2540
7795 2268
7796 2268
7797 2268
7798 2268
7799 2268
7800 2268
7801 2738
7802 2268
7803 2268
7804 2268
7805 2268
7806 2506
7807 2268
7808 2268
7809 2268
7810 2268
7811 2268
7812 2268
7813 2268
7814 2268
7815 2269
7816 2270
7817 2270
7818 2270
7819 2270
7820 2429
7821 2272
7822 2272
7823 2563
7824 2272
7825 2272
7826 2276
7827 2276
7828 2276
7829 2276
7830 2276
7831 2276
7832 2276
7833 2276
7834 2276
7835 2281
7836 2910
7837 2281
7838 2281
7839 2281
7840 2281
7841 2283
7842 2562
7843 2287
7844 2287
7845 2287
7846 2287
7847 2291
7848 2293
7849 2294
7850 2295
7851 2297
7852 2297
7853 2297
7854 2297
7855 2297
7856 2297
7857 2297
7858 2297
7859 2298
7860 2298
7861 2298
7862 2753
7863 2299
7864 2300
7865 2303
7866 2303
7867 2303
7868 2303
7869 2603
7870 2303
7871 2303
7872 2304
7873 2304
7874 2304
7875 2304
7876 2304
7877 2304
7878 2305
7879 2305
7880 2305
7881 2848
7882 2484
7883 2308
7884 2309
7885 2310
7886 2310
7887 2310
7888 2311
7889 2313
7890 2313
7891 2314
7892 2314
7893 2543
7894 2314
7895 2314
7896 2314
7897 2584
7898 2314
7899 2314
7900 2911
7901 2316
7902 3060
7903 2621
7904 2319
7905 2319
7906 2320
7907 2320
7908 2995
7909 2324
7910 2324
7911 2324
7912 2327
7913 2328
7914 2328
7915 2329
7916 2329
7917 2329
7918 2330
7919 2330
7920 2330
7921 2330
7922 2761
7923 2332
7924 2332
7925 2333
7926 2333
7927 2338
7928 2340
7929 2341
7930 2343
7931 2345
7932 2348
7933 2348
7934 2349
7935 2349
7936 2353
7937 2353
7938 2353
7939 2353
7940 2385
7941 2353
7942 2353
7943 3207
7944 2353
7945 2353
7946 2353
7947 2353
7948 2353
7949 2353
7950 3113
7951 3274
7952 2353
7953 2355
7954 2369
7955 2357
7956 3137
7957 2360
7958 2362
7959 2362
7960 2362
7961 2362
7962 2362
7963 2362
7964 2780
7965 2362
7966 2362
7967 2446
7968 2362
7969 2453
7970 2362
7971 2362
7972 2362
7973 2362
7974 2362
7975 2362
7976 2362
7977 2362
7978 2365
7979 2367
7980 2367
7981 2367
7982 2367
7983 2370
7984 2370
7985 2370
7986 2370
7987 2370
7988 2370
7989 2370
7990 2370
7991 2370
7992 3125
7993 2370
7994 3082
7995 2370
7996 2370
7997 2370
7998 2370
7999 2370
8000 2370
8001 2370
8002 2370
8003 2370
8004 2370
8005 2370
8006 3131
8007 3234
8008 2874
8009 2370
8010 2370
8011 2370
8012 2370
8013 2370
8014 2608
8015 2370
8016 3134
8017 2545
8018 2414
8019 2370
8020 2371
8021 2374
8022 2374
8023 2375
8024 2376
8025 2379
8026 2380
8027 2380
8028 2380
8029 2742
8030 2386
8031 2457
8032 2386
8033 2386
8034 2392
8035 2392
8036 2392
8037 2392
8038 2392
8039 2392
8040 2393
8041 2393
8042 2393
8043 2933
8044 2393
8045 2393
8046 2393
8047 2393
8048 2394
8049 2394
8050 2394
8051 2395
8052 2395
8053 2927
8054 2396
8055 2396
8056 2397
8057 2397
8058 2402
8059 2402
8060 2402
8061 2402
8062 2403
8063 2403
8064 2403
8065 2403
8066 3238
8067 2403
8068 2591
8069 2403
8070 2403
8071 2403
8072 2405
8073 2517
8074 2408
8075 2408
8076 2408
8077 2408
8078 2410
8079 2411
8080 2987
8081 2411
8082 2411
8083 2413
8084 2413
8085 2413
8086 2413
8087 2417
8088 3270
8089 2419
8090 2421
8091 2421
8092 2940
8093 2421
8094 2421
8095 3251
8096 2422
8097 2424
8098 2424
8099 2424
8100 2424
8101 2424
8102 2424
8103 3161
8104 2424
8105 2424
8106 2424
8107 2424
8108 2557
8109 2529
8110 2424
8111 2425
8112 2425
8113 2428
8114 2428
8115 2428
8116 2428
8117 2428
8118 2429
8119 2431
8120 2431
8121 2431
8122 2434
8123 2436
8124 2436
8125 2437
8126 2438
8127 2438
8128 2438
8129 2438
8130 2438
8131 2438
8132 2438
8133 2438
8134 2438
8135 2438
8136 2438
8137 3042
8138 2438
8139 2438
8140 2438
8141 2438
8142 2673
8143 2438
8144 2438
8145 2438
8146 2438
8147 2438
8148 2440
8149 2440
8150 2440
8151 2440
8152 2889
8153 3281
8154 2440
8155 2666
8156 2443
8157 2443
8158 2443
8159 2443
8160 2443
8161 2443
8162 2443
8163 2630
8164 2869
8165 2445
8166 3145
8167 2449
8168 2931
8169 2455
8170 2455
8171 2455
8172 2455
8173 2455
8174 2456
8175 2456
8176 3075
8177 2456
8178 2456
8179 2461
8180 2461
8181 2463
8182 2463
8183 2467
8184 2468
8185 2873
8186 2470
8187 2472
8188 2472
8189 2472
8190 2472
8191 2475
8192 2476
8193 2476
8194 2996
8195 2477
8196 2479
8197 3109
8198 2480
8199 2480
8200 2480
8201 3267
8202 2483
8203 2483
8204 2484
8205 2484
8206 2488
8207 2500
8208 2503
8209 2504
8210 2505
8211 2505
8212 2508
8213 2511
8214 2512
8215 2513
8216 2513
8217 2513
8218 3015
8219 2513
8220 2513
8221 2513
8222 2709
8223 2513
8224 2513
8225 2513
8226 2513
8227 2513
8228 2513
8229 2513
8230 3266
8231 2515
8232 2515
8233 2930
8234 2515
8235 2517
8236 2517
8237 2520
8238 2525
8239 2522
8240 2669
8241 2522
8242 2523
8243 2523
8244 2523
8245 2523
8246 2523
8247 2523
8248 2523
8249 2523
8250 2524
8251 2525
8252 2525
8253 2525
8254 2525
8255 2525
8256 2525
8257 2525
8258 2525
8259 2525
8260 2525
8261 2525
8262 2532
8263 2532
8264 2533
8265 2533
8266 2533
8267 2533
8268 2533
8269 2533
8270 2533
8271 2533
8272 2533
8273 2533
8274 2533
8275 2535
8276 3062
8277 2544
8278 2544
8279 2544
8280 2544
8281 2544
8282 2546
8283 2546
8284 2658
8285 2611
8286 2547
8287 2547
8288 2548
8289 2548
8290 2550
8291 2550
8292 2550
8293 2550
8294 2551
8295 2998
8296 2551
8297 2551
8298 3285
8299 2551
8300 2551
8301 2551
8302 2552
8303 2553
8304 2553
8305 2555
8306 2557
8307 2558
8308 2561
8309 2845
8310 2561
8311 2561
8312 2561
8313 2564
8314 2565
8315 2565
8316 2565
8317 2604
8318 2565
8319 2565
8320 2565
8321 2565
8322 2565
8323 2566
8324 3239
8325 2570
8326 2573
8327 2573
8328 2573
8329 2574
8330 2576
8331 2577
8332 2757
8333 2580
8334 2580
8335 2580
8336 2580
8337 2580
8338 2580
8339 2580
8340 2580
8341 2580
8342 2580
8343 2580
8344 2580
8345 2580
8346 2580
8347 2580
8348 2580
8349 2580
8350 2580
8351 2580
8352 2580
8353 2580
8354 2580
8355 2580
8356 2580
8357 2580
8358 2580
8359 2580
8360 2580
8361 2580
8362 2580
8363 2580
8364 2580
8365 2580
8366 2580
8367 2580
8368 2580
8369 2580
8370 2580
8371 2580
8372 3277
8373 2580
8374 2580
8375 2580
8376 2582
8377 2584
8378 2584
8379 2584
8380 2584
8381 3220
8382 2602
8383 2589
8384 2589
8385 2589
8386 2589
8387 2592
8388 2595
8389 2598
8390 2598
8391 2751
8392 2598
8393 2598
8394 3020
8395 2599
8396 2599
8397 2599
8398 2599
8399 2602
8400 2602
8401 2602
8402 2602
8403 2602
8404 2973
8405 2603
8406 2603
8407 2603
8408 2603
8409 2604
8410 2604
8411 2604
8412 2604
8413 2604
8414 2608
8415 2608
8416 2608
8417 2609
8418 2611
8419 2611
8420 2611
8421 2613
8422 2613
8423 2613
8424 3171
8425 2614
8426 2614
8427 2614
8428 2734
8429 2614
8430 2614
8431 2614
8432 2614
8433 2614
8434 2614
8435 2614
8436 2614
8437 2614
8438 2616
8439 2900
8440 2618
8441 2698
8442 2618
8443 2618
8444 2620
8445 2621
8446 2623
8447 2623
8448 2623
8449 2623
8450 2623
8451 2623
8452 2623
8453 2623
8454 2624
8455 2624
8456 2624
8457 2624
8458 2624
8459 2625
8460 2625
8461 2628
8462 3128
8463 2628
8464 2628
8465 2628
8466 2628
8467 2628
8468 2629
8469 2629
8470 2629
8471 2629
8472 2629
8473 2629
8474 2630
8475 2926
8476 2923
8477 2636
8478 2636
8479 2636
8480 2636
8481 2636
8482 2638
8483 2638
8484 2638
8485 2638
8486 2638
8487 2638
8488 2638
8489 2638
8490 2639
8491 2639
8492 2640
8493 2641
8494 2641
8495 2642
8496 2642
8497 2642
8498 2642
8499 2642
8500 2642
8501 2642
8502 2642
8503 2642
8504 2642
8505 2642
8506 2642
8507 3143
8508 2644
8509 2645
8510 2646
8511 2646
8512 2646
8513 3255
8514 2647
8515 3157
8516 2647
8517 2647
8518 2647
8519 2647
8520 2647
8521 2827
8522 2647
8523 2647
8524 2647
8525 2649
8526 2652
8527 2652
8528 2655
8529 2655
8530 2655
8531 2655
8532 2866
8533 2655
8534 2657
8535 2658
8536 2807
8537 2658
8538 2658
8539 2659
8540 2659
8541 2659
8542 2659
8543 2661
8544 2661
8545 2661
8546 2661
8547 2661
8548 2661
8549 2661
8550 2661
8551 2661
8552 2661
8553 2661
8554 2661
8555 3147
8556 2661
8557 2661
8558 2661
8559 3077
8560 2662
8561 2662
8562 2662
8563 2662
8564 2663
8565 2665
8566 2665
8567 2665
8568 2666
8569 2668
8570 2669
8571 2670
8572 2672
8573 2673
8574 2673
8575 2673
8576 2673
8577 2680
8578 3153
8579 2681
8580 2681
8581 2681
8582 2684
8583 2684
8584 2685
8585 2688
8586 2688
8587 2688
8588 2688
8589 3213
8590 2690
8591 2692
8592 2697
8593 2699
8594 2699
8595 2700
8596 2700
8597 2700
8598 2700
8599 2700
8600 2700
8601 2700
8602 2700
8603 2700
8604 2700
8605 2700
8606 2700
8607 2700
8608 2700
8609 2966
8610 2702
8611 2704
8612 2704
8613 2704
8614 2704
8615 2704
8616 2704
8617 2704
8618 2704
8619 2704
8620 2704
8621 2704
8622 2704
8623 2704
8624 2704
8625 2704
8626 2704
8627 2704
8628 2710
8629 2710
8630 2710
8631 2710
8632 2710
8633 2710
8634 2710
8635 2710
8636 2712
8637 2713
8638 2713
8639 2713
8640 2715
8641 2716
8642 2716
8643 2716
8644 2717
8645 2717
8646 2720
8647 2720
8648 2720
8649 2720
8650 2720
8651 2720
8652 3027
8653 2720
8654 2720
8655 2721
8656 2721
8657 2725
8658 2725
8659 2725
8660 3259
8661 2726
8662 2726
8663 2726
8664 2726
8665 2726
8666 2917
8667 2728
8668 2729
8669 2729
8670 2729
8671 2729
8672 2730
8673 2731
8674 2955
8675 2734
8676 2734
8677 3212
8678 2739
8679 2741
8680 3095
8681 2741
8682 2741
8683 2741
8684 2741
8685 2741
8686 2741
8687 2741
8688 2741
8689 2741
8690 2741
8691 2741
8692 3279
8693 2741
8694 2741
8695 2806
8696 2741
8697 2741
8698 2741
8699 2742
8700 2745
8701 2745
8702 3127
8703 2745
8704 2748
8705 2748
8706 2749
8707 2749
8708 2749
8709 2749
8710 2749
8711 2749
8712 2749
8713 2751
8714 2753
8715 2753
8716 2881
8717 2753
8718 2757
8719 2757
8720 2759
8721 2759
8722 2759
8723 2759
8724 2760
8725 2760
8726 2763
8727 2763
8728 2763
8729 2765
8730 2981
8731 2769
8732 2769
8733 2769
8734 2769
8735 2769
8736 2773
8737 2773
8738 2773
8739 2773
8740 2773
8741 2773
8742 2800
8743 2773
8744 2773
8745 2773
8746 2773
8747 2774
8748 2775
8749 2775
8750 2775
8751 2775
8752 2775
8753 2775
8754 2775
8755 2775
8756 2775
8757 2776
8758 2934
8759 2778
8760 2778
8761 2778
8762 2780
8763 2936
8764 2780
8765 2780
8766 2780
8767 2780
8768 2780
8769 2780
8770 2780
8771 2780
8772 2780
8773 2780
8774 2780
8775 2780
8776 2780
8777 2780
8778 2780
8779 2780
8780 2782
8781 2782
8782 2782
8783 2782
8784 2782
8785 2782
8786 2782
8787 2782
8788 2783
8789 2784
8790 2784
8791 2785
8792 2786
8793 2788
8794 2788
8795 2790
8796 2791
8797 2791
8798 2791
8799 2791
8800 3295
8801 2791
8802 2791
8803 2792
8804 2793
8805 2794
8806 2794
8807 2794
8808 2794
8809 2794
8810 2794
8811 2795
8812 2796
8813 2797
8814 3210
8815 2797
8816 2797
8817 2797
8818 3112
8819 2798
8820 2798
8821 2798
8822 2800
8823 2800
8824 2979
8825 2800
8826 2800
8827 2800
8828 2801
8829 3264
8830 2803
8831 2805
8832 2805
8833 2805
8834 2805
8835 2806
8836 2806
8837 2808
8838 3130
8839 2993
8840 2809
8841 2809
8842 2809
8843 2809
8844 3199
8845 2809
8846 2809
8847 2810
8848 2811
8849 2812
8850 2812
8851 2812
8852 3022
8853 2812
8854 2812
8855 2812
8856 2812
8857 2945
8858 2812
8859 2813
8860 2815
8861 2815
8862 2815
8863 2815
8864 2815
8865 2815
8866 2815
8867 2815
8868 2815
8869 2815
8870 2815
8871 2815
8872 2815
8873 2815
8874 2817
8875 3051
8876 2820
8877 2820
8878 2821
8879 2821
8880 2821
8881 2822
8882 2822
8883 2823
8884 2823
8885 3046
8886 2826
8887 2826
8888 2826
8889 2826
8890 2826
8891 2826
8892 2826
8893 2826
8894 2826
8895 2826
8896 2826
8897 2826
8898 2826
8899 2826
8900 2826
8901 2826
8902 2826
8903 2826
8904 2826
8905 2826
8906 2826
8907 2826
8908 2826
8909 2826
8910 2826
8911 2826
8912 2826
8913 2826
8914 2826
8915 3202
8916 2826
8917 2826
8918 2826
8919 2826
8920 2826
8921 2826
8922 3198
8923 2826
8924 2918
8925 2826
8926 2826
8927 2826
8928 2826
8929 2826
8930 2826
8931 2826
8932 2826
8933 2826
8934 2826
8935 2826
8936 2826
8937 2870
8938 2826
8939 3226
8940 2976
8941 2826
8942 2826
8943 2826
8944 2826
8945 2974
8946 2826
8947 2835
8948 2826
8949 2826
8950 2826
8951 2826
8952 2826
8953 2826
8954 2826
8955 2826
8956 2826
8957 2826
8958 2826
8959 2827
8960 2833
8961 2833
8962 2838
8963 2839
8964 2840
8965 2840
8966 2840
8967 2840
8968 2841
8969 2842
8970 2842
8971 2842
8972 2842
8973 2842
8974 2848
8975 2850
8976 2851
8977 2852
8978 2856
8979 2856
8980 2857
8981 2857
8982 2858
8983 2860
8984 2860
8985 2861
8986 2861
8987 2861
8988 2861
8989 2861
8990 2861
8991 2861
8992 2862
8993 2862
8994 2862
8995 2862
8996 2862
8997 2862
8998 2862
8999 2862
9000 2862
9001 2896
9002 2862
9003 2862
9004 2862
9005 2862
9006 2862
9007 2862
9008 2862
9009 2862
9010 2862
9011 2862
9012 2862
9013 2862
9014 2862
9015 2862
9016 2862
9017 2862
9018 2862
9019 2863
9020 2862
9021 2862
9022 2862
9023 2862
9024 2862
9025 2862
9026 2862
9027 2862
9028 2862
9029 2862
9030 2862
9031 2862
9032 2862
9033 2862
9034 2862
9035 2864
9036 2864
9037 2865
9038 2865
9039 2865
9040 2865
9041 2865
9042 2865
9043 2865
9044 2865
9045 2865
9046 2865
9047 2865
9048 2865
9049 2865
9050 2865
9051 2865
9052 2866
9053 2866
9054 2867
9055 2867
9056 2871
9057 2871
9058 2871
9059 2871
9060 2872
9061 2872
9062 2873
9063 2873
9064 2874
9065 2874
9066 2874
9067 2874
9068 2874
9069 2876
9070 2876
9071 2876
9072 2877
9073 2877
9074 2877
9075 2877
9076 2878
9077 2878
9078 2878
9079 2878
9080 2879
9081 2882
9082 2882
9083 2883
9084 3254
9085 2883
9086 2883
9087 2883
9088 2883
9089 2887
9090 2887
9091 2887
9092 2887
9093 2887
9094 2887
9095 2887
9096 2887
9097 2887
9098 2888
9099 2888
9100 2888
9101 2888
9102 2888
9103 2888
9104 2896
9105 2896
9106 2897
9107 2897
9108 2897
9109 2897
9110 2898
9111 2898
9112 2898
9113 2898
9114 2943
9115 2898
9116 2901
9117 3039
9118 2901
9119 2903
9120 2905
9121 2907
9122 2907
9123 2907
9124 2908
9125 2910
9126 2910
9127 2910
9128 2910
9129 2913
9130 2915
9131 2915
9132 2915
9133 2925
9134 2915
9135 2915
9136 3030
9137 2915
9138 2915
9139 2915
9140 2915
9141 2915
9142 2915
9143 2915
9144 2915
9145 2915
9146 2915
9147 2915
9148 2915
9149 3101
9150 2960
9151 2915
9152 2915
9153 2915
9154 2915
9155 3045
9156 2915
9157 2915
9158 2915
9159 2915
9160 2915
9161 2915
9162 2915
9163 2915
9164 2916
9165 2918
9166 2920
9167 2920
9168 2923
9169 2923
9170 2923
9171 2923
9172 2924
9173 2924
9174 2924
9175 2924
9176 2926
9177 2928
9178 2928
9179 2928
9180 2928
9181 2928
9182 2928
9183 2928
9184 2928
9185 2929
9186 2930
9187 2930
9188 2930
9189 2930
9190 2930
9191 2930
9192 2930
9193 2930
9194 2932
9195 2933
9196 2933
9197 2933
9198 2933
9199 2934
9200 2934
9201 2935
9202 2936
9203 2937
9204 2937
9205 2937
9206 2938
9207 2941
9208 2941
9209 2942
9210 2942
9211 2942
9212 2942
9213 2942
9214 2942
9215 2942
9216 3105
9217 2942
9218 2942
9219 2942
9220 2942
9221 2943
9222 2945
9223 2945
9224 2945
9225 2945
9226 2945
9227 2946
9228 2946
9229 3028
9230 2946
9231 3104
9232 2946
9233 2946
9234 2946
9235 2946
9236 2946
9237 2946
9238 2946
9239 2946
9240 2946
9241 2947
9242 3196
9243 2950
9244 3154
9245 2951
9246 2951
9247 2951
9248 2951
9249 2951
9250 2951
9251 2951
9252 2951
9253 2951
9254 2952
9255 2953
9256 2958
9257 2959
9258 2962
9259 2964
9260 2964
9261 2964
9262 2967
9263 2967
9264 2967
9265 2967
9266 2967
9267 2970
9268 2970
9269 2970
9270 3079
9271 2970
9272 2970
9273 2971
9274 3146
9275 2971
9276 2971
9277 2971
9278 2971
9279 2971
9280 2971
9281 2971
9282 2973
9283 2973
9284 2974
9285 2974
9286 2974
9287 2974
9288 2975
9289 2975
9290 2976
9291 2977
9292 2977
9293 2980
9294 2982
9295 2982
9296 2983
9297 2984
9298 2984
9299 2984
9300 2986
9301 3066
9302 2986
9303 2986
9304 2986
9305 2986
9306 2986
9307 2986
9308 2986
9309 2986
9310 2986
9311 2986
9312 2986
9313 2986
9314 2986
9315 2986
9316 2991
9317 2991
9318 2991
9319 2991
9320 2991
9321 2991
9322 2992
9323 2992
9324 2993
9325 2998
9326 2998
9327 2998
9328 2998
9329 2998
9330 2998
9331 2999
9332 2999
9333 2999
9334 2999
9335 2999
9336 2999
9337 2999
9338 3142
9339 3003
9340 3085
9341 3004
9342 3007
9343 3011
9344 3011
9345 3011
9346 3011
9347 3012
9348 3012
9349 3012
9350 3014
9351 3151
9352 3019
9353 3019
9354 3021
9355 3021
9356 3022
9357 3022
9358 3022
9359 3022
9360 3022
9361 3022
9362 3025
9363 3025
9364 3025
9365 3025
9366 3025
9367 3025
9368 3025
9369 3025
9370 3025
9371 3069
9372 3026
9373 3026
9374 3026
9375 3026
9376 3026
9377 3026
9378 3026
9379 3027
9380 3029
9381 3029
9382 3029
9383 3029
9384 3029
9385 3029
9386 3030
9387 3030
9388 3030
9389 3031
9390 3057
9391 3033
9392 3033
9393 3033
9394 3037
9395 3038
9396 3038
9397 3039
9398 3039
9399 3039
9400 3039
9401 3043
9402 3044
9403 3044
9404 3214
9405 3044
9406 3044
9407 3045
9408 3046
9409 3047
9410 3048
9411 3048
9412 3050
9413 3050
9414 3050
9415 3050
9416 3050
9417 3050
9418 3053
9419 3053
9420 3053
9421 3054
9422 3055
9423 3058
9424 3058
9425 3060
9426 3061
9427 3061
9428 3061
9429 3062
9430 3062
9431 3181
9432 3064
9433 3064
9434 3064
9435 3064
9436 3067
9437 3067
9438 3067
9439 3067
9440 3068
9441 3071
9442 3071
9443 3071
9444 3071
9445 3071
9446 3071
9447 3071
9448 3195
9449 3071
9450 3071
9451 3071
9452 3071
9453 3071
9454 3071
9455 3071
9456 3071
9457 3071
9458 3071
9459 3071
9460 3071
9461 3071
9462 3071
9463 3248
9464 3071
9465 3071
9466 3071
9467 3071
9468 3071
9469 3071
9470 3071
9471 3071
9472 3071
9473 3071
9474 3071
9475 3071
9476 3071
9477 3071
9478 3071
9479 3071
9480 3071
9481 3083
9482 3071
9483 3071
9484 3071
9485 3071
9486 3071
9487 3071
9488 3071
9489 3071
9490 3071
9491 3071
9492 3071
9493 3071
9494 3071
9495 3071
9496 3071
9497 3071
9498 3071
9499 3071
9500 3071
9501 3071
9502 3071
9503 3071
9504 3071
9505 3071
9506 3071
9507 3071
9508 3071
9509 3071
9510 3071
9511 3071
9512 3071
9513 3071
9514 3071
9515 3071
9516 3071
9517 3071
9518 3071
9519 3071
9520 3071
9521 3071
9522 3194
9523 3071
9524 3071
9525 3071
9526 3073
9527 3073
9528 3073
9529 3073
9530 3073
9531 3073
9532 3073
9533 3073
9534 3073
9535 3073
9536 3073
9537 3074
9538 3074
9539 3204
9540 3074
9541 3074
9542 3074
9543 3074
9544 3074
9545 3074
9546 3075
9547 3075
9548 3075
9549 3075
9550 3075
9551 3075
9552 3075
9553 3075
9554 3075
9555 3075
9556 3075
9557 3075
9558 3075
9559 3075
9560 3075
9561 3075
9562 3075
9563 3075
9564 3075
9565 3075
9566 3075
9567 3075
9568 3075
9569 3075
9570 3075
9571 3075
9572 3075
9573 3258
9574 3078
9575 3078
9576 3079
9577 3079
9578 3079
9579 3079
9580 3080
9581 3080
9582 3081
9583 3081
9584 3087
9585 3091
9586 3091
9587 3091
9588 3091
9589 3092
9590 3093
9591 3093
9592 3093
9593 3093
9594 3094
9595 3096
9596 3097
9597 3223
9598 3099
9599 3099
9600 3099
9601 3099
9602 3099
9603 3099
9604 3099
9605 3100
9606 3100
9607 3217
9608 3103
9609 3103
9610 3103
9611 3107
9612 3108
9613 3108
9614 3108
9615 3108
9616 3108
9617 3108
9618 3108
9619 3108
9620 3108
9621 3108
9622 3108
9623 3108
9624 3108
9625 3109
9626 3110
9627 3110
9628 3261
9629 3115
9630 3115
9631 3117
9632 3117
9633 3117
9634 3117
9635 3117
9636 3117
9637 3117
9638 3117
9639 3118
9640 3118
9641 3119
9642 3241
9643 3120
9644 3133
9645 3120
9646 3120
9647 3121
9648 3121
9649 3121
9650 3123
9651 3123
9652 3123
9653 3125
9654 3127
9655 3127
9656 3127
9657 3127
9658 3127
9659 3127
9660 3127
9661 3127
9662 3127
9663 3127
9664 3127
9665 3127
9666 3128
9667 3128
9668 3128
9669 3128
9670 3128
9671 3128
9672 3128
9673 3128
9674 3128
9675 3128
9676 3130
9677 3130
9678 3130
9679 3130
9680 3130
9681 3130
9682 3130
9683 3134
9684 3134
9685 3135
9686 3136
9687 3136
9688 3136
9689 3137
9690 3137
9691 3137
9692 3138
9693 3138
9694 3138
9695 3138
9696 3138
9697 3138
9698 3138
9699 3139
9700 3142
9701 3145
9702 3145
9703 3145
9704 3145
9705 3145
9706 3146
9707 3147
9708 3147
9709 3147
9710 3149
9711 3152
9712 3152
9713 3152
9714 3152
9715 3152
9716 3152
9717 3152
9718 3152
9719 3153
9720 3153
9721 3153
9722 3153
9723 3154
9724 3154
9725 3156
9726 3157
9727 3158
9728 3158
9729 3159
9730 3160
9731 3168
9732 3168
9733 3168
9734 3168
9735 3168
9736 3168
9737 3168
9738 3168
9739 3168
9740 3168
9741 3168
9742 3171
9743 3171
9744 3171
9745 3171
9746 3172
9747 3172
9748 3175
9749 3272
9750 3177
9751 3177
9752 3177
9753 3177
9754 3177
9755 3178
9756 3178
9757 3178
9758 3178
9759 3178
9760 3179
9761 3180
9762 3180
9763 3180
9764 3180
9765 3180
9766 3180
9767 3180
9768 3180
9769 3180
9770 3180
9771 3180
9772 3180
9773 3180
9774 3182
9775 3182
9776 3182
9777 3182
9778 3182
9779 3182
9780 3186
9781 3278
9782 3187
9783 3187
9784 3187
9785 3187
9786 3271
9787 3187
9788 3187
9789 3187
9790 3187
9791 3187
9792 3187
9793 3187
9794 3187
9795 3187
9796 3187
9797 3187
9798 3187
9799 3187
9800 3187
9801 3187
9802 3187
9803 3187
9804 3187
9805 3187
9806 3187
9807 3187
9808 3188
9809 3188
9810 3191
9811 3191
9812 3194
9813 3194
9814 3194
9815 3194
9816 3196
9817 3197
9818 3202
9819 3202
9820 3202
9821 3202
9822 3206
9823 3207
9824 3216
9825 3217
9826 3217
9827 3226
9828 3226
9829 3231
9830 3226
9831 3231
9832 3231
9833 3231
9834 3231
9835 3231
9836 3231
9837 3231
9838 3231
9839 3231
9840 3231
9841 3234
9842 3234
9843 3235
9844 3236
9845 3236
9846 3236
9847 3236
9848 3237
9849 3241
9850 3241
9851 3241
9852 3241
9853 3241
9854 3242
9855 3243
9856 3243
9857 3244
9858 3245
9859 3251
9860 3251
9861 3252
9862 3252
9863 3252
9864 3257
9865 3257
9866 3257
9867 3258
9868 3258
9869 3258
9870 3259
9871 3260
9872 3260
9873 3261
9874 3261
9875 3261
9876 3261
9877 3261
9878 3261
9879 3261
9880 3261
9881 3261
9882 3261
9883 3261
9884 3261
9885 3261
9886 3261
9887 3261
9888 3261
9889 3261
9890 3261
9891 3261
9892 3261
9893 3261
9894 3261
9895 3261
9896 3261
9897 3261
9898 3261
9899 3261
9900 3261
9901 3261
9902 3261
9903 3261
9904 3261
9905 3261
9906 3261
9907 3261
9908 3261
9909 3261
9910 3261
9911 3261
9912 3263
9913 3264
9914 3264
9915 3264
9916 3264
9917 3264
9918 3264
9919 3264
9920 3264
9921 3264
9922 3264
9923 3264
9924 3264
9925 3264
9926 3264
9927 3264
9928 3264
9929 3266
9930 3266
9931 3266
9932 3266
9933 3267
9934 3269
9935 3270
9936 3270
9937 3270
9938 3270
9939 3271
9940 3271
9941 3271
9942 3271
9943 3271
9944 3271
9945 3271
9946 3271
9947 3271
9948 3271
9949 3271
9950 3272
9951 3272
9952 3275
9953 3275
9954 3275
9955 3277
9956 3280
9957 3280
9958 3280
9959 3280
9960 3280
9961 3280
9962 3280
9963 3283
9964 3283
9965 3283
9966 3283
9967 3283
9968 3283
9969 3288
9970 3288
9971 3288
9972 3288
9973 3288
9974 3289
9975 3289
9976 3289
9977 3289
9978 3289
9979 3289
9980 3289
9981 3289
9982 3289
9983 3289
9984 3289
9985 3289
9986 3289
9987 3291
9988 3291
9989 3291
9990 3292
9991 3292
9992 3292
9993 3295
9994 3295
9995 3295
9996 3295
9997 3295
9998 3295
9999 3295
