10000 9999
1 0
2 0
3 0
4 2
5 0
6 2
7 3
8 7
9 4
10 8
11 0
12 10
13 4
14 13
15 11
16 9
17 12
18 14
19 12
20 8
21 9
22 20
23 19
24 1
25 21
26 22
27 22
28 26
29 25
30 6
31 27
32 29
33 17
34 13
35 16
36 12
37 12
38 37
39 27
40 39
41 27
42 22
43 27
44 30
45 26
46 32
47 42
48 25
49 9
50 29
51 48
52 21
53 42
54 38
55 52
56 34
57 51
58 43
59 39
60 25
61 27
62 25
63 52
64 25
65 31
66 27
67 66
68 48
69 63
70 12
71 12
72 44
73 27
74 63
75 59
76 66
77 56
78 49
79 66
80 50
81 45
82 81
83 41
84 83
85 73
86 12
87 66
88 25
89 83
90 45
91 87
92 47
93 75
94 83
95 83
96 48
97 42
98 52
99 88
100 68
101 73
102 100
103 33
104 27
105 83
106 27
107 5
108 66
109 56
110 73
111 25
112 105
113 25
114 79
115 46
116 27
117 66
118 22
119 94
120 48
121 53
122 94
123 54
124 27
125 118
126 27
127 71
128 94
129 2
130 15
131 83
132 110
133 129
134 77
135 132
136 42
137 103
138 87
139 118
140 83
141 140
142 135
143 48
144 58
145 66
146 144
147 111
148 66
149 89
150 117
151 56
152 83
153 98
154 71
155 66
156 98
157 92
158 145
159 137
160 56
161 113
162 95
163 124
164 36
165 116
166 68
167 24
168 66
169 123
170 164
171 138
172 67
173 153
174 173
175 66
176 145
177 77
178 66
179 28
180 112
181 68
182 175
183 104
184 90
185 173
186 178
187 184
188 48
189 90
190 143
191 143
192 175
193 161
194 180
195 132
196 95
197 56
198 190
199 167
200 100
201 111
202 56
203 168
204 150
205 55
206 190
207 83
208 151
209 104
210 83
211 142
212 52
213 34
214 56
215 66
216 145
217 99
218 203
219 83
220 148
221 161
222 83
223 129
224 193
225 135
226 177
227 80
228 66
229 135
230 229
231 77
232 71
233 176
234 232
235 114
236 176
237 209
238 83
239 107
240 130
241 122
242 204
243 202
244 201
245 83
246 86
247 145
248 223
249 193
250 232
251 134
252 83
253 66
254 145
255 131
256 42
257 255
258 66
259 199
260 29
261 130
262 78
263 109
264 240
265 145
266 255
267 224
268 163
269 193
270 139
271 126
272 190
273 83
274 148
275 97
276 69
277 259
278 152
279 83
280 101
281 112
282 132
283 217
284 255
285 193
286 203
287 83
288 278
289 193
290 273
291 134
292 27
293 246
294 83
295 209
296 185
297 25
298 142
299 85
300 250
301 225
302 132
303 132
304 193
305 188
306 18
307 280
308 83
309 22
310 63
311 291
312 209
313 189
314 290
315 15
316 308
317 62
318 280
319 63
320 307
321 232
322 117
323 195
324 280
325 203
326 192
327 56
328 327
329 111
330 276
331 87
332 84
333 145
334 162
335 116
336 299
337 85
338 42
339 280
340 283
341 261
342 223
343 93
344 296
345 145
346 0
347 272
348 316
349 145
350 203
351 175
352 277
353 150
354 140
355 308
356 193
357 90
358 193
359 123
360 175
361 66
362 99
363 345
364 349
365 96
366 308
367 339
368 222
369 145
370 135
371 234
372 142
373 322
374 268
375 81
376 209
377 302
378 161
379 297
380 34
381 218
382 308
383 66
384 174
385 237
386 146
387 66
388 145
389 262
390 308
391 132
392 193
393 342
394 32
395 191
396 133
397 376
398 308
399 106
400 353
401 164
402 223
403 203
404 389
405 123
406 311
407 231
408 390
409 280
410 404
411 145
412 371
413 245
414 41
415 374
416 297
417 193
418 145
419 190
420 42
421 351
422 332
423 308
424 379
425 209
426 297
427 292
428 369
429 239
430 335
431 232
432 405
433 98
434 392
435 214
436 193
437 20
438 175
439 233
440 402
441 209
442 71
443 145
444 337
445 286
446 148
447 63
448 254
449 329
450 150
451 65
452 369
453 317
454 232
455 262
456 11
457 112
458 307
459 297
460 248
461 81
462 290
463 273
464 394
465 403
466 145
467 237
468 219
469 152
470 334
471 209
472 223
473 394
474 461
475 382
476 235
477 48
478 448
479 466
480 142
481 255
482 232
483 193
484 308
485 66
486 83
487 384
488 184
489 455
490 145
491 232
492 486
493 96
494 311
495 450
496 135
497 82
498 347
499 322
500 369
501 403
502 323
503 441
504 400
505 341
506 66
507 469
508 383
509 186
510 178
511 135
512 509
513 325
514 403
515 425
516 461
517 379
518 473
519 403
520 224
521 316
522 452
523 196
524 401
525 341
526 371
527 374
528 190
529 67
530 193
531 265
532 406
533 504
534 303
535 478
536 434
537 392
538 420
539 258
540 221
541 96
542 444
543 486
544 322
545 135
546 188
547 308
548 142
549 419
550 176
551 170
552 145
553 397
554 379
555 506
556 460
557 524
558 381
559 350
560 506
561 184
562 417
563 32
564 66
565 196
566 27
567 147
568 530
569 486
570 376
571 546
572 507
573 392
574 308
575 322
576 98
577 255
578 474
579 394
580 148
581 145
582 66
583 260
584 445
585 232
586 520
587 203
588 573
589 177
590 480
591 308
592 461
593 402
594 530
595 64
596 280
597 403
598 232
599 528
600 283
601 100
602 461
603 66
604 399
605 25
606 465
607 140
608 563
609 561
610 410
611 381
612 142
613 530
614 485
615 284
616 505
617 511
618 209
619 436
620 529
621 486
622 573
623 145
624 331
625 594
626 280
627 389
628 438
629 491
630 583
631 574
632 494
633 530
634 617
635 458
636 628
637 210
638 293
639 604
640 384
641 379
642 502
643 557
644 283
645 393
646 371
647 140
648 352
649 486
650 242
651 31
652 344
653 617
654 404
655 583
656 56
657 350
658 459
659 538
660 506
661 90
662 523
663 414
664 87
665 552
666 308
667 403
668 292
669 629
670 617
671 575
672 435
673 534
674 657
675 606
676 422
677 440
678 625
679 505
680 441
681 545
682 609
683 661
684 486
685 445
686 66
687 188
688 638
689 494
690 379
691 77
692 379
693 505
694 378
695 624
696 546
697 511
698 638
699 505
700 83
701 346
702 255
703 300
704 295
705 449
706 108
707 142
708 647
709 609
710 142
711 341
712 664
713 359
714 529
715 81
716 182
717 146
718 348
719 336
720 687
721 246
722 485
723 705
724 211
725 496
726 360
727 634
728 420
729 573
730 359
731 670
732 555
733 704
734 586
735 486
736 181
737 609
738 641
739 697
740 129
741 216
742 292
743 741
744 404
745 561
746 569
747 616
748 731
749 727
750 705
751 731
752 685
753 161
754 753
755 611
756 509
757 409
758 99
759 553
760 461
761 657
762 705
763 240
764 742
765 200
766 581
767 571
768 358
769 175
770 66
771 359
772 203
773 334
774 771
775 419
776 403
777 591
778 519
779 379
780 403
781 594
782 657
783 451
784 484
785 643
786 630
787 736
788 666
789 595
790 299
791 355
792 429
793 505
794 768
795 617
796 339
797 52
798 725
799 598
800 783
801 431
802 657
803 83
804 508
805 251
806 561
807 333
808 771
809 584
810 793
811 286
812 350
813 308
814 769
815 145
816 705
817 394
818 381
819 624
820 731
821 427
822 691
823 132
824 300
825 380
826 724
827 128
828 261
829 775
830 254
831 209
832 341
833 656
834 657
835 746
836 686
837 646
838 551
839 764
840 413
841 601
842 762
843 784
844 455
845 325
846 835
847 608
848 605
849 126
850 486
851 529
852 705
853 562
854 304
855 617
856 617
857 530
858 791
859 766
860 261
861 689
862 799
863 325
864 634
865 657
866 400
867 824
868 177
869 347
870 705
871 23
872 869
873 627
874 403
875 66
876 855
877 857
878 773
879 769
880 149
881 193
882 446
883 783
884 243
885 255
886 374
887 385
888 220
889 731
890 885
891 815
892 738
893 800
894 705
895 405
896 727
897 435
898 489
899 673
900 657
901 885
902 892
903 855
904 855
905 637
906 142
907 657
908 419
909 855
910 771
911 657
912 232
913 632
914 317
915 184
916 365
917 294
918 461
919 83
920 617
921 831
922 412
923 893
924 650
925 688
926 876
927 193
928 486
929 300
930 703
931 508
932 783
933 915
934 68
935 235
936 500
937 794
938 925
939 341
940 672
941 686
942 829
943 771
944 486
945 932
946 413
947 846
948 691
949 341
950 664
951 378
952 209
953 694
954 495
955 368
956 371
957 547
958 308
959 842
960 83
961 766
962 606
963 805
964 21
965 135
966 769
967 409
968 705
969 916
970 255
971 177
972 112
973 561
974 592
975 752
976 771
977 123
978 768
979 977
980 545
981 486
982 529
983 965
984 774
985 378
986 714
987 775
988 835
989 780
990 527
991 829
992 601
993 731
994 253
995 339
996 321
997 641
998 528
999 811
1000 721
1001 697
1002 165
1003 857
1004 483
1005 731
1006 893
1007 975
1008 961
1009 779
1010 240
1011 83
1012 755
1013 705
1014 297
1015 893
1016 989
1017 691
1018 813
1019 855
1020 769
1021 607
1022 64
1023 657
1024 509
1025 407
1026 665
1027 731
1028 973
1029 769
1030 419
1031 783
1032 678
1033 657
1034 691
1035 388
1036 600
1037 781
1038 573
1039 1005
1040 486
1041 657
1042 328
1043 774
1044 615
1045 892
1046 221
1047 482
1048 81
1049 701
1050 551
1051 206
1052 495
1053 666
1054 685
1055 705
1056 132
1057 815
1058 918
1059 717
1060 4
1061 1040
1062 44
1063 800
1064 885
1065 673
1066 497
1067 850
1068 998
1069 537
1070 1030
1071 1060
1072 751
1073 280
1074 252
1075 145
1076 1054
1077 772
1078 705
1079 880
1080 728
1081 322
1082 288
1083 1018
1084 209
1085 721
1086 1040
1087 428
1088 979
1089 464
1090 572
1091 630
1092 693
1093 835
1094 331
1095 1019
1096 886
1097 209
1098 561
1099 276
1100 705
1101 906
1102 505
1103 866
1104 509
1105 636
1106 403
1107 920
1108 559
1109 831
1110 164
1111 347
1112 471
1113 1015
1114 528
1115 667
1116 837
1117 673
1118 783
1119 486
1120 156
1121 525
1122 976
1123 146
1124 678
1125 816
1126 811
1127 312
1128 524
1129 1078
1130 77
1131 559
1132 517
1133 939
1134 740
1135 90
1136 773
1137 657
1138 990
1139 1054
1140 1108
1141 182
1142 534
1143 511
1144 543
1145 617
1146 674
1147 835
1148 705
1149 456
1150 735
1151 1048
1152 22
1153 664
1154 528
1155 807
1156 1023
1157 686
1158 622
1159 723
1160 561
1161 579
1162 111
1163 164
1164 961
1165 601
1166 145
1167 461
1168 230
1169 1158
1170 1044
1171 370
1172 983
1173 478
1174 493
1175 830
1176 1044
1177 846
1178 94
1179 883
1180 1065
1181 1094
1182 944
1183 875
1184 1064
1185 1034
1186 559
1187 918
1188 1165
1189 70
1190 403
1191 811
1192 940
1193 1013
1194 1024
1195 659
1196 850
1197 311
1198 142
1199 699
1200 855
1201 371
1202 394
1203 932
1204 1039
1205 1009
1206 892
1207 1084
1208 855
1209 776
1210 98
1211 297
1212 575
1213 291
1214 968
1215 624
1216 198
1217 657
1218 241
1219 686
1220 381
1221 661
1222 887
1223 911
1224 900
1225 1108
1226 391
1227 387
1228 1022
1229 776
1230 429
1231 1040
1232 823
1233 705
1234 970
1235 905
1236 1126
1237 445
1238 1123
1239 593
1240 657
1241 381
1242 855
1243 1052
1244 52
1245 257
1246 134
1247 726
1248 732
1249 567
1250 957
1251 435
1252 618
1253 986
1254 1224
1255 1156
1256 1142
1257 741
1258 1108
1259 721
1260 769
1261 693
1262 857
1263 591
1264 1139
1265 561
1266 410
1267 952
1268 1052
1269 127
1270 1256
1271 83
1272 61
1273 1158
1274 769
1275 1059
1276 870
1277 1142
1278 961
1279 116
1280 1064
1281 1266
1282 887
1283 653
1284 958
1285 161
1286 892
1287 1015
1288 1226
1289 361
1290 972
1291 113
1292 1260
1293 874
1294 769
1295 685
1296 1089
1297 732
1298 460
1299 1137
1300 1223
1301 66
1302 1289
1303 909
1304 936
1305 707
1306 487
1307 378
1308 731
1309 1074
1310 623
1311 925
1312 858
1313 723
1314 1148
1315 518
1316 354
1317 829
1318 488
1319 349
1320 1089
1321 1253
1322 60
1323 1108
1324 797
1325 546
1326 742
1327 426
1328 994
1329 142
1330 82
1331 844
1332 1064
1333 756
1334 784
1335 819
1336 201
1337 1260
1338 773
1339 1118
1340 63
1341 855
1342 1295
1343 461
1344 1276
1345 1260
1346 1200
1347 1253
1348 1125
1349 415
1350 223
1351 590
1352 1235
1353 1332
1354 566
1355 1281
1356 708
1357 66
1358 885
1359 1318
1360 624
1361 1294
1362 1196
1363 758
1364 934
1365 72
1366 693
1367 1253
1368 376
1369 66
1370 1211
1371 743
1372 1135
1373 731
1374 322
1375 1341
1376 775
1377 1368
1378 1129
1379 1232
1380 1064
1381 157
1382 899
1383 963
1384 589
1385 96
1386 1260
1387 867
1388 534
1389 1075
1390 681
1391 286
1392 1370
1393 573
1394 643
1395 1060
1396 1385
1397 844
1398 160
1399 692
1400 390
1401 855
1402 562
1403 732
1404 477
1405 871
1406 885
1407 1363
1408 1368
1409 1292
1410 1210
1411 379
1412 1258
1413 769
1414 1085
1415 1044
1416 665
1417 1230
1418 524
1419 1211
1420 734
1421 1330
1422 696
1423 410
1424 531
1425 1413
1426 615
1427 963
1428 1011
1429 840
1430 1253
1431 1401
1432 743
1433 486
1434 1155
1435 972
1436 932
1437 40
1438 381
1439 688
1440 1108
1441 1342
1442 1110
1443 1346
1444 150
1445 340
1446 977
1447 794
1448 1089
1449 1395
1450 705
1451 726
1452 1174
1453 381
1454 1435
1455 1300
1456 1160
1457 892
1458 111
1459 508
1460 183
1461 1339
1462 1260
1463 692
1464 884
1465 892
1466 893
1467 705
1468 1365
1469 1094
1470 505
1471 1260
1472 572
1473 1260
1474 1093
1475 181
1476 861
1477 1108
1478 947
1479 665
1480 1468
1481 270
1482 1114
1483 1253
1484 980
1485 1408
1486 786
1487 939
1488 1152
1489 1260
1490 1244
1491 254
1492 933
1493 610
1494 1016
1495 402
1496 887
1497 657
1498 1323
1499 1116
1500 771
1501 925
1502 1294
1503 382
1504 1435
1505 1500
1506 961
1507 160
1508 1094
1509 315
1510 973
1511 721
1512 917
1513 366
1514 910
1515 685
1516 737
1517 1263
1518 1160
1519 468
1520 430
1521 287
1522 1492
1523 1186
1524 1281
1525 961
1526 961
1527 1280
1528 594
1529 1368
1530 1117
1531 1500
1532 168
1533 1514
1534 828
1535 851
1536 1397
1537 1475
1538 1511
1539 1118
1540 1158
1541 1235
1542 443
1543 1303
1544 969
1545 772
1546 915
1547 1513
1548 1363
1549 1118
1550 1249
1551 1095
1552 1213
1553 311
1554 1129
1555 731
1556 520
1557 1381
1558 657
1559 1294
1560 1498
1561 1458
1562 731
1563 702
1564 1089
1565 1304
1566 1118
1567 1502
1568 148
1569 852
1570 1477
1571 1374
1572 1089
1573 1526
1574 1381
1575 1115
1576 705
1577 1542
1578 893
1579 1500
1580 855
1581 284
1582 1253
1583 1463
1584 837
1585 1555
1586 1463
1587 1373
1588 1399
1589 1480
1590 872
1591 1275
1592 1458
1593 1052
1594 1208
1595 322
1596 1500
1597 922
1598 1484
1599 1289
1600 1475
1601 1146
1602 1224
1603 663
1604 1294
1605 1515
1606 190
1607 1240
1608 529
1609 961
1610 918
1611 561
1612 1502
1613 1440
1614 1575
1615 578
1616 1574
1617 1253
1618 1298
1619 1479
1620 705
1621 732
1622 707
1623 486
1624 1290
1625 1087
1626 359
1627 1218
1628 705
1629 1180
1630 1022
1631 1500
1632 578
1633 1280
1634 1589
1635 1191
1636 1061
1637 793
1638 1253
1639 1272
1640 1260
1641 1396
1642 705
1643 1085
1644 1217
1645 1643
1646 1397
1647 1614
1648 887
1649 1515
1650 737
1651 1442
1652 892
1653 373
1654 1618
1655 723
1656 1151
1657 1241
1658 1287
1659 1280
1660 961
1661 1461
1662 1229
1663 622
1664 855
1665 507
1666 954
1667 788
1668 994
1669 1552
1670 1443
1671 794
1672 1435
1673 1421
1674 1089
1675 1505
1676 961
1677 1260
1678 1518
1679 1413
1680 379
1681 855
1682 648
1683 379
1684 461
1685 402
1686 769
1687 1368
1688 1266
1689 795
1690 1502
1691 882
1692 508
1693 842
1694 1585
1695 1291
1696 1071
1697 1405
1698 1660
1699 1064
1700 1678
1701 754
1702 1320
1703 575
1704 1547
1705 1343
1706 692
1707 1099
1708 490
1709 199
1710 1073
1711 1501
1712 1187
1713 1162
1714 999
1715 1020
1716 1085
1717 363
1718 788
1719 1609
1720 1200
1721 705
1722 240
1723 1267
1724 397
1725 914
1726 1431
1727 1518
1728 889
1729 1182
1730 1235
1731 847
1732 187
1733 1691
1734 1435
1735 1081
1736 1719
1737 1699
1738 721
1739 1198
1740 711
1741 1281
1742 693
1743 1737
1744 1500
1745 1494
1746 642
1747 1674
1748 1044
1749 885
1750 266
1751 657
1752 1349
1753 1149
1754 509
1755 1153
1756 649
1757 1447
1758 843
1759 362
1760 1527
1761 1116
1762 1383
1763 873
1764 1502
1765 1127
1766 136
1767 1652
1768 1260
1769 394
1770 1737
1771 627
1772 1714
1773 1675
1774 1455
1775 1363
1776 1398
1777 1413
1778 1253
1779 654
1780 1260
1781 1688
1782 215
1783 1504
1784 1170
1785 1348
1786 1280
1787 322
1788 961
1789 1052
1790 486
1791 1303
1792 537
1793 1364
1794 1330
1795 568
1796 1014
1797 1241
1798 1507
1799 634
1800 1748
1801 1366
1802 1387
1803 9
1804 1528
1805 120
1806 1137
1807 1065
1808 553
1809 961
1810 1502
1811 116
1812 1289
1813 262
1814 280
1815 1731
1816 117
1817 1040
1818 1797
1819 855
1820 742
1821 614
1822 1466
1823 1260
1824 857
1825 961
1826 1737
1827 322
1828 1662
1829 624
1830 1714
1831 1829
1832 1676
1833 1635
1834 1553
1835 855
1836 175
1837 855
1838 307
1839 455
1840 1253
1841 1604
1842 643
1843 996
1844 390
1845 472
1846 125
1847 1624
1848 712
1849 815
1850 1134
1851 1384
1852 887
1853 743
1854 808
1855 1799
1856 1706
1857 1502
1858 1500
1859 1064
1860 1713
1861 1640
1862 297
1863 1492
1864 1522
1865 1085
1866 725
1867 69
1868 961
1869 1500
1870 1211
1871 1615
1872 1260
1873 1844
1874 717
1875 754
1876 1435
1877 1235
1878 1599
1879 1147
1880 617
1881 1774
1882 1454
1883 1234
1884 1453
1885 1277
1886 1877
1887 983
1888 1541
1889 1480
1890 746
1891 1402
1892 1749
1893 505
1894 887
1895 1011
1896 573
1897 1769
1898 1044
1899 674
1900 441
1901 1670
1902 1160
1903 1801
1904 1500
1905 524
1906 961
1907 1737
1908 1885
1909 1253
1910 1112
1911 1289
1912 707
1913 1260
1914 1292
1915 1423
1916 1370
1917 1343
1918 1001
1919 1326
1920 1477
1921 830
1922 1834
1923 926
1924 1522
1925 830
1926 1320
1927 301
1928 193
1929 1368
1930 1592
1931 630
1932 402
1933 1784
1934 1137
1935 1212
1936 940
1937 1327
1938 978
1939 280
1940 1737
1941 1500
1942 1033
1943 1773
1944 1892
1945 523
1946 1746
1947 891
1948 1260
1949 892
1950 540
1951 855
1952 1028
1953 1254
1954 1819
1955 771
1956 759
1957 355
1958 1737
1959 1701
1960 1397
1961 1553
1962 1877
1963 1054
1964 199
1965 1260
1966 404
1967 1874
1968 1368
1969 715
1970 1564
1971 357
1972 529
1973 1279
1974 1863
1975 687
1976 1089
1977 1929
1978 1500
1979 341
1980 1322
1981 1223
1982 1261
1983 1863
1984 775
1985 1841
1986 874
1987 1817
1988 1737
1989 1081
1990 1750
1991 1260
1992 419
1993 60
1994 983
1995 1737
1996 837
1997 1396
1998 1923
1999 1500
2000 757
2001 1687
2002 1770
2003 1194
2004 1577
2005 720
2006 1769
2007 1503
2008 983
2009 1708
2010 516
2011 1907
2012 1417
2013 1824
2014 279
2015 1877
2016 1705
2017 1504
2018 1182
2019 1260
2020 1340
2021 912
2022 1211
2023 1526
2024 1848
2025 1720
2026 499
2027 1260
2028 1874
2029 232
2030 2008
2031 145
2032 1499
2033 678
2034 1367
2035 912
2036 1297
2037 961
2038 638
2039 1280
2040 493
2041 618
2042 1023
2043 1477
2044 887
2045 872
2046 2008
2047 1277
2048 636
2049 949
2050 353
2051 859
2052 1386
2053 427
2054 1480
2055 1841
2056 615
2057 1417
2058 879
2059 1040
2060 630
2061 830
2062 1044
2063 918
2064 1771
2065 1534
2066 547
2067 1500
2068 1782
2069 244
2070 1587
2071 1457
2072 72
2073 1750
2074 308
2075 1865
2076 1675
2077 411
2078 1340
2079 1769
2080 1676
2081 1202
2082 638
2083 1033
2084 1368
2085 1737
2086 1496
2087 1675
2088 962
2089 1190
2090 269
2091 1178
2092 1951
2093 1500
2094 617
2095 1146
2096 1253
2097 1692
2098 1160
2099 2020
2100 1562
2101 1531
2102 922
2103 1682
2104 892
2105 1764
2106 961
2107 944
2108 1684
2109 1368
2110 915
2111 867
2112 1794
2113 1024
2114 1034
2115 961
2116 1502
2117 961
2118 1613
2119 1930
2120 2008
2121 1063
2122 1549
2123 2036
2124 495
2125 1300
2126 1038
2127 561
2128 1137
2129 2030
2130 763
2131 1669
2132 401
2133 1574
2134 705
2135 311
2136 841
2137 1477
2138 1253
2139 1432
2140 1950
2141 1809
2142 710
2143 48
2144 849
2145 1195
2146 1675
2147 306
2148 1042
2149 1857
2150 1308
2151 1328
2152 26
2153 1640
2154 848
2155 893
2156 1146
2157 1655
2158 94
2159 584
2160 1233
2161 1547
2162 1456
2163 2035
2164 650
2165 506
2166 145
2167 1434
2168 888
2169 1363
2170 1102
2171 1432
2172 824
2173 943
2174 1831
2175 1180
2176 1257
2177 661
2178 557
2179 308
2180 1904
2181 1223
2182 1434
2183 1877
2184 578
2185 1272
2186 2166
2187 1108
2188 635
2189 1294
2190 1412
2191 693
2192 2105
2193 841
2194 911
2195 964
2196 1682
2197 1435
2198 94
2199 1500
2200 2016
2201 1888
2202 1872
2203 1857
2204 1970
2205 1085
2206 349
2207 2187
2208 401
2209 2171
2210 394
2211 1943
2212 145
2213 1550
2214 1676
2215 1863
2216 461
2217 1279
2218 938
2219 1606
2220 1970
2221 1969
2222 1389
2223 2008
2224 1251
2225 1480
2226 2085
2227 1260
2228 1599
2229 1885
2230 1288
2231 1480
2232 262
2233 2232
2234 589
2235 1675
2236 1480
2237 2068
2238 1500
2239 1260
2240 1939
2241 1724
2242 9
2243 1849
2244 2049
2245 2100
2246 1809
2247 1466
2248 1793
2249 624
2250 1107
2251 2211
2252 1232
2253 1255
2254 951
2255 1784
2256 793
2257 621
2258 1316
2259 1368
2260 1253
2261 1060
2262 1116
2263 1091
2264 1923
2265 1750
2266 1642
2267 1045
2268 1500
2269 660
2270 1951
2271 1141
2272 1477
2273 1921
2274 1611
2275 872
2276 1502
2277 1208
2278 1502
2279 2201
2280 2009
2281 1270
2282 786
2283 2010
2284 932
2285 1102
2286 1432
2287 1297
2288 1254
2289 1253
2290 932
2291 1305
2292 819
2293 1877
2294 1434
2295 1737
2296 615
2297 1202
2298 887
2299 855
2300 2099
2301 983
2302 1239
2303 172
2304 1676
2305 1324
2306 1553
2307 1831
2308 663
2309 783
2310 2163
2311 1516
2312 1833
2313 1556
2314 1174
2315 1092
2316 887
2317 1573
2318 887
2319 1879
2320 1217
2321 2008
2322 834
2323 855
2324 1500
2325 1058
2326 1475
2327 1875
2328 1799
2329 554
2330 534
2331 424
2332 135
2333 1137
2334 1537
2335 400
2336 1909
2337 2053
2338 467
2339 544
2340 1500
2341 1877
2342 893
2343 634
2344 308
2345 2008
2346 1249
2347 1486
2348 2268
2349 1877
2350 1599
2351 1500
2352 1318
2353 2344
2354 1137
2355 341
2356 2137
2357 1058
2358 2149
2359 1275
2360 1644
2361 1731
2362 898
2363 649
2364 2120
2365 983
2366 1441
2367 1630
2368 1644
2369 1928
2370 1197
2371 2098
2372 1500
2373 2019
2374 1156
2375 657
2376 1360
2377 410
2378 1913
2379 2280
2380 1679
2381 1024
2382 1492
2383 1234
2384 1096
2385 2218
2386 2316
2387 1349
2388 1280
2389 1644
2390 742
2391 1299
2392 1094
2393 1211
2394 528
2395 2220
2396 1612
2397 1935
2398 1122
2399 1737
2400 1635
2401 1064
2402 1862
2403 1348
2404 347
2405 1280
2406 855
2407 912
2408 793
2409 244
2410 1350
2411 1318
2412 1128
2413 2163
2414 83
2415 403
2416 2360
2417 321
2418 1280
2419 153
2420 705
2421 1693
2422 326
2423 2107
2424 2398
2425 1598
2426 1385
2427 1685
2428 1737
2429 2214
2430 952
2431 804
2432 2187
2433 1118
2434 1350
2435 1307
2436 2029
2437 776
2438 2035
2439 1245
2440 505
2441 1492
2442 2064
2443 1502
2444 1435
2445 1108
2446 1818
2447 212
2448 678
2449 1464
2450 1797
2451 349
2452 641
2453 181
2454 966
2455 2049
2456 2357
2457 1883
2458 800
2459 2229
2460 1999
2461 2438
2462 263
2463 1224
2464 1300
2465 1824
2466 1137
2467 1223
2468 25
2469 1737
2470 2461
2471 747
2472 1211
2473 1161
2474 1131
2475 1467
2476 2223
2477 285
2478 2124
2479 872
2480 2026
2481 1647
2482 875
2483 1376
2484 1471
2485 958
2486 2202
2487 692
2488 2132
2489 2008
2490 1397
2491 1502
2492 1685
2493 2051
2494 495
2495 1289
2496 2281
2497 885
2498 2252
2499 2352
2500 347
2501 2404
2502 1137
2503 197
2504 1260
2505 670
2506 1118
2507 1965
2508 1999
2509 132
2510 2384
2511 2282
2512 158
2513 944
2514 1291
2515 2456
2516 509
2517 1480
2518 2499
2519 1501
2520 837
2521 1260
2522 413
2523 1289
2524 1877
2525 297
2526 1737
2527 56
2528 685
2529 605
2530 2146
2531 826
2532 2049
2533 2251
2534 1013
2535 1605
2536 1644
2537 1847
2538 1693
2539 1610
2540 1702
2541 371
2542 2311
2543 1486
2544 1473
2545 2040
2546 2494
2547 687
2548 2008
2549 1006
2550 1817
2551 1500
2552 1983
2553 1921
2554 961
2555 2131
2556 1563
2557 1832
2558 1567
2559 953
2560 970
2561 626
2562 1391
2563 1594
2564 836
2565 2146
2566 970
2567 1405
2568 2456
2569 1125
2570 2489
2571 1676
2572 2340
2573 1331
2574 1157
2575 561
2576 1996
2577 1918
2578 1761
2579 1480
2580 2440
2581 2532
2582 1500
2583 1260
2584 369
2585 2385
2586 996
2587 2516
2588 2343
2589 2167
2590 1477
2591 1368
2592 2446
2593 655
2594 1291
2595 2211
2596 912
2597 1682
2598 1784
2599 2456
2600 1500
2601 576
2602 1237
2603 608
2604 2418
2605 750
2606 1213
2607 970
2608 2163
2609 1355
2610 1678
2611 405
2612 2456
2613 249
2614 1500
2615 1380
2616 2014
2617 2302
2618 1299
2619 1421
2620 1959
2621 1877
2622 455
2623 1698
2624 2351
2625 1500
2626 2356
2627 1676
2628 815
2629 2064
2630 2607
2631 1713
2632 793
2633 1768
2634 2141
2635 445
2636 788
2637 926
2638 2528
2639 2444
2640 1064
2641 2493
2642 727
2643 2362
2644 1115
2645 1665
2646 1386
2647 1871
2648 1884
2649 1898
2650 2592
2651 1013
2652 1828
2653 2090
2654 2201
2655 1094
2656 892
2657 1168
2658 1315
2659 168
2660 1368
2661 1577
2662 1211
2663 223
2664 1141
2665 2566
2666 2159
2667 2456
2668 2430
2669 1026
2670 2552
2671 788
2672 1502
2673 812
2674 1022
2675 1449
2676 2222
2677 762
2678 720
2679 1857
2680 788
2681 1183
2682 1348
2683 1032
2684 461
2685 843
2686 2529
2687 904
2688 530
2689 424
2690 624
2691 1937
2692 705
2693 582
2694 2095
2695 731
2696 2026
2697 1013
2698 1203
2699 662
2700 773
2701 860
2702 1182
2703 1800
2704 1289
2705 1432
2706 2462
2707 1877
2708 2676
2709 1581
2710 2396
2711 2573
2712 1253
2713 479
2714 855
2715 1502
2716 1348
2717 1089
2718 2008
2719 1278
2720 2244
2721 2188
2722 83
2723 1986
2724 1137
2725 1502
2726 1962
2727 2313
2728 1435
2729 1558
2730 2643
2731 1502
2732 1112
2733 1502
2734 744
2735 529
2736 1485
2737 1460
2738 1079
2739 83
2740 919
2741 1375
2742 436
2743 855
2744 2107
2745 961
2746 1477
2747 617
2748 2447
2749 1480
2750 961
2751 2008
2752 2180
2753 1492
2754 495
2755 1225
2756 2643
2757 2228
2758 608
2759 2342
2760 1421
2761 1945
2762 1682
2763 2074
2764 1549
2765 830
2766 2286
2767 1628
2768 711
2769 2007
2770 1089
2771 2602
2772 2432
2773 2716
2774 1247
2775 2221
2776 1291
2777 2008
2778 1999
2779 267
2780 1068
2781 2188
2782 773
2783 775
2784 2547
2785 1290
2786 2695
2787 2507
2788 451
2789 1877
2790 232
2791 529
2792 2523
2793 992
2794 2206
2795 2078
2796 1221
2797 1107
2798 1064
2799 2163
2800 2414
2801 1316
2802 1742
2803 1651
2804 1058
2805 2390
2806 1836
2807 809
2808 2098
2809 2020
2810 2544
2811 2618
2812 812
2813 1597
2814 2746
2815 1897
2816 2628
2817 830
2818 529
2819 2602
2820 1260
2821 887
2822 2524
2823 710
2824 1502
2825 2295
2826 1597
2827 465
2828 2171
2829 2547
2830 2608
2831 743
2832 2092
2833 509
2834 1841
2835 2323
2836 2144
2837 1736
2838 2273
2839 2608
2840 1368
2841 1013
2842 1597
2843 2643
2844 558
2845 2594
2846 2508
2847 2688
2848 2755
2849 1441
2850 2370
2851 1173
2852 2547
2853 1964
2854 1260
2855 423
2856 2158
2857 1280
2858 2749
2859 2776
2860 617
2861 1766
2862 1537
2863 1783
2864 787
2865 580
2866 2491
2867 1076
2868 983
2869 2799
2870 1908
2871 1137
2872 1921
2873 1281
2874 1526
2875 445
2876 2179
2877 1641
2878 2300
2879 2854
2880 2509
2881 201
2882 77
2883 410
2884 994
2885 2660
2886 1137
2887 2643
2888 487
2889 2745
2890 1877
2891 2848
2892 1695
2893 1595
2894 1811
2895 1072
2896 27
2897 83
2898 2300
2899 2650
2900 1298
2901 1502
2902 2882
2903 1545
2904 1294
2905 1500
2906 481
2907 1601
2908 2823
2909 1967
2910 1441
2911 1060
2912 2902
2913 1253
2914 563
2915 1526
2916 1855
2917 1085
2918 1942
2919 2333
2920 2022
2921 2675
2922 2341
2923 254
2924 2610
2925 371
2926 2801
2927 1292
2928 1817
2929 2502
2930 1253
2931 1500
2932 2393
2933 2007
2934 837
2935 1577
2936 296
2937 2507
2938 1837
2939 1396
2940 1279
2941 2695
2942 2643
2943 2823
2944 624
2945 356
2946 2217
2947 2341
2948 2879
2949 2922
2950 2544
2951 145
2952 1610
2953 2317
2954 2751
2955 2363
2956 2779
2957 1180
2958 1272
2959 2164
2960 1626
2961 1480
2962 171
2963 2817
2964 1432
2965 2918
2966 1272
2967 1294
2968 1287
2969 2889
2970 2588
2971 1979
2972 2947
2973 1644
2974 1720
2975 497
2976 2576
2977 2249
2978 1904
2979 468
2980 2968
2981 2811
2982 944
2983 2879
2984 2197
2985 2629
2986 2962
2987 66
2988 924
2989 1500
2990 1767
2991 2288
2992 1736
2993 41
2994 1089
2995 330
2996 2378
2997 1999
2998 2015
2999 855
3000 1933
3001 2911
3002 2558
3003 2339
3004 2035
3005 721
3006 2313
3007 1050
3008 2175
3009 2876
3010 2942
3011 3000
3012 1327
3013 1480
3014 910
3015 1994
3016 2931
3017 2748
3018 2468
3019 205
3020 284
3021 2762
3022 2203
3023 2669
3024 2567
3025 2897
3026 887
3027 1116
3028 2883
3029 2573
3030 1799
3031 2456
3032 1743
3033 1373
3034 1991
3035 2911
3036 2684
3037 815
3038 1348
3039 535
3040 1839
3041 3013
3042 1044
3043 769
3044 1832
3045 275
3046 2602
3047 2107
3048 2272
3049 2516
3050 255
3051 2323
3052 1019
3053 2567
3054 1500
3055 1477
3056 2643
3057 1099
3058 2911
3059 2556
3060 1098
3061 2558
3062 3005
3063 1740
3064 2812
3065 2019
3066 2978
3067 1230
3068 2252
3069 2887
3070 2077
3071 2941
3072 1619
3073 2775
3074 1171
3075 2731
3076 227
3077 2456
3078 2738
3079 705
3080 2015
3081 2918
3082 1703
3083 1291
3084 2145
3085 1819
3086 2155
3087 2911
3088 1659
3089 2639
3090 743
3091 1253
3092 1146
3093 3002
3094 2387
3095 2275
3096 705
3097 2107
3098 2507
3099 2272
3100 1715
3101 1588
3102 1194
3103 2404
3104 1275
3105 1397
3106 2538
3107 2643
3108 3091
3109 1183
3110 1654
3111 772
3112 323
3113 2812
3114 2363
3115 2340
3116 718
3117 2432
3118 2351
3119 2911
3120 1511
3121 2799
3122 890
3123 1392
3124 2643
3125 1397
3126 1406
3127 607
3128 1239
3129 2983
3130 956
3131 2877
3132 1509
3133 2205
3134 2774
3135 2930
3136 1100
3137 2954
3138 2926
3139 1260
3140 741
3141 1502
3142 1325
3143 381
3144 996
3145 1485
3146 1531
3147 849
3148 1678
3149 1108
3150 2857
3151 2522
3152 823
3153 1726
3154 2643
3155 2132
3156 2968
3157 2688
3158 2924
3159 2981
3160 193
3161 656
3162 982
3163 413
3164 1283
3165 2064
3166 2856
3167 1234
3168 2563
3169 281
3170 2300
3171 2930
3172 2663
3173 2650
3174 1644
3175 257
3176 931
3177 1604
3178 2233
3179 1004
3180 2484
3181 1597
3182 657
3183 2338
3184 2921
3185 1502
3186 2132
3187 1486
3188 1682
3189 2587
3190 1827
3191 2930
3192 2623
3193 1564
3194 657
3195 1310
3196 2831
3197 2537
3198 3001
3199 3194
3200 1031
3201 3190
3202 2365
3203 1108
3204 1432
3205 2716
3206 3161
3207 3190
3208 2265
3209 2008
3210 944
3211 2926
3212 1292
3213 1971
3214 1361
3215 1410
3216 1886
3217 362
3218 1235
3219 1840
3220 3001
3221 1089
3222 2033
3223 1502
3224 2595
3225 1570
3226 2456
3227 1284
3228 2242
3229 2386
3230 513
3231 2544
3232 2413
3233 2774
3234 2521
3235 1548
3236 2966
3237 994
3238 3153
3239 2836
3240 1392
3241 1542
3242 3105
3243 2180
3244 2497
3245 3028
3246 2307
3247 2528
3248 1420
3249 1174
3250 514
3251 932
3252 1857
3253 1477
3254 3082
3255 2544
3256 1292
3257 3091
3258 3192
3259 2643
3260 3048
3261 2033
3262 2643
3263 2721
3264 1040
3265 2643
3266 727
3267 819
3268 2194
3269 3015
3270 988
3271 693
3272 2324
3273 419
3274 1085
3275 3142
3276 723
3277 1438
3278 1275
3279 2893
3280 2219
3281 1551
3282 2008
3283 2440
3284 576
3285 2931
3286 2651
3287 1013
3288 2716
3289 855
3290 1064
3291 1253
3292 3061
3293 3190
3294 881
3295 1300
3296 2650
3297 246
3298 1964
3299 1062
3300 1753
3301 1049
3302 107
3303 306
3304 129
3305 1803
3306 1060
3307 20
3308 2468
3309 35
3310 3228
3311 455
3312 1509
3313 838
3314 1189
3315 1269
3316 2567
3317 169
3318 159
3319 825
3320 130
3321 437
3322 309
3323 3019
3324 2195
3325 1846
3326 271
3327 1152
3328 179
3329 3045
3330 297
3331 57
3332 3217
3333 1725
3334 1860
3335 1285
3336 1993
3337 848
3338 25
3339 1091
3340 789
3341 45
3342 2152
3343 144
3344 292
3345 719
3346 1354
3347 783
3348 2993
3349 1437
3350 163
3351 2940
3352 106
3353 2966
3354 770
3355 2430
3356 2896
3357 3076
3358 115
3359 651
3360 2758
3361 2210
3362 213
3363 2503
3364 36
3365 343
3366 955
3367 2308
3368 157
3369 121
3370 1766
3371 256
3372 42
3373 1195
3374 338
3375 42
3376 42
3377 72
3378 2775
3379 45
3380 661
3381 395
3382 1793
3383 1544
3384 1404
3385 48
3386 120
3387 3142
3388 48
3389 2143
3390 2305
3391 433
3392 3017
3393 52
3394 1490
3395 447
3396 243
3397 56
3398 1776
3399 263
3400 77
3401 3161
3402 208
3403 2224
3404 2148
3405 2527
3406 1322
3407 62
3408 310
3409 1867
3410 1340
3411 319
3412 74
3413 2367
3414 603
3415 66
3416 1369
3417 706
3418 2482
3419 2884
3420 539
3421 155
3422 2495
3423 66
3424 66
3425 476
3426 2693
3427 814
3428 215
3429 815
3430 529
3431 564
3432 274
3433 2659
3434 76
3435 387
3436 2987
3437 510
3438 614
3439 66
3440 66
3441 506
3442 2431
3443 1301
3444 228
3445 686
3446 2893
3447 1153
3448 1357
3449 2303
3450 68
3451 166
3452 2864
3453 765
3454 2995
3455 442
3456 912
3457 154
3458 1365
3459 2072
3460 1710
3461 2498
3462 76
3463 1130
3464 971
3465 1762
3466 948
3467 1025
3468 2902
3469 1673
3470 2216
3471 1048
3472 375
3473 497
3474 238
3475 2665
3476 917
3477 83
3478 332
3479 463
3480 700
3481 83
3482 666
3483 803
3484 2739
3485 1235
3486 1011
3487 152
3488 2722
3489 83
3490 83
3491 486
3492 2856
3493 207
3494 960
3495 470
3496 279
3497 457
3498 1074
3499 2414
3500 83
3501 141
3502 83
3503 83
3504 287
3505 3163
3506 1519
3507 89
3508 83
3509 83
3510 1271
3511 2740
3512 2897
3513 337
3514 85
3515 91
3516 2986
3517 87
3518 2655
3519 3078
3520 1372
3521 313
3522 915
3523 1971
3524 1627
3525 2198
3526 1178
3527 119
3528 827
3529 565
3530 95
3531 2040
3532 541
3533 2426
3534 3284
3535 1120
3536 3215
3537 2419
3538 1036
3539 758
3540 102
3541 992
3542 2737
3543 639
3544 792
3545 110
3546 1561
3547 1249
3548 2409
3549 329
3550 3169
3551 1290
3552 194
3553 2594
3554 115
3555 1811
3556 1520
3557 1002
3558 2164
3559 1816
3560 1481
3561 1805
3562 895
3563 977
3564 730
3565 2144
3566 127
3567 1850
3568 396
3569 223
3570 129
3571 1722
3572 2701
3573 2880
3574 1056
3575 377
3576 282
3577 2330
3578 545
3579 1288
3580 1946
3581 2135
3582 1246
3583 1171
3584 1866
3585 230
3586 135
3587 135
3588 298
3589 301
3590 2332
3591 965
3592 1143
3593 135
3594 135
3595 2258
3596 140
3597 140
3598 1356
3599 1021
3600 710
3601 142
3602 612
3603 1101
3604 548
3605 142
3606 1329
3607 211
3608 1198
3609 707
3610 142
3611 480
3612 142
3613 372
3614 1590
3615 386
3616 145
3617 2106
3618 254
3619 531
3620 1717
3621 2951
3622 1166
3623 145
3624 2166
3625 145
3626 741
3627 2212
3628 145
3629 1319
3630 2713
3631 2167
3632 2031
3633 552
3634 3241
3635 1625
3636 2512
3637 550
3638 145
3639 3070
3640 145
3641 1310
3642 145
3643 490
3644 145
3645 418
3646 145
3647 145
3648 247
3649 1035
3650 1389
3651 146
3652 146
3653 1238
3654 2028
3655 146
3656 147
3657 882
3658 888
3659 1568
3660 580
3661 149
3662 1444
3663 954
3664 400
3665 150
3666 152
3667 1082
3668 152
3669 1472
3670 152
3671 152
3672 1306
3673 156
3674 1574
3675 1507
3676 985
3677 2620
3678 221
3679 2613
3680 1349
3681 164
3682 1163
3683 2132
3684 1442
3685 2903
3686 1532
3687 173
3688 2936
3689 175
3690 636
3691 175
3692 2774
3693 2806
3694 421
3695 2271
3696 2422
3697 236
3698 233
3699 177
3700 868
3701 226
3702 589
3703 2833
3704 181
3705 2326
3706 2453
3707 716
3708 2274
3709 1732
3710 488
3711 184
3712 1975
3713 305
3714 1068
3715 1030
3716 2219
3717 198
3718 1051
3719 392
3720 3160
3721 3294
3722 417
3723 794
3724 633
3725 193
3726 289
3727 267
3728 2369
3729 2090
3730 193
3731 2945
3732 854
3733 2477
3734 3179
3735 193
3736 927
3737 193
3738 619
3739 1945
3740 1216
3741 3188
3742 1709
3743 2881
3744 1336
3745 587
3746 667
3747 218
3748 657
3749 863
3750 2562
3751 1112
3752 1900
3753 515
3754 733
3755 1097
3756 1207
3757 376
3758 1765
3759 2041
3760 209
3761 831
3762 209
3763 209
3764 237
3765 2531
3766 2237
3767 558
3768 2140
3769 1046
3770 223
3771 645
3772 556
3773 223
3774 3128
3775 223
3776 472
3777 2663
3778 2434
3779 3248
3780 2657
3781 2417
3782 232
3783 454
3784 2925
3785 585
3786 232
3787 862
3788 2790
3789 300
3790 491
3791 232
3792 232
3793 482
3794 232
3795 801
3796 232
3797 2029
3798 233
3799 233
3800 439
3801 233
3802 935
3803 385
3804 237
3805 3183
3806 238
3807 240
3808 264
3809 240
3810 2130
3811 1010
3812 884
3813 2069
3814 721
3815 2038
3816 248
3817 2923
3818 2851
3819 1491
3820 1175
3821 254
3822 3059
3823 3175
3824 2709
3825 255
3826 3050
3827 255
3828 1750
3829 255
3830 2906
3831 885
3832 577
3833 1245
3834 259
3835 259
3836 2065
3837 832
3838 1813
3839 2233
3840 262
3841 389
3842 2706
3843 2956
3844 267
3845 271
3846 314
3847 1707
3848 2616
3849 279
3850 1814
3851 596
3852 339
3853 409
3854 2240
3855 280
3856 2561
3857 307
3858 280
3859 280
3860 324
3861 318
3862 644
3863 1445
3864 615
3865 3020
3866 584
3867 1191
3868 1521
3869 462
3870 2606
3871 821
3872 1820
3873 668
3874 652
3875 296
3876 1014
3877 658
3878 1211
3879 297
3880 1862
3881 416
3882 2525
3883 424
3884 3012
3885 297
3886 790
3887 2172
3888 300
3889 930
3890 929
3891 300
3892 1927
3893 306
3894 2147
3895 307
3896 307
3897 2188
3898 320
3899 1838
3900 2685
3901 308
3902 2855
3903 308
3904 308
3905 2353
3906 308
3907 1284
3908 2074
3909 398
3910 591
3911 308
3912 3009
3913 631
3914 957
3915 308
3916 308
3917 521
3918 1312
3919 308
3920 1083
3921 408
3922 308
3923 366
3924 475
3925 1476
3926 532
3927 1553
3928 1197
3929 3116
3930 453
3931 996
3932 1374
3933 1787
3934 1081
3935 544
3936 1653
3937 322
3938 2397
3939 3190
3940 2026
3941 3112
3942 845
3943 513
3944 326
3945 705
3946 695
3947 676
3948 773
3949 444
3950 995
3951 796
3952 367
3953 340
3954 1487
3955 1121
3956 1199
3957 2768
3958 2355
3959 2049
3960 341
3961 1979
3962 342
3963 347
3964 2500
3965 1111
3966 347
3967 3103
3968 498
3969 364
3970 349
3971 349
3972 349
3973 349
3974 2206
3975 2451
3976 812
3977 2474
3978 2050
3979 354
3980 1957
3981 359
3982 359
3983 2960
3984 771
3985 713
3986 1759
3987 2161
3988 1565
3989 369
3990 2584
3991 369
3992 369
3993 522
3994 369
3995 369
3996 371
3997 2541
3998 371
3999 837
4000 922
4001 3130
4002 371
4003 526
4004 1201
4005 886
4006 1138
4007 2241
4008 1377
4009 570
4010 2559
4011 1307
4012 951
4013 1680
4014 2452
4015 379
4016 379
4017 1683
4018 2329
4019 379
4020 690
4021 1132
4022 779
4023 379
4024 379
4025 1586
4026 1411
4027 379
4028 381
4029 1438
4030 381
4031 381
4032 1657
4033 1012
4034 381
4035 1453
4036 1220
4037 381
4038 381
4039 381
4040 381
4041 818
4042 3143
4043 382
4044 2007
4045 640
4046 887
4047 1227
4048 387
4049 389
4050 1779
4051 3165
4052 1844
4053 1400
4054 390
4055 1792
4056 573
4057 392
4058 392
4059 536
4060 2297
4061 817
4062 394
4063 394
4064 2473
4065 394
4066 1769
4067 1976
4068 473
4069 1956
4070 398
4071 533
4072 2335
4073 1103
4074 2208
4075 401
4076 1905
4077 1495
4078 2492
4079 1932
4080 677
4081 501
4082 403
4083 519
4084 989
4085 2089
4086 3250
4087 1293
4088 2827
4089 597
4090 2415
4091 1828
4092 403
4093 1106
4094 2734
4095 1493
4096 1966
4097 404
4098 432
4099 2611
4100 406
4101 409
4102 409
4103 2000
4104 967
4105 1266
4106 2377
4107 1915
4108 2883
4109 3151
4110 413
4111 1429
4112 946
4113 417
4114 853
4115 417
4116 908
4117 775
4118 1992
4119 549
4120 3273
4121 1080
4122 2331
4123 2689
4124 2337
4125 1230
4126 430
4127 432
4128 940
4129 897
4130 435
4131 2742
4132 436
4133 680
4134 503
4135 542
4136 1649
4137 2875
4138 2602
4139 2635
4140 2788
4141 455
4142 2622
4143 455
4144 455
4145 1839
4146 844
4147 455
4148 2362
4149 460
4150 1618
4151 760
4152 602
4153 461
4154 974
4155 2108
4156 2283
4157 461
4158 1167
4159 461
4160 461
4161 461
4162 2200
4163 461
4164 461
4165 461
4166 1712
4167 578
4168 461
4169 2684
4170 463
4171 464
4172 675
4173 2979
4174 470
4175 470
4176 470
4177 471
4178 472
4179 1845
4180 2658
4181 535
4182 1351
4183 1047
4184 483
4185 483
4186 484
4187 722
4188 543
4189 486
4190 492
4191 981
4192 486
4193 486
4194 1231
4195 486
4196 486
4197 486
4198 1890
4199 486
4200 1433
4201 486
4202 649
4203 486
4204 486
4205 2257
4206 486
4207 486
4208 486
4209 1150
4210 486
4211 944
4212 1119
4213 850
4214 486
4215 486
4216 486
4217 1623
4218 1790
4219 684
4220 928
4221 486
4222 487
4223 2888
4224 1318
4225 2009
4226 490
4227 490
4228 669
4229 491
4230 491
4231 1174
4232 913
4233 2124
4234 1052
4235 2754
4236 2546
4237 2975
4238 497
4239 1066
4240 497
4241 500
4242 2471
4243 2580
4244 505
4245 505
4246 793
4247 505
4248 505
4249 2285
4250 2315
4251 679
4252 1470
4253 1893
4254 2269
4255 2165
4256 560
4257 732
4258 1665
4259 1459
4260 2097
4261 508
4262 3176
4263 3049
4264 509
4265 1104
4266 1024
4267 512
4268 509
4269 756
4270 1754
4271 1001
4272 1689
4273 512
4274 513
4275 3230
4276 518
4277 778
4278 520
4279 2313
4280 520
4281 520
4282 522
4283 2699
4284 2412
4285 524
4286 524
4287 1418
4288 524
4289 1394
4290 1114
4291 2394
4292 1154
4293 599
4294 1535
4295 2791
4296 529
4297 529
4298 2818
4299 2735
4300 529
4301 1972
4302 1608
4303 3162
4304 620
4305 986
4306 529
4307 1795
4308 530
4309 1824
4310 530
4311 530
4312 625
4313 530
4314 613
4315 3157
4316 530
4317 1424
4318 532
4319 532
4320 1142
4321 1382
4322 1388
4323 3039
4324 1069
4325 1144
4326 2339
4327 1390
4328 545
4329 545
4330 1484
4331 1422
4332 767
4333 2066
4334 3007
4335 551
4336 3072
4337 1808
4338 554
4339 2178
4340 557
4341 557
4342 558
4343 2844
4344 559
4345 559
4346 1523
4347 559
4348 3149
4349 559
4350 561
4351 682
4352 1902
4353 2127
4354 806
4355 745
4356 1265
4357 1028
4358 2575
4359 561
4360 561
4361 3060
4362 1891
4363 562
4364 562
4365 2914
4366 563
4367 1090
4368 1393
4369 573
4370 1038
4371 588
4372 1663
4373 729
4374 1896
4375 671
4376 3082
4377 575
4378 575
4379 2601
4380 1871
4381 2184
4382 578
4383 578
4384 1632
4385 580
4386 580
4387 2865
4388 2593
4389 2807
4390 584
4391 584
4392 2666
4393 1384
4394 589
4395 2234
4396 589
4397 777
4398 1517
4399 592
4400 1528
4401 594
4402 594
4403 1037
4404 1188
4405 601
4406 2193
4407 604
4408 604
4409 2686
4410 2088
4411 607
4412 3127
4413 607
4414 607
4415 2603
4416 1731
4417 709
4418 1516
4419 610
4420 613
4421 1821
4422 614
4423 2296
4424 615
4425 2056
4426 1426
4427 615
4428 615
4429 1415
4430 617
4431 617
4432 617
4433 617
4434 617
4435 855
4436 1145
4437 617
4438 920
4439 1880
4440 2094
4441 617
4442 3164
4443 2747
4444 617
4445 617
4446 617
4447 2505
4448 617
4449 856
4450 617
4451 617
4452 2860
4453 617
4454 2970
4455 617
4456 1252
4457 618
4458 1273
4459 3267
4460 1360
4461 2944
4462 1215
4463 624
4464 2690
4465 624
4466 2249
4467 624
4468 1829
4469 2448
4470 1763
4471 1931
4472 2060
4473 630
4474 630
4475 2282
4476 864
4477 1799
4478 896
4479 634
4480 636
4481 636
4482 636
4483 1105
4484 2048
4485 636
4486 636
4487 2082
4488 638
4489 638
4490 1439
4491 638
4492 698
4493 638
4494 997
4495 1206
4496 1842
4497 785
4498 648
4499 648
4500 2363
4501 1756
4502 649
4503 650
4504 2988
4505 833
4506 657
4507 657
4508 1607
4509 657
4510 2886
4511 1041
4512 657
4513 1602
4514 1751
4515 761
4516 657
4517 1644
4518 802
4519 2194
4520 657
4521 907
4522 1156
4523 657
4524 657
4525 3199
4526 657
4527 657
4528 1146
4529 657
4530 657
4531 657
4532 1497
4533 2729
4534 865
4535 657
4536 3182
4537 657
4538 2375
4539 657
4540 782
4541 2322
4542 657
4543 1942
4544 658
4545 658
4546 683
4547 2177
4548 661
4549 2796
4550 662
4551 1603
4552 2024
4553 950
4554 664
4555 664
4556 2669
4557 665
4558 1416
4559 1053
4560 666
4561 1667
4562 2481
4563 670
4564 731
4565 672
4566 673
4567 1065
4568 673
4569 673
4570 1530
4571 673
4572 1899
4573 675
4574 675
4575 678
4576 678
4577 2683
4578 678
4579 678
4580 1124
4581 678
4582 2033
4583 679
4584 679
4585 685
4586 1264
4587 3247
4588 685
4589 752
4590 1295
4591 686
4592 686
4593 686
4594 1219
4595 1157
4596 686
4597 836
4598 941
4599 720
4600 2547
4601 688
4602 1311
4603 1185
4604 1017
4605 822
4606 691
4607 692
4608 3101
4609 1856
4610 2487
4611 3271
4612 693
4613 2802
4614 2191
4615 1982
4616 693
4617 1366
4618 696
4619 697
4620 739
4621 703
4622 705
4623 1100
4624 750
4625 3096
4626 1344
4627 705
4628 1721
4629 1233
4630 705
4631 705
4632 705
4633 762
4634 1467
4635 705
4636 2692
4637 705
4638 3079
4639 1055
4640 1314
4641 2420
4642 1620
4643 894
4644 705
4645 705
4646 2767
4647 705
4648 1642
4649 1378
4650 705
4651 705
4652 705
4653 1450
4654 2716
4655 1569
4656 2134
4657 705
4658 705
4659 705
4660 705
4661 1576
4662 705
4663 968
4664 2841
4665 705
4666 723
4667 707
4668 707
4669 1622
4670 707
4671 1912
4672 707
4673 2291
4674 707
4675 710
4676 710
4677 710
4678 2142
4679 2823
4680 3063
4681 713
4682 715
4683 1059
4684 2678
4685 2005
4686 721
4687 1538
4688 721
4689 721
4690 1259
4691 1085
4692 721
4693 3005
4694 721
4695 1000
4696 721
4697 1738
4698 722
4699 723
4700 723
4701 2157
4702 723
4703 723
4704 3276
4705 1159
4706 1313
4707 798
4708 1451
4709 726
4710 726
4711 726
4712 2642
4713 749
4714 727
4715 727
4716 3266
4717 2941
4718 993
4719 1373
4720 1027
4721 731
4722 748
4723 731
4724 731
4725 1694
4726 731
4727 731
4728 2895
4729 731
4730 1562
4731 731
4732 731
4733 731
4734 1308
4735 820
4736 731
4737 889
4738 1039
4739 1248
4740 1621
4741 732
4742 732
4743 732
4744 2036
4745 732
4746 1403
4747 1650
4748 1853
4749 3140
4750 741
4751 741
4752 1257
4753 741
4754 742
4755 1919
4756 2390
4757 839
4758 3090
4759 1371
4760 743
4761 2766
4762 3196
4763 743
4764 835
4765 746
4766 747
4767 748
4768 749
4769 750
4770 2605
4771 750
4772 750
4773 1007
4774 752
4775 2327
4776 756
4777 756
4778 756
4779 1333
4780 756
4781 756
4782 756
4783 756
4784 756
4785 1363
4786 2677
4787 762
4788 842
4789 762
4790 766
4791 2493
4792 1938
4793 769
4794 3043
4795 1294
4796 3100
4797 769
4798 769
4799 1679
4800 1029
4801 2058
4802 769
4803 1260
4804 1686
4805 1274
4806 769
4807 2454
4808 770
4809 771
4810 1955
4811 771
4812 1514
4813 771
4814 771
4815 771
4816 771
4817 984
4818 1854
4819 771
4820 2173
4821 2424
4822 771
4823 1500
4824 1077
4825 3111
4826 772
4827 772
4828 772
4829 773
4830 1338
4831 2700
4832 878
4833 1136
4834 773
4835 773
4836 773
4837 773
4838 2782
4839 773
4840 773
4841 773
4842 1043
4843 775
4844 1317
4845 775
4846 987
4847 775
4848 775
4849 2483
4850 1984
4851 775
4852 2783
4853 775
4854 776
4855 2437
4856 776
4857 1209
4858 776
4859 1205
4860 780
4861 2309
4862 1031
4863 893
4864 2506
4865 783
4866 783
4867 783
4868 1436
4869 1179
4870 783
4871 1334
4872 2543
4873 786
4874 2636
4875 788
4876 2680
4877 1718
4878 2671
4879 789
4880 2256
4881 810
4882 2408
4883 1637
4884 2632
4885 1757
4886 794
4887 1671
4888 794
4889 794
4890 937
4891 794
4892 794
4893 797
4894 797
4895 797
4896 2458
4897 2121
4898 803
4899 803
4900 810
4901 810
4902 1772
4903 811
4904 1126
4905 812
4906 812
4907 812
4908 812
4909 2673
4910 2812
4911 812
4912 814
4913 815
4914 815
4915 815
4916 1057
4917 3037
4918 815
4919 1947
4920 2243
4921 2628
4922 815
4923 815
4924 1335
4925 2292
4926 3152
4927 823
4928 823
4929 823
4930 2111
4931 991
4932 942
4933 830
4934 830
4935 830
4936 2765
4937 830
4938 830
4939 2817
4940 2061
4941 830
4942 830
4943 1925
4944 2838
4945 921
4946 1109
4947 846
4948 1879
4949 835
4950 835
4951 3270
4952 835
4953 835
4954 1093
4955 835
4956 835
4957 836
4958 836
4959 2564
4960 837
4961 1584
4962 837
4963 2976
4964 3027
4965 837
4966 2520
4967 2934
4968 840
4969 2136
4970 841
4971 841
4972 841
4973 841
4974 842
4975 959
4976 2421
4977 842
4978 1758
4979 2573
4980 1397
4981 846
4982 947
4983 846
4984 1177
4985 848
4986 2154
4987 3147
4988 1067
4989 850
4990 1196
4991 852
4992 855
4993 855
4994 3281
4995 855
4996 855
4997 855
4998 1951
4999 1837
5000 1835
5001 1341
5002 2323
5003 2687
5004 903
5005 2714
5006 1200
5007 3085
5008 855
5009 855
5010 2743
5011 855
5012 855
5013 1664
5014 855
5015 1923
5016 2563
5017 855
5018 855
5019 855
5020 1303
5021 855
5022 1242
5023 1681
5024 855
5025 855
5026 3289
5027 855
5028 1726
5029 1580
5030 2406
5031 855
5032 855
5033 2299
5034 2999
5035 1003
5036 877
5037 1262
5038 857
5039 1802
5040 868
5041 2479
5042 2045
5043 872
5044 3095
5045 872
5046 872
5047 874
5048 874
5049 874
5050 2723
5051 874
5052 1183
5053 876
5054 881
5055 1733
5056 1464
5057 884
5058 3126
5059 3122
5060 1358
5061 885
5062 901
5063 1749
5064 885
5065 885
5066 3244
5067 885
5068 885
5069 885
5070 2640
5071 2510
5072 3229
5073 2298
5074 1894
5075 2821
5076 887
5077 1222
5078 887
5079 2086
5080 887
5081 887
5082 887
5083 1648
5084 887
5085 887
5086 887
5087 2044
5088 887
5089 887
5090 3026
5091 1852
5092 887
5093 887
5094 1282
5095 2318
5096 2168
5097 889
5098 1728
5099 891
5100 1465
5101 892
5102 2104
5103 902
5104 2071
5105 1045
5106 1949
5107 2656
5108 1286
5109 1767
5110 893
5111 893
5112 1015
5113 893
5114 2759
5115 893
5116 3086
5117 893
5118 893
5119 1578
5120 1006
5121 2247
5122 923
5123 894
5124 896
5125 897
5126 900
5127 901
5128 907
5129 3014
5130 1223
5131 911
5132 3004
5133 2021
5134 2596
5135 2407
5136 912
5137 913
5138 913
5139 914
5140 915
5141 1546
5142 915
5143 915
5144 2110
5145 915
5146 915
5147 915
5148 1974
5149 1512
5150 2063
5151 2456
5152 2539
5153 919
5154 2797
5155 920
5156 2102
5157 3181
5158 923
5159 1501
5160 2385
5161 925
5162 2637
5163 931
5164 932
5165 2698
5166 932
5167 932
5168 932
5169 932
5170 932
5171 932
5172 945
5173 932
5174 3251
5175 2290
5176 932
5177 932
5178 2284
5179 932
5180 937
5181 1133
5182 939
5183 1936
5184 1192
5185 2107
5186 1182
5187 944
5188 944
5189 2513
5190 3210
5191 944
5192 944
5193 2982
5194 945
5195 945
5196 947
5197 1478
5198 949
5199 949
5200 949
5201 950
5202 950
5203 950
5204 950
5205 950
5206 951
5207 2254
5208 951
5209 951
5210 951
5211 951
5212 951
5213 951
5214 952
5215 1723
5216 1666
5217 1250
5218 957
5219 957
5220 957
5221 957
5222 2485
5223 961
5224 961
5225 2719
5226 961
5227 2115
5228 961
5229 961
5230 2037
5231 961
5232 961
5233 2750
5234 1506
5235 1788
5236 1868
5237 1526
5238 1825
5239 2554
5240 961
5241 961
5242 2117
5243 3192
5244 961
5245 1906
5246 961
5247 1164
5248 961
5249 961
5250 961
5251 1676
5252 961
5253 1809
5254 961
5255 2745
5256 961
5257 1609
5258 961
5259 961
5260 1008
5261 961
5262 1525
5263 961
5264 961
5265 962
5266 963
5267 1427
5268 963
5269 963
5270 963
5271 963
5272 963
5273 963
5274 963
5275 963
5276 964
5277 983
5278 1214
5279 968
5280 970
5281 970
5282 970
5283 970
5284 970
5285 970
5286 2560
5287 970
5288 3167
5289 2630
5290 972
5291 972
5292 1435
5293 972
5294 1510
5295 974
5296 975
5297 1088
5298 1446
5299 977
5300 977
5301 977
5302 977
5303 978
5304 979
5305 981
5306 983
5307 983
5308 2868
5309 983
5310 1887
5311 983
5312 983
5313 3269
5314 2301
5315 3202
5316 983
5317 983
5318 1172
5319 2008
5320 1840
5321 986
5322 986
5323 986
5324 986
5325 1016
5326 2793
5327 993
5328 993
5329 2151
5330 1668
5331 3237
5332 994
5333 2586
5334 3144
5335 1843
5336 996
5337 996
5338 996
5339 996
5340 996
5341 997
5342 997
5343 2577
5344 1004
5345 2549
5346 1428
5347 1895
5348 1012
5349 1013
5350 1013
5351 3286
5352 2697
5353 1013
5354 1013
5355 3287
5356 1013
5357 1013
5358 1013
5359 2534
5360 1193
5361 1013
5362 1796
5363 1113
5364 1015
5365 1015
5366 1287
5367 1745
5368 1016
5369 1017
5370 1017
5371 3052
5372 1021
5373 1022
5374 1022
5375 1022
5376 1022
5377 2674
5378 1228
5379 1023
5380 1023
5381 1023
5382 1023
5383 1023
5384 1023
5385 2042
5386 2113
5387 2003
5388 2381
5389 1026
5390 1952
5391 1029
5392 1070
5393 1030
5394 1031
5395 3200
5396 1031
5397 2083
5398 1033
5399 2114
5400 1037
5401 1037
5402 2126
5403 1038
5404 1038
5405 1038
5406 1038
5407 1204
5408 1039
5409 1817
5410 1040
5411 1040
5412 1040
5413 3264
5414 1040
5415 1040
5416 1636
5417 1086
5418 2059
5419 1043
5420 1170
5421 2062
5422 1044
5423 1044
5424 1044
5425 1044
5426 1800
5427 1044
5428 2649
5429 1176
5430 3042
5431 2267
5432 1045
5433 1045
5434 1045
5435 1045
5436 1045
5437 1656
5438 1050
5439 1052
5440 1243
5441 1052
5442 1052
5443 1789
5444 1052
5445 1593
5446 1268
5447 1963
5448 1054
5449 1076
5450 2325
5451 1058
5452 2804
5453 1058
5454 1058
5455 1058
5456 1275
5457 1059
5458 1059
5459 1059
5460 1060
5461 1060
5462 1060
5463 1449
5464 1696
5465 2911
5466 2261
5467 1061
5468 2798
5469 1280
5470 2401
5471 1184
5472 1064
5473 1064
5474 1064
5475 1064
5476 2399
5477 3290
5478 1353
5479 2615
5480 1064
5481 1859
5482 1064
5483 1064
5484 1065
5485 3008
5486 1065
5487 1065
5488 1807
5489 1065
5490 1068
5491 1068
5492 1068
5493 1068
5494 1068
5495 2780
5496 1071
5497 1072
5498 1309
5499 2867
5500 1078
5501 1735
5502 1081
5503 1989
5504 1716
5505 2075
5506 1085
5507 1414
5508 1085
5509 1645
5510 3274
5511 2917
5512 1085
5513 1085
5514 1085
5515 3133
5516 1087
5517 1088
5518 3221
5519 1089
5520 1089
5521 1089
5522 1296
5523 1448
5524 1926
5525 2717
5526 2994
5527 3193
5528 1747
5529 1089
5530 1572
5531 2770
5532 1090
5533 1090
5534 1090
5535 1090
5536 2263
5537 1093
5538 1474
5539 1181
5540 1469
5541 1508
5542 2392
5543 1094
5544 1098
5545 3057
5546 1099
5547 3136
5548 1101
5549 2170
5550 1102
5551 1103
5552 1105
5553 1105
5554 1105
5555 2250
5556 1107
5557 1108
5558 1412
5559 2445
5560 1108
5561 1108
5562 1140
5563 1108
5564 1108
5565 1108
5566 1108
5567 1108
5568 1108
5569 1108
5570 1108
5571 1108
5572 1108
5573 1108
5574 1108
5575 1560
5576 1440
5577 2848
5578 1477
5579 2187
5580 1108
5581 3203
5582 1910
5583 1112
5584 1112
5585 1112
5586 2732
5587 1114
5588 1114
5589 1114
5590 1482
5591 1114
5592 2644
5593 1499
5594 1116
5595 1761
5596 2262
5597 1118
5598 1118
5599 1118
5600 1339
5601 1118
5602 1118
5603 1549
5604 1566
5605 2433
5606 1539
5607 1119
5608 2569
5609 1126
5610 1236
5611 1554
5612 1131
5613 1934
5614 2724
5615 1806
5616 2871
5617 2811
5618 2354
5619 1137
5620 2466
5621 2929
5622 1137
5623 2919
5624 1137
5625 2128
5626 2664
5627 1141
5628 1142
5629 2047
5630 1256
5631 1146
5632 1601
5633 1146
5634 1146
5635 1146
5636 1146
5637 1146
5638 1146
5639 2156
5640 2694
5641 3092
5642 1488
5643 1152
5644 1755
5645 1155
5646 1156
5647 1156
5648 1156
5649 2374
5650 2253
5651 2574
5652 1158
5653 1169
5654 1158
5655 1158
5656 1158
5657 1158
5658 1158
5659 1540
5660 1160
5661 2371
5662 1160
5663 1160
5664 1160
5665 1160
5666 1160
5667 1456
5668 1160
5669 1518
5670 1166
5671 3000
5672 3074
5673 1174
5674 3249
5675 1174
5676 1174
5677 1452
5678 2314
5679 1174
5680 1175
5681 1175
5682 1178
5683 1178
5684 2091
5685 1629
5686 2957
5687 2702
5688 1182
5689 1182
5690 1182
5691 1182
5692 2018
5693 1182
5694 1182
5695 1182
5696 1182
5697 1729
5698 2681
5699 3109
5700 1186
5701 1191
5702 1635
5703 3102
5704 1195
5705 3084
5706 1195
5707 1195
5708 1196
5709 1362
5710 1196
5711 1196
5712 2370
5713 1739
5714 1901
5715 2025
5716 1202
5717 1202
5718 2081
5719 1202
5720 2277
5721 1209
5722 2932
5723 1370
5724 1211
5725 1211
5726 2920
5727 1211
5728 1211
5729 1211
5730 1211
5731 2472
5732 2662
5733 1211
5734 1211
5735 1211
5736 1419
5737 1211
5738 1211
5739 1211
5740 1870
5741 1211
5742 1213
5743 1213
5744 2555
5745 1215
5746 1215
5747 1216
5748 1217
5749 1217
5750 2320
5751 1218
5752 1218
5753 1223
5754 3295
5755 1981
5756 2181
5757 2467
5758 1223
5759 1223
5760 2463
5761 1224
5762 1953
5763 1226
5764 1226
5765 1226
5766 1227
5767 1227
5768 1227
5769 1227
5770 1229
5771 2012
5772 3067
5773 1231
5774 1379
5775 1233
5776 2160
5777 1883
5778 2383
5779 1234
5780 1234
5781 1234
5782 1730
5783 1235
5784 3218
5785 2201
5786 1352
5787 1877
5788 1236
5789 2617
5790 1241
5791 1241
5792 1797
5793 1244
5794 1244
5795 2439
5796 1245
5797 1246
5798 1247
5799 1247
5800 2346
5801 2213
5802 1249
5803 1253
5804 1253
5805 1253
5806 2712
5807 1430
5808 1253
5809 2260
5810 1253
5811 1253
5812 1253
5813 3291
5814 1253
5815 1253
5816 1778
5817 1253
5818 1253
5819 1582
5820 1367
5821 1253
5822 2096
5823 1253
5824 1638
5825 1253
5826 1253
5827 1483
5828 1321
5829 1253
5830 1253
5831 1253
5832 2913
5833 2930
5834 1253
5835 1347
5836 1253
5837 3091
5838 2138
5839 1253
5840 2336
5841 1253
5842 2289
5843 1617
5844 1253
5845 1253
5846 1253
5847 1253
5848 2991
5849 1255
5850 1255
5851 1256
5852 2281
5853 2176
5854 1257
5855 1259
5856 2504
5857 3034
5858 1260
5859 1260
5860 1260
5861 1260
5862 1260
5863 2633
5864 1260
5865 1260
5866 1260
5867 1260
5868 1462
5869 1260
5870 3180
5871 1260
5872 1260
5873 1260
5874 1640
5875 2227
5876 2027
5877 1260
5878 1948
5879 2507
5880 1260
5881 1292
5882 1386
5883 3065
5884 1260
5885 1260
5886 2996
5887 1260
5888 1260
5889 1677
5890 1823
5891 1489
5892 2521
5893 1260
5894 1260
5895 1260
5896 1260
5897 1780
5898 1260
5899 1260
5900 2820
5901 1260
5902 1260
5903 1260
5904 1260
5905 1260
5906 2583
5907 1473
5908 1260
5909 2239
5910 1260
5911 1260
5912 1260
5913 1260
5914 1260
5915 1260
5916 1260
5917 1260
5918 2854
5919 1260
5920 1260
5921 2486
5922 1260
5923 1260
5924 1337
5925 3139
5926 1260
5927 1260
5928 1260
5929 1345
5930 1266
5931 1266
5932 1781
5933 1266
5934 1266
5935 1266
5936 1266
5937 1266
5938 1281
5939 1269
5940 2958
5941 1272
5942 1272
5943 1639
5944 2185
5945 2359
5946 1591
5947 1275
5948 1275
5949 3104
5950 1275
5951 1275
5952 3278
5953 1275
5954 1275
5955 2459
5956 1279
5957 1279
5958 1279
5959 1279
5960 1973
5961 2946
5962 1279
5963 1279
5964 1279
5965 1279
5966 1280
5967 1280
5968 1280
5969 1280
5970 1280
5971 1280
5972 1280
5973 2039
5974 2405
5975 2388
5976 1280
5977 3088
5978 2857
5979 1280
5980 1280
5981 1280
5982 1280
5983 2418
5984 1280
5985 1280
5986 1280
5987 1280
5988 1280
5989 1633
5990 1280
5991 1786
5992 1280
5993 1280
5994 1280
5995 1280
5996 1280
5997 1760
5998 1280
5999 1280
6000 1280
6001 1280
6002 1280
6003 1524
6004 1741
6005 1281
6006 1281
6007 1281
6008 2609
6009 2873
6010 1281
6011 1281
6012 3227
6013 1285
6014 1285
6015 1285
6016 1286
6017 1658
6018 2968
6019 1287
6020 1288
6021 2230
6022 1289
6023 2704
6024 1302
6025 1911
6026 1289
6027 2792
6028 1812
6029 1289
6030 1289
6031 1289
6032 1289
6033 1599
6034 1289
6035 1290
6036 1624
6037 1290
6038 1290
6039 2785
6040 1290
6041 1291
6042 3083
6043 2859
6044 1291
6045 1291
6046 1291
6047 2514
6048 1291
6049 1695
6050 1291
6051 1291
6052 1291
6053 1292
6054 1292
6055 1292
6056 1292
6057 1292
6058 1292
6059 3212
6060 1292
6061 1292
6062 1292
6063 2927
6064 1292
6065 3256
6066 1409
6067 1914
6068 1292
6069 1294
6070 1294
6071 2189
6072 1294
6073 1294
6074 1361
6075 1294
6076 2725
6077 1604
6078 1559
6079 2904
6080 1294
6081 2967
6082 1295
6083 1441
6084 1295
6085 1296
6086 1296
6087 2287
6088 1297
6089 1298
6090 2900
6091 1298
6092 1299
6093 1299
6094 1299
6095 2391
6096 2125
6097 1455
6098 2464
6099 1303
6100 1543
6101 1791
6102 1303
6103 2435
6104 2150
6105 1310
6106 1310
6107 1310
6108 1310
6109 3195
6110 1310
6111 1311
6112 1314
6113 1315
6114 2801
6115 1317
6116 1318
6117 1318
6118 2411
6119 1359
6120 1318
6121 1318
6122 1318
6123 1318
6124 2499
6125 1318
6126 1319
6127 1319
6128 1702
6129 1980
6130 1322
6131 1324
6132 1324
6133 1325
6134 1937
6135 1330
6136 1794
6137 1334
6138 1336
6139 1339
6140 1339
6141 1661
6142 1339
6143 1339
6144 1340
6145 2809
6146 1340
6147 2078
6148 1340
6149 1340
6150 1340
6151 1340
6152 1375
6153 1343
6154 1917
6155 1344
6156 1344
6157 1344
6158 1344
6159 1344
6160 1345
6161 1348
6162 1348
6163 2403
6164 1348
6165 1348
6166 1348
6167 1348
6168 1348
6169 2682
6170 1348
6171 1348
6172 1785
6173 1348
6174 1348
6175 3038
6176 1348
6177 1348
6178 1349
6179 2387
6180 1349
6181 1349
6182 1349
6183 1349
6184 1752
6185 2410
6186 1351
6187 1353
6188 2376
6189 1360
6190 3214
6191 1362
6192 1362
6193 1363
6194 1548
6195 2169
6196 1407
6197 1775
6198 1363
6199 1365
6200 1480
6201 1365
6202 1903
6203 1367
6204 1367
6205 2034
6206 2001
6207 1368
6208 2885
6209 1368
6210 2109
6211 1968
6212 1368
6213 2259
6214 1368
6215 1368
6216 1368
6217 1368
6218 1368
6219 1368
6220 1929
6221 1368
6222 1368
6223 1368
6224 1368
6225 1368
6226 1368
6227 1368
6228 2840
6229 1368
6230 1529
6231 1368
6232 1368
6233 1368
6234 1485
6235 2591
6236 1368
6237 1368
6238 1368
6239 1368
6240 2084
6241 1368
6242 1368
6243 1370
6244 1916
6245 1370
6246 1392
6247 1370
6248 1370
6249 1371
6250 1371
6251 1371
6252 1372
6253 1373
6254 1587
6255 1373
6256 3033
6257 1374
6258 1374
6259 1571
6260 1375
6261 1375
6262 1375
6263 2741
6264 1376
6265 1376
6266 1378
6267 1381
6268 1381
6269 1557
6270 1383
6271 1383
6272 1383
6273 1851
6274 1384
6275 1384
6276 1384
6277 1396
6278 2646
6279 1386
6280 1386
6281 1386
6282 1386
6283 1386
6284 2052
6285 1388
6286 2676
6287 1389
6288 1389
6289 1390
6290 1391
6291 3240
6292 3123
6293 1395
6294 1395
6295 1395
6296 1641
6297 1396
6298 1997
6299 2939
6300 1396
6301 1960
6302 1397
6303 1397
6304 2490
6305 1397
6306 3242
6307 1397
6308 1397
6309 1397
6310 1646
6311 1397
6312 3125
6313 1397
6314 1397
6315 1536
6316 1402
6317 1403
6318 1404
6319 1404
6320 1697
6321 1407
6322 1408
6323 2190
6324 1413
6325 1777
6326 1413
6327 1413
6328 1413
6329 1413
6330 1425
6331 1413
6332 1414
6333 1414
6334 1415
6335 1415
6336 2057
6337 1417
6338 1418
6339 1420
6340 1420
6341 1420
6342 1420
6343 2619
6344 2760
6345 1423
6346 1428
6347 1429
6348 1432
6349 2964
6350 3204
6351 1432
6352 2171
6353 1432
6354 1432
6355 1432
6356 1432
6357 2705
6358 2139
6359 1432
6360 1432
6361 1432
6362 2294
6363 1434
6364 1434
6365 2182
6366 1435
6367 1435
6368 1435
6369 1734
6370 1435
6371 1435
6372 1435
6373 1672
6374 1435
6375 1435
6376 2728
6377 2984
6378 1435
6379 1435
6380 1435
6381 1435
6382 1435
6383 1435
6384 1435
6385 2444
6386 1435
6387 1876
6388 1435
6389 1435
6390 1435
6391 1435
6392 1435
6393 1882
6394 1435
6395 1435
6396 1504
6397 1438
6398 3277
6399 1613
6400 1441
6401 1441
6402 2366
6403 1441
6404 1441
6405 1441
6406 1441
6407 1441
6408 2849
6409 1441
6410 1441
6411 1441
6412 1441
6413 1441
6414 2910
6415 1441
6416 2803
6417 1442
6418 1442
6419 1446
6420 1446
6421 1449
6422 2675
6423 1449
6424 1449
6425 1449
6426 1449
6427 1884
6428 1453
6429 1881
6430 2162
6431 1456
6432 1592
6433 1458
6434 1458
6435 1460
6436 1462
6437 1583
6438 2449
6439 1464
6440 1464
6441 1464
6442 1464
6443 1465
6444 1465
6445 1822
6446 2475
6447 1467
6448 2544
6449 1600
6450 1475
6451 2862
6452 1475
6453 1477
6454 1477
6455 3253
6456 1477
6457 1477
6458 2043
6459 1477
6460 1477
6461 2626
6462 1477
6463 2590
6464 3099
6465 1477
6466 2814
6467 1477
6468 3225
6469 1477
6470 1477
6471 1477
6472 1477
6473 1477
6474 1477
6475 1477
6476 1920
6477 1477
6478 3055
6479 1479
6480 1480
6481 2961
6482 1480
6483 1480
6484 1480
6485 1480
6486 1480
6487 2749
6488 2054
6489 2225
6490 1480
6491 1480
6492 1480
6493 1480
6494 1480
6495 1480
6496 1480
6497 1480
6498 1480
6499 1480
6500 1480
6501 1480
6502 2236
6503 1480
6504 3013
6505 2231
6506 2517
6507 2579
6508 1889
6509 1480
6510 1589
6511 1480
6512 1480
6513 1480
6514 1480
6515 1480
6516 1482
6517 2425
6518 3145
6519 2736
6520 1485
6521 1485
6522 1486
6523 1486
6524 3187
6525 1486
6526 1486
6527 2347
6528 1487
6529 1864
6530 1492
6531 1492
6532 2441
6533 2753
6534 1492
6535 2382
6536 1494
6537 1496
6538 1496
6539 1497
6540 1498
6541 2032
6542 1500
6543 1500
6544 1500
6545 2551
6546 1500
6547 1500
6548 1500
6549 1500
6550 2238
6551 1500
6552 1500
6553 1500
6554 1869
6555 1579
6556 1500
6557 1500
6558 1858
6559 2372
6560 1500
6561 2582
6562 1500
6563 1904
6564 2067
6565 1500
6566 1500
6567 2268
6568 1500
6569 1505
6570 2846
6571 1596
6572 1500
6573 1500
6574 2199
6575 1500
6576 1500
6577 1500
6578 1500
6579 2093
6580 1500
6581 1500
6582 1500
6583 1500
6584 1500
6585 2931
6586 1500
6587 1500
6588 1500
6589 1744
6590 1500
6591 1500
6592 2625
6593 1500
6594 1978
6595 1500
6596 1500
6597 1500
6598 1500
6599 1500
6600 1500
6601 1500
6602 3272
6603 1500
6604 1500
6605 1500
6606 1500
6607 3054
6608 1941
6609 1500
6610 1500
6611 1500
6612 1500
6613 1500
6614 1500
6615 1531
6616 1500
6617 2989
6618 1500
6619 1631
6620 1500
6621 1500
6622 1500
6623 2600
6624 1500
6625 1500
6626 3118
6627 1500
6628 2340
6629 1500
6630 1500
6631 1500
6632 2905
6633 1500
6634 1500
6635 2614
6636 2519
6637 1711
6638 1501
6639 1501
6640 1501
6641 1501
6642 1501
6643 1502
6644 1502
6645 1690
6646 1502
6647 2672
6648 1502
6649 1502
6650 1502
6651 1502
6652 1502
6653 1502
6654 1502
6655 2733
6656 1502
6657 1502
6658 1502
6659 1502
6660 2278
6661 1764
6662 2710
6663 1502
6664 1502
6665 2866
6666 1502
6667 3185
6668 1502
6669 1502
6670 2731
6671 1502
6672 1502
6673 1502
6674 1502
6675 1502
6676 1502
6677 1502
6678 1502
6679 2901
6680 2443
6681 2715
6682 1502
6683 1810
6684 1502
6685 1502
6686 1502
6687 2558
6688 1502
6689 1502
6690 2116
6691 1502
6692 1502
6693 1502
6694 1502
6695 1502
6696 2679
6697 3223
6698 2824
6699 2276
6700 3141
6701 1502
6702 1502
6703 1502
6704 1502
6705 1502
6706 1502
6707 1502
6708 1503
6709 1503
6710 1503
6711 1504
6712 2017
6713 2863
6714 1504
6715 1675
6716 1505
6717 1798
6718 1507
6719 3132
6720 1509
6721 3120
6722 1533
6723 1514
6724 1514
6725 1514
6726 1514
6727 1514
6728 1605
6729 1515
6730 1515
6731 1515
6732 2311
6733 1727
6734 1678
6735 1518
6736 1519
6737 1520
6738 1520
6739 1522
6740 1924
6741 1525
6742 1526
6743 1526
6744 2953
6745 2915
6746 2874
6747 1526
6748 2023
6749 1526
6750 1804
6751 1528
6752 1529
6753 2101
6754 3146
6755 1531
6756 1531
6757 1532
6758 1533
6759 1535
6760 1535
6761 1535
6762 1537
6763 1537
6764 1537
6765 1537
6766 1537
6767 2334
6768 1537
6769 1539
6770 1540
6771 1541
6772 1542
6773 1577
6774 1543
6775 1546
6776 1704
6777 1547
6778 1547
6779 1547
6780 3235
6781 1549
6782 2122
6783 2764
6784 1550
6785 1552
6786 1553
6787 1961
6788 1834
6789 1553
6790 1553
6791 2306
6792 1553
6793 1559
6794 1560
6795 1560
6796 1562
6797 1562
6798 2245
6799 1562
6800 1563
6801 2204
6802 1565
6803 1570
6804 1570
6805 1572
6806 1573
6807 2133
6808 1616
6809 1577
6810 2935
6811 1577
6812 1577
6813 2661
6814 1577
6815 1577
6816 1577
6817 1577
6818 2004
6819 1578
6820 1579
6821 1579
6822 1580
6823 1583
6824 1586
6825 1586
6826 1586
6827 1587
6828 2070
6829 1587
6830 1634
6831 1930
6832 1594
6833 1594
6834 1597
6835 1597
6836 2826
6837 1597
6838 1597
6839 1597
6840 1597
6841 2813
6842 2842
6843 1597
6844 1597
6845 1598
6846 1599
6847 1599
6848 2350
6849 1599
6850 1599
6851 1599
6852 1599
6853 1599
6854 1599
6855 1878
6856 1599
6857 1599
6858 2757
6859 1599
6860 1599
6861 2907
6862 1601
6863 1603
6864 1604
6865 1604
6866 3177
6867 1604
6868 1604
6869 1604
6870 1604
6871 2834
6872 2535
6873 1606
6874 1609
6875 1609
6876 1609
6877 1719
6878 1609
6879 1610
6880 1610
6881 2952
6882 1612
6883 2118
6884 1615
6885 1618
6886 1618
6887 3110
6888 1619
6889 1619
6890 1622
6891 2537
6892 1627
6893 1627
6894 1627
6895 2312
6896 1635
6897 1635
6898 1635
6899 2400
6900 1635
6901 1637
6902 1640
6903 2153
6904 1640
6905 1861
6906 2877
6907 2266
6908 1644
6909 1644
6910 3174
6911 2973
6912 2360
6913 2368
6914 2536
6915 2389
6916 1648
6917 1653
6918 1654
6919 1655
6920 1657
6921 1660
6922 1661
6923 1661
6924 1662
6925 1662
6926 1662
6927 1664
6928 1664
6929 1665
6930 1665
6931 2645
6932 1665
6933 1666
6934 1667
6935 1668
6936 2087
6937 1675
6938 1675
6939 1675
6940 1675
6941 1675
6942 2076
6943 1675
6944 2235
6945 2530
6946 1675
6947 1675
6948 1675
6949 1675
6950 1675
6951 1675
6952 1675
6953 1773
6954 1675
6955 1675
6956 1676
6957 1676
6958 1676
6959 1676
6960 1676
6961 2214
6962 1676
6963 2304
6964 1676
6965 1676
6966 2080
6967 1676
6968 1676
6969 3044
6970 1676
6971 2627
6972 1676
6973 2571
6974 3148
6975 1700
6976 2924
6977 2380
6978 1679
6979 1679
6980 2196
6981 2597
6982 2103
6983 1682
6984 1682
6985 1682
6986 1682
6987 2762
6988 1685
6989 1685
6990 2427
6991 1685
6992 1687
6993 1688
6994 1693
6995 1693
6996 1693
6997 1693
6998 3106
6999 2892
7000 1695
7001 1695
7002 1695
7003 1697
7004 1697
7005 1698
7006 1698
7007 1700
7008 1700
7009 1702
7010 2540
7011 1710
7012 1710
7013 1710
7014 1711
7015 2631
7016 1714
7017 1714
7018 1714
7019 1830
7020 1715
7021 1715
7022 1715
7023 1717
7024 1717
7025 1718
7026 1719
7027 1736
7028 2974
7029 1720
7030 1721
7031 1721
7032 1723
7033 1723
7034 1725
7035 1726
7036 1726
7037 3153
7038 1726
7039 1728
7040 1728
7041 1730
7042 1730
7043 1731
7044 2361
7045 1815
7046 1732
7047 1733
7048 1733
7049 1735
7050 1736
7051 2837
7052 1736
7053 2992
7054 1736
7055 1736
7056 1736
7057 1737
7058 2469
7059 1737
7060 1737
7061 2428
7062 1737
7063 1737
7064 1737
7065 1995
7066 1737
7067 2002
7068 1737
7069 1737
7070 1737
7071 1826
7072 1737
7073 1958
7074 2526
7075 1940
7076 1737
7077 2011
7078 1737
7079 1743
7080 1737
7081 1737
7082 1737
7083 2226
7084 1737
7085 1737
7086 1737
7087 1737
7088 2825
7089 1988
7090 1739
7091 1739
7092 1739
7093 1739
7094 1739
7095 1739
7096 1741
7097 3032
7098 1744
7099 1744
7100 1747
7101 1747
7102 1748
7103 1748
7104 1944
7105 1750
7106 2073
7107 2265
7108 1750
7109 1750
7110 1750
7111 1990
7112 1750
7113 1753
7114 1755
7115 2578
7116 1762
7117 1762
7118 1764
7119 2105
7120 1764
7121 2861
7122 2990
7123 1767
7124 1768
7125 1769
7126 2079
7127 1769
7128 2815
7129 2006
7130 1769
7131 1771
7132 2251
7133 1777
7134 1779
7135 1780
7136 1783
7137 2598
7138 1784
7139 2255
7140 1785
7141 1789
7142 1792
7143 1792
7144 1793
7145 2248
7146 1793
7147 1793
7148 1793
7149 2112
7150 1794
7151 1796
7152 1796
7153 1796
7154 1796
7155 1796
7156 2450
7157 1797
7158 1797
7159 1797
7160 1797
7161 1818
7162 1797
7163 1799
7164 3030
7165 1799
7166 1799
7167 2916
7168 2328
7169 1799
7170 1799
7171 1799
7172 1800
7173 2703
7174 1800
7175 1803
7176 1803
7177 1805
7178 1805
7179 1807
7180 2246
7181 2634
7182 2894
7183 1812
7184 1812
7185 1812
7186 1814
7187 1814
7188 1814
7189 1816
7190 1816
7191 2928
7192 1987
7193 2550
7194 2592
7195 1818
7196 1954
7197 1822
7198 1823
7199 1823
7200 1823
7201 2465
7202 2013
7203 1824
7204 2652
7205 2307
7206 1831
7207 2174
7208 1831
7209 2557
7210 1834
7211 1922
7212 1835
7213 2938
7214 1837
7215 1838
7216 3040
7217 3219
7218 1841
7219 1841
7220 1985
7221 1841
7222 2055
7223 1841
7224 1841
7225 1841
7226 1873
7227 1850
7228 1853
7229 1854
7230 1854
7231 1856
7232 1857
7233 1857
7234 3252
7235 2203
7236 1857
7237 2149
7238 1857
7239 1859
7240 2402
7241 1862
7242 1863
7243 2215
7244 1863
7245 2670
7246 1863
7247 1863
7248 1867
7249 1868
7250 1871
7251 1871
7252 1871
7253 1871
7254 2647
7255 2909
7256 1874
7257 1875
7258 1876
7259 1877
7260 1877
7261 2726
7262 1877
7263 1877
7264 2949
7265 1877
7266 1877
7267 1877
7268 1877
7269 1877
7270 1877
7271 1877
7272 2349
7273 1877
7274 2707
7275 1877
7276 1877
7277 2789
7278 2890
7279 2998
7280 2183
7281 1877
7282 1877
7283 2621
7284 1877
7285 1877
7286 1877
7287 1877
7288 3216
7289 1877
7290 1877
7291 1877
7292 1877
7293 2524
7294 2293
7295 1877
7296 1879
7297 1879
7298 1879
7299 2319
7300 1880
7301 1880
7302 1880
7303 1882
7304 1883
7305 2457
7306 2648
7307 1884
7308 1884
7309 1884
7310 1884
7311 1884
7312 1884
7313 1884
7314 2870
7315 1887
7316 1887
7317 1890
7318 1890
7319 1890
7320 1890
7321 1890
7322 1890
7323 1890
7324 1890
7325 1893
7326 1893
7327 1900
7328 1901
7329 1901
7330 2180
7331 3066
7332 1904
7333 1904
7334 1907
7335 1910
7336 1912
7337 1912
7338 1912
7339 2553
7340 1921
7341 2872
7342 1921
7343 1921
7344 1921
7345 1923
7346 1923
7347 2264
7348 1998
7349 1923
7350 1923
7351 1923
7352 1923
7353 1925
7354 1927
7355 1927
7356 1977
7357 1929
7358 2119
7359 1931
7360 1931
7361 1931
7362 1931
7363 1931
7364 2691
7365 1937
7366 1942
7367 2918
7368 1942
7369 1942
7370 1942
7371 1942
7372 1942
7373 1942
7374 1942
7375 1942
7376 1942
7377 1944
7378 1944
7379 1944
7380 2761
7381 1945
7382 1945
7383 1945
7384 1946
7385 1946
7386 1946
7387 1946
7388 1949
7389 1950
7390 1950
7391 1951
7392 1951
7393 1951
7394 1951
7395 1951
7396 1951
7397 1951
7398 2832
7399 2270
7400 1952
7401 1956
7402 1956
7403 1958
7404 1959
7405 1959
7406 1959
7407 1960
7408 1962
7409 1963
7410 2853
7411 1964
7412 1969
7413 1969
7414 2395
7415 1970
7416 1971
7417 3213
7418 1975
7419 1976
7420 1976
7421 1978
7422 1978
7423 2971
7424 1980
7425 1980
7426 1984
7427 1987
7428 1988
7429 1988
7430 1988
7431 1988
7432 1988
7433 1988
7434 1991
7435 1997
7436 1998
7437 1998
7438 1999
7439 2997
7440 1999
7441 1999
7442 1999
7443 2778
7444 1999
7445 2460
7446 1999
7447 2004
7448 2004
7449 2004
7450 2007
7451 2007
7452 2007
7453 2933
7454 2769
7455 2008
7456 2008
7457 2046
7458 2008
7459 2008
7460 2008
7461 2008
7462 2777
7463 2008
7464 2008
7465 2008
7466 2008
7467 2008
7468 2008
7469 2008
7470 2008
7471 2008
7472 2008
7473 2008
7474 2751
7475 2008
7476 2008
7477 2718
7478 2008
7479 2570
7480 2008
7481 2008
7482 2129
7483 2008
7484 2364
7485 2008
7486 2008
7487 2008
7488 2008
7489 2008
7490 3282
7491 2321
7492 2008
7493 2008
7494 2008
7495 2008
7496 2476
7497 2008
7498 2008
7499 2008
7500 2008
7501 2008
7502 3209
7503 2008
7504 2008
7505 2008
7506 2008
7507 2008
7508 2008
7509 2008
7510 2008
7511 2008
7512 2008
7513 2008
7514 2008
7515 2008
7516 2008
7517 2548
7518 2008
7519 2008
7520 2008
7521 2008
7522 2008
7523 2008
7524 2008
7525 2008
7526 2008
7527 2008
7528 2008
7529 2008
7530 2008
7531 2345
7532 2008
7533 2008
7534 2008
7535 2009
7536 2009
7537 2009
7538 2379
7539 2009
7540 2012
7541 2012
7542 3080
7543 2373
7544 2019
7545 2019
7546 2020
7547 2099
7548 2023
7549 2480
7550 2696
7551 2026
7552 2436
7553 2030
7554 2032
7555 2032
7556 3261
7557 3222
7558 2608
7559 2035
7560 2035
7561 2035
7562 2035
7563 2470
7564 2035
7565 2035
7566 2035
7567 2035
7568 2035
7569 2035
7570 2035
7571 2035
7572 2035
7573 2035
7574 2035
7575 2123
7576 2039
7577 2039
7578 2545
7579 2042
7580 2043
7581 2043
7582 2043
7583 2043
7584 2046
7585 2046
7586 2046
7587 2046
7588 2047
7589 2048
7590 2048
7591 2048
7592 2048
7593 2244
7594 2581
7595 2455
7596 2049
7597 2049
7598 2049
7599 2049
7600 2054
7601 2054
7602 2058
7603 2058
7604 2060
7605 2062
7606 2629
7607 2442
7608 2067
7609 2067
7610 2067
7611 2067
7612 2070
7613 2074
7614 2763
7615 2078
7616 2078
7617 2078
7618 2078
7619 2078
7620 2078
7621 2078
7622 2078
7623 2078
7624 2078
7625 2078
7626 2795
7627 2078
7628 2079
7629 2080
7630 2082
7631 2085
7632 2085
7633 2085
7634 2089
7635 2090
7636 2090
7637 2653
7638 2093
7639 2096
7640 2096
7641 2097
7642 2098
7643 2098
7644 2098
7645 2098
7646 2098
7647 2098
7648 2808
7649 2098
7650 2098
7651 2099
7652 2099
7653 2099
7654 2099
7655 2300
7656 2099
7657 2099
7658 2099
7659 2099
7660 2099
7661 2099
7662 2099
7663 2099
7664 2104
7665 2105
7666 2192
7667 2105
7668 2105
7669 2105
7670 2105
7671 2423
7672 2744
7673 2107
7674 3097
7675 2107
7676 2107
7677 2107
7678 2107
7679 3047
7680 2107
7681 2107
7682 2107
7683 2107
7684 2107
7685 2107
7686 2107
7687 2111
7688 2111
7689 2112
7690 2112
7691 2117
7692 2121
7693 2124
7694 2124
7695 2124
7696 2124
7697 2124
7698 2124
7699 2124
7700 2124
7701 2124
7702 2124
7703 2124
7704 2124
7705 2124
7706 2124
7707 2124
7708 2124
7709 2124
7710 2124
7711 2124
7712 2124
7713 2124
7714 2478
7715 2128
7716 2129
7717 2129
7718 2129
7719 2129
7720 2129
7721 2130
7722 2130
7723 2131
7724 2131
7725 2131
7726 2131
7727 2131
7728 2131
7729 2131
7730 2131
7731 2131
7732 2131
7733 2131
7734 2131
7735 2131
7736 3186
7737 3155
7738 2488
7739 2132
7740 2132
7741 2132
7742 2132
7743 2132
7744 2134
7745 2136
7746 2137
7747 2141
7748 2143
7749 2143
7750 2144
7751 2144
7752 2144
7753 2144
7754 3239
7755 2144
7756 2146
7757 2565
7758 2146
7759 2146
7760 2146
7761 2149
7762 2358
7763 2152
7764 2155
7765 2157
7766 2158
7767 2159
7768 2159
7769 2160
7770 2160
7771 2161
7772 2163
7773 2413
7774 2799
7775 2163
7776 2163
7777 2163
7778 2310
7779 2959
7780 2166
7781 2166
7782 2166
7783 2166
7784 2186
7785 2166
7786 2166
7787 2589
7788 2167
7789 2167
7790 2167
7791 2171
7792 2828
7793 2171
7794 2209
7795 2171
7796 2171
7797 2171
7798 2172
7799 2175
7800 2180
7801 2752
7802 2180
7803 3243
7804 2180
7805 2180
7806 2180
7807 2182
7808 2182
7809 2182
7810 2182
7811 2185
7812 2187
7813 2187
7814 2187
7815 3117
7816 2187
7817 2187
7818 2207
7819 2188
7820 2721
7821 2188
7822 2781
7823 2188
7824 2188
7825 2188
7826 2188
7827 2188
7828 2188
7829 2189
7830 2189
7831 2189
7832 2189
7833 2189
7834 3268
7835 2194
7836 2196
7837 2198
7838 2198
7839 2198
7840 2198
7841 2200
7842 2654
7843 2201
7844 2201
7845 2201
7846 2279
7847 2202
7848 2203
7849 3022
7850 2203
7851 2203
7852 2203
7853 2203
7854 2203
7855 2203
7856 2203
7857 2203
7858 2203
7859 2203
7860 2203
7861 2203
7862 2203
7863 2203
7864 2203
7865 2203
7866 2203
7867 2203
7868 2203
7869 2203
7870 2203
7871 2203
7872 2203
7873 2203
7874 2204
7875 2205
7876 2794
7877 2209
7878 2209
7879 3224
7880 2214
7881 2214
7882 2429
7883 2215
7884 2215
7885 2215
7886 2215
7887 2215
7888 2217
7889 2219
7890 3280
7891 2219
7892 2220
7893 2220
7894 2221
7895 2221
7896 2221
7897 2231
7898 2233
7899 3178
7900 2233
7901 2236
7902 2239
7903 2239
7904 2239
7905 2239
7906 2720
7907 2247
7908 2977
7909 2250
7910 2533
7911 3068
7912 2252
7913 2255
7914 2257
7915 2257
7916 2257
7917 2257
7918 2257
7919 2261
7920 2261
7921 2263
7922 3208
7923 2348
7924 3260
7925 2272
7926 2272
7927 2272
7928 2272
7929 2272
7930 2274
7931 2274
7932 2275
7933 2275
7934 2275
7935 2275
7936 2275
7937 2275
7938 2276
7939 2276
7940 2276
7941 2278
7942 2278
7943 2279
7944 2496
7945 2511
7946 2283
7947 2284
7948 2285
7949 2286
7950 2290
7951 2290
7952 2290
7953 2293
7954 2293
7955 2295
7956 2295
7957 2296
7958 2878
7959 2300
7960 2300
7961 2300
7962 2898
7963 2300
7964 3170
7965 2300
7966 2301
7967 3246
7968 2542
7969 3006
7970 2313
7971 2313
7972 2313
7973 2313
7974 2313
7975 2313
7976 2313
7977 2313
7978 2727
7979 2314
7980 2315
7981 2315
7982 2318
7983 2318
7984 2318
7985 2318
7986 2319
7987 2319
7988 2321
7989 2321
7990 2321
7991 2322
7992 3051
7993 2835
7994 2326
7995 2329
7996 2329
7997 2329
7998 2329
7999 2330
8000 2332
8001 2332
8002 2332
8003 2332
8004 2333
8005 2337
8006 2337
8007 3003
8008 2339
8009 2339
8010 2339
8011 2339
8012 2340
8013 2340
8014 2340
8015 2340
8016 3115
8017 2340
8018 2340
8019 2340
8020 2340
8021 2340
8022 2340
8023 2340
8024 2340
8025 2572
8026 2341
8027 2947
8028 2341
8029 2347
8030 2347
8031 2347
8032 2347
8033 2348
8034 2349
8035 2351
8036 2624
8037 2353
8038 2355
8039 2358
8040 2358
8041 2359
8042 2416
8043 2643
8044 2362
8045 2362
8046 2362
8047 3114
8048 2955
8049 2369
8050 2369
8051 2369
8052 2370
8053 2370
8054 2370
8055 2370
8056 2370
8057 2370
8058 2370
8059 2370
8060 2850
8061 2376
8062 2378
8063 2382
8064 2383
8065 2383
8066 2384
8067 2384
8068 2585
8069 3094
8070 2388
8071 2389
8072 2389
8073 2390
8074 2805
8075 2390
8076 2390
8077 2390
8078 2390
8079 2393
8080 2393
8081 2393
8082 2393
8083 2393
8084 2393
8085 2394
8086 2395
8087 2395
8088 2395
8089 2402
8090 2404
8091 2501
8092 2404
8093 2405
8094 2406
8095 2406
8096 2406
8097 2406
8098 2408
8099 2412
8100 2413
8101 2413
8102 2413
8103 2413
8104 2413
8105 3232
8106 2413
8107 2413
8108 2413
8109 2413
8110 2413
8111 2414
8112 2800
8113 2414
8114 2414
8115 2604
8116 2418
8117 2419
8118 2420
8119 2422
8120 2425
8121 2427
8122 2427
8123 2428
8124 2668
8125 2431
8126 2431
8127 2772
8128 2432
8129 2433
8130 2437
8131 2438
8132 2438
8133 2438
8134 2438
8135 2439
8136 2439
8137 2439
8138 2439
8139 2439
8140 2440
8141 2440
8142 3283
8143 2440
8144 2440
8145 2441
8146 2441
8147 2442
8148 2442
8149 2444
8150 2444
8151 2639
8152 2444
8153 2444
8154 2444
8155 2444
8156 2444
8157 2444
8158 2444
8159 2444
8160 2444
8161 2444
8162 2444
8163 2444
8164 2444
8165 2445
8166 2447
8167 2447
8168 2447
8169 2447
8170 2450
8171 2450
8172 2450
8173 2450
8174 2452
8175 2515
8176 2456
8177 2456
8178 2456
8179 3077
8180 2456
8181 2599
8182 2456
8183 2456
8184 3226
8185 2456
8186 2456
8187 2612
8188 2456
8189 2456
8190 2667
8191 2456
8192 2456
8193 2568
8194 2456
8195 2456
8196 2456
8197 2456
8198 2456
8199 2456
8200 2456
8201 3031
8202 2456
8203 2456
8204 2460
8205 2460
8206 2466
8207 2468
8208 2468
8209 2468
8210 3018
8211 2469
8212 2469
8213 2469
8214 2474
8215 2474
8216 2476
8217 2477
8218 2477
8219 2477
8220 2477
8221 2479
8222 2483
8223 2483
8224 2493
8225 2641
8226 2493
8227 2493
8228 2493
8229 2493
8230 2493
8231 2493
8232 2494
8233 2494
8234 2496
8235 2497
8236 2499
8237 2499
8238 2499
8239 2518
8240 2499
8241 2499
8242 2500
8243 2500
8244 2500
8245 2503
8246 2504
8247 2504
8248 2504
8249 2504
8250 2507
8251 2507
8252 2507
8253 2507
8254 2507
8255 2507
8256 2507
8257 2507
8258 2507
8259 2507
8260 2937
8261 2507
8262 2507
8263 2507
8264 2787
8265 2507
8266 3098
8267 2507
8268 2509
8269 2509
8270 2510
8271 2511
8272 2511
8273 2511
8274 2511
8275 2514
8276 2514
8277 2515
8278 2515
8279 2587
8280 2518
8281 2518
8282 2519
8283 2519
8284 3234
8285 2522
8286 2523
8287 2524
8288 2524
8289 2524
8290 2822
8291 2525
8292 2525
8293 2527
8294 2528
8295 2638
8296 2533
8297 2533
8298 2534
8299 3197
8300 2537
8301 2537
8302 2537
8303 2538
8304 2539
8305 2539
8306 2543
8307 2544
8308 2810
8309 2544
8310 2544
8311 2544
8312 2544
8313 2544
8314 2544
8315 3231
8316 2544
8317 3255
8318 2544
8319 2544
8320 2950
8321 2544
8322 2544
8323 2544
8324 2544
8325 2546
8326 2546
8327 2829
8328 2547
8329 2852
8330 2547
8331 2784
8332 2547
8333 2547
8334 2547
8335 2549
8336 2549
8337 2549
8338 2549
8339 2549
8340 2551
8341 2551
8342 2551
8343 2553
8344 2553
8345 2553
8346 2558
8347 2558
8348 2558
8349 2558
8350 2558
8351 2558
8352 2558
8353 3061
8354 2558
8355 2558
8356 2558
8357 2558
8358 2558
8359 2558
8360 3093
8361 2558
8362 2558
8363 2558
8364 2558
8365 2562
8366 2563
8367 3168
8368 2564
8369 2565
8370 2565
8371 2565
8372 2566
8373 2566
8374 2567
8375 3024
8376 2567
8377 3053
8378 2567
8379 2570
8380 2570
8381 2570
8382 2573
8383 2711
8384 3029
8385 2573
8386 2573
8387 2576
8388 2578
8389 2579
8390 2583
8391 2583
8392 2583
8393 2585
8394 2585
8395 2585
8396 2585
8397 2585
8398 2587
8399 2587
8400 2587
8401 3189
8402 2589
8403 2590
8404 2650
8405 2845
8406 2598
8407 2599
8408 2599
8409 2599
8410 2599
8411 2602
8412 2602
8413 2602
8414 2602
8415 2602
8416 2602
8417 2819
8418 2771
8419 2602
8420 2602
8421 2602
8422 2602
8423 2602
8424 2602
8425 2602
8426 2602
8427 2602
8428 2602
8429 2602
8430 2602
8431 2602
8432 2602
8433 2602
8434 2602
8435 2602
8436 2602
8437 2602
8438 2602
8439 2602
8440 2602
8441 2602
8442 3046
8443 2602
8444 2606
8445 2606
8446 2606
8447 2606
8448 2608
8449 2608
8450 2830
8451 2608
8452 2839
8453 2608
8454 2608
8455 2608
8456 2608
8457 2608
8458 2609
8459 2609
8460 2619
8461 2622
8462 2622
8463 2622
8464 2626
8465 2626
8466 2627
8467 2627
8468 2627
8469 2816
8470 2628
8471 2628
8472 2628
8473 2628
8474 2628
8475 2628
8476 2628
8477 2628
8478 2629
8479 2629
8480 2629
8481 2985
8482 2629
8483 2629
8484 2629
8485 2629
8486 2630
8487 2633
8488 2637
8489 3089
8490 2641
8491 2642
8492 2643
8493 2643
8494 2643
8495 2643
8496 2643
8497 2643
8498 2643
8499 2643
8500 2643
8501 2643
8502 2643
8503 2643
8504 2643
8505 2643
8506 2643
8507 2643
8508 2643
8509 2643
8510 2643
8511 2643
8512 2643
8513 2643
8514 2643
8515 2643
8516 2643
8517 3262
8518 2643
8519 2643
8520 2643
8521 2643
8522 2643
8523 2643
8524 3154
8525 2643
8526 2643
8527 3265
8528 2643
8529 2643
8530 2643
8531 2643
8532 2643
8533 2643
8534 2643
8535 2643
8536 3107
8537 2643
8538 2643
8539 2643
8540 2643
8541 2643
8542 2643
8543 2643
8544 2643
8545 2643
8546 2643
8547 2643
8548 3010
8549 2643
8550 2643
8551 2643
8552 2643
8553 2643
8554 2843
8555 2756
8556 2643
8557 2643
8558 2643
8559 2643
8560 2643
8561 2643
8562 2643
8563 2643
8564 2643
8565 3056
8566 2730
8567 2643
8568 2643
8569 2643
8570 2643
8571 2643
8572 2643
8573 3124
8574 2643
8575 3259
8576 2643
8577 2643
8578 2643
8579 2643
8580 2643
8581 2643
8582 2643
8583 2643
8584 2643
8585 2643
8586 2643
8587 2643
8588 2643
8589 2643
8590 2643
8591 2887
8592 2643
8593 2643
8594 2643
8595 2643
8596 2643
8597 2643
8598 2643
8599 2643
8600 2643
8601 2643
8602 2643
8603 2643
8604 2643
8605 2643
8606 2643
8607 2643
8608 2643
8609 2650
8610 2650
8611 2650
8612 2899
8613 2650
8614 2650
8615 2650
8616 2650
8617 2650
8618 2650
8619 2650
8620 2650
8621 2650
8622 3296
8623 2650
8624 2650
8625 2650
8626 2650
8627 3173
8628 2651
8629 2652
8630 2655
8631 2655
8632 2658
8633 2658
8634 2661
8635 2662
8636 2662
8637 2662
8638 2662
8639 2662
8640 2662
8641 2662
8642 3172
8643 2663
8644 2666
8645 2666
8646 2666
8647 2666
8648 2667
8649 2667
8650 2667
8651 2667
8652 3023
8653 2671
8654 2671
8655 2673
8656 2675
8657 3184
8658 2675
8659 2675
8660 2675
8661 2676
8662 2708
8663 2676
8664 2676
8665 2676
8666 2676
8667 2677
8668 2680
8669 2680
8670 2680
8671 2681
8672 2682
8673 2682
8674 2684
8675 2684
8676 2684
8677 2684
8678 2684
8679 3036
8680 2685
8681 2688
8682 2847
8683 2689
8684 2690
8685 2690
8686 2690
8687 2690
8688 2690
8689 2690
8690 2690
8691 2690
8692 2692
8693 2692
8694 2692
8695 2692
8696 2692
8697 2692
8698 2692
8699 2692
8700 2786
8701 2695
8702 2695
8703 2697
8704 2697
8705 2697
8706 2697
8707 2697
8708 2698
8709 2699
8710 2702
8711 2707
8712 2709
8713 2715
8714 2715
8715 2716
8716 3205
8717 2716
8718 3288
8719 2716
8720 2716
8721 2716
8722 2716
8723 2773
8724 2716
8725 2716
8726 2716
8727 2716
8728 2716
8729 2716
8730 2721
8731 3263
8732 2725
8733 2725
8734 2726
8735 2726
8736 2726
8737 2728
8738 2729
8739 2731
8740 2731
8741 2731
8742 2731
8743 2731
8744 3075
8745 2732
8746 2732
8747 2732
8748 2732
8749 2737
8750 2739
8751 2739
8752 2740
8753 2740
8754 2740
8755 2740
8756 2740
8757 2740
8758 2740
8759 2740
8760 2740
8761 2742
8762 2743
8763 2743
8764 2969
8765 2746
8766 2746
8767 2747
8768 2747
8769 2858
8770 2749
8771 2749
8772 2749
8773 2749
8774 2749
8775 2749
8776 2954
8777 2752
8778 2754
8779 2754
8780 2755
8781 2755
8782 2757
8783 2760
8784 2761
8785 2761
8786 2761
8787 2761
8788 2761
8789 2761
8790 2761
8791 2761
8792 2761
8793 3021
8794 2763
8795 2773
8796 2773
8797 2773
8798 2773
8799 3233
8800 3134
8801 2774
8802 2774
8803 2774
8804 2774
8805 2774
8806 2774
8807 2774
8808 2775
8809 2775
8810 2775
8811 2775
8812 2775
8813 2775
8814 2775
8815 3073
8816 2775
8817 2775
8818 2775
8819 2775
8820 2775
8821 2775
8822 2775
8823 2775
8824 2775
8825 2775
8826 2775
8827 2775
8828 2775
8829 2775
8830 2775
8831 2776
8832 2776
8833 2776
8834 2776
8835 2776
8836 2778
8837 2778
8838 2779
8839 2779
8840 2779
8841 2779
8842 2779
8843 2779
8844 2779
8845 2779
8846 2780
8847 2783
8848 2784
8849 2786
8850 2786
8851 2787
8852 2791
8853 2791
8854 2791
8855 2794
8856 2794
8857 2869
8858 3121
8859 2926
8860 2802
8861 2803
8862 2803
8863 2807
8864 2808
8865 2808
8866 2809
8867 2809
8868 2809
8869 2809
8870 2809
8871 2809
8872 2809
8873 2810
8874 2810
8875 2811
8876 2811
8877 2981
8878 3113
8879 2812
8880 3064
8881 2812
8882 2812
8883 2812
8884 2813
8885 2814
8886 2814
8887 2814
8888 2814
8889 2814
8890 2814
8891 2814
8892 2814
8893 2814
8894 2814
8895 2816
8896 2816
8897 2816
8898 2817
8899 2963
8900 2817
8901 2817
8902 2823
8903 2908
8904 2943
8905 2823
8906 2826
8907 2826
8908 2826
8909 2826
8910 2830
8911 2830
8912 2831
8913 2833
8914 2833
8915 2835
8916 2837
8917 2838
8918 2839
8919 2840
8920 2840
8921 2843
8922 2846
8923 2846
8924 2848
8925 2891
8926 2848
8927 2851
8928 2854
8929 2854
8930 2854
8931 2854
8932 2879
8933 2854
8934 2854
8935 2856
8936 3166
8937 2856
8938 2856
8939 2856
8940 3150
8941 2858
8942 2858
8943 2858
8944 2859
8945 2861
8946 2863
8947 2863
8948 2864
8949 2866
8950 2866
8951 2869
8952 2870
8953 2870
8954 2872
8955 2874
8956 2877
8957 2877
8958 2877
8959 2877
8960 3131
8961 2879
8962 2879
8963 2879
8964 2879
8965 2879
8966 2948
8967 2879
8968 2879
8969 2983
8970 2879
8971 2880
8972 2880
8973 3028
8974 2883
8975 2883
8976 2883
8977 2883
8978 2884
8979 2884
8980 2884
8981 2884
8982 2884
8983 2885
8984 2885
8985 3069
8986 2891
8987 2892
8988 3279
8989 2893
8990 2893
8991 2897
8992 2897
8993 2897
8994 3025
8995 2901
8996 2901
8997 2901
8998 2902
8999 2912
9000 2902
9001 2902
9002 2902
9003 2902
9004 2902
9005 2902
9006 2902
9007 2903
9008 2903
9009 2903
9010 2904
9011 2904
9012 2908
9013 2910
9014 2910
9015 2910
9016 2910
9017 2910
9018 2910
9019 2910
9020 2910
9021 2910
9022 2910
9023 2910
9024 2910
9025 2910
9026 2910
9027 2910
9028 2910
9029 2911
9030 2911
9031 2911
9032 3087
9033 2911
9034 2911
9035 2911
9036 2911
9037 2911
9038 2911
9039 2911
9040 2911
9041 2911
9042 2911
9043 2911
9044 2911
9045 2911
9046 2911
9047 2911
9048 2911
9049 2911
9050 2911
9051 2911
9052 2911
9053 2911
9054 2911
9055 2911
9056 2911
9057 2911
9058 2911
9059 2911
9060 2911
9061 2911
9062 2911
9063 2911
9064 2911
9065 2911
9066 2911
9067 2911
9068 2911
9069 2911
9070 2911
9071 2911
9072 2911
9073 2911
9074 2911
9075 2911
9076 2911
9077 2911
9078 2911
9079 3058
9080 2911
9081 3198
9082 2911
9083 2911
9084 2911
9085 2911
9086 2911
9087 2911
9088 2911
9089 2911
9090 2911
9091 2911
9092 2911
9093 2911
9094 3119
9095 2911
9096 2911
9097 2911
9098 2911
9099 2911
9100 2911
9101 2911
9102 2911
9103 2911
9104 2911
9105 2911
9106 2911
9107 2911
9108 2911
9109 3035
9110 2911
9111 2911
9112 2911
9113 2911
9114 2914
9115 2914
9116 2914
9117 2914
9118 2915
9119 2916
9120 2916
9121 2916
9122 3081
9123 2918
9124 2918
9125 2918
9126 2918
9127 2965
9128 2918
9129 2918
9130 2918
9131 2918
9132 2918
9133 2918
9134 2924
9135 2924
9136 3158
9137 2924
9138 2926
9139 2926
9140 2926
9141 2926
9142 3211
9143 2926
9144 2926
9145 3138
9146 2926
9147 2929
9148 3191
9149 2930
9150 3135
9151 2930
9152 2930
9153 2930
9154 2930
9155 2930
9156 2930
9157 2930
9158 2930
9159 2930
9160 2930
9161 2930
9162 2930
9163 2930
9164 2930
9165 2930
9166 2930
9167 2930
9168 2930
9169 2930
9170 2930
9171 2930
9172 2930
9173 2930
9174 2930
9175 2930
9176 2930
9177 3171
9178 2930
9179 2930
9180 2930
9181 2930
9182 2930
9183 2930
9184 2930
9185 2930
9186 2930
9187 2930
9188 2930
9189 2930
9190 2930
9191 2930
9192 2930
9193 2930
9194 2930
9195 2930
9196 2930
9197 2930
9198 2930
9199 2930
9200 2930
9201 2930
9202 2930
9203 2930
9204 2931
9205 2931
9206 2931
9207 2931
9208 3285
9209 2931
9210 2931
9211 3016
9212 2931
9213 2931
9214 2931
9215 2931
9216 2931
9217 2931
9218 2934
9219 2934
9220 2934
9221 2935
9222 2935
9223 2937
9224 2940
9225 2940
9226 2940
9227 2940
9228 2940
9229 2940
9230 2940
9231 2940
9232 2940
9233 2940
9234 2940
9235 2940
9236 2940
9237 2940
9238 2940
9239 2940
9240 2940
9241 2940
9242 2941
9243 2941
9244 2941
9245 2941
9246 2941
9247 2941
9248 3071
9249 2941
9250 2941
9251 2941
9252 2941
9253 2941
9254 2941
9255 2941
9256 2941
9257 2941
9258 2941
9259 2941
9260 2942
9261 2943
9262 2943
9263 2943
9264 2943
9265 2944
9266 2947
9267 2947
9268 2947
9269 2972
9270 2947
9271 2947
9272 2948
9273 2948
9274 2948
9275 2948
9276 2948
9277 2948
9278 2948
9279 2948
9280 2950
9281 2950
9282 2951
9283 2953
9284 2953
9285 2954
9286 2954
9287 3137
9288 2957
9289 2958
9290 2958
9291 2958
9292 2958
9293 2958
9294 2958
9295 2959
9296 2959
9297 2959
9298 2959
9299 2960
9300 2963
9301 2964
9302 2964
9303 2964
9304 2964
9305 2966
9306 2966
9307 2966
9308 2966
9309 2966
9310 3236
9311 2966
9312 2968
9313 2968
9314 2968
9315 2968
9316 2980
9317 2968
9318 2968
9319 2968
9320 2968
9321 2968
9322 2968
9323 2968
9324 2968
9325 3156
9326 2970
9327 2971
9328 2971
9329 2972
9330 2972
9331 2975
9332 2976
9333 2980
9334 2980
9335 2980
9336 2980
9337 2980
9338 2980
9339 2981
9340 2981
9341 2981
9342 3159
9343 2981
9344 2982
9345 2982
9346 2982
9347 3129
9348 2983
9349 2983
9350 2983
9351 2984
9352 2984
9353 2984
9354 2984
9355 2985
9356 2985
9357 2985
9358 2989
9359 2990
9360 2990
9361 2990
9362 2990
9363 2991
9364 2992
9365 2992
9366 2992
9367 2992
9368 2993
9369 2994
9370 2997
9371 2997
9372 2998
9373 3000
9374 3000
9375 3000
9376 3000
9377 3000
9378 3011
9379 3000
9380 3000
9381 3000
9382 3000
9383 3000
9384 3000
9385 3000
9386 3220
9387 3005
9388 3005
9389 3005
9390 3005
9391 3005
9392 3005
9393 3005
9394 3005
9395 3005
9396 3005
9397 3005
9398 3005
9399 3005
9400 3005
9401 3005
9402 3005
9403 3005
9404 3005
9405 3005
9406 3005
9407 3005
9408 3005
9409 3062
9410 3005
9411 3005
9412 3005
9413 3005
9414 3008
9415 3008
9416 3009
9417 3009
9418 3009
9419 3009
9420 3011
9421 3012
9422 3012
9423 3012
9424 3012
9425 3012
9426 3012
9427 3012
9428 3012
9429 3012
9430 3012
9431 3012
9432 3012
9433 3012
9434 3041
9435 3014
9436 3014
9437 3014
9438 3014
9439 3014
9440 3016
9441 3016
9442 3016
9443 3017
9444 3017
9445 3017
9446 3017
9447 3017
9448 3019
9449 3020
9450 3021
9451 3021
9452 3021
9453 3021
9454 3021
9455 3021
9456 3021
9457 3021
9458 3021
9459 3021
9460 3021
9461 3022
9462 3024
9463 3026
9464 3027
9465 3028
9466 3028
9467 3028
9468 3245
9469 3033
9470 3033
9471 3037
9472 3037
9473 3037
9474 3041
9475 3041
9476 3041
9477 3041
9478 3041
9479 3041
9480 3041
9481 3041
9482 3041
9483 3045
9484 3045
9485 3045
9486 3045
9487 3045
9488 3045
9489 3045
9490 3045
9491 3045
9492 3045
9493 3045
9494 3045
9495 3046
9496 3047
9497 3047
9498 3047
9499 3047
9500 3047
9501 3047
9502 3047
9503 3047
9504 3048
9505 3048
9506 3048
9507 3048
9508 3049
9509 3050
9510 3050
9511 3050
9512 3052
9513 3052
9514 3053
9515 3057
9516 3060
9517 3061
9518 3061
9519 3061
9520 3061
9521 3061
9522 3061
9523 3061
9524 3061
9525 3061
9526 3061
9527 3061
9528 3061
9529 3292
9530 3061
9531 3061
9532 3061
9533 3061
9534 3063
9535 3063
9536 3063
9537 3063
9538 3064
9539 3064
9540 3064
9541 3071
9542 3071
9543 3073
9544 3073
9545 3076
9546 3076
9547 3077
9548 3077
9549 3077
9550 3077
9551 3078
9552 3078
9553 3082
9554 3254
9555 3083
9556 3087
9557 3089
9558 3089
9559 3089
9560 3089
9561 3089
9562 3089
9563 3089
9564 3089
9565 3089
9566 3089
9567 3089
9568 3089
9569 3089
9570 3089
9571 3090
9572 3090
9573 3090
9574 3090
9575 3090
9576 3090
9577 3090
9578 3090
9579 3090
9580 3090
9581 3090
9582 3090
9583 3090
9584 3090
9585 3090
9586 3090
9587 3090
9588 3090
9589 3090
9590 3090
9591 3090
9592 3090
9593 3090
9594 3091
9595 3091
9596 3108
9597 3257
9598 3093
9599 3100
9600 3100
9601 3101
9602 3101
9603 3101
9604 3102
9605 3103
9606 3104
9607 3105
9608 3107
9609 3111
9610 3112
9611 3112
9612 3115
9613 3115
9614 3115
9615 3115
9616 3115
9617 3122
9618 3126
9619 3126
9620 3128
9621 3128
9622 3128
9623 3128
9624 3133
9625 3137
9626 3137
9627 3137
9628 3137
9629 3137
9630 3137
9631 3137
9632 3137
9633 3137
9634 3137
9635 3137
9636 3137
9637 3137
9638 3137
9639 3137
9640 3137
9641 3137
9642 3139
9643 3139
9644 3139
9645 3139
9646 3139
9647 3139
9648 3139
9649 3140
9650 3140
9651 3140
9652 3140
9653 3140
9654 3140
9655 3142
9656 3142
9657 3142
9658 3142
9659 3142
9660 3142
9661 3142
9662 3142
9663 3142
9664 3142
9665 3142
9666 3142
9667 3142
9668 3142
9669 3142
9670 3142
9671 3142
9672 3142
9673 3142
9674 3142
9675 3142
9676 3142
9677 3142
9678 3142
9679 3142
9680 3142
9681 3142
9682 3142
9683 3142
9684 3142
9685 3142
9686 3142
9687 3142
9688 3142
9689 3142
9690 3142
9691 3142
9692 3142
9693 3142
9694 3142
9695 3142
9696 3275
9697 3142
9698 3144
9699 3145
9700 3145
9701 3145
9702 3145
9703 3145
9704 3146
9705 3147
9706 3147
9707 3150
9708 3152
9709 3152
9710 3152
9711 3152
9712 3152
9713 3152
9714 3153
9715 3238
9716 3153
9717 3154
9718 3155
9719 3155
9720 3155
9721 3156
9722 3161
9723 3161
9724 3161
9725 3161
9726 3161
9727 3161
9728 3206
9729 3164
9730 3164
9731 3164
9732 3164
9733 3164
9734 3164
9735 3164
9736 3164
9737 3164
9738 3165
9739 3165
9740 3165
9741 3165
9742 3167
9743 3167
9744 3167
9745 3167
9746 3167
9747 3167
9748 3167
9749 3167
9750 3168
9751 3169
9752 3169
9753 3169
9754 3169
9755 3169
9756 3170
9757 3170
9758 3171
9759 3173
9760 3174
9761 3174
9762 3176
9763 3176
9764 3176
9765 3177
9766 3177
9767 3183
9768 3183
9769 3183
9770 3183
9771 3183
9772 3183
9773 3183
9774 3184
9775 3186
9776 3186
9777 3188
9778 3188
9779 3188
9780 3188
9781 3188
9782 3188
9783 3188
9784 3188
9785 3188
9786 3188
9787 3188
9788 3188
9789 3189
9790 3190
9791 3190
9792 3190
9793 3190
9794 3207
9795 3190
9796 3190
9797 3190
9798 3190
9799 3190
9800 3190
9801 3190
9802 3190
9803 3190
9804 3190
9805 3190
9806 3293
9807 3190
9808 3190
9809 3190
9810 3190
9811 3190
9812 3190
9813 3190
9814 3190
9815 3190
9816 3190
9817 3190
9818 3190
9819 3190
9820 3190
9821 3190
9822 3190
9823 3190
9824 3190
9825 3190
9826 3190
9827 3190
9828 3190
9829 3190
9830 3190
9831 3190
9832 3190
9833 3190
9834 3190
9835 3190
9836 3190
9837 3190
9838 3190
9839 3190
9840 3190
9841 3190
9842 3190
9843 3190
9844 3190
9845 3190
9846 3190
9847 3190
9848 3201
9849 3191
9850 3258
9851 3192
9852 3193
9853 3193
9854 3196
9855 3196
9856 3198
9857 3202
9858 3202
9859 3207
9860 3207
9861 3207
9862 3207
9863 3207
9864 3207
9865 3208
9866 3208
9867 3209
9868 3209
9869 3209
9870 3209
9871 3214
9872 3215
9873 3215
9874 3221
9875 3221
9876 3221
9877 3225
9878 3225
9879 3227
9880 3227
9881 3227
9882 3227
9883 3227
9884 3227
9885 3228
9886 3228
9887 3228
9888 3228
9889 3230
9890 3231
9891 3233
9892 3233
9893 3233
9894 3237
9895 3237
9896 3237
9897 3237
9898 3238
9899 3240
9900 3240
9901 3240
9902 3240
9903 3244
9904 3245
9905 3246
9906 3246
9907 3246
9908 3246
9909 3246
9910 3246
9911 3246
9912 3246
9913 3246
9914 3246
9915 3246
9916 3250
9917 3251
9918 3251
9919 3251
9920 3251
9921 3251
9922 3251
9923 3251
9924 3251
9925 3251
9926 3251
9927 3254
9928 3254
9929 3255
9930 3255
9931 3257
9932 3263
9933 3263
9934 3265
9935 3266
9936 3267
9937 3267
9938 3267
9939 3267
9940 3267
9941 3267
9942 3267
9943 3267
9944 3267
9945 3267
9946 3267
9947 3267
9948 3268
9949 3268
9950 3268
9951 3271
9952 3271
9953 3271
9954 3272
9955 3275
9956 3275
9957 3276
9958 3277
9959 3277
9960 3278
9961 3278
9962 3278
9963 3278
9964 3279
9965 3280
9966 3280
9967 3280
9968 3280
9969 3280
9970 3280
9971 3280
9972 3280
9973 3281
9974 3281
9975 3281
9976 3284
9977 3284
9978 3284
9979 3284
9980 3284
9981 3284
9982 3284
9983 3284
9984 3284
9985 3284
9986 3284
9987 3284
9988 3284
9989 3284
9990 3286
9991 3286
9992 3286
9993 3290
9994 3292
9995 3292
9996 3293
9997 3294
9998 3294
9999 3296
