10000 9999
1 0
2 1
3 0
4 2
5 2
6 5
7 6
8 3
9 3
10 9
11 0
12 5
13 11
14 12
15 6
16 5
17 15
18 17
19 9
20 17
21 9
22 18
23 18
24 9
25 11
26 22
27 17
28 7
29 11
30 27
31 7
32 27
33 19
34 27
35 26
36 30
37 2
38 23
39 16
40 31
41 12
42 28
43 7
44 36
45 33
46 36
47 36
48 33
49 33
50 36
51 36
52 7
53 7
54 11
55 4
56 27
57 53
58 22
59 53
60 49
61 53
62 53
63 28
64 53
65 27
66 50
67 53
68 53
69 63
70 53
71 53
72 53
73 51
74 62
75 23
76 53
77 24
78 53
79 52
80 55
81 80
82 9
83 73
84 8
85 53
86 73
87 80
88 24
89 10
90 36
91 53
92 33
93 20
94 35
95 76
96 33
97 27
98 28
99 82
100 69
101 68
102 3
103 102
104 53
105 89
106 53
107 52
108 88
109 53
110 89
111 38
112 53
113 53
114 53
115 80
116 53
117 53
118 91
119 89
120 80
121 33
122 53
123 42
124 19
125 53
126 89
127 53
128 36
129 111
130 114
131 68
132 129
133 116
134 125
135 70
136 73
137 70
138 5
139 53
140 53
141 140
142 102
143 53
144 83
145 73
146 114
147 133
148 63
149 109
150 146
151 114
152 36
153 130
154 134
155 114
156 148
157 114
158 142
159 114
160 102
161 160
162 155
163 71
164 19
165 116
166 143
167 89
168 53
169 53
170 101
171 53
172 17
173 77
174 33
175 98
176 93
177 167
178 102
179 73
180 53
181 145
182 114
183 133
184 67
185 53
186 114
187 180
188 68
189 157
190 121
191 147
192 29
193 36
194 53
195 114
196 114
197 140
198 53
199 53
200 152
201 25
202 27
203 138
204 71
205 152
206 135
207 53
208 53
209 11
210 148
211 103
212 201
213 53
214 53
215 131
216 53
217 75
218 114
219 170
220 53
221 167
222 114
223 102
224 141
225 53
226 208
227 167
228 191
229 117
230 53
231 185
232 209
233 76
234 152
235 66
236 215
237 93
238 53
239 173
240 217
241 128
242 53
243 82
244 195
245 53
246 9
247 148
248 210
249 210
250 183
251 249
252 241
253 200
254 56
255 53
256 82
257 236
258 114
259 169
260 146
261 117
262 117
263 53
264 173
265 114
266 144
267 92
268 195
269 238
270 248
271 58
272 249
273 169
274 263
275 271
276 59
277 4
278 211
279 265
280 148
281 114
282 241
283 114
284 32
285 109
286 157
287 173
288 207
289 250
290 214
291 210
292 214
293 139
294 53
295 237
296 53
297 53
298 206
299 262
300 213
301 36
302 271
303 33
304 141
305 142
306 210
307 119
308 249
309 186
310 53
311 286
312 249
313 303
314 116
315 169
316 46
317 257
318 312
319 241
320 180
321 169
322 149
323 300
324 169
325 289
326 114
327 186
328 316
329 302
330 241
331 328
332 102
333 241
334 85
335 53
336 158
337 35
338 235
339 109
340 310
341 245
342 311
343 241
344 158
345 14
346 18
347 53
348 36
349 180
350 275
351 105
352 43
353 124
354 102
355 263
356 346
357 110
358 241
359 125
360 26
361 169
362 358
363 163
364 328
365 89
366 291
367 249
368 33
369 95
370 261
371 251
372 313
373 114
374 193
375 312
376 241
377 103
378 241
379 122
380 246
381 324
382 241
383 241
384 214
385 150
386 344
387 301
388 372
389 169
390 241
391 102
392 232
393 53
394 278
395 200
396 366
397 169
398 54
399 372
400 264
401 361
402 210
403 226
404 372
405 169
406 372
407 368
408 353
409 114
410 80
411 34
412 247
413 53
414 43
415 219
416 167
417 36
418 53
419 106
420 241
421 362
422 201
423 165
424 89
425 241
426 244
427 227
428 126
429 312
430 419
431 215
432 103
433 241
434 331
435 249
436 196
437 303
438 147
439 306
440 230
441 53
442 365
443 245
444 417
445 145
446 153
447 27
448 403
449 171
450 260
451 180
452 53
453 184
454 27
455 249
456 75
457 293
458 127
459 447
460 121
461 409
462 324
463 241
464 241
465 372
466 342
467 150
468 53
469 241
470 461
471 203
472 202
473 228
474 152
475 53
476 210
477 326
478 214
479 241
480 357
481 439
482 407
483 380
484 390
485 208
486 241
487 102
488 249
489 452
490 411
491 212
492 372
493 169
494 241
495 398
496 249
497 239
498 285
499 169
500 241
501 417
502 53
503 280
504 180
505 346
506 385
507 372
508 235
509 53
510 241
511 500
512 342
513 330
514 84
515 311
516 169
517 328
518 124
519 405
520 27
521 343
522 296
523 59
524 132
525 272
526 283
527 506
528 82
529 19
530 171
531 405
532 27
533 485
534 395
535 87
536 422
537 27
538 403
539 80
540 214
541 158
542 235
543 114
544 417
545 452
546 362
547 125
548 437
549 312
550 52
551 53
552 506
553 359
554 542
555 310
556 76
557 178
558 328
559 481
560 214
561 62
562 528
563 404
564 458
565 53
566 404
567 53
568 189
569 251
570 296
571 355
572 424
573 327
574 526
575 14
576 528
577 102
578 335
579 82
580 573
581 488
582 521
583 380
584 372
585 387
586 565
587 241
588 165
589 367
590 573
591 544
592 343
593 475
594 214
595 529
596 566
597 228
598 231
599 287
600 199
601 534
602 506
603 367
604 214
605 114
606 304
607 235
608 398
609 432
610 169
611 573
612 587
613 600
614 114
615 53
616 438
617 449
618 70
619 573
620 500
621 580
622 114
623 304
624 542
625 518
626 529
627 484
628 169
629 573
630 494
631 488
632 581
633 484
634 328
635 180
636 375
637 437
638 188
639 328
640 103
641 420
642 310
643 241
644 241
645 257
646 241
647 600
648 114
649 560
650 53
651 53
652 53
653 452
654 328
655 241
656 214
657 220
658 466
659 561
660 541
661 587
662 274
663 345
664 455
665 573
666 69
667 142
668 551
669 290
670 114
671 151
672 561
673 352
674 539
675 249
676 220
677 534
678 241
679 506
680 241
681 636
682 445
683 249
684 114
685 367
686 241
687 307
688 600
689 319
690 600
691 280
692 466
693 328
694 551
695 169
696 63
697 73
698 506
699 600
700 600
701 445
702 633
703 686
704 107
705 167
706 431
707 310
708 33
709 479
710 319
711 116
712 686
713 431
714 567
715 644
716 710
717 365
718 302
719 567
720 221
721 622
722 114
723 180
724 76
725 340
726 391
727 554
728 394
729 491
730 79
731 372
732 670
733 169
734 124
735 376
736 457
737 607
738 343
739 729
740 575
741 329
742 713
743 369
744 301
745 358
746 670
747 169
748 411
749 729
750 364
751 53
752 417
753 255
754 694
755 637
756 322
757 742
758 653
759 114
760 609
761 579
762 241
763 328
764 595
765 596
766 694
767 208
768 595
769 314
770 169
771 343
772 398
773 518
774 101
775 165
776 694
777 740
778 216
779 79
780 600
781 615
782 343
783 64
784 494
785 605
786 249
787 41
788 53
789 328
790 582
791 17
792 140
793 241
794 114
795 372
796 506
797 416
798 75
799 567
800 142
801 349
802 704
803 195
804 557
805 642
806 249
807 653
808 687
809 781
810 310
811 76
812 571
813 217
814 687
815 710
816 398
817 798
818 600
819 678
820 592
821 400
822 343
823 415
824 817
825 335
826 586
827 516
828 53
829 526
830 553
831 734
832 704
833 214
834 210
835 310
836 587
837 692
838 653
839 574
840 241
841 309
842 409
843 556
844 120
845 675
846 761
847 573
848 183
849 600
850 556
851 617
852 233
853 586
854 285
855 687
856 104
857 824
858 669
859 380
860 581
861 765
862 504
863 519
864 788
865 586
866 846
867 693
868 649
869 53
870 694
871 687
872 458
873 585
874 304
875 691
876 195
877 803
878 601
879 803
880 505
881 687
882 477
883 82
884 852
885 833
886 214
887 217
888 681
889 214
890 796
891 834
892 506
893 762
894 335
895 249
896 99
897 765
898 572
899 306
900 704
901 292
902 777
903 901
904 284
905 718
906 506
907 863
908 305
909 241
910 833
911 858
912 235
913 506
914 544
915 147
916 241
917 317
918 186
919 362
920 372
921 704
922 909
923 559
924 302
925 847
926 833
927 833
928 641
929 535
930 159
931 694
932 180
933 279
934 226
935 340
936 591
937 929
938 522
939 335
940 600
941 365
942 567
943 863
944 181
945 762
946 898
947 214
948 313
949 379
950 679
951 864
952 426
953 80
954 713
955 762
956 765
957 147
958 868
959 573
960 311
961 625
962 618
963 241
964 833
965 241
966 434
967 523
968 435
969 653
970 74
971 433
972 968
973 241
974 928
975 319
976 573
977 630
978 536
979 241
980 409
981 911
982 925
983 958
984 768
985 444
986 704
987 103
988 929
989 556
990 241
991 774
992 257
993 684
994 573
995 494
996 641
997 952
998 929
999 757
1000 114
1001 868
1002 720
1003 319
1004 791
1005 669
1006 544
1007 701
1008 350
1009 722
1010 890
1011 986
1012 346
1013 180
1014 425
1015 220
1016 573
1017 1008
1018 148
1019 282
1020 706
1021 740
1022 439
1023 599
1024 940
1025 573
1026 506
1027 999
1028 768
1029 586
1030 111
1031 953
1032 586
1033 833
1034 748
1035 622
1036 133
1037 161
1038 109
1039 945
1040 1023
1041 906
1042 945
1043 696
1044 863
1045 167
1046 380
1047 915
1048 369
1049 372
1050 929
1051 507
1052 788
1053 622
1054 863
1055 812
1056 784
1057 69
1058 863
1059 979
1060 673
1061 924
1062 863
1063 726
1064 762
1065 1021
1066 505
1067 388
1068 929
1069 471
1070 162
1071 147
1072 215
1073 744
1074 863
1075 60
1076 1057
1077 573
1078 891
1079 792
1080 945
1081 236
1082 929
1083 973
1084 986
1085 833
1086 700
1087 675
1088 833
1089 169
1090 284
1091 635
1092 1041
1093 704
1094 372
1095 1045
1096 420
1097 914
1098 466
1099 768
1100 1028
1101 833
1102 167
1103 882
1104 529
1105 940
1106 48
1107 600
1108 1073
1109 779
1110 973
1111 831
1112 480
1113 314
1114 833
1115 681
1116 692
1117 38
1118 382
1119 872
1120 483
1121 863
1122 821
1123 1000
1124 1101
1125 407
1126 709
1127 573
1128 241
1129 1101
1130 688
1131 795
1132 241
1133 940
1134 215
1135 689
1136 1118
1137 506
1138 953
1139 1131
1140 527
1141 99
1142 863
1143 1117
1144 590
1145 687
1146 670
1147 556
1148 573
1149 697
1150 863
1151 53
1152 365
1153 587
1154 857
1155 427
1156 887
1157 929
1158 1124
1159 231
1160 1023
1161 668
1162 825
1163 1101
1164 1088
1165 253
1166 1106
1167 694
1168 97
1169 687
1170 609
1171 921
1172 958
1173 380
1174 1135
1175 312
1176 833
1177 526
1178 417
1179 839
1180 1064
1181 929
1182 1117
1183 766
1184 1007
1185 240
1186 241
1187 1040
1188 336
1189 53
1190 249
1191 790
1192 489
1193 408
1194 36
1195 469
1196 945
1197 863
1198 573
1199 965
1200 1187
1201 721
1202 426
1203 1181
1204 827
1205 53
1206 397
1207 191
1208 1133
1209 241
1210 769
1211 772
1212 1154
1213 704
1214 1047
1215 1173
1216 5
1217 795
1218 901
1219 466
1220 1135
1221 440
1222 447
1223 968
1224 321
1225 1117
1226 102
1227 1176
1228 573
1229 831
1230 748
1231 1114
1232 278
1233 449
1234 686
1235 529
1236 833
1237 929
1238 879
1239 1073
1240 1168
1241 490
1242 1061
1243 980
1244 53
1245 40
1246 773
1247 80
1248 1047
1249 783
1250 53
1251 543
1252 972
1253 460
1254 1117
1255 807
1256 943
1257 581
1258 1117
1259 285
1260 710
1261 976
1262 954
1263 662
1264 392
1265 1006
1266 1061
1267 1117
1268 566
1269 863
1270 399
1271 114
1272 206
1273 1120
1274 500
1275 180
1276 710
1277 820
1278 1135
1279 1104
1280 560
1281 863
1282 215
1283 1083
1284 102
1285 1166
1286 1121
1287 1016
1288 906
1289 1042
1290 89
1291 589
1292 710
1293 957
1294 1138
1295 1083
1296 1117
1297 724
1298 757
1299 1120
1300 1282
1301 620
1302 1286
1303 863
1304 586
1305 37
1306 929
1307 574
1308 1064
1309 828
1310 954
1311 1280
1312 544
1313 1257
1314 1117
1315 1154
1316 1117
1317 47
1318 44
1319 1116
1320 913
1321 298
1322 1114
1323 69
1324 1120
1325 938
1326 556
1327 868
1328 1064
1329 244
1330 238
1331 1264
1332 775
1333 1108
1334 53
1335 137
1336 501
1337 1004
1338 1247
1339 1055
1340 411
1341 822
1342 790
1343 1259
1344 840
1345 601
1346 284
1347 597
1348 1054
1349 1289
1350 1187
1351 1284
1352 782
1353 1155
1354 762
1355 661
1356 298
1357 125
1358 319
1359 1106
1360 1350
1361 502
1362 1061
1363 415
1364 865
1365 821
1366 686
1367 378
1368 1351
1369 1226
1370 655
1371 687
1372 922
1373 1089
1374 581
1375 1094
1376 567
1377 729
1378 359
1379 1231
1380 488
1381 657
1382 863
1383 257
1384 1245
1385 478
1386 318
1387 75
1388 1144
1389 910
1390 573
1391 729
1392 568
1393 850
1394 929
1395 193
1396 780
1397 1358
1398 534
1399 1013
1400 687
1401 929
1402 367
1403 981
1404 1083
1405 1351
1406 152
1407 103
1408 640
1409 773
1410 911
1411 1061
1412 972
1413 658
1414 945
1415 571
1416 661
1417 1409
1418 1358
1419 572
1420 863
1421 560
1422 1117
1423 1321
1424 1054
1425 53
1426 1130
1427 844
1428 1141
1429 1181
1430 1147
1431 180
1432 198
1433 53
1434 1046
1435 972
1436 1350
1437 672
1438 596
1439 1381
1440 1110
1441 694
1442 218
1443 806
1444 235
1445 854
1446 522
1447 765
1448 584
1449 1106
1450 1064
1451 1144
1452 826
1453 53
1454 1054
1455 1148
1456 1032
1457 1114
1458 367
1459 948
1460 929
1461 328
1462 1155
1463 1331
1464 573
1465 463
1466 863
1467 180
1468 587
1469 346
1470 1117
1471 999
1472 690
1473 1026
1474 556
1475 1077
1476 556
1477 706
1478 1119
1479 378
1480 1068
1481 929
1482 503
1483 1117
1484 1470
1485 1397
1486 53
1487 246
1488 1140
1489 433
1490 53
1491 607
1492 61
1493 798
1494 948
1495 838
1496 1394
1497 373
1498 351
1499 879
1500 1205
1501 526
1502 1037
1503 1056
1504 453
1505 768
1506 1466
1507 44
1508 929
1509 541
1510 1106
1511 981
1512 1083
1513 1045
1514 1054
1515 169
1516 833
1517 53
1518 1155
1519 1101
1520 558
1521 778
1522 226
1523 1464
1524 1030
1525 1341
1526 1284
1527 1135
1528 1418
1529 885
1530 1154
1531 823
1532 416
1533 482
1534 1005
1535 1144
1536 877
1537 1517
1538 311
1539 1022
1540 312
1541 1156
1542 587
1543 1279
1544 1066
1545 1482
1546 1033
1547 231
1548 1490
1549 1117
1550 1501
1551 1473
1552 1245
1553 612
1554 1299
1555 704
1556 1506
1557 374
1558 1527
1559 1320
1560 929
1561 885
1562 854
1563 740
1564 1557
1565 235
1566 1451
1567 715
1568 623
1569 1351
1570 1048
1571 551
1572 1549
1573 1045
1574 1209
1575 1181
1576 1187
1577 609
1578 852
1579 1237
1580 1466
1581 1117
1582 705
1583 428
1584 868
1585 1435
1586 688
1587 3
1588 1398
1589 271
1590 841
1591 1117
1592 658
1593 1477
1594 1300
1595 899
1596 863
1597 748
1598 1431
1599 1512
1600 863
1601 1216
1602 1358
1603 794
1604 1104
1605 934
1606 1600
1607 410
1608 1101
1609 863
1610 868
1611 417
1612 1350
1613 545
1614 1022
1615 122
1616 1164
1617 1101
1618 945
1619 852
1620 765
1621 1101
1622 496
1623 1106
1624 929
1625 413
1626 765
1627 270
1628 1117
1629 1247
1630 721
1631 1410
1632 1603
1633 1546
1634 1334
1635 1216
1636 1055
1637 1584
1638 1272
1639 573
1640 180
1641 1464
1642 968
1643 1445
1644 1061
1645 526
1646 625
1647 597
1648 1567
1649 759
1650 167
1651 1630
1652 753
1653 980
1654 730
1655 1310
1656 929
1657 1569
1658 1369
1659 629
1660 921
1661 675
1662 1104
1663 1208
1664 186
1665 333
1666 1150
1667 1481
1668 831
1669 1079
1670 310
1671 1658
1672 1259
1673 372
1674 1273
1675 829
1676 743
1677 1505
1678 53
1679 73
1680 762
1681 1041
1682 1166
1683 600
1684 1286
1685 1315
1686 1603
1687 1543
1688 69
1689 1598
1690 1319
1691 404
1692 1661
1693 897
1694 687
1695 966
1696 1140
1697 845
1698 231
1699 206
1700 958
1701 1082
1702 653
1703 917
1704 894
1705 930
1706 1117
1707 1467
1708 241
1709 729
1710 1439
1711 1296
1712 866
1713 1531
1714 1522
1715 1143
1716 863
1717 1543
1718 1532
1719 833
1720 1638
1721 1561
1722 923
1723 346
1724 1026
1725 986
1726 868
1727 1230
1728 502
1729 1177
1730 1314
1731 800
1732 1378
1733 1433
1734 282
1735 1489
1736 1477
1737 765
1738 1408
1739 1073
1740 372
1741 360
1742 929
1743 1135
1744 1603
1745 1117
1746 1553
1747 1447
1748 370
1749 1739
1750 634
1751 1083
1752 1237
1753 1632
1754 1206
1755 1214
1756 1614
1757 1469
1758 887
1759 380
1760 251
1761 420
1762 1301
1763 1364
1764 1620
1765 1454
1766 748
1767 1685
1768 1661
1769 723
1770 958
1771 1639
1772 1725
1773 893
1774 1120
1775 172
1776 659
1777 372
1778 1393
1779 1579
1780 704
1781 1054
1782 853
1783 1640
1784 433
1785 151
1786 213
1787 1742
1788 1284
1789 417
1790 1432
1791 1209
1792 1743
1793 1735
1794 1484
1795 1344
1796 929
1797 1101
1798 1117
1799 1653
1800 1101
1801 372
1802 1591
1803 367
1804 506
1805 1413
1806 423
1807 811
1808 1101
1809 1573
1810 1505
1811 1614
1812 1486
1813 506
1814 1367
1815 833
1816 1765
1817 1061
1818 1078
1819 228
1820 623
1821 600
1822 945
1823 1069
1824 1527
1825 169
1826 570
1827 1236
1828 1235
1829 1591
1830 1230
1831 1000
1832 600
1833 1610
1834 1276
1835 1797
1836 1357
1837 1241
1838 1724
1839 1104
1840 1781
1841 1087
1842 1331
1843 1566
1844 651
1845 378
1846 721
1847 1527
1848 1747
1849 1062
1850 1087
1851 1161
1852 1486
1853 1140
1854 881
1855 1250
1856 1243
1857 814
1858 1682
1859 1318
1860 968
1861 824
1862 833
1863 372
1864 1546
1865 1648
1866 241
1867 904
1868 973
1869 1854
1870 1116
1871 1506
1872 970
1873 1453
1874 929
1875 1859
1876 1638
1877 1375
1878 1117
1879 1857
1880 220
1881 328
1882 705
1883 600
1884 1581
1885 1376
1886 202
1887 27
1888 1603
1889 386
1890 1073
1891 1831
1892 573
1893 1760
1894 1633
1895 954
1896 863
1897 1656
1898 1350
1899 1895
1900 1534
1901 1857
1902 1442
1903 768
1904 1553
1905 1649
1906 1394
1907 402
1908 1641
1909 920
1910 1064
1911 1532
1912 863
1913 564
1914 1542
1915 892
1916 1262
1917 1303
1918 929
1919 1663
1920 1749
1921 586
1922 1098
1923 186
1924 1394
1925 1350
1926 1225
1927 1822
1928 1839
1929 1738
1930 1041
1931 9
1932 1048
1933 854
1934 241
1935 1504
1936 1552
1937 969
1938 195
1939 1097
1940 1064
1941 1116
1942 971
1943 1840
1944 1668
1945 36
1946 1117
1947 1152
1948 299
1949 1106
1950 1862
1951 378
1952 1326
1953 1358
1954 1559
1955 1944
1956 1430
1957 439
1958 821
1959 1274
1960 288
1961 1570
1962 78
1963 1567
1964 552
1965 1101
1966 1854
1967 852
1968 1912
1969 1551
1970 573
1971 1440
1972 1393
1973 1603
1974 1570
1975 491
1976 5
1977 1423
1978 1835
1979 1921
1980 293
1981 671
1982 1206
1983 1076
1984 1843
1985 1226
1986 1879
1987 1101
1988 1635
1989 1175
1990 310
1991 21
1992 1429
1993 1408
1994 1724
1995 1768
1996 194
1997 39
1998 1629
1999 1968
2000 1101
2001 1134
2002 310
2003 1143
2004 1905
2005 758
2006 940
2007 1129
2008 168
2009 836
2010 765
2011 1070
2012 1759
2013 1981
2014 1770
2015 1135
2016 1331
2017 1945
2018 1819
2019 852
2020 53
2021 770
2022 1506
2023 1496
2024 1819
2025 797
2026 1060
2027 1506
2028 1622
2029 1508
2030 1653
2031 863
2032 627
2033 765
2034 1653
2035 59
2036 1263
2037 234
2038 1703
2039 1120
2040 1789
2041 1069
2042 1774
2043 1922
2044 1237
2045 960
2046 1991
2047 1881
2048 1552
2049 1043
2050 1489
2051 1282
2052 1735
2053 1077
2054 1866
2055 237
2056 811
2057 1181
2058 1674
2059 1231
2060 1117
2061 1604
2062 1348
2063 429
2064 1917
2065 1118
2066 1793
2067 1924
2068 412
2069 1700
2070 526
2071 1936
2072 312
2073 169
2074 1397
2075 1047
2076 716
2077 1382
2078 1395
2079 1541
2080 241
2081 740
2082 1916
2083 378
2084 828
2085 509
2086 799
2087 189
2088 1627
2089 1370
2090 586
2091 2072
2092 587
2093 367
2094 1936
2095 929
2096 1696
2097 762
2098 372
2099 1915
2100 1661
2101 1784
2102 1171
2103 1083
2104 573
2105 1842
2106 241
2107 2075
2108 908
2109 1306
2110 873
2111 1504
2112 1703
2113 808
2114 929
2115 417
2116 1653
2117 1866
2118 1946
2119 2024
2120 945
2121 241
2122 53
2123 703
2124 2046
2125 241
2126 1210
2127 2087
2128 1117
2129 1419
2130 1978
2131 655
2132 600
2133 404
2134 1901
2135 911
2136 86
2137 2075
2138 929
2139 1155
2140 1970
2141 929
2142 1385
2143 259
2144 1824
2145 1888
2146 1286
2147 1694
2148 1812
2149 1715
2150 1237
2151 272
2152 1937
2153 1101
2154 1346
2155 241
2156 719
2157 1656
2158 1854
2159 872
2160 2028
2161 1226
2162 1949
2163 1100
2164 749
2165 868
2166 619
2167 1928
2168 1845
2169 1975
2170 1603
2171 636
2172 863
2173 1454
2174 1852
2175 895
2176 1117
2177 1989
2178 1750
2179 947
2180 417
2181 1830
2182 2094
2183 863
2184 1966
2185 1489
2186 1501
2187 2078
2188 2144
2189 471
2190 770
2191 1166
2192 1924
2193 1705
2194 1639
2195 1866
2196 2092
2197 114
2198 321
2199 617
2200 1819
2201 1074
2202 1674
2203 210
2204 1924
2205 1605
2206 839
2207 1653
2208 1164
2209 930
2210 982
2211 52
2212 809
2213 1072
2214 848
2215 1603
2216 768
2217 257
2218 455
2219 1242
2220 148
2221 1397
2222 1117
2223 1866
2224 852
2225 1135
2226 1778
2227 1202
2228 328
2229 1978
2230 545
2231 1653
2232 1562
2233 1895
2234 935
2235 1122
2236 362
2237 362
2238 1989
2239 235
2240 1868
2241 1688
2242 1591
2243 2143
2244 1258
2245 863
2246 2031
2247 852
2248 1117
2249 1883
2250 2073
2251 1869
2252 1659
2253 1053
2254 2117
2255 929
2256 2236
2257 1738
2258 780
2259 939
2260 1034
2261 1328
2262 114
2263 944
2264 929
2265 1824
2266 1350
2267 528
2268 1564
2269 431
2270 852
2271 2093
2272 2075
2273 461
2274 978
2275 1462
2276 985
2277 1820
2278 2093
2279 2124
2280 1874
2281 1311
2282 2082
2283 1338
2284 1710
2285 1866
2286 2018
2287 2252
2288 1383
2289 2084
2290 1543
2291 241
2292 2213
2293 1031
2294 1235
2295 1180
2296 1411
2297 1331
2298 1622
2299 2117
2300 1934
2301 929
2302 1506
2303 576
2304 2079
2305 1923
2306 756
2307 1877
2308 1978
2309 1865
2310 87
2311 941
2312 1318
2313 2274
2314 683
2315 1789
2316 1361
2317 953
2318 53
2319 1661
2320 1603
2321 1975
2322 699
2323 1047
2324 762
2325 1284
2326 528
2327 1032
2328 587
2329 863
2330 1948
2331 833
2332 873
2333 2117
2334 1369
2335 1954
2336 2165
2337 968
2338 921
2339 1829
2340 1117
2341 1143
2342 358
2343 2176
2344 674
2345 1732
2346 929
2347 573
2348 1757
2349 1676
2350 1054
2351 2047
2352 448
2353 1546
2354 1358
2355 1386
2356 2123
2357 1894
2358 164
2359 1866
2360 314
2361 1638
2362 2275
2363 2156
2364 450
2365 1151
2366 1543
2367 265
2368 1020
2369 210
2370 1745
2371 180
2372 1745
2373 2117
2374 1778
2375 2304
2376 2329
2377 663
2378 1868
2379 2222
2380 1101
2381 251
2382 2210
2383 958
2384 1923
2385 1051
2386 1016
2387 1551
2388 1073
2389 1681
2390 1706
2391 1143
2392 2046
2393 2294
2394 687
2395 2062
2396 723
2397 1104
2398 57
2399 1738
2400 1653
2401 1230
2402 1135
2403 1802
2404 2374
2405 1316
2406 398
2407 2153
2408 1722
2409 833
2410 2188
2411 1174
2412 2366
2413 1383
2414 1370
2415 1553
2416 167
2417 863
2418 1859
2419 1101
2420 790
2421 1468
2422 1603
2423 1037
2424 388
2425 600
2426 1203
2427 1064
2428 388
2429 1232
2430 1503
2431 2062
2432 1711
2433 2358
2434 464
2435 1197
2436 1901
2437 1310
2438 1120
2439 1290
2440 1083
2441 2348
2442 2336
2443 241
2444 1901
2445 2001
2446 158
2447 1143
2448 97
2449 1527
2450 1100
2451 1259
2452 622
2453 1083
2454 762
2455 2075
2456 939
2457 2390
2458 1562
2459 485
2460 984
2461 1618
2462 1209
2463 2356
2464 1020
2465 1901
2466 1819
2467 1859
2468 1449
2469 1654
2470 2069
2471 1931
2472 2017
2473 2096
2474 709
2475 1932
2476 1263
2477 128
2478 732
2479 1265
2480 1391
2481 1132
2482 2420
2483 994
2484 929
2485 1514
2486 929
2487 1329
2488 240
2489 2229
2490 687
2491 833
2492 1385
2493 833
2494 1734
2495 1809
2496 1784
2497 2023
2498 1586
2499 2358
2500 1454
2501 2180
2502 1469
2503 2358
2504 1974
2505 1541
2506 1109
2507 1579
2508 1193
2509 1975
2510 2472
2511 1193
2512 2447
2513 1819
2514 1822
2515 241
2516 2318
2517 704
2518 2022
2519 135
2520 1058
2521 1358
2522 2204
2523 1447
2524 2358
2525 137
2526 1005
2527 1085
2528 1997
2529 2430
2530 1945
2531 929
2532 241
2533 2184
2534 1902
2535 2198
2536 1256
2537 2439
2538 687
2539 641
2540 1880
2541 961
2542 328
2543 2417
2544 2281
2545 2210
2546 1653
2547 2517
2548 1907
2549 1962
2550 1743
2551 736
2552 2072
2553 868
2554 1591
2555 1522
2556 706
2557 1036
2558 2257
2559 476
2560 1433
2561 600
2562 2347
2563 1326
2564 1930
2565 1047
2566 2078
2567 1395
2568 1117
2569 453
2570 2308
2571 1316
2572 1147
2573 929
2574 1237
2575 1653
2576 1916
2577 300
2578 1699
2579 1629
2580 2432
2581 945
2582 916
2583 2145
2584 1061
2585 2412
2586 2424
2587 687
2588 1561
2589 1254
2590 296
2591 1303
2592 1005
2593 847
2594 1318
2595 1151
2596 1297
2597 1318
2598 2536
2599 1975
2600 2311
2601 2198
2602 2403
2603 1570
2604 1408
2605 1017
2606 2287
2607 2550
2608 1973
2609 1975
2610 787
2611 1083
2612 1144
2613 687
2614 1386
2615 2260
2616 1988
2617 831
2618 1091
2619 600
2620 1607
2621 2023
2622 1921
2623 1454
2624 2524
2625 430
2626 1069
2627 1469
2628 1527
2629 2377
2630 682
2631 1142
2632 406
2633 2379
2634 2134
2635 311
2636 2165
2637 1782
2638 2046
2639 1061
2640 1966
2641 918
2642 1794
2643 1430
2644 1391
2645 1830
2646 2378
2647 2172
2648 1025
2649 1527
2650 1860
2651 1603
2652 1394
2653 372
2654 1441
2655 1975
2656 2287
2657 169
2658 2483
2659 436
2660 2346
2661 2451
2662 2149
2663 431
2664 2617
2665 1037
2666 1293
2667 1629
2668 33
2669 129
2670 2435
2671 33
2672 1071
2673 1650
2674 1041
2675 1877
2676 833
2677 1735
2678 53
2679 2678
2680 1365
2681 1016
2682 2073
2683 1975
2684 587
2685 1609
2686 2006
2687 1607
2688 2199
2689 1511
2690 1936
2691 1637
2692 549
2693 1102
2694 2384
2695 1117
2696 432
2697 510
2698 1073
2699 1150
2700 1975
2701 1613
2702 2337
2703 2315
2704 667
2705 2290
2706 2233
2707 1050
2708 1061
2709 1332
2710 929
2711 595
2712 1113
2713 2149
2714 573
2715 2006
2716 748
2717 2375
2718 322
2719 902
2720 494
2721 2510
2722 1924
2723 2075
2724 1539
2725 2350
2726 2208
2727 834
2728 1413
2729 958
2730 1972
2731 1065
2732 595
2733 1760
2734 53
2735 864
2736 2529
2737 1483
2738 577
2739 534
2740 2450
2741 1527
2742 932
2743 2724
2744 2727
2745 2714
2746 798
2747 2437
2748 1760
2749 1358
2750 1882
2751 2242
2752 2337
2753 2366
2754 1083
2755 793
2756 1653
2757 1654
2758 1506
2759 2232
2760 241
2761 2724
2762 1206
2763 2255
2764 2238
2765 324
2766 2491
2767 1819
2768 2724
2769 1135
2770 1603
2771 208
2772 1408
2773 1085
2774 2098
2775 2163
2776 2027
2777 2085
2778 1416
2779 821
2780 2086
2781 949
2782 2262
2783 449
2784 214
2785 2078
2786 628
2787 2069
2788 2640
2789 812
2790 2102
2791 1229
2792 2324
2793 1041
2794 2715
2795 1920
2796 2098
2797 1547
2798 1994
2799 2300
2800 2090
2801 2117
2802 1164
2803 1105
2804 873
2805 315
2806 1041
2807 2683
2808 940
2809 2645
2810 387
2811 2329
2812 1097
2813 2676
2814 1912
2815 409
2816 2573
2817 1453
2818 2183
2819 241
2820 1135
2821 1489
2822 1106
2823 1930
2824 1869
2825 1846
2826 933
2827 2549
2828 1975
2829 1901
2830 2769
2831 537
2832 863
2833 2661
2834 2289
2835 1117
2836 2714
2837 2678
2838 1972
2839 1848
2840 1819
2841 2257
2842 1724
2843 257
2844 573
2845 1789
2846 1603
2847 238
2848 2145
2849 2195
2850 154
2851 1789
2852 70
2853 2127
2854 2617
2855 2790
2856 2790
2857 2257
2858 1915
2859 2767
2860 2023
2861 677
2862 241
2863 1085
2864 929
2865 852
2866 2724
2867 1114
2868 1095
2869 667
2870 1045
2871 1936
2872 2078
2873 2075
2874 1120
2875 968
2876 1143
2877 462
2878 1223
2879 762
2880 653
2881 1506
2882 2358
2883 2283
2884 1751
2885 1439
2886 2209
2887 2268
2888 1936
2889 1949
2890 2175
2891 1106
2892 1316
2893 1572
2894 2538
2895 2305
2896 1975
2897 2006
2898 2092
2899 2714
2900 1631
2901 195
2902 1758
2903 2167
2904 2857
2905 691
2906 1680
2907 491
2908 2901
2909 1883
2910 2584
2911 2516
2912 2684
2913 1527
2914 2030
2915 49
2916 1661
2917 2418
2918 549
2919 1931
2920 2658
2921 2872
2922 2012
2923 915
2924 1020
2925 2790
2926 1975
2927 2872
2928 380
2929 929
2930 2621
2931 2388
2932 2356
2933 2820
2934 2374
2935 2918
2936 2347
2937 1873
2938 2662
2939 1506
2940 2768
2941 2909
2942 2886
2943 1977
2944 2940
2945 1199
2946 1955
2947 1778
2948 2174
2949 2516
2950 765
2951 2621
2952 1759
2953 899
2954 2259
2955 2790
2956 620
2957 461
2958 1746
2959 123
2960 364
2961 1339
2962 2612
2963 571
2964 1303
2965 240
2966 1731
2967 600
2968 2947
2969 1060
2970 1343
2971 1791
2972 2077
2973 1377
2974 2135
2975 1149
2976 1901
2977 2337
2978 1713
2979 653
2980 2572
2981 573
2982 2213
2983 1000
2984 1117
2985 1755
2986 2023
2987 1331
2988 1936
2989 2329
2990 2704
2991 2160
2992 2605
2993 1351
2994 2724
2995 2956
2996 1080
2997 1322
2998 2901
2999 1552
3000 1963
3001 1351
3002 2330
3003 1083
3004 2724
3005 223
3006 1507
3007 994
3008 2243
3009 796
3010 844
3011 224
3012 2431
3013 704
3014 2472
3015 2522
3016 661
3017 1113
3018 2075
3019 2333
3020 1235
3021 1760
3022 2816
3023 1789
3024 2332
3025 2361
3026 76
3027 1648
3028 1603
3029 1119
3030 1375
3031 1088
3032 2676
3033 2943
3034 2922
3035 1435
3036 1079
3037 2736
3038 2807
3039 948
3040 2793
3041 815
3042 874
3043 604
3044 2880
3045 2724
3046 1877
3047 2820
3048 1370
3049 2826
3050 2876
3051 1882
3052 1358
3053 1790
3054 169
3055 1117
3056 524
3057 694
3058 2483
3059 2483
3060 1588
3061 1819
3062 2641
3063 740
3064 525
3065 1838
3066 1209
3067 2251
3068 1978
3069 2992
3070 2901
3071 1760
3072 2308
3073 165
3074 768
3075 2715
3076 1728
3077 1639
3078 249
3079 2938
3080 1184
3081 2259
3082 1145
3083 2483
3084 2801
3085 278
3086 2677
3087 2333
3088 249
3089 1904
3090 1662
3091 2213
3092 600
3093 2087
3094 1448
3095 1884
3096 1901
3097 3089
3098 1097
3099 777
3100 1024
3101 2735
3102 1106
3103 2347
3104 2460
3105 1784
3106 2826
3107 1532
3108 1663
3109 2854
3110 241
3111 929
3112 1369
3113 2451
3114 2685
3115 1649
3116 2920
3117 1603
3118 1653
3119 1877
3120 2676
3121 1024
3122 2493
3123 885
3124 712
3125 416
3126 1936
3127 802
3128 1368
3129 2689
3130 1728
3131 1924
3132 1877
3133 863
3134 2822
3135 3100
3136 1592
3137 2172
3138 2229
3139 3084
3140 1181
3141 876
3142 2837
3143 3126
3144 863
3145 1819
3146 1081
3147 1410
3148 1877
3149 2415
3150 2676
3151 210
3152 2581
3153 2047
3154 1427
3155 2829
3156 2662
3157 2697
3158 1303
3159 2590
3160 2132
3161 2597
3162 2407
3163 1005
3164 3126
3165 1457
3166 2071
3167 3022
3168 1358
3169 3023
3170 2148
3171 334
3172 1422
3173 1808
3174 1819
3175 1959
3176 1311
3177 1716
3178 968
3179 1463
3180 1117
3181 2545
3182 2921
3183 1117
3184 324
3185 2347
3186 1964
3187 2358
3188 1710
3189 2631
3190 1083
3191 1995
3192 2896
3193 902
3194 1819
3195 1716
3196 2896
3197 470
3198 890
3199 2709
3200 2907
3201 2736
3202 201
3203 3132
3204 521
3205 2129
3206 1097
3207 1130
3208 1966
3209 2872
3210 174
3211 367
3212 573
3213 2733
3214 513
3215 1921
3216 1854
3217 1313
3218 1822
3219 2924
3220 1797
3221 1841
3222 256
3223 863
3224 2147
3225 2195
3226 1748
3227 2388
3228 1969
3229 1877
3230 1333
3231 1453
3232 3221
3233 2721
3234 2577
3235 2334
3236 2190
3237 511
3238 2483
3239 2036
3240 1255
3241 2212
3242 1073
3243 783
3244 2221
3245 3226
3246 2611
3247 2913
3248 3196
3249 3008
3250 882
3251 622
3252 2293
3253 762
3254 1866
3255 819
3256 2075
3257 833
3258 3022
3259 1159
3260 2566
3261 3122
3262 2225
3263 2483
3264 2358
3265 3001
3266 2397
3267 2112
3268 1527
3269 2676
3270 2562
3271 842
3272 2668
3273 2887
3274 3022
3275 1342
3276 2436
3277 2379
3278 891
3279 2662
3280 2655
3281 2448
3282 3215
3283 210
3284 2605
3285 1877
3286 2060
3287 1830
3288 567
3289 968
3290 2184
3291 2729
3292 2071
3293 1192
3294 117
3295 1585
3296 1915
3297 277
3298 2313
3299 3
3300 2528
3301 1305
3302 9
3303 3005
3304 1587
3305 3
3306 514
3307 953
3308 2610
3309 1635
3310 1775
3311 138
3312 1976
3313 550
3314 6
3315 2969
3316 1552
3317 53
3318 175
3319 2471
3320 246
3321 2326
3322 19
3323 108
3324 1290
3325 1991
3326 13
3327 192
3328 398
3329 3179
3330 740
3331 345
3332 520
3333 791
3334 295
3335 337
3336 1117
3337 880
3338 529
3339 3187
3340 124
3341 33
3342 905
3343 75
3344 264
3345 1741
3346 454
3347 254
3348 3281
3349 459
3350 537
3351 34
3352 532
3353 1867
3354 472
3355 1887
3356 65
3357 36
3358 2959
3359 666
3360 708
3361 3210
3362 48
3363 33
3364 96
3365 2671
3366 267
3367 45
3368 190
3369 1125
3370 1075
3371 755
3372 2668
3373 1241
3374 94
3375 328
3376 1194
3377 90
3378 417
3379 1945
3380 744
3381 1317
3382 2477
3383 2078
3384 727
3385 152
3386 3006
3387 348
3388 1679
3389 3056
3390 40
3391 414
3392 1318
3393 45
3394 45
3395 1106
3396 2915
3397 2506
3398 3013
3399 2211
3400 52
3401 949
3402 652
3403 1486
3404 1189
3405 1634
3406 53
3407 53
3408 656
3409 869
3410 828
3411 2847
3412 1548
3413 1015
3414 53
3415 856
3416 1537
3417 166
3418 53
3419 1233
3420 2398
3421 53
3422 441
3423 2365
3424 242
3425 864
3426 219
3427 85
3428 1913
3429 53
3430 1433
3431 3053
3432 53
3433 184
3434 53
3435 1960
3436 53
3437 419
3438 197
3439 116
3440 1205
3441 1652
3442 593
3443 1728
3444 1962
3445 2318
3446 294
3447 347
3448 2734
3449 547
3450 263
3451 1492
3452 310
3453 650
3454 2363
3455 72
3456 970
3457 276
3458 1678
3459 118
3460 296
3461 1221
3462 586
3463 53
3464 53
3465 53
3466 393
3467 231
3468 578
3469 1980
3470 53
3471 180
3472 53
3473 827
3474 64
3475 2209
3476 245
3477 509
3478 2020
3479 53
3480 940
3481 1625
3482 2008
3483 418
3484 2122
3485 53
3486 53
3487 323
3488 767
3489 1453
3490 1038
3491 297
3492 1996
3493 113
3494 112
3495 1748
3496 53
3497 53
3498 225
3499 452
3500 1244
3501 1844
3502 2212
3503 468
3504 751
3505 53
3506 2519
3507 53
3508 1807
3509 1855
3510 53
3511 1521
3512 1425
3513 204
3514 2678
3515 53
3516 551
3517 53
3518 967
3519 2035
3520 561
3521 2068
3522 2049
3523 783
3524 2663
3525 188
3526 68
3527 100
3528 2241
3529 1323
3530 1076
3531 1335
3532 2852
3533 70
3534 70
3535 70
3536 962
3537 70
3538 363
3539 2136
3540 701
3541 266
3542 179
3543 2975
3544 136
3545 75
3546 798
3547 887
3548 1387
3549 456
3550 1297
3551 76
3552 76
3553 3026
3554 95
3555 1952
3556 76
3557 852
3558 730
3559 2687
3560 80
3561 81
3562 3154
3563 115
3564 2344
3565 2310
3566 2579
3567 243
3568 846
3569 3222
3570 883
3571 82
3572 82
3573 896
3574 83
3575 3171
3576 2710
3577 177
3578 1583
3579 687
3580 424
3581 1498
3582 365
3583 480
3584 176
3585 369
3586 95
3587 1168
3588 1428
3589 99
3590 101
3591 991
3592 101
3593 354
3594 102
3595 2161
3596 804
3597 2665
3598 2990
3599 332
3600 2738
3601 377
3602 102
3603 102
3604 1284
3605 487
3606 1063
3607 102
3608 2696
3609 987
3610 2429
3611 1407
3612 640
3613 106
3614 106
3615 106
3616 109
3617 339
3618 1259
3619 322
3620 1524
3621 222
3622 1442
3623 2782
3624 2004
3625 1938
3626 614
3627 114
3628 283
3629 993
3630 1603
3631 279
3632 477
3633 182
3634 1785
3635 186
3636 373
3637 281
3638 2364
3639 114
3640 446
3641 114
3642 114
3643 1035
3644 722
3645 746
3646 648
3647 258
3648 785
3649 114
3650 2197
3651 114
3652 157
3653 114
3654 114
3655 114
3656 114
3657 980
3658 114
3659 1000
3660 196
3661 1271
3662 2011
3663 1251
3664 711
3665 1210
3666 116
3667 588
3668 325
3669 262
3670 117
3671 3294
3672 229
3673 121
3674 121
3675 1253
3676 1615
3677 773
3678 2791
3679 408
3680 553
3681 1836
3682 134
3683 469
3684 2669
3685 129
3686 133
3687 1071
3688 2557
3689 133
3690 2850
3691 135
3692 1272
3693 2525
3694 2189
3695 1079
3696 3011
3697 140
3698 606
3699 1188
3700 142
3701 2108
3702 142
3703 142
3704 2966
3705 145
3706 2263
3707 145
3708 145
3709 467
3710 1207
3711 616
3712 147
3713 957
3714 1047
3715 691
3716 2220
3717 1018
3718 402
3719 148
3720 156
3721 506
3722 671
3723 205
3724 1406
3725 234
3726 1165
3727 474
3728 155
3729 512
3730 189
3731 1509
3732 386
3733 2446
3734 158
3735 159
3736 162
3737 3073
3738 1806
3739 2709
3740 1650
3741 1002
3742 2693
3743 1155
3744 1582
3745 1532
3746 1045
3747 2416
3748 168
3749 493
3750 3236
3751 389
3752 169
3753 169
3754 1825
3755 169
3756 169
3757 405
3758 2786
3759 2877
3760 169
3761 169
3762 169
3763 3054
3764 169
3765 2805
3766 169
3767 169
3768 1515
3769 2243
3770 361
3771 733
3772 1224
3773 169
3774 397
3775 499
3776 2657
3777 169
3778 169
3779 610
3780 169
3781 169
3782 273
3783 695
3784 2073
3785 747
3786 1373
3787 169
3788 169
3789 169
3790 169
3791 170
3792 530
3793 287
3794 173
3795 239
3796 320
3797 180
3798 2742
3799 1399
3800 801
3801 451
3802 1689
3803 180
3804 180
3805 1707
3806 180
3807 2396
3808 1275
3809 187
3810 2618
3811 862
3812 1783
3813 2371
3814 2214
3815 2111
3816 2641
3817 309
3818 1664
3819 2694
3820 186
3821 186
3822 2347
3823 186
3824 638
3825 3093
3826 189
3827 1392
3828 191
3829 597
3830 1557
3831 1329
3832 876
3833 195
3834 2901
3835 1536
3836 195
3837 268
3838 2659
3839 2739
3840 3202
3841 3200
3842 202
3843 1886
3844 1356
3845 206
3846 1699
3847 206
3848 207
3849 208
3850 2771
3851 533
3852 403
3853 210
3854 2203
3855 210
3856 291
3857 2369
3858 210
3859 2559
3860 3151
3861 371
3862 3283
3863 306
3864 3278
3865 2088
3866 1786
3867 214
3868 1164
3869 886
3870 594
3871 3129
3872 2142
3873 540
3874 3043
3875 889
3876 901
3877 1421
3878 2784
3879 2179
3880 384
3881 1300
3882 2213
3883 215
3884 215
3885 2445
3886 257
3887 215
3888 216
3889 216
3890 813
3891 217
3892 1185
3893 415
3894 1439
3895 676
3896 2540
3897 224
3898 225
3899 1714
3900 2205
3901 473
3902 1819
3903 228
3904 1159
3905 2797
3906 598
3907 231
3908 1698
3909 232
3910 2037
3911 1444
3912 737
3913 2239
3914 235
3915 508
3916 338
3917 1565
3918 235
3919 912
3920 3146
3921 2055
3922 237
3923 269
3924 1330
3925 239
3926 497
3927 2965
3928 2488
3929 241
3930 909
3931 1209
3932 1465
3933 1059
3934 3237
3935 241
3936 2155
3937 587
3938 241
3939 2168
3940 2125
3941 241
3942 330
3943 241
3944 680
3945 1014
3946 655
3947 1136
3948 2121
3949 919
3950 486
3951 735
3952 2720
3953 1866
3954 1135
3955 2443
3956 510
3957 241
3958 2434
3959 1096
3960 1186
3961 1942
3962 252
3963 1126
3964 1734
3965 241
3966 3110
3967 241
3968 241
3969 2755
3970 241
3971 241
3972 1234
3973 646
3974 241
3975 2481
3976 241
3977 1567
3978 2291
3979 241
3980 990
3981 241
3982 383
3983 1665
3984 2582
3985 241
3986 241
3987 1795
3988 241
3989 2792
3990 2515
3991 963
3992 1708
3993 738
3994 2760
3995 241
3996 2819
3997 241
3998 241
3999 2862
4000 2080
4001 2532
4002 2799
4003 643
4004 241
4005 1440
4006 965
4007 241
4008 241
4009 1128
4010 241
4011 702
4012 2106
4013 3255
4014 2227
4015 443
4016 245
4017 341
4018 246
4019 1487
4020 1434
4021 2319
4022 455
4023 1190
4024 249
4025 3064
4026 786
4027 308
4028 3088
4029 249
4030 249
4031 968
4032 3078
4033 249
4034 249
4035 312
4036 632
4037 249
4038 249
4039 683
4040 2890
4041 1622
4042 806
4043 1291
4044 249
4045 249
4046 569
4047 251
4048 1760
4049 2381
4050 252
4051 255
4052 2217
4053 1703
4054 257
4055 2413
4056 645
4057 2843
4058 257
4059 257
4060 992
4061 257
4062 257
4063 258
4064 258
4065 1948
4066 812
4067 2036
4068 2680
4069 2367
4070 2605
4071 271
4072 1589
4073 2151
4074 394
4075 3085
4076 2826
4077 1482
4078 281
4079 1019
4080 1675
4081 283
4082 2154
4083 1090
4084 285
4085 1643
4086 498
4087 1160
4088 396
4089 457
4090 1826
4091 296
4092 938
4093 296
4094 3159
4095 296
4096 3033
4097 3234
4098 2804
4099 741
4100 924
4101 1801
4102 1820
4103 3042
4104 305
4105 1957
4106 306
4107 899
4108 1590
4109 310
4110 310
4111 310
4112 310
4113 1990
4114 810
4115 555
4116 2234
4117 310
4118 707
4119 805
4120 835
4121 2002
4122 1670
4123 2045
4124 515
4125 2635
4126 1538
4127 2072
4128 312
4129 2063
4130 1540
4131 1386
4132 1175
4133 681
4134 2935
4135 948
4136 2360
4137 2712
4138 314
4139 975
4140 1260
4141 1003
4142 1358
4143 320
4144 320
4145 2535
4146 2306
4147 2718
4148 323
4149 381
4150 324
4151 324
4152 3184
4153 2765
4154 328
4155 2542
4156 2960
4157 328
4158 1520
4159 3153
4160 328
4161 328
4162 763
4163 639
4164 328
4165 1695
4166 2228
4167 693
4168 328
4169 328
4170 517
4171 789
4172 328
4173 654
4174 2178
4175 1461
4176 329
4177 513
4178 894
4179 335
4180 335
4181 939
4182 335
4183 1162
4184 335
4185 725
4186 340
4187 342
4188 342
4189 658
4190 1277
4191 343
4192 1352
4193 771
4194 1525
4195 343
4196 3204
4197 344
4198 2629
4199 1469
4200 1012
4201 356
4202 1723
4203 348
4204 349
4205 353
4206 745
4207 2342
4208 359
4209 1378
4210 361
4211 401
4212 421
4213 362
4214 2256
4215 362
4216 362
4217 362
4218 2237
4219 362
4220 362
4221 546
4222 750
4223 365
4224 1947
4225 365
4226 2311
4227 442
4228 717
4229 2278
4230 367
4231 1458
4232 3211
4233 367
4234 367
4235 367
4236 603
4237 685
4238 1803
4239 1402
4240 1048
4241 2349
4242 369
4243 1270
4244 492
4245 372
4246 372
4247 372
4248 372
4249 3094
4250 1094
4251 2098
4252 372
4253 372
4254 372
4255 2428
4256 1863
4257 372
4258 2385
4259 372
4260 372
4261 372
4262 372
4263 2653
4264 1777
4265 1740
4266 465
4267 2632
4268 920
4269 372
4270 731
4271 372
4272 795
4273 1673
4274 1049
4275 404
4276 1497
4277 375
4278 375
4279 378
4280 2083
4281 378
4282 1951
4283 1367
4284 378
4285 1479
4286 378
4287 379
4288 859
4289 380
4290 1554
4291 583
4292 3034
4293 2928
4294 380
4295 1173
4296 1889
4297 386
4298 2810
4299 387
4300 388
4301 388
4302 1067
4303 2586
4304 390
4305 393
4306 728
4307 395
4308 397
4309 397
4310 397
4311 1754
4312 398
4313 398
4314 398
4315 2406
4316 816
4317 398
4318 772
4319 495
4320 608
4321 398
4322 2548
4323 2352
4324 538
4325 403
4326 2133
4327 404
4328 404
4329 404
4330 1691
4331 566
4332 404
4333 563
4334 531
4335 3137
4336 405
4337 405
4338 1533
4339 407
4340 1193
4341 409
4342 461
4343 3271
4344 2815
4345 1340
4346 1230
4347 411
4348 411
4349 414
4350 414
4351 1363
4352 1713
4353 2025
4354 3125
4355 1178
4356 1265
4357 752
4358 1611
4359 417
4360 2501
4361 2276
4362 1789
4363 2115
4364 1336
4365 430
4366 1761
4367 974
4368 946
4369 425
4370 426
4371 426
4372 952
4373 429
4374 429
4375 2625
4376 2269
4377 713
4378 2556
4379 431
4380 431
4381 1577
4382 3105
4383 433
4384 433
4385 1735
4386 433
4387 433
4388 548
4389 437
4390 438
4391 439
4392 439
4393 439
4394 1756
4395 481
4396 439
4397 445
4398 682
4399 446
4400 446
4401 1222
4402 448
4403 2783
4404 851
4405 449
4406 449
4407 3293
4408 653
4409 2230
4410 2569
4411 455
4412 455
4413 2218
4414 664
4415 456
4416 456
4417 457
4418 2551
4419 2159
4420 461
4421 461
4422 461
4423 2273
4424 2957
4425 3197
4426 2043
4427 1219
4428 466
4429 466
4430 692
4431 1195
4432 1069
4433 3250
4434 1112
4435 923
4436 2032
4437 485
4438 2459
4439 486
4440 631
4441 1380
4442 488
4443 1391
4444 2926
4445 2529
4446 995
4447 977
4448 494
4449 494
4450 499
4451 1274
4452 1762
4453 502
4454 1361
4455 504
4456 505
4457 1066
4458 505
4459 506
4460 1804
4461 913
4462 1137
4463 506
4464 506
4465 1969
4466 892
4467 506
4468 679
4469 3186
4470 506
4471 1813
4472 698
4473 1140
4474 890
4475 602
4476 1041
4477 509
4478 509
4479 2777
4480 3157
4481 512
4482 3214
4483 513
4484 514
4485 517
4486 625
4487 582
4488 1446
4489 526
4490 1177
4491 526
4492 2070
4493 1645
4494 526
4495 1501
4496 526
4497 574
4498 526
4499 526
4500 2267
4501 528
4502 528
4503 2303
4504 528
4505 562
4506 626
4507 1104
4508 1235
4509 1903
4510 531
4511 533
4512 2861
4513 534
4514 1398
4515 534
4516 534
4517 534
4518 1345
4519 2831
4520 537
4521 541
4522 660
4523 541
4524 624
4525 542
4526 543
4527 544
4528 1097
4529 544
4530 544
4531 936
4532 1312
4533 1613
4534 545
4535 2692
4536 549
4537 549
4538 550
4539 668
4540 551
4541 551
4542 551
4543 551
4544 1571
4545 551
4546 3057
4547 551
4548 830
4549 556
4550 556
4551 556
4552 2980
4553 556
4554 843
4555 1474
4556 1476
4557 556
4558 556
4559 556
4560 1972
4561 989
4562 559
4563 1280
4564 1726
4565 1437
4566 1776
4567 561
4568 561
4569 1438
4570 1268
4571 567
4572 714
4573 3288
4574 567
4575 942
4576 567
4577 1885
4578 2086
4579 571
4580 1415
4581 2963
4582 571
4583 3205
4584 573
4585 573
4586 3212
4587 1455
4588 1144
4589 573
4590 573
4591 573
4592 573
4593 1025
4594 573
4595 619
4596 573
4597 1659
4598 621
4599 1127
4600 573
4601 2981
4602 573
4603 959
4604 1198
4605 573
4606 2483
4607 573
4608 2053
4609 2593
4610 573
4611 1464
4612 2681
4613 573
4614 573
4615 573
4616 573
4617 611
4618 2714
4619 573
4620 573
4621 1390
4622 573
4623 1892
4624 573
4625 2104
4626 665
4627 573
4628 573
4629 573
4630 573
4631 573
4632 2844
4633 1970
4634 1228
4635 573
4636 1261
4637 1639
4638 573
4639 573
4640 574
4641 1307
4642 2206
4643 577
4644 579
4645 581
4646 860
4647 1374
4648 581
4649 3217
4650 582
4651 1191
4652 583
4653 584
4654 585
4655 1364
4656 586
4657 586
4658 1452
4659 1782
4660 1304
4661 1029
4662 2327
4663 586
4664 1921
4665 2800
4666 2684
4667 587
4668 587
4669 1914
4670 587
4671 1355
4672 2328
4673 2421
4674 587
4675 2009
4676 1153
4677 587
4678 587
4679 587
4680 2092
4681 587
4682 612
4683 587
4684 592
4685 594
4686 2732
4687 595
4688 595
4689 2711
4690 595
4691 764
4692 595
4693 765
4694 597
4695 1647
4696 1347
4697 597
4698 1832
4699 2967
4700 647
4701 600
4702 2132
4703 600
4704 780
4705 2619
4706 600
4707 600
4708 1107
4709 1086
4710 600
4711 600
4712 3092
4713 600
4714 600
4715 600
4716 613
4717 600
4718 2322
4719 688
4720 600
4721 2561
4722 849
4723 818
4724 1683
4725 1883
4726 600
4727 2425
4728 600
4729 600
4730 600
4731 600
4732 1821
4733 690
4734 600
4735 601
4736 878
4737 603
4738 604
4739 607
4740 1491
4741 607
4742 760
4743 609
4744 609
4745 1170
4746 611
4747 2415
4748 612
4749 612
4750 612
4751 617
4752 2688
4753 2166
4754 620
4755 620
4756 2995
4757 1630
4758 1053
4759 2452
4760 3251
4761 1568
4762 2541
4763 625
4764 625
4765 625
4766 1646
4767 627
4768 629
4769 629
4770 629
4771 629
4772 629
4773 2171
4774 639
4775 1408
4776 640
4777 2539
4778 641
4779 641
4780 996
4781 641
4782 644
4783 650
4784 653
4785 653
4786 3240
4787 653
4788 653
4789 1702
4790 2005
4791 2880
4792 653
4793 653
4794 2979
4795 969
4796 653
4797 653
4798 1495
4799 653
4800 653
4801 1370
4802 2131
4803 3136
4804 2728
4805 3016
4806 661
4807 2778
4808 663
4809 665
4810 2869
4811 667
4812 667
4813 1851
4814 2592
4815 670
4816 2478
4817 670
4818 670
4819 1146
4820 670
4821 671
4822 1981
4823 1087
4824 675
4825 1697
4826 678
4827 679
4828 950
4829 1115
4830 888
4831 2630
4832 683
4833 2314
4834 686
4835 686
4836 703
4837 686
4838 686
4839 1366
4840 686
4841 712
4842 686
4843 1371
4844 687
4845 687
4846 2113
4847 687
4848 3224
4849 2587
4850 687
4851 1169
4852 855
4853 687
4854 687
4855 1400
4856 3082
4857 687
4858 687
4859 687
4860 871
4861 1854
4862 1857
4863 2894
4864 2394
4865 2490
4866 687
4867 2613
4868 3207
4869 1586
4870 688
4871 1472
4872 875
4873 2905
4874 1116
4875 837
4876 867
4877 693
4878 776
4879 1167
4880 694
4881 870
4882 1183
4883 931
4884 2654
4885 754
4886 694
4887 695
4888 696
4889 3080
4890 2356
4891 2338
4892 704
4893 1093
4894 832
4895 2547
4896 1084
4897 1780
4898 3127
4899 900
4900 1213
4901 704
4902 1555
4903 1882
4904 705
4905 706
4906 1477
4907 2924
4908 706
4909 2474
4910 709
4911 710
4912 1834
4913 710
4914 710
4915 3041
4916 710
4917 716
4918 710
4919 710
4920 1292
4921 3124
4922 757
4923 713
4924 1310
4925 713
4926 713
4927 715
4928 2076
4929 717
4930 721
4931 1846
4932 1201
4933 721
4934 1009
4935 723
4936 1769
4937 2973
4938 739
4939 1709
4940 2164
4941 2469
4942 730
4943 730
4944 730
4945 730
4946 730
4947 730
4948 738
4949 739
4950 3063
4951 1065
4952 1563
4953 2719
4954 2081
4955 1073
4956 1766
4957 2615
4958 2716
4959 748
4960 748
4961 1597
4962 748
4963 752
4964 752
4965 753
4966 1298
4967 757
4968 999
4969 757
4970 757
4971 759
4972 759
4973 760
4974 762
4975 2454
4976 2906
4977 762
4978 762
4979 1414
4980 2879
4981 1773
4982 762
4983 762
4984 762
4985 2097
4986 955
4987 3253
4988 1354
4989 1940
4990 762
4991 2950
4992 765
4993 956
4994 765
4995 1620
4996 2033
4997 1737
4998 861
4999 765
5000 1747
5001 2010
5002 1626
5003 765
5004 765
5005 1693
5006 765
5007 1099
5008 768
5009 768
5010 1677
5011 3074
5012 1100
5013 2460
5014 768
5015 2216
5016 770
5017 770
5018 2021
5019 770
5020 1211
5021 772
5022 1246
5023 1417
5024 773
5025 773
5026 775
5027 775
5028 775
5029 775
5030 3099
5031 777
5032 777
5033 1396
5034 2258
5035 1249
5036 3243
5037 788
5038 788
5039 1052
5040 2482
5041 1342
5042 1004
5043 795
5044 795
5045 1217
5046 1139
5047 795
5048 796
5049 3009
5050 2746
5051 798
5052 1493
5053 817
5054 798
5055 879
5056 804
5057 1443
5058 2056
5059 2789
5060 2961
5061 813
5062 1154
5063 1122
5064 1958
5065 2779
5066 821
5067 821
5068 821
5069 824
5070 1861
5071 826
5072 826
5073 1204
5074 2084
5075 828
5076 1309
5077 1668
5078 831
5079 1111
5080 2617
5081 833
5082 833
5083 833
5084 1561
5085 833
5086 833
5087 833
5088 964
5089 1114
5090 1389
5091 1516
5092 2863
5093 833
5094 833
5095 833
5096 2766
5097 2331
5098 833
5099 833
5100 1862
5101 1236
5102 1719
5103 833
5104 3261
5105 1864
5106 833
5107 2409
5108 833
5109 3257
5110 833
5111 926
5112 1965
5113 1227
5114 833
5115 1815
5116 927
5117 833
5118 2676
5119 834
5120 2727
5121 836
5122 1179
5123 839
5124 3010
5125 846
5126 846
5127 1712
5128 2210
5129 849
5130 1578
5131 852
5132 2270
5133 2247
5134 1967
5135 884
5136 2224
5137 852
5138 852
5139 2019
5140 2865
5141 1619
5142 1933
5143 1562
5144 858
5145 862
5146 863
5147 1303
5148 863
5149 2245
5150 2201
5151 3133
5152 863
5153 863
5154 863
5155 863
5156 863
5157 2972
5158 863
5159 1896
5160 1716
5161 863
5162 1506
5163 863
5164 2246
5165 863
5166 1062
5167 863
5168 863
5169 863
5170 1606
5171 2814
5172 863
5173 2520
5174 863
5175 2183
5176 863
5177 863
5178 1420
5179 907
5180 863
5181 2832
5182 1054
5183 2536
5184 2699
5185 1281
5186 1269
5187 1286
5188 2631
5189 1044
5190 863
5191 863
5192 1596
5193 3114
5194 863
5195 863
5196 863
5197 3223
5198 3144
5199 2329
5200 1197
5201 863
5202 2417
5203 863
5204 863
5205 864
5206 864
5207 951
5208 2735
5209 868
5210 868
5211 868
5212 2165
5213 868
5214 868
5215 1327
5216 868
5217 2691
5218 868
5219 1001
5220 958
5221 2553
5222 1833
5223 868
5224 872
5225 872
5226 1478
5227 872
5228 872
5229 872
5230 2110
5231 3024
5232 873
5233 874
5234 874
5235 875
5236 876
5237 3141
5238 877
5239 877
5240 877
5241 879
5242 879
5243 1238
5244 1499
5245 880
5246 881
5247 881
5248 1103
5249 882
5250 883
5251 884
5252 885
5253 885
5254 3123
5255 1529
5256 1541
5257 887
5258 2902
5259 888
5260 1010
5261 890
5262 890
5263 890
5264 3198
5265 1818
5266 892
5267 2099
5268 894
5269 1704
5270 895
5271 899
5272 899
5273 2953
5274 1595
5275 900
5276 901
5277 901
5278 901
5279 1218
5280 903
5281 3193
5282 903
5283 904
5284 905
5285 1288
5286 906
5287 908
5288 1372
5289 909
5290 910
5291 2135
5292 911
5293 911
5294 2900
5295 1320
5296 913
5297 915
5298 2923
5299 917
5300 1909
5301 1171
5302 1660
5303 2408
5304 2219
5305 928
5306 2531
5307 2346
5308 1918
5309 1401
5310 1394
5311 929
5312 929
5313 1667
5314 988
5315 929
5316 2864
5317 929
5318 929
5319 929
5320 998
5321 929
5322 929
5323 929
5324 929
5325 929
5326 929
5327 2141
5328 2573
5329 929
5330 929
5331 929
5332 1157
5333 929
5334 929
5335 2264
5336 1656
5337 929
5338 1787
5339 929
5340 929
5341 929
5342 2929
5343 1796
5344 2763
5345 1624
5346 2150
5347 929
5348 1874
5349 929
5350 1068
5351 929
5352 2484
5353 929
5354 1082
5355 2486
5356 929
5357 2138
5358 2109
5359 937
5360 1508
5361 929
5362 3111
5363 929
5364 929
5365 2707
5366 929
5367 929
5368 929
5369 929
5370 929
5371 1560
5372 929
5373 1181
5374 2114
5375 2095
5376 929
5377 929
5378 1460
5379 2301
5380 2193
5381 934
5382 935
5383 935
5384 936
5385 936
5386 936
5387 1325
5388 2259
5389 2456
5390 939
5391 940
5392 1663
5393 940
5394 2803
5395 2006
5396 3135
5397 940
5398 940
5399 2808
5400 945
5401 945
5402 945
5403 945
5404 945
5405 1822
5406 1289
5407 945
5408 945
5409 945
5410 945
5411 945
5412 945
5413 1196
5414 945
5415 945
5416 945
5417 2996
5418 1039
5419 945
5420 2120
5421 945
5422 945
5423 945
5424 2461
5425 945
5426 945
5427 945
5428 945
5429 3152
5430 945
5431 946
5432 947
5433 948
5434 948
5435 948
5436 948
5437 3039
5438 948
5439 1494
5440 948
5441 948
5442 948
5443 948
5444 948
5445 948
5446 1459
5447 949
5448 949
5449 2781
5450 951
5451 951
5452 997
5453 953
5454 1294
5455 2293
5456 953
5457 953
5458 953
5459 953
5460 953
5461 2317
5462 1895
5463 954
5464 1262
5465 954
5466 957
5467 2666
5468 1172
5469 1770
5470 983
5471 2383
5472 2069
5473 3291
5474 964
5475 965
5476 965
5477 2945
5478 968
5479 968
5480 968
5481 968
5482 2875
5483 1642
5484 1435
5485 3289
5486 2702
5487 2878
5488 968
5489 3178
5490 2650
5491 968
5492 2152
5493 969
5494 970
5495 1872
5496 1412
5497 972
5498 972
5499 1252
5500 972
5501 972
5502 972
5503 973
5504 973
5505 1868
5506 1083
5507 973
5508 977
5509 977
5510 977
5511 977
5512 977
5513 977
5514 980
5515 980
5516 1856
5517 1653
5518 981
5519 1403
5520 983
5521 983
5522 986
5523 1725
5524 1011
5525 3007
5526 995
5527 999
5528 1471
5529 999
5530 1027
5531 2983
5532 1831
5533 1000
5534 1000
5535 1000
5536 1123
5537 1000
5538 1000
5539 1000
5540 1000
5541 1337
5542 1004
5543 2526
5544 1900
5545 1005
5546 1005
5547 3163
5548 1005
5549 1005
5550 1015
5551 1016
5552 1016
5553 1287
5554 2386
5555 1017
5556 1018
5557 1018
5558 1020
5559 2368
5560 1020
5561 2464
5562 1020
5563 1020
5564 1020
5565 1020
5566 1021
5567 2724
5568 1576
5569 1023
5570 1024
5571 1024
5572 3121
5573 2648
5574 1026
5575 3065
5576 1030
5577 1032
5578 1456
5579 1033
5580 1036
5581 1036
5582 1036
5583 1037
5584 1502
5585 2423
5586 1041
5587 1041
5588 1041
5589 1041
5590 1041
5591 1092
5592 1681
5593 1041
5594 2674
5595 2793
5596 2564
5597 2806
5598 1042
5599 1513
5600 1045
5601 2495
5602 1045
5603 2868
5604 1045
5605 2870
5606 1047
5607 1248
5608 1047
5609 2323
5610 2565
5611 2723
5612 1047
5613 1047
5614 1214
5615 1048
5616 2475
5617 1048
5618 1048
5619 1570
5620 1051
5621 1052
5622 2253
5623 1053
5624 1053
5625 2350
5626 1054
5627 1054
5628 2485
5629 1781
5630 1054
5631 1054
5632 1054
5633 1054
5634 2395
5635 1054
5636 1424
5637 1054
5638 1054
5639 2500
5640 1636
5641 1058
5642 2026
5643 2708
5644 1362
5645 1644
5646 1266
5647 2296
5648 1817
5649 2910
5650 1061
5651 2639
5652 1849
5653 2261
5654 1064
5655 1064
5656 1064
5657 1910
5658 2427
5659 1308
5660 1064
5661 2295
5662 1064
5663 1450
5664 1064
5665 2731
5666 1544
5667 1067
5668 1068
5669 1480
5670 2626
5671 2041
5672 1823
5673 1069
5674 2672
5675 1073
5676 2698
5677 1073
5678 2388
5679 1073
5680 1073
5681 1073
5682 3242
5683 1239
5684 1073
5685 1073
5686 1890
5687 1073
5688 1073
5689 3230
5690 1739
5691 1983
5692 1475
5693 1079
5694 3036
5695 1669
5696 1079
5697 1082
5698 1701
5699 1083
5700 2754
5701 1083
5702 2453
5703 1083
5704 1083
5705 2884
5706 1083
5707 2103
5708 1295
5709 1599
5710 1083
5711 1083
5712 1083
5713 2440
5714 3190
5715 1083
5716 1083
5717 1404
5718 3003
5719 3246
5720 1083
5721 1283
5722 2773
5723 2527
5724 3221
5725 1087
5726 1087
5727 1087
5728 1850
5729 1087
5730 1088
5731 3031
5732 1089
5733 1877
5734 1095
5735 1939
5736 2812
5737 1097
5738 3206
5739 3098
5740 2450
5741 1100
5742 1100
5743 2775
5744 1100
5745 1800
5746 1519
5747 2419
5748 1101
5749 1987
5750 1101
5751 1101
5752 2407
5753 1101
5754 1158
5755 1163
5756 1617
5757 2007
5758 1101
5759 1101
5760 1101
5761 1101
5762 1608
5763 1101
5764 2380
5765 1101
5766 1101
5767 1101
5768 1797
5769 1621
5770 1101
5771 1808
5772 1101
5773 2000
5774 2903
5775 1662
5776 1687
5777 1104
5778 3266
5779 1104
5780 1104
5781 2061
5782 1106
5783 1106
5784 1106
5785 1106
5786 1106
5787 1106
5788 1106
5789 1166
5790 1106
5791 1106
5792 2891
5793 1106
5794 2468
5795 1949
5796 1510
5797 1106
5798 1106
5799 3102
5800 1106
5801 1106
5802 1106
5803 1359
5804 3134
5805 1106
5806 1106
5807 1623
5808 1110
5809 1113
5810 3017
5811 2997
5812 1114
5813 1114
5814 3165
5815 1114
5816 1379
5817 2867
5818 1114
5819 1114
5820 1116
5821 1116
5822 1941
5823 1870
5824 1690
5825 1117
5826 1117
5827 1117
5828 1117
5829 1926
5830 1117
5831 1884
5832 1117
5833 1117
5834 1117
5835 1117
5836 2248
5837 2432
5838 3183
5839 1117
5840 1117
5841 1117
5842 1117
5843 1117
5844 2589
5845 1591
5846 1484
5847 1117
5848 1117
5849 1117
5850 1258
5851 2340
5852 1117
5853 2370
5854 2695
5855 1117
5856 2341
5857 1117
5858 1117
5859 2571
5860 1117
5861 1117
5862 1117
5863 3055
5864 1117
5865 2737
5866 2568
5867 1314
5868 1117
5869 1117
5870 1117
5871 1117
5872 1117
5873 1117
5874 1549
5875 1706
5876 1117
5877 1117
5878 1267
5879 1878
5880 2984
5881 1182
5882 2835
5883 1946
5884 1117
5885 2379
5886 1117
5887 1117
5888 1117
5889 1117
5890 1798
5891 1117
5892 1422
5893 1117
5894 1117
5895 1117
5896 1117
5897 2343
5898 1117
5899 1628
5900 3286
5901 3180
5902 1117
5903 1117
5904 2128
5905 2065
5906 1118
5907 3029
5908 1324
5909 2039
5910 1120
5911 2202
5912 1120
5913 2042
5914 1120
5915 1120
5916 2874
5917 1120
5918 1120
5919 1120
5920 2438
5921 1120
5922 1120
5923 1120
5924 2235
5925 1125
5926 1128
5927 1129
5928 1426
5929 1130
5930 1130
5931 1132
5932 1132
5933 2015
5934 2402
5935 1135
5936 2411
5937 1135
5938 1135
5939 1135
5940 1278
5941 2830
5942 1527
5943 3047
5944 1743
5945 3262
5946 1135
5947 1220
5948 1137
5949 1853
5950 1488
5951 1140
5952 1140
5953 1140
5954 1140
5955 2096
5956 1143
5957 1143
5958 1143
5959 1143
5960 2713
5961 1143
5962 1143
5963 2447
5964 2391
5965 2003
5966 2876
5967 2962
5968 1388
5969 1144
5970 1535
5971 1144
5972 1984
5973 1146
5974 1146
5975 1146
5976 1146
5977 1146
5978 1147
5979 2643
5980 1147
5981 1150
5982 1666
5983 2595
5984 1212
5985 1530
5986 1154
5987 1315
5988 2139
5989 1353
5990 1155
5991 1518
5992 2275
5993 1155
5994 1155
5995 3259
5996 1163
5997 2208
5998 2802
5999 1616
6000 1166
6001 1166
6002 1285
6003 1166
6004 1166
6005 1166
6006 1166
6007 2191
6008 1858
6009 1167
6010 1168
6011 1240
6012 2102
6013 1172
6014 1172
6015 1215
6016 1173
6017 1173
6018 1989
6019 1729
6020 1178
6021 1178
6022 3140
6023 1992
6024 1575
6025 1181
6026 1181
6027 1181
6028 2426
6029 2057
6030 1181
6031 1185
6032 1350
6033 1200
6034 1190
6035 1190
6036 1192
6037 1192
6038 1193
6039 2511
6040 2508
6041 1197
6042 1197
6043 2670
6044 1197
6045 1198
6046 1203
6047 1203
6048 1203
6049 1203
6050 1205
6051 1500
6052 1205
6053 1206
6054 1206
6055 2762
6056 1982
6057 1206
6058 1207
6059 1207
6060 1207
6061 1574
6062 2462
6063 1209
6064 1209
6065 2971
6066 3066
6067 2126
6068 1210
6069 1210
6070 1211
6071 1214
6072 2985
6073 1214
6074 1601
6075 1218
6076 1219
6077 1223
6078 1985
6079 1671
6080 1227
6081 2401
6082 2181
6083 1230
6084 1727
6085 2059
6086 1231
6087 1233
6088 1234
6089 1234
6090 1235
6091 2393
6092 1235
6093 3020
6094 1235
6095 1828
6096 1235
6097 1235
6098 1235
6099 1235
6100 1827
6101 1237
6102 2507
6103 1237
6104 1237
6105 2574
6106 1237
6107 1237
6108 1237
6109 1752
6110 1237
6111 2044
6112 1237
6113 1238
6114 1837
6115 1244
6116 1244
6117 1244
6118 1384
6119 1247
6120 2883
6121 1248
6122 1253
6123 1255
6124 1258
6125 1258
6126 2244
6127 1258
6128 1259
6129 1343
6130 2833
6131 1672
6132 1260
6133 1260
6134 1262
6135 1262
6136 1262
6137 1262
6138 2082
6139 2476
6140 2479
6141 1268
6142 1638
6143 1273
6144 1274
6145 3175
6146 1274
6147 1274
6148 1274
6149 1279
6150 1279
6151 1279
6152 2281
6153 2051
6154 1283
6155 1283
6156 1526
6157 1788
6158 1284
6159 1284
6160 3128
6161 1284
6162 1284
6163 2325
6164 1285
6165 1286
6166 1286
6167 1286
6168 1286
6169 1286
6170 2146
6171 1684
6172 1302
6173 1289
6174 1349
6175 1289
6176 2537
6177 1290
6178 2596
6179 1594
6180 1302
6181 1917
6182 1303
6183 2964
6184 2591
6185 1303
6186 3158
6187 1303
6188 1303
6189 1304
6190 1309
6191 1309
6192 1309
6193 1309
6194 1310
6195 1655
6196 2747
6197 3176
6198 1730
6199 1767
6200 2892
6201 2405
6202 3161
6203 1318
6204 2312
6205 2594
6206 1859
6207 1318
6208 1320
6209 1320
6210 1320
6211 1559
6212 1323
6213 1323
6214 1325
6215 1326
6216 2563
6217 1326
6218 1326
6219 1328
6220 1329
6221 2487
6222 1331
6223 1331
6224 2016
6225 2297
6226 1331
6227 1331
6228 1331
6229 1331
6230 1331
6231 1331
6232 1842
6233 2987
6234 1332
6235 1332
6236 1336
6237 3275
6238 1342
6239 1343
6240 2970
6241 1343
6242 1343
6243 1345
6244 1345
6245 1345
6246 1347
6247 1347
6248 1348
6249 1349
6250 1612
6251 1350
6252 1925
6253 1898
6254 1350
6255 2266
6256 1350
6257 1360
6258 1436
6259 3001
6260 1405
6261 1351
6262 1351
6263 1657
6264 2993
6265 1351
6266 1351
6267 1351
6268 1351
6269 1352
6270 1352
6271 1353
6272 1355
6273 1356
6274 1356
6275 2221
6276 3168
6277 1358
6278 1358
6279 1358
6280 1358
6281 1358
6282 1358
6283 1358
6284 1358
6285 1358
6286 2749
6287 1358
6288 1358
6289 1602
6290 1358
6291 3052
6292 1358
6293 1358
6294 1358
6295 1358
6296 1358
6297 1358
6298 1358
6299 1528
6300 2354
6301 2521
6302 1358
6303 1358
6304 1358
6305 1358
6306 1953
6307 1358
6308 1358
6309 1358
6310 2316
6311 1362
6312 1763
6313 1367
6314 1814
6315 1367
6316 1367
6317 2334
6318 3112
6319 1370
6320 1370
6321 1370
6322 3048
6323 2414
6324 2089
6325 1370
6326 1370
6327 1370
6328 1373
6329 3030
6330 1375
6331 1377
6332 2345
6333 1379
6334 1379
6335 1379
6336 1379
6337 1379
6338 1381
6339 1381
6340 2288
6341 2492
6342 2355
6343 2614
6344 1386
6345 1386
6346 1388
6347 1391
6348 1391
6349 1391
6350 2480
6351 1391
6352 2644
6353 1391
6354 1778
6355 2023
6356 1394
6357 1906
6358 1394
6359 2652
6360 1394
6361 1924
6362 1394
6363 1395
6364 1395
6365 2567
6366 1397
6367 1485
6368 1397
6369 2074
6370 1397
6371 1397
6372 1398
6373 1588
6374 1398
6375 2772
6376 1408
6377 1408
6378 1408
6379 1993
6380 1738
6381 2604
6382 1408
6383 1410
6384 3147
6385 1410
6386 1412
6387 1805
6388 1415
6389 1416
6390 3172
6391 1422
6392 1423
6393 1424
6394 1428
6395 1430
6396 1956
6397 1431
6398 1431
6399 1431
6400 1733
6401 2560
6402 1433
6403 1435
6404 3295
6405 3035
6406 1710
6407 2885
6408 1440
6409 1971
6410 2534
6411 1446
6412 1447
6413 1447
6414 2523
6415 1447
6416 1452
6417 2817
6418 1453
6419 1453
6420 1453
6421 1453
6422 3231
6423 1873
6424 1453
6425 1453
6426 1454
6427 1454
6428 1454
6429 2623
6430 1454
6431 1454
6432 1765
6433 2173
6434 1454
6435 1454
6436 1456
6437 1908
6438 1464
6439 1523
6440 1464
6441 1465
6442 1580
6443 1466
6444 1466
6445 1467
6446 1467
6447 1468
6448 1468
6449 1757
6450 2502
6451 1469
6452 2627
6453 1469
6454 1469
6455 1469
6456 1474
6457 1477
6458 1477
6459 1477
6460 1736
6461 1593
6462 1477
6463 1481
6464 1545
6465 1483
6466 1483
6467 1794
6468 1484
6469 1484
6470 1484
6471 1852
6472 1486
6473 2148
6474 2821
6475 1489
6476 1489
6477 2050
6478 2185
6479 1489
6480 1489
6481 1490
6482 1490
6483 1490
6484 1492
6485 1493
6486 1496
6487 1500
6488 1501
6489 1501
6490 2186
6491 1550
6492 1502
6493 1503
6494 1935
6495 1504
6496 1504
6497 1504
6498 1505
6499 1505
6500 1505
6501 1505
6502 1505
6503 1810
6504 1506
6505 1506
6506 2776
6507 2302
6508 1506
6509 1506
6510 1506
6511 1506
6512 1506
6513 1506
6514 1506
6515 1506
6516 1506
6517 1506
6518 1506
6519 1506
6520 1506
6521 1506
6522 1556
6523 1506
6524 1506
6525 1506
6526 1506
6527 1506
6528 1506
6529 2758
6530 1506
6531 2881
6532 1871
6533 2939
6534 1506
6535 1506
6536 2518
6537 2029
6538 1508
6539 1510
6540 1512
6541 1512
6542 1513
6543 1519
6544 1522
6545 1522
6546 2555
6547 1526
6548 1526
6549 1526
6550 1526
6551 1526
6552 1527
6553 1527
6554 1527
6555 2649
6556 1527
6557 1527
6558 3268
6559 1558
6560 2741
6561 1527
6562 1527
6563 1527
6564 1847
6565 2628
6566 2913
6567 1527
6568 1527
6569 1527
6570 1824
6571 2449
6572 1528
6573 1531
6574 1532
6575 1911
6576 3107
6577 1532
6578 1532
6579 1718
6580 1532
6581 1532
6582 1535
6583 1535
6584 1535
6585 1535
6586 1535
6587 1535
6588 1536
6589 1536
6590 1536
6591 1536
6592 1539
6593 1541
6594 2505
6595 2375
6596 1541
6597 1542
6598 1542
6599 1543
6600 1543
6601 1543
6602 2366
6603 2705
6604 1543
6605 1543
6606 1717
6607 2353
6608 2357
6609 1548
6610 1572
6611 1549
6612 2387
6613 1552
6614 2999
6615 2048
6616 1552
6617 2888
6618 1552
6619 2958
6620 3097
6621 1556
6622 1556
6623 1564
6624 1954
6625 1560
6626 1560
6627 1560
6628 1561
6629 2588
6630 1721
6631 1562
6632 2759
6633 2458
6634 2887
6635 1564
6636 1564
6637 1566
6638 1567
6639 1648
6640 1567
6641 1567
6642 1567
6643 1567
6644 1963
6645 1567
6646 1570
6647 1961
6648 2603
6649 1974
6650 1571
6651 1571
6652 1571
6653 1572
6654 1572
6655 2893
6656 1779
6657 1586
6658 2498
6659 1586
6660 1586
6661 3060
6662 1588
6663 1588
6664 1588
6665 1588
6666 1588
6667 1588
6668 1588
6669 1591
6670 1591
6671 1591
6672 1591
6673 1591
6674 1591
6675 2554
6676 2339
6677 1591
6678 1591
6679 1591
6680 2751
6681 1802
6682 1591
6683 1591
6684 1598
6685 1603
6686 1603
6687 2770
6688 1603
6689 1603
6690 1603
6691 1753
6692 1603
6693 1603
6694 1603
6695 1603
6696 1603
6697 2170
6698 1603
6699 1603
6700 1603
6701 3028
6702 1603
6703 1744
6704 1603
6705 1603
6706 1603
6707 1973
6708 1603
6709 2320
6710 2651
6711 1603
6712 1603
6713 1603
6714 2215
6715 1603
6716 1603
6717 2422
6718 3117
6719 1603
6720 1888
6721 1603
6722 1603
6723 1603
6724 1686
6725 1603
6726 1603
6727 2846
6728 2620
6729 1609
6730 1609
6731 1609
6732 1609
6733 1611
6734 2701
6735 1614
6736 1811
6737 1614
6738 1615
6739 1615
6740 1615
6741 1618
6742 1619
6743 1620
6744 1764
6745 1622
6746 2160
6747 2298
6748 1626
6749 2667
6750 1629
6751 1998
6752 1629
6753 1651
6754 1630
6755 1988
6756 1635
6757 1635
6758 1635
6759 1635
6760 1635
6761 1635
6762 1635
6763 1635
6764 1635
6765 1637
6766 1638
6767 1638
6768 1638
6769 1720
6770 1638
6771 1876
6772 2361
6773 1638
6774 1639
6775 1639
6776 1639
6777 1639
6778 1771
6779 1639
6780 1639
6781 1639
6782 2194
6783 3077
6784 1639
6785 1639
6786 1639
6787 1642
6788 1645
6789 1645
6790 1648
6791 1648
6792 1648
6793 3027
6794 2309
6795 3115
6796 2673
6797 1651
6798 1651
6799 1652
6800 1652
6801 1653
6802 1799
6803 1653
6804 2914
6805 1653
6806 1653
6807 1653
6808 1653
6809 2546
6810 1653
6811 1653
6812 1653
6813 2034
6814 3118
6815 1653
6816 1653
6817 1653
6818 1653
6819 1653
6820 1653
6821 1653
6822 2575
6823 2400
6824 2116
6825 1653
6826 1653
6827 1653
6828 1653
6829 1653
6830 2231
6831 2756
6832 1653
6833 1653
6834 1653
6835 2207
6836 1653
6837 2757
6838 1654
6839 1655
6840 1655
6841 1656
6842 2157
6843 1897
6844 1658
6845 2287
6846 1661
6847 1661
6848 1661
6849 1661
6850 1661
6851 1692
6852 1661
6853 2916
6854 1768
6855 2100
6856 1661
6857 1661
6858 3090
6859 1919
6860 3108
6861 1665
6862 1665
6863 1665
6864 1665
6865 1665
6866 1665
6867 1665
6868 1665
6869 1666
6870 1666
6871 1666
6872 1666
6873 2946
6874 1671
6875 1671
6876 1671
6877 1671
6878 1671
6879 1671
6880 1671
6881 1671
6882 1671
6883 1671
6884 1671
6885 1674
6886 1674
6887 1674
6888 2058
6889 1681
6890 2389
6891 1683
6892 1687
6893 1689
6894 1691
6895 1692
6896 1695
6897 1695
6898 1699
6899 1699
6900 1699
6901 1699
6902 1699
6903 1699
6904 1699
6905 2578
6906 1703
6907 2038
6908 1703
6909 1703
6910 2112
6911 1703
6912 1703
6913 1703
6914 1703
6915 1703
6916 1704
6917 1704
6918 2390
6919 1707
6920 1707
6921 1708
6922 1708
6923 1708
6924 1709
6925 1709
6926 1710
6927 1710
6928 1710
6929 2284
6930 3188
6931 1710
6932 1711
6933 2978
6934 1716
6935 1716
6936 3177
6937 3195
6938 1718
6939 1720
6940 1721
6941 1723
6942 2842
6943 1724
6944 1724
6945 1724
6946 1724
6947 1724
6948 1724
6949 1724
6950 1724
6951 1724
6952 2798
6953 1724
6954 1725
6955 1772
6956 1726
6957 1726
6958 1728
6959 1728
6960 3130
6961 1728
6962 1728
6963 1728
6964 3076
6965 1728
6966 1731
6967 1731
6968 2494
6969 1734
6970 2066
6971 1735
6972 3086
6973 1735
6974 1735
6975 1735
6976 1735
6977 1735
6978 1735
6979 1735
6980 2052
6981 1735
6982 1738
6983 1738
6984 1738
6985 2399
6986 1738
6987 1929
6988 1738
6989 1738
6990 1738
6991 1738
6992 1738
6993 1738
6994 1738
6995 2904
6996 1920
6997 1739
6998 1739
6999 1742
7000 1742
7001 1743
7002 2607
7003 1792
7004 1745
7005 1745
7006 1745
7007 1745
7008 1745
7009 2372
7010 1746
7011 1746
7012 2839
7013 3226
7014 1749
7015 1751
7016 2441
7017 1759
7018 2952
7019 1760
7020 2748
7021 3021
7022 1760
7023 1760
7024 1893
7025 3213
7026 1760
7027 3071
7028 1760
7029 1763
7030 1764
7031 1765
7032 1765
7033 1765
7034 1816
7035 1765
7036 1765
7037 1765
7038 1765
7039 1765
7040 1766
7041 1766
7042 1766
7043 3191
7044 2014
7045 1771
7046 1772
7047 1772
7048 1773
7049 1773
7050 1774
7051 2226
7052 1778
7053 1778
7054 1778
7055 1778
7056 2947
7057 1778
7058 1778
7059 1778
7060 1778
7061 2934
7062 1778
7063 1778
7064 1778
7065 1779
7066 1780
7067 1781
7068 1943
7069 1782
7070 2637
7071 1782
7072 1784
7073 1784
7074 1784
7075 1784
7076 1784
7077 2496
7078 2101
7079 1786
7080 1789
7081 1789
7082 3169
7083 1789
7084 1789
7085 2851
7086 2315
7087 1789
7088 1789
7089 2040
7090 1789
7091 2845
7092 1789
7093 1791
7094 1792
7095 2642
7096 1796
7097 3220
7098 1978
7099 1797
7100 1797
7101 2403
7102 1802
7103 1804
7104 1804
7105 1808
7106 3173
7107 1811
7108 1815
7109 1819
7110 2513
7111 1819
7112 1819
7113 3061
7114 1819
7115 3145
7116 1819
7117 1819
7118 1819
7119 2466
7120 1819
7121 1819
7122 1819
7123 2200
7124 1819
7125 1819
7126 2024
7127 2767
7128 3194
7129 1819
7130 1819
7131 2840
7132 3174
7133 2286
7134 1819
7135 2277
7136 1820
7137 1822
7138 3218
7139 2514
7140 1822
7141 1822
7142 1822
7143 1822
7144 1927
7145 1824
7146 2410
7147 2265
7148 1824
7149 1824
7150 1824
7151 1824
7152 1824
7153 1825
7154 1825
7155 1825
7156 1825
7157 1830
7158 1830
7159 1830
7160 2809
7161 3287
7162 1831
7163 1831
7164 1891
7165 1831
7166 1831
7167 1831
7168 1836
7169 1836
7170 1836
7171 1838
7172 1842
7173 1842
7174 1842
7175 2105
7176 1842
7177 1842
7178 1843
7179 1843
7180 1843
7181 1844
7182 2825
7183 1847
7184 1849
7185 1850
7186 1851
7187 1851
7188 1852
7189 2174
7190 1852
7191 3216
7192 1854
7193 2158
7194 2251
7195 1966
7196 1856
7197 1856
7198 1856
7199 1857
7200 1857
7201 1857
7202 1857
7203 1857
7204 1857
7205 1986
7206 1901
7207 1857
7208 1875
7209 1859
7210 2917
7211 1859
7212 1859
7213 2467
7214 1950
7215 2054
7216 1866
7217 1866
7218 2195
7219 1866
7220 1866
7221 1866
7222 1866
7223 1866
7224 2359
7225 2285
7226 2223
7227 1866
7228 1866
7229 1866
7230 1866
7231 1866
7232 1866
7233 1866
7234 1866
7235 1866
7236 2117
7237 3254
7238 1866
7239 2646
7240 2240
7241 1868
7242 2824
7243 1870
7244 1871
7245 2937
7246 1873
7247 1874
7248 2280
7249 1876
7250 1876
7251 1876
7252 1876
7253 1876
7254 1877
7255 2307
7256 2675
7257 1877
7258 1877
7259 1877
7260 1877
7261 1877
7262 1877
7263 1877
7264 3119
7265 1877
7266 1877
7267 1877
7268 1877
7269 1877
7270 1877
7271 1877
7272 3203
7273 3148
7274 1877
7275 1877
7276 3046
7277 3229
7278 1877
7279 3285
7280 1877
7281 1878
7282 1878
7283 1878
7284 1878
7285 1878
7286 1878
7287 1882
7288 1882
7289 1882
7290 1882
7291 1882
7292 1882
7293 1882
7294 1882
7295 1882
7296 2750
7297 1882
7298 3051
7299 2249
7300 2909
7301 3095
7302 1888
7303 2145
7304 1888
7305 1888
7306 1893
7307 1894
7308 1894
7309 1895
7310 2706
7311 1895
7312 1895
7313 1895
7314 1895
7315 1899
7316 1899
7317 1901
7318 3276
7319 1901
7320 1901
7321 2634
7322 1901
7323 3096
7324 2829
7325 2444
7326 1901
7327 1901
7328 1901
7329 2976
7330 1901
7331 1901
7332 1901
7333 1901
7334 2465
7335 1902
7336 1903
7337 1903
7338 1903
7339 1904
7340 1904
7341 1908
7342 1908
7343 1908
7344 1908
7345 1911
7346 1999
7347 1912
7348 3296
7349 1915
7350 1915
7351 1915
7352 1915
7353 2858
7354 1916
7355 2576
7356 1916
7357 1916
7358 1916
7359 1917
7360 1917
7361 2064
7362 1917
7363 1919
7364 2795
7365 1979
7366 1921
7367 2622
7368 3215
7369 1921
7370 2895
7371 3131
7372 1924
7373 1924
7374 1924
7375 1924
7376 2067
7377 1924
7378 2722
7379 1924
7380 2192
7381 2204
7382 1925
7383 1930
7384 2823
7385 1930
7386 1930
7387 1930
7388 2919
7389 1931
7390 1936
7391 2988
7392 1936
7393 3126
7394 3292
7395 2690
7396 1936
7397 1936
7398 1936
7399 2182
7400 1936
7401 1936
7402 1936
7403 2871
7404 1937
7405 1937
7406 1938
7407 1941
7408 1942
7409 1945
7410 2530
7411 1945
7412 3014
7413 1945
7414 1945
7415 1945
7416 1945
7417 1945
7418 1945
7419 1945
7420 1945
7421 1945
7422 2118
7423 3002
7424 1949
7425 1949
7426 2889
7427 1949
7428 1949
7429 1949
7430 1949
7431 1949
7432 1949
7433 1949
7434 1949
7435 1949
7436 1949
7437 2162
7438 1952
7439 1952
7440 1953
7441 1953
7442 1953
7443 1953
7444 1954
7445 1954
7446 1954
7447 1954
7448 1954
7449 1954
7450 1954
7451 1954
7452 1954
7453 1954
7454 1954
7455 1954
7456 1954
7457 1954
7458 1954
7459 1954
7460 2335
7461 1955
7462 1956
7463 1956
7464 1957
7465 1958
7466 1959
7467 2549
7468 1962
7469 1963
7470 1963
7471 1963
7472 3000
7473 1963
7474 1963
7475 1966
7476 3208
7477 3290
7478 1966
7479 1966
7480 1966
7481 1966
7482 1966
7483 2640
7484 1969
7485 3228
7486 1969
7487 1970
7488 1970
7489 1970
7490 1970
7491 1970
7492 2140
7493 1970
7494 2838
7495 2730
7496 1973
7497 1973
7498 1973
7499 1973
7500 1973
7501 1973
7502 2608
7503 1973
7504 1973
7505 1973
7506 1974
7507 2504
7508 1974
7509 1975
7510 1975
7511 1975
7512 1975
7513 1975
7514 1975
7515 1975
7516 1975
7517 3038
7518 1975
7519 1975
7520 1975
7521 1975
7522 2700
7523 2599
7524 2169
7525 1975
7526 1975
7527 1975
7528 2896
7529 1975
7530 1975
7531 1975
7532 2609
7533 1975
7534 2828
7535 1975
7536 1975
7537 1975
7538 3280
7539 1975
7540 2321
7541 1975
7542 1975
7543 1975
7544 1975
7545 2509
7546 1975
7547 1975
7548 1976
7549 1976
7550 1976
7551 2229
7552 1978
7553 1978
7554 1978
7555 1978
7556 1978
7557 1978
7558 2570
7559 1978
7560 1978
7561 3068
7562 1978
7563 2130
7564 1978
7565 1978
7566 1978
7567 1978
7568 1978
7569 1978
7570 1978
7571 1978
7572 1978
7573 2013
7574 1983
7575 1984
7576 1988
7577 1988
7578 2616
7579 2177
7580 2238
7581 1990
7582 2046
7583 1991
7584 1991
7585 1992
7586 1992
7587 1993
7588 1993
7589 1999
7590 2001
7591 2686
7592 2897
7593 2715
7594 2006
7595 2010
7596 2010
7597 2016
7598 2018
7599 2018
7600 2019
7601 2021
7602 2022
7603 2023
7604 2023
7605 2986
7606 2023
7607 2023
7608 2023
7609 2621
7610 2497
7611 2023
7612 2860
7613 2023
7614 2023
7615 2023
7616 2024
7617 2024
7618 2024
7619 2119
7620 2024
7621 2024
7622 2024
7623 2024
7624 2025
7625 2028
7626 2034
7627 2035
7628 2035
7629 2035
7630 2035
7631 2036
7632 2036
7633 2036
7634 3239
7635 2038
7636 2041
7637 2638
7638 2279
7639 2392
7640 2046
7641 2351
7642 2047
7643 2048
7644 2049
7645 2051
7646 2051
7647 2051
7648 2051
7649 2053
7650 2054
7651 2055
7652 2056
7653 2058
7654 2058
7655 2061
7656 2061
7657 2062
7658 2062
7659 2431
7660 2062
7661 2062
7662 2062
7663 2063
7664 2063
7665 2065
7666 2069
7667 2069
7668 2069
7669 2069
7670 2069
7671 2470
7672 2069
7673 2787
7674 2069
7675 2069
7676 2070
7677 2070
7678 3166
7679 2091
7680 2552
7681 2073
7682 2682
7683 2073
7684 2250
7685 2074
7686 2075
7687 2075
7688 2075
7689 2137
7690 3256
7691 2873
7692 2075
7693 2075
7694 2107
7695 2075
7696 2075
7697 2075
7698 2075
7699 2075
7700 2075
7701 2075
7702 2075
7703 2075
7704 2075
7705 2075
7706 2272
7707 2455
7708 2075
7709 2075
7710 2075
7711 2075
7712 2075
7713 2075
7714 2075
7715 2075
7716 2075
7717 2075
7718 2075
7719 2075
7720 2075
7721 2075
7722 2075
7723 2075
7724 3018
7725 2075
7726 2075
7727 2075
7728 2075
7729 2075
7730 2075
7731 3209
7732 2078
7733 2078
7734 2187
7735 2078
7736 2078
7737 2078
7738 2078
7739 2785
7740 2078
7741 2078
7742 2078
7743 2566
7744 2282
7745 2289
7746 2086
7747 2086
7748 2086
7749 2086
7750 2086
7751 2086
7752 2086
7753 2086
7754 2780
7755 2086
7756 2086
7757 2087
7758 2853
7759 2087
7760 2087
7761 2898
7762 2092
7763 2092
7764 2092
7765 2196
7766 2092
7767 2092
7768 2092
7769 2092
7770 2092
7771 2092
7772 2092
7773 2092
7774 2092
7775 2092
7776 2092
7777 2093
7778 2093
7779 2093
7780 2271
7781 2096
7782 2473
7783 2096
7784 2096
7785 2096
7786 2774
7787 2098
7788 2098
7789 2098
7790 2098
7791 2098
7792 2796
7793 2098
7794 2099
7795 2099
7796 2790
7797 2102
7798 2110
7799 3267
7800 2112
7801 2112
7802 2112
7803 2115
7804 2116
7805 2116
7806 2116
7807 2117
7808 2117
7809 2254
7810 2117
7811 3019
7812 2117
7813 2117
7814 2117
7815 2117
7816 2373
7817 2117
7818 2117
7819 2299
7820 2117
7821 2801
7822 2117
7823 2117
7824 2120
7825 2120
7826 2120
7827 2120
7828 2121
7829 2123
7830 2123
7831 2123
7832 2123
7833 2123
7834 2125
7835 2125
7836 2126
7837 2127
7838 2130
7839 2130
7840 2130
7841 2130
7842 2130
7843 2130
7844 2130
7845 3160
7846 2133
7847 2134
7848 2974
7849 2139
7850 2139
7851 2143
7852 2143
7853 2145
7854 2145
7855 2848
7856 2583
7857 2146
7858 2146
7859 2147
7860 3170
7861 2148
7862 2148
7863 2148
7864 2149
7865 2662
7866 2150
7867 2152
7868 2152
7869 2156
7870 2156
7871 2156
7872 2156
7873 2157
7874 2157
7875 2158
7876 2158
7877 2991
7878 2160
7879 2160
7880 2163
7881 2165
7882 2165
7883 2165
7884 2336
7885 2165
7886 2165
7887 2165
7888 2165
7889 2636
7890 2166
7891 2169
7892 2170
7893 2172
7894 2172
7895 2172
7896 2647
7897 2172
7898 2172
7899 2174
7900 2948
7901 2174
7902 2174
7903 2174
7904 2174
7905 2175
7906 2179
7907 2179
7908 2179
7909 2179
7910 2179
7911 2179
7912 2179
7913 2818
7914 2183
7915 2183
7916 2183
7917 2184
7918 2184
7919 2533
7920 2186
7921 2186
7922 2187
7923 2188
7924 2194
7925 3225
7926 2849
7927 2195
7928 2195
7929 2195
7930 2195
7931 2601
7932 2199
7933 2199
7934 2199
7935 2199
7936 2199
7937 2200
7938 2201
7939 2203
7940 2203
7941 2203
7942 2203
7943 2203
7944 3015
7945 2204
7946 2204
7947 2204
7948 2726
7949 2208
7950 2208
7951 2208
7952 2208
7953 2208
7954 2208
7955 2208
7956 2208
7957 2208
7958 2208
7959 2208
7960 2208
7961 2208
7962 2208
7963 2208
7964 2886
7965 2209
7966 2209
7967 2209
7968 2209
7969 2382
7970 2210
7971 3181
7972 2212
7973 2212
7974 3241
7975 2212
7976 2212
7977 2212
7978 2213
7979 2213
7980 2213
7981 2292
7982 3091
7983 2982
7984 2213
7985 2213
7986 2213
7987 2213
7988 2214
7989 2216
7990 2221
7991 3244
7992 2225
7993 2226
7994 2226
7995 2229
7996 2229
7997 2229
7998 3138
7999 2229
8000 2489
8001 2230
8002 2231
8003 2231
8004 2231
8005 2231
8006 2231
8007 2231
8008 2235
8009 2235
8010 2236
8011 2237
8012 2237
8013 2238
8014 2238
8015 2764
8016 2238
8017 2238
8018 2238
8019 2241
8020 3249
8021 2243
8022 2244
8023 2244
8024 2246
8025 2246
8026 2247
8027 2247
8028 2247
8029 2247
8030 2251
8031 3067
8032 2251
8033 2254
8034 2256
8035 2257
8036 2257
8037 2257
8038 2257
8039 2257
8040 2257
8041 2841
8042 2558
8043 2257
8044 2257
8045 2257
8046 2954
8047 2259
8048 2259
8049 2259
8050 3081
8051 2265
8052 2265
8053 2265
8054 2265
8055 2265
8056 2265
8057 2265
8058 2266
8059 2269
8060 2269
8061 2269
8062 2269
8063 2269
8064 2272
8065 2362
8066 2277
8067 2277
8068 2279
8069 2280
8070 2544
8071 2285
8072 2285
8073 2285
8074 2286
8075 2286
8076 2286
8077 2286
8078 2287
8079 2606
8080 2287
8081 2656
8082 2288
8083 2288
8084 2288
8085 2834
8086 2291
8087 2292
8088 2292
8089 3252
8090 2293
8091 2293
8092 2294
8093 2296
8094 2297
8095 2298
8096 2300
8097 2300
8098 2301
8099 2302
8100 2302
8101 2302
8102 2302
8103 2302
8104 2303
8105 3072
8106 2600
8107 2314
8108 2315
8109 2315
8110 2703
8111 2315
8112 2316
8113 2318
8114 2516
8115 2319
8116 2321
8117 2321
8118 2329
8119 2329
8120 2811
8121 2329
8122 2329
8123 2329
8124 2329
8125 2329
8126 2376
8127 2329
8128 2329
8129 2329
8130 2989
8131 2332
8132 2332
8133 3087
8134 2334
8135 2334
8136 2334
8137 2334
8138 2334
8139 2334
8140 2334
8141 2334
8142 2334
8143 3235
8144 2334
8145 2334
8146 2334
8147 2334
8148 2334
8149 2336
8150 2336
8151 2442
8152 2336
8153 2336
8154 2336
8155 2336
8156 2752
8157 2337
8158 2337
8159 2337
8160 2337
8161 2337
8162 2337
8163 2977
8164 2337
8165 2338
8166 2338
8167 2346
8168 2346
8169 2660
8170 2346
8171 2347
8172 2936
8173 3270
8174 2347
8175 2347
8176 3185
8177 2347
8178 2347
8179 2347
8180 2347
8181 2347
8182 3103
8183 2347
8184 2347
8185 2347
8186 2347
8187 2347
8188 2347
8189 2347
8190 2347
8191 2348
8192 2348
8193 2348
8194 2350
8195 2725
8196 2354
8197 2463
8198 2356
8199 2932
8200 2356
8201 2356
8202 2356
8203 2356
8204 2356
8205 2356
8206 2356
8207 2356
8208 2356
8209 2356
8210 2357
8211 2358
8212 2358
8213 2358
8214 2499
8215 2358
8216 2358
8217 2358
8218 2624
8219 2358
8220 2882
8221 2358
8222 2433
8223 2358
8224 2358
8225 2358
8226 2503
8227 2358
8228 2358
8229 2358
8230 2358
8231 2358
8232 2358
8233 3264
8234 2358
8235 2358
8236 2358
8237 2361
8238 2361
8239 3025
8240 2361
8241 2364
8242 2364
8243 2364
8244 2365
8245 2365
8246 2365
8247 2365
8248 2365
8249 2365
8250 2365
8251 2365
8252 2366
8253 2366
8254 2366
8255 2366
8256 2366
8257 2366
8258 2366
8259 2366
8260 2585
8261 2366
8262 2366
8263 2366
8264 2366
8265 2366
8266 2753
8267 2366
8268 2366
8269 2366
8270 2366
8271 2367
8272 2367
8273 2367
8274 2369
8275 2369
8276 2370
8277 2370
8278 2372
8279 2374
8280 2404
8281 2375
8282 2717
8283 2375
8284 2379
8285 3277
8286 2379
8287 2379
8288 2379
8289 2379
8290 2379
8291 2633
8292 2379
8293 2384
8294 2385
8295 2386
8296 2387
8297 2387
8298 3227
8299 2931
8300 2390
8301 2457
8302 2390
8303 2391
8304 2395
8305 2396
8306 2396
8307 2401
8308 2403
8309 2403
8310 2602
8311 2403
8312 2404
8313 2405
8314 2405
8315 2407
8316 3162
8317 2410
8318 2410
8319 2410
8320 2410
8321 2410
8322 2410
8323 2410
8324 2412
8325 2412
8326 2414
8327 3149
8328 2417
8329 2417
8330 2543
8331 2418
8332 2420
8333 2420
8334 2421
8335 2421
8336 2421
8337 2421
8338 2421
8339 2421
8340 2421
8341 2421
8342 2425
8343 2425
8344 2431
8345 3012
8346 2432
8347 2580
8348 2433
8349 2434
8350 2438
8351 2438
8352 2438
8353 2438
8354 2438
8355 2439
8356 2439
8357 2444
8358 2445
8359 2512
8360 2740
8361 2450
8362 3113
8363 2452
8364 2452
8365 2452
8366 2452
8367 3104
8368 2460
8369 2460
8370 2460
8371 2462
8372 2462
8373 2463
8374 2464
8375 2465
8376 2467
8377 2467
8378 2468
8379 2469
8380 2471
8381 2472
8382 2510
8383 2472
8384 2472
8385 2480
8386 2480
8387 2480
8388 2480
8389 2481
8390 2481
8391 2481
8392 2481
8393 2481
8394 2481
8395 2482
8396 2483
8397 3058
8398 2483
8399 2483
8400 2483
8401 2483
8402 3263
8403 2483
8404 3238
8405 2483
8406 2483
8407 2483
8408 2483
8409 2483
8410 2658
8411 3059
8412 3083
8413 2488
8414 2489
8415 2489
8416 2491
8417 2491
8418 2491
8419 2491
8420 2491
8421 2491
8422 2495
8423 2497
8424 2497
8425 2500
8426 2505
8427 2505
8428 2507
8429 2721
8430 2512
8431 2512
8432 2512
8433 2512
8434 2512
8435 2516
8436 2516
8437 2516
8438 2911
8439 2949
8440 2516
8441 2517
8442 2520
8443 2522
8444 2524
8445 2526
8446 2526
8447 2528
8448 2528
8449 3037
8450 2532
8451 2535
8452 2536
8453 2598
8454 2540
8455 2545
8456 2546
8457 2546
8458 2549
8459 2549
8460 2827
8461 2549
8462 2550
8463 2550
8464 2550
8465 2550
8466 2550
8467 2552
8468 2552
8469 2553
8470 2554
8471 2554
8472 2555
8473 2558
8474 2559
8475 2560
8476 2562
8477 2566
8478 2566
8479 3260
8480 2570
8481 2570
8482 2571
8483 2572
8484 2816
8485 2573
8486 2573
8487 2573
8488 2575
8489 2575
8490 2581
8491 2582
8492 2587
8493 2591
8494 2591
8495 2591
8496 2591
8497 2591
8498 2591
8499 2591
8500 2591
8501 2591
8502 2591
8503 2591
8504 2591
8505 2591
8506 2591
8507 2591
8508 2591
8509 2591
8510 2591
8511 2591
8512 2592
8513 2594
8514 2594
8515 2596
8516 2596
8517 2596
8518 2596
8519 2596
8520 2597
8521 2597
8522 2601
8523 2601
8524 2602
8525 2602
8526 2602
8527 2603
8528 2603
8529 2603
8530 2603
8531 2605
8532 2605
8533 3069
8534 2605
8535 2605
8536 2605
8537 3284
8538 2605
8539 2605
8540 2605
8541 2609
8542 2611
8543 2611
8544 2614
8545 2615
8546 2616
8547 2617
8548 2617
8549 2617
8550 2617
8551 2617
8552 2617
8553 2617
8554 2854
8555 2664
8556 2617
8557 2617
8558 2617
8559 2617
8560 2617
8561 2617
8562 2617
8563 2617
8564 2617
8565 2621
8566 2621
8567 2621
8568 2621
8569 2621
8570 2621
8571 2621
8572 2621
8573 2951
8574 2621
8575 2930
8576 2621
8577 2621
8578 2623
8579 2623
8580 2623
8581 2624
8582 2624
8583 2624
8584 2624
8585 2624
8586 2624
8587 2629
8588 2629
8589 2629
8590 2629
8591 2630
8592 2631
8593 3189
8594 2632
8595 2633
8596 2633
8597 2633
8598 2633
8599 2636
8600 2637
8601 2638
8602 2638
8603 2788
8604 2640
8605 2641
8606 3062
8607 2641
8608 2642
8609 2643
8610 2647
8611 2650
8612 2650
8613 2650
8614 2650
8615 2651
8616 2651
8617 2651
8618 2651
8619 2654
8620 2657
8621 2657
8622 2657
8623 2657
8624 2657
8625 2657
8626 2657
8627 2657
8628 2657
8629 2657
8630 2658
8631 2658
8632 3116
8633 2661
8634 2662
8635 2662
8636 2662
8637 2662
8638 2662
8639 3156
8640 3079
8641 3279
8642 2664
8643 2664
8644 2664
8645 2664
8646 2664
8647 2664
8648 2664
8649 2666
8650 2666
8651 2666
8652 2666
8653 2667
8654 3272
8655 2668
8656 2668
8657 2668
8658 2668
8659 2668
8660 2668
8661 2668
8662 2668
8663 2668
8664 2670
8665 2673
8666 2673
8667 2673
8668 2673
8669 2676
8670 2676
8671 2676
8672 2676
8673 2676
8674 2676
8675 2676
8676 3120
8677 2676
8678 2676
8679 2676
8680 2676
8681 2676
8682 3150
8683 2676
8684 2676
8685 2676
8686 2676
8687 2676
8688 2676
8689 2676
8690 2676
8691 2676
8692 2676
8693 2676
8694 3032
8695 2676
8696 2676
8697 2676
8698 2676
8699 2676
8700 2676
8701 2676
8702 2676
8703 2676
8704 2676
8705 2676
8706 2676
8707 3269
8708 2676
8709 2676
8710 2676
8711 2676
8712 2676
8713 2676
8714 2676
8715 2813
8716 2676
8717 2676
8718 2676
8719 2676
8720 2676
8721 2676
8722 2676
8723 2676
8724 2676
8725 2676
8726 2676
8727 2676
8728 2676
8729 2676
8730 2676
8731 2676
8732 2676
8733 2676
8734 2677
8735 2678
8736 2679
8737 2678
8738 2678
8739 2678
8740 2678
8741 2678
8742 2678
8743 2678
8744 2678
8745 2837
8746 2684
8747 2684
8748 2684
8749 2912
8750 2684
8751 2684
8752 2684
8753 2688
8754 2688
8755 2689
8756 2689
8757 2690
8758 2690
8759 2690
8760 2690
8761 2690
8762 2690
8763 2690
8764 2690
8765 2690
8766 2690
8767 2690
8768 2693
8769 2696
8770 2699
8771 2700
8772 2700
8773 2700
8774 2700
8775 2700
8776 2702
8777 2702
8778 2703
8779 2703
8780 2704
8781 2704
8782 2705
8783 2705
8784 2707
8785 2709
8786 3199
8787 2709
8788 2709
8789 2709
8790 2710
8791 2713
8792 2713
8793 2713
8794 2713
8795 2713
8796 2713
8797 2713
8798 2713
8799 2714
8800 2714
8801 2714
8802 2714
8803 2714
8804 2714
8805 2714
8806 2714
8807 2714
8808 2714
8809 2714
8810 2714
8811 2714
8812 2714
8813 2714
8814 2714
8815 2745
8816 2714
8817 2836
8818 2899
8819 2715
8820 2715
8821 2715
8822 2715
8823 2715
8824 2715
8825 2715
8826 2715
8827 2715
8828 2715
8829 2715
8830 2715
8831 2715
8832 2715
8833 2715
8834 2794
8835 2715
8836 2715
8837 2715
8838 2715
8839 2715
8840 2715
8841 2715
8842 2715
8843 2715
8844 2715
8845 2715
8846 2715
8847 2715
8848 2715
8849 2715
8850 3075
8851 2715
8852 2715
8853 2715
8854 2717
8855 2718
8856 2719
8857 2719
8858 2721
8859 3233
8860 2722
8861 2722
8862 2722
8863 2722
8864 2722
8865 2722
8866 2723
8867 2724
8868 2724
8869 2724
8870 2724
8871 2724
8872 2724
8873 2944
8874 2994
8875 2724
8876 2724
8877 2724
8878 2724
8879 2724
8880 2724
8881 2724
8882 2724
8883 2724
8884 2724
8885 2724
8886 2724
8887 2724
8888 2724
8889 2724
8890 2724
8891 2724
8892 2724
8893 2724
8894 2724
8895 2724
8896 2724
8897 3004
8898 2743
8899 2724
8900 2724
8901 2866
8902 2724
8903 2724
8904 2724
8905 2724
8906 2761
8907 2724
8908 3045
8909 2724
8910 2724
8911 2724
8912 2727
8913 2727
8914 2727
8915 2727
8916 2727
8917 2727
8918 2727
8919 2727
8920 2727
8921 2727
8922 2727
8923 2727
8924 2727
8925 2727
8926 2727
8927 2727
8928 2727
8929 2744
8930 2727
8931 2727
8932 2727
8933 2727
8934 2727
8935 2731
8936 2732
8937 2732
8938 2733
8939 2733
8940 2733
8941 2733
8942 3101
8943 2735
8944 2735
8945 2735
8946 2736
8947 2736
8948 2736
8949 3201
8950 2736
8951 2738
8952 2738
8953 2738
8954 2738
8955 2738
8956 2738
8957 2738
8958 2741
8959 2741
8960 2742
8961 2745
8962 2747
8963 2748
8964 2748
8965 2749
8966 2749
8967 2753
8968 2755
8969 2755
8970 2755
8971 2757
8972 2760
8973 2760
8974 2761
8975 2761
8976 2761
8977 2764
8978 2766
8979 2859
8980 2768
8981 2768
8982 2769
8983 2769
8984 2772
8985 2774
8986 2775
8987 2775
8988 2776
8989 2777
8990 2779
8991 2779
8992 2779
8993 2781
8994 2786
8995 2786
8996 2786
8997 2786
8998 2787
8999 2787
9000 2787
9001 2787
9002 2787
9003 2787
9004 2787
9005 2787
9006 2789
9007 2789
9008 2789
9009 2789
9010 2789
9011 2790
9012 2855
9013 2790
9014 2790
9015 2790
9016 2790
9017 2790
9018 2790
9019 2790
9020 2790
9021 2790
9022 2790
9023 2790
9024 2856
9025 2955
9026 2790
9027 2790
9028 2790
9029 2925
9030 2790
9031 2790
9032 2790
9033 2790
9034 2790
9035 2790
9036 2790
9037 2790
9038 2790
9039 2790
9040 2790
9041 2790
9042 2790
9043 2790
9044 2790
9045 3040
9046 2798
9047 2798
9048 3139
9049 2801
9050 2801
9051 2801
9052 2802
9053 2802
9054 2803
9055 2803
9056 2806
9057 2806
9058 2811
9059 2812
9060 2814
9061 2815
9062 2815
9063 2816
9064 3022
9065 2816
9066 2816
9067 2818
9068 2933
9069 2820
9070 2821
9071 2821
9072 2821
9073 2824
9074 2826
9075 2826
9076 2826
9077 2826
9078 2826
9079 2826
9080 2826
9081 2826
9082 2826
9083 2826
9084 2826
9085 2826
9086 2826
9087 2826
9088 2826
9089 3106
9090 2826
9091 2826
9092 2826
9093 2826
9094 2826
9095 2826
9096 3049
9097 2826
9098 2826
9099 2826
9100 2826
9101 2826
9102 2826
9103 2826
9104 2826
9105 2826
9106 2826
9107 2826
9108 2826
9109 2826
9110 2826
9111 2829
9112 2829
9113 3155
9114 2831
9115 2833
9116 2835
9117 2837
9118 2837
9119 2837
9120 3142
9121 2838
9122 2839
9123 2839
9124 2840
9125 2840
9126 2842
9127 2842
9128 2842
9129 2842
9130 2843
9131 2843
9132 2850
9133 2853
9134 2853
9135 2853
9136 2853
9137 2853
9138 2854
9139 2854
9140 2854
9141 2854
9142 3109
9143 2854
9144 2855
9145 2858
9146 2858
9147 2858
9148 2858
9149 2858
9150 2863
9151 2864
9152 2864
9153 2864
9154 2866
9155 2866
9156 2866
9157 2866
9158 2866
9159 2866
9160 2866
9161 2866
9162 2866
9163 2866
9164 2866
9165 2866
9166 2866
9167 2866
9168 2866
9169 2866
9170 2869
9171 2927
9172 2872
9173 2872
9174 2872
9175 3182
9176 2872
9177 2872
9178 2872
9179 2872
9180 2872
9181 2875
9182 2876
9183 3050
9184 2876
9185 2876
9186 2876
9187 2876
9188 3044
9189 2882
9190 2883
9191 2884
9192 2884
9193 2885
9194 2886
9195 2886
9196 2886
9197 2886
9198 2886
9199 2886
9200 2886
9201 2886
9202 2886
9203 2942
9204 2886
9205 2886
9206 2886
9207 2887
9208 2887
9209 2887
9210 2887
9211 2887
9212 2887
9213 2887
9214 2887
9215 2887
9216 2887
9217 2887
9218 3273
9219 2887
9220 2887
9221 2887
9222 2894
9223 2894
9224 2896
9225 2896
9226 2896
9227 2896
9228 2896
9229 3196
9230 2896
9231 2896
9232 3192
9233 2899
9234 2899
9235 2900
9236 2901
9237 2901
9238 2908
9239 2901
9240 2901
9241 2901
9242 2901
9243 2901
9244 2901
9245 3070
9246 2901
9247 2901
9248 2901
9249 2901
9250 2901
9251 2901
9252 2901
9253 2998
9254 2901
9255 2903
9256 2904
9257 2904
9258 2904
9259 2907
9260 2907
9261 2941
9262 2911
9263 2911
9264 2911
9265 2911
9266 2913
9267 2913
9268 2913
9269 2913
9270 2913
9271 2913
9272 2913
9273 2913
9274 2913
9275 2913
9276 3247
9277 2913
9278 2913
9279 2913
9280 2914
9281 2915
9282 2918
9283 2923
9284 2924
9285 2924
9286 3219
9287 2924
9288 2925
9289 2926
9290 2926
9291 2926
9292 2928
9293 2928
9294 2928
9295 2928
9296 2929
9297 2929
9298 2938
9299 2938
9300 2938
9301 2938
9302 2938
9303 2938
9304 2938
9305 2939
9306 2941
9307 2943
9308 2946
9309 2968
9310 2947
9311 2947
9312 2948
9313 2951
9314 2952
9315 2953
9316 2953
9317 2953
9318 2954
9319 2954
9320 2955
9321 2957
9322 2957
9323 2957
9324 2957
9325 2957
9326 2957
9327 2957
9328 2957
9329 2957
9330 2957
9331 2959
9332 2960
9333 2960
9334 2961
9335 2961
9336 2962
9337 2970
9338 2971
9339 2973
9340 2973
9341 2976
9342 2976
9343 2976
9344 2976
9345 2977
9346 2978
9347 2978
9348 2978
9349 2978
9350 2978
9351 2978
9352 2978
9353 2978
9354 2979
9355 2980
9356 2980
9357 2981
9358 2981
9359 2983
9360 2983
9361 2983
9362 2983
9363 2983
9364 2983
9365 2983
9366 2985
9367 2985
9368 2986
9369 2986
9370 2986
9371 2989
9372 2990
9373 2990
9374 2993
9375 2993
9376 2994
9377 2994
9378 2995
9379 2996
9380 2996
9381 2998
9382 2998
9383 2998
9384 3265
9385 3006
9386 3006
9387 3006
9388 3006
9389 3006
9390 3006
9391 3006
9392 3006
9393 3006
9394 3006
9395 3008
9396 3008
9397 3008
9398 3008
9399 3008
9400 3011
9401 3013
9402 3013
9403 3014
9404 3014
9405 3015
9406 3015
9407 3016
9408 3016
9409 3016
9410 3016
9411 3016
9412 3019
9413 3019
9414 3019
9415 3019
9416 3019
9417 3019
9418 3020
9419 3020
9420 3020
9421 3020
9422 3021
9423 3021
9424 3021
9425 3021
9426 3021
9427 3021
9428 3022
9429 3022
9430 3022
9431 3022
9432 3022
9433 3022
9434 3022
9435 3022
9436 3022
9437 3022
9438 3022
9439 3022
9440 3022
9441 3022
9442 3022
9443 3022
9444 3022
9445 3022
9446 3022
9447 3022
9448 3022
9449 3022
9450 3022
9451 3022
9452 3022
9453 3022
9454 3022
9455 3022
9456 3022
9457 3022
9458 3022
9459 3022
9460 3022
9461 3022
9462 3022
9463 3022
9464 3022
9465 3022
9466 3022
9467 3022
9468 3022
9469 3022
9470 3022
9471 3022
9472 3022
9473 3022
9474 3022
9475 3022
9476 3022
9477 3022
9478 3167
9479 3022
9480 3022
9481 3022
9482 3022
9483 3022
9484 3022
9485 3022
9486 3022
9487 3022
9488 3022
9489 3022
9490 3022
9491 3022
9492 3022
9493 3022
9494 3022
9495 3022
9496 3022
9497 3022
9498 3022
9499 3022
9500 3022
9501 3022
9502 3022
9503 3022
9504 3022
9505 3022
9506 3022
9507 3022
9508 3022
9509 3022
9510 3022
9511 3022
9512 3022
9513 3022
9514 3258
9515 3022
9516 3022
9517 3022
9518 3022
9519 3274
9520 3022
9521 3022
9522 3025
9523 3027
9524 3029
9525 3031
9526 3031
9527 3031
9528 3031
9529 3031
9530 3032
9531 3033
9532 3033
9533 3033
9534 3034
9535 3036
9536 3036
9537 3038
9538 3041
9539 3043
9540 3045
9541 3045
9542 3045
9543 3045
9544 3045
9545 3045
9546 3045
9547 3045
9548 3045
9549 3045
9550 3049
9551 3049
9552 3049
9553 3049
9554 3049
9555 3049
9556 3049
9557 3049
9558 3050
9559 3050
9560 3050
9561 3050
9562 3050
9563 3050
9564 3051
9565 3064
9566 3065
9567 3065
9568 3065
9569 3065
9570 3065
9571 3065
9572 3066
9573 3066
9574 3066
9575 3066
9576 3066
9577 3068
9578 3070
9579 3070
9580 3076
9581 3077
9582 3078
9583 3078
9584 3078
9585 3080
9586 3080
9587 3080
9588 3080
9589 3082
9590 3083
9591 3083
9592 3083
9593 3084
9594 3084
9595 3089
9596 3096
9597 3098
9598 3099
9599 3100
9600 3100
9601 3100
9602 3100
9603 3105
9604 3105
9605 3105
9606 3105
9607 3106
9608 3106
9609 3108
9610 3108
9611 3108
9612 3111
9613 3111
9614 3112
9615 3112
9616 3112
9617 3112
9618 3112
9619 3113
9620 3113
9621 3116
9622 3117
9623 3121
9624 3122
9625 3123
9626 3123
9627 3124
9628 3125
9629 3126
9630 3126
9631 3164
9632 3126
9633 3126
9634 3126
9635 3143
9636 3126
9637 3127
9638 3127
9639 3128
9640 3129
9641 3130
9642 3130
9643 3130
9644 3130
9645 3130
9646 3130
9647 3130
9648 3130
9649 3130
9650 3130
9651 3130
9652 3130
9653 3130
9654 3130
9655 3130
9656 3130
9657 3131
9658 3131
9659 3131
9660 3131
9661 3133
9662 3133
9663 3135
9664 3135
9665 3135
9666 3135
9667 3135
9668 3135
9669 3135
9670 3135
9671 3135
9672 3135
9673 3135
9674 3135
9675 3135
9676 3136
9677 3136
9678 3139
9679 3139
9680 3139
9681 3139
9682 3139
9683 3140
9684 3140
9685 3141
9686 3141
9687 3141
9688 3142
9689 3143
9690 3143
9691 3146
9692 3146
9693 3146
9694 3147
9695 3147
9696 3147
9697 3147
9698 3147
9699 3147
9700 3147
9701 3147
9702 3147
9703 3147
9704 3147
9705 3147
9706 3147
9707 3148
9708 3148
9709 3148
9710 3148
9711 3149
9712 3149
9713 3150
9714 3150
9715 3150
9716 3150
9717 3150
9718 3150
9719 3150
9720 3150
9721 3150
9722 3150
9723 3150
9724 3151
9725 3151
9726 3153
9727 3153
9728 3155
9729 3157
9730 3157
9731 3163
9732 3164
9733 3166
9734 3166
9735 3166
9736 3171
9737 3172
9738 3174
9739 3175
9740 3175
9741 3175
9742 3175
9743 3175
9744 3176
9745 3176
9746 3176
9747 3176
9748 3177
9749 3177
9750 3177
9751 3180
9752 3180
9753 3180
9754 3180
9755 3180
9756 3180
9757 3180
9758 3180
9759 3180
9760 3180
9761 3181
9762 3181
9763 3181
9764 3181
9765 3184
9766 3184
9767 3184
9768 3184
9769 3184
9770 3184
9771 3184
9772 3184
9773 3189
9774 3190
9775 3190
9776 3190
9777 3191
9778 3195
9779 3196
9780 3196
9781 3196
9782 3196
9783 3196
9784 3248
9785 3196
9786 3196
9787 3201
9788 3201
9789 3201
9790 3202
9791 3207
9792 3207
9793 3207
9794 3207
9795 3207
9796 3207
9797 3207
9798 3207
9799 3207
9800 3207
9801 3207
9802 3207
9803 3207
9804 3207
9805 3207
9806 3207
9807 3207
9808 3207
9809 3207
9810 3207
9811 3207
9812 3207
9813 3207
9814 3207
9815 3207
9816 3207
9817 3207
9818 3207
9819 3207
9820 3207
9821 3207
9822 3207
9823 3207
9824 3207
9825 3207
9826 3207
9827 3207
9828 3208
9829 3210
9830 3210
9831 3210
9832 3210
9833 3211
9834 3211
9835 3211
9836 3213
9837 3213
9838 3213
9839 3213
9840 3215
9841 3215
9842 3215
9843 3215
9844 3215
9845 3215
9846 3282
9847 3215
9848 3215
9849 3216
9850 3216
9851 3216
9852 3216
9853 3216
9854 3216
9855 3216
9856 3219
9857 3219
9858 3220
9859 3220
9860 3220
9861 3220
9862 3220
9863 3221
9864 3232
9865 3221
9866 3223
9867 3224
9868 3224
9869 3224
9870 3225
9871 3226
9872 3226
9873 3245
9874 3226
9875 3226
9876 3226
9877 3226
9878 3226
9879 3230
9880 3231
9881 3231
9882 3231
9883 3231
9884 3231
9885 3231
9886 3231
9887 3231
9888 3231
9889 3231
9890 3231
9891 3231
9892 3231
9893 3231
9894 3233
9895 3233
9896 3236
9897 3236
9898 3237
9899 3237
9900 3238
9901 3238
9902 3239
9903 3243
9904 3243
9905 3243
9906 3243
9907 3243
9908 3244
9909 3244
9910 3244
9911 3244
9912 3244
9913 3244
9914 3244
9915 3244
9916 3244
9917 3244
9918 3244
9919 3244
9920 3247
9921 3247
9922 3247
9923 3251
9924 3251
9925 3254
9926 3256
9927 3256
9928 3256
9929 3256
9930 3256
9931 3258
9932 3259
9933 3259
9934 3259
9935 3259
9936 3260
9937 3262
9938 3262
9939 3263
9940 3264
9941 3264
9942 3264
9943 3264
9944 3264
9945 3264
9946 3264
9947 3264
9948 3266
9949 3266
9950 3267
9951 3267
9952 3268
9953 3268
9954 3268
9955 3268
9956 3268
9957 3269
9958 3269
9959 3269
9960 3269
9961 3269
9962 3270
9963 3270
9964 3272
9965 3272
9966 3274
9967 3276
9968 3277
9969 3279
9970 3279
9971 3279
9972 3279
9973 3279
9974 3279
9975 3279
9976 3279
9977 3279
9978 3280
9979 3280
9980 3280
9981 3280
9982 3283
9983 3285
9984 3286
9985 3286
9986 3288
9987 3289
9988 3289
9989 3290
9990 3290
9991 3290
9992 3290
9993 3290
9994 3293
9995 3293
9996 3293
9997 3293
9998 3294
9999 3294
