10000 9999
1 0
2 1
3 0
4 3
5 3
6 5
7 4
8 3
9 4
10 3
11 7
12 5
13 5
14 7
15 14
16 8
17 14
18 14
19 6
20 17
21 19
22 19
23 21
24 2
25 20
26 19
27 5
28 18
29 14
30 5
31 19
32 26
33 26
34 14
35 14
36 35
37 21
38 4
39 16
40 13
41 31
42 3
43 10
44 14
45 14
46 31
47 46
48 41
49 30
50 46
51 26
52 46
53 48
54 34
55 50
56 42
57 4
58 39
59 42
60 19
61 19
62 26
63 59
64 11
65 42
66 31
67 41
68 42
69 21
70 53
71 42
72 26
73 46
74 66
75 74
76 31
77 55
78 42
79 11
80 68
81 70
82 26
83 42
84 63
85 59
86 25
87 42
88 19
89 87
90 19
91 46
92 89
93 48
94 46
95 46
96 87
97 87
98 42
99 65
100 87
101 55
102 36
103 46
104 102
105 42
106 44
107 32
108 96
109 42
110 97
111 106
112 71
113 83
114 97
115 103
116 31
117 34
118 31
119 107
120 113
121 46
122 21
123 104
124 78
125 105
126 44
127 87
128 31
129 104
130 44
131 91
132 42
133 87
134 87
135 124
136 15
137 78
138 104
139 137
140 137
141 42
142 128
143 74
144 106
145 138
146 127
147 85
148 137
149 144
150 78
151 130
152 46
153 40
154 53
155 58
156 144
157 146
158 43
159 51
160 106
161 96
162 89
163 86
164 137
165 113
166 31
167 96
168 107
169 64
170 70
171 116
172 167
173 42
174 150
175 81
176 65
177 95
178 137
179 78
180 7
181 26
182 104
183 137
184 162
185 50
186 144
187 61
188 108
189 87
190 145
191 96
192 100
193 39
194 106
195 137
196 66
197 195
198 101
199 42
200 182
201 53
202 150
203 145
204 18
205 184
206 144
207 87
208 23
209 142
210 150
211 110
212 85
213 142
214 131
215 130
216 22
217 204
218 203
219 106
220 109
221 14
222 144
223 133
224 104
225 203
226 31
227 164
228 19
229 92
230 150
231 42
232 57
233 116
234 186
235 216
236 126
237 137
238 123
239 87
240 112
241 188
242 82
243 216
244 237
245 214
246 84
247 197
248 216
249 26
250 38
251 21
252 164
253 124
254 164
255 87
256 134
257 87
258 255
259 87
260 41
261 166
262 222
263 42
264 196
265 255
266 29
267 257
268 243
269 261
270 24
271 147
272 257
273 216
274 98
275 252
276 220
277 196
278 216
279 137
280 255
281 254
282 257
283 220
284 181
285 104
286 130
287 224
288 215
289 160
290 131
291 72
292 155
293 257
294 259
295 246
296 269
297 288
298 96
299 31
300 282
301 54
302 85
303 144
304 116
305 79
306 276
307 184
308 137
309 129
310 227
311 257
312 177
313 205
314 257
315 141
316 297
317 257
318 180
319 87
320 216
321 280
322 192
323 124
324 287
325 266
326 96
327 104
328 37
329 145
330 217
331 223
332 123
333 46
334 234
335 81
336 112
337 188
338 231
339 306
340 200
341 71
342 31
343 254
344 301
345 87
346 160
347 139
348 162
349 247
350 26
351 255
352 116
353 187
354 202
355 194
356 247
357 348
358 130
359 106
360 355
361 352
362 33
363 135
364 262
365 87
366 254
367 41
368 20
369 348
370 269
371 19
372 162
373 247
374 243
375 357
376 257
377 137
378 373
379 42
380 61
381 325
382 286
383 315
384 223
385 90
386 137
387 242
388 218
389 366
390 120
391 258
392 45
393 285
394 355
395 221
396 351
397 368
398 373
399 216
400 81
401 373
402 357
403 395
404 285
405 328
406 298
407 301
408 257
409 407
410 395
411 410
412 366
413 368
414 233
415 368
416 288
417 229
418 390
419 117
420 216
421 89
422 294
423 113
424 370
425 137
426 160
427 345
428 356
429 415
430 362
431 185
432 374
433 357
434 196
435 274
436 373
437 26
438 386
439 97
440 97
441 169
442 54
443 413
444 116
445 106
446 308
447 404
448 342
449 209
450 160
451 140
452 327
453 373
454 373
455 394
456 334
457 60
458 257
459 256
460 229
461 412
462 418
463 87
464 282
465 395
466 182
467 176
468 419
469 467
470 70
471 162
472 350
473 238
474 87
475 458
476 250
477 216
478 88
479 429
480 104
481 96
482 255
483 314
484 176
485 203
486 245
487 220
488 220
489 282
490 465
491 440
492 454
493 116
494 295
495 383
496 321
497 118
498 422
499 403
500 240
501 269
502 405
503 355
504 366
505 46
506 42
507 21
508 447
509 446
510 216
511 216
512 144
513 366
514 39
515 329
516 488
517 373
518 198
519 491
520 373
521 405
522 353
523 445
524 465
525 395
526 383
527 415
528 131
529 478
530 363
531 320
532 510
533 492
534 479
535 444
536 476
537 210
538 111
539 438
540 427
541 116
542 279
543 423
544 488
545 443
546 308
547 512
548 373
549 451
550 411
551 305
552 269
553 393
554 71
555 42
556 541
557 299
558 177
559 158
560 69
561 366
562 395
563 199
564 212
565 110
566 293
567 373
568 373
569 547
570 257
571 359
572 50
573 557
574 536
575 292
576 373
577 301
578 240
579 395
580 416
581 404
582 572
583 145
584 395
585 373
586 255
587 179
588 513
589 393
590 511
591 21
592 581
593 206
594 42
595 567
596 287
597 344
598 373
599 506
600 463
601 555
602 545
603 587
604 529
605 376
606 244
607 369
608 590
609 270
610 354
611 153
612 394
613 31
614 319
615 389
616 456
617 424
618 107
619 314
620 347
621 160
622 19
623 579
624 26
625 189
626 406
627 373
628 491
629 500
630 18
631 609
632 487
633 396
634 71
635 220
636 409
637 418
638 555
639 598
640 617
641 609
642 504
643 257
644 375
645 408
646 359
647 381
648 415
649 52
650 42
651 22
652 212
653 586
654 547
655 502
656 95
657 373
658 384
659 610
660 522
661 164
662 375
663 269
664 259
665 106
666 87
667 353
668 216
669 335
670 246
671 560
672 225
673 404
674 583
675 578
676 177
677 301
678 658
679 314
680 585
681 301
682 467
683 519
684 559
685 269
686 301
687 605
688 401
689 479
690 462
691 46
692 92
693 154
694 632
695 579
696 563
697 661
698 193
699 304
700 672
701 681
702 373
703 629
704 512
705 458
706 482
707 216
708 629
709 392
710 708
711 462
712 303
713 678
714 319
715 202
716 623
717 568
718 668
719 383
720 363
721 466
722 373
723 46
724 404
725 674
726 366
727 226
728 233
729 269
730 281
731 216
732 127
733 609
734 535
735 257
736 31
737 341
738 259
739 477
740 313
741 662
742 371
743 739
744 160
745 265
746 618
747 691
748 555
749 288
750 493
751 218
752 253
753 513
754 412
755 579
756 478
757 324
758 496
759 721
760 137
761 137
762 634
763 567
764 735
765 326
766 551
767 301
768 634
769 735
770 560
771 657
772 660
773 418
774 71
775 412
776 629
777 404
778 311
779 699
780 664
781 707
782 240
783 395
784 532
785 612
786 675
787 472
788 222
789 542
790 301
791 559
792 394
793 458
794 395
795 640
796 395
797 568
798 760
799 71
800 753
801 373
802 323
803 591
804 629
805 280
806 404
807 609
808 307
809 787
810 400
811 430
812 776
813 568
814 334
815 562
816 670
817 752
818 203
819 386
820 373
821 806
822 467
823 361
824 493
825 745
826 404
827 654
828 772
829 778
830 360
831 735
832 705
833 641
834 87
835 581
836 567
837 579
838 523
839 547
840 617
841 409
842 692
843 393
844 566
845 551
846 462
847 426
848 735
849 816
850 404
851 597
852 775
853 738
854 67
855 680
856 721
857 663
858 632
859 718
860 579
861 137
862 536
863 658
864 712
865 691
866 470
867 759
868 609
869 115
870 470
871 268
872 849
873 255
874 848
875 833
876 424
877 705
878 762
879 729
880 567
881 144
882 373
883 858
884 144
885 216
886 639
887 373
888 858
889 721
890 244
891 830
892 487
893 464
894 343
895 629
896 82
897 228
898 783
899 799
900 721
901 849
902 705
903 674
904 415
905 137
906 400
907 741
908 781
909 546
910 373
911 885
912 220
913 649
914 846
915 427
916 737
917 824
918 743
919 453
920 133
921 845
922 775
923 422
924 479
925 745
926 893
927 140
928 922
929 567
930 906
931 254
932 220
933 736
934 87
935 782
936 740
937 833
938 269
939 926
940 501
941 922
942 34
943 821
944 730
945 400
946 247
947 743
948 729
949 661
950 731
951 46
952 517
953 775
954 578
955 816
956 479
957 219
958 858
959 861
960 427
961 713
962 240
963 849
964 649
965 778
966 293
967 336
968 647
969 506
970 480
971 70
972 658
973 752
974 896
975 557
976 860
977 431
978 656
979 439
980 759
981 365
982 602
983 951
984 726
985 548
986 730
987 298
988 659
989 776
990 215
991 247
992 213
993 766
994 397
995 314
996 757
997 960
998 497
999 614
1000 896
1001 169
1002 87
1003 537
1004 660
1005 80
1006 449
1007 698
1008 793
1009 300
1010 730
1011 735
1012 935
1013 373
1014 849
1015 724
1016 496
1017 649
1018 907
1019 128
1020 825
1021 220
1022 893
1023 662
1024 220
1025 901
1026 220
1027 743
1028 735
1029 391
1030 866
1031 317
1032 959
1033 1020
1034 784
1035 923
1036 373
1037 939
1038 753
1039 873
1040 148
1041 752
1042 1011
1043 833
1044 954
1045 559
1046 147
1047 1022
1048 1033
1049 265
1050 1000
1051 885
1052 701
1053 749
1054 506
1055 695
1056 423
1057 609
1058 951
1059 740
1060 46
1061 531
1062 764
1063 434
1064 1048
1065 736
1066 77
1067 609
1068 869
1069 778
1070 1001
1071 1018
1072 525
1073 547
1074 932
1075 894
1076 373
1077 951
1078 1029
1079 597
1080 102
1081 393
1082 373
1083 104
1084 472
1085 906
1086 846
1087 891
1088 470
1089 691
1090 775
1091 137
1092 972
1093 547
1094 405
1095 611
1096 349
1097 820
1098 254
1099 1022
1100 832
1101 506
1102 1066
1103 121
1104 951
1105 174
1106 423
1107 590
1108 1014
1109 269
1110 1082
1111 1025
1112 1000
1113 1052
1114 659
1115 761
1116 427
1117 559
1118 630
1119 216
1120 636
1121 289
1122 721
1123 707
1124 877
1125 1061
1126 840
1127 710
1128 410
1129 776
1130 301
1131 729
1132 427
1133 973
1134 404
1135 945
1136 474
1137 1066
1138 906
1139 703
1140 633
1141 858
1142 1057
1143 1079
1144 425
1145 825
1146 1107
1147 216
1148 1074
1149 774
1150 642
1151 713
1152 223
1153 760
1154 801
1155 257
1156 1000
1157 367
1158 551
1159 675
1160 663
1161 637
1162 494
1163 226
1164 907
1165 898
1166 886
1167 137
1168 373
1169 1076
1170 395
1171 972
1172 785
1173 1004
1174 1039
1175 282
1176 373
1177 951
1178 928
1179 31
1180 221
1181 827
1182 735
1183 951
1184 462
1185 579
1186 483
1187 744
1188 674
1189 314
1190 1000
1191 965
1192 395
1193 1000
1194 580
1195 1099
1196 858
1197 1005
1198 1116
1199 1153
1200 851
1201 1102
1202 858
1203 1070
1204 1185
1205 1046
1206 1151
1207 606
1208 951
1209 1000
1210 961
1211 970
1212 406
1213 564
1214 373
1215 1073
1216 1060
1217 375
1218 653
1219 835
1220 1143
1221 835
1222 666
1223 964
1224 1026
1225 359
1226 236
1227 1073
1228 269
1229 1084
1230 593
1231 373
1232 418
1233 1123
1234 759
1235 940
1236 923
1237 982
1238 1231
1239 1059
1240 348
1241 312
1242 646
1243 858
1244 675
1245 161
1246 923
1247 418
1248 1003
1249 659
1250 342
1251 1022
1252 426
1253 131
1254 949
1255 1127
1256 844
1257 1192
1258 1046
1259 1166
1260 517
1261 462
1262 1148
1263 1121
1264 373
1265 832
1266 676
1267 1231
1268 1123
1269 1224
1270 1183
1271 896
1272 219
1273 1207
1274 96
1275 226
1276 827
1277 847
1278 941
1279 1132
1280 897
1281 855
1282 1046
1283 1277
1284 1123
1285 1080
1286 368
1287 404
1288 730
1289 1116
1290 137
1291 870
1292 972
1293 1242
1294 908
1295 1018
1296 713
1297 330
1298 29
1299 167
1300 1087
1301 506
1302 626
1303 404
1304 735
1305 146
1306 579
1307 775
1308 1079
1309 337
1310 395
1311 1281
1312 422
1313 1224
1314 543
1315 1145
1316 488
1317 736
1318 714
1319 1073
1320 1312
1321 524
1322 797
1323 580
1324 1022
1325 890
1326 301
1327 1022
1328 841
1329 1120
1330 465
1331 395
1332 543
1333 521
1334 1113
1335 1115
1336 156
1337 1232
1338 1225
1339 194
1340 1230
1341 1136
1342 1048
1343 341
1344 1172
1345 679
1346 1231
1347 701
1348 749
1349 504
1350 1142
1351 359
1352 1231
1353 1102
1354 1278
1355 865
1356 31
1357 400
1358 634
1359 1293
1360 1231
1361 1231
1362 822
1363 1231
1364 257
1365 1231
1366 648
1367 584
1368 1001
1369 1176
1370 1160
1371 1335
1372 404
1373 775
1374 1226
1375 664
1376 544
1377 911
1378 1336
1379 384
1380 1335
1381 1240
1382 712
1383 257
1384 730
1385 223
1386 407
1387 1227
1388 452
1389 786
1390 255
1391 851
1392 1245
1393 954
1394 87
1395 26
1396 1341
1397 1220
1398 1194
1399 1366
1400 1145
1401 1352
1402 384
1403 607
1404 629
1405 833
1406 1385
1407 1293
1408 325
1409 675
1410 587
1411 1122
1412 916
1413 755
1414 517
1415 999
1416 1245
1417 247
1418 817
1419 1020
1420 1368
1421 1142
1422 284
1423 1065
1424 216
1425 858
1426 532
1427 366
1428 912
1429 634
1430 499
1431 796
1432 1314
1433 1224
1434 435
1435 1400
1436 947
1437 1188
1438 330
1439 1126
1440 128
1441 1293
1442 593
1443 920
1444 1182
1445 859
1446 128
1447 308
1448 1251
1449 1231
1450 768
1451 1000
1452 982
1453 1133
1454 1231
1455 713
1456 890
1457 37
1458 1245
1459 485
1460 1079
1461 1231
1462 778
1463 1082
1464 1100
1465 42
1466 1316
1467 1195
1468 609
1469 797
1470 1170
1471 1384
1472 1245
1473 778
1474 802
1475 951
1476 791
1477 1066
1478 284
1479 886
1480 1057
1481 789
1482 1430
1483 776
1484 1333
1485 1314
1486 216
1487 350
1488 1407
1489 1176
1490 1266
1491 858
1492 886
1493 310
1494 653
1495 649
1496 1007
1497 1151
1498 825
1499 150
1500 1361
1501 1120
1502 1144
1503 145
1504 1212
1505 202
1506 1321
1507 1474
1508 746
1509 1330
1510 706
1511 1217
1512 756
1513 1500
1514 1385
1515 1056
1516 517
1517 944
1518 1019
1519 1069
1520 1066
1521 300
1522 579
1523 535
1524 1224
1525 104
1526 858
1527 896
1528 908
1529 596
1530 1292
1531 1444
1532 1485
1533 1224
1534 896
1535 1403
1536 929
1537 1209
1538 791
1539 951
1540 1385
1541 1314
1542 968
1543 735
1544 1242
1545 876
1546 216
1547 1231
1548 1471
1549 760
1550 686
1551 1462
1552 1471
1553 1361
1554 1499
1555 943
1556 1394
1557 87
1558 472
1559 104
1560 721
1561 1474
1562 1359
1563 1308
1564 1286
1565 1281
1566 1499
1567 260
1568 810
1569 423
1570 896
1571 1266
1572 1306
1573 565
1574 1483
1575 643
1576 1335
1577 1107
1578 735
1579 1232
1580 882
1581 1385
1582 1220
1583 1126
1584 1152
1585 1335
1586 1547
1587 348
1588 373
1589 889
1590 735
1591 1385
1592 1567
1593 976
1594 515
1595 1075
1596 1376
1597 1488
1598 1274
1599 778
1600 1403
1601 1152
1602 373
1603 1065
1604 1408
1605 1226
1606 1000
1607 727
1608 457
1609 1245
1610 960
1611 18
1612 1591
1613 1047
1614 491
1615 423
1616 1221
1617 1339
1618 1594
1619 1103
1620 952
1621 1529
1622 1367
1623 1590
1624 1467
1625 1145
1626 1245
1627 735
1628 878
1629 744
1630 387
1631 131
1632 373
1633 301
1634 1488
1635 1471
1636 767
1637 96
1638 1471
1639 533
1640 1547
1641 404
1642 1285
1643 1357
1644 1556
1645 1320
1646 1638
1647 254
1648 481
1649 128
1650 936
1651 948
1652 1317
1653 1547
1654 950
1655 333
1656 1531
1657 189
1658 917
1659 775
1660 1547
1661 673
1662 1023
1663 1167
1664 735
1665 1570
1666 1479
1667 577
1668 220
1669 951
1670 639
1671 1659
1672 968
1673 842
1674 989
1675 970
1676 1401
1677 1285
1678 745
1679 1499
1680 575
1681 1037
1682 1118
1683 1511
1684 629
1685 1453
1686 1085
1687 1124
1688 1594
1689 1305
1690 759
1691 1320
1692 609
1693 1293
1694 982
1695 630
1696 1495
1697 1003
1698 1560
1699 951
1700 363
1701 366
1702 849
1703 1214
1704 1500
1705 1499
1706 1547
1707 1659
1708 1012
1709 1385
1710 1611
1711 373
1712 752
1713 1079
1714 1585
1715 1483
1716 70
1717 378
1718 907
1719 930
1720 209
1721 1057
1722 338
1723 1499
1724 1614
1725 896
1726 1547
1727 1359
1728 1385
1729 197
1730 996
1731 1203
1732 1669
1733 216
1734 1018
1735 751
1736 1231
1737 1231
1738 951
1739 370
1740 1591
1741 1731
1742 1640
1743 970
1744 758
1745 1588
1746 609
1747 119
1748 1165
1749 1603
1750 1220
1751 1483
1752 625
1753 1731
1754 1144
1755 1662
1756 1396
1757 1179
1758 1644
1759 1468
1760 567
1761 1042
1762 1731
1763 743
1764 1158
1765 1214
1766 717
1767 958
1768 528
1769 1245
1770 1533
1771 1699
1772 590
1773 1271
1774 1177
1775 1416
1776 529
1777 1196
1778 1501
1779 752
1780 913
1781 1249
1782 1314
1783 1593
1784 1335
1785 862
1786 1146
1787 1734
1788 1633
1789 1490
1790 301
1791 1750
1792 1499
1793 269
1794 1591
1795 497
1796 200
1797 690
1798 418
1799 1746
1800 655
1801 1635
1802 1442
1803 1603
1804 431
1805 836
1806 1781
1807 488
1808 1534
1809 1286
1810 800
1811 1474
1812 1499
1813 1231
1814 1675
1815 373
1816 1082
1817 182
1818 1576
1819 752
1820 1297
1821 788
1822 1811
1823 1140
1824 257
1825 1480
1826 1335
1827 348
1828 1347
1829 809
1830 1731
1831 1754
1832 833
1833 1242
1834 261
1835 1041
1836 1499
1837 1474
1838 1430
1839 1513
1840 1388
1841 798
1842 239
1843 750
1844 1140
1845 1744
1846 466
1847 441
1848 977
1849 149
1850 1509
1851 745
1852 957
1853 1144
1854 1746
1855 1499
1856 639
1857 1838
1858 1794
1859 1826
1860 869
1861 1234
1862 518
1863 1471
1864 1282
1865 1594
1866 1743
1867 1211
1868 497
1869 402
1870 257
1871 1659
1872 136
1873 1752
1874 1591
1875 1547
1876 1022
1877 865
1878 968
1879 1744
1880 1731
1881 1401
1882 869
1883 278
1884 1111
1885 298
1886 1744
1887 1151
1888 155
1889 1000
1890 365
1891 1663
1892 1533
1893 743
1894 677
1895 1035
1896 1516
1897 1474
1898 1436
1899 1488
1900 595
1901 216
1902 1108
1903 1437
1904 1226
1905 1141
1906 1648
1907 1547
1908 1547
1909 1130
1910 1401
1911 1462
1912 1416
1913 744
1914 182
1915 1591
1916 1257
1917 1380
1918 390
1919 649
1920 1731
1921 1741
1922 1231
1923 465
1924 468
1925 1338
1926 1066
1927 1806
1928 1407
1929 1220
1930 1599
1931 1002
1932 1927
1933 1544
1934 1047
1935 1424
1936 1572
1937 1881
1938 1585
1939 208
1940 1139
1941 754
1942 1482
1943 1098
1944 1124
1945 1596
1946 1295
1947 711
1948 1603
1949 890
1950 802
1951 1941
1952 1781
1953 819
1954 49
1955 257
1956 1140
1957 1442
1958 1590
1959 1852
1960 148
1961 1266
1962 893
1963 1471
1964 1957
1965 1226
1966 1049
1967 1602
1968 1591
1969 1079
1970 1812
1971 1151
1972 263
1973 1794
1974 951
1975 1175
1976 1231
1977 341
1978 1548
1979 1922
1980 1551
1981 1446
1982 1869
1983 554
1984 1852
1985 1193
1986 1500
1987 459
1988 92
1989 1930
1990 733
1991 1929
1992 229
1993 1819
1994 382
1995 1324
1996 1105
1997 1242
1998 1666
1999 1463
2000 1675
2001 1338
2002 857
2003 917
2004 632
2005 1791
2006 1811
2007 907
2008 1471
2009 1560
2010 1791
2011 996
2012 1757
2013 1790
2014 1226
2015 513
2016 1367
2017 1547
2018 1471
2019 1063
2020 1242
2021 814
2022 1335
2023 1400
2024 901
2025 1632
2026 975
2027 1653
2028 1729
2029 700
2030 1220
2031 1270
2032 444
2033 1073
2034 1409
2035 1084
2036 1071
2037 923
2038 561
2039 54
2040 1790
2041 1178
2042 1056
2043 967
2044 756
2045 1284
2046 1543
2047 1547
2048 1706
2049 1474
2050 1988
2051 826
2052 1498
2053 373
2054 1924
2055 42
2056 1144
2057 227
2058 2016
2059 1729
2060 1113
2061 2016
2062 970
2063 1784
2064 1397
2065 1326
2066 466
2067 220
2068 951
2069 1348
2070 1694
2071 570
2072 1403
2073 1621
2074 1731
2075 505
2076 1503
2077 1594
2078 1887
2079 1443
2080 1543
2081 825
2082 567
2083 196
2084 2016
2085 104
2086 1547
2087 18
2088 2016
2089 937
2090 1035
2091 1141
2092 1293
2093 2016
2094 930
2095 896
2096 2016
2097 780
2098 1283
2099 1704
2100 2050
2101 1354
2102 974
2103 2093
2104 520
2105 1785
2106 1994
2107 1231
2108 1196
2109 1884
2110 1818
2111 1367
2112 1499
2113 1599
2114 1334
2115 1499
2116 1269
2117 675
2118 309
2119 1731
2120 2098
2121 1627
2122 1344
2123 847
2124 638
2125 1471
2126 286
2127 1466
2128 2065
2129 1547
2130 675
2131 1431
2132 1409
2133 1880
2134 1900
2135 1085
2136 2016
2137 1871
2138 1210
2139 2088
2140 1866
2141 2080
2142 1764
2143 925
2144 2141
2145 1547
2146 2095
2147 400
2148 1805
2149 1200
2150 2094
2151 284
2152 1249
2153 1423
2154 1814
2155 1311
2156 1212
2157 1605
2158 810
2159 1543
2160 1284
2161 1693
2162 1523
2163 712
2164 994
2165 1141
2166 951
2167 2016
2168 1998
2169 427
2170 1971
2171 1661
2172 1447
2173 971
2174 1231
2175 874
2176 856
2177 2035
2178 858
2179 2098
2180 735
2181 1359
2182 752
2183 1037
2184 1499
2185 1633
2186 982
2187 1701
2188 721
2189 544
2190 1627
2191 1524
2192 1787
2193 1201
2194 1634
2195 960
2196 157
2197 1224
2198 479
2199 2190
2200 1588
2201 1547
2202 2004
2203 922
2204 2073
2205 1966
2206 1005
2207 1852
2208 1184
2209 1976
2210 1952
2211 190
2212 2112
2213 168
2214 1224
2215 1852
2216 915
2217 1731
2218 1036
2219 729
2220 753
2221 1048
2222 1977
2223 2016
2224 1931
2225 1673
2226 1590
2227 904
2228 1010
2229 1308
2230 1017
2231 1097
2232 1336
2233 1584
2234 1547
2235 579
2236 1848
2237 2016
2238 1978
2239 1879
2240 1735
2241 938
2242 1583
2243 514
2244 1224
2245 1473
2246 2033
2247 961
2248 2219
2249 1584
2250 977
2251 1585
2252 735
2253 1860
2254 2125
2255 1105
2256 1878
2257 1001
2258 540
2259 1883
2260 1599
2261 2016
2262 491
2263 2244
2264 1830
2265 1691
2266 1168
2267 1499
2268 1405
2269 1220
2270 725
2271 1869
2272 1231
2273 2016
2274 994
2275 373
2276 1123
2277 1547
2278 1547
2279 1924
2280 1846
2281 491
2282 2016
2283 2098
2284 1711
2285 1455
2286 184
2287 615
2288 1774
2289 1826
2290 479
2291 1499
2292 2020
2293 1220
2294 1835
2295 227
2296 2208
2297 1403
2298 1025
2299 1377
2300 1609
2301 1670
2302 2073
2303 338
2304 951
2305 1799
2306 2065
2307 1774
2308 1950
2309 1451
2310 1000
2311 1599
2312 531
2313 1084
2314 2101
2315 2077
2316 2219
2317 1731
2318 2082
2319 2121
2320 2215
2321 1706
2322 1385
2323 2244
2324 1407
2325 1402
2326 1499
2327 1888
2328 366
2329 442
2330 1828
2331 2151
2332 2016
2333 2107
2334 1769
2335 2300
2336 2231
2337 1757
2338 1231
2339 1400
2340 1725
2341 1973
2342 1727
2343 2331
2344 2209
2345 2324
2346 1099
2347 2212
2348 2164
2349 2034
2350 2330
2351 1674
2352 1425
2353 1274
2354 2143
2355 1785
2356 2268
2357 1022
2358 1352
2359 696
2360 1226
2361 395
2362 1943
2363 144
2364 2207
2365 1931
2366 1731
2367 1547
2368 1235
2369 2345
2370 2333
2371 104
2372 1604
2373 373
2374 316
2375 2182
2376 649
2377 2322
2378 796
2379 1598
2380 1418
2381 439
2382 2088
2383 1944
2384 2212
2385 1931
2386 2036
2387 373
2388 1270
2389 1689
2390 1303
2391 1732
2392 2078
2393 2292
2394 191
2395 2073
2396 2170
2397 1421
2398 1989
2399 1220
2400 1868
2401 1499
2402 1499
2403 883
2404 1637
2405 1390
2406 802
2407 2251
2408 1008
2409 2368
2410 2073
2411 1752
2412 2315
2413 1310
2414 2393
2415 705
2416 1300
2417 2294
2418 1547
2419 567
2420 404
2421 2272
2422 373
2423 802
2424 1931
2425 1644
2426 2378
2427 2105
2428 675
2429 699
2430 2380
2431 951
2432 526
2433 2224
2434 853
2435 1913
2436 908
2437 1777
2438 1086
2439 2219
2440 1941
2441 1289
2442 1710
2443 1613
2444 1764
2445 302
2446 1325
2447 752
2448 1120
2449 1385
2450 1000
2451 1003
2452 1909
2453 1107
2454 373
2455 2006
2456 2346
2457 1560
2458 1631
2459 2056
2460 951
2461 373
2462 1212
2463 1370
2464 1252
2465 1303
2466 466
2467 1319
2468 1079
2469 2332
2470 662
2471 1917
2472 2387
2473 1775
2474 2356
2475 2256
2476 1935
2477 1768
2478 2468
2479 87
2480 2052
2481 1100
2482 1627
2483 1040
2484 998
2485 1935
2486 2151
2487 970
2488 1855
2489 1547
2490 1445
2491 1458
2492 257
2493 960
2494 2360
2495 1944
2496 2065
2497 2455
2498 1039
2499 1217
2500 1646
2501 2317
2502 880
2503 1231
2504 1082
2505 2075
2506 2208
2507 2103
2508 2208
2509 106
2510 1035
2511 1715
2512 131
2513 1957
2514 2098
2515 2094
2516 542
2517 2361
2518 1603
2519 1424
2520 1574
2521 1547
2522 2095
2523 1186
2524 713
2525 1728
2526 2082
2527 2335
2528 1165
2529 2021
2530 2016
2531 1800
2532 478
2533 2146
2534 1811
2535 2512
2536 907
2537 1901
2538 2016
2539 257
2540 2342
2541 1750
2542 1390
2543 2003
2544 1731
2545 896
2546 2213
2547 2282
2548 1231
2549 1357
2550 1943
2551 960
2552 479
2553 400
2554 2068
2555 908
2556 2273
2557 99
2558 2253
2559 567
2560 1719
2561 2244
2562 630
2563 1365
2564 359
2565 1202
2566 730
2567 1135
2568 628
2569 1750
2570 1659
2571 2151
2572 2243
2573 1231
2574 1157
2575 2371
2576 193
2577 617
2578 1450
2579 1433
2580 629
2581 1547
2582 1066
2583 2189
2584 2564
2585 1945
2586 1499
2587 1335
2588 2016
2589 1257
2590 2254
2591 1367
2592 827
2593 1658
2594 173
2595 910
2596 424
2597 1801
2598 675
2599 934
2600 1412
2601 1060
2602 2132
2603 2564
2604 2474
2605 2118
2606 1752
2607 1132
2608 1469
2609 834
2610 455
2611 810
2612 1995
2613 1884
2614 579
2615 1017
2616 1483
2617 1499
2618 2502
2619 2016
2620 2555
2621 418
2622 2343
2623 1200
2624 1734
2625 1272
2626 1865
2627 1212
2628 1499
2629 2043
2630 1231
2631 1800
2632 1622
2633 2295
2634 1231
2635 922
2636 2283
2637 1474
2638 2594
2639 863
2640 1674
2641 1232
2642 1015
2643 2041
2644 1591
2645 2210
2646 2556
2647 1436
2648 2644
2649 2069
2650 2086
2651 1531
2652 1804
2653 818
2654 1819
2655 534
2656 1000
2657 1877
2658 821
2659 1988
2660 1533
2661 2143
2662 2564
2663 1684
2664 1917
2665 1798
2666 1577
2667 1765
2668 2059
2669 1731
2670 1508
2671 1562
2672 2049
2673 2016
2674 2127
2675 383
2676 676
2677 1744
2678 1941
2679 2200
2680 1499
2681 1734
2682 2208
2683 27
2684 2353
2685 1225
2686 1471
2687 2256
2688 1869
2689 1963
2690 1849
2691 850
2692 2686
2693 2564
2694 2331
2695 2224
2696 373
2697 2016
2698 829
2699 10
2700 1022
2701 1968
2702 1970
2703 2344
2704 410
2705 61
2706 2314
2707 1072
2708 2313
2709 373
2710 1499
2711 1738
2712 1084
2713 423
2714 1900
2715 1102
2716 1603
2717 2326
2718 1884
2719 2181
2720 1073
2721 542
2722 1499
2723 2212
2724 1769
2725 1880
2726 1975
2727 461
2728 1887
2729 2361
2730 1547
2731 1358
2732 1514
2733 1588
2734 1591
2735 1988
2736 1402
2737 1711
2738 2535
2739 1372
2740 827
2741 2206
2742 1704
2743 2455
2744 2598
2745 2151
2746 2224
2747 1474
2748 2073
2749 1935
2750 1984
2751 97
2752 2126
2753 2593
2754 1734
2755 2298
2756 2344
2757 96
2758 1046
2759 1712
2760 1547
2761 2587
2762 1073
2763 2011
2764 2190
2765 1923
2766 1731
2767 618
2768 2325
2769 2766
2770 1212
2771 828
2772 1224
2773 2073
2774 2564
2775 735
2776 1731
2777 2256
2778 1684
2779 2278
2780 2219
2781 784
2782 160
2783 1084
2784 2537
2785 1654
2786 1632
2787 2361
2788 1971
2789 2016
2790 2707
2791 1601
2792 2624
2793 2016
2794 488
2795 2523
2796 1045
2797 1483
2798 1314
2799 816
2800 1824
2801 1891
2802 1499
2803 2223
2804 1554
2805 1385
2806 2697
2807 1850
2808 1242
2809 1107
2810 1456
2811 945
2812 2754
2813 2498
2814 2729
2815 2572
2816 1637
2817 2623
2818 1624
2819 2759
2820 2191
2821 1499
2822 658
2823 1895
2824 2642
2825 778
2826 2064
2827 2564
2828 1209
2829 1894
2830 1819
2831 1309
2832 911
2833 2304
2834 1150
2835 550
2836 2560
2837 896
2838 2208
2839 1998
2840 1614
2841 748
2842 220
2843 927
2844 1231
2845 1000
2846 862
2847 2640
2848 2221
2849 722
2850 2844
2851 2679
2852 1603
2853 1385
2854 2358
2855 2821
2856 1480
2857 1179
2858 1781
2859 1126
2860 2367
2861 2615
2862 687
2863 479
2864 1231
2865 2679
2866 97
2867 2330
2868 1646
2869 2588
2870 875
2871 1403
2872 1461
2873 2233
2874 2588
2875 1126
2876 2181
2877 2455
2878 2208
2879 1911
2880 2626
2881 2463
2882 1591
2883 1123
2884 1929
2885 2469
2886 2807
2887 2031
2888 1563
2889 1437
2890 1458
2891 2166
2892 2237
2893 503
2894 792
2895 2501
2896 2625
2897 2828
2898 1511
2899 2550
2900 57
2901 2707
2902 456
2903 2401
2904 2747
2905 1931
2906 730
2907 2535
2908 464
2909 2360
2910 2410
2911 2647
2912 2455
2913 2572
2914 1140
2915 2049
2916 567
2917 1787
2918 963
2919 2054
2920 1884
2921 2844
2922 1149
2923 1535
2924 2688
2925 1769
2926 2381
2927 885
2928 2729
2929 2002
2930 2572
2931 2269
2932 1266
2933 2313
2934 175
2935 1046
2936 2778
2937 735
2938 2088
2939 1220
2940 2572
2941 2595
2942 2827
2943 1844
2944 1603
2945 1637
2946 2016
2947 386
2948 1052
2949 336
2950 1548
2951 1986
2952 503
2953 2824
2954 839
2955 2572
2956 1499
2957 630
2958 869
2959 1382
2960 1107
2961 2076
2962 2003
2963 1071
2964 2507
2965 1826
2966 1771
2967 1018
2968 2151
2969 2277
2970 1511
2971 1731
2972 338
2973 2422
2974 1107
2975 1483
2976 1547
2977 2736
2978 1555
2979 463
2980 2806
2981 1909
2982 2803
2983 1145
2984 1499
2985 2212
2986 983
2987 588
2988 2771
2989 2282
2990 2445
2991 1876
2992 545
2993 2294
2994 2282
2995 62
2996 2003
2997 1459
2998 869
2999 1552
3000 2913
3001 2645
3002 1138
3003 2277
3004 2907
3005 2913
3006 2896
3007 2252
3008 2327
3009 1506
3010 1810
3011 1641
3012 380
3013 1401
3014 2788
3015 2936
3016 2964
3017 1199
3018 2167
3019 1212
3020 2031
3021 2833
3022 1563
3023 2708
3024 1853
3025 1442
3026 1381
3027 2679
3028 2611
3029 2630
3030 1554
3031 1177
3032 2740
3033 735
3034 1345
3035 1481
3036 2723
3037 1042
3038 991
3039 874
3040 1545
3041 2327
3042 2923
3043 1471
3044 901
3045 729
3046 1832
3047 373
3048 1994
3049 2164
3050 896
3051 2555
3052 949
3053 1463
3054 1508
3055 2065
3056 2454
3057 1813
3058 2078
3059 900
3060 1427
3061 96
3062 2008
3063 1554
3064 882
3065 1999
3066 1436
3067 2049
3068 2344
3069 2708
3070 1724
3071 2934
3072 2721
3073 1952
3074 1603
3075 2513
3076 2835
3077 576
3078 2575
3079 1067
3080 1515
3081 1022
3082 1791
3083 854
3084 1868
3085 201
3086 2353
3087 2765
3088 2833
3089 2966
3090 1197
3091 2219
3092 2647
3093 2923
3094 2541
3095 2223
3096 2272
3097 3091
3098 1498
3099 1981
3100 2340
3101 1231
3102 1879
3103 1266
3104 220
3105 401
3106 515
3107 2884
3108 448
3109 2283
3110 2084
3111 2404
3112 1781
3113 1835
3114 2564
3115 1763
3116 2953
3117 1724
3118 2151
3119 1100
3120 2250
3121 1004
3122 1411
3123 721
3124 1970
3125 2997
3126 2985
3127 2151
3128 1335
3129 1224
3130 2098
3131 1952
3132 1583
3133 2382
3134 1231
3135 2164
3136 1584
3137 1946
3138 2222
3139 2555
3140 2657
3141 1659
3142 2979
3143 1293
3144 1231
3145 2717
3146 2262
3147 1417
3148 1917
3149 1420
3150 2588
3151 1022
3152 686
3153 1002
3154 2878
3155 1640
3156 1591
3157 1479
3158 2355
3159 1499
3160 2984
3161 2116
3162 1471
3163 375
3164 1245
3165 2572
3166 1744
3167 1387
3168 2080
3169 1719
3170 1841
3171 3006
3172 2009
3173 2645
3174 2131
3175 1328
3176 2907
3177 1257
3178 1582
3179 2506
3180 1917
3181 1937
3182 3064
3183 2406
3184 780
3185 2679
3186 1471
3187 2736
3188 2780
3189 2255
3190 1931
3191 1819
3192 2389
3193 2245
3194 2913
3195 2679
3196 1402
3197 2766
3198 1741
3199 2860
3200 1912
3201 1998
3202 1688
3203 2940
3204 2129
3205 1085
3206 2314
3207 2898
3208 1547
3209 2523
3210 887
3211 893
3212 3045
3213 933
3214 2350
3215 1224
3216 2729
3217 1462
3218 2923
3219 1409
3220 1547
3221 1790
3222 2884
3223 1775
3224 2109
3225 2073
3226 1430
3227 2233
3228 3121
3229 2188
3230 2893
3231 1603
3232 3227
3233 1367
3234 318
3235 1818
3236 2979
3237 1691
3238 1575
3239 2340
3240 539
3241 1022
3242 2073
3243 1391
3244 974
3245 3064
3246 1702
3247 2063
3248 2770
3249 1547
3250 2086
3251 1277
3252 2672
3253 1499
3254 3064
3255 1790
3256 1928
3257 1892
3258 2673
3259 2049
3260 1401
3261 1652
3262 1511
3263 2844
3264 3093
3265 2208
3266 2572
3267 3150
3268 1465
3269 1594
3270 2610
3271 664
3272 1185
3273 2318
3274 972
3275 1731
3276 3135
3277 2449
3278 2251
3279 2736
3280 1906
3281 1552
3282 705
3283 2071
3284 2094
3285 1095
3286 2164
3287 775
3288 2825
3289 3144
3290 71
3291 1536
3292 3113
3293 1168
3294 2771
3295 2349
3296 3064
3297 2089
3298 899
3299 514
3300 611
3301 221
3302 10
3303 9
3304 2900
3305 2105
3306 742
3307 2683
3308 1954
3309 12
3310 3234
3311 1847
3312 2699
3313 2796
3314 551
3315 204
3316 163
3317 29
3318 1994
3319 1840
3320 942
3321 1872
3322 392
3323 1611
3324 2562
3325 2087
3326 28
3327 2995
3328 76
3329 1034
3330 622
3331 1776
3332 19
3333 1608
3334 385
3335 1280
3336 122
3337 3012
3338 545
3339 1094
3340 803
3341 507
3342 1939
3343 560
3344 251
3345 651
3346 249
3347 437
3348 181
3349 618
3350 2035
3351 159
3352 291
3353 1395
3354 896
3355 26
3356 26
3357 811
3358 624
3359 1298
3360 1604
3361 1179
3362 116
3363 3108
3364 613
3365 3099
3366 573
3367 94
3368 1834
3369 31
3370 1317
3371 118
3372 143
3373 1607
3374 53
3375 1356
3376 2054
3377 2039
3378 1457
3379 2576
3380 292
3381 2574
3382 3083
3383 1592
3384 125
3385 379
3386 2557
3387 594
3388 1918
3389 696
3390 42
3391 2055
3392 56
3393 1434
3394 1972
3395 42
3396 2124
3397 59
3398 42
3399 1465
3400 255
3401 892
3402 650
3403 2594
3404 599
3405 2303
3406 1410
3407 2741
3408 132
3409 141
3410 1617
3411 236
3412 1216
3413 869
3414 1241
3415 47
3416 152
3417 486
3418 73
3419 1103
3420 46
3421 1655
3422 1089
3423 723
3424 1974
3425 582
3426 2075
3427 649
3428 48
3429 93
3430 1862
3431 185
3432 3085
3433 693
3434 971
3435 2329
3436 1386
3437 55
3438 1520
3439 55
3440 55
3441 232
3442 955
3443 1213
3444 667
3445 2705
3446 682
3447 196
3448 69
3449 70
3450 1716
3451 470
3452 170
3453 2934
3454 2949
3455 2922
3456 2222
3457 71
3458 71
3459 1983
3460 2578
3461 3290
3462 75
3463 2255
3464 1502
3465 2423
3466 669
3467 3002
3468 1630
3469 2445
3470 1282
3471 189
3472 1222
3473 2169
3474 999
3475 1305
3476 1987
3477 3153
3478 257
3479 2599
3480 600
3481 2479
3482 239
3483 2866
3484 87
3485 322
3486 981
3487 207
3488 987
3489 421
3490 1396
3491 87
3492 3271
3493 920
3494 1557
3495 2609
3496 87
3497 1644
3498 1587
3499 89
3500 692
3501 2735
3502 417
3503 656
3504 191
3505 2890
3506 2757
3507 3061
3508 765
3509 1309
3510 3280
3511 96
3512 1637
3513 172
3514 2353
3515 96
3516 114
3517 97
3518 2751
3519 1573
3520 683
3521 979
3522 98
3523 1642
3524 473
3525 2085
3526 104
3527 2371
3528 1525
3529 1559
3530 2605
3531 182
3532 145
3533 970
3534 404
3535 1083
3536 1621
3537 3025
3538 2509
3539 665
3540 538
3541 2896
3542 646
3543 1263
3544 106
3545 523
3546 2546
3547 1747
3548 108
3549 211
3550 240
3551 165
3552 1615
3553 2032
3554 823
3555 116
3556 779
3557 541
3558 171
3559 116
3560 2003
3561 414
3562 118
3563 2484
3564 332
3565 1779
3566 720
3567 732
3568 128
3569 1649
3570 992
3571 128
3572 1440
3573 1518
3574 2374
3575 358
3576 130
3577 151
3578 2512
3579 290
3580 1631
3581 1253
3582 528
3583 1379
3584 135
3585 620
3586 1273
3587 905
3588 2843
3589 1032
3590 178
3591 308
3592 183
3593 1167
3594 761
3595 3240
3596 377
3597 2516
3598 1091
3599 1647
3600 1549
3601 1040
3602 1290
3603 2668
3604 549
3605 2675
3606 141
3607 209
3608 1382
3609 262
3610 1336
3611 144
3612 881
3613 512
3614 144
3615 2690
3616 456
3617 2363
3618 884
3619 144
3620 2653
3621 2211
3622 3106
3623 145
3624 674
3625 1503
3626 2196
3627 271
3628 1960
3629 230
3630 150
3631 2821
3632 1003
3633 715
3634 155
3635 3008
3636 2464
3637 346
3638 450
3639 744
3640 621
3641 2782
3642 161
3643 372
3644 471
3645 162
3646 1239
3647 3052
3648 310
3649 275
3650 165
3651 1299
3652 2257
3653 484
3654 176
3655 558
3656 2676
3657 177
3658 179
3659 180
3660 1422
3661 1817
3662 182
3663 2280
3664 182
3665 340
3666 1914
3667 2286
3668 808
3669 2652
3670 187
3671 241
3672 1657
3673 1752
3674 2394
3675 1496
3676 355
3677 277
3678 2019
3679 2083
3680 264
3681 373
3682 197
3683 1796
3684 610
3685 1505
3686 202
3687 1459
3688 203
3689 388
3690 2029
3691 1297
3692 208
3693 1720
3694 1006
3695 212
3696 652
3697 990
3698 215
3699 216
3700 216
3701 1061
3702 216
3703 2785
3704 216
3705 2927
3706 420
3707 1424
3708 3115
3709 273
3710 511
3711 248
3712 216
3713 216
3714 707
3715 216
3716 2259
3717 216
3718 216
3719 1119
3720 1901
3721 1486
3722 399
3723 1546
3724 1147
3725 871
3726 859
3727 216
3728 216
3729 216
3730 216
3731 235
3732 216
3733 216
3734 1733
3735 751
3736 1852
3737 339
3738 2772
3739 1262
3740 3104
3741 283
3742 220
3743 1021
3744 635
3745 2842
3746 516
3747 220
3748 1668
3749 1024
3750 2067
3751 1428
3752 395
3753 1180
3754 1821
3755 2249
3756 223
3757 223
3758 331
3759 1540
3760 1163
3761 1275
3762 2057
3763 227
3764 2633
3765 1992
3766 460
3767 728
3768 234
3769 1226
3770 1842
3771 240
3772 804
3773 240
3774 1044
3775 962
3776 782
3777 240
3778 240
3779 432
3780 1949
3781 246
3782 1162
3783 3147
3784 1096
3785 3038
3786 946
3787 356
3788 251
3789 1010
3790 931
3791 894
3792 254
3793 1943
3794 254
3795 2015
3796 255
3797 2542
3798 653
3799 805
3800 1510
3801 265
3802 1174
3803 258
3804 351
3805 267
3806 257
3807 619
3808 966
3809 1383
3810 1155
3811 2800
3812 257
3813 605
3814 2539
3815 257
3816 645
3817 257
3818 272
3819 257
3820 1364
3821 257
3822 257
3823 1031
3824 257
3825 2492
3826 1870
3827 257
3828 257
3829 257
3830 257
3831 1575
3832 778
3833 2937
3834 257
3835 1955
3836 3283
3837 282
3838 257
3839 257
3840 3282
3841 257
3842 1078
3843 923
3844 2434
3845 685
3846 364
3847 263
3848 2480
3849 2205
3850 266
3851 296
3852 269
3853 2596
3854 1793
3855 2463
3856 269
3857 2241
3858 948
3859 269
3860 1109
3861 1228
3862 552
3863 1235
3864 269
3865 269
3866 272
3867 273
3868 273
3869 273
3870 273
3871 273
3872 279
3873 1744
3874 1521
3875 2726
3876 2908
3877 489
3878 282
3879 2151
3880 1478
3881 553
3882 286
3883 2126
3884 286
3885 286
3886 287
3887 1730
3888 416
3889 1348
3890 1680
3891 844
3892 293
3893 1885
3894 406
3895 1009
3896 1079
3897 2185
3898 301
3899 2981
3900 2829
3901 1347
3902 301
3903 301
3904 3255
3905 301
3906 2306
3907 577
3908 686
3909 790
3910 1636
3911 301
3912 301
3913 2172
3914 909
3915 509
3916 1493
3917 2523
3918 314
3919 3034
3920 1189
3921 995
3922 714
3923 321
3924 321
3925 1542
3926 1438
3927 2021
3928 2629
3929 2972
3930 1722
3931 341
3932 916
3933 1343
3934 1250
3935 433
3936 1403
3937 1827
3938 3026
3939 350
3940 1487
3941 1140
3942 522
3943 1300
3944 2894
3945 2952
3946 428
3947 2271
3948 1023
3949 571
3950 1351
3951 359
3952 1225
3953 3114
3954 359
3955 363
3956 1700
3957 530
3958 1890
3959 412
3960 2187
3961 615
3962 3060
3963 2328
3964 984
3965 366
3966 2038
3967 366
3968 366
3969 504
3970 2227
3971 1286
3972 994
3973 1739
3974 370
3975 371
3976 371
3977 2737
3978 373
3979 2373
3980 373
3981 401
3982 2082
3983 373
3984 1580
3985 1639
3986 3077
3987 373
3988 2461
3989 517
3990 2053
3991 373
3992 373
3993 2454
3994 771
3995 627
3996 1013
3997 2472
3998 2733
3999 813
4000 2266
4001 373
4002 373
4003 2973
4004 1082
4005 373
4006 2849
4007 2025
4008 1703
4009 373
4010 1602
4011 2104
4012 373
4013 3047
4014 436
4015 919
4016 373
4017 1264
4018 398
4019 3210
4020 1815
4021 702
4022 373
4023 680
4024 2231
4025 1154
4026 1717
4027 2696
4028 985
4029 373
4030 1036
4031 373
4032 2275
4033 373
4034 1369
4035 373
4036 639
4037 1169
4038 2548
4039 2709
4040 2595
4041 373
4042 375
4043 644
4044 375
4045 375
4046 375
4047 375
4048 3163
4049 1511
4050 376
4051 381
4052 719
4053 383
4054 383
4055 383
4056 2432
4057 495
4058 658
4059 1402
4060 2947
4061 1953
4062 2621
4063 392
4064 392
4065 709
4066 1081
4067 589
4068 843
4069 393
4070 612
4071 455
4072 395
4073 2589
4074 1838
4075 815
4076 395
4077 2413
4078 395
4079 2765
4080 395
4081 2361
4082 794
4083 1331
4084 579
4085 395
4086 783
4087 1470
4088 3174
4089 1128
4090 1072
4091 2591
4092 398
4093 399
4094 2553
4095 400
4096 2147
4097 400
4098 2811
4099 400
4100 400
4101 2549
4102 810
4103 688
4104 3105
4105 1287
4106 404
4107 1134
4108 2051
4109 3011
4110 2420
4111 724
4112 2739
4113 1303
4114 404
4115 835
4116 404
4117 1661
4118 2691
4119 777
4120 508
4121 2658
4122 1800
4123 1484
4124 1302
4125 2770
4126 406
4127 1328
4128 1778
4129 2835
4130 2704
4131 2727
4132 412
4133 1941
4134 412
4135 1307
4136 1399
4137 429
4138 527
4139 415
4140 415
4141 415
4142 1323
4143 1161
4144 773
4145 462
4146 1798
4147 418
4148 418
4149 1247
4150 418
4151 1579
4152 418
4153 421
4154 421
4155 498
4156 1645
4157 2713
4158 1106
4159 543
4160 423
4161 2042
4162 1569
4163 1545
4164 424
4165 424
4166 2577
4167 847
4168 1116
4169 960
4170 1279
4171 2216
4172 427
4173 2258
4174 427
4175 429
4176 2198
4177 431
4178 2250
4179 432
4180 434
4181 435
4182 435
4183 437
4184 438
4185 2381
4186 443
4187 444
4188 734
4189 451
4190 3270
4191 2902
4192 616
4193 475
4194 2408
4195 458
4196 1947
4197 1261
4198 2208
4199 1797
4200 914
4201 463
4202 2979
4203 464
4204 1962
4205 3009
4206 465
4207 465
4208 465
4209 490
4210 1330
4211 2466
4212 721
4213 466
4214 466
4215 466
4216 2066
4217 466
4218 469
4219 467
4220 1362
4221 469
4222 469
4223 470
4224 1030
4225 1088
4226 870
4227 787
4228 1558
4229 472
4230 475
4231 2044
4232 478
4233 2532
4234 2552
4235 956
4236 2290
4237 479
4238 689
4239 2863
4240 924
4241 2655
4242 484
4243 694
4244 1807
4245 2794
4246 2583
4247 1466
4248 491
4249 2568
4250 2262
4251 2281
4252 1724
4253 491
4254 492
4255 1843
4256 496
4257 1016
4258 496
4259 1868
4260 1795
4261 503
4262 2893
4263 1349
4264 1150
4265 504
4266 1101
4267 506
4268 969
4269 506
4270 1301
4271 506
4272 506
4273 1054
4274 507
4275 510
4276 1772
4277 547
4278 704
4279 588
4280 753
4281 513
4282 2572
4283 3269
4284 515
4285 1414
4286 1260
4287 1620
4288 1516
4289 517
4290 3294
4291 523
4292 523
4293 523
4294 838
4295 2477
4296 604
4297 531
4298 2312
4299 532
4300 532
4301 1426
4302 535
4303 2162
4304 535
4305 574
4306 537
4307 556
4308 541
4309 2721
4310 3035
4311 1332
4312 1314
4313 543
4314 543
4315 1376
4316 544
4317 545
4318 545
4319 2992
4320 2186
4321 1276
4322 547
4323 2762
4324 569
4325 2954
4326 547
4327 1093
4328 993
4329 551
4330 551
4331 1158
4332 551
4333 845
4334 553
4335 554
4336 601
4337 2841
4338 555
4339 557
4340 975
4341 557
4342 1538
4343 1117
4344 684
4345 671
4346 770
4347 562
4348 562
4349 566
4350 567
4351 567
4352 567
4353 567
4354 567
4355 3291
4356 567
4357 567
4358 1900
4359 2916
4360 567
4361 2148
4362 880
4363 763
4364 2419
4365 1760
4366 2559
4367 567
4368 717
4369 2608
4370 572
4371 572
4372 1667
4373 2130
4374 837
4375 1055
4376 1413
4377 2235
4378 579
4379 2614
4380 716
4381 1522
4382 1306
4383 1783
4384 3272
4385 1194
4386 592
4387 583
4388 584
4389 603
4390 2987
4391 608
4392 1107
4393 592
4394 592
4395 593
4396 1230
4397 595
4398 3243
4399 598
4400 2862
4401 605
4402 605
4403 606
4404 807
4405 609
4406 1692
4407 631
4408 1759
4409 609
4410 609
4411 609
4412 868
4413 609
4414 2856
4415 1854
4416 1067
4417 1990
4418 610
4419 1114
4420 3285
4421 2122
4422 613
4423 615
4424 2287
4425 616
4426 795
4427 840
4428 617
4429 617
4430 2767
4431 2670
4432 620
4433 622
4434 623
4435 624
4436 629
4437 629
4438 629
4439 629
4440 895
4441 1255
4442 629
4443 1404
4444 2663
4445 629
4446 1139
4447 629
4448 2580
4449 1574
4450 1682
4451 1695
4452 2957
4453 630
4454 2004
4455 858
4456 632
4457 634
4458 1429
4459 634
4460 2731
4461 1628
4462 634
4463 1856
4464 1670
4465 1479
4466 639
4467 641
4468 643
4469 2719
4470 649
4471 1223
4472 1696
4473 1919
4474 2376
4475 1780
4476 1017
4477 653
4478 1494
4479 653
4480 1218
4481 654
4482 978
4483 2639
4484 658
4485 2822
4486 2285
4487 658
4488 1530
4489 659
4490 2152
4491 988
4492 660
4493 3228
4494 697
4495 907
4496 2470
4497 2002
4498 3184
4499 1375
4500 667
4501 725
4502 674
4503 674
4504 1188
4505 903
4506 675
4507 675
4508 675
4509 675
4510 675
4511 1159
4512 675
4513 675
4514 1244
4515 675
4516 1409
4517 1389
4518 675
4519 675
4520 675
4521 2744
4522 2428
4523 2117
4524 675
4525 676
4526 1266
4527 679
4528 680
4529 855
4530 682
4531 682
4532 686
4533 1550
4534 686
4535 3152
4536 689
4537 689
4538 690
4539 865
4540 691
4541 747
4542 2225
4543 692
4544 2359
4545 2429
4546 701
4547 701
4548 1334
4549 701
4550 705
4551 705
4552 705
4553 902
4554 1687
4555 705
4556 705
4557 2415
4558 3119
4559 706
4560 707
4561 3139
4562 2883
4563 711
4564 712
4565 2163
4566 864
4567 2524
4568 713
4569 2138
4570 1296
4571 713
4572 1151
4573 1318
4574 715
4575 715
4576 1766
4577 720
4578 721
4579 721
4580 3123
4581 867
4582 721
4583 3122
4584 721
4585 1560
4586 1589
4587 3229
4588 2176
4589 721
4590 900
4591 721
4592 724
4593 724
4594 1015
4595 724
4596 2270
4597 1131
4598 729
4599 3045
4600 3188
4601 729
4602 729
4603 879
4604 729
4605 730
4606 2566
4607 1471
4608 1517
4609 1288
4610 730
4611 2906
4612 986
4613 733
4614 735
4615 2226
4616 2080
4617 1531
4618 735
4619 735
4620 735
4621 735
4622 735
4623 735
4624 735
4625 2775
4626 1011
4627 769
4628 735
4629 831
4630 735
4631 2180
4632 735
4633 735
4634 735
4635 2175
4636 735
4637 735
4638 735
4639 1304
4640 735
4641 735
4642 1062
4643 3007
4644 1627
4645 3033
4646 735
4647 1664
4648 1028
4649 1578
4650 735
4651 735
4652 735
4653 735
4654 735
4655 735
4656 3213
4657 1065
4658 739
4659 1650
4660 740
4661 740
4662 743
4663 743
4664 1898
4665 1027
4666 743
4667 918
4668 743
4669 1893
4670 744
4671 1629
4672 1913
4673 1187
4674 745
4675 745
4676 1851
4677 745
4678 2143
4679 745
4680 1678
4681 745
4682 745
4683 745
4684 746
4685 748
4686 1053
4687 2240
4688 752
4689 1453
4690 1819
4691 2759
4692 2430
4693 752
4694 2375
4695 3113
4696 2447
4697 752
4698 753
4699 3010
4700 2220
4701 753
4702 753
4703 1038
4704 753
4705 753
4706 753
4707 1512
4708 1861
4709 759
4710 759
4711 1690
4712 980
4713 3170
4714 1199
4715 1714
4716 765
4717 769
4718 770
4719 770
4720 771
4721 953
4722 2041
4723 775
4724 775
4725 1659
4726 1090
4727 852
4728 775
4729 3287
4730 775
4731 1373
4732 775
4733 775
4734 775
4735 2351
4736 776
4737 812
4738 1129
4739 776
4740 776
4741 777
4742 778
4743 1462
4744 1599
4745 778
4746 778
4747 778
4748 778
4749 778
4750 1191
4751 3193
4752 778
4753 1519
4754 3288
4755 778
4756 829
4757 2097
4758 935
4759 782
4760 1748
4761 2781
4762 1829
4763 788
4764 788
4765 1476
4766 791
4767 794
4768 796
4769 2378
4770 1322
4771 2049
4772 3183
4773 2308
4774 803
4775 810
4776 2611
4777 1568
4778 2158
4779 811
4780 2918
4781 2799
4782 2978
4783 822
4784 2081
4785 1020
4786 1625
4787 825
4788 2740
4789 827
4790 1181
4791 2592
4792 827
4793 829
4794 2698
4795 832
4796 1265
4797 833
4798 2870
4799 3046
4800 2268
4801 1043
4802 834
4803 835
4804 1219
4805 835
4806 1221
4807 1126
4808 841
4809 1256
4810 921
4811 2438
4812 2098
4813 2123
4814 3246
4815 1902
4816 2024
4817 849
4818 849
4819 849
4820 849
4821 872
4822 849
4823 2149
4824 2155
4825 858
4826 2565
4827 1905
4828 2403
4829 858
4830 958
4831 858
4832 858
4833 858
4834 858
4835 1777
4836 858
4837 858
4838 858
4839 858
4840 1526
4841 1491
4842 2352
4843 888
4844 858
4845 2178
4846 1243
4847 858
4848 1445
4849 860
4850 2846
4851 862
4852 1355
4853 1877
4854 865
4855 869
4856 2558
4857 1882
4858 2958
4859 869
4860 869
4861 869
4862 2998
4863 869
4864 1068
4865 869
4866 1291
4867 874
4868 3039
4869 875
4870 875
4871 877
4872 2618
4873 880
4874 881
4875 882
4876 882
4877 3064
4878 884
4879 2832
4880 885
4881 1051
4882 1166
4883 1492
4884 2446
4885 890
4886 890
4887 890
4888 890
4889 2810
4890 3211
4891 1022
4892 2183
4893 893
4894 893
4895 1595
4896 2545
4897 1534
4898 896
4899 896
4900 896
4901 1665
4902 1773
4903 1527
4904 2837
4905 3050
4906 896
4907 3239
4908 2095
4909 974
4910 1000
4911 896
4912 3059
4913 1025
4914 901
4915 901
4916 3044
4917 901
4918 903
4919 930
4920 1085
4921 907
4922 1734
4923 2007
4924 1164
4925 1718
4926 907
4927 907
4928 2536
4929 907
4930 907
4931 907
4932 1528
4933 908
4934 1294
4935 2436
4936 909
4937 1377
4938 911
4939 911
4940 912
4941 2600
4942 1658
4943 918
4944 918
4945 1443
4946 2635
4947 2203
4948 922
4949 1278
4950 922
4951 923
4952 923
4953 1246
4954 923
4955 923
4956 923
4957 923
4958 923
4959 2037
4960 1236
4961 2090
4962 924
4963 927
4964 1719
4965 2094
4966 1708
4967 939
4968 941
4969 2567
4970 1651
4971 948
4972 949
4973 1254
4974 951
4975 951
4976 951
4977 951
4978 1077
4979 1270
4980 2307
4981 951
4982 2431
4983 951
4984 1539
4985 951
4986 951
4987 951
4988 1475
4989 2986
4990 2833
4991 1058
4992 1771
4993 951
4994 2891
4995 951
4996 951
4997 951
4998 951
4999 951
5000 951
5001 2711
5002 1208
5003 951
5004 2068
5005 2460
5006 951
5007 951
5008 1669
5009 951
5010 1104
5011 951
5012 952
5013 952
5014 1393
5015 1767
5016 1610
5017 960
5018 2493
5019 997
5020 2551
5021 2195
5022 960
5023 961
5024 2247
5025 966
5026 966
5027 968
5028 968
5029 968
5030 2777
5031 1672
5032 2487
5033 970
5034 970
5035 1675
5036 1867
5037 970
5038 970
5039 970
5040 1743
5041 2062
5042 2173
5043 971
5044 972
5045 1092
5046 3274
5047 1171
5048 973
5049 3244
5050 974
5051 2102
5052 974
5053 2026
5054 977
5055 1848
5056 2070
5057 1237
5058 982
5059 982
5060 982
5061 1452
5062 987
5063 991
5064 991
5065 992
5066 993
5067 2274
5068 2164
5069 2011
5070 999
5071 999
5072 1415
5073 999
5074 2656
5075 1000
5076 1000
5077 2828
5078 1156
5079 2310
5080 1606
5081 1000
5082 1000
5083 1889
5084 1000
5085 1112
5086 2845
5087 1000
5088 2450
5089 1050
5090 1000
5091 1000
5092 1000
5093 1000
5094 1190
5095 1451
5096 1000
5097 1000
5098 1000
5099 1000
5100 1000
5101 1000
5102 1000
5103 1000
5104 1985
5105 1001
5106 1368
5107 1731
5108 1001
5109 1001
5110 2424
5111 1697
5112 2451
5113 1248
5114 1003
5115 1004
5116 1173
5117 3090
5118 1005
5119 1005
5120 1008
5121 1009
5122 2228
5123 1042
5124 2642
5125 2861
5126 2230
5127 1017
5128 1018
5129 2963
5130 1946
5131 2967
5132 1019
5133 1048
5134 1419
5135 1020
5136 1020
5137 1022
5138 1022
5139 1022
5140 1448
5141 1022
5142 1022
5143 3151
5144 1099
5145 1022
5146 1022
5147 1022
5148 2700
5149 1022
5150 3241
5151 1324
5152 2991
5153 2357
5154 1022
5155 1022
5156 1022
5157 1022
5158 3081
5159 1022
5160 1327
5161 2443
5162 1023
5163 1023
5164 1023
5165 1023
5166 1023
5167 1755
5168 1023
5169 1023
5170 1023
5171 1111
5172 1025
5173 1025
5174 2298
5175 1027
5176 1029
5177 1029
5178 1030
5179 2510
5180 2823
5181 1035
5182 1035
5183 2218
5184 1681
5185 1038
5186 2813
5187 2483
5188 1040
5189 1040
5190 3037
5191 1761
5192 1045
5193 1046
5194 1258
5195 1046
5196 2758
5197 1046
5198 1205
5199 2935
5200 1046
5201 1046
5202 1046
5203 1934
5204 1048
5205 1342
5206 1064
5207 2848
5208 1051
5209 2948
5210 1052
5211 1054
5212 1054
5213 1056
5214 1515
5215 1056
5216 1056
5217 1056
5218 1057
5219 1721
5220 1142
5221 1057
5222 1057
5223 1057
5224 1059
5225 2601
5226 1125
5227 1062
5228 2153
5229 1803
5230 1065
5231 1065
5232 1065
5233 1477
5234 2582
5235 1066
5236 1066
5237 2715
5238 1066
5239 1137
5240 1066
5241 1066
5242 1066
5243 1926
5244 3079
5245 2386
5246 2790
5247 2720
5248 1319
5249 1073
5250 1073
5251 1073
5252 1073
5253 2246
5254 3167
5255 1073
5256 1215
5257 1713
5258 2468
5259 1969
5260 1079
5261 1079
5262 1079
5263 1220
5264 1460
5265 2229
5266 1079
5267 1079
5268 1079
5269 1079
5270 1079
5271 1079
5272 1079
5273 1079
5274 1080
5275 2504
5276 1082
5277 1082
5278 1082
5279 1082
5280 1082
5281 1110
5282 1082
5283 3065
5284 1816
5285 1082
5286 1082
5287 1084
5288 1084
5289 2783
5290 1229
5291 1084
5292 1084
5293 1084
5294 2712
5295 2933
5296 1686
5297 1085
5298 2135
5299 1085
5300 1085
5301 1085
5302 1085
5303 3205
5304 1086
5305 1086
5306 1087
5307 1087
5308 1089
5309 1091
5310 1091
5311 1092
5312 1095
5313 1095
5314 1096
5315 1096
5316 1099
5317 2456
5318 1099
5319 1099
5320 1624
5321 1100
5322 1100
5323 1464
5324 1100
5325 2481
5326 1100
5327 1100
5328 1353
5329 2193
5330 1619
5331 1105
5332 1105
5333 1105
5334 1996
5335 1786
5336 1107
5337 1107
5338 1107
5339 1577
5340 1107
5341 1107
5342 2974
5343 1107
5344 2453
5345 2960
5346 1107
5347 1107
5348 1107
5349 2809
5350 1108
5351 2109
5352 1112
5353 2060
5354 1116
5355 1289
5356 1116
5357 1198
5358 1116
5359 1116
5360 1116
5361 1116
5362 1116
5363 1118
5364 1329
5365 2448
5366 1121
5367 1121
5368 1123
5369 1233
5370 2045
5371 1123
5372 1123
5373 1268
5374 2276
5375 1944
5376 1125
5377 1439
5378 2875
5379 1583
5380 2859
5381 1126
5382 2607
5383 1132
5384 1132
5385 1132
5386 1132
5387 1133
5388 1134
5389 1134
5390 1136
5391 1136
5392 1139
5393 1940
5394 1956
5395 1140
5396 1823
5397 1140
5398 1140
5399 1140
5400 1140
5401 1844
5402 2914
5403 1140
5404 1140
5405 1141
5406 1141
5407 1141
5408 2165
5409 2091
5410 1350
5411 2397
5412 2056
5413 1831
5414 3024
5415 1315
5416 1145
5417 1145
5418 2023
5419 2983
5420 1150
5421 1150
5422 1150
5423 2834
5424 3014
5425 1151
5426 1206
5427 1151
5428 1151
5429 1151
5430 1497
5431 1887
5432 1601
5433 1152
5434 1152
5435 1153
5436 1153
5437 1154
5438 1764
5439 1161
5440 2528
5441 1259
5442 1166
5443 1166
5444 1166
5445 1663
5446 1167
5447 3293
5448 1168
5449 1172
5450 1172
5451 1172
5452 1174
5453 1174
5454 1175
5455 1176
5456 1489
5457 1177
5458 1177
5459 1177
5460 3031
5461 2857
5462 1757
5463 1179
5464 1180
5465 1204
5466 2889
5467 1398
5468 1195
5469 1196
5470 2108
5471 1199
5472 1199
5473 3017
5474 1199
5475 1200
5476 1200
5477 2623
5478 1200
5479 1200
5480 1200
5481 1204
5482 1207
5483 1207
5484 1208
5485 1209
5486 1537
5487 1211
5488 3019
5489 2156
5490 1504
5491 2462
5492 1212
5493 1212
5494 1212
5495 2627
5496 1212
5497 1212
5498 2667
5499 1214
5500 1216
5501 1216
5502 1216
5503 1217
5504 2499
5505 1219
5506 2293
5507 2931
5508 1220
5509 1220
5510 1220
5511 1220
5512 3178
5513 2030
5514 2826
5515 2399
5516 1991
5517 1750
5518 2939
5519 1616
5520 1223
5521 1224
5522 1269
5523 1224
5524 1224
5525 2214
5526 1224
5527 1224
5528 2820
5529 1533
5530 3129
5531 2197
5532 1224
5533 1224
5534 1224
5535 1224
5536 1224
5537 1224
5538 1224
5539 1224
5540 1224
5541 2579
5542 1224
5543 1224
5544 2244
5545 1224
5546 1224
5547 1224
5548 1224
5549 1313
5550 3215
5551 1224
5552 1224
5553 1224
5554 1338
5555 2685
5556 2014
5557 1904
5558 1374
5559 1965
5560 1226
5561 2360
5562 1605
5563 1230
5564 1340
5565 1231
5566 1231
5567 3101
5568 1231
5569 1231
5570 1231
5571 1231
5572 1449
5573 1231
5574 1231
5575 1231
5576 1231
5577 1401
5578 1231
5579 3144
5580 1231
5581 1231
5582 1736
5583 1231
5584 1231
5585 1231
5586 1231
5587 2174
5588 2338
5589 1231
5590 1461
5591 1231
5592 1231
5593 1231
5594 1231
5595 1231
5596 1231
5597 1737
5598 1979
5599 1231
5600 2573
5601 1360
5602 1363
5603 1231
5604 1238
5605 1231
5606 3134
5607 1267
5608 1231
5609 1231
5610 1231
5611 2563
5612 2503
5613 1231
5614 1231
5615 1231
5616 1231
5617 1231
5618 2844
5619 1231
5620 1231
5621 2630
5622 1976
5623 1231
5624 1231
5625 2864
5626 1346
5627 1231
5628 1231
5629 1231
5630 1231
5631 1454
5632 2272
5633 1813
5634 1231
5635 1231
5636 2333
5637 1231
5638 1361
5639 2634
5640 1231
5641 1231
5642 1547
5643 1231
5644 1231
5645 2641
5646 1337
5647 2409
5648 1242
5649 2808
5650 2393
5651 1242
5652 1833
5653 1933
5654 1242
5655 1997
5656 1243
5657 1243
5658 1243
5659 1243
5660 1245
5661 1245
5662 2300
5663 1416
5664 1626
5665 2334
5666 3164
5667 1245
5668 1392
5669 1472
5670 1249
5671 1249
5672 1781
5673 1251
5674 1251
5675 1251
5676 1252
5677 1254
5678 1257
5679 3177
5680 1916
5681 1266
5682 1266
5683 1571
5684 2932
5685 1961
5686 1266
5687 1789
5688 3103
5689 1266
5690 1266
5691 1267
5692 3161
5693 1269
5694 2388
5695 2887
5696 1598
5697 3251
5698 1278
5699 1354
5700 1279
5701 1565
5702 1864
5703 1282
5704 1282
5705 1282
5706 2160
5707 1677
5708 1286
5709 1286
5710 1564
5711 1286
5712 1286
5713 1286
5714 1809
5715 1288
5716 1288
5717 1289
5718 2441
5719 1291
5720 1293
5721 1293
5722 2161
5723 1293
5724 1441
5725 2092
5726 1293
5727 3143
5728 1407
5729 1293
5730 1293
5731 1293
5732 1293
5733 1295
5734 1296
5735 1820
5736 1297
5737 1298
5738 2416
5739 2390
5740 1303
5741 1303
5742 2465
5743 1689
5744 1306
5745 1936
5746 1308
5747 1563
5748 1308
5749 1308
5750 1309
5751 1309
5752 2831
5753 1309
5754 1314
5755 1314
5756 1432
5757 1314
5758 2798
5759 1314
5760 1314
5761 1314
5762 1314
5763 1314
5764 1541
5765 1314
5766 1314
5767 1532
5768 1782
5769 3261
5770 2467
5771 1320
5772 1320
5773 3237
5774 1320
5775 1320
5776 1320
5777 1321
5778 1323
5779 1324
5780 1995
5781 1328
5782 3175
5783 1328
5784 1328
5785 1328
5786 2807
5787 1331
5788 2114
5789 1335
5790 1371
5791 1335
5792 2587
5793 1335
5794 1917
5795 1335
5796 1335
5797 1818
5798 1335
5799 1335
5800 2022
5801 1859
5802 1335
5803 1335
5804 1335
5805 3128
5806 2063
5807 2232
5808 1378
5809 1337
5810 1338
5811 1338
5812 1925
5813 1338
5814 2001
5815 2867
5816 1347
5817 2069
5818 1348
5819 1351
5820 1351
5821 1351
5822 2854
5823 2706
5824 1643
5825 1357
5826 1359
5827 1359
5828 2671
5829 2342
5830 1500
5831 1553
5832 1365
5833 1365
5834 1365
5835 1365
5836 1366
5837 2111
5838 1367
5839 1367
5840 1367
5841 3233
5842 1367
5843 1367
5844 1367
5845 1367
5846 1367
5847 2016
5848 1367
5849 2632
5850 1367
5851 3149
5852 1368
5853 1373
5854 1374
5855 1374
5856 1374
5857 2585
5858 1377
5859 1377
5860 2299
5861 1377
5862 1377
5863 1377
5864 1381
5865 2959
5866 1384
5867 1384
5868 1385
5869 1385
5870 1385
5871 1581
5872 1385
5873 1385
5874 1514
5875 2648
5876 2853
5877 1385
5878 1385
5879 1385
5880 2377
5881 2805
5882 1406
5883 2525
5884 1709
5885 3277
5886 1388
5887 1388
5888 2405
5889 1756
5890 1396
5891 1396
5892 1397
5893 1397
5894 1397
5895 1397
5896 1400
5897 2339
5898 1435
5899 1400
5900 1401
5901 1676
5902 3181
5903 1401
5904 1401
5905 3260
5906 1401
5907 1401
5908 1401
5909 1401
5910 1910
5911 3013
5912 2768
5913 3196
5914 1402
5915 2736
5916 2297
5917 1403
5918 2871
5919 1403
5920 1403
5921 2923
5922 1600
5923 2072
5924 1405
5925 1407
5926 1407
5927 1407
5928 1407
5929 1407
5930 1407
5931 2324
5932 1928
5933 1597
5934 2132
5935 2349
5936 1409
5937 3219
5938 1410
5939 1411
5940 1412
5941 1775
5942 3200
5943 1416
5944 1416
5945 1417
5946 1419
5947 1419
5948 1420
5949 1420
5950 2519
5951 1935
5952 3226
5953 1942
5954 1430
5955 1430
5956 1430
5957 1430
5958 1430
5959 1430
5960 1434
5961 1434
5962 1434
5963 1435
5964 1436
5965 2647
5966 3066
5967 1903
5968 1437
5969 1437
5970 1439
5971 1440
5972 1440
5973 1964
5974 1442
5975 1802
5976 2079
5977 2490
5978 2309
5979 1453
5980 1453
5981 1685
5982 1456
5983 1457
5984 2491
5985 1458
5986 2997
5987 1461
5988 1461
5989 1461
5990 2872
5991 1462
5992 3217
5993 1462
5994 1980
5995 1462
5996 2879
5997 1462
5998 1462
5999 1462
6000 1462
6001 1462
6002 1462
6003 1462
6004 1462
6005 1463
6006 3053
6007 3268
6008 2674
6009 1466
6010 1466
6011 1466
6012 1466
6013 1468
6014 2689
6015 1471
6016 1471
6017 1471
6018 1471
6019 1471
6020 1471
6021 1471
6022 1552
6023 1471
6024 1471
6025 2597
6026 1471
6027 1471
6028 1863
6029 1471
6030 2018
6031 1471
6032 1471
6033 3186
6034 1471
6035 1471
6036 1471
6037 2008
6038 1471
6039 1471
6040 1548
6041 2125
6042 1471
6043 1471
6044 1471
6045 1471
6046 1471
6047 1471
6048 3043
6049 1471
6050 1471
6051 1646
6052 1471
6053 1471
6054 2686
6055 1471
6056 1471
6057 3162
6058 1471
6059 1474
6060 1837
6061 1474
6062 1474
6063 1474
6064 1474
6065 1474
6066 1897
6067 1474
6068 1474
6069 1474
6070 1474
6071 1474
6072 1474
6073 1474
6074 2747
6075 2006
6076 1561
6077 1474
6078 1507
6079 1474
6080 1474
6081 1474
6082 2637
6083 1478
6084 1479
6085 1479
6086 1479
6087 3157
6088 3201
6089 1825
6090 1480
6091 2616
6092 1483
6093 1483
6094 2975
6095 1483
6096 1483
6097 1483
6098 2797
6099 1483
6100 1483
6101 1483
6102 1483
6103 1483
6104 1715
6105 1483
6106 1751
6107 1487
6108 1487
6109 1487
6110 1488
6111 2194
6112 1899
6113 1488
6114 1490
6115 1490
6116 1490
6117 1490
6118 1490
6119 1492
6120 1493
6121 1494
6122 1498
6123 1498
6124 1498
6125 3098
6126 1499
6127 1499
6128 1499
6129 1499
6130 1705
6131 1499
6132 1499
6133 1499
6134 1499
6135 1499
6136 1554
6137 1499
6138 1499
6139 1499
6140 1499
6141 2488
6142 1499
6143 3124
6144 1499
6145 1792
6146 1499
6147 1499
6148 1499
6149 2628
6150 1499
6151 1499
6152 1566
6153 2184
6154 1499
6155 2722
6156 1499
6157 1499
6158 2586
6159 1499
6160 1499
6161 1499
6162 1499
6163 3253
6164 1499
6165 1499
6166 1499
6167 1499
6168 1499
6169 1499
6170 1679
6171 1499
6172 2291
6173 2115
6174 1499
6175 1723
6176 3159
6177 1499
6178 1499
6179 2710
6180 2267
6181 2956
6182 2680
6183 1499
6184 1499
6185 1499
6186 1499
6187 2402
6188 1499
6189 1499
6190 1499
6191 1499
6192 1499
6193 1499
6194 1499
6195 2326
6196 2112
6197 1499
6198 2802
6199 1499
6200 2401
6201 1499
6202 1836
6203 1499
6204 1499
6205 1499
6206 1499
6207 2984
6208 1499
6209 1499
6210 2617
6211 1500
6212 1839
6213 2742
6214 1500
6215 2951
6216 1500
6217 1501
6218 2076
6219 1507
6220 1507
6221 1508
6222 1508
6223 3054
6224 1508
6225 1509
6226 1510
6227 1510
6228 2970
6229 1683
6230 2898
6231 1511
6232 1511
6233 3262
6234 1511
6235 1511
6236 2732
6237 1514
6238 3080
6239 1516
6240 1896
6241 1517
6242 1518
6243 1520
6244 1524
6245 1527
6246 1529
6247 1529
6248 1531
6249 2651
6250 1531
6251 1531
6252 1656
6253 1532
6254 1770
6255 2660
6256 1892
6257 1533
6258 1533
6259 1808
6260 1536
6261 1536
6262 1537
6263 1539
6264 1540
6265 2046
6266 1543
6267 2159
6268 1544
6269 1544
6270 1545
6271 1545
6272 3040
6273 1545
6274 1547
6275 1547
6276 1547
6277 3249
6278 1547
6279 1547
6280 1547
6281 1547
6282 1875
6283 3208
6284 1547
6285 1547
6286 1547
6287 1547
6288 1547
6289 2145
6290 1547
6291 3003
6292 1547
6293 2730
6294 1547
6295 1706
6296 2779
6297 2027
6298 1547
6299 1547
6300 3220
6301 1547
6302 1547
6303 1547
6304 1547
6305 1547
6306 1547
6307 1547
6308 1547
6309 1547
6310 2201
6311 1547
6312 1547
6313 1547
6314 1547
6315 2521
6316 1547
6317 1660
6318 1547
6319 2489
6320 1547
6321 1547
6322 1547
6323 1547
6324 1547
6325 1547
6326 2047
6327 3204
6328 1547
6329 2017
6330 1547
6331 1586
6332 2976
6333 1547
6334 1547
6335 1547
6336 1547
6337 3199
6338 2760
6339 1547
6340 1547
6341 1547
6342 2581
6343 1547
6344 2234
6345 1547
6346 1547
6347 1726
6348 1547
6349 3155
6350 1547
6351 1907
6352 1547
6353 2086
6354 1547
6355 1547
6356 1547
6357 1547
6358 1547
6359 1547
6360 1547
6361 2418
6362 1547
6363 1547
6364 1547
6365 1547
6366 1547
6367 1908
6368 2238
6369 2950
6370 1551
6371 3281
6372 2999
6373 2804
6374 3063
6375 3030
6376 1560
6377 2457
6378 1698
6379 1560
6380 2009
6381 1562
6382 1562
6383 2888
6384 1563
6385 3022
6386 1564
6387 1565
6388 1566
6389 1567
6390 1569
6391 2520
6392 1574
6393 1574
6394 1574
6395 3238
6396 2666
6397 1578
6398 1581
6399 3132
6400 2242
6401 1583
6402 2233
6403 3136
6404 1585
6405 2251
6406 1585
6407 1585
6408 1585
6409 1938
6410 1585
6411 1585
6412 2200
6413 1745
6414 1623
6415 1590
6416 1590
6417 1958
6418 1591
6419 1591
6420 1591
6421 2734
6422 1591
6423 1612
6424 2882
6425 1591
6426 1740
6427 1591
6428 1591
6429 1874
6430 2701
6431 1591
6432 1591
6433 1794
6434 1591
6435 1591
6436 1591
6437 1915
6438 1591
6439 1591
6440 3156
6441 1592
6442 1592
6443 1592
6444 1594
6445 3202
6446 2412
6447 1594
6448 1618
6449 1594
6450 2880
6451 1595
6452 1596
6453 2379
6454 1599
6455 2260
6456 2398
6457 1599
6458 1599
6459 1599
6460 2311
6461 1599
6462 1599
6463 1599
6464 1599
6465 2113
6466 2791
6467 1602
6468 1967
6469 1602
6470 1603
6471 1603
6472 3074
6473 1603
6474 1603
6475 1749
6476 1603
6477 1603
6478 1603
6479 1603
6480 2852
6481 1603
6482 2518
6483 1603
6484 1603
6485 1603
6486 1948
6487 1603
6488 1603
6489 1603
6490 1603
6491 1603
6492 1603
6493 1603
6494 1603
6495 1603
6496 1603
6497 1603
6498 3231
6499 1603
6500 1603
6501 1603
6502 1603
6503 2944
6504 1603
6505 2716
6506 1603
6507 2372
6508 1604
6509 2157
6510 1608
6511 1609
6512 1609
6513 1611
6514 2442
6515 1611
6516 1611
6517 1611
6518 1611
6519 1612
6520 1614
6521 2840
6522 1618
6523 1620
6524 3242
6525 1621
6526 1621
6527 1624
6528 1624
6529 2818
6530 1624
6531 1626
6532 1626
6533 2190
6534 1627
6535 2121
6536 1627
6537 2482
6538 1627
6539 1627
6540 1627
6541 1627
6542 1630
6543 2458
6544 2786
6545 1788
6546 1633
6547 1634
6548 1634
6549 1636
6550 1636
6551 1636
6552 2945
6553 1637
6554 1637
6555 1637
6556 3111
6557 2816
6558 1639
6559 1639
6560 1742
6561 1643
6562 1758
6563 2425
6564 2500
6565 2868
6566 1646
6567 1646
6568 1652
6569 1652
6570 1652
6571 1655
6572 1656
6573 1657
6574 1658
6575 1658
6576 2753
6577 2570
6578 1707
6579 3141
6580 1659
6581 1659
6582 1659
6583 1871
6584 1659
6585 1659
6586 1659
6587 1659
6588 1671
6589 2171
6590 1662
6591 2801
6592 1665
6593 1665
6594 1665
6595 1665
6596 1665
6597 1665
6598 1666
6599 1666
6600 1666
6601 1668
6602 1669
6603 1669
6604 1669
6605 2391
6606 1669
6607 1669
6608 1670
6609 2301
6610 1670
6611 1670
6612 1670
6613 1670
6614 1670
6615 1672
6616 1674
6617 2847
6618 1674
6619 1675
6620 2000
6621 1675
6622 1814
6623 1682
6624 1683
6625 1683
6626 1684
6627 1684
6628 1684
6629 1684
6630 2936
6631 1684
6632 1688
6633 1688
6634 1689
6635 3192
6636 1689
6637 1690
6638 2265
6639 1691
6640 1695
6641 1697
6642 1698
6643 1700
6644 1701
6645 1701
6646 1704
6647 2099
6648 1704
6649 1704
6650 1705
6651 1705
6652 1705
6653 2321
6654 1706
6655 1706
6656 2048
6657 2284
6658 1715
6659 2511
6660 1715
6661 1719
6662 1719
6663 1719
6664 1719
6665 2560
6666 1719
6667 1719
6668 1719
6669 3169
6670 1719
6671 1721
6672 1721
6673 1724
6674 1724
6675 3117
6676 3070
6677 1727
6678 1728
6679 1729
6680 2028
6681 1731
6682 1731
6683 1731
6684 1731
6685 1731
6686 1731
6687 1731
6688 2317
6689 2264
6690 1731
6691 1731
6692 1731
6693 1731
6694 1731
6695 1731
6696 1731
6697 2074
6698 2725
6699 1731
6700 1731
6701 1731
6702 1920
6703 2971
6704 1731
6705 2544
6706 1731
6707 1731
6708 1731
6709 1731
6710 1731
6711 1731
6712 1731
6713 3275
6714 2669
6715 1753
6716 2776
6717 1741
6718 1731
6719 2366
6720 2217
6721 1731
6722 1731
6723 1762
6724 1731
6725 1731
6726 2766
6727 1731
6728 1731
6729 1731
6730 1731
6731 1731
6732 1731
6733 1731
6734 1731
6735 2119
6736 1731
6737 1733
6738 1733
6739 1734
6740 1734
6741 2754
6742 2681
6743 1787
6744 1734
6745 2624
6746 1737
6747 1737
6748 1740
6749 3198
6750 1741
6751 1921
6752 1743
6753 1866
6754 1744
6755 1744
6756 1879
6757 2677
6758 1744
6759 1744
6760 1744
6761 3166
6762 1845
6763 1744
6764 1886
6765 1744
6766 1746
6767 1746
6768 2305
6769 1746
6770 1746
6771 1746
6772 1746
6773 1746
6774 1746
6775 1746
6776 1746
6777 1746
6778 1747
6779 1750
6780 1750
6781 1750
6782 1791
6783 1750
6784 2569
6785 1750
6786 2541
6787 1751
6788 1752
6789 1752
6790 1752
6791 1752
6792 1752
6793 1752
6794 1752
6795 1752
6796 1752
6797 2411
6798 1752
6799 1752
6800 1873
6801 1752
6802 1752
6803 1752
6804 1752
6805 1752
6806 2606
6807 1752
6808 1752
6809 1752
6810 1752
6811 1752
6812 1752
6813 1752
6814 1753
6815 1753
6816 1753
6817 1753
6818 1753
6819 1753
6820 1753
6821 1756
6822 1756
6823 1757
6824 1757
6825 2012
6826 1757
6827 1757
6828 1757
6829 1757
6830 1757
6831 2337
6832 1758
6833 1758
6834 1763
6835 1764
6836 2444
6837 2142
6838 1764
6839 1766
6840 1766
6841 1769
6842 1769
6843 2724
6844 2925
6845 1771
6846 2966
6847 1771
6848 1771
6849 1773
6850 1774
6851 1774
6852 2288
6853 1775
6854 1775
6855 2473
6856 1775
6857 3223
6858 1775
6859 2437
6860 1777
6861 1778
6862 1778
6863 1778
6864 1778
6865 1778
6866 1779
6867 1779
6868 1781
6869 1781
6870 1781
6871 1932
6872 3112
6873 1781
6874 1952
6875 1781
6876 2858
6877 1781
6878 3158
6879 1786
6880 1786
6881 1787
6882 1787
6883 1787
6884 2192
6885 2917
6886 1790
6887 1790
6888 1790
6889 2040
6890 1790
6891 3221
6892 2013
6893 1790
6894 1791
6895 3082
6896 1791
6897 1791
6898 1791
6899 1791
6900 2010
6901 2005
6902 1791
6903 1793
6904 1858
6905 1794
6906 1973
6907 1795
6908 1795
6909 2665
6910 1798
6911 1798
6912 1798
6913 1799
6914 2631
6915 1800
6916 2531
6917 1801
6918 1801
6919 1806
6920 1806
6921 1806
6922 1808
6923 1808
6924 1808
6925 1808
6926 1809
6927 2534
6928 1811
6929 1811
6930 1811
6931 1822
6932 1811
6933 1813
6934 3057
6935 2154
6936 1814
6937 1814
6938 1818
6939 1818
6940 1818
6941 2110
6942 3235
6943 1819
6944 1819
6945 2654
6946 3191
6947 1993
6948 1819
6949 2830
6950 1819
6951 1819
6952 1823
6953 1824
6954 1824
6955 1824
6956 2965
6957 2289
6958 1834
6959 1835
6960 1835
6961 2294
6962 1835
6963 1836
6964 1857
6965 1842
6966 1844
6967 2943
6968 2236
6969 1850
6970 1852
6971 1852
6972 1852
6973 1852
6974 2364
6975 1852
6976 1852
6977 1852
6978 2215
6979 1852
6980 1852
6981 1852
6982 1984
6983 1959
6984 1854
6985 1860
6986 1863
6987 1864
6988 2140
6989 3084
6990 1868
6991 2400
6992 1869
6993 1982
6994 1869
6995 2688
6996 1869
6997 2137
6998 3140
6999 1879
7000 1879
7001 2239
7002 1879
7003 3102
7004 2133
7005 1880
7006 1881
7007 1881
7008 1881
7009 1883
7010 2613
7011 1884
7012 2718
7013 1884
7014 2920
7015 1884
7016 1886
7017 1886
7018 1886
7019 1886
7020 1886
7021 1886
7022 2078
7023 2728
7024 1888
7025 1892
7026 1892
7027 1892
7028 3257
7029 1892
7030 1892
7031 1892
7032 1892
7033 1892
7034 1892
7035 1892
7036 1892
7037 1892
7038 1892
7039 1893
7040 1893
7041 1893
7042 1893
7043 1894
7044 1894
7045 1896
7046 1896
7047 1896
7048 1896
7049 1896
7050 1896
7051 1896
7052 1896
7053 1897
7054 1898
7055 1898
7056 1900
7057 2714
7058 1900
7059 2134
7060 2537
7061 1901
7062 1908
7063 1908
7064 2452
7065 1913
7066 2435
7067 1914
7068 1916
7069 1917
7070 1917
7071 2471
7072 1917
7073 3180
7074 1917
7075 3148
7076 2664
7077 1924
7078 1924
7079 1924
7080 1924
7081 1924
7082 2279
7083 3256
7084 1928
7085 3107
7086 1930
7087 1931
7088 1931
7089 1931
7090 1931
7091 1931
7092 2224
7093 1931
7094 1931
7095 1931
7096 1931
7097 2365
7098 1931
7099 1931
7100 2385
7101 1931
7102 1931
7103 2905
7104 1931
7105 1931
7106 3190
7107 1934
7108 1934
7109 2749
7110 1935
7111 1935
7112 2476
7113 1935
7114 2485
7115 1935
7116 1939
7117 1939
7118 1941
7119 2678
7120 1951
7121 2440
7122 2362
7123 2550
7124 1943
7125 1943
7126 1943
7127 1943
7128 1943
7129 1944
7130 1944
7131 2383
7132 2495
7133 3137
7134 1947
7135 2645
7136 1952
7137 1952
7138 1952
7139 1952
7140 3131
7141 3073
7142 1952
7143 1952
7144 1954
7145 1954
7146 1956
7147 1956
7148 1956
7149 1956
7150 1957
7151 1957
7152 2513
7153 1957
7154 1965
7155 1966
7156 1967
7157 2702
7158 1971
7159 2396
7160 2341
7161 1974
7162 1976
7163 1976
7164 1976
7165 1976
7166 1976
7167 2344
7168 1980
7169 1980
7170 1981
7171 1982
7172 1983
7173 1984
7174 2750
7175 1988
7176 1988
7177 2659
7178 1988
7179 1988
7180 2100
7181 1988
7182 1994
7183 1994
7184 1994
7185 1994
7186 1994
7187 2106
7188 3048
7189 1995
7190 1995
7191 1995
7192 1995
7193 1995
7194 1995
7195 1995
7196 1995
7197 2612
7198 1998
7199 2168
7200 2839
7201 1999
7202 1999
7203 2001
7204 2001
7205 2929
7206 2003
7207 2543
7208 2003
7209 2003
7210 2003
7211 2003
7212 2996
7213 2962
7214 2003
7215 2003
7216 2004
7217 2004
7218 2202
7219 2005
7220 2497
7221 2006
7222 2007
7223 3062
7224 3172
7225 2009
7226 2011
7227 2763
7228 2011
7229 2012
7230 2013
7231 2014
7232 2015
7233 2016
7234 2016
7235 2016
7236 2139
7237 2261
7238 2016
7239 2016
7240 2016
7241 2016
7242 2058
7243 2103
7244 2530
7245 2016
7246 2016
7247 2016
7248 2016
7249 2016
7250 2016
7251 2892
7252 2016
7253 2016
7254 2016
7255 2223
7256 2096
7257 2016
7258 3110
7259 2016
7260 2016
7261 2016
7262 2016
7263 2016
7264 2016
7265 2016
7266 2016
7267 2332
7268 2016
7269 2016
7270 2016
7271 2588
7272 2016
7273 2016
7274 2061
7275 2016
7276 2016
7277 2016
7278 2016
7279 2016
7280 2016
7281 2016
7282 2016
7283 2016
7284 2016
7285 2016
7286 2556
7287 2016
7288 2016
7289 2016
7290 2016
7291 2016
7292 2016
7293 2016
7294 2673
7295 2789
7296 2946
7297 2016
7298 2016
7299 2016
7300 2016
7301 2016
7302 2016
7303 2016
7304 2016
7305 2016
7306 2016
7307 2016
7308 2016
7309 2538
7310 2016
7311 2016
7312 2619
7313 2016
7314 2016
7315 2793
7316 2016
7317 2016
7318 2016
7319 2016
7320 2016
7321 2016
7322 2016
7323 2016
7324 2016
7325 2016
7326 2016
7327 2016
7328 2282
7329 2016
7330 2016
7331 2136
7332 2016
7333 2016
7334 2016
7335 2016
7336 2016
7337 2016
7338 2016
7339 2016
7340 2806
7341 2016
7342 2016
7343 2016
7344 2016
7345 2016
7346 2016
7347 2016
7348 2016
7349 2167
7350 2020
7351 2529
7352 2023
7353 2024
7354 2024
7355 2024
7356 2024
7357 2026
7358 2027
7359 2028
7360 2030
7361 2030
7362 3020
7363 2177
7364 2035
7365 2038
7366 2040
7367 2643
7368 2042
7369 2043
7370 2043
7371 2047
7372 2048
7373 2049
7374 3259
7375 2049
7376 2049
7377 3252
7378 2049
7379 2049
7380 2049
7381 3067
7382 2915
7383 2052
7384 2052
7385 2052
7386 2054
7387 2919
7388 2054
7389 2056
7390 2459
7391 2056
7392 2057
7393 2057
7394 2057
7395 2059
7396 2063
7397 3247
7398 2063
7399 2063
7400 2063
7401 2063
7402 2063
7403 2063
7404 2063
7405 2065
7406 2128
7407 2065
7408 3055
7409 2065
7410 2496
7411 2065
7412 2065
7413 2554
7414 2649
7415 2070
7416 2072
7417 2748
7418 2773
7419 2204
7420 3225
7421 2073
7422 2302
7423 2410
7424 2073
7425 2073
7426 2073
7427 2073
7428 2073
7429 2395
7430 2073
7431 2075
7432 2505
7433 2075
7434 2075
7435 2075
7436 2075
7437 2076
7438 2961
7439 2076
7440 2076
7441 2076
7442 2076
7443 2076
7444 2078
7445 2078
7446 3058
7447 2392
7448 2078
7449 3168
7450 2141
7451 2082
7452 2318
7453 2526
7454 2082
7455 2085
7456 2085
7457 2086
7458 3250
7459 2650
7460 2088
7461 2088
7462 3133
7463 2088
7464 2088
7465 2938
7466 2088
7467 2090
7468 2093
7469 2093
7470 2150
7471 2515
7472 2094
7473 3284
7474 2522
7475 2095
7476 2095
7477 2095
7478 2095
7479 2095
7480 2095
7481 2146
7482 2096
7483 2096
7484 2096
7485 2096
7486 2096
7487 2098
7488 2098
7489 2098
7490 2120
7491 2179
7492 2098
7493 2098
7494 2098
7495 2098
7496 2098
7497 2098
7498 2283
7499 2098
7500 3130
7501 2098
7502 2098
7503 2514
7504 2098
7505 2098
7506 2098
7507 2098
7508 2098
7509 2098
7510 2098
7511 2098
7512 2100
7513 2100
7514 2101
7515 2103
7516 2103
7517 2103
7518 2964
7519 2105
7520 2427
7521 2105
7522 2105
7523 3224
7524 2112
7525 2112
7526 2112
7527 2112
7528 2112
7529 2112
7530 2347
7531 2112
7532 2319
7533 2590
7534 2752
7535 2127
7536 2128
7537 2130
7538 2602
7539 2133
7540 2134
7541 2134
7542 2134
7543 2134
7544 2135
7545 2135
7546 2135
7547 2138
7548 2139
7549 2140
7550 2140
7551 2140
7552 2140
7553 2144
7554 2354
7555 2661
7556 2143
7557 2144
7558 2144
7559 2144
7560 2144
7561 2144
7562 2145
7563 2146
7564 2146
7565 2146
7566 2146
7567 2146
7568 2533
7569 2146
7570 2146
7571 2146
7572 2147
7573 2147
7574 2147
7575 2148
7576 2148
7577 2150
7578 2151
7579 2151
7580 2151
7581 2151
7582 2151
7583 2151
7584 2151
7585 2968
7586 2151
7587 2151
7588 2151
7589 2151
7590 2151
7591 2151
7592 3118
7593 2151
7594 2151
7595 2151
7596 2151
7597 2151
7598 2151
7599 3127
7600 2151
7601 2151
7602 2151
7603 2151
7604 2745
7605 2151
7606 2151
7607 2151
7608 2151
7609 2486
7610 2151
7611 2151
7612 2151
7613 2571
7614 2151
7615 2151
7616 2151
7617 2151
7618 2151
7619 2331
7620 2151
7621 2153
7622 2156
7623 2156
7624 2161
7625 2161
7626 2161
7627 2161
7628 2161
7629 2162
7630 2164
7631 2164
7632 2164
7633 2164
7634 2348
7635 2164
7636 3135
7637 2164
7638 2164
7639 2164
7640 3049
7641 3286
7642 2166
7643 2167
7644 2167
7645 2167
7646 2167
7647 2167
7648 3018
7649 2173
7650 2173
7651 2178
7652 2178
7653 2181
7654 2876
7655 2181
7656 2181
7657 2182
7658 2185
7659 2186
7660 2187
7661 2190
7662 2190
7663 2199
7664 2190
7665 2190
7666 2190
7667 2190
7668 2764
7669 2190
7670 2192
7671 2193
7672 2193
7673 2193
7674 2193
7675 2194
7676 2196
7677 2198
7678 2200
7679 2200
7680 3027
7681 2200
7682 2200
7683 2204
7684 2204
7685 2206
7686 3265
7687 2296
7688 2208
7689 2208
7690 2208
7691 2208
7692 2208
7693 2506
7694 2208
7695 2208
7696 2208
7697 2508
7698 2682
7699 2838
7700 2208
7701 2208
7702 3154
7703 2208
7704 2208
7705 2208
7706 2208
7707 2208
7708 2210
7709 2210
7710 2210
7711 2211
7712 2211
7713 2212
7714 2212
7715 3036
7716 2384
7717 2212
7718 2212
7719 2212
7720 2212
7721 2212
7722 2212
7723 2985
7724 2212
7725 2212
7726 2212
7727 2212
7728 2212
7729 2213
7730 2215
7731 2215
7732 2215
7733 2320
7734 2218
7735 2218
7736 2218
7737 2218
7738 2219
7739 2219
7740 2219
7741 2439
7742 2219
7743 2219
7744 2219
7745 2316
7746 2248
7747 2219
7748 2219
7749 2219
7750 2219
7751 2219
7752 3091
7753 2219
7754 2219
7755 3138
7756 2222
7757 2223
7758 3095
7759 2223
7760 2223
7761 2223
7762 2223
7763 2223
7764 2223
7765 2223
7766 2803
7767 2224
7768 2433
7769 2224
7770 2746
7771 2224
7772 2224
7773 2224
7774 2695
7775 2227
7776 2229
7777 2229
7778 2231
7779 2336
7780 2232
7781 2233
7782 2233
7783 2233
7784 2233
7785 2233
7786 2233
7787 2233
7788 2233
7789 2233
7790 2233
7791 2233
7792 2873
7793 3227
7794 2233
7795 2233
7796 2233
7797 2233
7798 2233
7799 2237
7800 2237
7801 2238
7802 2243
7803 2243
7804 2244
7805 2244
7806 2561
7807 2323
7808 2244
7809 2244
7810 2263
7811 2244
7812 2244
7813 2244
7814 2246
7815 2246
7816 2246
7817 2246
7818 2247
7819 2248
7820 2248
7821 3120
7822 2407
7823 2251
7824 3278
7825 3189
7826 2255
7827 2475
7828 2687
7829 2259
7830 2260
7831 2260
7832 2260
7833 2260
7834 2260
7835 2260
7836 2260
7837 2260
7838 2260
7839 2260
7840 2262
7841 2262
7842 3146
7843 2262
7844 2262
7845 2262
7846 2262
7847 2262
7848 2262
7849 2262
7850 2262
7851 2262
7852 2262
7853 2263
7854 2263
7855 2265
7856 2265
7857 2265
7858 2265
7859 2268
7860 2604
7861 2271
7862 2271
7863 2271
7864 2272
7865 2272
7866 2272
7867 2421
7868 3096
7869 2274
7870 2275
7871 2275
7872 2275
7873 2275
7874 2275
7875 2275
7876 2275
7877 2275
7878 2969
7879 2277
7880 2278
7881 2278
7882 2279
7883 2279
7884 2279
7885 2279
7886 2279
7887 2280
7888 2281
7889 2282
7890 2282
7891 2282
7892 2282
7893 2282
7894 2547
7895 2989
7896 2994
7897 2282
7898 2282
7899 2282
7900 2283
7901 2283
7902 2636
7903 3109
7904 2283
7905 2285
7906 2286
7907 2286
7908 2293
7909 2293
7910 2293
7911 2417
7912 2294
7913 2993
7914 2294
7915 2296
7916 2296
7917 2296
7918 2297
7919 2755
7920 2300
7921 2300
7922 2300
7923 2527
7924 2300
7925 2302
7926 2303
7927 2304
7928 2309
7929 2309
7930 2310
7931 2313
7932 2313
7933 2313
7934 2708
7935 2313
7936 2313
7937 3206
7938 2501
7939 3273
7940 2319
7941 2319
7942 2319
7943 2322
7944 2324
7945 2369
7946 2324
7947 2324
7948 2324
7949 2324
7950 2324
7951 2324
7952 2325
7953 2325
7954 2326
7955 2326
7956 3145
7957 2327
7958 2327
7959 2327
7960 2327
7961 2327
7962 3041
7963 2329
7964 2329
7965 2330
7966 3214
7967 2343
7968 2331
7969 2331
7970 2331
7971 2331
7972 2331
7973 2331
7974 2331
7975 2331
7976 2331
7977 2331
7978 2694
7979 2332
7980 2885
7981 2332
7982 2332
7983 2333
7984 2370
7985 2333
7986 2333
7987 2333
7988 2336
7989 2338
7990 2339
7991 3100
7992 2540
7993 2342
7994 2342
7995 2342
7996 2342
7997 2342
7998 2342
7999 2342
8000 2622
8001 2344
8002 2344
8003 3068
8004 2344
8005 2344
8006 2344
8007 2344
8008 2344
8009 2344
8010 2703
8011 2344
8012 2344
8013 2756
8014 2346
8015 2347
8016 2347
8017 3295
8018 2349
8019 2349
8020 2351
8021 2352
8022 2353
8023 2353
8024 2353
8025 3086
8026 2684
8027 2353
8028 2353
8029 2353
8030 2356
8031 2356
8032 2356
8033 2356
8034 2360
8035 2360
8036 2494
8037 2360
8038 2360
8039 2360
8040 2360
8041 2360
8042 2909
8043 2361
8044 2361
8045 2361
8046 2361
8047 2361
8048 2361
8049 2361
8050 2361
8051 2361
8052 2361
8053 2729
8054 2787
8055 2517
8056 2365
8057 2365
8058 2366
8059 2366
8060 2366
8061 2368
8062 2368
8063 2368
8064 3078
8065 2371
8066 2371
8067 2371
8068 2374
8069 2374
8070 2377
8071 2377
8072 2378
8073 2426
8074 2378
8075 2926
8076 2381
8077 2382
8078 2382
8079 2382
8080 2382
8081 2382
8082 2384
8083 2385
8084 2385
8085 2387
8086 2387
8087 2389
8088 2389
8089 2393
8090 2393
8091 2414
8092 2393
8093 2393
8094 2393
8095 2393
8096 2393
8097 2397
8098 2397
8099 2397
8100 2397
8101 2398
8102 2903
8103 2401
8104 2910
8105 2410
8106 2410
8107 2410
8108 2410
8109 2410
8110 2410
8111 2411
8112 2418
8113 2418
8114 2418
8115 2419
8116 2421
8117 2422
8118 2422
8119 2424
8120 2430
8121 2432
8122 2432
8123 2432
8124 2434
8125 2438
8126 2438
8127 2438
8128 2438
8129 2439
8130 2439
8131 2441
8132 2441
8133 2442
8134 2443
8135 2443
8136 2443
8137 2443
8138 2443
8139 2443
8140 2443
8141 2990
8142 2447
8143 2447
8144 2447
8145 2448
8146 2454
8147 3056
8148 2454
8149 2455
8150 2455
8151 2455
8152 2455
8153 2455
8154 2455
8155 2455
8156 2455
8157 2455
8158 2455
8159 2455
8160 2455
8161 2455
8162 2743
8163 2455
8164 2455
8165 2455
8166 2455
8167 2455
8168 2455
8169 2455
8170 2455
8171 2455
8172 2455
8173 2455
8174 2877
8175 2455
8176 2455
8177 2455
8178 2455
8179 2455
8180 2455
8181 2455
8182 2912
8183 2455
8184 2455
8185 2455
8186 2455
8187 2455
8188 2457
8189 2457
8190 2457
8191 2458
8192 2458
8193 2458
8194 2463
8195 2881
8196 2463
8197 2463
8198 2463
8199 2463
8200 2468
8201 2468
8202 2468
8203 2468
8204 2468
8205 2468
8206 2468
8207 2478
8208 2468
8209 2468
8210 2468
8211 2468
8212 2468
8213 2469
8214 2470
8215 2470
8216 2470
8217 2470
8218 2472
8219 2474
8220 2476
8221 2476
8222 2476
8223 2476
8224 2476
8225 2476
8226 2476
8227 2476
8228 2476
8229 2476
8230 2476
8231 2476
8232 2476
8233 2476
8234 2476
8235 2476
8236 2476
8237 2476
8238 2476
8239 2476
8240 2476
8241 2476
8242 2476
8243 2476
8244 2476
8245 2476
8246 2478
8247 2478
8248 2482
8249 2483
8250 2483
8251 2484
8252 2484
8253 2487
8254 2488
8255 2490
8256 2490
8257 2492
8258 2492
8259 2496
8260 2497
8261 2500
8262 2501
8263 2501
8264 2501
8265 2501
8266 2895
8267 2501
8268 2501
8269 2501
8270 2503
8271 2506
8272 2506
8273 3179
8274 2506
8275 2511
8276 2511
8277 2511
8278 2511
8279 2511
8280 2511
8281 2512
8282 2512
8283 2535
8284 2512
8285 2512
8286 3075
8287 2514
8288 2514
8289 2514
8290 2519
8291 2523
8292 2523
8293 2523
8294 2523
8295 3209
8296 2523
8297 2795
8298 2523
8299 2523
8300 2523
8301 2524
8302 2524
8303 2526
8304 2527
8305 2527
8306 2527
8307 2529
8308 2531
8309 2532
8310 2532
8311 2532
8312 2532
8313 2532
8314 2535
8315 2535
8316 2535
8317 2535
8318 2535
8319 2535
8320 3004
8321 2535
8322 2535
8323 2535
8324 2535
8325 2738
8326 2535
8327 2536
8328 2536
8329 2536
8330 2537
8331 2537
8332 2784
8333 2537
8334 2538
8335 2539
8336 2539
8337 2539
8338 2540
8339 2541
8340 2541
8341 3094
8342 2543
8343 2544
8344 2544
8345 2547
8346 2547
8347 2548
8348 2548
8349 2548
8350 2549
8351 2550
8352 2899
8353 2550
8354 2550
8355 2550
8356 2550
8357 2551
8358 2554
8359 2554
8360 2620
8361 3051
8362 2555
8363 2555
8364 2556
8365 2646
8366 2556
8367 2556
8368 2556
8369 2556
8370 2556
8371 2557
8372 2557
8373 2559
8374 2559
8375 2836
8376 2562
8377 2562
8378 2562
8379 2564
8380 2564
8381 2564
8382 2564
8383 2564
8384 2584
8385 2564
8386 2564
8387 2564
8388 2564
8389 2564
8390 2564
8391 2564
8392 2564
8393 2662
8394 2942
8395 2564
8396 2564
8397 2564
8398 2693
8399 2564
8400 2564
8401 2603
8402 2564
8403 2564
8404 2774
8405 2564
8406 2564
8407 2564
8408 2564
8409 2564
8410 2564
8411 2564
8412 2567
8413 2567
8414 2567
8415 2567
8416 2567
8417 2569
8418 2572
8419 2572
8420 2572
8421 2572
8422 2572
8423 2572
8424 2940
8425 2930
8426 2572
8427 2572
8428 2572
8429 2572
8430 2572
8431 2572
8432 2572
8433 2572
8434 2572
8435 2572
8436 3165
8437 2572
8438 2572
8439 2572
8440 2572
8441 2572
8442 2572
8443 2913
8444 2572
8445 2572
8446 2572
8447 2572
8448 2815
8449 2572
8450 2572
8451 2572
8452 2572
8453 2572
8454 2572
8455 2572
8456 3266
8457 2572
8458 2572
8459 2572
8460 2572
8461 2955
8462 2572
8463 2572
8464 2572
8465 2572
8466 2572
8467 2572
8468 2572
8469 2572
8470 2572
8471 2572
8472 2572
8473 2572
8474 2572
8475 2572
8476 2572
8477 2578
8478 2578
8479 2580
8480 2587
8481 2587
8482 2761
8483 2587
8484 3267
8485 2874
8486 2869
8487 2588
8488 2588
8489 2588
8490 2588
8491 2589
8492 2590
8493 2590
8494 2590
8495 2590
8496 2590
8497 2590
8498 2593
8499 2638
8500 2941
8501 2598
8502 2601
8503 2601
8504 2601
8505 2603
8506 2609
8507 2609
8508 2609
8509 2610
8510 3028
8511 2614
8512 2614
8513 2614
8514 2614
8515 2614
8516 2614
8517 2614
8518 2616
8519 2618
8520 2623
8521 2623
8522 2623
8523 2817
8524 2792
8525 2627
8526 2627
8527 2628
8528 2628
8529 2628
8530 2628
8531 2628
8532 2630
8533 3029
8534 2630
8535 2630
8536 2631
8537 2636
8538 2636
8539 2639
8540 2640
8541 2640
8542 2640
8543 2641
8544 2641
8545 2642
8546 2642
8547 2642
8548 2824
8549 2644
8550 2644
8551 2644
8552 2644
8553 3001
8554 2645
8555 3173
8556 2645
8557 2645
8558 2645
8559 2645
8560 2645
8561 2645
8562 2645
8563 2645
8564 2645
8565 2645
8566 2911
8567 3092
8568 2650
8569 2652
8570 2652
8571 2652
8572 2652
8573 2657
8574 2657
8575 2657
8576 2658
8577 2659
8578 2659
8579 2659
8580 2659
8581 2659
8582 2661
8583 2661
8584 2661
8585 2661
8586 2663
8587 2666
8588 2666
8589 2666
8590 2666
8591 2666
8592 2668
8593 2669
8594 2670
8595 2670
8596 2670
8597 2671
8598 2673
8599 2673
8600 2673
8601 2673
8602 2673
8603 2673
8604 2673
8605 2673
8606 2673
8607 2673
8608 2673
8609 2673
8610 2673
8611 2673
8612 3258
8613 2677
8614 2677
8615 2678
8616 2679
8617 2679
8618 2679
8619 2679
8620 2679
8621 2679
8622 2679
8623 2865
8624 2679
8625 2679
8626 2679
8627 2679
8628 2679
8629 2679
8630 2679
8631 2679
8632 2679
8633 2679
8634 2851
8635 2679
8636 2679
8637 2679
8638 2679
8639 2679
8640 2679
8641 2679
8642 3185
8643 2679
8644 2679
8645 2679
8646 2679
8647 2679
8648 3195
8649 2679
8650 2679
8651 2679
8652 2679
8653 2679
8654 2679
8655 2679
8656 2679
8657 2679
8658 2679
8659 2681
8660 2682
8661 2682
8662 2684
8663 2685
8664 2686
8665 2686
8666 2686
8667 2686
8668 2686
8669 2692
8670 2686
8671 2686
8672 2686
8673 2686
8674 2687
8675 2687
8676 2687
8677 2688
8678 2688
8679 2688
8680 2688
8681 2924
8682 2688
8683 2692
8684 2692
8685 2692
8686 2692
8687 2692
8688 2693
8689 2694
8690 2694
8691 2694
8692 2694
8693 2694
8694 2694
8695 2694
8696 2694
8697 2694
8698 2694
8699 2697
8700 2697
8701 2697
8702 2703
8703 2703
8704 2703
8705 2703
8706 2703
8707 2703
8708 2703
8709 2703
8710 2703
8711 2703
8712 2703
8713 2703
8714 2707
8715 2707
8716 2901
8717 2707
8718 2708
8719 3023
8720 2708
8721 2708
8722 2708
8723 2708
8724 2708
8725 3069
8726 2709
8727 2711
8728 2713
8729 2714
8730 2714
8731 2714
8732 2714
8733 2717
8734 2717
8735 2717
8736 2717
8737 2717
8738 2717
8739 2717
8740 2717
8741 2718
8742 2721
8743 3072
8744 2721
8745 2721
8746 2721
8747 2722
8748 2722
8749 2725
8750 2725
8751 2729
8752 2729
8753 2928
8754 2729
8755 2729
8756 2729
8757 2729
8758 2729
8759 2729
8760 2729
8761 2729
8762 2729
8763 2729
8764 2729
8765 3216
8766 2729
8767 2729
8768 2729
8769 2729
8770 2729
8771 2729
8772 2729
8773 2729
8774 2729
8775 2729
8776 2729
8777 2729
8778 2729
8779 2729
8780 2729
8781 2729
8782 2729
8783 2729
8784 2729
8785 2729
8786 2729
8787 2814
8788 2729
8789 2729
8790 2729
8791 2729
8792 2729
8793 2729
8794 2729
8795 2729
8796 2736
8797 2736
8798 2736
8799 2736
8800 2736
8801 2736
8802 2736
8803 2736
8804 2736
8805 2736
8806 2736
8807 2736
8808 2736
8809 3279
8810 2736
8811 2736
8812 2736
8813 2736
8814 2736
8815 2736
8816 3187
8817 2736
8818 2736
8819 2736
8820 2736
8821 2736
8822 2736
8823 2736
8824 2736
8825 2736
8826 2736
8827 2736
8828 2977
8829 2736
8830 2736
8831 2737
8832 2737
8833 2737
8834 2737
8835 2737
8836 2737
8837 2737
8838 2737
8839 2738
8840 2739
8841 3032
8842 2740
8843 2740
8844 2740
8845 2740
8846 2744
8847 2745
8848 2745
8849 2745
8850 2745
8851 2747
8852 2747
8853 2747
8854 2747
8855 2747
8856 2747
8857 2747
8858 2747
8859 2747
8860 2747
8861 2747
8862 2747
8863 2747
8864 2747
8865 2747
8866 2747
8867 2904
8868 2747
8869 2747
8870 2747
8871 2748
8872 2749
8873 2749
8874 2749
8875 2749
8876 2751
8877 2754
8878 2812
8879 2754
8880 2754
8881 2754
8882 2759
8883 2819
8884 2759
8885 2759
8886 2762
8887 2762
8888 2764
8889 2764
8890 2764
8891 2764
8892 2764
8893 2764
8894 2764
8895 2764
8896 2764
8897 2764
8898 2764
8899 2764
8900 2764
8901 2765
8902 2765
8903 2765
8904 2765
8905 3087
8906 2766
8907 2766
8908 2769
8909 2766
8910 3197
8911 2766
8912 2766
8913 2767
8914 2770
8915 2770
8916 3248
8917 2770
8918 2988
8919 2771
8920 2774
8921 2774
8922 2777
8923 2777
8924 2778
8925 2780
8926 2781
8927 2782
8928 2783
8929 2783
8930 2784
8931 2788
8932 2788
8933 2788
8934 2789
8935 2790
8936 2790
8937 2790
8938 2790
8939 2790
8940 2792
8941 2793
8942 2793
8943 2793
8944 2793
8945 2793
8946 2793
8947 2793
8948 2793
8949 2796
8950 2796
8951 2796
8952 2796
8953 2797
8954 2800
8955 2800
8956 2801
8957 2802
8958 2803
8959 2982
8960 2803
8961 2803
8962 2803
8963 2805
8964 2806
8965 2806
8966 2806
8967 2806
8968 2806
8969 2806
8970 2806
8971 2806
8972 2806
8973 2980
8974 2806
8975 2806
8976 2806
8977 2806
8978 2806
8979 2806
8980 2806
8981 2806
8982 2886
8983 2809
8984 2809
8985 2809
8986 2810
8987 2812
8988 2813
8989 2813
8990 2813
8991 2813
8992 2814
8993 2814
8994 2815
8995 2817
8996 2818
8997 2820
8998 2821
8999 2821
9000 2821
9001 2821
9002 2821
9003 2821
9004 2821
9005 2821
9006 2855
9007 2821
9008 2821
9009 2822
9010 2822
9011 2822
9012 2822
9013 2824
9014 2824
9015 3116
9016 2824
9017 2824
9018 2824
9019 2897
9020 2828
9021 2830
9022 2832
9023 3088
9024 2833
9025 2833
9026 3021
9027 2835
9028 2835
9029 3076
9030 2838
9031 2841
9032 2842
9033 2843
9034 2843
9035 2843
9036 2843
9037 2844
9038 2844
9039 2844
9040 2844
9041 2850
9042 2844
9043 2844
9044 2844
9045 2844
9046 2844
9047 2844
9048 2921
9049 2844
9050 2844
9051 2844
9052 3263
9053 2845
9054 2845
9055 2847
9056 2847
9057 2847
9058 2847
9059 2847
9060 2847
9061 2847
9062 2847
9063 2850
9064 2850
9065 2850
9066 2850
9067 2851
9068 2853
9069 2853
9070 2856
9071 2856
9072 2858
9073 2858
9074 2860
9075 2863
9076 2863
9077 2863
9078 2863
9079 2863
9080 2863
9081 2863
9082 2865
9083 2865
9084 2865
9085 2865
9086 2870
9087 2872
9088 2872
9089 2874
9090 2874
9091 2874
9092 2874
9093 2874
9094 2874
9095 2875
9096 2881
9097 2882
9098 2884
9099 2884
9100 2884
9101 3222
9102 2885
9103 2885
9104 2885
9105 2886
9106 2886
9107 2886
9108 2887
9109 2887
9110 2888
9111 2888
9112 2888
9113 2888
9114 2888
9115 2888
9116 2888
9117 2889
9118 2891
9119 2892
9120 2892
9121 2892
9122 3230
9123 2893
9124 2894
9125 2894
9126 2896
9127 2896
9128 3006
9129 3207
9130 2898
9131 2899
9132 2901
9133 2901
9134 2902
9135 2902
9136 2902
9137 2902
9138 2903
9139 2903
9140 2903
9141 2903
9142 2907
9143 3176
9144 2908
9145 2910
9146 2910
9147 2910
9148 2910
9149 2910
9150 2911
9151 2912
9152 2913
9153 2913
9154 2913
9155 3005
9156 3000
9157 2913
9158 2913
9159 3194
9160 2917
9161 2918
9162 2920
9163 2920
9164 2920
9165 2920
9166 2920
9167 2920
9168 2923
9169 2923
9170 2923
9171 2923
9172 2923
9173 2923
9174 2923
9175 3218
9176 2923
9177 2923
9178 2923
9179 2923
9180 2923
9181 2923
9182 3093
9183 2923
9184 2923
9185 2923
9186 2923
9187 2923
9188 2923
9189 2923
9190 2923
9191 2923
9192 2923
9193 2923
9194 2923
9195 2923
9196 3042
9197 2923
9198 2923
9199 2923
9200 2923
9201 2923
9202 2923
9203 2924
9204 2924
9205 2926
9206 2926
9207 2926
9208 2926
9209 2926
9210 2926
9211 2926
9212 2926
9213 2926
9214 2926
9215 2926
9216 2926
9217 2926
9218 2926
9219 2926
9220 2926
9221 2929
9222 2930
9223 2930
9224 2930
9225 2930
9226 2930
9227 2930
9228 2930
9229 2930
9230 2930
9231 2930
9232 2930
9233 2930
9234 2930
9235 2930
9236 2930
9237 2930
9238 2930
9239 2931
9240 2934
9241 2934
9242 3071
9243 2934
9244 2936
9245 2936
9246 3015
9247 2936
9248 2936
9249 2937
9250 2937
9251 2937
9252 2937
9253 2937
9254 2937
9255 2937
9256 2937
9257 2937
9258 2937
9259 2937
9260 2937
9261 2937
9262 2937
9263 2937
9264 2937
9265 2937
9266 2937
9267 2937
9268 2938
9269 2938
9270 2938
9271 2939
9272 3203
9273 2940
9274 2940
9275 2942
9276 2942
9277 2942
9278 2942
9279 2944
9280 2945
9281 2946
9282 2946
9283 2946
9284 2946
9285 2946
9286 2948
9287 2948
9288 2948
9289 2948
9290 2948
9291 2955
9292 2955
9293 2955
9294 2957
9295 2957
9296 2957
9297 2957
9298 2961
9299 2961
9300 2964
9301 3016
9302 2964
9303 2965
9304 2965
9305 2965
9306 2965
9307 2965
9308 2965
9309 2965
9310 2966
9311 2966
9312 2966
9313 2966
9314 2966
9315 2966
9316 2966
9317 3089
9318 2966
9319 2966
9320 2966
9321 2966
9322 2966
9323 2967
9324 2967
9325 2967
9326 2967
9327 2967
9328 2967
9329 2967
9330 2967
9331 2967
9332 2967
9333 2967
9334 2973
9335 2975
9336 2975
9337 2975
9338 2975
9339 2975
9340 2975
9341 2976
9342 2977
9343 2977
9344 2978
9345 2978
9346 3236
9347 2979
9348 3142
9349 2979
9350 2979
9351 2979
9352 2979
9353 2984
9354 2984
9355 2984
9356 2984
9357 2984
9358 2984
9359 2984
9360 3160
9361 2985
9362 3126
9363 2985
9364 2985
9365 2985
9366 2985
9367 2985
9368 2986
9369 2986
9370 2986
9371 2986
9372 2986
9373 2988
9374 2990
9375 2990
9376 2990
9377 2990
9378 2990
9379 2990
9380 2990
9381 2990
9382 2990
9383 2990
9384 2990
9385 2990
9386 2990
9387 2990
9388 2990
9389 2990
9390 2990
9391 2990
9392 2990
9393 2990
9394 2990
9395 2990
9396 2991
9397 2991
9398 2991
9399 2991
9400 2991
9401 2991
9402 2991
9403 2992
9404 2993
9405 2995
9406 3125
9407 3001
9408 3001
9409 3001
9410 3001
9411 3001
9412 3001
9413 3001
9414 3001
9415 3001
9416 3004
9417 3171
9418 3006
9419 3008
9420 3012
9421 3014
9422 3014
9423 3016
9424 3016
9425 3016
9426 3016
9427 3016
9428 3016
9429 3016
9430 3016
9431 3016
9432 3016
9433 3016
9434 3016
9435 3022
9436 3022
9437 3022
9438 3024
9439 3024
9440 3025
9441 3025
9442 3025
9443 3025
9444 3025
9445 3025
9446 3025
9447 3025
9448 3025
9449 3025
9450 3025
9451 3025
9452 3025
9453 3025
9454 3025
9455 3025
9456 3027
9457 3027
9458 3028
9459 3028
9460 3030
9461 3031
9462 3033
9463 3039
9464 3039
9465 3039
9466 3039
9467 3039
9468 3039
9469 3039
9470 3039
9471 3039
9472 3039
9473 3039
9474 3039
9475 3039
9476 3039
9477 3039
9478 3039
9479 3039
9480 3039
9481 3039
9482 3039
9483 3039
9484 3039
9485 3039
9486 3039
9487 3039
9488 3039
9489 3039
9490 3039
9491 3039
9492 3042
9493 3042
9494 3042
9495 3042
9496 3045
9497 3045
9498 3045
9499 3045
9500 3045
9501 3045
9502 3212
9503 3045
9504 3045
9505 3045
9506 3046
9507 3046
9508 3046
9509 3051
9510 3052
9511 3053
9512 3055
9513 3055
9514 3055
9515 3055
9516 3055
9517 3055
9518 3055
9519 3055
9520 3055
9521 3057
9522 3057
9523 3060
9524 3062
9525 3062
9526 3062
9527 3062
9528 3063
9529 3063
9530 3063
9531 3064
9532 3064
9533 3064
9534 3064
9535 3064
9536 3064
9537 3064
9538 3064
9539 3064
9540 3064
9541 3064
9542 3064
9543 3064
9544 3064
9545 3064
9546 3064
9547 3064
9548 3064
9549 3064
9550 3064
9551 3064
9552 3064
9553 3064
9554 3064
9555 3064
9556 3064
9557 3064
9558 3064
9559 3064
9560 3064
9561 3064
9562 3064
9563 3064
9564 3064
9565 3064
9566 3064
9567 3064
9568 3064
9569 3064
9570 3064
9571 3064
9572 3064
9573 3064
9574 3245
9575 3064
9576 3064
9577 3064
9578 3064
9579 3064
9580 3064
9581 3182
9582 3254
9583 3064
9584 3064
9585 3064
9586 3064
9587 3064
9588 3064
9589 3064
9590 3296
9591 3064
9592 3064
9593 3064
9594 3064
9595 3064
9596 3064
9597 3064
9598 3064
9599 3064
9600 3064
9601 3064
9602 3064
9603 3064
9604 3064
9605 3066
9606 3066
9607 3066
9608 3066
9609 3066
9610 3069
9611 3073
9612 3073
9613 3073
9614 3073
9615 3078
9616 3078
9617 3078
9618 3080
9619 3081
9620 3081
9621 3083
9622 3084
9623 3084
9624 3084
9625 3084
9626 3085
9627 3086
9628 3091
9629 3091
9630 3097
9631 3093
9632 3093
9633 3093
9634 3093
9635 3264
9636 3093
9637 3093
9638 3094
9639 3094
9640 3094
9641 3094
9642 3094
9643 3094
9644 3094
9645 3094
9646 3097
9647 3098
9648 3101
9649 3102
9650 3104
9651 3105
9652 3106
9653 3106
9654 3106
9655 3106
9656 3106
9657 3106
9658 3107
9659 3111
9660 3111
9661 3113
9662 3113
9663 3292
9664 3114
9665 3114
9666 3116
9667 3118
9668 3118
9669 3118
9670 3120
9671 3120
9672 3121
9673 3124
9674 3125
9675 3125
9676 3127
9677 3128
9678 3128
9679 3128
9680 3128
9681 3128
9682 3128
9683 3128
9684 3128
9685 3129
9686 3129
9687 3129
9688 3133
9689 3133
9690 3134
9691 3135
9692 3276
9693 3135
9694 3135
9695 3136
9696 3139
9697 3141
9698 3142
9699 3142
9700 3142
9701 3142
9702 3142
9703 3143
9704 3143
9705 3143
9706 3143
9707 3143
9708 3289
9709 3144
9710 3145
9711 3145
9712 3145
9713 3145
9714 3145
9715 3145
9716 3145
9717 3145
9718 3145
9719 3145
9720 3145
9721 3145
9722 3145
9723 3145
9724 3145
9725 3145
9726 3145
9727 3145
9728 3145
9729 3145
9730 3145
9731 3145
9732 3145
9733 3145
9734 3145
9735 3145
9736 3145
9737 3145
9738 3145
9739 3145
9740 3145
9741 3145
9742 3145
9743 3145
9744 3149
9745 3151
9746 3151
9747 3153
9748 3154
9749 3154
9750 3156
9751 3159
9752 3161
9753 3164
9754 3164
9755 3164
9756 3164
9757 3164
9758 3164
9759 3164
9760 3164
9761 3165
9762 3165
9763 3165
9764 3165
9765 3168
9766 3169
9767 3170
9768 3170
9769 3171
9770 3176
9771 3177
9772 3180
9773 3180
9774 3180
9775 3180
9776 3180
9777 3180
9778 3180
9779 3180
9780 3180
9781 3180
9782 3180
9783 3181
9784 3181
9785 3182
9786 3184
9787 3184
9788 3184
9789 3184
9790 3184
9791 3184
9792 3184
9793 3184
9794 3184
9795 3184
9796 3184
9797 3184
9798 3184
9799 3184
9800 3193
9801 3193
9802 3193
9803 3193
9804 3193
9805 3193
9806 3193
9807 3193
9808 3193
9809 3193
9810 3193
9811 3193
9812 3193
9813 3193
9814 3193
9815 3193
9816 3193
9817 3193
9818 3193
9819 3193
9820 3193
9821 3193
9822 3193
9823 3193
9824 3193
9825 3193
9826 3193
9827 3193
9828 3193
9829 3193
9830 3193
9831 3193
9832 3193
9833 3193
9834 3193
9835 3193
9836 3193
9837 3195
9838 3195
9839 3196
9840 3196
9841 3196
9842 3196
9843 3196
9844 3196
9845 3200
9846 3203
9847 3203
9848 3204
9849 3204
9850 3207
9851 3207
9852 3207
9853 3207
9854 3208
9855 3209
9856 3209
9857 3211
9858 3212
9859 3215
9860 3215
9861 3215
9862 3215
9863 3215
9864 3215
9865 3215
9866 3215
9867 3215
9868 3215
9869 3216
9870 3216
9871 3217
9872 3220
9873 3222
9874 3223
9875 3227
9876 3232
9877 3228
9878 3228
9879 3228
9880 3228
9881 3228
9882 3228
9883 3228
9884 3228
9885 3228
9886 3228
9887 3228
9888 3228
9889 3228
9890 3228
9891 3229
9892 3229
9893 3231
9894 3231
9895 3231
9896 3231
9897 3231
9898 3231
9899 3234
9900 3237
9901 3237
9902 3240
9903 3246
9904 3247
9905 3248
9906 3249
9907 3251
9908 3251
9909 3251
9910 3251
9911 3252
9912 3254
9913 3254
9914 3254
9915 3254
9916 3254
9917 3254
9918 3254
9919 3254
9920 3254
9921 3254
9922 3254
9923 3254
9924 3254
9925 3256
9926 3256
9927 3256
9928 3256
9929 3256
9930 3256
9931 3256
9932 3257
9933 3257
9934 3260
9935 3260
9936 3260
9937 3264
9938 3264
9939 3266
9940 3269
9941 3269
9942 3269
9943 3269
9944 3270
9945 3272
9946 3272
9947 3274
9948 3274
9949 3274
9950 3274
9951 3274
9952 3274
9953 3274
9954 3274
9955 3274
9956 3275
9957 3276
9958 3276
9959 3276
9960 3276
9961 3280
9962 3280
9963 3280
9964 3280
9965 3284
9966 3284
9967 3287
9968 3288
9969 3288
9970 3288
9971 3288
9972 3288
9973 3288
9974 3288
9975 3288
9976 3288
9977 3288
9978 3288
9979 3288
9980 3288
9981 3289
9982 3289
9983 3289
9984 3289
9985 3289
9986 3289
9987 3289
9988 3289
9989 3289
9990 3289
9991 3290
9992 3291
9993 3291
9994 3291
9995 3294
9996 3295
9997 3295
9998 3296
9999 3296
