10000 9999
1 0
2 0
3 0
4 0
5 4
6 4
7 3
8 0
9 7
10 3
11 2
12 7
13 10
14 11
15 11
16 8
17 8
18 11
19 11
20 11
21 20
22 11
23 8
24 11
25 19
26 5
27 11
28 7
29 12
30 15
31 23
32 29
33 7
34 31
35 7
36 8
37 0
38 28
39 11
40 11
41 19
42 16
43 11
44 25
45 8
46 33
47 30
48 10
49 11
50 17
51 39
52 47
53 47
54 51
55 47
56 23
57 47
58 47
59 8
60 47
61 31
62 11
63 47
64 7
65 7
66 8
67 19
68 7
69 47
70 43
71 47
72 41
73 63
74 56
75 11
76 65
77 63
78 11
79 74
80 47
81 47
82 8
83 20
84 56
85 41
86 47
87 80
88 80
89 47
90 47
91 57
92 63
93 47
94 31
95 47
96 47
97 56
98 47
99 91
100 80
101 37
102 62
103 56
104 52
105 71
106 11
107 96
108 80
109 17
110 76
111 11
112 47
113 56
114 91
115 0
116 90
117 93
118 38
119 80
120 11
121 47
122 90
123 58
124 80
125 38
126 88
127 41
128 80
129 127
130 127
131 11
132 92
133 115
134 55
135 68
136 115
137 100
138 123
139 68
140 115
141 100
142 115
143 47
144 57
145 144
146 40
147 25
148 104
149 1
150 15
151 12
152 80
153 139
154 75
155 47
156 80
157 47
158 93
159 90
160 73
161 80
162 93
163 114
164 80
165 86
166 47
167 104
168 80
169 80
170 47
171 155
172 53
173 90
174 112
175 126
176 11
177 133
178 117
179 67
180 101
181 54
182 63
183 90
184 156
185 41
186 153
187 160
188 142
189 172
190 80
191 104
192 34
193 109
194 47
195 48
196 95
197 80
198 47
199 104
200 163
201 167
202 155
203 179
204 160
205 204
206 187
207 18
208 151
209 154
210 118
211 47
212 195
213 80
214 134
215 124
216 47
217 154
218 5
219 11
220 138
221 165
222 140
223 124
224 47
225 187
226 154
227 76
228 170
229 196
230 11
231 53
232 197
233 165
234 211
235 218
236 231
237 221
238 193
239 198
240 178
241 82
242 165
243 232
244 84
245 47
246 161
247 97
248 59
249 8
250 118
251 207
252 206
253 108
254 58
255 125
256 218
257 47
258 220
259 185
260 47
261 135
262 253
263 41
264 139
265 259
266 153
267 228
268 55
269 249
270 170
271 201
272 74
273 115
274 104
275 133
276 51
277 23
278 249
279 270
280 249
281 138
282 155
283 85
284 182
285 270
286 80
287 25
288 133
289 251
290 289
291 136
292 15
293 268
294 284
295 30
296 292
297 74
298 175
299 270
300 146
301 155
302 104
303 288
304 220
305 207
306 260
307 80
308 238
309 298
310 11
311 286
312 242
313 167
314 78
315 120
316 283
317 11
318 167
319 276
320 31
321 90
322 47
323 309
324 19
325 188
326 233
327 41
328 7
329 320
330 165
331 227
332 90
333 124
334 9
335 262
336 121
337 69
338 337
339 217
340 264
341 88
342 47
343 233
344 198
345 333
346 167
347 332
348 104
349 80
350 80
351 205
352 90
353 127
354 47
355 304
356 264
357 202
358 58
359 210
360 171
361 151
362 126
363 323
364 63
365 353
366 184
367 335
368 332
369 47
370 257
371 270
372 334
373 47
374 95
375 228
376 372
377 283
378 74
379 187
380 104
381 204
382 174
383 287
384 87
385 212
386 112
387 196
388 167
389 302
390 204
391 380
392 80
393 184
394 47
395 243
396 133
397 333
398 302
399 302
400 306
401 337
402 249
403 379
404 256
405 337
406 48
407 380
408 353
409 397
410 380
411 241
412 218
413 251
414 247
415 137
416 187
417 380
418 407
419 380
420 31
421 185
422 412
423 115
424 185
425 259
426 374
427 54
428 380
429 186
430 308
431 391
432 409
433 409
434 346
435 75
436 356
437 434
438 88
439 258
440 187
441 214
442 351
443 435
444 11
445 302
446 81
447 402
448 47
449 206
450 446
451 436
452 270
453 75
454 8
455 453
456 71
457 421
458 297
459 169
460 115
461 380
462 19
463 47
464 300
465 372
466 432
467 80
468 80
469 49
470 372
471 249
472 380
473 251
474 74
475 364
476 243
477 382
478 93
479 380
480 22
481 93
482 134
483 380
484 41
485 231
486 124
487 220
488 380
489 450
490 395
491 167
492 123
493 409
494 93
495 409
496 368
497 372
498 400
499 305
500 409
501 471
502 391
503 482
504 93
505 216
506 13
507 268
508 249
509 394
510 205
511 324
512 298
513 181
514 457
515 306
516 228
517 380
518 323
519 446
520 75
521 434
522 516
523 345
524 449
525 381
526 380
527 380
528 217
529 251
530 308
531 174
532 527
533 369
534 348
535 251
536 47
537 337
538 217
539 418
540 137
541 352
542 302
543 52
544 298
545 540
546 93
547 246
548 19
549 486
550 164
551 56
552 186
553 507
554 242
555 337
556 47
557 415
558 249
559 115
560 406
561 331
562 533
563 84
564 320
565 377
566 165
567 269
568 409
569 207
570 380
571 380
572 559
573 507
574 150
575 337
576 79
577 47
578 154
579 355
580 392
581 409
582 220
583 456
584 380
585 48
586 453
587 535
588 479
589 74
590 521
591 491
592 514
593 507
594 482
595 66
596 314
597 80
598 579
599 189
600 558
601 558
602 558
603 74
604 281
605 559
606 302
607 361
608 308
609 248
610 80
611 47
612 415
613 61
614 262
615 318
616 535
617 332
618 338
619 618
620 45
621 416
622 414
623 524
624 566
625 393
626 597
627 317
628 324
629 204
630 507
631 406
632 276
633 302
634 393
635 259
636 217
637 330
638 558
639 550
640 436
641 259
642 47
643 64
644 447
645 643
646 544
647 560
648 583
649 85
650 559
651 555
652 397
653 645
654 225
655 558
656 558
657 415
658 191
659 198
660 533
661 643
662 24
663 453
664 375
665 74
666 124
667 409
668 627
669 409
670 666
671 359
672 339
673 509
674 100
675 577
676 635
677 672
678 618
679 75
680 606
681 380
682 548
683 380
684 47
685 339
686 507
687 394
688 131
689 285
690 615
691 368
692 9
693 620
694 236
695 308
696 205
697 400
698 104
699 74
700 687
701 489
702 207
703 115
704 41
705 622
706 185
707 446
708 529
709 327
710 115
711 115
712 372
713 266
714 401
715 508
716 380
717 41
718 335
719 501
720 678
721 523
722 708
723 406
724 549
725 413
726 558
727 666
728 507
729 586
730 654
731 99
732 558
733 652
734 387
735 512
736 636
737 447
738 380
739 360
740 561
741 423
742 505
743 170
744 170
745 640
746 605
747 298
748 596
749 74
750 19
751 507
752 159
753 424
754 729
755 323
756 719
757 123
758 347
759 500
760 588
761 406
762 382
763 258
764 739
765 693
766 647
767 671
768 380
769 558
770 693
771 586
772 596
773 577
774 671
775 397
776 88
777 32
778 14
779 544
780 596
781 55
782 686
783 409
784 385
785 77
786 68
787 544
788 249
789 659
790 220
791 56
792 752
793 762
794 271
795 234
796 672
797 110
798 711
799 90
800 242
801 686
802 522
803 558
804 47
805 753
806 181
807 188
808 790
809 446
810 559
811 332
812 453
813 259
814 484
815 649
816 686
817 800
818 249
819 716
820 352
821 436
822 429
823 231
824 444
825 558
826 675
827 601
828 594
829 545
830 759
831 113
832 691
833 249
834 729
835 639
836 128
837 218
838 421
839 207
840 669
841 682
842 816
843 300
844 677
845 373
846 467
847 524
848 422
849 23
850 738
851 708
852 686
853 35
854 489
855 425
856 122
857 842
858 436
859 799
860 198
861 396
862 380
863 355
864 564
865 666
866 155
867 23
868 507
869 842
870 135
871 47
872 298
873 544
874 849
875 824
876 778
877 47
878 721
879 445
880 47
881 596
882 507
883 656
884 473
885 90
886 267
887 558
888 504
889 374
890 839
891 660
892 443
893 640
894 405
895 651
896 831
897 593
898 450
899 185
900 500
901 500
902 167
903 849
904 47
905 656
906 482
907 337
908 380
909 367
910 733
911 407
912 388
913 245
914 114
915 881
916 792
917 643
918 233
919 779
920 207
921 696
922 270
923 905
924 672
925 727
926 834
927 450
928 651
929 518
930 544
931 625
932 771
933 183
934 322
935 11
936 666
937 102
938 678
939 721
940 158
941 747
942 185
943 352
944 710
945 10
946 657
947 544
948 394
949 527
950 332
951 397
952 872
953 903
954 422
955 426
956 590
957 633
958 614
959 618
960 157
961 204
962 607
963 207
964 688
965 205
966 849
967 663
968 670
969 47
970 617
971 950
972 538
973 407
974 610
975 249
976 636
977 558
978 686
979 179
980 11
981 380
982 443
983 737
984 47
985 199
986 348
987 433
988 252
989 973
990 576
991 500
992 639
993 668
994 610
995 437
996 544
997 47
998 262
999 712
1000 311
1001 162
1002 482
1003 201
1004 676
1005 439
1006 849
1007 558
1008 943
1009 905
1010 665
1011 507
1012 770
1013 207
1014 561
1015 596
1016 502
1017 1000
1018 973
1019 481
1020 558
1021 749
1022 821
1023 905
1024 465
1025 380
1026 900
1027 813
1028 631
1029 1025
1030 505
1031 897
1032 559
1033 409
1034 1000
1035 540
1036 595
1037 732
1038 576
1039 193
1040 698
1041 943
1042 437
1043 289
1044 610
1045 207
1046 754
1047 352
1048 47
1049 104
1050 507
1051 965
1052 507
1053 999
1054 993
1055 662
1056 840
1057 1001
1058 380
1059 450
1060 544
1061 491
1062 985
1063 874
1064 973
1065 838
1066 558
1067 443
1068 507
1069 712
1070 1003
1071 1000
1072 973
1073 721
1074 1060
1075 1070
1076 307
1077 950
1078 234
1079 812
1080 559
1081 886
1082 409
1083 973
1084 642
1085 860
1086 365
1087 140
1088 340
1089 930
1090 564
1091 297
1092 845
1093 98
1094 372
1095 1039
1096 230
1097 951
1098 1070
1099 653
1100 622
1101 891
1102 47
1103 365
1104 558
1105 596
1106 704
1107 298
1108 1006
1109 814
1110 93
1111 498
1112 950
1113 515
1114 728
1115 732
1116 306
1117 138
1118 1030
1119 90
1120 636
1121 682
1122 726
1123 1044
1124 241
1125 36
1126 973
1127 380
1128 1017
1129 249
1130 603
1131 1068
1132 941
1133 905
1134 526
1135 880
1136 453
1137 1128
1138 903
1139 763
1140 443
1141 249
1142 380
1143 63
1144 982
1145 1135
1146 254
1147 652
1148 646
1149 558
1150 1005
1151 977
1152 1098
1153 375
1154 558
1155 393
1156 47
1157 310
1158 824
1159 619
1160 186
1161 357
1162 556
1163 554
1164 1103
1165 840
1166 1048
1167 741
1168 900
1169 849
1170 558
1171 1095
1172 1157
1173 1010
1174 1014
1175 621
1176 732
1177 869
1178 1053
1179 558
1180 458
1181 549
1182 446
1183 675
1184 47
1185 218
1186 784
1187 1060
1188 1037
1189 898
1190 848
1191 96
1192 875
1193 370
1194 1002
1195 332
1196 1060
1197 397
1198 748
1199 1000
1200 116
1201 1077
1202 849
1203 1186
1204 104
1205 763
1206 1000
1207 973
1208 999
1209 47
1210 1188
1211 607
1212 495
1213 70
1214 901
1215 732
1216 901
1217 558
1218 514
1219 1203
1220 592
1221 210
1222 447
1223 358
1224 880
1225 127
1226 675
1227 712
1228 806
1229 1060
1230 446
1231 263
1232 254
1233 920
1234 1017
1235 973
1236 558
1237 861
1238 976
1239 52
1240 753
1241 661
1242 1057
1243 920
1244 353
1245 608
1246 1098
1247 968
1248 380
1249 853
1250 1148
1251 1135
1252 1188
1253 1148
1254 298
1255 904
1256 8
1257 579
1258 576
1259 1017
1260 880
1261 127
1262 507
1263 131
1264 1060
1265 1066
1266 1170
1267 1200
1268 954
1269 9
1270 1039
1271 1146
1272 544
1273 878
1274 571
1275 1060
1276 284
1277 795
1278 409
1279 380
1280 329
1281 80
1282 1242
1283 1087
1284 558
1285 1256
1286 415
1287 793
1288 1200
1289 617
1290 1101
1291 558
1292 755
1293 558
1294 492
1295 375
1296 775
1297 94
1298 578
1299 507
1300 704
1301 292
1302 913
1303 973
1304 1026
1305 1275
1306 1093
1307 973
1308 814
1309 760
1310 1243
1311 98
1312 1103
1313 231
1314 360
1315 240
1316 1067
1317 613
1318 818
1319 1071
1320 558
1321 194
1322 378
1323 946
1324 1131
1325 721
1326 424
1327 215
1328 1256
1329 1301
1330 1256
1331 154
1332 580
1333 1168
1334 1279
1335 842
1336 903
1337 766
1338 60
1339 507
1340 375
1341 622
1342 1306
1343 316
1344 1017
1345 973
1346 442
1347 677
1348 600
1349 1251
1350 973
1351 508
1352 786
1353 1320
1354 610
1355 250
1356 80
1357 622
1358 74
1359 1124
1360 558
1361 328
1362 1145
1363 406
1364 1146
1365 401
1366 482
1367 558
1368 1234
1369 891
1370 1137
1371 597
1372 643
1373 973
1374 428
1375 1259
1376 903
1377 1116
1378 510
1379 1263
1380 1081
1381 1190
1382 761
1383 399
1384 339
1385 1265
1386 723
1387 249
1388 1103
1389 457
1390 375
1391 249
1392 972
1393 1262
1394 1215
1395 350
1396 1033
1397 133
1398 727
1399 905
1400 640
1401 449
1402 694
1403 1376
1404 72
1405 1216
1406 1342
1407 208
1408 1060
1409 1060
1410 1156
1411 953
1412 957
1413 767
1414 372
1415 1079
1416 1125
1417 1377
1418 1023
1419 235
1420 1123
1421 780
1422 896
1423 632
1424 1200
1425 1177
1426 931
1427 959
1428 47
1429 971
1430 1364
1431 205
1432 999
1433 653
1434 1306
1435 1323
1436 900
1437 1000
1438 824
1439 154
1440 741
1441 686
1442 1059
1443 1181
1444 1090
1445 1215
1446 973
1447 833
1448 218
1449 1159
1450 437
1451 951
1452 1093
1453 727
1454 611
1455 380
1456 1062
1457 1067
1458 507
1459 1357
1460 1182
1461 842
1462 1015
1463 1306
1464 442
1465 380
1466 1060
1467 380
1468 1064
1469 863
1470 633
1471 923
1472 1299
1473 1301
1474 1407
1475 596
1476 1192
1477 1464
1478 826
1479 1377
1480 1360
1481 47
1482 1060
1483 1114
1484 309
1485 1306
1486 1190
1487 475
1488 1131
1489 319
1490 561
1491 1378
1492 918
1493 1271
1494 1431
1495 38
1496 1121
1497 1467
1498 1276
1499 1093
1500 1146
1501 485
1502 1270
1503 409
1504 834
1505 1283
1506 894
1507 1435
1508 409
1509 1088
1510 1138
1511 1146
1512 672
1513 1049
1514 1146
1515 764
1516 789
1517 941
1518 1256
1519 734
1520 677
1521 1463
1522 188
1523 1326
1524 945
1525 1096
1526 1164
1527 905
1528 274
1529 240
1530 617
1531 1190
1532 658
1533 1427
1534 1379
1535 1255
1536 1147
1537 482
1538 1146
1539 1007
1540 692
1541 1127
1542 523
1543 11
1544 1196
1545 885
1546 1452
1547 563
1548 815
1549 903
1550 1192
1551 643
1552 1256
1553 865
1554 573
1555 965
1556 627
1557 207
1558 1317
1559 709
1560 1303
1561 558
1562 425
1563 1125
1564 1412
1565 832
1566 905
1567 1445
1568 1190
1569 1234
1570 943
1571 1251
1572 573
1573 528
1574 1027
1575 1247
1576 1393
1577 1522
1578 47
1579 790
1580 1274
1581 147
1582 1188
1583 1557
1584 1123
1585 380
1586 1306
1587 566
1588 427
1589 1251
1590 975
1591 1558
1592 1306
1593 950
1594 1033
1595 1565
1596 1246
1597 914
1598 1339
1599 1551
1600 937
1601 1256
1602 1534
1603 256
1604 1313
1605 733
1606 1184
1607 1264
1608 1535
1609 941
1610 1539
1611 760
1612 1276
1613 1429
1614 139
1615 559
1616 130
1617 1072
1618 1025
1619 783
1620 1119
1621 721
1622 1412
1623 558
1624 1124
1625 1357
1626 1542
1627 1256
1628 1338
1629 1561
1630 1535
1631 1625
1632 1060
1633 1170
1634 380
1635 872
1636 1295
1637 925
1638 1625
1639 337
1640 224
1641 789
1642 1021
1643 666
1644 757
1645 1336
1646 420
1647 406
1648 838
1649 1071
1650 1319
1651 396
1652 298
1653 941
1654 1210
1655 712
1656 399
1657 519
1658 940
1659 1535
1660 11
1661 1005
1662 342
1663 1531
1664 708
1665 313
1666 1306
1667 105
1668 1425
1669 1108
1670 490
1671 886
1672 1135
1673 1148
1674 1608
1675 1057
1676 921
1677 47
1678 1140
1679 739
1680 837
1681 769
1682 877
1683 1650
1684 1146
1685 1322
1686 1669
1687 493
1688 876
1689 558
1690 1114
1691 973
1692 1676
1693 1190
1694 1642
1695 332
1696 1691
1697 1568
1698 552
1699 1594
1700 527
1701 903
1702 679
1703 1446
1704 773
1705 1676
1706 482
1707 177
1708 1363
1709 816
1710 1443
1711 1060
1712 1463
1713 1371
1714 1531
1715 335
1716 973
1717 1286
1718 1627
1719 80
1720 1448
1721 1046
1722 318
1723 973
1724 690
1725 1332
1726 446
1727 1057
1728 838
1729 655
1730 863
1731 1665
1732 1525
1733 824
1734 1359
1735 1371
1736 1676
1737 558
1738 1237
1739 1718
1740 610
1741 1306
1742 210
1743 1123
1744 1217
1745 1679
1746 942
1747 266
1748 745
1749 1704
1750 577
1751 1108
1752 558
1753 321
1754 1644
1755 368
1756 1713
1757 545
1758 973
1759 109
1760 436
1761 231
1762 1679
1763 544
1764 397
1765 1592
1766 1690
1767 301
1768 1649
1769 1146
1770 794
1771 926
1772 261
1773 954
1774 1377
1775 1046
1776 1676
1777 901
1778 1340
1779 1727
1780 380
1781 1222
1782 541
1783 1167
1784 822
1785 1216
1786 573
1787 1172
1788 1779
1789 1368
1790 704
1791 688
1792 1178
1793 1235
1794 558
1795 1274
1796 1565
1797 808
1798 830
1799 80
1800 1746
1801 558
1802 1609
1803 1625
1804 1028
1805 1464
1806 1688
1807 523
1808 891
1809 165
1810 973
1811 372
1812 80
1813 174
1814 781
1815 384
1816 616
1817 878
1818 1078
1819 1804
1820 798
1821 164
1822 141
1823 873
1824 1467
1825 1158
1826 1399
1827 1679
1828 23
1829 671
1830 1565
1831 1724
1832 1771
1833 30
1834 947
1835 1193
1836 1175
1837 284
1838 1494
1839 781
1840 254
1841 777
1842 1597
1843 1248
1844 1153
1845 673
1846 1362
1847 104
1848 1760
1849 905
1850 1358
1851 1676
1852 558
1853 972
1854 1415
1855 1849
1856 1172
1857 1420
1858 1379
1859 839
1860 259
1861 970
1862 1787
1863 264
1864 1849
1865 1682
1866 558
1867 1118
1868 1073
1869 1676
1870 369
1871 909
1872 80
1873 1571
1874 1594
1875 368
1876 1375
1877 409
1878 1086
1879 1042
1880 1684
1881 760
1882 849
1883 761
1884 1771
1885 1071
1886 1449
1887 1719
1888 549
1889 640
1890 1683
1891 1060
1892 1571
1893 903
1894 1137
1895 1133
1896 1205
1897 423
1898 47
1899 1676
1900 914
1901 1676
1902 1446
1903 1332
1904 903
1905 1551
1906 573
1907 167
1908 1795
1909 1855
1910 1419
1911 1075
1912 1498
1913 1350
1914 1190
1915 1060
1916 1868
1917 1676
1918 1891
1919 489
1920 1865
1921 1892
1922 1849
1923 802
1924 1415
1925 409
1926 1412
1927 1221
1928 1827
1929 1565
1930 95
1931 1927
1932 954
1933 1535
1934 1442
1935 1919
1936 380
1937 1808
1938 1849
1939 1292
1940 1640
1941 507
1942 1047
1943 969
1944 170
1945 1621
1946 1412
1947 1658
1948 1333
1949 1060
1950 125
1951 1251
1952 1456
1953 380
1954 973
1955 1702
1956 891
1957 1332
1958 913
1959 1001
1960 1531
1961 973
1962 12
1963 1190
1964 1106
1965 717
1966 1849
1967 725
1968 372
1969 1635
1970 542
1971 1124
1972 746
1973 1622
1974 1147
1975 913
1976 1367
1977 1166
1978 1969
1979 1130
1980 1773
1981 951
1982 1902
1983 866
1984 1677
1985 1251
1986 1256
1987 1056
1988 349
1989 544
1990 1568
1991 1070
1992 973
1993 1763
1994 1439
1995 1546
1996 989
1997 1767
1998 1854
1999 1663
2000 1014
2001 649
2002 704
2003 941
2004 318
2005 177
2006 362
2007 1192
2008 1236
2009 544
2010 1000
2011 1639
2012 574
2013 1234
2014 1237
2015 1576
2016 1123
2017 1679
2018 1256
2019 799
2020 780
2021 686
2022 1443
2023 1419
2024 904
2025 1392
2026 1123
2027 2002
2028 1627
2029 1767
2030 337
2031 1888
2032 1893
2033 1051
2034 1729
2035 1677
2036 409
2037 1426
2038 1332
2039 209
2040 577
2041 941
2042 1904
2043 1276
2044 1200
2045 820
2046 1618
2047 1919
2048 409
2049 1072
2050 1238
2051 1840
2052 675
2053 302
2054 1627
2055 1035
2056 2002
2057 1676
2058 1939
2059 380
2060 1610
2061 712
2062 1771
2063 809
2064 344
2065 388
2066 292
2067 1751
2068 884
2069 1071
2070 1102
2071 692
2072 1857
2073 1849
2074 1873
2075 1920
2076 443
2077 1494
2078 1407
2079 879
2080 1509
2081 1008
2082 503
2083 1842
2084 1892
2085 132
2086 1521
2087 1233
2088 1847
2089 1012
2090 1123
2091 1791
2092 1965
2093 1036
2094 1341
2095 1467
2096 1039
2097 1248
2098 899
2099 1256
2100 559
2101 1679
2102 2048
2103 489
2104 47
2105 1601
2106 1957
2107 398
2108 1874
2109 577
2110 1254
2111 1709
2112 220
2113 399
2114 1541
2115 1184
2116 1237
2117 1667
2118 1238
2119 1808
2120 1357
2121 523
2122 896
2123 1132
2124 1743
2125 1299
2126 637
2127 2072
2128 316
2129 692
2130 1910
2131 1151
2132 1215
2133 1149
2134 1104
2135 1993
2136 1957
2137 1435
2138 1765
2139 1626
2140 1891
2141 1598
2142 2008
2143 692
2144 1553
2145 750
2146 920
2147 1920
2148 822
2149 1989
2150 586
2151 558
2152 1742
2153 415
2154 558
2155 1569
2156 1627
2157 1741
2158 223
2159 1764
2160 200
2161 449
2162 1129
2163 601
2164 1676
2165 1754
2166 2097
2167 203
2168 2063
2169 643
2170 1716
2171 1991
2172 1627
2173 1659
2174 1825
2175 2042
2176 941
2177 1965
2178 558
2179 721
2180 809
2181 620
2182 1627
2183 1390
2184 891
2185 37
2186 2009
2187 1443
2188 980
2189 1039
2190 1969
2191 1718
2192 1602
2193 2033
2194 1161
2195 2061
2196 1284
2197 1060
2198 1486
2199 1213
2200 1146
2201 1259
2202 1371
2203 1676
2204 1073
2205 526
2206 843
2207 2072
2208 1540
2209 270
2210 2057
2211 905
2212 1920
2213 970
2214 1849
2215 243
2216 1661
2217 1849
2218 1676
2219 1928
2220 1050
2221 507
2222 2018
2223 972
2224 1210
2225 1460
2226 2002
2227 1190
2228 1556
2229 1808
2230 2084
2231 2162
2232 1765
2233 477
2234 1535
2235 787
2236 1943
2237 1229
2238 1464
2239 303
2240 2168
2241 2127
2242 422
2243 1803
2244 531
2245 671
2246 1070
2247 1594
2248 2228
2249 1379
2250 1031
2251 409
2252 1849
2253 2040
2254 1928
2255 1482
2256 1918
2257 1521
2258 218
2259 1262
2260 1580
2261 1075
2262 1625
2263 610
2264 2208
2265 1613
2266 1882
2267 1991
2268 2002
2269 2233
2270 380
2271 1654
2272 2211
2273 1184
2274 1149
2275 1256
2276 2131
2277 1957
2278 741
2279 846
2280 294
2281 2134
2282 1565
2283 1000
2284 2096
2285 2031
2286 41
2287 1849
2288 2074
2289 1563
2290 2038
2291 1098
2292 1268
2293 154
2294 341
2295 1462
2296 1627
2297 348
2298 1639
2299 1464
2300 375
2301 1019
2302 573
2303 1774
2304 772
2305 1849
2306 1738
2307 1928
2308 1858
2309 1994
2310 914
2311 543
2312 1123
2313 995
2314 2286
2315 1559
2316 2209
2317 7
2318 1531
2319 1060
2320 547
2321 951
2322 962
2323 910
2324 2024
2325 89
2326 2183
2327 1551
2328 979
2329 278
2330 440
2331 2177
2332 1592
2333 1230
2334 571
2335 1535
2336 558
2337 811
2338 1842
2339 1126
2340 2168
2341 1251
2342 1714
2343 1371
2344 1715
2345 1800
2346 1566
2347 2161
2348 1849
2349 1131
2350 450
2351 372
2352 929
2353 2240
2354 1775
2355 1189
2356 825
2357 1957
2358 1453
2359 287
2360 1879
2361 2185
2362 1849
2363 671
2364 2048
2365 1256
2366 896
2367 1676
2368 2096
2369 1239
2370 1602
2371 1361
2372 446
2373 104
2374 2164
2375 2037
2376 656
2377 2256
2378 2003
2379 1535
2380 492
2381 1108
2382 2173
2383 2007
2384 760
2385 509
2386 2136
2387 1676
2388 1670
2389 2311
2390 206
2391 2062
2392 1653
2393 2365
2394 1293
2395 2048
2396 638
2397 1849
2398 1516
2399 1910
2400 2240
2401 2202
2402 1641
2403 671
2404 1940
2405 686
2406 1575
2407 1514
2408 1068
2409 1314
2410 2297
2411 1592
2412 2330
2413 1767
2414 1535
2415 1884
2416 674
2417 2339
2418 1170
2419 2256
2420 666
2421 2022
2422 921
2423 881
2424 461
2425 908
2426 1459
2427 1778
2428 1996
2429 2256
2430 1535
2431 2315
2432 1235
2433 2047
2434 512
2435 1519
2436 2344
2437 355
2438 1969
2439 1464
2440 1306
2441 2323
2442 982
2443 712
2444 2338
2445 1965
2446 1833
2447 808
2448 961
2449 380
2450 1626
2451 352
2452 974
2453 1969
2454 1192
2455 2336
2456 719
2457 1946
2458 1001
2459 2352
2460 104
2461 1880
2462 1256
2463 2124
2464 1714
2465 1058
2466 1570
2467 2231
2468 167
2469 380
2470 1799
2471 2100
2472 1306
2473 2250
2474 1203
2475 1322
2476 900
2477 1614
2478 2450
2479 1849
2480 945
2481 1676
2482 2079
2483 565
2484 1676
2485 1242
2486 693
2487 737
2488 2351
2489 1123
2490 1565
2491 1849
2492 561
2493 2339
2494 47
2495 292
2496 2231
2497 962
2498 1696
2499 104
2500 1927
2501 1676
2502 352
2503 660
2504 1579
2505 919
2506 1683
2507 1735
2508 1569
2509 1978
2510 651
2511 104
2512 438
2513 1776
2514 2296
2515 2103
2516 1349
2517 480
2518 1538
2519 1567
2520 1419
2521 1171
2522 1676
2523 1791
2524 2097
2525 1060
2526 1276
2527 1285
2528 2094
2529 1676
2530 824
2531 1812
2532 1678
2533 295
2534 2366
2535 511
2536 1627
2537 705
2538 1420
2539 1097
2540 2044
2541 2209
2542 1973
2543 312
2544 2033
2545 793
2546 1198
2547 1955
2548 1810
2549 730
2550 1422
2551 2479
2552 1957
2553 115
2554 2342
2555 2274
2556 1915
2557 1256
2558 980
2559 2320
2560 2168
2561 1805
2562 2339
2563 787
2564 2447
2565 943
2566 2072
2567 2323
2568 1676
2569 2409
2570 207
2571 1149
2572 215
2573 1512
2574 2159
2575 1464
2576 712
2577 968
2578 1343
2579 2263
2580 2565
2581 2244
2582 1464
2583 1045
2584 431
2585 74
2586 352
2587 2356
2588 343
2589 436
2590 1928
2591 1415
2592 1849
2593 837
2594 1446
2595 1201
2596 2414
2597 249
2598 507
2599 478
2600 1891
2601 1849
2602 23
2603 2326
2604 1654
2605 686
2606 2465
2607 1041
2608 1966
2609 2240
2610 2118
2611 1957
2612 2355
2613 1535
2614 1676
2615 1157
2616 2213
2617 1322
2618 644
2619 1451
2620 2479
2621 2214
2622 1446
2623 1108
2624 2383
2625 1440
2626 973
2627 1501
2628 1390
2629 1965
2630 1518
2631 1348
2632 2356
2633 905
2634 1969
2635 1791
2636 2583
2637 2459
2638 1148
2639 558
2640 2592
2641 2209
2642 1676
2643 2001
2644 1843
2645 1811
2646 2347
2647 1631
2648 917
2649 2583
2650 1366
2651 2254
2652 1611
2653 1464
2654 1000
2655 155
2656 544
2657 721
2658 1530
2659 1125
2660 1402
2661 2256
2662 1060
2663 2647
2664 1485
2665 1146
2666 2426
2667 2231
2668 1667
2669 1892
2670 1921
2671 399
2672 1354
2673 713
2674 2191
2675 2338
2676 2365
2677 334
2678 2411
2679 1679
2680 1047
2681 1961
2682 2334
2683 2591
2684 1277
2685 557
2686 80
2687 2570
2688 2582
2689 1862
2690 2647
2691 564
2692 787
2693 877
2694 1071
2695 612
2696 1339
2697 1155
2698 2208
2699 2011
2700 941
2701 1820
2702 938
2703 980
2704 27
2705 2521
2706 2018
2707 664
2708 2284
2709 1949
2710 1928
2711 1782
2712 963
2713 2240
2714 2485
2715 1718
2716 2318
2717 1275
2718 1676
2719 2355
2720 2256
2721 1996
2722 2465
2723 2027
2724 1549
2725 2592
2726 2446
2727 349
2728 1707
2729 2684
2730 2263
2731 19
2732 2053
2733 913
2734 1796
2735 2234
2736 1891
2737 787
2738 1500
2739 1932
2740 136
2741 436
2742 1997
2743 2249
2744 115
2745 2208
2746 2355
2747 2208
2748 1926
2749 1911
2750 1819
2751 2174
2752 1005
2753 430
2754 973
2755 2174
2756 988
2757 2312
2758 1736
2759 913
2760 2234
2761 2475
2762 2059
2763 2678
2764 2134
2765 895
2766 2686
2767 1849
2768 2320
2769 2734
2770 1466
2771 1708
2772 2678
2773 1464
2774 2160
2775 1402
2776 1668
2777 1459
2778 2035
2779 1627
2780 2656
2781 2410
2782 2138
2783 2160
2784 1344
2785 2265
2786 1431
2787 1895
2788 2559
2789 500
2790 2369
2791 2097
2792 636
2793 2382
2794 973
2795 1426
2796 2755
2797 1837
2798 2360
2799 2744
2800 1887
2801 1426
2802 2674
2803 2382
2804 2523
2805 1275
2806 1090
2807 2134
2808 2565
2809 1205
2810 2466
2811 2240
2812 47
2813 1863
2814 2519
2815 1339
2816 1535
2817 1510
2818 2390
2819 1215
2820 2240
2821 2185
2822 2345
2823 2153
2824 2134
2825 1995
2826 538
2827 877
2828 1315
2829 755
2830 273
2831 1029
2832 707
2833 1146
2834 1957
2835 2367
2836 553
2837 495
2838 870
2839 2542
2840 1303
2841 1740
2842 1677
2843 2583
2844 2447
2845 2263
2846 1736
2847 2596
2848 1297
2849 193
2850 399
2851 2710
2852 282
2853 2518
2854 1407
2855 1357
2856 2493
2857 1390
2858 2244
2859 1669
2860 1471
2861 2318
2862 2737
2863 756
2864 1565
2865 561
2866 2776
2867 41
2868 1253
2869 558
2870 1896
2871 931
2872 2393
2873 2037
2874 2569
2875 47
2876 2418
2877 11
2878 1284
2879 2511
2880 494
2881 2459
2882 2136
2883 2494
2884 2408
2885 2754
2886 1060
2887 1235
2888 1565
2889 849
2890 2048
2891 2742
2892 2432
2893 2633
2894 1346
2895 523
2896 849
2897 1895
2898 1593
2899 987
2900 960
2901 1237
2902 2545
2903 2453
2904 2320
2905 2883
2906 689
2907 1337
2908 2295
2909 2265
2910 2148
2911 1389
2912 2678
2913 1357
2914 2354
2915 1849
2916 2240
2917 1922
2918 2383
2919 2862
2920 1838
2921 2175
2922 1551
2923 222
2924 2002
2925 1060
2926 1854
2927 2244
2928 2429
2929 1588
2930 2027
2931 1214
2932 2742
2933 2796
2934 90
2935 267
2936 1965
2937 1254
2938 423
2939 279
2940 973
2941 47
2942 2263
2943 951
2944 1403
2945 635
2946 2491
2947 2619
2948 2365
2949 1892
2950 1165
2951 2888
2952 721
2953 2465
2954 2754
2955 1392
2956 2263
2957 1412
2958 2781
2959 1904
2960 1722
2961 1400
2962 1965
2963 1692
2964 941
2965 2728
2966 2647
2967 2278
2968 2636
2969 2465
2970 2448
2971 1746
2972 2678
2973 1568
2974 2497
2975 1493
2976 2091
2977 2648
2978 1638
2979 219
2980 380
2981 2624
2982 2630
2983 980
2984 2429
2985 1535
2986 625
2987 1904
2988 2263
2989 2284
2990 187
2991 2091
2992 44
2993 2603
2994 1351
2995 732
2996 2675
2997 446
2998 1928
2999 737
3000 2938
3001 714
3002 1849
3003 973
3004 1915
3005 355
3006 2650
3007 375
3008 1464
3009 1377
3010 2713
3011 1937
3012 2744
3013 1390
3014 1993
3015 770
3016 1849
3017 394
3018 1256
3019 2118
3020 2844
3021 413
3022 1678
3023 2666
3024 1934
3025 1271
3026 2766
3027 788
3028 1676
3029 2072
3030 1548
3031 2321
3032 2027
3033 2121
3034 2110
3035 2048
3036 2318
3037 2240
3038 622
3039 1849
3040 2240
3041 2839
3042 2002
3043 1994
3044 1331
3045 1146
3046 2208
3047 2980
3048 1105
3049 2452
3050 1124
3051 1677
3052 727
3053 1565
3054 1952
3055 1248
3056 1519
3057 2603
3058 1251
3059 874
3060 973
3061 1425
3062 1676
3063 2917
3064 1821
3065 1668
3066 3000
3067 2136
3068 2827
3069 1430
3070 142
3071 1185
3072 507
3073 127
3074 475
3075 1812
3076 896
3077 1464
3078 3070
3079 1274
3080 2365
3081 669
3082 1779
3083 2372
3084 2678
3085 446
3086 2053
3087 3056
3088 1895
3089 249
3090 2608
3091 1689
3092 454
3093 2565
3094 868
3095 2495
3096 1241
3097 988
3098 225
3099 3042
3100 2747
3101 1987
3102 1278
3103 80
3104 2569
3105 2671
3106 1535
3107 1718
3108 2263
3109 2899
3110 1371
3111 1565
3112 1694
3113 2857
3114 3100
3115 1941
3116 2343
3117 1075
3118 1849
3119 1895
3120 1618
3121 2652
3122 966
3123 1200
3124 2430
3125 2137
3126 344
3127 446
3128 2267
3129 3124
3130 2073
3131 506
3132 1857
3133 544
3134 1849
3135 1849
3136 1637
3137 1505
3138 2212
3139 2869
3140 2755
3141 2525
3142 2998
3143 2549
3144 2813
3145 1383
3146 1914
3147 1892
3148 1628
3149 1306
3150 3005
3151 2240
3152 1586
3153 2471
3154 1676
3155 3076
3156 1238
3157 2822
3158 1662
3159 1466
3160 1493
3161 1947
3162 1919
3163 2290
3164 2699
3165 1551
3166 3129
3167 1220
3168 1215
3169 996
3170 127
3171 1808
3172 1996
3173 2334
3174 1108
3175 1551
3176 608
3177 2274
3178 380
3179 2231
3180 1987
3181 1039
3182 591
3183 1986
3184 2097
3185 2353
3186 2541
3187 1891
3188 652
3189 2758
3190 1676
3191 1106
3192 2881
3193 2724
3194 2108
3195 2605
3196 513
3197 1598
3198 154
3199 3157
3200 2002
3201 1459
3202 3201
3203 2246
3204 3091
3205 1712
3206 2693
3207 1965
3208 1426
3209 2770
3210 1895
3211 1725
3212 2815
3213 2647
3214 2551
3215 1849
3216 897
3217 1849
3218 340
3219 1904
3220 2904
3221 1316
3222 1742
3223 2843
3224 1480
3225 2301
3226 2124
3227 973
3228 1749
3229 2520
3230 2647
3231 3034
3232 739
3233 1969
3234 2383
3235 1234
3236 2274
3237 1849
3238 2208
3239 2534
3240 2704
3241 608
3242 1461
3243 2294
3244 958
3245 1275
3246 1371
3247 2315
3248 1630
3249 2521
3250 1672
3251 1897
3252 1060
3253 686
3254 360
3255 1018
3256 1528
3257 2598
3258 1289
3259 2670
3260 1838
3261 3000
3262 2710
3263 2375
3264 80
3265 2654
3266 952
3267 2647
3268 453
3269 255
3270 1330
3271 1234
3272 2843
3273 3238
3274 3187
3275 1093
3276 2134
3277 1380
3278 2020
3279 2461
3280 2997
3281 1088
3282 900
3283 536
3284 2019
3285 1771
3286 2620
3287 3076
3288 2683
3289 588
3290 2796
3291 2353
3292 460
3293 2246
3294 1565
3295 1193
3296 2240
3297 11
3298 2830
3299 149
3300 1249
3301 2361
3302 249
3303 26
3304 13
3305 6
3306 218
3307 65
3308 46
3309 68
3310 2317
3311 1269
3312 1495
3313 1841
3314 2371
3315 2922
3316 2093
3317 1416
3318 56
3319 42
3320 2527
3321 2486
3322 609
3323 241
3324 8
3325 1759
3326 3092
3327 8
3328 8
3329 8
3330 2143
3331 470
3332 10
3333 1524
3334 1386
3335 111
3336 83
3337 1543
3338 935
3339 453
3340 2704
3341 2304
3342 2199
3343 1732
3344 841
3345 1379
3346 2929
3347 146
3348 1806
3349 469
3350 742
3351 120
3352 317
3353 11
3354 2979
3355 2689
3356 2530
3357 2877
3358 2188
3359 480
3360 106
3361 2570
3362 937
3363 1055
3364 176
3365 1660
3366 1962
3367 1211
3368 506
3369 15
3370 2012
3371 292
3372 50
3373 462
3374 2731
3375 2535
3376 19
3377 179
3378 750
3379 19
3380 1790
3381 1581
3382 21
3383 867
3384 1828
3385 2266
3386 192
3387 2602
3388 277
3389 2992
3390 383
3391 30
3392 2533
3393 1833
3394 1297
3395 613
3396 1646
3397 1280
3398 32
3399 32
3400 180
3401 1950
3402 1355
3403 1404
3404 1308
3405 1261
3406 41
3407 717
3408 2314
3409 41
3410 185
3411 1559
3412 649
3413 1231
3414 2867
3415 1499
3416 1870
3417 2941
3418 47
3419 47
3420 47
3421 1837
3422 871
3423 1224
3424 47
3425 143
3426 1428
3427 2494
3428 2684
3429 1943
3430 1193
3431 2934
3432 684
3433 809
3434 47
3435 2900
3436 2325
3437 1535
3438 1528
3439 1191
3440 165
3441 2109
3442 2875
3443 57
3444 224
3445 2812
3446 47
3447 2029
3448 984
3449 2693
3450 648
3451 3158
3452 47
3453 47
3454 1209
3455 1839
3456 2070
3457 1184
3458 1048
3459 1930
3460 3017
3461 3148
3462 463
3463 1454
3464 1085
3465 1084
3466 47
3467 2279
3468 47
3469 47
3470 354
3471 194
3472 1162
3473 481
3474 1761
3475 47
3476 47
3477 1578
3478 1677
3479 997
3480 1898
3481 1410
3482 1111
3483 448
3484 386
3485 166
3486 537
3487 934
3488 3283
3489 744
3490 47
3491 1481
3492 804
3493 1294
3494 336
3495 845
3496 913
3497 47
3498 2104
3499 47
3500 212
3501 585
3502 1423
3503 2311
3504 1239
3505 599
3506 3196
3507 55
3508 293
3509 441
3510 56
3511 103
3512 1547
3513 896
3514 791
3515 622
3516 551
3517 74
3518 145
3519 731
3520 57
3521 57
3522 1223
3523 254
3524 2330
3525 785
3526 92
3527 1143
3528 63
3529 3074
3530 64
3531 2865
3532 1352
3533 2477
3534 2838
3535 69
3536 2117
3537 272
3538 2585
3539 1010
3540 1850
3541 74
3542 699
3543 378
3544 474
3545 589
3546 74
3547 1979
3548 576
3549 297
3550 74
3551 74
3552 74
3553 1642
3554 74
3555 443
3556 520
3557 679
3558 226
3559 797
3560 78
3561 79
3562 168
3563 311
3564 992
3565 156
3566 80
3567 1988
3568 119
3569 2823
3570 2320
3571 80
3572 1281
3573 1815
3574 80
3575 872
3576 2686
3577 392
3578 1872
3579 836
3580 610
3581 468
3582 1356
3583 3116
3584 951
3585 213
3586 152
3587 1719
3588 1076
3589 80
3590 190
3591 1395
3592 1799
3593 459
3594 3075
3595 3264
3596 197
3597 262
3598 3103
3599 244
3600 283
3601 776
3602 88
3603 2512
3604 3243
3605 933
3606 159
3607 799
3608 173
3609 2711
3610 1288
3611 2337
3612 856
3613 1753
3614 1620
3615 1545
3616 2444
3617 2085
3618 1529
3619 888
3620 940
3621 93
3622 546
3623 1110
3624 1001
3625 2880
3626 2599
3627 889
3628 1519
3629 107
3630 98
3631 1311
3632 674
3633 1822
3634 104
3635 2511
3636 2460
3637 1040
3638 2499
3639 1049
3640 658
3641 2373
3642 1847
3643 1455
3644 1450
3645 148
3646 1470
3647 2781
3648 104
3649 104
3650 1204
3651 3054
3652 104
3653 2096
3654 2269
3655 2160
3656 114
3657 2923
3658 291
3659 115
3660 1397
3661 115
3662 115
3663 1615
3664 115
3665 710
3666 2553
3667 2744
3668 711
3669 188
3670 2625
3671 115
3672 3292
3673 703
3674 1742
3675 315
3676 2165
3677 604
3678 666
3679 124
3680 2421
3681 1327
3682 2158
3683 3269
3684 125
3685 2006
3686 1616
3687 1225
3688 1388
3689 3170
3690 3073
3691 129
3692 1791
3693 275
3694 2306
3695 133
3696 133
3697 133
3698 2239
3699 1707
3700 503
3701 1772
3702 2740
3703 540
3704 138
3705 138
3706 1117
3707 1150
3708 2673
3709 1863
3710 1283
3711 3078
3712 2206
3713 151
3714 151
3715 1407
3716 152
3717 1160
3718 153
3719 153
3720 154
3721 154
3722 1439
3723 1120
3724 3044
3725 2293
3726 154
3727 2039
3728 1298
3729 154
3730 3198
3731 155
3732 2194
3733 155
3734 2655
3735 1745
3736 2852
3737 1983
3738 366
3739 156
3740 158
3741 916
3742 629
3743 160
3744 1821
3745 1587
3746 1809
3747 2543
3748 221
3749 165
3750 2126
3751 233
3752 165
3753 167
3754 912
3755 2468
3756 318
3757 1731
3758 1991
3759 1907
3760 167
3761 1061
3762 902
3763 743
3764 1944
3765 1671
3766 270
3767 172
3768 1813
3769 2244
3770 2005
3771 178
3772 2167
3773 2328
3774 180
3775 1228
3776 2986
3777 706
3778 185
3779 185
3780 1562
3781 1326
3782 421
3783 2098
3784 185
3785 942
3786 2148
3787 1698
3788 3143
3789 187
3790 847
3791 379
3792 2990
3793 621
3794 188
3795 325
3796 188
3797 807
3798 1522
3799 608
3800 2849
3801 1321
3802 229
3803 197
3804 197
3805 476
3806 659
3807 3126
3808 239
3809 1770
3810 201
3811 204
3812 390
3813 442
3814 525
3815 961
3816 1494
3817 965
3818 1776
3819 1378
3820 206
3821 206
3822 206
3823 2818
3824 206
3825 206
3826 206
3827 3097
3828 890
3829 207
3830 207
3831 1233
3832 207
3833 702
3834 1013
3835 1045
3836 207
3837 305
3838 207
3839 1557
3840 569
3841 2712
3842 1967
3843 2403
3844 1927
3845 784
3846 2572
3847 685
3848 217
3849 972
3850 1573
3851 217
3852 404
3853 218
3854 1185
3855 1720
3856 2242
3857 2593
3858 2130
3859 2258
3860 218
3861 218
3862 790
3863 220
3864 2112
3865 487
3866 582
3867 220
3868 2437
3869 237
3870 1940
3871 3098
3872 225
3873 375
3874 802
3875 230
3876 1313
3877 2660
3878 823
3879 1501
3880 231
3881 233
3882 1492
3883 326
3884 2588
3885 233
3886 234
3887 1818
3888 237
3889 2828
3890 241
3891 1124
3892 411
3893 241
3894 817
3895 1163
3896 2388
3897 2215
3898 1387
3899 249
3900 2329
3901 249
3902 280
3903 719
3904 1590
3905 1318
3906 3224
3907 3027
3908 249
3909 715
3910 833
3911 1781
3912 249
3913 1391
3914 249
3915 567
3916 249
3917 2162
3918 2597
3919 249
3920 249
3921 249
3922 3089
3923 1141
3924 250
3925 535
3926 290
3927 2068
3928 251
3929 851
3930 254
3931 1232
3932 1840
3933 1146
3934 1603
3935 256
3936 257
3937 257
3938 1896
3939 1860
3940 265
3941 1574
3942 676
3943 641
3944 261
3945 718
3946 3244
3947 998
3948 262
3949 821
3950 3281
3951 1747
3952 2935
3953 507
3954 299
3955 2641
3956 452
3957 2939
3958 371
3959 2906
3960 270
3961 922
3962 1489
3963 278
3964 279
3965 282
3966 2483
3967 2578
3968 2280
3969 1912
3970 2359
3971 1043
3972 2495
3973 296
3974 292
3975 2066
3976 1301
3977 1180
3978 1091
3979 544
3980 1107
3981 363
3982 1254
3983 298
3984 1652
3985 512
3986 2700
3987 298
3988 298
3989 298
3990 464
3991 302
3992 680
3993 302
3994 1970
3995 2107
3996 445
3997 302
3998 302
3999 302
4000 389
4001 399
4002 2053
4003 305
4004 499
4005 305
4006 306
4007 306
4008 1113
4009 1417
4010 695
4011 530
4012 2753
4013 1484
4014 310
4015 2283
4016 316
4017 316
4018 2128
4019 317
4020 627
4021 2004
4022 318
4023 2960
4024 1724
4025 319
4026 864
4027 323
4028 1939
4029 2637
4030 323
4031 628
4032 329
4033 330
4034 1530
4035 1077
4036 368
4037 1195
4038 758
4039 1695
4040 2121
4041 2677
4042 1871
4043 2344
4044 337
4045 337
4046 2298
4047 2030
4048 651
4049 1506
4050 678
4051 575
4052 337
4053 907
4054 1365
4055 1384
4056 924
4057 3218
4058 340
4059 341
4060 341
4061 2064
4062 534
4063 986
4064 2727
4065 349
4066 352
4067 2045
4068 2502
4069 2586
4070 2451
4071 1047
4072 943
4073 1244
4074 408
4075 3005
4076 1469
4077 1257
4078 356
4079 356
4080 356
4081 2569
4082 3254
4083 365
4084 1878
4085 368
4086 1875
4087 496
4088 1755
4089 691
4090 660
4091 370
4092 1024
4093 372
4094 2645
4095 372
4096 1094
4097 1414
4098 372
4099 372
4100 372
4101 372
4102 1968
4103 2061
4104 372
4105 497
4106 376
4107 2351
4108 426
4109 1636
4110 375
4111 3007
4112 2300
4113 1844
4114 375
4115 375
4116 375
4117 1390
4118 2707
4119 375
4120 375
4121 375
4122 2427
4123 2475
4124 378
4125 379
4126 403
4127 488
4128 1134
4129 380
4130 1142
4131 380
4132 2425
4133 380
4134 1497
4135 2449
4136 472
4137 2424
4138 539
4139 380
4140 1780
4141 683
4142 380
4143 380
4144 410
4145 417
4146 1374
4147 2469
4148 862
4149 1585
4150 588
4151 380
4152 527
4153 380
4154 380
4155 380
4156 1334
4157 1936
4158 981
4159 2644
4160 768
4161 570
4162 2584
4163 3178
4164 380
4165 1127
4166 571
4167 380
4168 2270
4169 1058
4170 1029
4171 419
4172 517
4173 2059
4174 2980
4175 380
4176 380
4177 380
4178 380
4179 380
4180 380
4181 380
4182 681
4183 1634
4184 850
4185 1953
4186 819
4187 584
4188 380
4189 483
4190 380
4191 1465
4192 1287
4193 385
4194 387
4195 388
4196 2065
4197 1016
4198 1903
4199 1155
4200 634
4201 1845
4202 700
4203 948
4204 1651
4205 3188
4206 397
4207 397
4208 1764
4209 1197
4210 2251
4211 397
4212 1296
4213 2850
4214 399
4215 3105
4216 2113
4217 1383
4218 1656
4219 697
4220 3001
4221 1028
4222 1883
4223 1647
4224 2907
4225 1708
4226 973
4227 911
4228 2837
4229 2395
4230 667
4231 1082
4232 409
4233 409
4234 466
4235 409
4236 2899
4237 1619
4238 409
4239 1877
4240 409
4241 500
4242 2036
4243 581
4244 2950
4245 1925
4246 1594
4247 409
4248 409
4249 1503
4250 1508
4251 1687
4252 409
4253 568
4254 409
4255 3102
4256 409
4257 410
4258 410
4259 3021
4260 413
4261 413
4262 1717
4263 415
4264 2695
4265 2685
4266 657
4267 418
4268 419
4269 838
4270 421
4271 421
4272 514
4273 1268
4274 1190
4275 2938
4276 3251
4277 423
4278 423
4279 753
4280 855
4281 955
4282 521
4283 436
4284 2741
4285 2589
4286 436
4287 436
4288 640
4289 1848
4290 858
4291 451
4292 2798
4293 2313
4294 437
4295 438
4296 439
4297 442
4298 2894
4299 1464
4300 443
4301 2532
4302 3221
4303 892
4304 443
4305 1144
4306 2076
4307 443
4308 445
4309 2482
4310 446
4311 927
4312 2832
4313 1657
4314 3127
4315 3280
4316 446
4317 3085
4318 2333
4319 446
4320 2225
4321 2372
4322 1726
4323 644
4324 983
4325 449
4326 449
4327 1401
4328 2161
4329 449
4330 450
4331 2350
4332 489
4333 1059
4334 898
4335 450
4336 1136
4337 3268
4338 455
4339 2150
4340 1415
4341 663
4342 453
4343 453
4344 1389
4345 459
4346 460
4347 461
4348 467
4349 1487
4350 477
4351 2517
4352 2301
4353 482
4354 482
4355 1366
4356 906
4357 1537
4358 482
4359 1194
4360 482
4361 828
4362 482
4363 1706
4364 482
4365 482
4366 482
4367 482
4368 487
4369 854
4370 2515
4371 701
4372 1935
4373 3182
4374 491
4375 491
4376 492
4377 2380
4378 1212
4379 495
4380 496
4381 497
4382 498
4383 498
4384 500
4385 500
4386 500
4387 500
4388 500
4389 500
4390 2789
4391 500
4392 500
4393 500
4394 991
4395 900
4396 1216
4397 759
4398 2082
4399 503
4400 504
4401 1867
4402 506
4403 3131
4404 507
4405 507
4406 507
4407 1052
4408 507
4409 1906
4410 1941
4411 882
4412 3094
4413 1011
4414 507
4415 507
4416 507
4417 507
4418 507
4419 2598
4420 507
4421 507
4422 897
4423 507
4424 3253
4425 751
4426 1050
4427 2836
4428 630
4429 1339
4430 1488
4431 2221
4432 507
4433 1458
4434 507
4435 3072
4436 1299
4437 507
4438 507
4439 2259
4440 728
4441 507
4442 1351
4443 2385
4444 2434
4445 735
4446 513
4447 514
4448 3167
4449 1218
4450 514
4451 590
4452 721
4453 1807
4454 1542
4455 2895
4456 523
4457 523
4458 623
4459 524
4460 526
4461 2205
4462 532
4463 949
4464 1700
4465 533
4466 533
4467 533
4468 562
4469 535
4470 1816
4471 587
4472 536
4473 2826
4474 540
4475 540
4476 829
4477 2055
4478 542
4479 544
4480 1148
4481 2656
4482 544
4483 1993
4484 544
4485 2235
4486 2149
4487 544
4488 544
4489 1272
4490 3169
4491 2662
4492 1823
4493 2009
4494 544
4495 544
4496 544
4497 544
4498 3133
4499 544
4500 779
4501 1089
4502 1834
4503 544
4504 545
4505 1757
4506 2031
4507 724
4508 549
4509 551
4510 551
4511 553
4512 553
4513 558
4514 2764
4515 1020
4516 1801
4517 1852
4518 2131
4519 558
4520 558
4521 558
4522 2394
4523 558
4524 803
4525 558
4526 558
4527 558
4528 558
4529 1623
4530 558
4531 2396
4532 558
4533 558
4534 601
4535 558
4536 1689
4537 3139
4538 558
4539 769
4540 558
4541 558
4542 2196
4543 1629
4544 1866
4545 558
4546 602
4547 2178
4548 887
4549 558
4550 2142
4551 558
4552 1179
4553 1737
4554 558
4555 1752
4556 1794
4557 558
4558 1291
4559 2336
4560 1320
4561 558
4562 2151
4563 2639
4564 2034
4565 1170
4566 558
4567 1007
4568 558
4569 2154
4570 558
4571 558
4572 558
4573 1385
4574 732
4575 558
4576 1348
4577 558
4578 1122
4579 2632
4580 558
4581 1367
4582 1154
4583 1744
4584 558
4585 1149
4586 905
4587 572
4588 1032
4589 2471
4590 559
4591 810
4592 1972
4593 559
4594 1080
4595 559
4596 650
4597 2492
4598 1490
4599 2000
4600 740
4601 563
4602 563
4603 2691
4604 564
4605 1444
4606 624
4607 3173
4608 1908
4609 571
4610 571
4611 571
4612 571
4613 2302
4614 1554
4615 1572
4616 573
4617 1786
4618 1258
4619 1038
4620 990
4621 1750
4622 1749
4623 2253
4624 577
4625 577
4626 1183
4627 579
4628 579
4629 598
4630 771
4631 729
4632 586
4633 3289
4634 760
4635 956
4636 2423
4637 3048
4638 596
4639 780
4640 596
4641 1475
4642 596
4643 2546
4644 2908
4645 596
4646 597
4647 626
4648 597
4649 597
4650 597
4651 597
4652 599
4653 601
4654 827
4655 601
4656 2163
4657 601
4658 605
4659 605
4660 605
4661 2974
4662 3241
4663 3176
4664 1245
4665 2263
4666 994
4667 2016
4668 2841
4669 2452
4670 610
4671 610
4672 2672
4673 1317
4674 617
4675 617
4676 3258
4677 1861
4678 617
4679 959
4680 618
4681 1449
4682 620
4683 620
4684 2181
4685 1836
4686 1100
4687 622
4688 2537
4689 622
4690 3038
4691 1357
4692 622
4693 2528
4694 2871
4695 2228
4696 1054
4697 627
4698 630
4699 630
4700 632
4701 1412
4702 2945
4703 636
4704 736
4705 636
4706 2792
4707 3156
4708 637
4709 835
4710 745
4711 893
4712 2961
4713 1889
4714 640
4715 2648
4716 1099
4717 2169
4718 643
4719 1372
4720 3096
4721 2618
4722 649
4723 649
4724 2643
4725 815
4726 650
4727 928
4728 651
4729 651
4730 2765
4731 651
4732 2510
4733 1147
4734 652
4735 2441
4736 1433
4737 656
4738 883
4739 2376
4740 656
4741 656
4742 1435
4743 1532
4744 659
4745 659
4746 789
4747 659
4748 891
4749 2503
4750 967
4751 665
4752 666
4753 936
4754 666
4755 968
4756 1643
4757 727
4758 2420
4759 2144
4760 3081
4761 774
4762 2245
4763 2363
4764 1829
4765 1413
4766 671
4767 671
4768 2573
4769 1520
4770 672
4771 796
4772 673
4773 2416
4774 1478
4775 675
4776 1226
4777 2052
4778 1004
4779 676
4780 676
4781 676
4782 676
4783 677
4784 844
4785 1347
4786 720
4787 2702
4788 678
4789 678
4790 678
4791 679
4792 679
4793 679
4794 2547
4795 680
4796 1496
4797 683
4798 686
4799 978
4800 782
4801 816
4802 2405
4803 801
4804 852
4805 686
4806 686
4807 686
4808 1441
4809 2021
4810 3195
4811 686
4812 964
4813 832
4814 692
4815 2071
4816 692
4817 692
4818 692
4819 2208
4820 692
4821 2129
4822 692
4823 692
4824 693
4825 2089
4826 693
4827 765
4828 693
4829 693
4830 693
4831 694
4832 694
4833 697
4834 698
4835 698
4836 3191
4837 2056
4838 1300
4839 1664
4840 722
4841 709
4842 944
4843 711
4844 711
4845 1820
4846 711
4847 711
4848 1432
4849 712
4850 2443
4851 712
4852 1069
4853 712
4854 712
4855 712
4856 712
4857 1227
4858 2576
4859 1655
4860 717
4861 717
4862 2936
4863 717
4864 717
4865 718
4866 719
4867 719
4868 719
4869 2456
4870 719
4871 2863
4872 939
4873 721
4874 721
4875 721
4876 1325
4877 721
4878 2657
4879 878
4880 2204
4881 721
4882 721
4883 721
4884 2952
4885 721
4886 2179
4887 1945
4888 722
4889 725
4890 3052
4891 727
4892 727
4893 1637
4894 727
4895 2358
4896 1398
4897 1483
4898 729
4899 1771
4900 754
4901 732
4902 1582
4903 1176
4904 732
4905 732
4906 732
4907 2995
4908 732
4909 2132
4910 1115
4911 1605
4912 736
4913 737
4914 2999
4915 737
4916 2487
4917 737
4918 1515
4919 739
4920 3232
4921 741
4922 1783
4923 2967
4924 743
4925 743
4926 1748
4927 746
4928 750
4929 2145
4930 1240
4931 805
4932 1775
4933 2829
4934 755
4935 1798
4936 1881
4937 1309
4938 3121
4939 2384
4940 761
4941 1382
4942 763
4943 1139
4944 765
4945 1681
4946 3015
4947 932
4948 776
4949 778
4950 2505
4951 780
4952 780
4953 780
4954 3278
4955 1421
4956 780
4957 1814
4958 1203
4959 784
4960 787
4961 2563
4962 787
4963 787
4964 2862
4965 787
4966 2692
4967 789
4968 2398
4969 2402
4970 1579
4971 1797
4972 790
4973 793
4974 2902
4975 795
4976 3284
4977 799
4978 859
4979 799
4980 802
4981 802
4982 1923
4983 806
4984 2844
4985 2340
4986 809
4987 2180
4988 812
4989 1109
4990 3030
4991 1709
4992 842
4993 1022
4994 1784
4995 1438
4996 1158
4997 824
4998 824
4999 824
5000 824
5001 824
5002 875
5003 824
5004 1733
5005 1595
5006 1447
5007 833
5008 834
5009 1504
5010 834
5011 834
5012 837
5013 1680
5014 838
5015 838
5016 1065
5017 838
5018 1648
5019 1728
5020 839
5021 1859
5022 3101
5023 842
5024 842
5025 842
5026 842
5027 1335
5028 842
5029 3242
5030 857
5031 842
5032 842
5033 869
5034 842
5035 1092
5036 1169
5037 2889
5038 2896
5039 849
5040 1006
5041 849
5042 849
5043 3122
5044 849
5045 3059
5046 849
5047 1202
5048 903
5049 851
5050 851
5051 862
5052 862
5053 1730
5054 2866
5055 869
5056 870
5057 870
5058 952
5059 872
5060 1969
5061 1063
5062 2454
5063 875
5064 3068
5065 877
5066 877
5067 1682
5068 877
5069 877
5070 878
5071 878
5072 1273
5073 1817
5074 879
5075 1672
5076 1260
5077 915
5078 883
5079 3277
5080 886
5081 3171
5082 1369
5083 1290
5084 1956
5085 2184
5086 892
5087 2550
5088 896
5089 896
5090 3076
5091 2534
5092 2122
5093 896
5094 897
5095 3216
5096 897
5097 2473
5098 2719
5099 898
5100 898
5101 898
5102 900
5103 900
5104 2476
5105 900
5106 900
5107 1304
5108 900
5109 900
5110 3282
5111 1333
5112 900
5113 900
5114 1436
5115 900
5116 901
5117 901
5118 901
5119 1777
5120 901
5121 1214
5122 902
5123 902
5124 1893
5125 1403
5126 1645
5127 903
5128 3193
5129 903
5130 2817
5131 1411
5132 903
5133 903
5134 1904
5135 1701
5136 904
5137 2024
5138 2860
5139 1418
5140 1849
5141 1527
5142 905
5143 2346
5144 905
5145 2211
5146 905
5147 3119
5148 1009
5149 2893
5150 905
5151 905
5152 905
5153 1826
5154 906
5155 908
5156 912
5157 913
5158 1958
5159 2759
5160 913
5161 2733
5162 1975
5163 913
5164 913
5165 913
5166 1302
5167 913
5168 913
5169 913
5170 913
5171 1900
5172 2310
5173 917
5174 2146
5175 1310
5176 921
5177 2422
5178 921
5179 921
5180 922
5181 922
5182 923
5183 924
5184 931
5185 931
5186 2801
5187 932
5188 1600
5189 1658
5190 940
5191 941
5192 1609
5193 941
5194 941
5195 941
5196 941
5197 2378
5198 2176
5199 2392
5200 2964
5201 2123
5202 2041
5203 1517
5204 1746
5205 2810
5206 943
5207 2580
5208 943
5209 943
5210 1041
5211 943
5212 2081
5213 943
5214 2480
5215 945
5216 947
5217 948
5218 949
5219 949
5220 950
5221 2909
5222 2898
5223 1112
5224 1097
5225 951
5226 2943
5227 1981
5228 2619
5229 3031
5230 3266
5231 1773
5232 1932
5233 954
5234 1427
5235 2448
5236 961
5237 961
5238 961
5239 2322
5240 2193
5241 1555
5242 2577
5243 968
5244 968
5245 968
5246 1575
5247 968
5248 2616
5249 2223
5250 1853
5251 972
5252 2025
5253 1992
5254 973
5255 1083
5256 1303
5257 1716
5258 973
5259 1691
5260 1345
5261 973
5262 973
5263 973
5264 1373
5265 973
5266 973
5267 2721
5268 1468
5269 973
5270 2887
5271 2548
5272 1954
5273 2794
5274 973
5275 973
5276 973
5277 973
5278 1126
5279 1723
5280 973
5281 3255
5282 973
5283 973
5284 973
5285 973
5286 973
5287 2940
5288 2049
5289 973
5290 973
5291 973
5292 973
5293 1446
5294 1758
5295 1913
5296 3227
5297 1307
5298 973
5299 3003
5300 2754
5301 973
5302 2681
5303 973
5304 973
5305 973
5306 1207
5307 2626
5308 3060
5309 974
5310 974
5311 2703
5312 980
5313 980
5314 980
5315 980
5316 2983
5317 2558
5318 2442
5319 984
5320 985
5321 2756
5322 988
5323 990
5324 990
5325 990
5326 990
5327 993
5328 999
5329 1208
5330 1792
5331 2069
5332 1344
5333 2010
5334 1206
5335 1034
5336 1000
5337 1000
5338 1000
5339 1000
5340 1000
5341 1000
5342 1437
5343 1000
5344 3265
5345 1199
5346 1000
5347 1000
5348 1001
5349 1057
5350 1001
5351 2458
5352 1001
5353 1001
5354 1959
5355 1001
5356 1001
5357 1001
5358 1001
5359 1661
5360 2752
5361 1108
5362 1539
5363 1009
5364 1010
5365 1173
5366 1012
5367 1013
5368 1174
5369 1014
5370 1128
5371 3235
5372 2201
5373 1022
5374 1022
5375 1022
5376 1022
5377 2046
5378 1804
5379 2831
5380 1032
5381 1032
5382 1396
5383 1033
5384 1502
5385 1039
5386 2189
5387 1039
5388 1039
5389 1039
5390 3181
5391 1039
5392 1039
5393 2521
5394 2607
5395 1042
5396 1042
5397 1043
5398 1043
5399 2583
5400 1721
5401 1046
5402 2680
5403 1047
5404 1047
5405 1942
5406 1047
5407 1166
5408 1048
5409 1049
5410 1513
5411 1050
5412 1050
5413 1050
5414 2220
5415 1050
5416 1050
5417 1050
5418 1050
5419 1056
5420 1788
5421 1057
5422 1282
5423 1057
5424 1057
5425 1675
5426 1057
5427 2465
5428 1934
5429 1607
5430 1060
5431 1060
5432 1060
5433 1275
5434 1060
5435 1060
5436 1060
5437 2255
5438 2925
5439 1466
5440 1060
5441 3252
5442 2556
5443 2237
5444 1187
5445 3141
5446 1060
5447 1060
5448 1060
5449 1060
5450 1711
5451 2197
5452 1074
5453 1060
5454 1891
5455 2886
5456 1060
5457 1408
5458 1060
5459 1060
5460 2319
5461 1060
5462 1196
5463 1060
5464 1060
5465 1632
5466 1060
5467 1060
5468 1060
5469 2709
5470 1409
5471 1060
5472 1457
5473 1067
5474 1067
5475 2884
5476 1069
5477 2246
5478 1911
5479 2291
5480 1071
5481 2694
5482 1649
5483 1071
5484 1885
5485 1319
5486 1072
5487 1072
5488 1072
5489 1072
5490 1072
5491 1617
5492 1073
5493 1916
5494 1073
5495 1075
5496 2261
5497 1075
5498 1075
5499 3117
5500 1076
5501 2595
5502 1078
5503 1079
5504 1079
5505 1079
5506 1081
5507 1081
5508 1083
5509 1084
5510 2080
5511 1088
5512 1089
5513 1089
5514 2806
5515 1091
5516 2440
5517 1093
5518 1995
5519 3275
5520 2539
5521 1152
5522 1098
5523 1246
5524 1103
5525 1164
5526 1103
5527 1312
5528 1106
5529 1964
5530 2067
5531 3174
5532 1108
5533 2623
5534 1686
5535 2381
5536 1109
5537 1110
5538 1114
5539 1766
5540 1116
5541 1121
5542 1122
5543 1123
5544 1123
5545 1123
5546 1123
5547 1123
5548 1123
5549 1123
5550 1123
5551 1584
5552 2026
5553 2489
5554 1123
5555 2538
5556 1123
5557 1123
5558 2090
5559 1743
5560 1123
5561 1123
5562 2312
5563 3050
5564 1124
5565 1971
5566 1124
5567 1734
5568 1624
5569 1124
5570 1124
5571 1124
5572 1124
5573 2659
5574 2289
5575 2339
5576 1127
5577 2114
5578 1370
5579 1130
5580 1324
5581 2349
5582 1362
5583 3058
5584 1135
5585 1135
5586 1894
5587 1137
5588 1141
5589 1145
5590 1146
5591 2833
5592 1511
5593 2665
5594 1146
5595 1146
5596 1146
5597 1146
5598 1538
5599 3045
5600 1146
5601 1146
5602 1146
5603 1146
5604 1146
5605 1500
5606 1146
5607 1146
5608 1146
5609 1146
5610 1146
5611 3069
5612 1146
5613 1146
5614 1146
5615 1514
5616 1271
5617 1684
5618 2200
5619 1146
5620 1146
5621 1146
5622 1146
5623 1146
5624 1769
5625 1147
5626 1147
5627 1974
5628 1536
5629 1148
5630 1673
5631 2638
5632 1148
5633 1253
5634 1250
5635 2133
5636 1149
5637 2571
5638 2274
5639 1151
5640 1153
5641 1153
5642 1153
5643 1154
5644 2697
5645 1155
5646 2615
5647 1157
5648 2174
5649 1162
5650 1164
5651 1526
5652 1977
5653 1167
5654 1169
5655 1169
5656 1169
5657 1633
5658 1266
5659 1170
5660 1170
5661 1170
5662 2876
5663 1856
5664 1174
5665 1175
5666 1178
5667 1178
5668 1178
5669 1179
5670 2115
5671 2273
5672 1184
5673 1184
5674 1184
5675 1184
5676 1184
5677 1184
5678 1606
5679 1185
5680 1185
5681 1185
5682 1185
5683 3071
5684 1187
5685 1187
5686 1187
5687 1188
5688 1188
5689 1654
5690 1188
5691 1252
5692 1190
5693 1190
5694 1963
5695 1190
5696 1486
5697 1381
5698 1190
5699 1960
5700 1190
5701 2227
5702 1190
5703 1190
5704 1693
5705 1190
5706 1190
5707 3146
5708 1190
5709 1697
5710 1190
5711 1190
5712 1190
5713 1190
5714 1192
5715 1192
5716 1192
5717 1476
5718 1192
5719 1550
5720 2383
5721 1192
5722 1192
5723 1192
5724 1835
5725 3295
5726 1193
5727 1193
5728 1544
5729 1200
5730 1267
5731 3123
5732 1424
5733 2044
5734 1219
5735 2474
5736 1203
5737 2809
5738 1205
5739 1206
5740 2224
5741 2931
5742 1215
5743 1215
5744 1215
5745 1215
5746 2819
5747 1394
5748 2814
5749 3168
5750 1216
5751 1785
5752 1405
5753 1216
5754 1217
5755 1217
5756 1219
5757 1223
5758 1232
5759 2087
5760 2013
5761 1789
5762 2508
5763 3271
5764 1234
5765 1235
5766 2432
5767 1235
5768 1793
5769 1235
5770 1235
5771 1235
5772 1235
5773 1237
5774 1237
5775 1237
5776 2014
5777 2116
5778 2901
5779 1237
5780 2610
5781 1238
5782 1238
5783 2050
5784 1239
5785 2790
5786 1239
5787 1239
5788 1239
5789 1242
5790 1242
5791 2485
5792 1596
5793 2097
5794 3055
5795 1248
5796 1248
5797 1251
5798 1951
5799 1589
5800 1892
5801 1251
5802 1251
5803 2341
5804 1985
5805 2516
5806 2868
5807 1253
5808 1253
5809 1254
5810 2110
5811 2937
5812 1255
5813 1256
5814 1256
5815 1256
5816 1256
5817 1256
5818 1256
5819 1256
5820 1552
5821 2365
5822 1256
5823 1256
5824 3183
5825 1256
5826 1256
5827 1256
5828 1256
5829 2557
5830 2105
5831 1256
5832 1256
5833 1256
5834 1256
5835 1518
5836 1256
5837 2779
5838 1256
5839 1256
5840 2099
5841 2462
5842 2018
5843 2275
5844 1256
5845 1256
5846 1256
5847 1256
5848 1328
5849 1256
5850 1256
5851 1256
5852 1256
5853 1256
5854 3270
5855 3018
5856 1256
5857 1256
5858 1876
5859 1260
5860 1393
5861 1262
5862 1265
5863 1265
5864 1265
5865 1265
5866 1268
5867 2292
5868 1269
5869 1269
5870 1270
5871 1270
5872 1270
5873 1271
5874 3025
5875 1271
5876 2975
5877 1274
5878 3079
5879 1274
5880 2260
5881 1274
5882 1275
5883 3245
5884 1305
5885 2805
5886 1275
5887 1275
5888 1275
5889 2717
5890 2526
5891 1276
5892 1276
5893 2043
5894 1612
5895 1283
5896 3137
5897 1284
5898 1284
5899 1284
5900 2878
5901 1284
5902 1284
5903 1284
5904 1284
5905 1284
5906 1284
5907 1285
5908 1289
5909 1289
5910 1290
5911 2848
5912 1472
5913 2125
5914 1299
5915 1299
5916 1301
5917 1301
5918 1301
5919 1301
5920 1301
5921 1473
5922 1301
5923 1301
5924 1301
5925 1301
5926 1329
5927 1301
5928 1303
5929 1303
5930 1303
5931 1303
5932 1560
5933 1303
5934 1303
5935 2840
5936 1303
5937 1304
5938 1306
5939 1306
5940 2472
5941 1306
5942 1586
5943 2157
5944 1306
5945 2664
5946 1306
5947 1306
5948 1306
5949 1521
5950 1306
5951 1306
5952 3149
5953 1406
5954 1306
5955 1306
5956 1306
5957 1306
5958 1666
5959 1306
5960 1306
5961 1306
5962 1306
5963 1306
5964 1306
5965 1306
5966 1434
5967 1765
5968 1306
5969 1306
5970 1306
5971 1306
5972 1306
5973 1307
5974 1308
5975 1309
5976 1312
5977 1312
5978 1604
5979 1313
5980 1316
5981 1316
5982 1317
5983 1591
5984 1318
5985 1650
5986 1353
5987 1685
5988 1322
5989 2617
5990 1322
5991 1523
5992 1327
5993 1328
5994 1328
5995 1328
5996 1329
5997 3163
5998 3211
5999 1332
6000 1957
6001 1948
6002 1333
6003 1336
6004 1336
6005 3212
6006 1598
6007 1339
6008 2696
6009 1339
6010 1341
6011 1341
6012 1341
6013 1344
6014 1344
6015 2784
6016 1345
6017 2631
6018 1348
6019 1350
6020 2994
6021 1357
6022 1357
6023 1357
6024 2120
6025 1459
6026 1357
6027 2913
6028 1357
6029 2855
6030 1625
6031 1357
6032 1846
6033 2650
6034 1367
6035 1976
6036 1370
6037 2401
6038 1735
6039 1371
6040 1371
6041 3246
6042 3110
6043 1756
6044 1371
6045 1372
6046 1372
6047 1373
6048 1373
6049 1377
6050 1479
6051 1774
6052 3009
6053 1491
6054 1379
6055 1379
6056 1379
6057 2743
6058 1379
6059 2308
6060 1379
6061 2370
6062 3145
6063 1384
6064 1388
6065 1388
6066 2911
6067 3013
6068 2628
6069 1390
6070 2603
6071 3113
6072 1390
6073 1390
6074 1390
6075 2955
6076 1393
6077 1393
6078 1393
6079 1393
6080 2015
6081 1393
6082 1396
6083 2775
6084 2944
6085 1406
6086 2078
6087 1407
6088 2854
6089 1474
6090 1407
6091 1407
6092 1408
6093 3041
6094 2957
6095 1412
6096 1412
6097 2748
6098 1412
6099 1564
6100 1412
6101 1412
6102 1412
6103 1412
6104 1946
6105 1924
6106 1415
6107 2591
6108 1998
6109 1418
6110 1419
6111 3229
6112 1419
6113 2023
6114 1419
6115 2566
6116 3061
6117 1426
6118 2037
6119 1426
6120 1426
6121 2795
6122 3208
6123 1426
6124 1426
6125 1533
6126 1429
6127 1429
6128 2786
6129 1431
6130 1432
6131 1433
6132 1435
6133 1435
6134 1435
6135 3125
6136 1435
6137 1507
6138 1437
6139 3043
6140 1439
6141 1440
6142 1441
6143 1443
6144 1443
6145 1710
6146 1443
6147 2187
6148 1444
6149 1444
6150 1444
6151 1703
6152 2622
6153 1982
6154 2594
6155 1449
6156 1886
6157 1450
6158 1450
6159 1454
6160 1457
6161 2777
6162 3201
6163 1459
6164 3023
6165 1460
6166 1712
6167 1463
6168 1464
6169 1464
6170 2561
6171 1464
6172 1464
6173 1464
6174 1464
6175 1464
6176 1464
6177 2653
6178 1464
6179 2575
6180 1464
6181 1464
6182 1464
6183 1464
6184 1464
6185 1464
6186 1464
6187 2582
6188 1477
6189 2299
6190 1464
6191 2238
6192 1464
6193 1464
6194 2773
6195 1464
6196 3077
6197 1464
6198 1464
6199 1464
6200 3008
6201 2439
6202 1464
6203 1464
6204 3159
6205 3209
6206 1824
6207 2095
6208 1472
6209 1473
6210 1473
6211 1478
6212 1479
6213 1484
6214 1484
6215 1484
6216 2198
6217 1487
6218 1488
6219 1490
6220 1493
6221 1493
6222 3160
6223 1493
6224 1493
6225 1493
6226 1493
6227 1494
6228 3260
6229 2077
6230 1494
6231 1494
6232 1496
6233 1500
6234 1500
6235 1500
6236 2738
6237 2627
6238 1504
6239 1506
6240 1506
6241 1510
6242 1513
6243 2407
6244 1514
6245 1514
6246 1515
6247 1515
6248 1516
6249 1516
6250 2982
6251 1518
6252 1518
6253 1519
6254 1519
6255 2435
6256 3056
6257 1519
6258 1519
6259 1519
6260 2086
6261 2257
6262 1521
6263 1577
6264 1522
6265 1523
6266 1524
6267 1524
6268 1524
6269 1525
6270 1525
6271 1528
6272 3256
6273 1530
6274 2658
6275 1530
6276 1530
6277 1530
6278 1530
6279 1530
6280 1531
6281 1531
6282 1531
6283 1531
6284 1999
6285 1531
6286 2318
6287 2464
6288 1533
6289 1535
6290 1535
6291 1535
6292 1535
6293 2173
6294 2234
6295 1535
6296 2379
6297 1535
6298 1535
6299 2335
6300 1535
6301 1535
6302 1535
6303 1535
6304 1535
6305 1535
6306 2985
6307 1535
6308 1535
6309 1535
6310 3248
6311 1535
6312 1535
6313 2613
6314 1535
6315 2816
6316 1535
6317 1535
6318 1535
6319 1535
6320 1535
6321 3106
6322 1933
6323 1535
6324 2414
6325 1535
6326 1608
6327 1535
6328 1535
6329 2430
6330 1535
6331 1537
6332 1537
6333 1537
6334 1538
6335 2518
6336 1610
6337 1539
6338 1539
6339 1539
6340 1542
6341 1542
6342 1542
6343 1626
6344 1542
6345 1548
6346 2327
6347 1551
6348 1905
6349 1551
6350 1599
6351 3175
6352 1551
6353 1551
6354 3165
6355 1552
6356 1554
6357 1554
6358 1583
6359 1558
6360 2315
6361 1560
6362 1560
6363 1560
6364 1560
6365 1565
6366 1565
6367 1565
6368 1565
6369 1565
6370 1565
6371 1565
6372 1830
6373 1565
6374 1565
6375 1565
6376 2951
6377 1565
6378 1565
6379 1565
6380 1565
6381 1565
6382 3294
6383 1565
6384 1565
6385 1565
6386 2282
6387 1565
6388 1565
6389 3053
6390 3111
6391 1565
6392 2490
6393 1929
6394 2734
6395 1565
6396 2864
6397 1565
6398 1565
6399 1565
6400 1565
6401 1565
6402 1566
6403 1568
6404 2973
6405 1568
6406 1990
6407 2155
6408 1569
6409 2288
6410 1575
6411 2406
6412 1577
6413 1577
6414 1579
6415 1579
6416 2504
6417 3152
6418 1588
6419 1589
6420 1590
6421 1590
6422 1592
6423 1592
6424 1592
6425 2678
6426 1592
6427 1592
6428 1592
6429 1592
6430 1592
6431 1592
6432 2332
6433 1592
6434 1594
6435 1594
6436 1594
6437 1594
6438 1699
6439 1874
6440 1594
6441 1594
6442 1594
6443 2247
6444 1594
6445 1594
6446 1594
6447 1594
6448 1594
6449 1597
6450 3197
6451 2141
6452 1600
6453 1600
6454 1600
6455 1602
6456 1602
6457 2192
6458 1602
6459 1605
6460 1606
6461 1606
6462 1607
6463 1608
6464 1674
6465 1802
6466 1610
6467 1610
6468 1610
6469 2060
6470 1610
6471 1612
6472 1613
6473 1618
6474 3120
6475 1618
6476 1625
6477 1625
6478 2262
6479 2243
6480 1625
6481 1625
6482 1625
6483 1625
6484 1625
6485 1625
6486 2966
6487 1625
6488 1625
6489 1625
6490 1625
6491 1638
6492 1625
6493 1626
6494 1626
6495 1626
6496 1626
6497 1626
6498 1626
6499 2450
6500 1626
6501 1626
6502 1626
6503 1626
6504 1626
6505 2139
6506 1627
6507 2296
6508 1627
6509 1627
6510 2172
6511 1627
6512 1627
6513 1627
6514 2028
6515 1627
6516 1627
6517 1627
6518 2156
6519 2182
6520 2715
6521 2536
6522 1627
6523 1627
6524 1627
6525 1627
6526 2054
6527 1627
6528 1627
6529 1627
6530 1627
6531 1627
6532 1627
6533 1628
6534 1630
6535 1630
6536 3136
6537 2978
6538 1639
6539 1639
6540 1639
6541 1639
6542 2699
6543 1639
6544 1639
6545 1641
6546 1642
6547 1694
6548 1642
6549 1642
6550 1643
6551 1647
6552 1768
6553 1683
6554 1651
6555 1651
6556 1651
6557 1651
6558 1653
6559 1654
6560 1654
6561 2271
6562 2604
6563 1654
6564 1657
6565 1657
6566 1658
6567 1658
6568 1658
6569 1658
6570 3161
6571 1661
6572 2216
6573 1663
6574 1663
6575 1664
6576 1664
6577 1665
6578 1666
6579 1667
6580 1667
6581 2668
6582 1667
6583 1667
6584 1667
6585 1668
6586 1668
6587 1668
6588 3065
6589 2859
6590 1672
6591 3250
6592 1674
6593 1676
6594 1676
6595 2203
6596 2614
6597 1676
6598 1676
6599 1676
6600 1676
6601 1676
6602 1676
6603 1676
6604 1676
6605 1676
6606 1676
6607 1676
6608 1676
6609 1676
6610 1676
6611 1676
6612 2481
6613 1676
6614 2164
6615 1676
6616 1676
6617 1676
6618 2522
6619 1676
6620 2501
6621 1676
6622 1676
6623 1917
6624 1899
6625 1676
6626 1676
6627 1676
6628 1676
6629 3062
6630 3154
6631 1676
6632 1676
6633 1676
6634 2846
6635 1676
6636 2568
6637 2484
6638 1676
6639 1676
6640 1676
6641 2387
6642 1676
6643 1676
6644 1676
6645 1676
6646 1676
6647 2529
6648 1676
6649 1676
6650 1676
6651 1676
6652 1676
6653 1676
6654 1676
6655 1676
6656 1851
6657 1676
6658 2963
6659 1676
6660 1676
6661 1676
6662 2642
6663 2718
6664 1901
6665 2218
6666 1676
6667 1676
6668 1676
6669 1676
6670 1676
6671 1869
6672 1676
6673 1676
6674 1676
6675 1676
6676 1676
6677 1676
6678 2835
6679 1676
6680 2210
6681 3028
6682 1676
6683 1676
6684 1676
6685 3190
6686 1705
6687 1677
6688 1677
6689 1677
6690 2842
6691 1984
6692 1677
6693 1677
6694 1677
6695 2778
6696 3051
6697 1677
6698 1677
6699 1677
6700 1677
6701 1677
6702 3022
6703 1762
6704 1679
6705 2590
6706 2017
6707 2679
6708 2101
6709 1679
6710 1679
6711 1679
6712 1680
6713 2075
6714 1890
6715 2506
6716 1684
6717 1684
6718 2461
6719 1688
6720 1689
6721 3204
6722 1689
6723 1689
6724 1689
6725 1689
6726 2498
6727 1692
6728 1692
6729 3112
6730 1697
6731 1697
6732 1700
6733 1701
6734 1705
6735 1705
6736 1707
6737 2728
6738 1708
6739 1708
6740 2771
6741 1708
6742 1708
6743 2111
6744 1709
6745 3205
6746 2554
6747 1715
6748 2170
6749 1718
6750 1718
6751 1718
6752 1718
6753 3107
6754 1739
6755 1718
6756 1718
6757 2802
6758 2800
6759 1719
6760 1719
6761 1719
6762 1720
6763 1720
6764 1720
6765 1720
6766 1724
6767 1724
6768 1724
6769 1831
6770 1726
6771 1726
6772 1726
6773 1726
6774 1726
6775 1726
6776 1726
6777 1733
6778 1733
6779 1733
6780 1734
6781 1735
6782 1735
6783 2507
6784 1736
6785 2758
6786 1737
6787 1737
6788 1737
6789 1737
6790 1737
6791 1737
6792 1737
6793 1737
6794 1738
6795 1738
6796 1741
6797 2152
6798 3222
6799 2124
6800 1743
6801 1746
6802 1746
6803 2822
6804 1746
6805 2971
6806 1747
6807 1747
6808 1747
6809 1747
6810 1747
6811 1747
6812 1747
6813 1747
6814 1747
6815 1747
6816 1749
6817 1749
6818 1749
6819 1749
6820 3228
6821 1749
6822 1749
6823 1749
6824 1755
6825 1756
6826 1756
6827 1762
6828 2159
6829 2232
6830 1765
6831 1765
6832 2782
6833 1765
6834 1997
6835 2413
6836 1767
6837 1767
6838 1767
6839 1767
6840 1770
6841 1770
6842 1771
6843 1771
6844 1771
6845 3285
6846 1771
6847 1771
6848 1832
6849 2062
6850 2415
6851 1771
6852 1980
6853 2303
6854 2914
6855 1776
6856 2513
6857 1778
6858 1778
6859 1779
6860 1779
6861 3082
6862 1780
6863 1780
6864 1781
6865 1781
6866 1789
6867 1791
6868 1791
6869 1791
6870 1791
6871 2635
6872 2804
6873 2091
6874 1796
6875 1796
6876 1796
6877 1796
6878 1799
6879 2470
6880 1800
6881 2750
6882 1804
6883 1805
6884 1808
6885 2119
6886 2229
6887 1808
6888 1808
6889 1808
6890 3011
6891 1810
6892 2531
6893 1814
6894 1816
6895 1816
6896 1817
6897 1817
6898 1817
6899 1817
6900 1819
6901 2701
6902 1820
6903 1820
6904 3064
6905 1822
6906 1822
6907 1822
6908 1823
6909 1823
6910 1824
6911 1826
6912 1829
6913 1832
6914 1832
6915 1832
6916 1832
6917 1832
6918 1832
6919 1832
6920 1833
6921 1833
6922 1833
6923 2446
6924 1834
6925 1836
6926 1836
6927 1836
6928 1836
6929 1836
6930 2797
6931 2920
6932 1838
6933 1838
6934 1838
6935 2051
6936 1840
6937 1842
6938 2083
6939 1844
6940 1844
6941 1846
6942 1846
6943 1846
6944 2088
6945 1848
6946 1848
6947 1848
6948 1848
6949 1849
6950 1849
6951 1849
6952 1849
6953 1849
6954 1849
6955 1849
6956 1849
6957 1849
6958 1849
6959 2348
6960 1849
6961 1849
6962 1849
6963 1922
6964 1849
6965 1849
6966 2479
6967 2287
6968 3135
6969 1849
6970 1849
6971 1849
6972 2397
6973 1849
6974 1849
6975 1849
6976 1849
6977 1849
6978 1849
6979 1849
6980 1849
6981 2621
6982 1849
6983 1849
6984 3002
6985 2601
6986 3039
6987 1849
6988 1849
6989 1849
6990 1849
6991 1849
6992 1849
6993 1849
6994 1849
6995 1849
6996 1849
6997 1849
6998 1849
6999 1849
7000 1849
7001 1849
7002 1909
7003 1849
7004 1849
7005 1849
7006 1849
7007 1849
7008 2491
7009 1849
7010 2592
7011 1849
7012 1849
7013 2767
7014 2362
7015 1849
7016 1849
7017 1849
7018 3118
7019 1849
7020 1849
7021 1849
7022 1849
7023 1849
7024 1849
7025 2305
7026 2252
7027 1849
7028 1849
7029 2608
7030 1849
7031 1849
7032 3237
7033 1849
7034 3215
7035 1849
7036 2217
7037 1849
7038 1849
7039 1849
7040 3217
7041 1849
7042 1849
7043 3130
7044 1849
7045 1849
7046 1849
7047 1849
7048 1849
7049 1938
7050 1849
7051 1849
7052 1849
7053 1849
7054 1849
7055 1849
7056 3134
7057 1849
7058 1849
7059 2915
7060 1849
7061 1849
7062 3016
7063 1864
7064 1849
7065 1849
7066 2926
7067 1856
7068 1856
7069 1856
7070 1856
7071 1857
7072 3132
7073 1857
7074 1857
7075 1858
7076 1859
7077 1862
7078 2813
7079 1866
7080 1867
7081 1867
7082 1868
7083 1868
7084 1869
7085 2108
7086 1883
7087 1886
7088 1889
7089 2600
7090 1891
7091 1891
7092 1891
7093 1891
7094 1891
7095 2419
7096 3274
7097 1891
7098 1891
7099 1891
7100 2736
7101 1891
7102 1891
7103 1891
7104 2140
7105 2669
7106 1892
7107 1921
7108 1892
7109 1892
7110 2230
7111 1892
7112 2949
7113 1892
7114 1892
7115 1892
7116 3147
7117 1892
7118 1892
7119 2032
7120 1894
7121 1895
7122 1895
7123 1895
7124 1895
7125 2787
7126 1895
7127 3088
7128 1895
7129 1895
7130 3210
7131 1895
7132 2897
7133 1895
7134 1895
7135 1896
7136 1896
7137 1896
7138 1896
7139 2870
7140 1898
7141 1900
7142 1900
7143 1902
7144 2959
7145 1904
7146 2987
7147 1904
7148 1904
7149 1904
7150 3219
7151 1904
7152 1904
7153 1904
7154 1904
7155 2175
7156 1905
7157 1905
7158 1907
7159 1908
7160 1908
7161 1910
7162 2399
7163 2749
7164 1912
7165 1912
7166 1915
7167 1915
7168 1915
7169 3004
7170 1915
7171 1915
7172 1915
7173 1915
7174 1915
7175 1915
7176 1916
7177 2433
7178 1919
7179 3162
7180 1919
7181 3138
7182 2147
7183 1921
7184 1921
7185 2670
7186 3063
7187 1922
7188 1922
7189 1922
7190 1924
7191 1926
7192 1926
7193 1927
7194 1927
7195 1927
7196 1931
7197 1927
7198 1927
7199 1927
7200 1927
7201 2500
7202 1927
7203 1927
7204 1928
7205 1928
7206 1928
7207 1928
7208 2307
7209 1928
7210 1928
7211 2219
7212 1928
7213 1928
7214 1928
7215 1928
7216 1928
7217 2710
7218 1928
7219 2651
7220 1928
7221 1928
7222 1928
7223 1928
7224 1928
7225 3142
7226 1928
7227 1928
7228 1928
7229 1928
7230 1928
7231 1928
7232 1928
7233 1928
7234 1928
7235 1928
7236 1928
7237 1928
7238 1930
7239 1930
7240 1932
7241 1932
7242 2739
7243 1932
7244 1932
7245 1933
7246 3024
7247 2058
7248 1940
7249 1940
7250 2404
7251 3115
7252 1941
7253 2236
7254 1943
7255 1943
7256 1943
7257 1943
7258 1943
7259 1944
7260 2457
7261 1948
7262 1948
7263 1949
7264 1952
7265 1952
7266 1952
7267 1952
7268 1952
7269 1953
7270 1954
7271 1956
7272 1956
7273 1956
7274 1956
7275 1957
7276 1957
7277 1957
7278 1957
7279 1957
7280 1957
7281 2611
7282 1957
7283 2357
7284 1957
7285 2552
7286 1957
7287 2277
7288 1957
7289 1957
7290 1957
7291 2882
7292 1957
7293 1957
7294 1957
7295 1957
7296 2106
7297 2834
7298 1957
7299 1957
7300 1961
7301 1962
7302 2962
7303 2092
7304 1965
7305 1965
7306 1965
7307 1965
7308 2629
7309 1965
7310 2177
7311 2445
7312 1965
7313 1965
7314 1965
7315 3207
7316 1966
7317 1967
7318 1967
7319 1969
7320 1969
7321 1969
7322 1969
7323 1969
7324 1969
7325 1969
7326 1969
7327 1969
7328 1969
7329 2438
7330 1969
7331 1969
7332 1969
7333 1969
7334 1969
7335 1969
7336 3233
7337 1969
7338 1969
7339 1969
7340 1969
7341 2453
7342 1969
7343 1969
7344 1969
7345 1969
7346 1969
7347 2190
7348 1969
7349 1969
7350 2634
7351 1969
7352 1969
7353 1969
7354 1969
7355 1969
7356 1969
7357 1969
7358 2509
7359 1969
7360 1969
7361 1969
7362 1972
7363 1972
7364 1974
7365 1974
7366 1978
7367 1979
7368 1979
7369 1979
7370 1980
7371 1980
7372 1984
7373 1984
7374 1984
7375 1986
7376 1987
7377 3180
7378 1987
7379 1987
7380 1987
7381 1989
7382 1989
7383 1989
7384 1989
7385 1989
7386 1991
7387 1991
7388 1991
7389 1991
7390 2171
7391 2267
7392 3014
7393 1993
7394 2135
7395 1994
7396 1994
7397 1994
7398 1994
7399 1994
7400 2309
7401 1994
7402 1995
7403 1995
7404 2825
7405 1995
7406 1995
7407 1995
7408 1995
7409 1995
7410 1996
7411 2428
7412 3172
7413 1997
7414 2742
7415 1997
7416 2001
7417 2001
7418 2001
7419 2002
7420 3042
7421 3200
7422 2924
7423 2002
7424 2226
7425 2002
7426 2268
7427 2002
7428 2930
7429 2004
7430 2004
7431 2004
7432 2009
7433 2009
7434 2009
7435 2186
7436 2009
7437 2012
7438 2012
7439 2013
7440 2013
7441 2016
7442 2017
7443 2018
7444 2018
7445 2018
7446 2222
7447 2018
7448 2706
7449 2018
7450 2018
7451 2018
7452 2018
7453 2018
7454 2020
7455 2020
7456 2020
7457 2020
7458 2020
7459 2020
7460 2020
7461 2020
7462 2021
7463 2022
7464 2022
7465 2022
7466 2023
7467 2324
7468 2024
7469 2024
7470 2024
7471 2723
7472 2027
7473 2027
7474 3032
7475 2028
7476 2030
7477 2285
7478 2031
7479 2031
7480 2544
7481 2035
7482 2035
7483 2035
7484 2035
7485 2036
7486 2036
7487 3263
7488 2037
7489 2037
7490 2873
7491 2043
7492 2043
7493 2540
7494 2046
7495 2047
7496 2047
7497 2048
7498 2048
7499 2048
7500 2364
7501 2102
7502 2048
7503 2890
7504 2048
7505 3035
7506 2050
7507 2051
7508 3086
7509 2732
7510 2054
7511 2054
7512 2054
7513 2054
7514 2055
7515 2055
7516 2055
7517 2055
7518 2057
7519 2059
7520 2762
7521 2060
7522 2060
7523 2060
7524 2061
7525 2061
7526 2061
7527 2195
7528 2391
7529 2063
7530 2064
7531 2064
7532 2065
7533 2065
7534 2066
7535 2066
7536 2066
7537 2066
7538 2066
7539 2066
7540 2066
7541 2066
7542 2067
7543 2067
7544 2067
7545 2069
7546 2071
7547 2071
7548 3029
7549 2072
7550 2072
7551 2072
7552 2207
7553 2072
7554 2072
7555 2072
7556 2127
7557 2075
7558 2077
7559 2077
7560 2078
7561 2085
7562 2085
7563 2085
7564 2085
7565 2085
7566 2085
7567 2085
7568 2088
7569 2089
7570 2089
7571 2991
7572 2976
7573 2092
7574 2093
7575 2093
7576 2094
7577 2094
7578 2096
7579 2284
7580 2368
7581 2096
7582 2096
7583 2097
7584 2097
7585 2524
7586 2097
7587 2097
7588 2097
7589 2097
7590 2097
7591 2166
7592 2097
7593 2097
7594 2097
7595 2097
7596 2097
7597 2097
7598 2097
7599 2097
7600 2097
7601 2097
7602 2097
7603 3184
7604 2097
7605 2791
7606 2097
7607 2097
7608 2097
7609 2097
7610 2097
7611 2097
7612 2097
7613 2097
7614 2097
7615 2097
7616 2099
7617 2100
7618 2101
7619 2104
7620 2104
7621 2108
7622 3194
7623 3034
7624 2111
7625 2116
7626 2116
7627 2116
7628 2118
7629 2118
7630 2118
7631 3019
7632 2118
7633 2119
7634 2121
7635 2121
7636 2121
7637 3033
7638 3226
7639 2463
7640 2124
7641 2124
7642 2125
7643 2127
7644 2127
7645 2241
7646 2127
7647 2128
7648 2130
7649 2276
7650 2133
7651 2133
7652 2133
7653 2133
7654 2134
7655 2134
7656 2134
7657 2134
7658 2134
7659 2134
7660 2134
7661 2134
7662 3276
7663 2807
7664 2134
7665 2134
7666 2281
7667 2134
7668 2134
7669 2134
7670 2824
7671 2134
7672 2135
7673 2136
7674 3067
7675 2136
7676 2386
7677 2140
7678 2141
7679 2142
7680 2147
7681 2148
7682 2148
7683 2910
7684 2150
7685 2154
7686 2158
7687 2159
7688 2574
7689 2783
7690 2774
7691 2161
7692 2161
7693 2161
7694 2646
7695 3179
7696 2374
7697 2166
7698 2166
7699 2166
7700 2166
7701 2168
7702 2168
7703 2560
7704 2168
7705 2168
7706 2168
7707 2240
7708 2169
7709 2171
7710 2171
7711 2172
7712 2172
7713 2172
7714 2172
7715 2172
7716 2172
7717 2172
7718 2172
7719 2803
7720 2173
7721 2173
7722 2173
7723 2173
7724 2173
7725 2173
7726 2173
7727 2173
7728 2173
7729 2173
7730 2173
7731 2173
7732 2173
7733 2173
7734 2173
7735 2174
7736 2796
7737 2174
7738 2174
7739 2174
7740 2174
7741 2174
7742 2751
7743 2174
7744 2174
7745 2175
7746 2175
7747 2921
7748 2175
7749 2176
7750 2331
7751 2182
7752 2183
7753 2185
7754 2185
7755 2185
7756 2185
7757 2821
7758 2185
7759 2185
7760 2185
7761 2186
7762 2186
7763 2190
7764 2192
7765 2192
7766 2192
7767 2198
7768 2201
7769 2202
7770 2202
7771 2203
7772 2203
7773 2205
7774 2206
7775 2207
7776 2264
7777 2208
7778 2208
7779 2208
7780 2747
7781 2208
7782 2208
7783 2208
7784 3238
7785 2208
7786 2208
7787 2208
7788 3046
7789 2208
7790 2208
7791 2698
7792 2745
7793 2541
7794 2209
7795 2209
7796 2316
7797 2209
7798 2209
7799 2209
7800 2209
7801 2209
7802 2209
7803 2211
7804 2211
7805 2272
7806 2211
7807 2216
7808 2216
7809 2218
7810 2219
7811 2219
7812 2221
7813 2222
7814 2224
7815 2224
7816 2228
7817 2228
7818 2248
7819 2228
7820 2231
7821 2231
7822 2231
7823 2231
7824 2496
7825 2231
7826 2467
7827 2667
7828 2233
7829 2233
7830 2234
7831 2234
7832 2234
7833 2234
7834 2234
7835 2234
7836 2234
7837 2234
7838 2234
7839 2234
7840 2760
7841 2735
7842 2234
7843 2235
7844 2235
7845 2237
7846 2238
7847 2238
7848 2238
7849 2238
7850 2238
7851 2238
7852 2238
7853 2238
7854 2239
7855 2240
7856 2820
7857 2240
7858 2240
7859 2240
7860 2240
7861 2240
7862 2240
7863 2240
7864 2240
7865 2240
7866 2240
7867 2240
7868 2240
7869 2240
7870 2240
7871 2240
7872 2240
7873 2240
7874 2240
7875 2240
7876 2240
7877 2240
7878 2240
7879 2353
7880 2240
7881 2400
7882 2240
7883 2811
7884 2240
7885 2240
7886 2240
7887 2240
7888 2240
7889 2240
7890 3296
7891 2240
7892 2240
7893 2240
7894 2240
7895 3151
7896 2240
7897 2240
7898 3037
7899 2240
7900 2240
7901 2240
7902 2240
7903 2240
7904 2240
7905 2240
7906 2240
7907 2240
7908 2240
7909 2240
7910 3040
7911 2240
7912 2240
7913 2240
7914 2240
7915 2240
7916 2240
7917 2240
7918 2240
7919 2240
7920 2713
7921 2240
7922 2240
7923 2240
7924 2240
7925 2609
7926 2240
7927 2240
7928 2916
7929 2240
7930 2240
7931 2240
7932 2240
7933 2240
7934 2240
7935 2244
7936 2581
7937 2244
7938 2858
7939 2244
7940 2244
7941 2244
7942 2244
7943 2244
7944 2244
7945 2244
7946 2244
7947 2244
7948 2244
7949 2927
7950 2245
7951 2246
7952 3203
7953 3293
7954 2246
7955 2249
7956 2249
7957 2249
7958 2253
7959 2253
7960 2253
7961 2253
7962 2253
7963 2254
7964 2255
7965 2256
7966 2256
7967 2256
7968 2661
7969 2256
7970 2256
7971 2256
7972 2720
7973 2256
7974 2256
7975 2256
7976 2256
7977 2256
7978 2256
7979 2256
7980 2429
7981 2256
7982 2256
7983 2256
7984 2256
7985 2256
7986 2256
7987 2256
7988 2377
7989 2256
7990 2256
7991 2257
7992 2257
7993 2258
7994 2259
7995 2259
7996 2260
7997 2262
7998 2262
7999 2263
8000 2263
8001 2942
8002 2263
8003 2263
8004 2263
8005 2263
8006 2263
8007 2263
8008 2263
8009 2263
8010 2263
8011 2263
8012 2263
8013 2730
8014 2263
8015 2263
8016 2263
8017 2263
8018 2263
8019 2956
8020 2263
8021 2845
8022 2263
8023 2263
8024 2263
8025 2263
8026 3108
8027 2579
8028 2263
8029 2263
8030 2988
8031 2263
8032 2265
8033 2265
8034 2785
8035 2265
8036 2267
8037 2267
8038 2267
8039 3128
8040 2274
8041 2555
8042 3177
8043 3236
8044 2274
8045 2274
8046 2274
8047 2274
8048 2274
8049 2274
8050 2274
8051 2274
8052 2274
8053 2274
8054 2274
8055 2274
8056 2277
8057 2277
8058 2277
8059 2278
8060 2279
8061 2279
8062 2279
8063 2279
8064 2279
8065 2279
8066 2279
8067 2283
8068 2708
8069 2284
8070 2284
8071 2284
8072 2284
8073 2284
8074 2989
8075 2284
8076 2285
8077 2285
8078 2285
8079 2293
8080 2514
8081 2296
8082 2297
8083 2301
8084 2301
8085 2301
8086 2301
8087 2301
8088 2301
8089 3225
8090 2304
8091 2304
8092 2306
8093 2311
8094 2311
8095 2311
8096 2389
8097 2311
8098 2312
8099 2312
8100 2757
8101 2315
8102 2315
8103 2315
8104 2315
8105 3247
8106 2315
8107 2431
8108 2315
8109 2315
8110 2861
8111 2318
8112 2318
8113 2318
8114 3036
8115 2318
8116 2318
8117 2318
8118 2318
8119 2716
8120 2559
8121 3220
8122 2320
8123 2320
8124 2320
8125 2320
8126 2320
8127 2320
8128 2768
8129 2320
8130 2320
8131 2320
8132 2320
8133 2322
8134 2567
8135 2325
8136 2328
8137 2328
8138 2328
8139 2329
8140 2330
8141 2412
8142 2330
8143 2331
8144 2331
8145 2331
8146 2331
8147 2331
8148 2331
8149 2331
8150 2331
8151 2331
8152 2331
8153 2331
8154 2331
8155 2682
8156 2455
8157 2336
8158 2336
8159 2336
8160 2336
8161 2336
8162 2338
8163 2338
8164 2338
8165 2338
8166 2338
8167 2996
8168 2338
8169 2339
8170 2339
8171 2339
8172 2339
8173 2339
8174 2339
8175 2339
8176 2493
8177 2339
8178 2339
8179 2339
8180 2339
8181 2339
8182 2339
8183 2339
8184 2562
8185 2417
8186 2339
8187 2339
8188 2339
8189 2339
8190 2339
8191 2339
8192 2339
8193 2341
8194 2343
8195 2343
8196 2436
8197 2344
8198 2488
8199 2352
8200 3291
8201 3185
8202 2355
8203 2355
8204 2746
8205 2612
8206 2356
8207 2356
8208 2587
8209 2356
8210 2356
8211 2356
8212 2356
8213 2356
8214 2356
8215 2359
8216 2363
8217 2365
8218 2948
8219 2676
8220 2365
8221 2365
8222 3080
8223 2393
8224 2365
8225 2365
8226 2368
8227 2369
8228 2369
8229 2369
8230 2369
8231 2369
8232 2369
8233 2369
8234 2369
8235 2369
8236 2369
8237 2369
8238 2369
8239 2371
8240 2372
8241 2372
8242 2372
8243 2372
8244 2372
8245 2372
8246 2372
8247 2372
8248 2372
8249 2372
8250 2372
8251 2372
8252 3083
8253 2372
8254 2372
8255 2372
8256 2372
8257 2372
8258 2372
8259 2372
8260 2376
8261 2376
8262 2376
8263 2376
8264 2376
8265 2376
8266 2379
8267 2381
8268 2381
8269 2382
8270 2793
8271 2382
8272 2382
8273 2382
8274 2382
8275 2382
8276 2382
8277 2382
8278 2382
8279 2382
8280 2382
8281 2382
8282 2382
8283 2382
8284 2383
8285 2383
8286 2383
8287 2383
8288 2918
8289 2383
8290 3234
8291 2383
8292 2624
8293 2383
8294 2383
8295 2385
8296 2385
8297 2385
8298 2386
8299 2387
8300 2387
8301 2387
8302 2390
8303 2390
8304 2391
8305 2391
8306 2393
8307 2393
8308 2393
8309 2393
8310 2393
8311 2393
8312 2393
8313 2872
8314 2393
8315 2395
8316 2397
8317 2398
8318 2398
8319 2399
8320 2400
8321 2400
8322 2400
8323 2400
8324 2400
8325 2400
8326 2403
8327 2403
8328 2405
8329 2405
8330 2405
8331 2410
8332 2412
8333 2847
8334 2417
8335 2418
8336 2418
8337 2418
8338 2418
8339 2418
8340 2423
8341 2423
8342 2423
8343 2424
8344 2424
8345 2424
8346 2424
8347 2928
8348 2429
8349 2429
8350 2429
8351 2984
8352 2429
8353 2430
8354 3124
8355 2430
8356 2430
8357 2431
8358 2432
8359 2432
8360 2432
8361 2432
8362 2432
8363 2432
8364 2432
8365 2432
8366 2892
8367 2434
8368 2434
8369 2435
8370 2435
8371 2436
8372 2436
8373 2436
8374 2436
8375 2438
8376 2443
8377 2443
8378 2443
8379 2443
8380 2443
8381 2446
8382 2726
8383 2447
8384 2447
8385 2564
8386 2970
8387 2478
8388 3049
8389 2453
8390 2903
8391 2454
8392 2454
8393 2459
8394 3192
8395 2460
8396 2460
8397 2460
8398 2460
8399 2460
8400 2460
8401 3279
8402 2462
8403 2464
8404 2465
8405 2465
8406 2969
8407 2465
8408 2465
8409 2722
8410 2465
8411 2465
8412 2465
8413 2465
8414 2606
8415 2465
8416 2465
8417 2465
8418 2465
8419 2465
8420 2465
8421 2465
8422 2465
8423 2465
8424 2465
8425 2953
8426 2465
8427 2465
8428 2465
8429 2465
8430 2468
8431 2468
8432 3153
8433 2471
8434 2471
8435 2471
8436 2471
8437 2471
8438 2471
8439 2471
8440 2474
8441 2474
8442 2474
8443 2761
8444 2475
8445 2475
8446 2475
8447 2475
8448 2477
8449 2478
8450 2479
8451 2620
8452 2479
8453 2551
8454 2479
8455 2479
8456 2479
8457 2479
8458 2479
8459 2483
8460 2483
8461 2483
8462 2485
8463 2714
8464 2486
8465 2486
8466 2491
8467 2946
8468 2493
8469 2493
8470 2493
8471 2493
8472 2856
8473 2493
8474 2493
8475 2493
8476 2493
8477 2493
8478 2493
8479 2493
8480 2493
8481 2493
8482 2905
8483 2495
8484 2495
8485 3095
8486 2495
8487 2495
8488 2495
8489 2495
8490 2495
8491 2495
8492 2495
8493 2495
8494 2495
8495 2495
8496 2496
8497 2498
8498 2498
8499 2498
8500 2501
8501 2501
8502 2502
8503 2502
8504 2502
8505 2504
8506 2504
8507 2507
8508 2507
8509 2507
8510 2510
8511 2879
8512 2518
8513 2518
8514 2518
8515 2853
8516 2519
8517 2521
8518 2705
8519 2521
8520 3249
8521 2523
8522 2527
8523 2527
8524 2527
8525 2530
8526 2530
8527 2534
8528 3239
8529 2534
8530 2536
8531 2538
8532 2541
8533 2541
8534 2541
8535 2541
8536 2541
8537 2541
8538 3186
8539 2541
8540 2541
8541 2541
8542 2541
8543 2541
8544 2541
8545 2541
8546 2541
8547 2541
8548 2541
8549 2541
8550 2541
8551 2541
8552 2541
8553 2541
8554 2541
8555 2543
8556 2543
8557 2545
8558 2546
8559 2546
8560 2547
8561 2547
8562 2547
8563 2547
8564 2549
8565 2549
8566 2551
8567 3214
8568 2554
8569 2554
8570 2554
8571 2554
8572 2557
8573 2557
8574 2557
8575 2788
8576 2561
8577 2561
8578 2561
8579 2561
8580 2562
8581 2562
8582 2564
8583 2808
8584 3093
8585 2565
8586 2566
8587 2566
8588 2568
8589 2568
8590 2569
8591 2569
8592 2569
8593 2569
8594 2569
8595 2569
8596 2569
8597 2569
8598 2569
8599 2569
8600 2874
8601 3104
8602 2687
8603 2570
8604 2570
8605 2573
8606 2573
8607 2574
8608 2574
8609 2577
8610 2578
8611 2578
8612 2580
8613 2581
8614 2582
8615 2688
8616 3223
8617 2583
8618 2583
8619 2583
8620 2583
8621 2583
8622 2583
8623 2583
8624 2583
8625 2636
8626 2649
8627 2583
8628 2583
8629 2588
8630 2589
8631 2591
8632 2591
8633 2591
8634 2683
8635 2591
8636 2591
8637 2591
8638 2591
8639 2592
8640 2592
8641 2592
8642 2725
8643 2592
8644 2640
8645 2592
8646 2593
8647 2598
8648 2598
8649 2598
8650 2598
8651 2598
8652 2598
8653 2598
8654 2598
8655 2598
8656 2598
8657 2598
8658 2598
8659 2598
8660 2598
8661 2598
8662 3257
8663 2598
8664 2598
8665 2602
8666 2603
8667 3057
8668 2603
8669 2603
8670 2603
8671 2603
8672 2603
8673 2603
8674 2603
8675 2603
8676 2603
8677 2603
8678 2993
8679 2603
8680 2603
8681 2603
8682 2603
8683 2603
8684 2603
8685 2603
8686 2603
8687 2603
8688 2604
8689 2607
8690 3090
8691 2610
8692 2612
8693 2612
8694 2612
8695 2617
8696 2617
8697 2617
8698 2947
8699 2619
8700 2620
8701 3286
8702 2620
8703 2620
8704 2620
8705 2620
8706 2623
8707 2624
8708 2624
8709 2624
8710 2624
8711 2624
8712 2624
8713 2981
8714 2624
8715 2624
8716 2624
8717 2624
8718 2624
8719 2624
8720 2628
8721 2630
8722 2631
8723 2631
8724 2631
8725 2631
8726 2631
8727 2631
8728 2633
8729 2633
8730 2634
8731 2636
8732 2968
8733 2636
8734 2636
8735 2636
8736 2636
8737 2636
8738 2636
8739 2637
8740 2638
8741 2638
8742 2639
8743 2642
8744 2644
8745 2645
8746 2645
8747 2647
8748 2647
8749 2647
8750 2647
8751 2647
8752 2647
8753 2647
8754 2647
8755 2647
8756 2647
8757 2647
8758 2647
8759 2647
8760 2690
8761 3267
8762 2647
8763 2663
8764 2647
8765 2647
8766 2647
8767 2647
8768 2647
8769 2647
8770 3230
8771 2647
8772 2647
8773 2647
8774 3213
8775 2647
8776 2647
8777 2647
8778 2647
8779 2647
8780 2647
8781 2647
8782 2647
8783 2647
8784 2648
8785 2977
8786 2649
8787 2649
8788 2650
8789 3006
8790 2654
8791 2654
8792 2654
8793 2654
8794 2654
8795 2656
8796 2656
8797 2656
8798 2656
8799 2656
8800 2780
8801 2656
8802 2658
8803 2661
8804 2661
8805 2661
8806 2663
8807 2663
8808 2663
8809 2663
8810 2664
8811 2666
8812 2667
8813 2667
8814 2667
8815 2667
8816 2667
8817 2667
8818 2667
8819 2669
8820 2669
8821 2669
8822 2669
8823 2669
8824 2669
8825 3259
8826 2675
8827 2675
8828 2675
8829 2677
8830 2678
8831 2678
8832 2678
8833 2678
8834 2912
8835 2678
8836 2972
8837 2678
8838 2678
8839 2678
8840 2678
8841 2772
8842 2678
8843 2678
8844 2678
8845 2678
8846 2678
8847 2678
8848 2678
8849 2678
8850 2678
8851 2678
8852 2678
8853 2678
8854 2678
8855 2678
8856 2678
8857 2678
8858 2678
8859 2678
8860 2678
8861 2678
8862 2678
8863 2678
8864 2678
8865 2678
8866 2763
8867 2678
8868 3084
8869 2678
8870 2678
8871 2678
8872 2678
8873 2678
8874 2678
8875 2679
8876 2679
8877 2679
8878 2679
8879 2680
8880 2680
8881 2680
8882 2680
8883 2683
8884 2683
8885 2683
8886 2683
8887 2683
8888 2683
8889 2683
8890 2683
8891 2683
8892 2683
8893 2683
8894 2683
8895 2683
8896 2683
8897 2683
8898 2683
8899 3288
8900 2729
8901 2686
8902 2686
8903 2686
8904 2686
8905 3026
8906 2686
8907 2686
8908 2689
8909 2689
8910 2691
8911 2692
8912 3206
8913 2694
8914 2699
8915 2699
8916 2699
8917 3164
8918 2699
8919 2699
8920 2700
8921 2701
8922 2702
8923 2704
8924 2704
8925 2704
8926 3240
8927 2704
8928 2705
8929 2706
8930 2707
8931 2707
8932 2707
8933 2707
8934 2708
8935 2710
8936 2710
8937 2710
8938 3262
8939 2710
8940 2710
8941 2710
8942 2710
8943 2710
8944 2710
8945 2710
8946 2710
8947 2851
8948 3010
8949 2713
8950 2713
8951 2713
8952 2713
8953 2713
8954 2717
8955 2720
8956 2720
8957 2723
8958 2725
8959 2725
8960 2725
8961 2725
8962 2727
8963 2728
8964 2728
8965 2728
8966 2965
8967 2728
8968 2732
8969 2769
8970 2736
8971 2736
8972 2737
8973 2737
8974 2737
8975 2737
8976 2738
8977 2739
8978 2739
8979 2739
8980 2932
8981 2891
8982 2742
8983 2742
8984 2744
8985 2744
8986 2744
8987 3012
8988 2744
8989 2744
8990 2744
8991 2744
8992 2744
8993 2744
8994 2744
8995 2744
8996 2744
8997 2744
8998 2744
8999 2744
9000 2799
9001 2744
9002 2747
9003 2747
9004 3100
9005 2747
9006 2747
9007 2747
9008 2747
9009 2747
9010 2747
9011 2747
9012 2747
9013 2752
9014 2752
9015 2752
9016 2754
9017 2754
9018 2754
9019 2754
9020 2754
9021 2754
9022 2754
9023 2754
9024 2754
9025 2754
9026 2754
9027 2754
9028 2954
9029 2885
9030 2754
9031 2754
9032 2754
9033 2754
9034 2754
9035 2755
9036 2755
9037 3140
9038 2756
9039 2757
9040 2757
9041 2757
9042 2757
9043 3189
9044 2758
9045 2759
9046 2759
9047 2760
9048 2760
9049 2761
9050 2762
9051 2765
9052 2767
9053 2772
9054 2773
9055 2774
9056 2778
9057 2778
9058 2778
9059 2778
9060 2779
9061 2779
9062 2779
9063 2781
9064 2958
9065 2784
9066 2786
9067 2787
9068 2787
9069 2789
9070 2793
9071 2793
9072 2793
9073 2793
9074 2795
9075 2795
9076 2796
9077 2796
9078 2796
9079 2796
9080 2796
9081 2796
9082 2796
9083 2796
9084 3290
9085 2796
9086 2933
9087 2796
9088 2796
9089 2796
9090 2798
9091 2799
9092 2799
9093 2801
9094 2801
9095 2802
9096 2802
9097 2802
9098 2802
9099 2802
9100 2806
9101 2811
9102 2812
9103 3144
9104 2813
9105 2814
9106 2814
9107 2814
9108 2814
9109 2814
9110 2814
9111 2814
9112 2816
9113 2818
9114 2818
9115 2819
9116 2819
9117 3157
9118 2822
9119 2822
9120 2823
9121 2824
9122 2824
9123 2824
9124 2829
9125 2829
9126 2829
9127 2829
9128 2829
9129 2829
9130 2829
9131 2829
9132 2829
9133 2829
9134 2829
9135 2829
9136 2829
9137 2829
9138 2829
9139 2829
9140 2829
9141 2829
9142 2829
9143 2829
9144 2832
9145 2833
9146 2835
9147 2835
9148 2835
9149 2838
9150 2838
9151 2843
9152 3272
9153 2844
9154 3020
9155 2847
9156 2848
9157 2849
9158 2850
9159 2850
9160 2851
9161 2854
9162 2854
9163 2854
9164 2856
9165 2856
9166 2856
9167 2856
9168 2856
9169 2856
9170 2856
9171 2856
9172 2856
9173 2856
9174 2858
9175 2858
9176 2858
9177 2858
9178 2860
9179 2861
9180 2919
9181 2862
9182 2863
9183 2863
9184 2872
9185 2872
9186 2872
9187 2872
9188 2872
9189 2873
9190 2873
9191 2873
9192 2873
9193 2875
9194 2876
9195 2877
9196 2877
9197 2877
9198 2878
9199 2880
9200 2882
9201 2882
9202 2882
9203 2883
9204 2884
9205 2884
9206 2889
9207 2889
9208 2890
9209 2890
9210 2890
9211 2890
9212 2890
9213 2890
9214 2890
9215 2890
9216 2890
9217 2890
9218 2891
9219 2892
9220 2892
9221 2892
9222 2894
9223 2895
9224 2899
9225 2899
9226 3109
9227 2899
9228 2899
9229 2899
9230 2900
9231 2900
9232 2900
9233 2900
9234 2901
9235 2902
9236 2902
9237 2902
9238 2902
9239 2902
9240 2905
9241 2905
9242 2905
9243 2905
9244 2906
9245 2907
9246 2907
9247 2907
9248 2907
9249 2907
9250 2907
9251 2910
9252 2910
9253 2910
9254 2910
9255 2911
9256 2911
9257 2911
9258 2912
9259 2914
9260 2914
9261 2916
9262 2917
9263 2917
9264 2919
9265 2919
9266 2919
9267 2920
9268 2920
9269 2920
9270 2920
9271 2920
9272 2921
9273 2921
9274 2921
9275 2923
9276 2924
9277 2925
9278 2926
9279 2926
9280 2926
9281 2926
9282 2928
9283 2928
9284 2929
9285 2932
9286 2933
9287 2933
9288 2933
9289 2933
9290 2936
9291 2936
9292 2936
9293 2938
9294 2938
9295 2938
9296 2938
9297 2938
9298 2938
9299 3066
9300 2938
9301 2940
9302 2941
9303 2941
9304 2941
9305 2941
9306 2943
9307 2943
9308 2944
9309 2944
9310 2947
9311 2947
9312 2947
9313 2947
9314 2949
9315 2949
9316 2951
9317 2955
9318 2955
9319 2955
9320 2955
9321 2955
9322 2956
9323 2958
9324 2958
9325 2958
9326 2958
9327 2958
9328 2958
9329 2958
9330 2958
9331 2959
9332 2960
9333 2960
9334 2960
9335 2961
9336 2962
9337 2962
9338 2964
9339 2964
9340 2964
9341 2964
9342 2970
9343 2970
9344 2970
9345 2970
9346 2971
9347 2972
9348 2973
9349 2973
9350 2974
9351 2974
9352 2974
9353 2974
9354 2977
9355 2977
9356 2977
9357 2977
9358 2977
9359 2979
9360 3047
9361 2980
9362 2981
9363 2984
9364 2984
9365 2984
9366 2984
9367 2984
9368 2984
9369 2985
9370 2985
9371 2988
9372 2989
9373 2989
9374 2991
9375 2991
9376 2992
9377 2992
9378 2992
9379 2996
9380 2996
9381 2996
9382 2996
9383 2996
9384 2996
9385 2996
9386 2996
9387 2996
9388 2996
9389 2996
9390 2996
9391 2996
9392 2997
9393 2997
9394 2997
9395 2997
9396 2997
9397 2997
9398 2999
9399 3000
9400 3000
9401 3261
9402 3001
9403 3003
9404 3004
9405 3005
9406 3005
9407 3005
9408 3005
9409 3005
9410 3005
9411 3150
9412 3005
9413 3005
9414 3007
9415 3007
9416 3007
9417 3007
9418 3007
9419 3007
9420 3007
9421 3007
9422 3007
9423 3011
9424 3011
9425 3011
9426 3011
9427 3012
9428 3012
9429 3013
9430 3013
9431 3015
9432 3015
9433 3015
9434 3015
9435 3015
9436 3015
9437 3015
9438 3015
9439 3015
9440 3017
9441 3017
9442 3017
9443 3017
9444 3017
9445 3017
9446 3017
9447 3017
9448 3017
9449 3017
9450 3017
9451 3017
9452 3017
9453 3017
9454 3017
9455 3017
9456 3017
9457 3017
9458 3017
9459 3019
9460 3019
9461 3020
9462 3020
9463 3020
9464 3020
9465 3021
9466 3022
9467 3022
9468 3023
9469 3024
9470 3024
9471 3024
9472 3024
9473 3025
9474 3025
9475 3025
9476 3030
9477 3030
9478 3030
9479 3030
9480 3030
9481 3030
9482 3030
9483 3030
9484 3032
9485 3033
9486 3034
9487 3034
9488 3034
9489 3231
9490 3034
9491 3034
9492 3034
9493 3035
9494 3035
9495 3035
9496 3035
9497 3035
9498 3035
9499 3035
9500 3035
9501 3038
9502 3038
9503 3039
9504 3039
9505 3040
9506 3041
9507 3041
9508 3099
9509 3042
9510 3044
9511 3046
9512 3046
9513 3046
9514 3046
9515 3046
9516 3046
9517 3046
9518 3046
9519 3046
9520 3046
9521 3046
9522 3046
9523 3046
9524 3048
9525 3051
9526 3051
9527 3051
9528 3051
9529 3051
9530 3053
9531 3055
9532 3056
9533 3056
9534 3056
9535 3056
9536 3056
9537 3056
9538 3056
9539 3087
9540 3062
9541 3062
9542 3062
9543 3062
9544 3062
9545 3066
9546 3066
9547 3066
9548 3067
9549 3067
9550 3067
9551 3067
9552 3068
9553 3070
9554 3071
9555 3072
9556 3072
9557 3072
9558 3072
9559 3076
9560 3076
9561 3076
9562 3076
9563 3076
9564 3076
9565 3076
9566 3076
9567 3076
9568 3076
9569 3076
9570 3076
9571 3076
9572 3076
9573 3076
9574 3076
9575 3076
9576 3076
9577 3076
9578 3076
9579 3076
9580 3076
9581 3076
9582 3076
9583 3076
9584 3076
9585 3076
9586 3076
9587 3076
9588 3155
9589 3076
9590 3076
9591 3287
9592 3076
9593 3076
9594 3076
9595 3076
9596 3076
9597 3076
9598 3077
9599 3077
9600 3082
9601 3088
9602 3089
9603 3091
9604 3092
9605 3092
9606 3092
9607 3092
9608 3092
9609 3092
9610 3092
9611 3092
9612 3097
9613 3098
9614 3099
9615 3114
9616 3100
9617 3101
9618 3102
9619 3104
9620 3109
9621 3114
9622 3114
9623 3123
9624 3123
9625 3123
9626 3123
9627 3123
9628 3124
9629 3124
9630 3124
9631 3124
9632 3124
9633 3124
9634 3166
9635 3124
9636 3124
9637 3125
9638 3126
9639 3128
9640 3131
9641 3132
9642 3132
9643 3136
9644 3136
9645 3137
9646 3138
9647 3138
9648 3138
9649 3138
9650 3138
9651 3138
9652 3138
9653 3138
9654 3138
9655 3138
9656 3138
9657 3140
9658 3141
9659 3142
9660 3145
9661 3146
9662 3146
9663 3148
9664 3151
9665 3151
9666 3151
9667 3151
9668 3151
9669 3151
9670 3151
9671 3151
9672 3151
9673 3151
9674 3151
9675 3151
9676 3151
9677 3151
9678 3151
9679 3151
9680 3151
9681 3151
9682 3154
9683 3154
9684 3157
9685 3157
9686 3157
9687 3199
9688 3164
9689 3164
9690 3164
9691 3164
9692 3165
9693 3165
9694 3165
9695 3165
9696 3167
9697 3167
9698 3172
9699 3173
9700 3173
9701 3173
9702 3180
9703 3184
9704 3186
9705 3194
9706 3194
9707 3195
9708 3196
9709 3196
9710 3196
9711 3200
9712 3200
9713 3200
9714 3200
9715 3200
9716 3200
9717 3200
9718 3201
9719 3201
9720 3201
9721 3201
9722 3201
9723 3201
9724 3201
9725 3202
9726 3201
9727 3201
9728 3203
9729 3203
9730 3205
9731 3207
9732 3207
9733 3207
9734 3207
9735 3209
9736 3209
9737 3209
9738 3209
9739 3209
9740 3209
9741 3211
9742 3211
9743 3211
9744 3211
9745 3211
9746 3211
9747 3211
9748 3219
9749 3219
9750 3219
9751 3220
9752 3220
9753 3220
9754 3220
9755 3220
9756 3220
9757 3220
9758 3220
9759 3220
9760 3220
9761 3220
9762 3220
9763 3220
9764 3221
9765 3222
9766 3222
9767 3224
9768 3224
9769 3224
9770 3224
9771 3225
9772 3227
9773 3227
9774 3228
9775 3230
9776 3231
9777 3231
9778 3231
9779 3231
9780 3231
9781 3231
9782 3235
9783 3237
9784 3273
9785 3238
9786 3238
9787 3238
9788 3240
9789 3240
9790 3240
9791 3240
9792 3240
9793 3240
9794 3240
9795 3240
9796 3246
9797 3248
9798 3248
9799 3248
9800 3249
9801 3249
9802 3252
9803 3252
9804 3252
9805 3252
9806 3252
9807 3252
9808 3252
9809 3252
9810 3252
9811 3252
9812 3252
9813 3252
9814 3252
9815 3252
9816 3252
9817 3252
9818 3252
9819 3252
9820 3252
9821 3252
9822 3252
9823 3252
9824 3252
9825 3254
9826 3256
9827 3256
9828 3256
9829 3256
9830 3256
9831 3256
9832 3256
9833 3256
9834 3256
9835 3256
9836 3256
9837 3259
9838 3259
9839 3259
9840 3259
9841 3259
9842 3259
9843 3259
9844 3259
9845 3259
9846 3259
9847 3259
9848 3259
9849 3259
9850 3259
9851 3259
9852 3261
9853 3261
9854 3261
9855 3261
9856 3262
9857 3263
9858 3263
9859 3263
9860 3263
9861 3263
9862 3263
9863 3263
9864 3263
9865 3263
9866 3263
9867 3263
9868 3263
9869 3263
9870 3266
9871 3266
9872 3266
9873 3266
9874 3266
9875 3266
9876 3266
9877 3266
9878 3266
9879 3266
9880 3266
9881 3266
9882 3266
9883 3266
9884 3266
9885 3266
9886 3266
9887 3266
9888 3266
9889 3266
9890 3266
9891 3266
9892 3266
9893 3266
9894 3266
9895 3266
9896 3266
9897 3266
9898 3266
9899 3266
9900 3266
9901 3266
9902 3266
9903 3266
9904 3266
9905 3266
9906 3266
9907 3266
9908 3266
9909 3266
9910 3266
9911 3266
9912 3266
9913 3266
9914 3266
9915 3266
9916 3266
9917 3266
9918 3266
9919 3266
9920 3266
9921 3266
9922 3266
9923 3266
9924 3266
9925 3266
9926 3266
9927 3266
9928 3266
9929 3267
9930 3267
9931 3267
9932 3267
9933 3267
9934 3267
9935 3267
9936 3267
9937 3267
9938 3267
9939 3267
9940 3267
9941 3267
9942 3267
9943 3267
9944 3267
9945 3269
9946 3269
9947 3269
9948 3269
9949 3269
9950 3269
9951 3269
9952 3269
9953 3270
9954 3270
9955 3270
9956 3270
9957 3271
9958 3272
9959 3272
9960 3273
9961 3277
9962 3277
9963 3277
9964 3277
9965 3277
9966 3277
9967 3279
9968 3282
9969 3282
9970 3282
9971 3284
9972 3285
9973 3285
9974 3286
9975 3287
9976 3287
9977 3287
9978 3287
9979 3287
9980 3287
9981 3287
9982 3287
9983 3287
9984 3287
9985 3288
9986 3288
9987 3289
9988 3289
9989 3289
9990 3289
9991 3289
9992 3289
9993 3292
9994 3292
9995 3292
9996 3293
9997 3293
9998 3296
9999 3296
