10000 9999
1 0
2 0
3 0
4 3
5 4
6 0
7 0
8 4
9 4
10 7
11 3
12 9
13 1
14 11
15 3
16 6
17 8
18 7
19 10
20 18
21 0
22 17
23 5
24 15
25 24
26 18
27 10
28 17
29 16
30 7
31 18
32 19
33 18
34 27
35 29
36 20
37 27
38 30
39 22
40 27
41 37
42 41
43 41
44 14
45 16
46 42
47 37
48 47
49 25
50 47
51 36
52 47
53 52
54 34
55 25
56 47
57 47
58 47
59 39
60 47
61 57
62 13
63 47
64 12
65 47
66 47
67 39
68 64
69 47
70 57
71 2
72 51
73 47
74 52
75 50
76 72
77 3
78 47
79 71
80 62
81 47
82 47
83 77
84 72
85 37
86 23
87 47
88 36
89 18
90 79
91 47
92 47
93 40
94 33
95 66
96 60
97 38
98 90
99 47
100 75
101 74
102 47
103 39
104 72
105 68
106 47
107 63
108 107
109 52
110 107
111 42
112 47
113 90
114 47
115 77
116 27
117 107
118 47
119 72
120 92
121 7
122 107
123 81
124 121
125 21
126 99
127 63
128 47
129 113
130 64
131 47
132 45
133 107
134 99
135 76
136 77
137 47
138 44
139 71
140 58
141 52
142 107
143 138
144 47
145 107
146 120
147 107
148 114
149 37
150 148
151 133
152 120
153 82
154 132
155 100
156 35
157 47
158 143
159 79
160 107
161 139
162 145
163 107
164 63
165 63
166 163
167 135
168 23
169 107
170 39
171 47
172 144
173 166
174 70
175 148
176 107
177 174
178 107
179 107
180 107
181 47
182 47
183 169
184 113
185 144
186 47
187 111
188 47
189 113
190 155
191 184
192 150
193 107
194 47
195 107
196 174
197 135
198 184
199 107
200 42
201 184
202 181
203 199
204 137
205 151
206 47
207 63
208 195
209 138
210 170
211 104
212 171
213 196
214 143
215 200
216 178
217 47
218 197
219 56
220 107
221 107
222 128
223 162
224 184
225 124
226 107
227 222
228 47
229 208
230 174
231 109
232 139
233 221
234 231
235 107
236 149
237 116
238 174
239 221
240 110
241 184
242 193
243 128
244 184
245 221
246 46
247 107
248 168
249 184
250 107
251 54
252 221
253 108
254 198
255 107
256 130
257 236
258 70
259 77
260 217
261 107
262 47
263 184
264 202
265 196
266 107
267 221
268 197
269 238
270 181
271 265
272 75
273 120
274 133
275 155
276 42
277 273
278 47
279 147
280 99
281 113
282 107
283 84
284 107
285 218
286 220
287 207
288 181
289 174
290 47
291 171
292 248
293 125
294 271
295 215
296 184
297 68
298 184
299 274
300 297
301 293
302 263
303 184
304 223
305 196
306 232
307 196
308 107
309 220
310 202
311 184
312 102
313 147
314 63
315 47
316 284
317 311
318 265
319 314
320 265
321 268
322 299
323 182
324 312
325 205
326 184
327 208
328 217
329 318
330 159
331 74
332 124
333 68
334 221
335 320
336 103
337 299
338 47
339 240
340 3
341 107
342 332
343 300
344 340
345 242
346 184
347 220
348 200
349 73
350 217
351 184
352 280
353 221
354 135
355 273
356 184
357 207
358 40
359 47
360 120
361 197
362 145
363 208
364 183
365 68
366 47
367 107
368 107
369 203
370 205
371 171
372 293
373 196
374 236
375 314
376 221
377 146
378 257
379 193
380 64
381 323
382 334
383 246
384 233
385 107
386 74
387 184
388 235
389 359
390 270
391 184
392 221
393 112
394 53
395 120
396 293
397 301
398 289
399 212
400 120
401 107
402 184
403 398
404 239
405 131
406 155
407 228
408 221
409 406
410 385
411 314
412 273
413 271
414 90
415 164
416 47
417 396
418 71
419 262
420 293
421 218
422 120
423 253
424 91
425 387
426 406
427 343
428 237
429 265
430 387
431 411
432 206
433 383
434 226
435 256
436 273
437 107
438 77
439 232
440 221
441 200
442 434
443 120
444 70
445 166
446 107
447 328
448 293
449 412
450 141
451 384
452 221
453 362
454 452
455 184
456 50
457 236
458 184
459 335
460 118
461 385
462 207
463 410
464 265
465 208
466 445
467 296
468 338
469 155
470 366
471 465
472 350
473 314
474 221
475 107
476 107
477 221
478 385
479 135
480 445
481 390
482 113
483 276
484 107
485 160
486 184
487 181
488 221
489 299
490 385
491 299
492 301
493 453
494 418
495 402
496 67
497 340
498 117
499 107
500 422
501 308
502 385
503 183
504 475
505 462
506 417
507 27
508 297
509 56
510 394
511 221
512 265
513 337
514 67
515 120
516 462
517 80
518 174
519 218
520 262
521 107
522 42
523 7
524 523
525 55
526 184
527 409
528 218
529 356
530 304
531 32
532 128
533 184
534 208
535 223
536 385
537 479
538 265
539 184
540 242
541 35
542 430
543 377
544 541
545 377
546 369
547 161
548 77
549 544
550 166
551 548
552 387
553 72
554 101
555 184
556 47
557 70
558 197
559 541
560 385
561 316
562 144
563 68
564 184
565 479
566 314
567 107
568 273
569 240
570 86
571 504
572 385
573 436
574 208
575 201
576 386
577 218
578 176
579 377
580 554
581 113
582 383
583 184
584 121
585 456
586 208
587 107
588 412
589 174
590 589
591 503
592 145
593 519
594 155
595 234
596 47
597 283
598 498
599 26
600 138
601 406
602 581
603 554
604 171
605 415
606 398
607 99
608 218
609 71
610 511
611 184
612 162
613 265
614 500
615 610
616 511
617 504
618 221
619 523
620 461
621 448
622 491
623 461
624 213
625 205
626 113
627 156
628 49
629 395
630 624
631 624
632 155
633 239
634 354
635 77
636 342
637 252
638 476
639 236
640 33
641 412
642 220
643 511
644 398
645 602
646 625
647 430
648 591
649 384
650 596
651 532
652 169
653 148
654 221
655 184
656 451
657 241
658 350
659 247
660 335
661 107
662 620
663 190
664 184
665 404
666 650
667 498
668 406
669 377
670 655
671 70
672 411
673 206
674 263
675 476
676 602
677 366
678 421
679 592
680 186
681 265
682 179
683 515
684 642
685 597
686 197
687 529
688 247
689 605
690 285
691 372
692 340
693 430
694 96
695 385
696 47
697 549
698 314
699 94
700 220
701 208
702 249
703 191
704 196
705 317
706 377
707 610
708 139
709 541
710 282
711 246
712 162
713 345
714 107
715 560
716 398
717 293
718 499
719 314
720 446
721 610
722 518
723 671
724 638
725 544
726 325
727 466
728 385
729 187
730 174
731 313
732 593
733 582
734 726
735 430
736 627
737 590
738 339
739 462
740 466
741 511
742 107
743 211
744 481
745 523
746 627
747 490
748 359
749 299
750 370
751 337
752 738
753 385
754 683
755 621
756 322
757 541
758 745
759 444
760 342
761 114
762 722
763 692
764 471
765 359
766 47
767 640
768 174
769 511
770 701
771 564
772 383
773 665
774 81
775 652
776 760
777 384
778 619
779 180
780 667
781 479
782 445
783 460
784 713
785 541
786 610
787 387
788 476
789 405
790 199
791 753
792 742
793 197
794 742
795 610
796 787
797 602
798 87
799 617
800 736
801 383
802 652
803 711
804 624
805 441
806 457
807 187
808 798
809 778
810 366
811 676
812 537
813 169
814 634
815 65
816 429
817 431
818 687
819 755
820 596
821 541
822 184
823 314
824 462
825 809
826 175
827 221
828 354
829 450
830 627
831 542
832 197
833 687
834 107
835 643
836 701
837 317
838 314
839 724
840 713
841 384
842 622
843 43
844 246
845 383
846 301
847 596
848 451
849 314
850 553
851 661
852 510
853 153
854 539
855 664
856 137
857 211
858 498
859 107
860 547
861 184
862 655
863 235
864 860
865 144
866 404
867 583
868 743
869 646
870 565
871 715
872 224
873 771
874 665
875 166
876 610
877 874
878 515
879 854
880 687
881 795
882 852
883 184
884 704
885 208
886 837
887 107
888 210
889 785
890 804
891 142
892 387
893 247
894 755
895 800
896 610
897 511
898 359
899 622
900 538
901 504
902 838
903 596
904 899
905 184
906 429
907 647
908 596
909 541
910 803
911 148
912 424
913 457
914 377
915 668
916 541
917 426
918 822
919 183
920 62
921 474
922 831
923 695
924 184
925 113
926 24
927 385
928 180
929 479
930 184
931 541
932 218
933 468
934 762
935 921
936 819
937 610
938 610
939 107
940 911
941 798
942 265
943 599
944 633
945 944
946 366
947 635
948 895
949 541
950 693
951 511
952 529
953 882
954 184
955 383
956 349
957 354
958 529
959 421
960 941
961 425
962 242
963 583
964 370
965 242
966 602
967 664
968 166
969 354
970 511
971 568
972 588
973 666
974 814
975 621
976 898
977 971
978 66
979 945
980 368
981 788
982 237
983 945
984 814
985 362
986 868
987 218
988 569
989 198
990 818
991 277
992 128
993 742
994 795
995 592
996 596
997 107
998 134
999 295
1000 308
1001 877
1002 541
1003 886
1004 803
1005 466
1006 521
1007 208
1008 945
1009 910
1010 614
1011 884
1012 435
1013 790
1014 571
1015 114
1016 230
1017 427
1018 387
1019 355
1020 665
1021 596
1022 966
1023 129
1024 540
1025 374
1026 287
1027 1004
1028 292
1029 1028
1030 113
1031 265
1032 407
1033 204
1034 493
1035 973
1036 774
1037 869
1038 216
1039 795
1040 691
1041 204
1042 385
1043 823
1044 259
1045 836
1046 1017
1047 21
1048 925
1049 1038
1050 697
1051 410
1052 959
1053 906
1054 350
1055 156
1056 55
1057 644
1058 412
1059 566
1060 197
1061 66
1062 655
1063 184
1064 1003
1065 1033
1066 235
1067 815
1068 275
1069 166
1070 692
1071 207
1072 959
1073 297
1074 748
1075 611
1076 837
1077 286
1078 703
1079 950
1080 707
1081 734
1082 945
1083 493
1084 350
1085 967
1086 1041
1087 972
1088 655
1089 1068
1090 229
1091 406
1092 547
1093 374
1094 596
1095 387
1096 120
1097 993
1098 943
1099 861
1100 502
1101 864
1102 742
1103 884
1104 431
1105 47
1106 265
1107 763
1108 298
1109 329
1110 1107
1111 1091
1112 935
1113 896
1114 273
1115 943
1116 648
1117 519
1118 814
1119 47
1120 1101
1121 459
1122 610
1123 777
1124 1002
1125 791
1126 541
1127 1041
1128 797
1129 1093
1130 422
1131 959
1132 314
1133 972
1134 732
1135 127
1136 1093
1137 723
1138 1056
1139 822
1140 798
1141 621
1142 1057
1143 1087
1144 279
1145 1123
1146 148
1147 722
1148 466
1149 367
1150 1124
1151 385
1152 1041
1153 536
1154 655
1155 291
1156 687
1157 1099
1158 462
1159 807
1160 452
1161 498
1162 466
1163 139
1164 602
1165 596
1166 156
1167 1056
1168 782
1169 511
1170 299
1171 355
1172 833
1173 721
1174 265
1175 429
1176 1115
1177 1044
1178 991
1179 677
1180 610
1181 257
1182 1177
1183 1151
1184 366
1185 996
1186 1089
1187 97
1188 1135
1189 742
1190 51
1191 971
1192 628
1193 511
1194 851
1195 971
1196 996
1197 107
1198 1064
1199 489
1200 563
1201 818
1202 342
1203 166
1204 77
1205 284
1206 884
1207 385
1208 893
1209 927
1210 959
1211 375
1212 803
1213 654
1214 853
1215 188
1216 401
1217 1155
1218 655
1219 224
1220 742
1221 912
1222 1124
1223 532
1224 927
1225 314
1226 885
1227 770
1228 1175
1229 47
1230 1070
1231 708
1232 1159
1233 184
1234 576
1235 676
1236 1179
1237 1074
1238 354
1239 667
1240 205
1241 391
1242 303
1243 379
1244 916
1245 923
1246 1117
1247 464
1248 308
1249 541
1250 440
1251 1096
1252 107
1253 1217
1254 154
1255 466
1256 715
1257 1084
1258 1194
1259 657
1260 222
1261 788
1262 1247
1263 385
1264 431
1265 1006
1266 642
1267 927
1268 1233
1269 160
1270 596
1271 1115
1272 967
1273 225
1274 1096
1275 1096
1276 511
1277 184
1278 1004
1279 165
1280 971
1281 511
1282 476
1283 678
1284 90
1285 1183
1286 205
1287 306
1288 1017
1289 837
1290 837
1291 1130
1292 20
1293 581
1294 221
1295 323
1296 314
1297 1155
1298 1117
1299 385
1300 47
1301 187
1302 521
1303 740
1304 665
1305 262
1306 798
1307 569
1308 157
1309 1138
1310 1245
1311 930
1312 184
1313 939
1314 1041
1315 1275
1316 1155
1317 1191
1318 402
1319 1030
1320 1013
1321 764
1322 368
1323 1185
1324 958
1325 410
1326 838
1327 437
1328 557
1329 1321
1330 856
1331 181
1332 220
1333 99
1334 278
1335 927
1336 115
1337 184
1338 814
1339 377
1340 877
1341 842
1342 1256
1343 347
1344 1096
1345 632
1346 946
1347 467
1348 1212
1349 97
1350 682
1351 163
1352 107
1353 746
1354 184
1355 971
1356 541
1357 1125
1358 1043
1359 239
1360 1095
1361 1134
1362 1358
1363 1361
1364 859
1365 158
1366 242
1367 1041
1368 671
1369 645
1370 954
1371 1050
1372 561
1373 655
1374 1130
1375 969
1376 383
1377 1031
1378 940
1379 730
1380 858
1381 959
1382 1272
1383 1169
1384 610
1385 107
1386 1327
1387 1162
1388 1195
1389 774
1390 985
1391 1331
1392 1041
1393 1124
1394 273
1395 221
1396 47
1397 1132
1398 1120
1399 446
1400 184
1401 558
1402 493
1403 1041
1404 1349
1405 340
1406 713
1407 336
1408 717
1409 148
1410 55
1411 385
1412 836
1413 1314
1414 1011
1415 1282
1416 1258
1417 250
1418 1404
1419 1070
1420 610
1421 1211
1422 294
1423 880
1424 309
1425 739
1426 1157
1427 132
1428 1238
1429 1256
1430 153
1431 742
1432 1378
1433 177
1434 221
1435 1295
1436 1042
1437 302
1438 1272
1439 1349
1440 377
1441 713
1442 1013
1443 1385
1444 807
1445 474
1446 634
1447 1327
1448 752
1449 714
1450 664
1451 1415
1452 655
1453 1086
1454 1356
1455 620
1456 541
1457 1272
1458 537
1459 1434
1460 1041
1461 1419
1462 1173
1463 71
1464 511
1465 929
1466 529
1467 892
1468 1448
1469 754
1470 1385
1471 1070
1472 839
1473 1041
1474 144
1475 1419
1476 1149
1477 1205
1478 1346
1479 1325
1480 1393
1481 387
1482 366
1483 620
1484 1255
1485 610
1486 1399
1487 1440
1488 232
1489 1302
1490 1036
1491 78
1492 184
1493 1093
1494 1451
1495 461
1496 1171
1497 820
1498 1302
1499 1253
1500 587
1501 1463
1502 260
1503 189
1504 221
1505 533
1506 1206
1507 755
1508 1018
1509 1103
1510 1138
1511 1144
1512 1225
1513 350
1514 916
1515 1513
1516 1346
1517 1293
1518 334
1519 1354
1520 655
1521 1494
1522 1385
1523 1478
1524 456
1525 398
1526 1013
1527 1464
1528 1349
1529 1350
1530 655
1531 1305
1532 1400
1533 1416
1534 472
1535 512
1536 664
1537 27
1538 544
1539 627
1540 664
1541 649
1542 1443
1543 1530
1544 413
1545 1539
1546 869
1547 1149
1548 1384
1549 44
1550 713
1551 1376
1552 544
1553 621
1554 642
1555 1191
1556 816
1557 642
1558 144
1559 314
1560 1025
1561 1547
1562 314
1563 330
1564 1555
1565 77
1566 1115
1567 1531
1568 978
1569 1125
1570 1038
1571 945
1572 751
1573 959
1574 1062
1575 1530
1576 1536
1577 1562
1578 48
1579 147
1580 528
1581 659
1582 74
1583 1432
1584 1475
1585 650
1586 659
1587 314
1588 1578
1589 1254
1590 642
1591 1089
1592 870
1593 1276
1594 1406
1595 157
1596 782
1597 106
1598 905
1599 796
1600 107
1601 1322
1602 1393
1603 1265
1604 321
1605 1290
1606 29
1607 1605
1608 220
1609 959
1610 1063
1611 1370
1612 758
1613 1254
1614 856
1615 462
1616 193
1617 429
1618 1120
1619 1155
1620 1348
1621 554
1622 805
1623 714
1624 1149
1625 723
1626 1327
1627 664
1628 466
1629 986
1630 1601
1631 869
1632 1434
1633 1121
1634 909
1635 1042
1636 510
1637 1540
1638 667
1639 617
1640 494
1641 967
1642 1577
1643 1567
1644 627
1645 541
1646 709
1647 764
1648 1236
1649 776
1650 869
1651 921
1652 1361
1653 1245
1654 1461
1655 1505
1656 829
1657 367
1658 184
1659 1290
1660 1304
1661 1383
1662 184
1663 1220
1664 273
1665 1318
1666 184
1667 945
1668 1481
1669 1040
1670 624
1671 1280
1672 959
1673 493
1674 1307
1675 171
1676 853
1677 1229
1678 1603
1679 1644
1680 1245
1681 197
1682 107
1683 1667
1684 1070
1685 77
1686 1136
1687 1685
1688 1325
1689 107
1690 1092
1691 447
1692 545
1693 634
1694 33
1695 184
1696 771
1697 1277
1698 884
1699 28
1700 1698
1701 505
1702 1281
1703 362
1704 1407
1705 1590
1706 998
1707 1611
1708 1367
1709 712
1710 483
1711 912
1712 1308
1713 1466
1714 1694
1715 1710
1716 516
1717 799
1718 1564
1719 959
1720 1348
1721 1604
1722 128
1723 1305
1724 236
1725 1475
1726 1339
1727 1324
1728 544
1729 1156
1730 70
1731 183
1732 1400
1733 756
1734 558
1735 1271
1736 869
1737 1149
1738 387
1739 655
1740 1629
1741 1117
1742 1363
1743 1100
1744 1244
1745 900
1746 1124
1747 1410
1748 408
1749 1337
1750 1624
1751 1013
1752 814
1753 369
1754 939
1755 162
1756 1213
1757 742
1758 837
1759 206
1760 1268
1761 269
1762 631
1763 1349
1764 949
1765 140
1766 1102
1767 1284
1768 1700
1769 1072
1770 1581
1771 1472
1772 1610
1773 687
1774 830
1775 1088
1776 1504
1777 511
1778 743
1779 1532
1780 1760
1781 996
1782 1310
1783 1761
1784 360
1785 947
1786 529
1787 1553
1788 1588
1789 541
1790 1522
1791 1191
1792 352
1793 1457
1794 1670
1795 1565
1796 629
1797 945
1798 554
1799 350
1800 602
1801 181
1802 402
1803 511
1804 1125
1805 684
1806 687
1807 462
1808 544
1809 1577
1810 1436
1811 1694
1812 554
1813 945
1814 1475
1815 901
1816 1150
1817 357
1818 1400
1819 1560
1820 1481
1821 680
1822 1305
1823 1733
1824 1601
1825 1256
1826 1680
1827 1400
1828 324
1829 1767
1830 1138
1831 1674
1832 1798
1833 1817
1834 1652
1835 1834
1836 206
1837 615
1838 1109
1839 1114
1840 107
1841 1386
1842 797
1843 920
1844 916
1845 780
1846 384
1847 1806
1848 1106
1849 1729
1850 1278
1851 1124
1852 803
1853 887
1854 1484
1855 814
1856 385
1857 850
1858 1530
1859 99
1860 908
1861 1588
1862 1313
1863 1295
1864 1722
1865 368
1866 1231
1867 464
1868 1433
1869 1312
1870 1289
1871 1678
1872 184
1873 1310
1874 1738
1875 1212
1876 184
1877 155
1878 1836
1879 1221
1880 1591
1881 1301
1882 1071
1883 664
1884 1253
1885 913
1886 1013
1887 1038
1888 1089
1889 169
1890 120
1891 1326
1892 1245
1893 1642
1894 184
1895 1272
1896 1895
1897 708
1898 1316
1899 1855
1900 1731
1901 1825
1902 528
1903 551
1904 1627
1905 1256
1906 1688
1907 1713
1908 1638
1909 337
1910 1042
1911 1254
1912 1596
1913 880
1914 1475
1915 1766
1916 1013
1917 1564
1918 945
1919 1602
1920 1031
1921 662
1922 385
1923 1041
1924 860
1925 573
1926 963
1927 1269
1928 1004
1929 986
1930 1400
1931 511
1932 1794
1933 1043
1934 1286
1935 1440
1936 561
1937 1063
1938 47
1939 1279
1940 1810
1941 369
1942 1831
1943 385
1944 1252
1945 1879
1946 1038
1947 624
1948 476
1949 1691
1950 1739
1951 613
1952 1062
1953 1856
1954 644
1955 1332
1956 722
1957 1106
1958 913
1959 1044
1960 667
1961 346
1962 902
1963 1530
1964 189
1965 869
1966 337
1967 527
1968 1804
1969 1622
1970 1635
1971 1266
1972 314
1973 782
1974 1298
1975 1138
1976 1842
1977 1579
1978 1479
1979 1349
1980 72
1981 107
1982 1318
1983 877
1984 1638
1985 1877
1986 904
1987 905
1988 1125
1989 1878
1990 1974
1991 1149
1992 998
1993 1769
1994 610
1995 1402
1996 1368
1997 1599
1998 1709
1999 1758
2000 1694
2001 1757
2002 106
2003 1817
2004 1849
2005 662
2006 1567
2007 1846
2008 637
2009 773
2010 665
2011 1582
2012 59
2013 392
2014 2008
2015 1253
2016 1868
2017 1037
2018 1417
2019 1716
2020 1108
2021 913
2022 1440
2023 385
2024 781
2025 957
2026 1256
2027 736
2028 931
2029 1423
2030 1565
2031 1719
2032 903
2033 664
2034 1475
2035 1318
2036 1238
2037 984
2038 1428
2039 595
2040 479
2041 2021
2042 1256
2043 1992
2044 1690
2045 962
2046 1967
2047 355
2048 1266
2049 1351
2050 107
2051 120
2052 1500
2053 649
2054 1093
2055 1338
2056 389
2057 1749
2058 884
2059 1888
2060 2050
2061 1564
2062 1719
2063 1350
2064 1111
2065 47
2066 1172
2067 176
2068 1564
2069 1238
2070 610
2071 672
2072 2030
2073 1570
2074 1864
2075 1171
2076 1202
2077 1426
2078 1618
2079 1393
2080 745
2081 1997
2082 745
2083 1995
2084 1272
2085 1513
2086 1773
2087 1919
2088 1817
2089 1577
2090 2077
2091 1966
2092 1048
2093 1668
2094 77
2095 509
2096 1475
2097 1478
2098 889
2099 222
2100 621
2101 2010
2102 1593
2103 1995
2104 314
2105 987
2106 184
2107 1997
2108 945
2109 943
2110 959
2111 2041
2112 430
2113 1413
2114 1575
2115 1497
2116 581
2117 469
2118 945
2119 902
2120 1263
2121 1781
2122 1616
2123 803
2124 107
2125 754
2126 626
2127 1525
2128 1436
2129 1939
2130 403
2131 2081
2132 1762
2133 1305
2134 840
2135 1327
2136 1638
2137 610
2138 2018
2139 676
2140 818
2141 1991
2142 1513
2143 1814
2144 1505
2145 608
2146 528
2147 1885
2148 711
2149 2047
2150 875
2151 1715
2152 382
2153 1816
2154 1097
2155 1349
2156 488
2157 633
2158 1318
2159 387
2160 205
2161 1983
2162 808
2163 943
2164 47
2165 496
2166 1495
2167 789
2168 498
2169 762
2170 1840
2171 495
2172 1442
2173 209
2174 1897
2175 1684
2176 1967
2177 2038
2178 1797
2179 1044
2180 1694
2181 346
2182 273
2183 1289
2184 1044
2185 1781
2186 658
2187 1864
2188 171
2189 1210
2190 2121
2191 1668
2192 602
2193 1475
2194 1302
2195 1268
2196 2014
2197 1917
2198 1165
2199 603
2200 624
2201 1198
2202 1458
2203 675
2204 393
2205 2162
2206 598
2207 1020
2208 814
2209 1056
2210 2171
2211 1117
2212 554
2213 731
2214 1817
2215 1594
2216 1686
2217 1393
2218 917
2219 2186
2220 1610
2221 1096
2222 924
2223 1621
2224 69
2225 2106
2226 314
2227 596
2228 1905
2229 2105
2230 1719
2231 1541
2232 1850
2233 1599
2234 1497
2235 648
2236 383
2237 610
2238 452
2239 1775
2240 2166
2241 2051
2242 1343
2243 2044
2244 1530
2245 412
2246 1874
2247 72
2248 1416
2249 2079
2250 1532
2251 1862
2252 636
2253 1705
2254 1671
2255 820
2256 856
2257 2071
2258 1497
2259 2123
2260 2148
2261 2144
2262 706
2263 1434
2264 1381
2265 1751
2266 107
2267 1817
2268 1443
2269 777
2270 127
2271 1817
2272 2097
2273 181
2274 717
2275 1865
2276 299
2277 1372
2278 2244
2279 1911
2280 1705
2281 467
2282 1295
2283 350
2284 1494
2285 2166
2286 1391
2287 1048
2288 821
2289 927
2290 1272
2291 1817
2292 847
2293 462
2294 1847
2295 610
2296 945
2297 98
2298 877
2299 1138
2300 2156
2301 2242
2302 1603
2303 107
2304 1813
2305 305
2306 971
2307 1949
2308 1041
2309 2074
2310 928
2311 1964
2312 2288
2313 822
2314 1619
2315 1122
2316 912
2317 610
2318 2265
2319 520
2320 1957
2321 1869
2322 1582
2323 1077
2324 933
2325 1295
2326 933
2327 860
2328 1993
2329 412
2330 633
2331 2071
2332 1349
2333 1530
2334 874
2335 1253
2336 2283
2337 1212
2338 2073
2339 806
2340 1431
2341 197
2342 573
2343 72
2344 706
2345 1641
2346 1266
2347 22
2348 945
2349 1286
2350 1694
2351 1305
2352 2066
2353 1817
2354 735
2355 813
2356 2098
2357 713
2358 1707
2359 315
2360 2213
2361 797
2362 959
2363 385
2364 532
2365 1923
2366 1354
2367 1947
2368 2196
2369 995
2370 430
2371 2102
2372 1984
2373 2162
2374 1943
2375 572
2376 1434
2377 431
2378 1610
2379 1734
2380 1261
2381 184
2382 620
2383 1291
2384 1697
2385 1573
2386 1115
2387 971
2388 1948
2389 676
2390 2310
2391 1767
2392 1119
2393 1788
2394 273
2395 2306
2396 1629
2397 1107
2398 2079
2399 429
2400 959
2401 541
2402 977
2403 779
2404 811
2405 1359
2406 554
2407 37
2408 1694
2409 1797
2410 745
2411 715
2412 1297
2413 2047
2414 184
2415 1214
2416 1136
2417 1467
2418 664
2419 125
2420 1947
2421 1785
2422 2280
2423 2216
2424 2280
2425 2026
2426 664
2427 1327
2428 2415
2429 2322
2430 1673
2431 1855
2432 1767
2433 1665
2434 74
2435 295
2436 2030
2437 1997
2438 1965
2439 2266
2440 1539
2441 2280
2442 325
2443 1995
2444 1033
2445 1305
2446 1645
2447 1785
2448 1786
2449 1191
2450 664
2451 2196
2452 2266
2453 1494
2454 618
2455 2410
2456 1219
2457 1948
2458 2333
2459 877
2460 2197
2461 2261
2462 1530
2463 1674
2464 1601
2465 2079
2466 2079
2467 634
2468 2379
2469 1606
2470 1112
2471 1200
2472 2138
2473 1753
2474 2197
2475 843
2476 1972
2477 959
2478 1289
2479 2328
2480 1758
2481 905
2482 2219
2483 1984
2484 1013
2485 2437
2486 2010
2487 1324
2488 1926
2489 1266
2490 1540
2491 1292
2492 1847
2493 2418
2494 257
2495 301
2496 205
2497 1855
2498 2274
2499 412
2500 2010
2501 2276
2502 908
2503 1607
2504 2260
2505 1665
2506 2406
2507 2071
2508 1896
2509 708
2510 1984
2511 1962
2512 1418
2513 2101
2514 1033
2515 1884
2516 2410
2517 1579
2518 625
2519 2464
2520 758
2521 47
2522 2094
2523 2266
2524 1444
2525 1160
2526 294
2527 2288
2528 1801
2529 2030
2530 1259
2531 47
2532 1475
2533 798
2534 2476
2535 2410
2536 2159
2537 1864
2538 174
2539 324
2540 166
2541 2341
2542 1125
2543 2518
2544 2196
2545 2027
2546 1521
2547 1952
2548 1114
2549 812
2550 906
2551 2303
2552 314
2553 740
2554 2410
2555 2030
2556 2043
2557 2411
2558 2489
2559 1756
2560 602
2561 1638
2562 1382
2563 1070
2564 791
2565 870
2566 1465
2567 877
2568 2537
2569 1446
2570 1053
2571 291
2572 1805
2573 2547
2574 1494
2575 184
2576 2210
2577 2043
2578 2020
2579 512
2580 2410
2581 555
2582 1352
2583 2577
2584 1075
2585 845
2586 2236
2587 1174
2588 1721
2589 1579
2590 540
2591 610
2592 1475
2593 940
2594 1275
2595 1191
2596 359
2597 1914
2598 905
2599 2410
2600 981
2601 1425
2602 943
2603 2331
2604 1947
2605 1177
2606 711
2607 1140
2608 696
2609 1238
2610 664
2611 971
2612 1872
2613 2421
2614 880
2615 2097
2616 630
2617 1114
2618 511
2619 1057
2620 1567
2621 183
2622 1599
2623 1009
2624 1204
2625 837
2626 523
2627 1613
2628 1438
2629 1902
2630 1853
2631 1813
2632 1945
2633 2280
2634 420
2635 2619
2636 664
2637 1916
2638 772
2639 1272
2640 2518
2641 1212
2642 1615
2643 2330
2644 1610
2645 107
2646 1776
2647 554
2648 1696
2649 107
2650 1071
2651 692
2652 959
2653 377
2654 71
2655 2537
2656 2227
2657 2042
2658 626
2659 2219
2660 2030
2661 771
2662 1355
2663 586
2664 511
2665 2174
2666 2141
2667 1136
2668 2288
2669 2439
2670 1947
2671 1004
2672 1645
2673 2485
2674 1792
2675 2674
2676 1515
2677 2132
2678 814
2679 2622
2680 959
2681 1811
2682 2123
2683 1825
2684 1298
2685 1041
2686 2260
2687 1997
2688 540
2689 2686
2690 2545
2691 1453
2692 2463
2693 616
2694 1710
2695 2495
2696 2132
2697 899
2698 1034
2699 1379
2700 933
2701 1877
2702 371
2703 2047
2704 2317
2705 1423
2706 2247
2707 1958
2708 1707
2709 2405
2710 1563
2711 952
2712 2074
2713 218
2714 2346
2715 195
2716 2395
2717 1815
2718 891
2719 2147
2720 2633
2721 1361
2722 1130
2723 2585
2724 1678
2725 1746
2726 1889
2727 1064
2728 2638
2729 1273
2730 2057
2731 1396
2732 1751
2733 2618
2734 529
2735 1494
2736 1681
2737 1758
2738 2709
2739 2316
2740 976
2741 2410
2742 2703
2743 1602
2744 1668
2745 2518
2746 2563
2747 1813
2748 2680
2749 2237
2750 2436
2751 908
2752 2703
2753 2300
2754 2703
2755 1503
2756 2410
2757 384
2758 1066
2759 2410
2760 2112
2761 1995
2762 2234
2763 1064
2764 2165
2765 2517
2766 1825
2767 2493
2768 600
2769 997
2770 971
2771 2389
2772 610
2773 2265
2774 2415
2775 2012
2776 2619
2777 2697
2778 1361
2779 393
2780 2126
2781 368
2782 2652
2783 2095
2784 664
2785 2728
2786 1457
2787 2289
2788 2652
2789 2432
2790 1057
2791 1650
2792 1984
2793 2358
2794 1353
2795 1433
2796 2722
2797 1633
2798 1115
2799 367
2800 2668
2801 2652
2802 2703
2803 1621
2804 687
2805 659
2806 814
2807 759
2808 876
2809 1846
2810 2470
2811 2758
2812 1524
2813 170
2814 2306
2815 184
2816 1115
2817 979
2818 1237
2819 1770
2820 2798
2821 2028
2822 1857
2823 2548
2824 2410
2825 1908
2826 573
2827 945
2828 2410
2829 2797
2830 966
2831 1145
2832 2819
2833 2638
2834 2644
2835 1692
2836 2804
2837 554
2838 1350
2839 2410
2840 2290
2841 2327
2842 1660
2843 1326
2844 1557
2845 1657
2846 2091
2847 794
2848 2290
2849 1027
2850 1548
2851 2410
2852 2216
2853 1470
2854 2065
2855 1729
2856 1782
2857 128
2858 1060
2859 2312
2860 2568
2861 2628
2862 558
2863 2071
2864 1093
2865 858
2866 477
2867 2797
2868 662
2869 1857
2870 2083
2871 1494
2872 837
2873 2527
2874 314
2875 955
2876 1120
2877 717
2878 835
2879 2616
2880 1921
2881 1997
2882 882
2883 1876
2884 2013
2885 681
2886 2148
2887 2328
2888 501
2889 610
2890 1804
2891 2703
2892 2577
2893 2683
2894 1984
2895 314
2896 2418
2897 2726
2898 1328
2899 2155
2900 342
2901 2053
2902 487
2903 2537
2904 2879
2905 567
2906 2624
2907 269
2908 1873
2909 2822
2910 2140
2911 2872
2912 2902
2913 916
2914 2699
2915 2435
2916 2809
2917 2273
2918 1049
2919 47
2920 2360
2921 664
2922 2710
2923 2683
2924 1918
2925 2288
2926 525
2927 2758
2928 2117
2929 1623
2930 2791
2931 1613
2932 114
2933 1846
2934 1004
2935 2921
2936 2484
2937 1117
2938 1530
2939 1694
2940 1775
2941 1290
2942 1589
2943 2933
2944 2288
2945 2884
2946 2074
2947 1467
2948 357
2949 2207
2950 689
2951 2725
2952 2748
2953 1305
2954 1041
2955 1181
2956 2317
2957 2100
2958 2703
2959 2493
2960 2425
2961 1168
2962 1422
2963 1292
2964 1349
2965 2493
2966 1526
2967 894
2968 674
2969 69
2970 741
2971 1892
2972 750
2973 2410
2974 2970
2975 1273
2976 2955
2977 2518
2978 2970
2979 1568
2980 2518
2981 493
2982 1970
2983 1784
2984 1761
2985 837
2986 2228
2987 2951
2988 2230
2989 1412
2990 2987
2991 2470
2992 2200
2993 2703
2994 1984
2995 1378
2996 122
2997 2758
2998 377
2999 2425
3000 182
3001 2944
3002 1133
3003 2518
3004 1042
3005 2324
3006 2276
3007 2493
3008 2427
3009 1586
3010 2047
3011 1181
3012 2261
3013 2782
3014 1272
3015 927
3016 1297
3017 1534
3018 541
3019 977
3020 2928
3021 2693
3022 2415
3023 2703
3024 1272
3025 2288
3026 1986
3027 1171
3028 1349
3029 1175
3030 2410
3031 364
3032 974
3033 2302
3034 2106
3035 221
3036 2825
3037 874
3038 1861
3039 2576
3040 2164
3041 1832
3042 2652
3043 676
3044 2502
3045 2499
3046 2735
3047 2612
3048 1579
3049 2758
3050 1656
3051 2470
3052 869
3053 1347
3054 1565
3055 144
3056 309
3057 1947
3058 1041
3059 1046
3060 2005
3061 314
3062 1305
3063 745
3064 1254
3065 2758
3066 2761
3067 2241
3068 2320
3069 958
3070 2456
3071 2266
3072 2342
3073 2315
3074 1767
3075 1986
3076 383
3077 1867
3078 2410
3079 2570
3080 2572
3081 1321
3082 2699
3083 2030
3084 529
3085 1437
3086 1492
3087 1945
3088 1441
3089 1118
3090 463
3091 236
3092 1579
3093 2280
3094 2969
3095 1852
3096 2954
3097 2410
3098 1371
3099 2591
3100 2029
3101 210
3102 1916
3103 1318
3104 258
3105 1358
3106 2991
3107 2633
3108 3094
3109 2410
3110 1302
3111 1008
3112 1938
3113 1593
3114 1885
3115 3023
3116 782
3117 2800
3118 540
3119 2826
3120 1922
3121 971
3122 1025
3123 2026
3124 997
3125 1128
3126 2699
3127 3009
3128 2904
3129 2634
3130 554
3131 2508
3132 1927
3133 1383
3134 1041
3135 920
3136 2599
3137 2862
3138 2926
3139 2915
3140 2864
3141 2288
3142 2703
3143 1769
3144 2651
3145 1723
3146 2045
3147 1429
3148 2698
3149 1089
3150 3038
3151 2699
3152 494
3153 2481
3154 2804
3155 370
3156 2079
3157 3140
3158 935
3159 1648
3160 1308
3161 2688
3162 2666
3163 1938
3164 1146
3165 385
3166 3052
3167 1731
3168 1305
3169 1565
3170 2635
3171 2642
3172 581
3173 1980
3174 1997
3175 2209
3176 2588
3177 2615
3178 1105
3179 2302
3180 1490
3181 1176
3182 2265
3183 1802
3184 1173
3185 2542
3186 3093
3187 1694
3188 2943
3189 2650
3190 120
3191 2977
3192 1650
3193 2210
3194 2410
3195 2688
3196 2618
3197 3178
3198 1743
3199 2576
3200 2820
3201 3108
3202 2717
3203 415
3204 2807
3205 2863
3206 2833
3207 2902
3208 3132
3209 2425
3210 610
3211 2809
3212 1644
3213 2405
3214 1385
3215 1289
3216 2819
3217 1330
3218 2338
3219 170
3220 385
3221 1921
3222 2053
3223 2410
3224 2430
3225 990
3226 870
3227 2690
3228 1494
3229 2684
3230 2635
3231 1316
3232 3128
3233 2220
3234 2666
3235 348
3236 2161
3237 1515
3238 3066
3239 1471
3240 2985
3241 3195
3242 2477
3243 2703
3244 1398
3245 606
3246 3166
3247 1984
3248 2364
3249 2879
3250 498
3251 3086
3252 818
3253 297
3254 68
3255 2758
3256 616
3257 1451
3258 2408
3259 1247
3260 1694
3261 318
3262 2703
3263 2176
3264 273
3265 314
3266 3255
3267 273
3268 3264
3269 1660
3270 1630
3271 2758
3272 2876
3273 741
3274 2502
3275 1984
3276 2026
3277 2809
3278 2276
3279 2065
3280 2717
3281 3064
3282 2015
3283 2445
3284 331
3285 563
3286 1995
3287 1539
3288 880
3289 2644
3290 2970
3291 1283
3292 3078
3293 1614
3294 1540
3295 965
3296 2144
3297 1427
3298 71
3299 2491
3300 62
3301 1047
3302 83
3303 497
3304 44
3305 3285
3306 2926
3307 1699
3308 1029
3309 4
3310 524
3311 1187
3312 225
3313 531
3314 251
3315 35
3316 39
3317 89
3318 2602
3319 699
3320 31
3321 1190
3322 125
3323 2347
3324 570
3325 926
3326 1192
3327 507
3328 237
3329 1093
3330 1537
3331 40
3332 1606
3333 767
3334 1694
3335 627
3336 541
3337 88
3338 843
3339 85
3340 2407
3341 37
3342 2359
3343 514
3344 2775
3345 2813
3346 1704
3347 358
3348 93
3349 2151
3350 844
3351 807
3352 522
3353 348
3354 2173
3355 1549
3356 416
3357 1300
3358 99
3359 359
3360 123
3361 2204
3362 47
3363 2731
3364 556
3365 1938
3366 2521
3367 47
3368 673
3369 405
3370 234
3371 956
3372 1821
3373 172
3374 2539
3375 1041
3376 912
3377 171
3378 766
3379 47
3380 1595
3381 47
3382 2531
3383 1765
3384 509
3385 1119
3386 47
3387 3201
3388 3178
3389 3203
3390 694
3391 1032
3392 1334
3393 47
3394 47
3395 194
3396 2065
3397 57
3398 47
3399 47
3400 468
3401 1578
3402 1491
3403 783
3404 3190
3405 3000
3406 270
3407 47
3408 3040
3409 2002
3410 2919
3411 2608
3412 1482
3413 290
3414 1585
3415 2812
3416 47
3417 761
3418 66
3419 47
3420 419
3421 47
3422 1067
3423 217
3424 47
3425 1215
3426 1676
3427 1229
3428 1306
3429 1260
3430 100
3431 685
3432 51
3433 3050
3434 1234
3435 2882
3436 1747
3437 55
3438 1510
3439 219
3440 2538
3441 57
3442 61
3443 57
3444 62
3445 1843
3446 62
3447 517
3448 63
3449 357
3450 1059
3451 63
3452 1279
3453 1216
3454 2270
3455 380
3456 1012
3457 64
3458 1061
3459 978
3460 95
3461 2165
3462 1073
3463 68
3464 105
3465 3254
3466 68
3467 365
3468 333
3469 2224
3470 1730
3471 3104
3472 2807
3473 70
3474 671
3475 70
3476 1328
3477 90
3478 139
3479 2654
3480 609
3481 494
3482 1501
3483 72
3484 850
3485 72
3486 3173
3487 857
3488 2247
3489 119
3490 2343
3491 167
3492 580
3493 2434
3494 3284
3495 2322
3496 272
3497 75
3498 75
3499 635
3500 1685
3501 136
3502 2522
3503 77
3504 2906
3505 77
3506 1903
3507 1336
3508 2030
3509 77
3510 2179
3511 438
3512 2922
3513 1389
3514 98
3515 1503
3516 1767
3517 414
3518 97
3519 97
3520 1349
3521 2297
3522 1333
3523 998
3524 1859
3525 607
3526 99
3527 126
3528 2675
3529 99
3530 1888
3531 106
3532 1597
3533 1252
3534 1682
3535 107
3536 107
3537 2301
3538 122
3539 442
3540 1790
3541 107
3542 2645
3543 2718
3544 1948
3545 107
3546 379
3547 255
3548 1486
3549 1269
3550 1908
3551 1942
3552 2170
3553 2649
3554 587
3555 2124
3556 1302
3557 1351
3558 618
3559 2060
3560 107
3561 1689
3562 2266
3563 107
3564 2582
3565 2248
3566 834
3567 1170
3568 1936
3569 1197
3570 617
3571 107
3572 1511
3573 2918
3574 107
3575 1000
3576 1149
3577 2390
3578 266
3579 1327
3580 1862
3581 893
3582 176
3583 2905
3584 341
3585 199
3586 3124
3587 2726
3588 107
3589 859
3590 261
3591 107
3592 107
3593 107
3594 107
3595 1981
3596 107
3597 980
3598 1600
3599 388
3600 1623
3601 742
3602 282
3603 2472
3604 2551
3605 107
3606 718
3607 1350
3608 484
3609 2630
3610 423
3611 679
3612 1226
3613 107
3614 107
3615 107
3616 3165
3617 107
3618 1030
3619 482
3620 113
3621 925
3622 954
3623 129
3624 281
3625 3172
3626 2780
3627 653
3628 2932
3629 1015
3630 114
3631 120
3632 579
3633 120
3634 400
3635 120
3636 152
3637 422
3638 120
3639 1796
3640 120
3641 1394
3642 2125
3643 1251
3644 443
3645 120
3646 2983
3647 1890
3648 2241
3649 121
3650 584
3651 121
3652 2996
3653 124
3654 342
3655 125
3656 125
3657 2419
3658 420
3659 126
3660 126
3661 1188
3662 128
3663 128
3664 1722
3665 128
3666 243
3667 532
3668 992
3669 2857
3670 1023
3671 132
3672 3064
3673 1240
3674 134
3675 197
3676 135
3677 479
3678 2025
3679 856
3680 1365
3681 600
3682 139
3683 860
3684 1866
3685 1163
3686 1488
3687 143
3688 214
3689 1474
3690 865
3691 1558
3692 562
3693 144
3694 3055
3695 185
3696 712
3697 1083
3698 3048
3699 2213
3700 147
3701 1378
3702 148
3703 3164
3704 1409
3705 192
3706 148
3707 826
3708 152
3709 1430
3710 663
3711 1345
3712 2701
3713 426
3714 594
3715 2117
3716 1166
3717 1055
3718 1712
3719 158
3720 485
3721 612
3722 1755
3723 535
3724 2150
3725 968
3726 2540
3727 2961
3728 1069
3729 173
3730 550
3731 1203
3732 166
3733 166
3734 168
3735 2355
3736 169
3737 169
3738 802
3739 183
3740 170
3741 3219
3742 170
3743 3101
3744 2188
3745 1675
3746 2702
3747 291
3748 171
3749 604
3750 399
3751 171
3752 2130
3753 2699
3754 2320
3755 174
3756 768
3757 722
3758 737
3759 174
3760 174
3761 177
3762 1016
3763 238
3764 2067
3765 578
3766 177
3767 1433
3768 779
3769 2528
3770 487
3771 288
3772 2286
3773 264
3774 181
3775 2273
3776 1295
3777 503
3778 183
3779 2621
3780 919
3781 3167
3782 3031
3783 184
3784 2414
3785 705
3786 1233
3787 2020
3788 184
3789 1075
3790 1505
3791 184
3792 2581
3793 1078
3794 575
3795 184
3796 1666
3797 184
3798 184
3799 879
3800 2968
3801 2057
3802 3034
3803 3183
3804 883
3805 184
3806 184
3807 702
3808 1312
3809 2222
3810 2815
3811 184
3812 655
3813 254
3814 184
3815 244
3816 1658
3817 455
3818 458
3819 1876
3820 529
3821 326
3822 1818
3823 184
3824 1961
3825 1242
3826 184
3827 184
3828 184
3829 184
3830 184
3831 184
3832 2530
3833 1872
3834 526
3835 1277
3836 2648
3837 184
3838 867
3839 1695
3840 486
3841 184
3842 351
3843 1598
3844 1219
3845 3053
3846 1450
3847 184
3848 1241
3849 184
3850 1311
3851 1894
3852 950
3853 2575
3854 1662
3855 1354
3856 1772
3857 2381
3858 184
3859 3086
3860 2313
3861 1099
3862 184
3863 186
3864 186
3865 1301
3866 729
3867 2311
3868 1616
3869 242
3870 2715
3871 2305
3872 1506
3873 196
3874 307
3875 1670
3876 196
3877 373
3878 832
3879 793
3880 197
3881 197
3882 197
3883 2341
3884 361
3885 577
3886 197
3887 197
3888 1604
3889 686
3890 197
3891 558
3892 2736
3893 2858
3894 989
3895 198
3896 790
3897 369
3898 2915
3899 805
3900 310
3901 2514
3902 3155
3903 2496
3904 1934
3905 625
3906 2160
3907 726
3908 1759
3909 1836
3910 206
3911 432
3912 1716
3913 1071
3914 207
3915 1026
3916 207
3917 208
3918 1007
3919 327
3920 2663
3921 363
3922 1329
3923 2989
3924 534
3925 208
3926 229
3927 574
3928 888
3929 1778
3930 217
3931 350
3932 1949
3933 1502
3934 217
3935 2713
3936 1246
3937 218
3938 285
3939 421
3940 2229
3941 218
3942 932
3943 2145
3944 1902
3945 220
3946 1424
3947 220
3948 1608
3949 286
3950 1955
3951 1590
3952 220
3953 220
3954 700
3955 376
3956 334
3957 1651
3958 1776
3959 1395
3960 353
3961 221
3962 221
3963 221
3964 2970
3965 1632
3966 2196
3967 221
3968 221
3969 2559
3970 221
3971 221
3972 384
3973 221
3974 267
3975 221
3976 1250
3977 2866
3978 239
3979 488
3980 221
3981 245
3982 1294
3983 827
3984 221
3985 221
3986 1748
3987 221
3988 221
3989 3035
3990 2013
3991 2238
3992 222
3993 227
3994 222
3995 2099
3996 530
3997 872
3998 225
3999 1273
4000 226
4001 226
4002 1090
4003 439
4004 1287
4005 233
4006 2039
4007 234
4008 863
4009 2758
4010 3091
4011 1724
4012 2021
4013 378
4014 639
4015 237
4016 428
4017 982
4018 269
4019 2330
4020 2405
4021 2949
4022 1448
4023 1366
4024 3295
4025 242
4026 3146
4027 2215
4028 1024
4029 246
4030 246
4031 383
4032 2886
4033 2805
4034 688
4035 249
4036 249
4037 3011
4038 2494
4039 259
4040 262
4041 2319
4042 3145
4043 3085
4044 1745
4045 3261
4046 265
4047 2885
4048 1247
4049 1121
4050 429
4051 942
4052 1535
4053 1951
4054 1920
4055 2587
4056 413
4057 265
4058 265
4059 265
4060 267
4061 2907
4062 1783
4063 744
4064 2962
4065 273
4066 273
4067 1178
4068 1664
4069 449
4070 273
4071 273
4072 2394
4073 273
4074 2182
4075 3267
4076 568
4077 2047
4078 3264
4079 1114
4080 573
4081 280
4082 710
4083 283
4084 1477
4085 690
4086 1077
4087 2571
4088 291
4089 1155
4090 291
4091 1040
4092 1408
4093 293
4094 448
4095 506
4096 293
4097 301
4098 2526
4099 295
4100 999
4101 295
4102 300
4103 508
4104 297
4105 3253
4106 749
4107 1341
4108 2276
4109 322
4110 1572
4111 299
4112 299
4113 489
4114 3059
4115 492
4116 301
4117 846
4118 397
4119 2695
4120 304
4121 1248
4122 2888
4123 3056
4124 310
4125 312
4126 1577
4127 1296
4128 314
4129 2552
4130 698
4131 314
4132 2226
4133 2895
4134 411
4135 473
4136 902
4137 849
4138 1512
4139 314
4140 314
4141 1397
4142 314
4143 2104
4144 3265
4145 314
4146 314
4147 2874
4148 3061
4149 1211
4150 314
4151 319
4152 1933
4153 1587
4154 314
4155 1559
4156 719
4157 314
4158 314
4159 1972
4160 837
4161 1838
4162 318
4163 318
4164 318
4165 318
4166 320
4167 320
4168 756
4169 322
4170 322
4171 322
4172 323
4173 381
4174 1828
4175 325
4176 325
4177 2442
4178 326
4179 333
4180 2152
4181 1518
4182 660
4183 336
4184 336
4185 2846
4186 513
4187 1909
4188 340
4189 1405
4190 340
4191 344
4192 2175
4193 340
4194 2900
4195 342
4196 2076
4197 776
4198 2252
4199 345
4200 2181
4201 346
4202 3235
4203 2336
4204 1799
4205 1257
4206 350
4207 1513
4208 350
4209 350
4210 2219
4211 350
4212 1054
4213 350
4214 3017
4215 350
4216 969
4217 354
4218 828
4219 2569
4220 354
4221 2036
4222 1496
4223 1019
4224 355
4225 2948
4226 1817
4227 359
4228 1074
4229 976
4230 2056
4231 2596
4232 359
4233 765
4234 362
4235 1703
4236 362
4237 985
4238 365
4239 366
4240 810
4241 677
4242 470
4243 366
4244 1478
4245 366
4246 366
4247 1184
4248 2845
4249 2799
4250 2781
4251 368
4252 368
4253 368
4254 1322
4255 2275
4256 368
4257 369
4258 1941
4259 546
4260 2473
4261 2972
4262 964
4263 1025
4264 543
4265 2653
4266 2998
4267 1935
4268 377
4269 377
4270 669
4271 914
4272 377
4273 1692
4274 2262
4275 1726
4276 1243
4277 1551
4278 2586
4279 845
4280 2875
4281 383
4282 383
4283 3076
4284 2638
4285 383
4286 801
4287 582
4288 383
4289 383
4290 433
4291 2757
4292 384
4293 384
4294 384
4295 841
4296 384
4297 649
4298 384
4299 451
4300 2809
4301 384
4302 2269
4303 1153
4304 2120
4305 1953
4306 385
4307 385
4308 695
4309 3120
4310 385
4311 2363
4312 463
4313 2023
4314 2787
4315 3220
4316 385
4317 1207
4318 871
4319 1299
4320 461
4321 385
4322 385
4323 2375
4324 1151
4325 747
4326 385
4327 1411
4328 385
4329 385
4330 385
4331 1943
4332 385
4333 3198
4334 478
4335 1910
4336 385
4337 385
4338 728
4339 385
4340 385
4341 385
4342 385
4343 385
4344 2564
4345 385
4346 387
4347 1599
4348 387
4349 1467
4350 1360
4351 2246
4352 552
4353 1508
4354 2159
4355 1481
4356 387
4357 387
4358 425
4359 389
4360 2779
4361 396
4362 396
4363 2619
4364 398
4365 398
4366 3245
4367 398
4368 716
4369 2127
4370 398
4371 398
4372 1982
4373 2171
4374 402
4375 866
4376 404
4377 404
4378 404
4379 789
4380 527
4381 406
4382 406
4383 406
4384 2064
4385 601
4386 915
4387 1325
4388 410
4389 1051
4390 411
4391 431
4392 2071
4393 412
4394 2245
4395 641
4396 2329
4397 412
4398 3045
4399 1058
4400 1133
4401 1544
4402 414
4403 415
4404 689
4405 3129
4406 678
4407 1672
4408 421
4409 421
4410 2383
4411 1010
4412 961
4413 426
4414 2218
4415 426
4416 426
4417 1617
4418 816
4419 2399
4420 906
4421 1228
4422 922
4423 430
4424 2112
4425 2354
4426 430
4427 907
4428 2370
4429 1264
4430 817
4431 2377
4432 1104
4433 438
4434 441
4435 441
4436 445
4437 1005
4438 445
4439 480
4440 720
4441 1141
4442 656
4443 848
4444 2525
4445 454
4446 454
4447 455
4448 455
4449 585
4450 806
4451 457
4452 1495
4453 461
4454 461
4455 461
4456 2382
4457 623
4458 2293
4459 739
4460 1807
4461 462
4462 1158
4463 462
4464 2642
4465 1701
4466 462
4467 462
4468 824
4469 3090
4470 3077
4471 466
4472 1387
4473 1148
4474 2553
4475 466
4476 1255
4477 466
4478 727
4479 1628
4480 2281
4481 933
4482 471
4483 472
4484 472
4485 473
4486 1445
4487 788
4488 476
4489 1451
4490 1771
4491 2203
4492 477
4493 1465
4494 2024
4495 2040
4496 479
4497 565
4498 2549
4499 486
4500 2902
4501 2156
4502 1199
4503 489
4504 493
4505 2981
4506 493
4507 493
4508 2698
4509 1673
4510 1995
4511 493
4512 1640
4513 3152
4514 494
4515 495
4516 3250
4517 2168
4518 1161
4519 498
4520 498
4521 498
4522 2206
4523 498
4524 498
4525 498
4526 2865
4527 499
4528 500
4529 500
4530 501
4531 503
4532 2235
4533 571
4534 504
4535 504
4536 2717
4537 506
4538 2783
4539 1636
4540 510
4541 1777
4542 610
4543 1527
4544 511
4545 951
4546 1803
4547 1169
4548 511
4549 511
4550 897
4551 511
4552 511
4553 1281
4554 511
4555 511
4556 970
4557 2618
4558 2878
4559 511
4560 1276
4561 616
4562 1931
4563 2664
4564 769
4565 1193
4566 2579
4567 878
4568 1361
4569 521
4570 521
4571 1603
4572 522
4573 522
4574 2626
4575 523
4576 523
4577 745
4578 523
4579 825
4580 523
4581 526
4582 526
4583 527
4584 2046
4585 528
4586 528
4587 1580
4588 2146
4589 528
4590 2711
4591 529
4592 2448
4593 529
4594 3084
4595 529
4596 529
4597 1907
4598 687
4599 958
4600 2734
4601 531
4602 2364
4603 1223
4604 532
4605 532
4606 651
4607 532
4608 2202
4609 540
4610 3118
4611 2590
4612 2688
4613 2800
4614 725
4615 1356
4616 2356
4617 559
4618 541
4619 1456
4620 541
4621 2401
4622 1126
4623 541
4624 1851
4625 541
4626 757
4627 541
4628 1646
4629 541
4630 2028
4631 1789
4632 1249
4633 541
4634 541
4635 3018
4636 541
4637 541
4638 949
4639 1645
4640 1634
4641 1844
4642 541
4643 541
4644 1538
4645 1808
4646 3098
4647 544
4648 1552
4649 1728
4650 1690
4651 548
4652 548
4653 3130
4654 554
4655 3041
4656 2647
4657 554
4658 554
4659 2212
4660 554
4661 603
4662 2837
4663 1812
4664 2223
4665 554
4666 554
4667 554
4668 554
4669 2506
4670 3137
4671 558
4672 1401
4673 2468
4674 560
4675 1372
4676 561
4677 1200
4678 2565
4679 2449
4680 568
4681 569
4682 569
4683 988
4684 569
4685 571
4686 571
4687 1014
4688 3119
4689 2342
4690 573
4691 1925
4692 2116
4693 602
4694 1517
4695 581
4696 733
4697 1926
4698 584
4699 584
4700 586
4701 587
4702 1500
4703 588
4704 590
4705 592
4706 2369
4707 592
4708 594
4709 1270
4710 2227
4711 1021
4712 2292
4713 820
4714 596
4715 2032
4716 2751
4717 2198
4718 1781
4719 1094
4720 596
4721 596
4722 2768
4723 600
4724 2560
4725 3125
4726 1164
4727 676
4728 2192
4729 1022
4730 1800
4731 1369
4732 602
4733 2199
4734 610
4735 1122
4736 610
4737 610
4738 2237
4739 896
4740 937
4741 2591
4742 1837
4743 3210
4744 610
4745 610
4746 610
4747 1384
4748 610
4749 1173
4750 1420
4751 610
4752 2137
4753 1080
4754 2070
4755 610
4756 2889
4757 2808
4758 2956
4759 881
4760 938
4761 2295
4762 610
4763 2772
4764 1994
4765 610
4766 1180
4767 610
4768 1485
4769 786
4770 610
4771 610
4772 613
4773 615
4774 3021
4775 616
4776 616
4777 3256
4778 1717
4779 1639
4780 2454
4781 1455
4782 620
4783 662
4784 620
4785 1483
4786 620
4787 621
4788 621
4789 2100
4790 755
4791 975
4792 621
4793 1553
4794 3026
4795 622
4796 2879
4797 890
4798 1947
4799 2696
4800 2200
4801 2518
4802 869
4803 626
4804 2658
4805 1539
4806 1679
4807 627
4808 830
4809 2027
4810 746
4811 627
4812 627
4813 633
4814 2157
4815 945
4816 1693
4817 2467
4818 814
4819 634
4820 947
4821 639
4822 641
4823 2558
4824 1805
4825 642
4826 2844
4827 1554
4828 1954
4829 644
4830 645
4831 648
4832 1116
4833 2231
4834 2053
4835 650
4836 1035
4837 650
4838 650
4839 652
4840 775
4841 655
4842 1520
4843 1952
4844 655
4845 655
4846 1088
4847 862
4848 655
4849 655
4850 655
4851 655
4852 655
4853 655
4854 655
4855 1373
4856 670
4857 655
4858 1530
4859 1950
4860 1154
4861 655
4862 1218
4863 655
4864 1452
4865 655
4866 655
4867 658
4868 1586
4869 2819
4870 661
4871 662
4872 2868
4873 662
4874 3060
4875 2880
4876 662
4877 2636
4878 2450
4879 2033
4880 1904
4881 2493
4882 664
4883 1540
4884 664
4885 2610
4886 664
4887 2921
4888 2426
4889 1536
4890 664
4891 2784
4892 664
4893 855
4894 1272
4895 1883
4896 2009
4897 2010
4898 665
4899 665
4900 1660
4901 665
4902 665
4903 2334
4904 667
4905 1960
4906 667
4907 667
4908 780
4909 667
4910 1239
4911 667
4912 669
4913 723
4914 1996
4915 671
4916 811
4917 2139
4918 676
4919 676
4920 1235
4921 676
4922 3043
4923 2389
4924 1179
4925 3291
4926 679
4927 686
4928 687
4929 687
4930 1806
4931 2614
4932 687
4933 687
4934 3154
4935 1172
4936 990
4937 2086
4938 1156
4939 688
4940 688
4941 689
4942 2950
4943 3144
4944 692
4945 763
4946 1826
4947 695
4948 700
4949 700
4950 1227
4951 703
4952 706
4953 2344
4954 706
4955 707
4956 708
4957 2665
4958 708
4959 2509
4960 710
4961 710
4962 711
4963 1212
4964 711
4965 2606
4966 711
4967 1998
4968 713
4969 713
4970 3088
4971 2357
4972 1550
4973 784
4974 713
4975 713
4976 840
4977 713
4978 713
4979 714
4980 1449
4981 1256
4982 2557
4983 715
4984 715
4985 2877
4986 2498
4987 718
4988 722
4989 722
4990 1147
4991 722
4992 722
4993 1956
4994 762
4995 722
4996 722
4997 722
4998 1137
4999 1625
5000 725
5001 1081
5002 727
5003 733
5004 895
5005 2601
5006 1303
5007 740
5008 3273
5009 2340
5010 742
5011 742
5012 1220
5013 742
5014 742
5015 742
5016 1189
5017 2154
5018 742
5019 1915
5020 2847
5021 742
5022 792
5023 742
5024 2001
5025 742
5026 742
5027 1629
5028 743
5029 2082
5030 745
5031 745
5032 745
5033 3063
5034 2410
5035 1612
5036 2080
5037 2794
5038 749
5039 1469
5040 755
5041 1507
5042 2967
5043 819
5044 1733
5045 2520
5046 761
5047 761
5048 934
5049 2169
5050 1110
5051 764
5052 764
5053 1647
5054 764
5055 765
5056 2661
5057 873
5058 3180
5059 776
5060 1649
5061 777
5062 2831
5063 2403
5064 1845
5065 780
5066 3116
5067 782
5068 1912
5069 1973
5070 784
5071 788
5072 788
5073 981
5074 2380
5075 2167
5076 789
5077 790
5078 2172
5079 1968
5080 791
5081 791
5082 791
5083 792
5084 793
5085 1039
5086 994
5087 796
5088 2361
5089 1976
5090 798
5091 960
5092 2162
5093 798
5094 2533
5095 798
5096 2607
5097 800
5098 802
5099 802
5100 2123
5101 803
5102 1009
5103 1852
5104 1004
5105 1969
5106 805
5107 2339
5108 806
5109 807
5110 1232
5111 807
5112 2524
5113 807
5114 807
5115 807
5116 808
5117 2404
5118 2208
5119 814
5120 814
5121 3089
5122 814
5123 814
5124 2806
5125 1855
5126 814
5127 1752
5128 1338
5129 814
5130 2678
5131 3032
5132 2037
5133 814
5134 814
5135 814
5136 1556
5137 3252
5138 818
5139 2140
5140 1201
5141 936
5142 2255
5143 2234
5144 820
5145 822
5146 822
5147 918
5148 1139
5149 822
5150 824
5151 824
5152 828
5153 829
5154 1774
5155 832
5156 1045
5157 1758
5158 2911
5159 2763
5160 1289
5161 1076
5162 837
5163 837
5164 2625
5165 837
5166 2941
5167 837
5168 2985
5169 1326
5170 2134
5171 840
5172 841
5173 842
5174 2475
5175 2723
5176 845
5177 850
5178 1857
5179 851
5180 1214
5181 2256
5182 3293
5183 3217
5184 1380
5185 858
5186 1364
5187 2876
5188 860
5189 2327
5190 1924
5191 866
5192 869
5193 1650
5194 869
5195 1631
5196 869
5197 869
5198 869
5199 869
5200 869
5201 869
5202 1736
5203 2017
5204 869
5205 869
5206 869
5207 3052
5208 2438
5209 1546
5210 870
5211 3226
5212 870
5213 1592
5214 871
5215 3037
5216 874
5217 877
5218 874
5219 1340
5220 877
5221 2161
5222 2459
5223 2567
5224 2298
5225 1001
5226 878
5227 878
5228 3288
5229 1913
5230 880
5231 2705
5232 882
5233 882
5234 953
5235 882
5236 882
5237 1414
5238 1698
5239 1509
5240 2058
5241 888
5242 888
5243 1208
5244 895
5245 948
5246 1113
5247 898
5248 2697
5249 2119
5250 902
5251 1962
5252 905
5253 2481
5254 905
5255 1987
5256 905
5257 2598
5258 906
5259 2570
5260 2550
5261 906
5262 2502
5263 1860
5264 911
5265 912
5266 912
5267 3087
5268 912
5269 2739
5270 912
5271 912
5272 912
5273 1711
5274 912
5275 2707
5276 3114
5277 913
5278 915
5279 1744
5280 916
5281 2913
5282 916
5283 916
5284 1514
5285 916
5286 916
5287 3135
5288 921
5289 921
5290 921
5291 921
5292 935
5293 921
5294 921
5295 921
5296 921
5297 921
5298 921
5299 2092
5300 926
5301 926
5302 1209
5303 3015
5304 1267
5305 1224
5306 1335
5307 929
5308 931
5309 2324
5310 933
5311 2700
5312 2326
5313 933
5314 3158
5315 1112
5316 938
5317 938
5318 938
5319 938
5320 1754
5321 2593
5322 1098
5323 2109
5324 943
5325 2163
5326 2798
5327 943
5328 943
5329 943
5330 943
5331 944
5332 2108
5333 1683
5334 945
5335 945
5336 945
5337 945
5338 2924
5339 945
5340 1082
5341 945
5342 945
5343 945
5344 2817
5345 983
5346 3111
5347 1571
5348 2296
5349 945
5350 2827
5351 1797
5352 945
5353 945
5354 945
5355 2348
5356 945
5357 945
5358 1813
5359 945
5360 945
5361 945
5362 945
5363 945
5364 945
5365 945
5366 2118
5367 945
5368 945
5369 2421
5370 1764
5371 1079
5372 1611
5373 2487
5374 3069
5375 1210
5376 959
5377 959
5378 959
5379 959
5380 959
5381 959
5382 959
5383 1381
5384 2110
5385 1573
5386 959
5387 959
5388 959
5389 959
5390 959
5391 959
5392 959
5393 2652
5394 1131
5395 959
5396 959
5397 2031
5398 1052
5399 959
5400 959
5401 1609
5402 1769
5403 959
5404 2362
5405 959
5406 2680
5407 959
5408 2477
5409 2400
5410 959
5411 959
5412 959
5413 959
5414 959
5415 959
5416 959
5417 961
5418 2830
5419 966
5420 1641
5421 1085
5422 1375
5423 970
5424 2306
5425 3121
5426 971
5427 2387
5428 2662
5429 2770
5430 1388
5431 971
5432 971
5433 971
5434 2611
5435 971
5436 3019
5437 1280
5438 1087
5439 972
5440 976
5441 2740
5442 2402
5443 977
5444 977
5445 978
5446 978
5447 2979
5448 979
5449 980
5450 980
5451 981
5452 2600
5453 983
5454 983
5455 985
5456 1390
5457 1929
5458 988
5459 988
5460 3225
5461 990
5462 1196
5463 1323
5464 2769
5465 998
5466 2043
5467 1706
5468 999
5469 1003
5470 1003
5471 2934
5472 1928
5473 2232
5474 2671
5475 1004
5476 1004
5477 1004
5478 1004
5479 2849
5480 1004
5481 2623
5482 1010
5483 1916
5484 2732
5485 1013
5486 1013
5487 1013
5488 2936
5489 2966
5490 1013
5491 1013
5492 1013
5493 1886
5494 1320
5495 1288
5496 1018
5497 1018
5498 1019
5499 1019
5500 1019
5501 1019
5502 1019
5503 1023
5504 1023
5505 1819
5506 1025
5507 3122
5508 1027
5509 1319
5510 1031
5511 1031
5512 1031
5513 1377
5514 2444
5515 1033
5516 1033
5517 1065
5518 1036
5519 1946
5520 1887
5521 3218
5522 1669
5523 1041
5524 3134
5525 1041
5526 1453
5527 1041
5528 1041
5529 3096
5530 1041
5531 1473
5532 1041
5533 1127
5534 1041
5535 1152
5536 1041
5537 1041
5538 1041
5539 1041
5540 1041
5541 2685
5542 2113
5543 1392
5544 1041
5545 1041
5546 1041
5547 1041
5548 1041
5549 1041
5550 1041
5551 1041
5552 1708
5553 1041
5554 2365
5555 3058
5556 1041
5557 1460
5558 1403
5559 2308
5560 1041
5561 1041
5562 2128
5563 2982
5564 3004
5565 1043
5566 1362
5567 1043
5568 2605
5569 1044
5570 1959
5571 1044
5572 1044
5573 2184
5574 1046
5575 2287
5576 1048
5577 1048
5578 1050
5579 1051
5580 1053
5581 1167
5582 3175
5583 1056
5584 1056
5585 1057
5586 1057
5587 1057
5588 1057
5589 1142
5590 1057
5591 1057
5592 1057
5593 2790
5594 1061
5595 1574
5596 1062
5597 1062
5598 1062
5599 1062
5600 1937
5601 1064
5602 1064
5603 2727
5604 2201
5605 1064
5606 1064
5607 1064
5608 1064
5609 1064
5610 1067
5611 1067
5612 1070
5613 1070
5614 1070
5615 1070
5616 1070
5617 1070
5618 1471
5619 1070
5620 1230
5621 1070
5622 2563
5623 1461
5624 1071
5625 2650
5626 1071
5627 1071
5628 1882
5629 1072
5630 1073
5631 1074
5632 2818
5633 2584
5634 2323
5635 1079
5636 1080
5637 1083
5638 1143
5639 1088
5640 1088
5641 1088
5642 1088
5643 2940
5644 1089
5645 1186
5646 1089
5647 3149
5648 1089
5649 1089
5650 1089
5651 1880
5652 1089
5653 1089
5654 1129
5655 1493
5656 3140
5657 1093
5658 2054
5659 1136
5660 1274
5661 1096
5662 2221
5663 1344
5664 1315
5665 1098
5666 1098
5667 1099
5668 1157
5669 1099
5670 1101
5671 1848
5672 2397
5673 1107
5674 1112
5675 2470
5676 2617
5677 1839
5678 1114
5679 2823
5680 1114
5681 1114
5682 1114
5683 3181
5684 1115
5685 1115
5686 2386
5687 2816
5688 1566
5689 1115
5690 1271
5691 2211
5692 1117
5693 1741
5694 1990
5695 1117
5696 1117
5697 1117
5698 2937
5699 1117
5700 2392
5701 1120
5702 1398
5703 2078
5704 2797
5705 3073
5706 1122
5707 1123
5708 1124
5709 1124
5710 1124
5711 1124
5712 1124
5713 1222
5714 1124
5715 1124
5716 1746
5717 1124
5718 2217
5719 1124
5720 1124
5721 1816
5722 1124
5723 1124
5724 1124
5725 1125
5726 1569
5727 1125
5728 1988
5729 2542
5730 1357
5731 1374
5732 1130
5733 2722
5734 1133
5735 3002
5736 1133
5737 1135
5738 1136
5739 2423
5740 2416
5741 2667
5742 1138
5743 1975
5744 1830
5745 2299
5746 1309
5747 1139
5748 1139
5749 1140
5750 1140
5751 1624
5752 1149
5753 1149
5754 1476
5755 1547
5756 1149
5757 1149
5758 1149
5759 1737
5760 2666
5761 1150
5762 1183
5763 1152
5764 1153
5765 1153
5766 1153
5767 1153
5768 1154
5769 1154
5770 1155
5771 1155
5772 1155
5773 1155
5774 3016
5775 1155
5776 1316
5777 1217
5778 2314
5779 1155
5780 1156
5781 1729
5782 1157
5783 1157
5784 2077
5785 1157
5786 1661
5787 1171
5788 3027
5789 1171
5790 2075
5791 2066
5792 3184
5793 1173
5794 1462
5795 3029
5796 1175
5797 1175
5798 1175
5799 1175
5800 1175
5801 1182
5802 1178
5803 3159
5804 1181
5805 2955
5806 1181
5807 1181
5808 1181
5809 1183
5810 1183
5811 1285
5812 1183
5813 1187
5814 1187
5815 1189
5816 1189
5817 1189
5818 1917
5819 1191
5820 1191
5821 1191
5822 1191
5823 1791
5824 1191
5825 1191
5826 1317
5827 2595
5828 1193
5829 1194
5830 2471
5831 1207
5832 1207
5833 1208
5834 1208
5835 2189
5836 1421
5837 1875
5838 1720
5839 1212
5840 2337
5841 1212
5842 1212
5843 2641
5844 2415
5845 1216
5846 2515
5847 1217
5848 2456
5849 1663
5850 1220
5851 1220
5852 1220
5853 1220
5854 1222
5855 1224
5856 1677
5857 1229
5858 1229
5859 1229
5860 1229
5861 1229
5862 1233
5863 2195
5864 1238
5865 2069
5866 1238
5867 1238
5868 2038
5869 1238
5870 1238
5871 1238
5872 1238
5873 2609
5874 1241
5875 1245
5876 1782
5877 1245
5878 1892
5879 1245
5880 1245
5881 1245
5882 1653
5883 1245
5884 1262
5885 1247
5886 1247
5887 3259
5888 1247
5889 1247
5890 1247
5891 1249
5892 1249
5893 1249
5894 1250
5895 1944
5896 2335
5897 1253
5898 1499
5899 2015
5900 1254
5901 2279
5902 1254
5903 1589
5904 1254
5905 2627
5906 1254
5907 1254
5908 1255
5909 1854
5910 1255
5911 1255
5912 1255
5913 1255
5914 1255
5915 2026
5916 1256
5917 1256
5918 3147
5919 1905
5920 1256
5921 1256
5922 1256
5923 1342
5924 1825
5925 1256
5926 2042
5927 1256
5928 1256
5929 1256
5930 1265
5931 1266
5932 1266
5933 2346
5934 2048
5935 1971
5936 1266
5937 1760
5938 1269
5939 1269
5940 1269
5941 1269
5942 1927
5943 1271
5944 1735
5945 1272
5946 2562
5947 2639
5948 1272
5949 3131
5950 3024
5951 2084
5952 2628
5953 1272
5954 1272
5955 1457
5956 3014
5957 1272
5958 1272
5959 2290
5960 1272
5961 1272
5962 1272
5963 1272
5964 2975
5965 1273
5966 2729
5967 1273
5968 2594
5969 1276
5970 1276
5971 1593
5972 1697
5973 1279
5974 2129
5975 1671
5976 1702
5977 1281
5978 2349
5979 1289
5980 1289
5981 1870
5982 2478
5983 3215
5984 2183
5985 1659
5986 1605
5987 2963
5988 1295
5989 1295
5990 2325
5991 1295
5992 1435
5993 2282
5994 1295
5995 1295
5996 1295
5997 1295
5998 1295
5999 1295
6000 1863
6001 1296
6002 1296
6003 1296
6004 1296
6005 1296
6006 1296
6007 1296
6008 1296
6009 2412
6010 1298
6011 3229
6012 1299
6013 1301
6014 1881
6015 1301
6016 1301
6017 2194
6018 3110
6019 1302
6020 1302
6021 1489
6022 1498
6023 1302
6024 1302
6025 3168
6026 1305
6027 3062
6028 1822
6029 1305
6030 1305
6031 2445
6032 1305
6033 1305
6034 2351
6035 1305
6036 2133
6037 1305
6038 1305
6039 1531
6040 1305
6041 2953
6042 1305
6043 1306
6044 3160
6045 1873
6046 1310
6047 1869
6048 1312
6049 1314
6050 1898
6051 3231
6052 1316
6053 2035
6054 1318
6055 1665
6056 2158
6057 1318
6058 3103
6059 1320
6060 1321
6061 3081
6062 1321
6063 1321
6064 1824
6065 1727
6066 1978
6067 1325
6068 1906
6069 1325
6070 1325
6071 1325
6072 2843
6073 1326
6074 1891
6075 1327
6076 1447
6077 1841
6078 2427
6079 1327
6080 2135
6081 1327
6082 1327
6083 1626
6084 2898
6085 1330
6086 1331
6087 1331
6088 1331
6089 1331
6090 1331
6091 1332
6092 1332
6093 1334
6094 1335
6095 2055
6096 1341
6097 1516
6098 1346
6099 1346
6100 1348
6101 1348
6102 1348
6103 1620
6104 1439
6105 1349
6106 1349
6107 1349
6108 1349
6109 1349
6110 1349
6111 2964
6112 1349
6113 1349
6114 1349
6115 1349
6116 1349
6117 1528
6118 1349
6119 1349
6120 1349
6121 1349
6122 1349
6123 1349
6124 2155
6125 1349
6126 1349
6127 1979
6128 1349
6129 1763
6130 1349
6131 1349
6132 1349
6133 1349
6134 1404
6135 3028
6136 2332
6137 1349
6138 1349
6139 1350
6140 2063
6141 1350
6142 1350
6143 1350
6144 1529
6145 1350
6146 1350
6147 2838
6148 1351
6149 2049
6150 1351
6151 2366
6152 1354
6153 1519
6154 1454
6155 1357
6156 1358
6157 1358
6158 1358
6159 1358
6160 1358
6161 1358
6162 3105
6163 1358
6164 1359
6165 1359
6166 1360
6167 1360
6168 1360
6169 1361
6170 2778
6171 1835
6172 1361
6173 1361
6174 1361
6175 1361
6176 1361
6177 1361
6178 1361
6179 1361
6180 1742
6181 2721
6182 1366
6183 1368
6184 1368
6185 1371
6186 1371
6187 1371
6188 1372
6189 1372
6190 2277
6191 1375
6192 1375
6193 1375
6194 1378
6195 1583
6196 1378
6197 1378
6198 1378
6199 2995
6200 2264
6201 1381
6202 1381
6203 1381
6204 1383
6205 3133
6206 2850
6207 1542
6208 1385
6209 1470
6210 1385
6211 3214
6212 1389
6213 1391
6214 1391
6215 1391
6216 1391
6217 1392
6218 1393
6219 1393
6220 1480
6221 1393
6222 2465
6223 1393
6224 1393
6225 1393
6226 2087
6227 1393
6228 1393
6229 1397
6230 3244
6231 1400
6232 1732
6233 1532
6234 1930
6235 1400
6236 1827
6237 1402
6238 1402
6239 2512
6240 1406
6241 1407
6242 1408
6243 1412
6244 1416
6245 1533
6246 1416
6247 1416
6248 1416
6249 1416
6250 1417
6251 1417
6252 1418
6253 1418
6254 2143
6255 1421
6256 1421
6257 1421
6258 1422
6259 3100
6260 1425
6261 1430
6262 2016
6263 1433
6264 2795
6265 1433
6266 1434
6267 2263
6268 1434
6269 1459
6270 2376
6271 1434
6272 1436
6273 1940
6274 1436
6275 1436
6276 1436
6277 1436
6278 1436
6279 1437
6280 1437
6281 1487
6282 2022
6283 1441
6284 2268
6285 1443
6286 1468
6287 1448
6288 1448
6289 1448
6290 1451
6291 3257
6292 1494
6293 1451
6294 1451
6295 1453
6296 1453
6297 1453
6298 2691
6299 1457
6300 1793
6301 2786
6302 1457
6303 1458
6304 1458
6305 1654
6306 1461
6307 1461
6308 1463
6309 2566
6310 1465
6311 1466
6312 1466
6313 1466
6314 2417
6315 2947
6316 1467
6317 1469
6318 2853
6319 1470
6320 3239
6321 1584
6322 1725
6323 2193
6324 2034
6325 1475
6326 1475
6327 1475
6328 1475
6329 2532
6330 1475
6331 1475
6332 1914
6333 2096
6334 2592
6335 1475
6336 1477
6337 1523
6338 2097
6339 1478
6340 1479
6341 2093
6342 1820
6343 1490
6344 1491
6345 1492
6346 1492
6347 1493
6348 1493
6349 1494
6350 1494
6351 1521
6352 3228
6353 1494
6354 2574
6355 2284
6356 1494
6357 1494
6358 1494
6359 2735
6360 2871
6361 1494
6362 2453
6363 1494
6364 1494
6365 1494
6366 2285
6367 1495
6368 2115
6369 1497
6370 2258
6371 1497
6372 1500
6373 2052
6374 1500
6375 1500
6376 2755
6377 1655
6378 1505
6379 2144
6380 1505
6381 1505
6382 1505
6383 1509
6384 1509
6385 1509
6386 1511
6387 2085
6388 1513
6389 1513
6390 3237
6391 2142
6392 1513
6393 1513
6394 1513
6395 1513
6396 1513
6397 2676
6398 1515
6399 1515
6400 1515
6401 1515
6402 1516
6403 1517
6404 1517
6405 2546
6406 1523
6407 1529
6408 1530
6409 1530
6410 1858
6411 1530
6412 1530
6413 1530
6414 1963
6415 1530
6416 1530
6417 1530
6418 1530
6419 2278
6420 1530
6421 1530
6422 1543
6423 1530
6424 1530
6425 2462
6426 1530
6427 1530
6428 1530
6429 2938
6430 2333
6431 1530
6432 2114
6433 1530
6434 1531
6435 2620
6436 1532
6437 1532
6438 1532
6439 1779
6440 1532
6441 2250
6442 1533
6443 1534
6444 1536
6445 1576
6446 1536
6447 1538
6448 1538
6449 1538
6450 1539
6451 1539
6452 1539
6453 1545
6454 1539
6455 3287
6456 2440
6457 1539
6458 1539
6459 1539
6460 2490
6461 1540
6462 1540
6463 3294
6464 1637
6465 1541
6466 1541
6467 1541
6468 1542
6469 1544
6470 1547
6471 1547
6472 1561
6473 1547
6474 1548
6475 1548
6476 1548
6477 1553
6478 1787
6479 1554
6480 1557
6481 1562
6482 2068
6483 2061
6484 1718
6485 1564
6486 1564
6487 1565
6488 1565
6489 1565
6490 3169
6491 1565
6492 1565
6493 1795
6494 1565
6495 3054
6496 1565
6497 1567
6498 2006
6499 1567
6500 1643
6501 1567
6502 1567
6503 1567
6504 1567
6505 1567
6506 1568
6507 1568
6508 1568
6509 1569
6510 1570
6511 1570
6512 1572
6513 2385
6514 1574
6515 1574
6516 1574
6517 1574
6518 1574
6519 1577
6520 1577
6521 1577
6522 1577
6523 2089
6524 1893
6525 1809
6526 1577
6527 1578
6528 1578
6529 1578
6530 1588
6531 2765
6532 1579
6533 1579
6534 1579
6535 1579
6536 1579
6537 1579
6538 2589
6539 1579
6540 1579
6541 1579
6542 1977
6543 3092
6544 1579
6545 1579
6546 1582
6547 1582
6548 2011
6549 1582
6550 3127
6551 3038
6552 2393
6553 1589
6554 2942
6555 1590
6556 1705
6557 1591
6558 1591
6559 1591
6560 1592
6561 1592
6562 3113
6563 2102
6564 1595
6565 1595
6566 1599
6567 2233
6568 1997
6569 2622
6570 1600
6571 1600
6572 1600
6573 3270
6574 2464
6575 2743
6576 3179
6577 1603
6578 2724
6579 2588
6580 1605
6581 1607
6582 2469
6583 1607
6584 2503
6585 1607
6586 1609
6587 1610
6588 1610
6589 1610
6590 3233
6591 1610
6592 1610
6593 2378
6594 1610
6595 1610
6596 2834
6597 2708
6598 2931
6599 1615
6600 2122
6601 1616
6602 1616
6603 1618
6604 1620
6605 1621
6606 2803
6607 2929
6608 1750
6609 1740
6610 2396
6611 1631
6612 1638
6613 1638
6614 1984
6615 1638
6616 2136
6617 2561
6618 1638
6619 1638
6620 1638
6621 1638
6622 1640
6623 2345
6624 1642
6625 1642
6626 1643
6627 3212
6628 1645
6629 2672
6630 1645
6631 2446
6632 1649
6633 1650
6634 1650
6635 1650
6636 1650
6637 1650
6638 1650
6639 2791
6640 3192
6641 1650
6642 1650
6643 1650
6644 1650
6645 1650
6646 1650
6647 1654
6648 1655
6649 1656
6650 1658
6651 1658
6652 1658
6653 1658
6654 1659
6655 1660
6656 1660
6657 3269
6658 2842
6659 1660
6660 1660
6661 1662
6662 1663
6663 1663
6664 1663
6665 1665
6666 2433
6667 1665
6668 1665
6669 2505
6670 1665
6671 1665
6672 1668
6673 1668
6674 2744
6675 1668
6676 1668
6677 1668
6678 1668
6679 1668
6680 1668
6681 1668
6682 1668
6683 1668
6684 1668
6685 2191
6686 1669
6687 1932
6688 2254
6689 1671
6690 1671
6691 1671
6692 1671
6693 1672
6694 1673
6695 1673
6696 1673
6697 2430
6698 2692
6699 1678
6700 1678
6701 1871
6702 1685
6703 1685
6704 1687
6705 1685
6706 1685
6707 1686
6708 1686
6709 1687
6710 2243
6711 2835
6712 1714
6713 1694
6714 1694
6715 1694
6716 1694
6717 1694
6718 2350
6719 1694
6720 1694
6721 1694
6722 1694
6723 1694
6724 1694
6725 3260
6726 1694
6727 2180
6728 1694
6729 2000
6730 2408
6731 1694
6732 3187
6733 1694
6734 2681
6735 2939
6736 1694
6737 2384
6738 1700
6739 1699
6740 1699
6741 1699
6742 1768
6743 1700
6744 1700
6745 1700
6746 1701
6747 2280
6748 1705
6749 2253
6750 1705
6751 1705
6752 1705
6753 1707
6754 1707
6755 2793
6756 1710
6757 1710
6758 2694
6759 1713
6760 1713
6761 1713
6762 1713
6763 1713
6764 1715
6765 2019
6766 2230
6767 2062
6768 2537
6769 1724
6770 2855
6771 1849
6772 1729
6773 1729
6774 1729
6775 1729
6776 1729
6777 1729
6778 1729
6779 1731
6780 1900
6781 1823
6782 1733
6783 1737
6784 1740
6785 1745
6786 1745
6787 1745
6788 1745
6789 1746
6790 1746
6791 2990
6792 1746
6793 1748
6794 2265
6795 1756
6796 1757
6797 1758
6798 1758
6799 2737
6800 1758
6801 1758
6802 1999
6803 1758
6804 2480
6805 1759
6806 1760
6807 1760
6808 1780
6809 1760
6810 2984
6811 1762
6812 1762
6813 1762
6814 1766
6815 1767
6816 1767
6817 1829
6818 1767
6819 1767
6820 2432
6821 1767
6822 1767
6823 1767
6824 2391
6825 3074
6826 1767
6827 1767
6828 3143
6829 1769
6830 1769
6831 1769
6832 1769
6833 1993
6834 1769
6835 1773
6836 1775
6837 2239
6838 1776
6839 1776
6840 2646
6841 1776
6842 1777
6843 1780
6844 2185
6845 1781
6846 2190
6847 1782
6848 1782
6849 2856
6850 1782
6851 1784
6852 2447
6853 1793
6854 1793
6855 2178
6856 1797
6857 2409
6858 1797
6859 1801
6860 2890
6861 1804
6862 2572
6863 1805
6864 1805
6865 1806
6866 2294
6867 1806
6868 1807
6869 1813
6870 2631
6871 1813
6872 2747
6873 1813
6874 2304
6875 1813
6876 1813
6877 1813
6878 1813
6879 1815
6880 1815
6881 2153
6882 1817
6883 1817
6884 1833
6885 1817
6886 1817
6887 2003
6888 1817
6889 1817
6890 1817
6891 1817
6892 2353
6893 1817
6894 1817
6895 1817
6896 1817
6897 1817
6898 2267
6899 1817
6900 1817
6901 1817
6902 2271
6903 1817
6904 1817
6905 1817
6906 2088
6907 1817
6908 1817
6909 1817
6910 1817
6911 1817
6912 1817
6913 2291
6914 1817
6915 1817
6916 2214
6917 2766
6918 1825
6919 1901
6920 1825
6921 2683
6922 1828
6923 1832
6924 1833
6925 1833
6926 1836
6927 1989
6928 1839
6929 1841
6930 1842
6931 1843
6932 1843
6933 1844
6934 1844
6935 1845
6936 2943
6937 2007
6938 1846
6939 2492
6940 1848
6941 1848
6942 2004
6943 1849
6944 1849
6945 1849
6946 1849
6947 3095
6948 1852
6949 1853
6950 1853
6951 1854
6952 1855
6953 1855
6954 1855
6955 1855
6956 1855
6957 2431
6958 2497
6959 1899
6960 2869
6961 1857
6962 2909
6963 1859
6964 1862
6965 1862
6966 1862
6967 2251
6968 1862
6969 1862
6970 2187
6971 1864
6972 1864
6973 1864
6974 1864
6975 2074
6976 2321
6977 3047
6978 2908
6979 1875
6980 1876
6981 2883
6982 1876
6983 1877
6984 1985
6985 1884
6986 1884
6987 1884
6988 2719
6989 1886
6990 2059
6991 1888
6992 1888
6993 1888
6994 1891
6995 2971
6996 1892
6997 1892
6998 1892
6999 1899
7000 2629
7001 1905
7002 1905
7003 2228
7004 1905
7005 1906
7006 1908
7007 2825
7008 1909
7009 1909
7010 1911
7011 1911
7012 1911
7013 1911
7014 1911
7015 1912
7016 2597
7017 1916
7018 3102
7019 2637
7020 1916
7021 2460
7022 1919
7023 1920
7024 3221
7025 1922
7026 1922
7027 1922
7028 1926
7029 2488
7030 1926
7031 1926
7032 1926
7033 3132
7034 1930
7035 1931
7036 1934
7037 1934
7038 1934
7039 1934
7040 1934
7041 1934
7042 1936
7043 1936
7044 3163
7045 1938
7046 3112
7047 1940
7048 1941
7049 1943
7050 1943
7051 1943
7052 1943
7053 2374
7054 1943
7055 1943
7056 1943
7057 1944
7058 2632
7059 1947
7060 1947
7061 2670
7062 1947
7063 2604
7064 1947
7065 3057
7066 1947
7067 2420
7068 1947
7069 1947
7070 1947
7071 2367
7072 1947
7073 1947
7074 1948
7075 2457
7076 1948
7077 1948
7078 1948
7079 2388
7080 2307
7081 1949
7082 1950
7083 1950
7084 2547
7085 1952
7086 1953
7087 1953
7088 1955
7089 1955
7090 1957
7091 1958
7092 1961
7093 2511
7094 1967
7095 1967
7096 1967
7097 2176
7098 1967
7099 1969
7100 1969
7101 1969
7102 1969
7103 1969
7104 1971
7105 2534
7106 1972
7107 1974
7108 1974
7109 1974
7110 1974
7111 1984
7112 1984
7113 1984
7114 3275
7115 1984
7116 1984
7117 3247
7118 1984
7119 1984
7120 2792
7121 1984
7122 2894
7123 1984
7124 1984
7125 1984
7126 1984
7127 2372
7128 1984
7129 2483
7130 2510
7131 1984
7132 1984
7133 1984
7134 1984
7135 2994
7136 1984
7137 1984
7138 3075
7139 1988
7140 1988
7141 1992
7142 1992
7143 2887
7144 1995
7145 2761
7146 1995
7147 1995
7148 3286
7149 1995
7150 1995
7151 1995
7152 1995
7153 1995
7154 2083
7155 1995
7156 1995
7157 1995
7158 1995
7159 2443
7160 1995
7161 1995
7162 1995
7163 1995
7164 1995
7165 2103
7166 1995
7167 1995
7168 1995
7169 1995
7170 1997
7171 2687
7172 1997
7173 2131
7174 1997
7175 1997
7176 1997
7177 1997
7178 1997
7179 1997
7180 1997
7181 1997
7182 2107
7183 3174
7184 1997
7185 1997
7186 1997
7187 2673
7188 1997
7189 1997
7190 1997
7191 2881
7192 2000
7193 2000
7194 2003
7195 2003
7196 2004
7197 2005
7198 2005
7199 2008
7200 2008
7201 2009
7202 2010
7203 2101
7204 2010
7205 2010
7206 2500
7207 2486
7208 2010
7209 2010
7210 2010
7211 2012
7212 2013
7213 2884
7214 2013
7215 2013
7216 2013
7217 2013
7218 2013
7219 2014
7220 3282
7221 2020
7222 2578
7223 2021
7224 2021
7225 2021
7226 2021
7227 2111
7228 2021
7229 2021
7230 2021
7231 2021
7232 2026
7233 2026
7234 2026
7235 2026
7236 2026
7237 3276
7238 2026
7239 2026
7240 2026
7241 2026
7242 2026
7243 2026
7244 2026
7245 2026
7246 2960
7247 2026
7248 2026
7249 2026
7250 2026
7251 2026
7252 2026
7253 2026
7254 2026
7255 3123
7256 2026
7257 2026
7258 2026
7259 2026
7260 2026
7261 2026
7262 2026
7263 2026
7264 2026
7265 2027
7266 2690
7267 2027
7268 2027
7269 2821
7270 2030
7271 2030
7272 2555
7273 2030
7274 2072
7275 2030
7276 2030
7277 2030
7278 2436
7279 3083
7280 2030
7281 2030
7282 2030
7283 2030
7284 2660
7285 2529
7286 2030
7287 2033
7288 2033
7289 2033
7290 2177
7291 2038
7292 2038
7293 2038
7294 2039
7295 2039
7296 2039
7297 2039
7298 2039
7299 2039
7300 2039
7301 2039
7302 2657
7303 2042
7304 2043
7305 2577
7306 2043
7307 2043
7308 2043
7309 2556
7310 2703
7311 2047
7312 2047
7313 2047
7314 2047
7315 2047
7316 2047
7317 3010
7318 2149
7319 2413
7320 2048
7321 2050
7322 2050
7323 2051
7324 2051
7325 2052
7326 2053
7327 2053
7328 2053
7329 2053
7330 2053
7331 3222
7332 2901
7333 2053
7334 2730
7335 2057
7336 2058
7337 2059
7338 2062
7339 2062
7340 3279
7341 2854
7342 2065
7343 2065
7344 2352
7345 2068
7346 2068
7347 2071
7348 2071
7349 3205
7350 2071
7351 2331
7352 2507
7353 2071
7354 2257
7355 2072
7356 2074
7357 2309
7358 2074
7359 2074
7360 2946
7361 2074
7362 2074
7363 2712
7364 2074
7365 2074
7366 2074
7367 2074
7368 2076
7369 2076
7370 2076
7371 2076
7372 2076
7373 2076
7374 2076
7375 2076
7376 2076
7377 2076
7378 2076
7379 2090
7380 3156
7381 2398
7382 2079
7383 2249
7384 2466
7385 2079
7386 2083
7387 2870
7388 2083
7389 2085
7390 2092
7391 2092
7392 2092
7393 2096
7394 2096
7395 2272
7396 2097
7397 2097
7398 2615
7399 2097
7400 2957
7401 2513
7402 2102
7403 2102
7404 2102
7405 2102
7406 2102
7407 2102
7408 2102
7409 2102
7410 2102
7411 2102
7412 2102
7413 2102
7414 2102
7415 2102
7416 2371
7417 2102
7418 2105
7419 2106
7420 2106
7421 2225
7422 2108
7423 2112
7424 2760
7425 2116
7426 2116
7427 2116
7428 2116
7429 2928
7430 2118
7431 2118
7432 2118
7433 2120
7434 2120
7435 2122
7436 2122
7437 2123
7438 2682
7439 2123
7440 2259
7441 2123
7442 2123
7443 2123
7444 2123
7445 2123
7446 2123
7447 2126
7448 2126
7449 2126
7450 2129
7451 2131
7452 2677
7453 2134
7454 2136
7455 2136
7456 2137
7457 2910
7458 2140
7459 2144
7460 2144
7461 2144
7462 3296
7463 2144
7464 2461
7465 2144
7466 2144
7467 2144
7468 2144
7469 2144
7470 2144
7471 2144
7472 2144
7473 2145
7474 2148
7475 2689
7476 2155
7477 2899
7478 2155
7479 2155
7480 2155
7481 2300
7482 2158
7483 2159
7484 2159
7485 2159
7486 2536
7487 2159
7488 2159
7489 2159
7490 2161
7491 3236
7492 2162
7493 2373
7494 2162
7495 2162
7496 2162
7497 2162
7498 2205
7499 2162
7500 2165
7501 2764
7502 2165
7503 2165
7504 2165
7505 2166
7506 2240
7507 2169
7508 2169
7509 2170
7510 2210
7511 2173
7512 3263
7513 2176
7514 2181
7515 2181
7516 2182
7517 2185
7518 2185
7519 2185
7520 2189
7521 2189
7522 2189
7523 2189
7524 2192
7525 2194
7526 2195
7527 2195
7528 2195
7529 2195
7530 2196
7531 2451
7532 2196
7533 2196
7534 2196
7535 2544
7536 2368
7537 2474
7538 2200
7539 2992
7540 2201
7541 2204
7542 2204
7543 2207
7544 2207
7545 2209
7546 2209
7547 2209
7548 2209
7549 2209
7550 2210
7551 2210
7552 2210
7553 2210
7554 2210
7555 2210
7556 2210
7557 2210
7558 2210
7559 2210
7560 3193
7561 2210
7562 3199
7563 2211
7564 2213
7565 2213
7566 2213
7567 2213
7568 2360
7569 2213
7570 2213
7571 2214
7572 2214
7573 2215
7574 2215
7575 2216
7576 2852
7577 2216
7578 2216
7579 2216
7580 2217
7581 2217
7582 2219
7583 2219
7584 2659
7585 2219
7586 2219
7587 2219
7588 2482
7589 2219
7590 2219
7591 2219
7592 2221
7593 2221
7594 2221
7595 2221
7596 2221
7597 2222
7598 2225
7599 2226
7600 2226
7601 2227
7602 2227
7603 2656
7604 2986
7605 2988
7606 2231
7607 2231
7608 2231
7609 2231
7610 2231
7611 2231
7612 2231
7613 2762
7614 2235
7615 2235
7616 2235
7617 2235
7618 2235
7619 2235
7620 2235
7621 2235
7622 2235
7623 2749
7624 2238
7625 2238
7626 2241
7627 3067
7628 2241
7629 2241
7630 2243
7631 2245
7632 2245
7633 2245
7634 2245
7635 2245
7636 2246
7637 2246
7638 2246
7639 2706
7640 2249
7641 2252
7642 2252
7643 2252
7644 2252
7645 2258
7646 2504
7647 3012
7648 2261
7649 2261
7650 2264
7651 2265
7652 2318
7653 2773
7654 2265
7655 3182
7656 2265
7657 2265
7658 2265
7659 2265
7660 2265
7661 2265
7662 2265
7663 2265
7664 2265
7665 2452
7666 2266
7667 2439
7668 2266
7669 2523
7670 2266
7671 3071
7672 2266
7673 2917
7674 2275
7675 2275
7676 2275
7677 2275
7678 2276
7679 2276
7680 2276
7681 2276
7682 2276
7683 2276
7684 2276
7685 3006
7686 2276
7687 2276
7688 2276
7689 2501
7690 3278
7691 2276
7692 2279
7693 2279
7694 2280
7695 2441
7696 2280
7697 2280
7698 2280
7699 2280
7700 2280
7701 2280
7702 2280
7703 2280
7704 2280
7705 2280
7706 2280
7707 3093
7708 2280
7709 2280
7710 2280
7711 2424
7712 2280
7713 2280
7714 2280
7715 2280
7716 2280
7717 2422
7718 2280
7719 2280
7720 2280
7721 2280
7722 2280
7723 2280
7724 2280
7725 2280
7726 2280
7727 2280
7728 2280
7729 2280
7730 2280
7731 2280
7732 2280
7733 2280
7734 2633
7735 2280
7736 2280
7737 2280
7738 2280
7739 2282
7740 2285
7741 2288
7742 2288
7743 2944
7744 2925
7745 2873
7746 2288
7747 2288
7748 2288
7749 2859
7750 2288
7751 2288
7752 2288
7753 2288
7754 3141
7755 2288
7756 2288
7757 2288
7758 2288
7759 3025
7760 2288
7761 2848
7762 2290
7763 2840
7764 2290
7765 2293
7766 2295
7767 2296
7768 2296
7769 2297
7770 2753
7771 2300
7772 2300
7773 2300
7774 3033
7775 2304
7776 2814
7777 2306
7778 2306
7779 2395
7780 2306
7781 2306
7782 2309
7783 2310
7784 2311
7785 2313
7786 2313
7787 2313
7788 2313
7789 2313
7790 2313
7791 2313
7792 2313
7793 2704
7794 2317
7795 2317
7796 2318
7797 2320
7798 2320
7799 3068
7800 2321
7801 2321
7802 2429
7803 3005
7804 2324
7805 2841
7806 2328
7807 2328
7808 2479
7809 2328
7810 2328
7811 2330
7812 2330
7813 2330
7814 2643
7815 2330
7816 2331
7817 2331
7818 2331
7819 2603
7820 2332
7821 2332
7822 2332
7823 2458
7824 2335
7825 2336
7826 2336
7827 2336
7828 2336
7829 2337
7830 2541
7831 2341
7832 2341
7833 2342
7834 2342
7835 2342
7836 3072
7837 2344
7838 2714
7839 2348
7840 2349
7841 2350
7842 2351
7843 2351
7844 2354
7845 2354
7846 2354
7847 2354
7848 2355
7849 2356
7850 2357
7851 2357
7852 2358
7853 2358
7854 2358
7855 2358
7856 2358
7857 2360
7858 2360
7859 2360
7860 2360
7861 2360
7862 2920
7863 2360
7864 2360
7865 2360
7866 2360
7867 3248
7868 2367
7869 2369
7870 2370
7871 2370
7872 2373
7873 2376
7874 2376
7875 2376
7876 2377
7877 2377
7878 2377
7879 2377
7880 2377
7881 2377
7882 2377
7883 2377
7884 2379
7885 2383
7886 2383
7887 2383
7888 2387
7889 2387
7890 2389
7891 2389
7892 2389
7893 2389
7894 2771
7895 2389
7896 2389
7897 2389
7898 2391
7899 2391
7900 2391
7901 2391
7902 2391
7903 2391
7904 2393
7905 2716
7906 2396
7907 2397
7908 2399
7909 2399
7910 2404
7911 3213
7912 2709
7913 2405
7914 2405
7915 2405
7916 2405
7917 2405
7918 2405
7919 3258
7920 2408
7921 2408
7922 2410
7923 2410
7924 2410
7925 2580
7926 2410
7927 2410
7928 2535
7929 2410
7930 2410
7931 3109
7932 2410
7933 2410
7934 2516
7935 2410
7936 2410
7937 2410
7938 2410
7939 2410
7940 2410
7941 2410
7942 2851
7943 2410
7944 2410
7945 2410
7946 2410
7947 2410
7948 2410
7949 2839
7950 2410
7951 2410
7952 2973
7953 2410
7954 2410
7955 2410
7956 2410
7957 2410
7958 2410
7959 2410
7960 2599
7961 2455
7962 2410
7963 2410
7964 2554
7965 2410
7966 2828
7967 2410
7968 2410
7969 2410
7970 2410
7971 2410
7972 2410
7973 2410
7974 2410
7975 2410
7976 2410
7977 2410
7978 2410
7979 3194
7980 2410
7981 2410
7982 2410
7983 2410
7984 2410
7985 2410
7986 2410
7987 3097
7988 2410
7989 2410
7990 2410
7991 2824
7992 2410
7993 2410
7994 2410
7995 2410
7996 2410
7997 2410
7998 2410
7999 2410
8000 2410
8001 2410
8002 2741
8003 2410
8004 3223
8005 2410
8006 2410
8007 2410
8008 2410
8009 2410
8010 2756
8011 2410
8012 2410
8013 2410
8014 2410
8015 2410
8016 2410
8017 2410
8018 2410
8019 2410
8020 2410
8021 2410
8022 3030
8023 2410
8024 2410
8025 2410
8026 2410
8027 2410
8028 3078
8029 2410
8030 2759
8031 2410
8032 2410
8033 2410
8034 2410
8035 2410
8036 2410
8037 2410
8038 2410
8039 2411
8040 2411
8041 2412
8042 2412
8043 2412
8044 2412
8045 2412
8046 2412
8047 2412
8048 2412
8049 2415
8050 2415
8051 2415
8052 2415
8053 3022
8054 2415
8055 2428
8056 2415
8057 2415
8058 2415
8059 2415
8060 2415
8061 2415
8062 2415
8063 2415
8064 2774
8065 2418
8066 2896
8067 2418
8068 2419
8069 2419
8070 2419
8071 2613
8072 2421
8073 2424
8074 3209
8075 2999
8076 2427
8077 2427
8078 2427
8079 2427
8080 2427
8081 2427
8082 2427
8083 2427
8084 2427
8085 2427
8086 3008
8087 2427
8088 2427
8089 2427
8090 2427
8091 2427
8092 2427
8093 2427
8094 2427
8095 2427
8096 2428
8097 2430
8098 2430
8099 2430
8100 2430
8101 3224
8102 2432
8103 2432
8104 2432
8105 2432
8106 2432
8107 2432
8108 2789
8109 2432
8110 2434
8111 2436
8112 2436
8113 2436
8114 2436
8115 2436
8116 2436
8117 2750
8118 2436
8119 2437
8120 2669
8121 2439
8122 2441
8123 2443
8124 2443
8125 2443
8126 2444
8127 3283
8128 2449
8129 2449
8130 2450
8131 2450
8132 2452
8133 2453
8134 2455
8135 2456
8136 2456
8137 3070
8138 2456
8139 2462
8140 2462
8141 2462
8142 2462
8143 2464
8144 2464
8145 2464
8146 2519
8147 2465
8148 2467
8149 2470
8150 2470
8151 2470
8152 3051
8153 2810
8154 2470
8155 2470
8156 2470
8157 2470
8158 2470
8159 2470
8160 3106
8161 2470
8162 2475
8163 2475
8164 2475
8165 2475
8166 2477
8167 2477
8168 3242
8169 2477
8170 2480
8171 2481
8172 2481
8173 2481
8174 2481
8175 2481
8176 3153
8177 2488
8178 2488
8179 2490
8180 2493
8181 2493
8182 2493
8183 2493
8184 2493
8185 2493
8186 2493
8187 2493
8188 2493
8189 2493
8190 2493
8191 2493
8192 2493
8193 2493
8194 2965
8195 2493
8196 2493
8197 2493
8198 2767
8199 2493
8200 2493
8201 2493
8202 2493
8203 2959
8204 3007
8205 2493
8206 2493
8207 2493
8208 2493
8209 2493
8210 2493
8211 2493
8212 2493
8213 2493
8214 2493
8215 2493
8216 2493
8217 2494
8218 2496
8219 2499
8220 2499
8221 2499
8222 2502
8223 2502
8224 2502
8225 2502
8226 2502
8227 2502
8228 2502
8229 2502
8230 2502
8231 2502
8232 2502
8233 2502
8234 3044
8235 2502
8236 2502
8237 2502
8238 3274
8239 2502
8240 2502
8241 2502
8242 2502
8243 2502
8244 2502
8245 2503
8246 2503
8247 2503
8248 2513
8249 2514
8250 2514
8251 2516
8252 2516
8253 2517
8254 2518
8255 2745
8256 2518
8257 2518
8258 2518
8259 2640
8260 2518
8261 2518
8262 2518
8263 2977
8264 2518
8265 2518
8266 2980
8267 2518
8268 2543
8269 3003
8270 2518
8271 2518
8272 2518
8273 2518
8274 2518
8275 2518
8276 2520
8277 2521
8278 2521
8279 2522
8280 2522
8281 2524
8282 2524
8283 2524
8284 2524
8285 2524
8286 2524
8287 2524
8288 2527
8289 2528
8290 2528
8291 2535
8292 2535
8293 2537
8294 2568
8295 2537
8296 2655
8297 2537
8298 2537
8299 2537
8300 2903
8301 2537
8302 2537
8303 2537
8304 2537
8305 2537
8306 2537
8307 2537
8308 2537
8309 2539
8310 2539
8311 2539
8312 2542
8313 2542
8314 2542
8315 3185
8316 2545
8317 2573
8318 2550
8319 2550
8320 2551
8321 2551
8322 2552
8323 2552
8324 2553
8325 2553
8326 2553
8327 2553
8328 2553
8329 2553
8330 2553
8331 2553
8332 2553
8333 2553
8334 2553
8335 2553
8336 2553
8337 2557
8338 2559
8339 2559
8340 2562
8341 2563
8342 2746
8343 2563
8344 2564
8345 2565
8346 2565
8347 2565
8348 2566
8349 2566
8350 2568
8351 2860
8352 3079
8353 2572
8354 2572
8355 2572
8356 3080
8357 2572
8358 2574
8359 2574
8360 2575
8361 2576
8362 2576
8363 3039
8364 2577
8365 2577
8366 2577
8367 2577
8368 2577
8369 2892
8370 2577
8371 2577
8372 2583
8373 2580
8374 2580
8375 2581
8376 2584
8377 2587
8378 2587
8379 2587
8380 2587
8381 2587
8382 2587
8383 2587
8384 3176
8385 2589
8386 2589
8387 2589
8388 2591
8389 3099
8390 2591
8391 2592
8392 2593
8393 2595
8394 2595
8395 2599
8396 3136
8397 2600
8398 2600
8399 2602
8400 2602
8401 2604
8402 2605
8403 2605
8404 2607
8405 2609
8406 2609
8407 2610
8408 2610
8409 2610
8410 2610
8411 2610
8412 2610
8413 2610
8414 2610
8415 2610
8416 2610
8417 2610
8418 2610
8419 2611
8420 3177
8421 2615
8422 2615
8423 2615
8424 2616
8425 2618
8426 2733
8427 2618
8428 2618
8429 3196
8430 2618
8431 3230
8432 2619
8433 2619
8434 2619
8435 2619
8436 2619
8437 2619
8438 2619
8439 2776
8440 2621
8441 2621
8442 2621
8443 2621
8444 2622
8445 2622
8446 2622
8447 2679
8448 2622
8449 2622
8450 2623
8451 2625
8452 2625
8453 2628
8454 2861
8455 2629
8456 2633
8457 2633
8458 2633
8459 2633
8460 2720
8461 2633
8462 3107
8463 2633
8464 2633
8465 2633
8466 2633
8467 2633
8468 2633
8469 2634
8470 2634
8471 2634
8472 2635
8473 2635
8474 2635
8475 2635
8476 2635
8477 2635
8478 3170
8479 2635
8480 2636
8481 2638
8482 2638
8483 2638
8484 2638
8485 2638
8486 2638
8487 2833
8488 2785
8489 2638
8490 2638
8491 2638
8492 2638
8493 2638
8494 2638
8495 2638
8496 2642
8497 2642
8498 2642
8499 3171
8500 2642
8501 2643
8502 3289
8503 2644
8504 2644
8505 2644
8506 2644
8507 2644
8508 2648
8509 2648
8510 3189
8511 2652
8512 2652
8513 2652
8514 2652
8515 2652
8516 2652
8517 2652
8518 2652
8519 2652
8520 2652
8521 2652
8522 2652
8523 2652
8524 2652
8525 2652
8526 2652
8527 2652
8528 2652
8529 2652
8530 2652
8531 2652
8532 2652
8533 2652
8534 2652
8535 2782
8536 2652
8537 2652
8538 2801
8539 2652
8540 3042
8541 2652
8542 2652
8543 2652
8544 2788
8545 2652
8546 2652
8547 2652
8548 2652
8549 2652
8550 2652
8551 2652
8552 2652
8553 2652
8554 2654
8555 2655
8556 2656
8557 2658
8558 2658
8559 2658
8560 2661
8561 2664
8562 2664
8563 2666
8564 2666
8565 3162
8566 2666
8567 2666
8568 2666
8569 3234
8570 2666
8571 2666
8572 2666
8573 2666
8574 2666
8575 2667
8576 2667
8577 2667
8578 2669
8579 2671
8580 2671
8581 2673
8582 2673
8583 2674
8584 2674
8585 2678
8586 2679
8587 2748
8588 2681
8589 2681
8590 2682
8591 2683
8592 2683
8593 2683
8594 2683
8595 2893
8596 2683
8597 2683
8598 2683
8599 2683
8600 2683
8601 2683
8602 2683
8603 2923
8604 2685
8605 2685
8606 2687
8607 2688
8608 3161
8609 3241
8610 2689
8611 2690
8612 3227
8613 2690
8614 2690
8615 2697
8616 2697
8617 2777
8618 3148
8619 2698
8620 2698
8621 2698
8622 2698
8623 2698
8624 2698
8625 2698
8626 2698
8627 2698
8628 2698
8629 2698
8630 2698
8631 2698
8632 2699
8633 2699
8634 2699
8635 2699
8636 2699
8637 2699
8638 2914
8639 2699
8640 2699
8641 3082
8642 2699
8643 2699
8644 2699
8645 2699
8646 2699
8647 2699
8648 2699
8649 2699
8650 2699
8651 3151
8652 2699
8653 2699
8654 2699
8655 2699
8656 2699
8657 2699
8658 2699
8659 2699
8660 2699
8661 2699
8662 2699
8663 2699
8664 2699
8665 2699
8666 2699
8667 2699
8668 2699
8669 2699
8670 3126
8671 2699
8672 2699
8673 2699
8674 2699
8675 2699
8676 2699
8677 2703
8678 2703
8679 3243
8680 2703
8681 2703
8682 2703
8683 2703
8684 2703
8685 2703
8686 2703
8687 2703
8688 2703
8689 2703
8690 2703
8691 2703
8692 2703
8693 2703
8694 2703
8695 2703
8696 2703
8697 2703
8698 2703
8699 2703
8700 2703
8701 2703
8702 2993
8703 2703
8704 2754
8705 2703
8706 2703
8707 3023
8708 2703
8709 2703
8710 2703
8711 2703
8712 2703
8713 2703
8714 2703
8715 2703
8716 2703
8717 2703
8718 2703
8719 2703
8720 2703
8721 2703
8722 2703
8723 2703
8724 2703
8725 2703
8726 2703
8727 2703
8728 2703
8729 2703
8730 2703
8731 2703
8732 2703
8733 2703
8734 2703
8735 2703
8736 2703
8737 2703
8738 2703
8739 2703
8740 2703
8741 2703
8742 2703
8743 2703
8744 2703
8745 2703
8746 2703
8747 2703
8748 3142
8749 2703
8750 2703
8751 2703
8752 2703
8753 2703
8754 2703
8755 2752
8756 2703
8757 2891
8758 2703
8759 2703
8760 2742
8761 3262
8762 2703
8763 2703
8764 2703
8765 2703
8766 2703
8767 2703
8768 2703
8769 2958
8770 2802
8771 2708
8772 2709
8773 2709
8774 2709
8775 2709
8776 2709
8777 2709
8778 2738
8779 2709
8780 2710
8781 2710
8782 2712
8783 2717
8784 2717
8785 2717
8786 2717
8787 2717
8788 2717
8789 2717
8790 2717
8791 2717
8792 2717
8793 3202
8794 3280
8795 2719
8796 2720
8797 2722
8798 2722
8799 2722
8800 2722
8801 2796
8802 2725
8803 2897
8804 2726
8805 2726
8806 2732
8807 2733
8808 3046
8809 2735
8810 2735
8811 2736
8812 2738
8813 2738
8814 2740
8815 2740
8816 2740
8817 2744
8818 2744
8819 2744
8820 2746
8821 2746
8822 2952
8823 2748
8824 2748
8825 2750
8826 2750
8827 2752
8828 2753
8829 2754
8830 2756
8831 3065
8832 2758
8833 2758
8834 2758
8835 2758
8836 2758
8837 2758
8838 3271
8839 2811
8840 2997
8841 2758
8842 2758
8843 2758
8844 2927
8845 2758
8846 2758
8847 2758
8848 2758
8849 3255
8850 2758
8851 2758
8852 2758
8853 2758
8854 3049
8855 2758
8856 2758
8857 2758
8858 2758
8859 2758
8860 2758
8861 2758
8862 2758
8863 2758
8864 2760
8865 2761
8866 2761
8867 2761
8868 3238
8869 2761
8870 2762
8871 2764
8872 2765
8873 2765
8874 2766
8875 2766
8876 2769
8877 2772
8878 2772
8879 2772
8880 2773
8881 2774
8882 2774
8883 2774
8884 2774
8885 2774
8886 2777
8887 2777
8888 2777
8889 2777
8890 2777
8891 2778
8892 2778
8893 2778
8894 2778
8895 2779
8896 2780
8897 2781
8898 3013
8899 2782
8900 2783
8901 2785
8902 2785
8903 2785
8904 2785
8905 2785
8906 2785
8907 2785
8908 2785
8909 2785
8910 2785
8911 2785
8912 2785
8913 2785
8914 2785
8915 2785
8916 2785
8917 2785
8918 2785
8919 2785
8920 2788
8921 2791
8922 2791
8923 2791
8924 2791
8925 2791
8926 2930
8927 2791
8928 2791
8929 2792
8930 2793
8931 2795
8932 2796
8933 2797
8934 2797
8935 2797
8936 2797
8937 2797
8938 2829
8939 2797
8940 2797
8941 2867
8942 2820
8943 2798
8944 2798
8945 2798
8946 2800
8947 2800
8948 2800
8949 3117
8950 2801
8951 2802
8952 2802
8953 2802
8954 2802
8955 2804
8956 2804
8957 2804
8958 2804
8959 2836
8960 2806
8961 2806
8962 2806
8963 2806
8964 2806
8965 2806
8966 2807
8967 2807
8968 2807
8969 2807
8970 2807
8971 3204
8972 2807
8973 2809
8974 2809
8975 2809
8976 2809
8977 2809
8978 2809
8979 2809
8980 2809
8981 2809
8982 2809
8983 2809
8984 2809
8985 2809
8986 2809
8987 2809
8988 2809
8989 2916
8990 2809
8991 2809
8992 3277
8993 2809
8994 2809
8995 3211
8996 2809
8997 2812
8998 2812
8999 2812
9000 2812
9001 2813
9002 2815
9003 2815
9004 2817
9005 2817
9006 2818
9007 2818
9008 2832
9009 2819
9010 3216
9011 2819
9012 2819
9013 2819
9014 2819
9015 2819
9016 2819
9017 2819
9018 2819
9019 2819
9020 2819
9021 2819
9022 2819
9023 2819
9024 2819
9025 2819
9026 2819
9027 2819
9028 2819
9029 2819
9030 2819
9031 2820
9032 2820
9033 3200
9034 2820
9035 2820
9036 2820
9037 2820
9038 2820
9039 2823
9040 2824
9041 3036
9042 2833
9043 3206
9044 2835
9045 2835
9046 2836
9047 2837
9048 2838
9049 2840
9050 2840
9051 2842
9052 2842
9053 2842
9054 2852
9055 2856
9056 2856
9057 2864
9058 2865
9059 2866
9060 2867
9061 2867
9062 2868
9063 2868
9064 2869
9065 2869
9066 2870
9067 2872
9068 2872
9069 2872
9070 2872
9071 2872
9072 2872
9073 2872
9074 2872
9075 2872
9076 2872
9077 2872
9078 2872
9079 2872
9080 2874
9081 2874
9082 3272
9083 2876
9084 2877
9085 2877
9086 2877
9087 2877
9088 2878
9089 2878
9090 2879
9091 2879
9092 2879
9093 3232
9094 3249
9095 2880
9096 2880
9097 2881
9098 2881
9099 2881
9100 2881
9101 2945
9102 2886
9103 2886
9104 2893
9105 2893
9106 2898
9107 2898
9108 2898
9109 2898
9110 2902
9111 2902
9112 2902
9113 2902
9114 2902
9115 2902
9116 2902
9117 2902
9118 2902
9119 2902
9120 2902
9121 2902
9122 2902
9123 2902
9124 2902
9125 2902
9126 2902
9127 2902
9128 2902
9129 2902
9130 2902
9131 2902
9132 2902
9133 2902
9134 2902
9135 2912
9136 2902
9137 2902
9138 2902
9139 2902
9140 2902
9141 2902
9142 2902
9143 2902
9144 2902
9145 2902
9146 3207
9147 2902
9148 2902
9149 2902
9150 2902
9151 2902
9152 2902
9153 2902
9154 2902
9155 2902
9156 2902
9157 2902
9158 2902
9159 2902
9160 2902
9161 2902
9162 2902
9163 2902
9164 2902
9165 2902
9166 2902
9167 2902
9168 2902
9169 2906
9170 2911
9171 2913
9172 2913
9173 2913
9174 2913
9175 2914
9176 2914
9177 2915
9178 3139
9179 2916
9180 2917
9181 2920
9182 2920
9183 2920
9184 2920
9185 2920
9186 2920
9187 2921
9188 2921
9189 2921
9190 2921
9191 2935
9192 2921
9193 2921
9194 2921
9195 2921
9196 2921
9197 2921
9198 2921
9199 2924
9200 2924
9201 2926
9202 2926
9203 2926
9204 2926
9205 2926
9206 2926
9207 2926
9208 2926
9209 2926
9210 2926
9211 2926
9212 2926
9213 2926
9214 2926
9215 2926
9216 2926
9217 2926
9218 2926
9219 2926
9220 2926
9221 2926
9222 2926
9223 2926
9224 2926
9225 2926
9226 2926
9227 2926
9228 2926
9229 2926
9230 2926
9231 2926
9232 2926
9233 2926
9234 2926
9235 2926
9236 3138
9237 3020
9238 2930
9239 2935
9240 2938
9241 2938
9242 2938
9243 2938
9244 2941
9245 2941
9246 2941
9247 2941
9248 2941
9249 2941
9250 2943
9251 2943
9252 3188
9253 2943
9254 2943
9255 2943
9256 2943
9257 2943
9258 2943
9259 2944
9260 2944
9261 2944
9262 3001
9263 2944
9264 2946
9265 2946
9266 2946
9267 2946
9268 2946
9269 2946
9270 2946
9271 2946
9272 2946
9273 2946
9274 2946
9275 2946
9276 2946
9277 2946
9278 2949
9279 2949
9280 2949
9281 2949
9282 2949
9283 2949
9284 2949
9285 2950
9286 2951
9287 2951
9288 2955
9289 2976
9290 2960
9291 2962
9292 2964
9293 2964
9294 2965
9295 2966
9296 2967
9297 2967
9298 2967
9299 2967
9300 2968
9301 2968
9302 2970
9303 2970
9304 2978
9305 2970
9306 2970
9307 2970
9308 2970
9309 2970
9310 3290
9311 2970
9312 2970
9313 2970
9314 2970
9315 2970
9316 2970
9317 2974
9318 2970
9319 2971
9320 2973
9321 2974
9322 2975
9323 2976
9324 2976
9325 2977
9326 2977
9327 2977
9328 2977
9329 2977
9330 3191
9331 2977
9332 2977
9333 2977
9334 2977
9335 2977
9336 2978
9337 2980
9338 2980
9339 2982
9340 2982
9341 2982
9342 3240
9343 2985
9344 2985
9345 2985
9346 2985
9347 2990
9348 2990
9349 2992
9350 2994
9351 2995
9352 2995
9353 2995
9354 2995
9355 2998
9356 2999
9357 2999
9358 2999
9359 2999
9360 3001
9361 3001
9362 3001
9363 3002
9364 3005
9365 3005
9366 3005
9367 3005
9368 3005
9369 3006
9370 3007
9371 3008
9372 3010
9373 3012
9374 3012
9375 3015
9376 3023
9377 3023
9378 3023
9379 3023
9380 3023
9381 3023
9382 3023
9383 3023
9384 3023
9385 3023
9386 3023
9387 3023
9388 3023
9389 3023
9390 3115
9391 3026
9392 3029
9393 3031
9394 3031
9395 3031
9396 3031
9397 3032
9398 3033
9399 3033
9400 3033
9401 3033
9402 3034
9403 3034
9404 3037
9405 3037
9406 3150
9407 3038
9408 3039
9409 3039
9410 3039
9411 3043
9412 3044
9413 3045
9414 3045
9415 3045
9416 3045
9417 3046
9418 3048
9419 3049
9420 3049
9421 3052
9422 3052
9423 3052
9424 3052
9425 3052
9426 3052
9427 3052
9428 3052
9429 3246
9430 3052
9431 3053
9432 3053
9433 3053
9434 3056
9435 3056
9436 3056
9437 3056
9438 3056
9439 3056
9440 3057
9441 3057
9442 3058
9443 3059
9444 3059
9445 3059
9446 3059
9447 3059
9448 3061
9449 3064
9450 3281
9451 3064
9452 3064
9453 3068
9454 3068
9455 3071
9456 3071
9457 3071
9458 3071
9459 3071
9460 3071
9461 3071
9462 3071
9463 3071
9464 3073
9465 3076
9466 3078
9467 3078
9468 3078
9469 3078
9470 3078
9471 3292
9472 3080
9473 3080
9474 3082
9475 3085
9476 3086
9477 3251
9478 3086
9479 3089
9480 3089
9481 3089
9482 3089
9483 3090
9484 3090
9485 3090
9486 3093
9487 3093
9488 3093
9489 3093
9490 3186
9491 3093
9492 3093
9493 3093
9494 3093
9495 3093
9496 3093
9497 3093
9498 3093
9499 3093
9500 3093
9501 3093
9502 3093
9503 3093
9504 3093
9505 3093
9506 3093
9507 3093
9508 3093
9509 3093
9510 3093
9511 3093
9512 3093
9513 3093
9514 3093
9515 3095
9516 3098
9517 3099
9518 3100
9519 3100
9520 3100
9521 3102
9522 3102
9523 3103
9524 3104
9525 3104
9526 3106
9527 3106
9528 3106
9529 3106
9530 3107
9531 3107
9532 3109
9533 3110
9534 3111
9535 3111
9536 3112
9537 3112
9538 3112
9539 3112
9540 3112
9541 3112
9542 3112
9543 3112
9544 3114
9545 3114
9546 3114
9547 3114
9548 3114
9549 3114
9550 3114
9551 3114
9552 3114
9553 3114
9554 3114
9555 3114
9556 3114
9557 3114
9558 3114
9559 3114
9560 3115
9561 3116
9562 3116
9563 3116
9564 3116
9565 3116
9566 3116
9567 3120
9568 3120
9569 3121
9570 3122
9571 3122
9572 3122
9573 3122
9574 3123
9575 3123
9576 3123
9577 3123
9578 3123
9579 3123
9580 3123
9581 3123
9582 3123
9583 3123
9584 3123
9585 3123
9586 3123
9587 3123
9588 3124
9589 3124
9590 3126
9591 3127
9592 3127
9593 3127
9594 3128
9595 3128
9596 3128
9597 3130
9598 3131
9599 3132
9600 3132
9601 3132
9602 3132
9603 3132
9604 3208
9605 3132
9606 3132
9607 3132
9608 3132
9609 3132
9610 3132
9611 3132
9612 3132
9613 3132
9614 3132
9615 3132
9616 3132
9617 3132
9618 3132
9619 3132
9620 3132
9621 3132
9622 3132
9623 3132
9624 3132
9625 3132
9626 3132
9627 3132
9628 3132
9629 3132
9630 3132
9631 3132
9632 3132
9633 3132
9634 3132
9635 3132
9636 3132
9637 3132
9638 3132
9639 3132
9640 3132
9641 3132
9642 3132
9643 3132
9644 3132
9645 3132
9646 3132
9647 3132
9648 3132
9649 3132
9650 3132
9651 3132
9652 3132
9653 3132
9654 3132
9655 3132
9656 3132
9657 3132
9658 3132
9659 3132
9660 3132
9661 3132
9662 3132
9663 3132
9664 3133
9665 3136
9666 3138
9667 3140
9668 3140
9669 3140
9670 3140
9671 3140
9672 3140
9673 3140
9674 3140
9675 3140
9676 3140
9677 3140
9678 3140
9679 3140
9680 3140
9681 3140
9682 3140
9683 3140
9684 3140
9685 3157
9686 3140
9687 3143
9688 3143
9689 3143
9690 3144
9691 3144
9692 3146
9693 3146
9694 3146
9695 3146
9696 3148
9697 3153
9698 3154
9699 3154
9700 3154
9701 3154
9702 3154
9703 3154
9704 3156
9705 3156
9706 3156
9707 3156
9708 3156
9709 3156
9710 3156
9711 3158
9712 3158
9713 3158
9714 3158
9715 3158
9716 3158
9717 3158
9718 3158
9719 3158
9720 3158
9721 3161
9722 3161
9723 3161
9724 3161
9725 3161
9726 3161
9727 3161
9728 3161
9729 3164
9730 3166
9731 3167
9732 3167
9733 3168
9734 3168
9735 3168
9736 3168
9737 3173
9738 3175
9739 3177
9740 3178
9741 3197
9742 3178
9743 3179
9744 3179
9745 3179
9746 3179
9747 3179
9748 3179
9749 3179
9750 3179
9751 3179
9752 3179
9753 3179
9754 3179
9755 3181
9756 3181
9757 3182
9758 3183
9759 3184
9760 3185
9761 3185
9762 3185
9763 3188
9764 3188
9765 3188
9766 3188
9767 3188
9768 3188
9769 3188
9770 3188
9771 3188
9772 3188
9773 3188
9774 3188
9775 3188
9776 3189
9777 3189
9778 3189
9779 3191
9780 3193
9781 3193
9782 3193
9783 3193
9784 3194
9785 3194
9786 3194
9787 3194
9788 3194
9789 3194
9790 3194
9791 3194
9792 3194
9793 3194
9794 3194
9795 3194
9796 3194
9797 3194
9798 3194
9799 3195
9800 3196
9801 3204
9802 3205
9803 3205
9804 3205
9805 3205
9806 3205
9807 3205
9808 3206
9809 3207
9810 3208
9811 3209
9812 3209
9813 3210
9814 3213
9815 3214
9816 3214
9817 3214
9818 3216
9819 3217
9820 3217
9821 3217
9822 3217
9823 3217
9824 3217
9825 3217
9826 3217
9827 3217
9828 3217
9829 3217
9830 3218
9831 3219
9832 3219
9833 3220
9834 3220
9835 3220
9836 3221
9837 3221
9838 3221
9839 3221
9840 3221
9841 3222
9842 3224
9843 3225
9844 3225
9845 3226
9846 3227
9847 3229
9848 3229
9849 3229
9850 3229
9851 3229
9852 3234
9853 3236
9854 3240
9855 3240
9856 3244
9857 3247
9858 3247
9859 3248
9860 3248
9861 3248
9862 3249
9863 3249
9864 3250
9865 3250
9866 3251
9867 3251
9868 3251
9869 3254
9870 3255
9871 3255
9872 3255
9873 3255
9874 3255
9875 3255
9876 3255
9877 3255
9878 3255
9879 3255
9880 3255
9881 3255
9882 3266
9883 3255
9884 3258
9885 3258
9886 3258
9887 3258
9888 3259
9889 3259
9890 3260
9891 3260
9892 3260
9893 3260
9894 3260
9895 3260
9896 3260
9897 3260
9898 3261
9899 3261
9900 3262
9901 3262
9902 3262
9903 3262
9904 3262
9905 3262
9906 3262
9907 3262
9908 3262
9909 3262
9910 3262
9911 3268
9912 3264
9913 3265
9914 3266
9915 3266
9916 3270
9917 3270
9918 3270
9919 3273
9920 3273
9921 3274
9922 3274
9923 3275
9924 3278
9925 3278
9926 3278
9927 3279
9928 3281
9929 3281
9930 3285
9931 3288
9932 3288
9933 3288
9934 3288
9935 3288
9936 3288
9937 3288
9938 3288
9939 3288
9940 3288
9941 3288
9942 3288
9943 3288
9944 3288
9945 3288
9946 3288
9947 3288
9948 3288
9949 3288
9950 3288
9951 3288
9952 3288
9953 3288
9954 3288
9955 3288
9956 3288
9957 3288
9958 3288
9959 3288
9960 3288
9961 3288
9962 3288
9963 3288
9964 3288
9965 3288
9966 3288
9967 3288
9968 3288
9969 3288
9970 3288
9971 3288
9972 3288
9973 3288
9974 3288
9975 3288
9976 3288
9977 3288
9978 3288
9979 3288
9980 3288
9981 3288
9982 3288
9983 3288
9984 3288
9985 3288
9986 3288
9987 3289
9988 3289
9989 3291
9990 3291
9991 3291
9992 3291
9993 3294
9994 3294
9995 3294
9996 3294
9997 3294
9998 3296
9999 3296
