10000 9999
1 0
2 0
3 1
4 2
5 2
6 2
7 2
8 2
9 3
10 2
11 9
12 8
13 2
14 2
15 2
16 9
17 9
18 14
19 11
20 2
21 16
22 9
23 13
24 23
25 10
26 16
27 8
28 9
29 9
30 9
31 28
32 27
33 27
34 25
35 12
36 25
37 7
38 27
39 18
40 23
41 31
42 40
43 39
44 22
45 33
46 32
47 24
48 44
49 37
50 9
51 44
52 50
53 23
54 51
55 31
56 37
57 56
58 55
59 9
60 44
61 23
62 26
63 42
64 51
65 22
66 38
67 34
68 26
69 41
70 65
71 55
72 44
73 70
74 2
75 40
76 37
77 44
78 20
79 7
80 48
81 57
82 22
83 56
84 83
85 36
86 23
87 44
88 42
89 10
90 62
91 64
92 69
93 43
94 46
95 56
96 48
97 92
98 6
99 79
100 69
101 80
102 85
103 56
104 52
105 73
106 22
107 99
108 103
109 108
110 2
111 73
112 23
113 44
114 40
115 108
116 109
117 108
118 34
119 5
120 118
121 84
122 79
123 120
124 83
125 108
126 36
127 88
128 76
129 27
130 105
131 106
132 98
133 93
134 56
135 81
136 108
137 104
138 86
139 108
140 112
141 83
142 93
143 108
144 64
145 84
146 103
147 139
148 104
149 121
150 84
151 90
152 2
153 140
154 25
155 26
156 148
157 55
158 40
159 100
160 106
161 156
162 36
163 142
164 64
165 114
166 44
167 137
168 160
169 64
170 108
171 48
172 124
173 146
174 101
175 80
176 119
177 108
178 47
179 80
180 141
181 108
182 96
183 177
184 111
185 166
186 146
187 55
188 54
189 77
190 77
191 188
192 16
193 138
194 80
195 80
196 141
197 173
198 86
199 108
200 94
201 110
202 101
203 9
204 162
205 197
206 29
207 166
208 185
209 108
210 93
211 108
212 100
213 98
214 2
215 86
216 177
217 167
218 108
219 115
220 191
221 213
222 206
223 218
224 184
225 173
226 76
227 17
228 63
229 124
230 196
231 211
232 216
233 125
234 40
235 158
236 190
237 158
238 166
239 4
240 93
241 128
242 200
243 203
244 194
245 84
246 156
247 42
248 177
249 145
250 242
251 172
252 75
253 239
254 67
255 213
256 134
257 227
258 242
259 14
260 118
261 128
262 257
263 118
264 251
265 98
266 79
267 156
268 218
269 77
270 166
271 60
272 96
273 39
274 118
275 213
276 51
277 104
278 268
279 187
280 252
281 209
282 156
283 207
284 265
285 15
286 112
287 271
288 181
289 181
290 284
291 187
292 196
293 227
294 136
295 149
296 127
297 258
298 197
299 178
300 245
301 167
302 61
303 130
304 283
305 97
306 305
307 109
308 295
309 167
310 25
311 190
312 301
313 135
314 153
315 267
316 242
317 173
318 246
319 222
320 118
321 156
322 284
323 80
324 174
325 19
326 199
327 243
328 257
329 223
330 320
331 320
332 181
333 332
334 183
335 21
336 218
337 260
338 199
339 211
340 239
341 275
342 263
343 310
344 55
345 254
346 173
347 166
348 108
349 133
350 283
351 312
352 204
353 283
354 305
355 287
356 306
357 328
358 108
359 344
360 311
361 60
362 234
363 267
364 167
365 171
366 158
367 158
368 351
369 93
370 340
371 202
372 155
373 296
374 345
375 66
376 344
377 355
378 332
379 64
380 344
381 344
382 332
383 124
384 344
385 262
386 267
387 166
388 199
389 147
390 316
391 213
392 277
393 267
394 352
395 230
396 196
397 123
398 136
399 211
400 340
401 344
402 257
403 344
404 218
405 261
406 64
407 316
408 166
409 30
410 156
411 403
412 344
413 108
414 90
415 247
416 108
417 295
418 304
419 374
420 379
421 353
422 267
423 344
424 247
425 177
426 254
427 398
428 199
429 350
430 187
431 425
432 288
433 118
434 344
435 164
436 51
437 306
438 378
439 102
440 344
441 242
442 228
443 100
444 242
445 366
446 440
447 108
448 379
449 80
450 286
451 280
452 368
453 241
454 62
455 11
456 364
457 344
458 403
459 196
460 344
461 292
462 260
463 221
464 434
465 399
466 378
467 242
468 371
469 461
470 414
471 442
472 109
473 194
474 425
475 373
476 473
477 192
478 425
479 344
480 340
481 241
482 344
483 49
484 396
485 107
486 344
487 223
488 173
489 156
490 241
491 461
492 425
493 414
494 24
495 191
496 340
497 425
498 409
499 213
500 414
501 425
502 345
503 357
504 378
505 136
506 165
507 399
508 415
509 453
510 433
511 257
512 448
513 327
514 196
515 344
516 343
517 257
518 473
519 270
520 60
521 225
522 365
523 336
524 116
525 367
526 231
527 177
528 509
529 461
530 187
531 522
532 254
533 347
534 529
535 525
536 152
537 414
538 406
539 348
540 414
541 344
542 53
543 247
544 374
545 181
546 257
547 498
548 278
549 173
550 461
551 257
552 346
553 85
554 425
555 144
556 417
557 68
558 496
559 96
560 83
561 425
562 144
563 213
564 448
565 483
566 298
567 135
568 68
569 511
570 388
571 399
572 539
573 531
574 108
575 248
576 91
577 461
578 236
579 82
580 438
581 461
582 518
583 344
584 535
585 296
586 575
587 475
588 558
589 226
590 44
591 505
592 360
593 177
594 524
595 571
596 542
597 197
598 367
599 499
600 35
601 271
602 446
603 267
604 600
605 232
606 361
607 218
608 514
609 473
610 86
611 414
612 374
613 462
614 595
615 118
616 396
617 459
618 301
619 515
620 378
621 260
622 438
623 548
624 203
625 212
626 344
627 404
628 280
629 570
630 540
631 592
632 341
633 394
634 425
635 411
636 412
637 498
638 33
639 316
640 480
641 638
642 344
643 544
644 491
645 158
646 624
647 425
648 593
649 548
650 481
651 629
652 397
653 425
654 414
655 542
656 595
657 414
658 615
659 553
660 491
661 366
662 318
663 196
664 608
665 505
666 448
667 567
668 309
669 666
670 69
671 344
672 595
673 494
674 478
675 211
676 399
677 556
678 657
679 498
680 665
681 502
682 566
683 487
684 231
685 425
686 193
687 414
688 643
689 202
690 60
691 331
692 344
693 196
694 627
695 679
696 515
697 661
698 579
699 461
700 609
701 332
702 511
703 564
704 638
705 44
706 167
707 259
708 601
709 190
710 432
711 649
712 524
713 590
714 512
715 425
716 649
717 450
718 241
719 214
720 40
721 664
722 567
723 344
724 366
725 378
726 289
727 562
728 688
729 593
730 50
731 593
732 630
733 316
734 553
735 344
736 527
737 698
738 549
739 553
740 311
741 673
742 649
743 484
744 376
745 201
746 720
747 250
748 563
749 512
750 456
751 563
752 437
753 399
754 55
755 104
756 300
757 371
758 211
759 399
760 588
761 294
762 296
763 641
764 462
765 344
766 329
767 649
768 313
769 649
770 457
771 540
772 491
773 533
774 512
775 399
776 592
777 461
778 664
779 179
780 498
781 22
782 414
783 399
784 568
785 473
786 665
787 124
788 345
789 649
790 271
791 164
792 694
793 649
794 425
795 269
796 399
797 505
798 339
799 631
800 757
801 344
802 44
803 579
804 406
805 454
806 540
807 316
808 399
809 605
810 414
811 649
812 788
813 525
814 777
815 813
816 758
817 611
818 485
819 595
820 769
821 344
822 794
823 197
824 371
825 787
826 292
827 601
828 466
829 166
830 425
831 320
832 514
833 675
834 534
835 725
836 732
837 150
838 177
839 312
840 461
841 814
842 108
843 561
844 324
845 565
846 832
847 554
848 649
849 356
850 399
851 262
852 342
853 638
854 639
855 777
856 366
857 254
858 361
859 461
860 339
861 344
862 544
863 177
864 820
865 379
866 384
867 649
868 553
869 664
870 625
871 344
872 323
873 560
874 592
875 496
876 553
877 454
878 530
879 352
880 654
881 484
882 542
883 593
884 214
885 553
886 845
887 344
888 796
889 667
890 283
891 371
892 461
893 214
894 74
895 279
896 124
897 720
898 819
899 837
900 269
901 649
902 894
903 463
904 166
905 892
906 802
907 181
908 154
909 758
910 541
911 425
912 817
913 170
914 344
915 102
916 339
917 170
918 181
919 798
920 511
921 887
922 553
923 777
924 461
925 771
926 809
927 648
928 307
929 716
930 750
931 618
932 321
933 756
934 86
935 240
936 44
937 414
938 436
939 903
940 777
941 567
942 639
943 924
944 233
945 605
946 400
947 904
948 771
949 369
950 732
951 913
952 335
953 839
954 316
955 601
956 937
957 537
958 792
959 874
960 763
961 593
962 861
963 890
964 821
965 308
966 908
967 771
968 306
969 194
970 860
971 953
972 547
973 427
974 180
975 507
976 879
977 156
978 771
979 187
980 978
981 565
982 922
983 564
984 758
985 978
986 384
987 758
988 257
989 431
990 819
991 444
992 628
993 797
994 795
995 378
996 649
997 519
998 848
999 187
1000 593
1001 47
1002 390
1003 580
1004 425
1005 832
1006 850
1007 859
1008 335
1009 988
1010 892
1011 254
1012 762
1013 344
1014 820
1015 156
1016 113
1017 820
1018 882
1019 520
1020 831
1021 683
1022 978
1023 649
1024 776
1025 30
1026 283
1027 850
1028 944
1029 118
1030 520
1031 992
1032 595
1033 557
1034 635
1035 627
1036 526
1037 470
1038 825
1039 850
1040 102
1041 371
1042 962
1043 308
1044 944
1045 704
1046 1012
1047 452
1048 647
1049 649
1050 806
1051 489
1052 697
1053 504
1054 747
1055 267
1056 771
1057 1022
1058 959
1059 953
1060 187
1061 741
1062 963
1063 1055
1064 741
1065 771
1066 327
1067 856
1068 344
1069 177
1070 103
1071 998
1072 268
1073 267
1074 953
1075 595
1076 344
1077 1042
1078 421
1079 977
1080 993
1081 690
1082 187
1083 292
1084 382
1085 1057
1086 505
1087 498
1088 505
1089 271
1090 519
1091 267
1092 944
1093 483
1094 758
1095 685
1096 414
1097 511
1098 559
1099 1069
1100 689
1101 843
1102 247
1103 765
1104 549
1105 978
1106 782
1107 818
1108 1014
1109 408
1110 629
1111 663
1112 56
1113 648
1114 717
1115 649
1116 506
1117 677
1118 935
1119 425
1120 267
1121 665
1122 81
1123 906
1124 389
1125 213
1126 908
1127 1022
1128 602
1129 820
1130 498
1131 585
1132 148
1133 903
1134 1054
1135 865
1136 344
1137 388
1138 665
1139 319
1140 703
1141 835
1142 242
1143 796
1144 1094
1145 313
1146 553
1147 496
1148 669
1149 861
1150 493
1151 158
1152 166
1153 982
1154 414
1155 864
1156 507
1157 892
1158 214
1159 778
1160 1095
1161 743
1162 861
1163 461
1164 824
1165 1130
1166 1142
1167 667
1168 399
1169 944
1170 584
1171 322
1172 1080
1173 442
1174 358
1175 861
1176 484
1177 851
1178 745
1179 1176
1180 748
1181 323
1182 170
1183 664
1184 310
1185 334
1186 984
1187 1084
1188 1094
1189 864
1190 1126
1191 313
1192 1039
1193 848
1194 255
1195 278
1196 1179
1197 1016
1198 1125
1199 863
1200 1084
1201 770
1202 901
1203 233
1204 504
1205 602
1206 732
1207 635
1208 733
1209 787
1210 9
1211 1133
1212 805
1213 398
1214 627
1215 1029
1216 1023
1217 1060
1218 649
1219 774
1220 170
1221 595
1222 316
1223 1029
1224 914
1225 1108
1226 769
1227 391
1228 978
1229 451
1230 883
1231 643
1232 414
1233 421
1234 425
1235 1145
1236 1094
1237 887
1238 430
1239 1094
1240 1080
1241 1196
1242 425
1243 511
1244 850
1245 816
1246 858
1247 877
1248 919
1249 1173
1250 903
1251 1158
1252 644
1253 308
1254 1238
1255 706
1256 850
1257 645
1258 953
1259 864
1260 781
1261 1149
1262 473
1263 1096
1264 619
1265 741
1266 513
1267 1153
1268 461
1269 414
1270 887
1271 168
1272 844
1273 1007
1274 461
1275 1038
1276 725
1277 1182
1278 865
1279 1091
1280 953
1281 1034
1282 599
1283 502
1284 1224
1285 425
1286 1195
1287 487
1288 827
1289 649
1290 267
1291 1164
1292 388
1293 1029
1294 613
1295 649
1296 511
1297 978
1298 659
1299 688
1300 383
1301 870
1302 210
1303 892
1304 1094
1305 1188
1306 1259
1307 962
1308 1187
1309 530
1310 399
1311 1177
1312 965
1313 219
1314 1131
1315 655
1316 1285
1317 1114
1318 841
1319 1094
1320 953
1321 510
1322 471
1323 978
1324 816
1325 399
1326 812
1327 973
1328 519
1329 1047
1330 344
1331 1286
1332 22
1333 1029
1334 593
1335 808
1336 861
1337 531
1338 680
1339 1198
1340 340
1341 986
1342 1177
1343 787
1344 723
1345 1094
1346 851
1347 758
1348 649
1349 627
1350 910
1351 488
1352 1259
1353 676
1354 674
1355 544
1356 823
1357 861
1358 670
1359 1029
1360 177
1361 995
1362 604
1363 654
1364 993
1365 1119
1366 344
1367 675
1368 254
1369 333
1370 1271
1371 600
1372 344
1373 968
1374 1112
1375 399
1376 1091
1377 778
1378 468
1379 861
1380 344
1381 1099
1382 565
1383 897
1384 638
1385 934
1386 1355
1387 414
1388 414
1389 592
1390 306
1391 1021
1392 1099
1393 1158
1394 278
1395 1374
1396 1008
1397 993
1398 399
1399 987
1400 1222
1401 579
1402 938
1403 1322
1404 306
1405 425
1406 375
1407 1154
1408 1048
1409 1405
1410 399
1411 104
1412 412
1413 714
1414 294
1415 909
1416 1142
1417 728
1418 484
1419 1177
1420 1405
1421 399
1422 768
1423 995
1424 771
1425 848
1426 1406
1427 310
1428 716
1429 753
1430 205
1431 982
1432 1207
1433 725
1434 535
1435 1311
1436 968
1437 1056
1438 525
1439 1163
1440 894
1441 646
1442 118
1443 1096
1444 342
1445 267
1446 1096
1447 414
1448 158
1449 675
1450 752
1451 1176
1452 200
1453 1289
1454 1421
1455 1397
1456 1098
1457 569
1458 1393
1459 1050
1460 348
1461 693
1462 1431
1463 977
1464 1451
1465 1096
1466 721
1467 1142
1468 1095
1469 874
1470 664
1471 1188
1472 815
1473 1094
1474 1139
1475 638
1476 1425
1477 1066
1478 1086
1479 1348
1480 1043
1481 1280
1482 646
1483 1343
1484 1383
1485 1315
1486 1094
1487 514
1488 1094
1489 1040
1490 1299
1491 461
1492 771
1493 1094
1494 1371
1495 820
1496 1375
1497 505
1498 995
1499 198
1500 1029
1501 771
1502 1045
1503 707
1504 887
1505 445
1506 1302
1507 1302
1508 1462
1509 953
1510 467
1511 953
1512 509
1513 414
1514 1073
1515 681
1516 44
1517 1493
1518 1080
1519 1339
1520 414
1521 1480
1522 646
1523 305
1524 1224
1525 1096
1526 649
1527 771
1528 816
1529 649
1530 910
1531 1326
1532 944
1533 813
1534 620
1535 1230
1536 298
1537 962
1538 1446
1539 861
1540 641
1541 349
1542 1111
1543 923
1544 461
1545 999
1546 891
1547 630
1548 1295
1549 1371
1550 1469
1551 600
1552 428
1553 944
1554 1146
1555 761
1556 1257
1557 325
1558 1425
1559 85
1560 1432
1561 1388
1562 512
1563 1118
1564 1080
1565 368
1566 816
1567 627
1568 226
1569 1559
1570 1388
1571 635
1572 1351
1573 1561
1574 1096
1575 1043
1576 1055
1577 749
1578 1281
1579 1159
1580 1481
1581 1060
1582 995
1583 1070
1584 1142
1585 44
1586 978
1587 690
1588 275
1589 1290
1590 1116
1591 519
1592 1395
1593 956
1594 344
1595 1425
1596 702
1597 299
1598 635
1599 809
1600 1013
1601 771
1602 1171
1603 876
1604 1374
1605 1246
1606 787
1607 1084
1608 1407
1609 265
1610 1187
1611 1330
1612 344
1613 1221
1614 995
1615 337
1616 1103
1617 425
1618 1202
1619 1030
1620 553
1621 1543
1622 1180
1623 213
1624 1091
1625 1445
1626 1590
1627 821
1628 861
1629 940
1630 1447
1631 490
1632 773
1633 1132
1634 1284
1635 170
1636 1618
1637 1182
1638 148
1639 525
1640 1050
1641 1538
1642 1407
1643 1469
1644 813
1645 1080
1646 1545
1647 285
1648 1624
1649 643
1650 1605
1651 1060
1652 1422
1653 1426
1654 1528
1655 895
1656 425
1657 1325
1658 214
1659 1091
1660 1139
1661 312
1662 1191
1663 892
1664 887
1665 1610
1666 1224
1667 430
1668 1177
1669 1446
1670 1565
1671 1493
1672 887
1673 1196
1674 1542
1675 549
1676 1446
1677 1295
1678 489
1679 1096
1680 1029
1681 1660
1682 244
1683 590
1684 511
1685 1479
1686 499
1687 540
1688 755
1689 1199
1690 265
1691 124
1692 1684
1693 199
1694 96
1695 514
1696 907
1697 1096
1698 528
1699 1416
1700 890
1701 104
1702 674
1703 498
1704 548
1705 1301
1706 902
1707 1115
1708 885
1709 546
1710 414
1711 780
1712 1091
1713 892
1714 829
1715 114
1716 1259
1717 1556
1718 1094
1719 1415
1720 546
1721 1071
1722 1493
1723 1671
1724 595
1725 1432
1726 340
1727 648
1728 1715
1729 1015
1730 1493
1731 1021
1732 1113
1733 916
1734 1586
1735 954
1736 1735
1737 1493
1738 505
1739 556
1740 153
1741 777
1742 1080
1743 771
1744 1281
1745 1314
1746 1559
1747 935
1748 1468
1749 855
1750 960
1751 498
1752 1206
1753 1264
1754 849
1755 1421
1756 421
1757 664
1758 124
1759 448
1760 643
1761 1549
1762 1103
1763 1084
1764 1091
1765 944
1766 1039
1767 978
1768 1660
1769 1215
1770 771
1771 1655
1772 771
1773 1027
1774 946
1775 944
1776 1667
1777 1357
1778 1085
1779 1184
1780 1047
1781 40
1782 640
1783 1278
1784 1598
1785 195
1786 964
1787 638
1788 600
1789 1624
1790 407
1791 51
1792 1770
1793 892
1794 1782
1795 1168
1796 737
1797 81
1798 192
1799 1574
1800 1436
1801 1175
1802 813
1803 414
1804 1688
1805 391
1806 1666
1807 1662
1808 511
1809 1021
1810 1406
1811 1392
1812 1689
1813 1483
1814 763
1815 943
1816 1691
1817 1594
1818 857
1819 1348
1820 1416
1821 649
1822 58
1823 1624
1824 649
1825 1094
1826 1139
1827 372
1828 869
1829 548
1830 1185
1831 266
1832 837
1833 1636
1834 1782
1835 1617
1836 371
1837 1538
1838 1624
1839 1830
1840 1024
1841 376
1842 1590
1843 1347
1844 778
1845 1380
1846 1783
1847 1306
1848 978
1849 1559
1850 1624
1851 649
1852 144
1853 1295
1854 641
1855 1428
1856 283
1857 1798
1858 1100
1859 1094
1860 615
1861 1447
1862 787
1863 798
1864 1138
1865 1485
1866 1175
1867 771
1868 856
1869 1264
1870 1346
1871 1440
1872 769
1873 1330
1874 378
1875 1295
1876 784
1877 1624
1878 1080
1879 1543
1880 344
1881 363
1882 1557
1883 553
1884 978
1885 819
1886 1497
1887 1829
1888 934
1889 95
1890 1326
1891 1750
1892 1121
1893 1390
1894 78
1895 265
1896 931
1897 1457
1898 1854
1899 1365
1900 1862
1901 1482
1902 1329
1903 783
1904 1594
1905 208
1906 691
1907 1381
1908 1077
1909 694
1910 1630
1911 745
1912 1752
1913 1817
1914 1446
1915 1232
1916 1830
1917 1503
1918 1238
1919 1845
1920 671
1921 1405
1922 1331
1923 944
1924 1406
1925 1139
1926 1406
1927 1745
1928 1854
1929 970
1930 1142
1931 1524
1932 1567
1933 80
1934 602
1935 1405
1936 1222
1937 1559
1938 1461
1939 1802
1940 1594
1941 1676
1942 1080
1943 1368
1944 602
1945 1910
1946 762
1947 873
1948 1588
1949 1868
1950 1883
1951 1854
1952 1660
1953 787
1954 1241
1955 1295
1956 351
1957 1608
1958 1531
1959 1561
1960 567
1961 1685
1962 1476
1963 313
1964 378
1965 1624
1966 1099
1967 1966
1968 553
1969 676
1970 1844
1971 1226
1972 1407
1973 1493
1974 1685
1975 1289
1976 1561
1977 1753
1978 1649
1979 925
1980 1780
1981 985
1982 1624
1983 1280
1984 907
1985 712
1986 614
1987 892
1988 917
1989 1629
1990 484
1991 978
1992 505
1993 344
1994 1460
1995 1880
1996 1548
1997 1210
1998 1348
1999 1684
2000 309
2001 1777
2002 1607
2003 1405
2004 1448
2005 810
2006 2
2007 1808
2008 470
2009 1767
2010 1412
2011 621
2012 630
2013 449
2014 1097
2015 425
2016 1775
2017 1250
2018 1688
2019 1469
2020 1418
2021 1785
2022 1561
2023 1398
2024 1425
2025 1093
2026 993
2027 953
2028 1452
2029 390
2030 807
2031 1212
2032 1624
2033 340
2034 196
2035 954
2036 1771
2037 972
2038 1538
2039 1854
2040 946
2041 1452
2042 1130
2043 424
2044 1094
2045 1198
2046 267
2047 1317
2048 986
2049 1911
2050 1075
2051 1561
2052 1070
2053 978
2054 1254
2055 1295
2056 210
2057 1573
2058 570
2059 259
2060 582
2061 1084
2062 1635
2063 627
2064 554
2065 1107
2066 1615
2067 865
2068 1641
2069 846
2070 1151
2071 1406
2072 351
2073 1148
2074 1586
2075 1910
2076 1239
2077 1084
2078 1338
2079 1305
2080 170
2081 1942
2082 158
2083 1624
2084 1141
2085 498
2086 1404
2087 1270
2088 1848
2089 520
2090 2005
2091 2056
2092 816
2093 1654
2094 1803
2095 887
2096 470
2097 1751
2098 1201
2099 1579
2100 1561
2101 523
2102 316
2103 1830
2104 1493
2105 1196
2106 1329
2107 616
2108 792
2109 1717
2110 1383
2111 1775
2112 978
2113 458
2114 1624
2115 1550
2116 273
2117 1979
2118 1580
2119 2118
2120 242
2121 283
2122 1446
2123 668
2124 1295
2125 630
2126 362
2127 1094
2128 414
2129 405
2130 607
2131 1534
2132 376
2133 2019
2134 1934
2135 1171
2136 160
2137 836
2138 1552
2139 1855
2140 1389
2141 1915
2142 850
2143 1406
2144 1348
2145 1336
2146 2128
2147 649
2148 1854
2149 1250
2150 2040
2151 964
2152 1350
2153 1705
2154 386
2155 738
2156 2128
2157 1305
2158 2119
2159 2137
2160 1505
2161 1854
2162 747
2163 1859
2164 514
2165 316
2166 1405
2167 2110
2168 1624
2169 1702
2170 2156
2171 1287
2172 1968
2173 87
2174 2107
2175 1174
2176 649
2177 2040
2178 218
2179 1785
2180 1364
2181 511
2182 1665
2183 1602
2184 1987
2185 1843
2186 317
2187 1029
2188 949
2189 1819
2190 1376
2191 1371
2192 1923
2193 1253
2194 722
2195 1986
2196 1443
2197 796
2198 1172
2199 1610
2200 407
2201 948
2202 1225
2203 1047
2204 1369
2205 1261
2206 1539
2207 1624
2208 505
2209 1397
2210 848
2211 447
2212 1095
2213 1189
2214 1557
2215 2139
2216 2150
2217 400
2218 1039
2219 1045
2220 1587
2221 770
2222 911
2223 1283
2224 1187
2225 1954
2226 2010
2227 1884
2228 1785
2229 1080
2230 1900
2231 1787
2232 1309
2233 1749
2234 715
2235 1624
2236 1942
2237 1878
2238 2148
2239 1371
2240 202
2241 1868
2242 1926
2243 814
2244 1185
2245 2102
2246 435
2247 1595
2248 387
2249 2113
2250 286
2251 2207
2252 335
2253 1123
2254 1011
2255 236
2256 1188
2257 732
2258 2015
2259 1243
2260 2181
2261 1655
2262 1549
2263 2180
2264 1756
2265 577
2266 1493
2267 455
2268 1411
2269 1900
2270 695
2271 953
2272 857
2273 1963
2274 1890
2275 1063
2276 1909
2277 908
2278 854
2279 1779
2280 312
2281 477
2282 2255
2283 1891
2284 1762
2285 340
2286 1731
2287 1610
2288 344
2289 328
2290 1406
2291 1437
2292 500
2293 1321
2294 2187
2295 390
2296 1406
2297 1854
2298 1942
2299 909
2300 978
2301 1763
2302 629
2303 1635
2304 1942
2305 170
2306 496
2307 815
2308 2141
2309 481
2310 1559
2311 1073
2312 1909
2313 645
2314 1447
2315 1826
2316 1072
2317 864
2318 1353
2319 875
2320 1822
2321 2292
2322 974
2323 2070
2324 709
2325 464
2326 229
2327 366
2328 1693
2329 1447
2330 1583
2331 1237
2332 1252
2333 2077
2334 1094
2335 1585
2336 100
2337 1990
2338 1754
2339 1295
2340 380
2341 2233
2342 1533
2343 1934
2344 505
2345 1561
2346 514
2347 844
2348 1981
2349 1851
2350 2127
2351 1752
2352 2231
2353 830
2354 2119
2355 472
2356 1941
2357 2028
2358 978
2359 894
2360 1328
2361 2040
2362 878
2363 2113
2364 2296
2365 2156
2366 158
2367 2292
2368 1733
2369 2118
2370 1895
2371 2120
2372 1805
2373 626
2374 701
2375 1561
2376 2069
2377 1822
2378 1224
2379 1297
2380 1250
2381 1605
2382 1063
2383 1624
2384 1909
2385 820
2386 1690
2387 1854
2388 564
2389 2092
2390 2107
2391 1210
2392 1749
2393 2132
2394 1177
2395 2133
2396 581
2397 532
2398 1302
2399 1936
2400 303
2401 649
2402 1042
2403 592
2404 1407
2405 2040
2406 649
2407 1814
2408 511
2409 488
2410 1680
2411 1545
2412 1091
2413 2304
2414 1425
2415 1604
2416 2331
2417 984
2418 399
2419 1931
2420 1624
2421 387
2422 2227
2423 1628
2424 399
2425 2231
2426 819
2427 2419
2428 1942
2429 649
2430 1464
2431 1822
2432 674
2433 1756
2434 1224
2435 1561
2436 1190
2437 1176
2438 519
2439 2264
2440 2436
2441 1543
2442 1101
2443 557
2444 2383
2445 425
2446 2005
2447 688
2448 1238
2449 1096
2450 2293
2451 943
2452 2231
2453 1491
2454 1492
2455 850
2456 1997
2457 474
2458 1893
2459 2100
2460 2373
2461 553
2462 2400
2463 344
2464 1620
2465 1668
2466 634
2467 771
2468 1649
2469 344
2470 2111
2471 978
2472 887
2473 1973
2474 1756
2475 1295
2476 915
2477 1255
2478 953
2479 2174
2480 1496
2481 1900
2482 1161
2483 2292
2484 2100
2485 1134
2486 1636
2487 997
2488 2388
2489 1509
2490 2292
2491 649
2492 814
2493 1615
2494 1643
2495 1971
2496 1451
2497 1818
2498 188
2499 2237
2500 991
2501 1835
2502 1668
2503 573
2504 866
2505 2288
2506 1934
2507 873
2508 2130
2509 1090
2510 1469
2511 2426
2512 1406
2513 799
2514 2288
2515 2231
2516 461
2517 2132
2518 425
2519 1044
2520 724
2521 2070
2522 1051
2523 2105
2524 425
2525 1177
2526 771
2527 1159
2528 2340
2529 414
2530 2329
2531 2296
2532 1585
2533 1817
2534 2100
2535 725
2536 1624
2537 1916
2538 1586
2539 688
2540 1500
2541 649
2542 1994
2543 2083
2544 1140
2545 2492
2546 955
2547 749
2548 1483
2549 595
2550 2084
2551 2399
2552 344
2553 2225
2554 1987
2555 2543
2556 2360
2557 1287
2558 1782
2559 2334
2560 814
2561 1390
2562 2321
2563 1505
2564 649
2565 524
2566 2446
2567 2304
2568 2055
2569 1095
2570 502
2571 1566
2572 1928
2573 2240
2574 482
2575 1684
2576 2058
2577 1761
2578 954
2579 2343
2580 1090
2581 1485
2582 702
2583 2136
2584 1416
2585 2060
2586 722
2587 2176
2588 2292
2589 758
2590 1405
2591 2147
2592 2016
2593 719
2594 2096
2595 578
2596 614
2597 2232
2598 509
2599 220
2600 2506
2601 2364
2602 1508
2603 1942
2604 2391
2605 1561
2606 425
2607 2113
2608 2304
2609 1639
2610 2001
2611 2455
2612 1047
2613 2536
2614 2521
2615 820
2616 653
2617 2113
2618 945
2619 2213
2620 838
2621 2589
2622 1329
2623 366
2624 83
2625 1561
2626 461
2627 1392
2628 414
2629 2292
2630 399
2631 570
2632 343
2633 1584
2634 2300
2635 1247
2636 1782
2637 1053
2638 1231
2639 664
2640 2069
2641 2141
2642 414
2643 1468
2644 1492
2645 1570
2646 1331
2647 672
2648 2332
2649 2568
2650 2641
2651 1561
2652 2556
2653 2028
2654 393
2655 649
2656 1920
2657 2209
2658 1602
2659 1690
2660 1795
2661 1208
2662 1493
2663 343
2664 2292
2665 470
2666 1311
2667 1106
2668 744
2669 2381
2670 362
2671 2008
2672 2195
2673 2370
2674 1513
2675 1094
2676 1561
2677 575
2678 549
2679 1298
2680 2341
2681 1719
2682 2591
2683 1562
2684 1498
2685 1018
2686 2373
2687 1073
2688 2260
2689 470
2690 2100
2691 956
2692 2672
2693 993
2694 1855
2695 1835
2696 2637
2697 814
2698 1754
2699 189
2700 2561
2701 1091
2702 2400
2703 1925
2704 2506
2705 1188
2706 1035
2707 2470
2708 2403
2709 1952
2710 1810
2711 259
2712 814
2713 2210
2714 803
2715 953
2716 1554
2717 668
2718 2400
2719 267
2720 2366
2721 1099
2722 1114
2723 1814
2724 906
2725 789
2726 2296
2727 842
2728 2079
2729 1006
2730 663
2731 2510
2732 1870
2733 476
2734 1330
2735 271
2736 1346
2737 996
2738 2200
2739 1638
2740 2689
2741 1630
2742 913
2743 2022
2744 649
2745 1624
2746 1624
2747 1703
2748 237
2749 2090
2750 2372
2751 1473
2752 926
2753 802
2754 2010
2755 1193
2756 1080
2757 1517
2758 2261
2759 2411
2760 1632
2761 2515
2762 2040
2763 2449
2764 2146
2765 2761
2766 19
2767 1466
2768 1581
2769 1273
2770 1047
2771 1586
2772 2449
2773 596
2774 2151
2775 1975
2776 742
2777 771
2778 2146
2779 2163
2780 2242
2781 2535
2782 2010
2783 242
2784 1641
2785 2028
2786 2366
2787 2132
2788 2143
2789 2478
2790 1060
2791 1624
2792 751
2793 2781
2794 900
2795 1329
2796 850
2797 1851
2798 2547
2799 2541
2800 1877
2801 1031
2802 2130
2803 2058
2804 2504
2805 771
2806 2675
2807 341
2808 343
2809 1259
2810 2387
2811 272
2812 544
2813 2113
2814 2762
2815 1452
2816 1452
2817 1442
2818 1817
2819 515
2820 1624
2821 1295
2822 1693
2823 1597
2824 2535
2825 2196
2826 2215
2827 2010
2828 1493
2829 1624
2830 551
2831 2668
2832 556
2833 2601
2834 1443
2835 1561
2836 2258
2837 2683
2838 1388
2839 1511
2840 1624
2841 2727
2842 2549
2843 1568
2844 1143
2845 1251
2846 2682
2847 2637
2848 2781
2849 2697
2850 2227
2851 1914
2852 2056
2853 1595
2854 469
2855 2498
2856 413
2857 1329
2858 550
2859 2064
2860 2285
2861 579
2862 1747
2863 2356
2864 2227
2865 425
2866 239
2867 2106
2868 978
2869 1957
2870 992
2871 286
2872 595
2873 2292
2874 929
2875 2310
2876 717
2877 1406
2878 2636
2879 146
2880 2764
2881 1794
2882 908
2883 1580
2884 531
2885 1735
2886 996
2887 2185
2888 1351
2889 2123
2890 108
2891 2801
2892 1545
2893 944
2894 2100
2895 1759
2896 151
2897 1725
2898 2226
2899 1304
2900 775
2901 2560
2902 1929
2903 2874
2904 436
2905 862
2906 2658
2907 2089
2908 1090
2909 344
2910 2104
2911 2658
2912 2847
2913 2911
2914 2119
2915 1897
2916 1584
2917 2151
2918 1243
2919 2572
2920 2304
2921 1317
2922 2780
2923 961
2924 2834
2925 1252
2926 595
2927 1094
2928 788
2929 1900
2930 2822
2931 1636
2932 652
2933 2394
2934 2535
2935 2503
2936 664
2937 2010
2938 2778
2939 655
2940 643
2941 2842
2942 1096
2943 1425
2944 932
2945 2574
2946 2288
2947 1706
2948 2526
2949 2727
2950 2529
2951 910
2952 2740
2953 2175
2954 2132
2955 303
2956 330
2957 1510
2958 2654
2959 1934
2960 2647
2961 399
2962 1624
2963 2485
2964 942
2965 2554
2966 2426
2967 2529
2968 1052
2969 1227
2970 2362
2971 2243
2972 2419
2973 1379
2974 2646
2975 2853
2976 2934
2977 2524
2978 2727
2979 2897
2980 2781
2981 2100
2982 1839
2983 2025
2984 2376
2985 1062
2986 984
2987 593
2988 1653
2989 1543
2990 982
2991 1624
2992 1310
2993 1067
2994 2634
2995 1968
2996 1892
2997 2905
2998 2304
2999 2299
3000 2589
3001 2128
3002 2658
3003 2366
3004 2138
3005 2635
3006 2010
3007 1506
3008 691
3009 1250
3010 1595
3011 2292
3012 1399
3013 1610
3014 1213
3015 2781
3016 1805
3017 481
3018 1831
3019 762
3020 2183
3021 2296
3022 1564
3023 1425
3024 2151
3025 2495
3026 1810
3027 2196
3028 2550
3029 1104
3030 1329
3031 1620
3032 1636
3033 2791
3034 2652
3035 1870
3036 648
3037 954
3038 2427
3039 2399
3040 1132
3041 2551
3042 1164
3043 2714
3044 1177
3045 1483
3046 2227
3047 2443
3048 964
3049 2069
3050 2788
3051 591
3052 2228
3053 461
3054 1561
3055 442
3056 2064
3057 1887
3058 880
3059 2781
3060 3013
3061 549
3062 378
3063 664
3064 545
3065 2883
3066 1624
3067 553
3068 1078
3069 2642
3070 1221
3071 820
3072 1765
3073 2480
3074 2705
3075 1443
3076 964
3077 2985
3078 1409
3079 819
3080 1286
3081 1791
3082 2974
3083 2521
3084 2507
3085 187
3086 2856
3087 1295
3088 3042
3089 2448
3090 1425
3091 2636
3092 2535
3093 2932
3094 2433
3095 1495
3096 1425
3097 519
3098 1851
3099 1755
3100 2326
3101 247
3102 1574
3103 2110
3104 396
3105 1800
3106 2835
3107 634
3108 1809
3109 2928
3110 2001
3111 2975
3112 2992
3113 2529
3114 330
3115 1302
3116 2366
3117 2082
3118 1560
3119 2933
3120 2497
3121 1552
3122 2229
3123 1889
3124 758
3125 2001
3126 1740
3127 819
3128 2416
3129 1561
3130 1656
3131 553
3132 1166
3133 2040
3134 1782
3135 1666
3136 3029
3137 2523
3138 3118
3139 2985
3140 1531
3141 503
3142 2236
3143 1401
3144 2613
3145 1224
3146 2773
3147 1175
3148 2853
3149 2853
3150 1383
3151 3057
3152 747
3153 177
3154 199
3155 2923
3156 1003
3157 327
3158 2727
3159 1951
3160 2779
3161 152
3162 1624
3163 3116
3164 984
3165 1594
3166 1929
3167 2164
3168 1294
3169 1475
3170 2550
3171 1594
3172 3100
3173 2727
3174 1816
3175 1910
3176 2529
3177 1510
3178 217
3179 1735
3180 2179
3181 2304
3182 1608
3183 2301
3184 1196
3185 1684
3186 842
3187 969
3188 1636
3189 3007
3190 978
3191 2028
3192 1403
3193 1670
3194 3037
3195 1310
3196 2128
3197 2565
3198 757
3199 1683
3200 2128
3201 1298
3202 2037
3203 131
3204 3110
3205 2338
3206 2300
3207 1080
3208 1452
3209 2566
3210 2727
3211 1233
3212 1857
3213 1561
3214 3106
3215 1295
3216 2113
3217 696
3218 2106
3219 2090
3220 3158
3221 2058
3222 2028
3223 2515
3224 1624
3225 2476
3226 2266
3227 758
3228 2552
3229 1522
3230 377
3231 665
3232 795
3233 2231
3234 947
3235 1512
3236 1624
3237 2373
3238 2413
3239 788
3240 1241
3241 2789
3242 2985
3243 2095
3244 2231
3245 3232
3246 1324
3247 1196
3248 771
3249 2011
3250 771
3251 1624
3252 2366
3253 2727
3254 2843
3255 1718
3256 3249
3257 3171
3258 1552
3259 1504
3260 1139
3261 1762
3262 2680
3263 1781
3264 3257
3265 2710
3266 1815
3267 2786
3268 1672
3269 2535
3270 962
3271 2719
3272 2882
3273 3042
3274 1315
3275 1942
3276 2326
3277 649
3278 186
3279 2377
3280 3095
3281 1838
3282 1656
3283 2797
3284 2989
3285 136
3286 3082
3287 3158
3288 1264
3289 2934
3290 2910
3291 2343
3292 2541
3293 338
3294 2985
3295 1305
3296 516
3297 293
3298 2116
3299 1647
3300 3161
3301 239
3302 89
3303 1064
3304 98
3305 1894
3306 902
3307 600
3308 2593
3309 2049
3310 2006
3311 176
3312 122
3313 2129
3314 1924
3315 59
3316 1701
3317 1210
3318 3260
3319 1876
3320 754
3321 579
3322 1482
3323 409
3324 2267
3325 154
3326 2766
3327 2711
3328 2281
3329 1396
3330 325
3331 590
3332 2955
3333 1332
3334 1260
3335 1370
3336 302
3337 1102
3338 3274
3339 1114
3340 686
3341 2823
3342 118
3343 1427
3344 126
3345 937
3346 1827
3347 129
3348 27
3349 45
3350 1452
3351 1025
3352 31
3353 1358
3354 853
3355 67
3356 352
3357 1489
3358 1382
3359 2330
3360 38
3361 935
3362 2126
3363 75
3364 1781
3365 158
3366 40
3367 746
3368 114
3369 40
3370 762
3371 471
3372 42
3373 43
3374 2935
3375 44
3376 705
3377 44
3378 1585
3379 2173
3380 44
3381 72
3382 2753
3383 1516
3384 936
3385 1197
3386 3081
3387 2699
3388 606
3389 1856
3390 1001
3391 449
3392 1456
3393 730
3394 276
3395 54
3396 791
3397 1402
3398 2498
3399 71
3400 3085
3401 157
3402 344
3403 1822
3404 55
3405 1960
3406 56
3407 1889
3408 256
3409 2730
3410 1395
3411 1030
3412 2735
3413 2220
3414 60
3415 877
3416 448
3417 804
3418 64
3419 144
3420 169
3421 64
3422 576
3423 64
3424 2272
3425 2443
3426 69
3427 1450
3428 159
3429 224
3430 451
3431 2843
3432 776
3433 3245
3434 3018
3435 485
3436 779
3437 1181
3438 2021
3439 2240
3440 175
3441 1933
3442 194
3443 1797
3444 1122
3445 121
3446 560
3447 1758
3448 2624
3449 249
3450 1832
3451 84
3452 933
3453 553
3454 1559
3455 610
3456 198
3457 86
3458 215
3459 1385
3460 2896
3461 949
3462 1541
3463 2056
3464 163
3465 95
3466 182
3467 2811
3468 1694
3469 132
3470 2792
3471 1895
3472 100
3473 443
3474 100
3475 2336
3476 212
3477 844
3478 3225
3479 439
3480 1430
3481 3186
3482 2268
3483 1688
3484 1896
3485 282
3486 392
3487 104
3488 105
3489 106
3490 3203
3491 1203
3492 416
3493 281
3494 1174
3495 2178
3496 3285
3497 339
3498 1812
3499 2211
3500 928
3501 143
3502 918
3503 1313
3504 108
3505 170
3506 3086
3507 1124
3508 2890
3509 3293
3510 574
3511 108
3512 572
3513 108
3514 117
3515 712
3516 2355
3517 110
3518 314
3519 1842
3520 1728
3521 1442
3522 118
3523 274
3524 2293
3525 118
3526 118
3527 330
3528 2932
3529 852
3530 1294
3531 118
3532 1293
3533 615
3534 2193
3535 264
3536 2326
3537 825
3538 124
3539 1300
3540 3174
3541 896
3542 124
3543 126
3544 127
3545 650
3546 129
3547 135
3548 768
3549 136
3550 505
3551 1213
3552 294
3553 138
3554 974
3555 1852
3556 555
3557 562
3558 2879
3559 3278
3560 3040
3561 148
3562 2739
3563 536
3564 3126
3565 966
3566 156
3567 156
3568 1729
3569 410
3570 932
3571 662
3572 977
3573 2522
3574 2382
3575 161
3576 156
3577 156
3578 598
3579 158
3580 2748
3581 3083
3582 3267
3583 158
3584 366
3585 2004
3586 158
3587 645
3588 235
3589 158
3590 158
3591 158
3592 2082
3593 158
3594 2136
3595 164
3596 2246
3597 904
3598 166
3599 270
3600 2248
3601 1152
3602 166
3603 1632
3604 1714
3605 1109
3606 166
3607 238
3608 1905
3609 166
3610 3178
3611 2000
3612 930
3613 706
3614 170
3615 2742
3616 170
3617 170
3618 170
3619 170
3620 2080
3621 1182
3622 1220
3623 170
3624 2062
3625 170
3626 170
3627 917
3628 2305
3629 170
3630 2155
3631 521
3632 2186
3633 346
3634 1572
3635 736
3636 2620
3637 1242
3638 2677
3639 1535
3640 2618
3641 3153
3642 1392
3643 1360
3644 1830
3645 382
3646 907
3647 710
3648 726
3649 181
3650 545
3651 181
3652 1060
3653 187
3654 1771
3655 1776
3656 187
3657 187
3658 979
3659 1082
3660 291
3661 187
3662 2970
3663 187
3664 187
3665 1545
3666 2599
3667 189
3668 190
3669 2282
3670 709
3671 495
3672 191
3673 192
3674 1857
3675 969
3676 1682
3677 473
3678 196
3679 230
3680 2174
3681 1938
3682 196
3683 2034
3684 196
3685 1487
3686 1083
3687 617
3688 197
3689 197
3690 1356
3691 197
3692 1536
3693 597
3694 197
3695 1499
3696 428
3697 3154
3698 326
3699 1137
3700 199
3701 1693
3702 200
3703 2500
3704 1836
3705 1858
3706 1266
3707 1302
3708 211
3709 987
3710 2630
3711 675
3712 211
3713 1036
3714 625
3715 2045
3716 213
3717 213
3718 1227
3719 903
3720 1194
3721 1623
3722 499
3723 1948
3724 884
3725 1158
3726 1658
3727 893
3728 766
3729 2101
3730 218
3731 1909
3732 2130
3733 2316
3734 218
3735 218
3736 218
3737 487
3738 223
3739 589
3740 257
3741 395
3742 684
3743 944
3744 236
3745 578
3746 340
3747 239
3748 253
3749 2866
3750 2598
3751 718
3752 1631
3753 1416
3754 3177
3755 242
3756 297
3757 250
3758 2120
3759 242
3760 2783
3761 242
3762 441
3763 2165
3764 243
3765 243
3766 245
3767 2043
3768 247
3769 508
3770 247
3771 247
3772 3101
3773 543
3774 247
3775 747
3776 788
3777 1368
3778 2397
3779 2254
3780 426
3781 255
3782 2830
3783 257
3784 402
3785 517
3786 511
3787 1709
3788 385
3789 2289
3790 1009
3791 1503
3792 2059
3793 259
3794 2066
3795 260
3796 2011
3797 2736
3798 265
3799 290
3800 265
3801 1690
3802 1609
3803 266
3804 266
3805 266
3806 1073
3807 1120
3808 2701
3809 422
3810 267
3811 267
3812 267
3813 1625
3814 1589
3815 393
3816 315
3817 2046
3818 267
3819 1881
3820 603
3821 2154
3822 2719
3823 1829
3824 269
3825 2794
3826 1090
3827 271
3828 287
3829 1089
3830 601
3831 790
3832 271
3833 632
3834 1394
3835 3080
3836 279
3837 280
3838 2870
3839 418
3840 283
3841 1026
3842 2121
3843 429
3844 3068
3845 1700
3846 2135
3847 2871
3848 2250
3849 3230
3850 826
3851 461
3852 1555
3853 1414
3854 417
3855 1131
3856 587
3857 682
3858 2027
3859 2462
3860 354
3861 1523
3862 2086
3863 2561
3864 1436
3865 2338
3866 306
3867 308
3868 1312
3869 1043
3870 668
3871 2632
3872 2279
3873 740
3874 1956
3875 1661
3876 2280
3877 2273
3878 313
3879 1807
3880 1235
3881 313
3882 2295
3883 2964
3884 316
3885 2030
3886 2738
3887 1222
3888 2661
3889 954
3890 316
3891 2245
3892 317
3893 1906
3894 1020
3895 320
3896 320
3897 872
3898 1557
3899 1477
3900 3157
3901 3141
3902 329
3903 329
3904 330
3905 2956
3906 3114
3907 330
3908 331
3909 2696
3910 2204
3911 332
3912 2374
3913 2252
3914 952
3915 335
3916 335
3917 337
3918 1863
3919 339
3920 1929
3921 2368
3922 1726
3923 340
3924 2033
3925 370
3926 2285
3927 760
3928 340
3929 2040
3930 340
3931 640
3932 340
3933 1340
3934 340
3935 2807
3936 1444
3937 343
3938 2663
3939 2808
3940 516
3941 343
3942 3217
3943 1993
3944 344
3945 344
3946 801
3947 735
3948 2574
3949 2734
3950 344
3951 344
3952 344
3953 460
3954 636
3955 344
3956 384
3957 1205
3958 1612
3959 2909
3960 583
3961 344
3962 1136
3963 1162
3964 423
3965 344
3966 344
3967 2552
3968 2463
3969 692
3970 344
3971 821
3972 381
3973 479
3974 1594
3975 871
3976 344
3977 344
3978 723
3979 344
3980 344
3981 344
3982 344
3983 2416
3984 2831
3985 486
3986 359
3987 1616
3988 344
3989 2113
3990 910
3991 344
3992 2373
3993 671
3994 2469
3995 344
3996 1919
3997 1366
3998 344
3999 1372
4000 1600
4001 1995
4002 344
4003 344
4004 344
4005 344
4006 344
4007 914
4008 344
4009 642
4010 344
4011 344
4012 2505
4013 380
4014 1076
4015 1068
4016 344
4017 464
4018 344
4019 457
4020 344
4021 401
4022 1515
4023 374
4024 552
4025 1460
4026 348
4027 2072
4028 2612
4029 879
4030 633
4031 357
4032 858
4033 2670
4034 362
4035 856
4036 366
4037 366
4038 2623
4039 1505
4040 2520
4041 1052
4042 2327
4043 366
4044 366
4045 1170
4046 368
4047 1670
4048 1378
4049 1291
4050 371
4051 1546
4052 1041
4053 3198
4054 371
4055 419
4056 1355
4057 612
4058 1841
4059 2132
4060 377
4061 828
4062 725
4063 1964
4064 3062
4065 2684
4066 378
4067 622
4068 378
4069 1874
4070 378
4071 1534
4072 420
4073 1135
4074 2340
4075 381
4076 382
4077 382
4078 382
4079 1187
4080 384
4081 2804
4082 384
4083 986
4084 2421
4085 2631
4086 1292
4087 1002
4088 2029
4089 1805
4090 391
4091 392
4092 393
4093 2654
4094 393
4095 393
4096 3104
4097 2020
4098 1327
4099 399
4100 2992
4101 399
4102 399
4103 2900
4104 1969
4105 1168
4106 2961
4107 399
4108 399
4109 888
4110 1657
4111 1156
4112 759
4113 399
4114 1454
4115 1429
4116 465
4117 1410
4118 2023
4119 1335
4120 399
4121 399
4122 850
4123 399
4124 399
4125 1496
4126 399
4127 2424
4128 399
4129 399
4130 1903
4131 595
4132 2418
4133 2217
4134 400
4135 411
4136 403
4137 538
4138 407
4139 1790
4140 408
4141 637
4142 411
4143 635
4144 412
4145 1412
4146 414
4147 3001
4148 500
4149 2529
4150 414
4151 1407
4152 1150
4153 2689
4154 1269
4155 414
4156 414
4157 687
4158 414
4159 1363
4160 414
4161 1447
4162 2674
4163 414
4164 414
4165 414
4166 611
4167 3069
4168 537
4169 414
4170 1687
4171 2345
4172 1803
4173 2749
4174 2667
4175 3102
4176 1915
4177 414
4178 1710
4179 678
4180 1387
4181 2628
4182 1520
4183 556
4184 1756
4185 1233
4186 1835
4187 425
4188 2064
4189 1101
4190 425
4191 425
4192 3107
4193 425
4194 492
4195 425
4196 1899
4197 425
4198 1408
4199 2606
4200 2518
4201 1405
4202 425
4203 822
4204 425
4205 2015
4206 497
4207 474
4208 425
4209 478
4210 501
4211 425
4212 1656
4213 2234
4214 425
4215 2616
4216 2524
4217 425
4218 989
4219 2353
4220 2569
4221 425
4222 2865
4223 2222
4224 1004
4225 425
4226 2445
4227 1234
4228 1316
4229 1552
4230 2448
4231 430
4232 2904
4233 580
4234 1173
4235 3055
4236 448
4237 448
4238 448
4239 2388
4240 666
4241 2895
4242 1413
4243 448
4244 2013
4245 1229
4246 1212
4247 455
4248 455
4249 2098
4250 461
4251 1544
4252 1439
4253 2451
4254 461
4255 461
4256 461
4257 834
4258 892
4259 461
4260 840
4261 2265
4262 461
4263 3053
4264 777
4265 461
4266 461
4267 469
4268 859
4269 461
4270 1274
4271 461
4272 461
4273 2626
4274 461
4275 2516
4276 1268
4277 772
4278 2858
4279 2396
4280 699
4281 461
4282 1491
4283 462
4284 764
4285 462
4286 462
4287 2325
4288 466
4289 466
4290 2854
4291 2671
4292 2096
4293 1037
4294 470
4295 2665
4296 3192
4297 785
4298 1262
4299 582
4300 2733
4301 700
4302 473
4303 2457
4304 2169
4305 478
4306 481
4307 3017
4308 481
4309 2309
4310 481
4311 482
4312 483
4313 2983
4314 2337
4315 881
4316 2437
4317 484
4318 1161
4319 484
4320 2065
4321 485
4322 1287
4323 1021
4324 2409
4325 1678
4326 491
4327 491
4328 644
4329 660
4330 1147
4331 2306
4332 496
4333 2319
4334 1751
4335 2085
4336 1087
4337 2747
4338 972
4339 2042
4340 695
4341 1711
4342 499
4343 1686
4344 1282
4345 500
4346 2292
4347 502
4348 2570
4349 2223
4350 1204
4351 1088
4352 1738
4353 1992
4354 993
4355 2208
4356 505
4357 591
4358 505
4359 1886
4360 505
4361 665
4362 505
4363 2344
4364 1478
4365 975
4366 509
4367 1698
4368 1512
4369 511
4370 1296
4371 1097
4372 1808
4373 920
4374 2260
4375 2915
4376 2259
4377 511
4378 702
4379 2408
4380 511
4381 1692
4382 512
4383 2547
4384 2683
4385 512
4386 1219
4387 3167
4388 2346
4389 832
4390 1695
4391 514
4392 1159
4393 2819
4394 619
4395 3296
4396 519
4397 2556
4398 519
4399 2487
4400 2438
4401 519
4402 3097
4403 1591
4404 519
4405 1019
4406 2089
4407 521
4408 521
4409 521
4410 2565
4411 594
4412 525
4413 1438
4414 2609
4415 2342
4416 528
4417 529
4418 530
4419 2232
4420 530
4421 530
4422 1337
4423 2884
4424 535
4425 1434
4426 535
4427 957
4428 771
4429 1547
4430 1640
4431 2685
4432 3146
4433 862
4434 2638
4435 2812
4436 3064
4437 1720
4438 547
4439 547
4440 548
4441 1707
4442 548
4443 1704
4444 623
4445 548
4446 548
4447 548
4448 1675
4449 549
4450 2678
4451 549
4452 549
4453 3136
4454 549
4455 3061
4456 552
4457 553
4458 3031
4459 868
4460 2716
4461 553
4462 3131
4463 553
4464 982
4465 553
4466 734
4467 659
4468 1603
4469 885
4470 553
4471 553
4472 553
4473 553
4474 1883
4475 2461
4476 3067
4477 1968
4478 553
4479 739
4480 553
4481 553
4482 553
4483 847
4484 555
4485 1739
4486 2832
4487 677
4488 1033
4489 558
4490 873
4491 560
4492 727
4493 1180
4494 983
4495 2544
4496 845
4497 981
4498 567
4499 889
4500 2194
4501 941
4502 2576
4503 651
4504 574
4505 574
4506 586
4507 2595
4508 579
4509 3143
4510 2861
4511 2714
4512 579
4513 579
4514 1796
4515 579
4516 3156
4517 580
4518 2585
4519 583
4520 590
4521 590
4522 713
4523 3199
4524 3051
4525 1058
4526 2513
4527 592
4528 1389
4529 2403
4530 961
4531 2987
4532 593
4533 593
4534 1334
4535 648
4536 1000
4537 593
4538 593
4539 731
4540 729
4541 2050
4542 2549
4543 595
4544 595
4545 595
4546 1724
4547 595
4548 595
4549 2872
4550 1032
4551 656
4552 595
4553 595
4554 2960
4555 819
4556 1986
4557 1221
4558 2926
4559 598
4560 1551
4561 1494
4562 600
4563 600
4564 600
4565 1788
4566 600
4567 1362
4568 2546
4569 1288
4570 601
4571 708
4572 602
4573 2959
4574 602
4575 602
4576 1944
4577 602
4578 602
4579 602
4580 1128
4581 1599
4582 607
4583 609
4584 912
4585 2596
4586 658
4587 615
4588 1860
4589 615
4590 617
4591 3288
4592 619
4593 870
4594 1349
4595 2063
4596 627
4597 1932
4598 2706
4599 627
4600 627
4601 627
4602 1214
4603 629
4604 1110
4605 2302
4606 629
4607 630
4608 1912
4609 630
4610 2125
4611 2012
4612 634
4613 2466
4614 635
4615 1571
4616 635
4617 1281
4618 1598
4619 635
4620 635
4621 635
4622 2897
4623 2231
4624 638
4625 1540
4626 638
4627 1475
4628 1384
4629 1502
4630 638
4631 2278
4632 639
4633 1782
4634 640
4635 1854
4636 641
4637 763
4638 641
4639 1978
4640 643
4641 2539
4642 643
4643 643
4644 643
4645 643
4646 643
4647 1760
4648 2940
4649 643
4650 643
4651 1252
4652 645
4653 645
4654 645
4655 645
4656 645
4657 645
4658 2109
4659 2313
4660 1441
4661 3229
4662 927
4663 3036
4664 1732
4665 1727
4666 649
4667 1872
4668 2776
4669 1529
4670 649
4671 649
4672 649
4673 2682
4674 2564
4675 867
4676 2744
4677 711
4678 1348
4679 649
4680 1193
4681 649
4682 1049
4683 901
4684 1526
4685 649
4686 716
4687 649
4688 649
4689 649
4690 649
4691 2725
4692 811
4693 1851
4694 793
4695 649
4696 3277
4697 2886
4698 2541
4699 2587
4700 2406
4701 2429
4702 649
4703 2491
4704 1295
4705 1975
4706 649
4707 649
4708 2401
4709 2655
4710 1821
4711 1216
4712 649
4713 649
4714 1824
4715 649
4716 649
4717 767
4718 1218
4719 649
4720 649
4721 649
4722 3058
4723 2939
4724 658
4725 659
4726 3201
4727 659
4728 659
4729 659
4730 1542
4731 1828
4732 1470
4733 664
4734 664
4735 664
4736 664
4737 2639
4738 664
4739 3063
4740 2767
4741 1183
4742 2936
4743 664
4744 1757
4745 664
4746 2078
4747 1121
4748 786
4749 665
4750 665
4751 1864
4752 665
4753 3231
4754 1148
4755 1167
4756 667
4757 668
4758 2717
4759 668
4760 2123
4761 670
4762 1920
4763 671
4764 671
4765 1354
4766 2432
4767 1367
4768 1449
4769 675
4770 675
4771 833
4772 2318
4773 677
4774 677
4775 677
4776 1117
4777 677
4778 679
4779 680
4780 2447
4781 1417
4782 1490
4783 1081
4784 690
4785 690
4786 690
4787 3008
4788 691
4789 694
4790 958
4791 2270
4792 699
4793 700
4794 1596
4795 702
4796 702
4797 702
4798 702
4799 2582
4800 702
4801 2477
4802 709
4803 2324
4804 1985
4805 716
4806 716
4807 2826
4808 2903
4809 717
4810 2876
4811 719
4812 720
4813 720
4814 720
4815 720
4816 3150
4817 2586
4818 722
4819 722
4820 723
4821 723
4822 723
4823 1344
4824 724
4825 1276
4826 725
4827 2084
4828 725
4829 725
4830 725
4831 1433
4832 2535
4833 728
4834 729
4835 732
4836 950
4837 2137
4838 2257
4839 732
4840 735
4841 737
4842 737
4843 741
4844 741
4845 1265
4846 741
4847 741
4848 1061
4849 1178
4850 747
4851 747
4852 747
4853 747
4854 3152
4855 2162
4856 747
4857 1134
4858 1577
4859 800
4860 757
4861 758
4862 3227
4863 758
4864 758
4865 1843
4866 758
4867 758
4868 758
4869 3000
4870 1094
4871 1245
4872 2299
4873 984
4874 3124
4875 761
4876 3019
4877 1946
4878 762
4879 1012
4880 2723
4881 763
4882 763
4883 1750
4884 763
4885 763
4886 766
4887 1652
4888 769
4889 769
4890 769
4891 1971
4892 769
4893 769
4894 769
4895 769
4896 820
4897 2221
4898 770
4899 1601
4900 771
4901 1867
4902 2644
4903 1501
4904 1792
4905 1065
4906 1527
4907 3248
4908 948
4909 771
4910 2467
4911 771
4912 978
4913 2291
4914 2117
4915 771
4916 1424
4917 771
4918 771
4919 771
4920 771
4921 2777
4922 771
4923 771
4924 1743
4925 2805
4926 771
4927 771
4928 771
4929 2948
4930 771
4931 967
4932 3250
4933 771
4934 771
4935 1772
4936 771
4937 771
4938 771
4939 771
4940 771
4941 772
4942 772
4943 776
4944 1024
4945 855
4946 777
4947 777
4948 777
4949 2697
4950 1629
4951 1621
4952 1741
4953 1377
4954 1844
4955 779
4956 781
4957 781
4958 782
4959 782
4960 782
4961 786
4962 787
4963 787
4964 1953
4965 1343
4966 787
4967 1209
4968 1606
4969 1862
4970 2928
4971 788
4972 788
4973 788
4974 3239
4975 1958
4976 788
4977 792
4978 792
4979 792
4980 2108
4981 795
4982 994
4983 796
4984 2844
4985 796
4986 2197
4987 1248
4988 802
4989 906
4990 804
4991 806
4992 2752
4993 809
4994 809
4995 2307
4996 1802
4997 1644
4998 814
4999 2545
5000 2243
5001 814
5002 814
5003 1318
5004 814
5005 814
5006 814
5007 2560
5008 814
5009 2712
5010 1472
5011 815
5012 2092
5013 816
5014 1528
5015 2571
5016 3246
5017 3079
5018 898
5019 819
5020 3127
5021 2426
5022 990
5023 819
5024 1885
5025 819
5026 1495
5027 2615
5028 820
5029 1017
5030 820
5031 3071
5032 820
5033 820
5034 1155
5035 820
5036 820
5037 2385
5038 1108
5039 820
5040 820
5041 1129
5042 821
5043 3048
5044 1627
5045 821
5046 821
5047 1275
5048 831
5049 3049
5050 832
5051 832
5052 1005
5053 833
5054 899
5055 2727
5056 2347
5057 1272
5058 886
5059 846
5060 846
5061 848
5062 998
5063 1425
5064 2210
5065 1006
5066 2611
5067 1773
5068 2796
5069 1256
5070 850
5071 2218
5072 850
5073 1244
5074 850
5075 2142
5076 2465
5077 851
5078 1749
5079 855
5080 2993
5081 1868
5082 856
5083 1818
5084 1650
5085 2769
5086 860
5087 860
5088 860
5089 860
5090 861
5091 1539
5092 3147
5093 861
5094 1777
5095 2423
5096 2973
5097 2402
5098 861
5099 1336
5100 2205
5101 861
5102 861
5103 862
5104 2905
5105 864
5106 864
5107 1259
5108 2213
5109 864
5110 2317
5111 2067
5112 865
5113 865
5114 1783
5115 1705
5116 1947
5117 873
5118 2507
5119 873
5120 1469
5121 876
5122 877
5123 877
5124 3005
5125 976
5126 882
5127 1708
5128 921
5129 2087
5130 3243
5131 1504
5132 2472
5133 1664
5134 1672
5135 889
5136 889
5137 889
5138 889
5139 2985
5140 892
5141 1793
5142 1987
5143 892
5144 1713
5145 892
5146 1663
5147 1303
5148 892
5149 1010
5150 1157
5151 892
5152 905
5153 892
5154 892
5155 1871
5156 2359
5157 1636
5158 902
5159 902
5160 2947
5161 1250
5162 939
5163 903
5164 903
5165 1211
5166 3234
5167 904
5168 905
5169 905
5170 1123
5171 2724
5172 907
5173 907
5174 1984
5175 907
5176 907
5177 907
5178 1696
5179 2436
5180 2277
5181 2882
5182 909
5183 2681
5184 1530
5185 910
5186 2152
5187 2951
5188 910
5189 911
5190 911
5191 911
5192 911
5193 912
5194 951
5195 914
5196 1224
5197 1988
5198 922
5199 922
5200 922
5201 924
5202 925
5203 926
5204 2944
5205 932
5206 932
5207 1888
5208 2862
5209 935
5210 1563
5211 936
5212 1593
5213 938
5214 3266
5215 943
5216 943
5217 943
5218 943
5219 943
5220 944
5221 944
5222 2893
5223 944
5224 1028
5225 944
5226 944
5227 1169
5228 944
5229 2192
5230 1092
5231 944
5232 944
5233 1044
5234 1765
5235 1532
5236 944
5237 944
5238 944
5239 944
5240 1553
5241 944
5242 944
5243 944
5244 944
5245 1775
5246 1774
5247 946
5248 946
5249 948
5250 948
5251 948
5252 2201
5253 2188
5254 950
5255 950
5256 951
5257 3241
5258 953
5259 953
5260 1074
5261 2271
5262 1258
5263 953
5264 2489
5265 2715
5266 953
5267 2839
5268 971
5269 953
5270 1059
5271 1481
5272 953
5273 1320
5274 954
5275 2035
5276 954
5277 954
5278 2578
5279 3194
5280 1736
5281 956
5282 956
5283 956
5284 2691
5285 3155
5286 961
5287 961
5288 3270
5289 1307
5290 1537
5291 963
5292 1786
5293 964
5294 964
5295 2151
5296 3076
5297 964
5298 966
5299 1373
5300 968
5301 968
5302 968
5303 969
5304 3187
5305 2037
5306 972
5307 972
5308 972
5309 973
5310 2322
5311 1079
5312 1463
5313 977
5314 978
5315 1228
5316 978
5317 2053
5318 2112
5319 978
5320 978
5321 3190
5322 978
5323 2009
5324 978
5325 978
5326 2300
5327 980
5328 978
5329 1884
5330 2358
5331 1848
5332 1981
5333 1991
5334 978
5335 978
5336 2471
5337 978
5338 2868
5339 978
5340 2771
5341 1127
5342 978
5343 978
5344 978
5345 978
5346 1297
5347 1105
5348 978
5349 1323
5350 978
5351 2990
5352 2602
5353 1267
5354 1186
5355 984
5356 2986
5357 3164
5358 984
5359 2417
5360 984
5361 985
5362 1341
5363 2048
5364 3012
5365 987
5366 987
5367 988
5368 988
5369 988
5370 2891
5371 2263
5372 2693
5373 1397
5374 1878
5375 993
5376 993
5377 993
5378 2026
5379 994
5380 994
5381 1423
5382 1582
5383 1614
5384 1361
5385 995
5386 995
5387 995
5388 995
5389 995
5390 2737
5391 1721
5392 998
5393 998
5394 998
5395 1001
5396 1003
5397 1004
5398 2729
5399 1007
5400 1009
5401 1009
5402 1009
5403 1010
5404 1046
5405 1012
5406 2286
5407 1021
5408 3108
5409 1391
5410 1021
5411 1021
5412 1778
5413 1840
5414 1024
5415 1024
5416 1024
5417 1028
5418 1028
5419 1028
5420 1028
5421 1333
5422 1359
5423 1223
5424 2294
5425 1215
5426 1680
5427 2540
5428 1030
5429 1619
5430 1192
5431 1766
5432 1077
5433 1575
5434 1043
5435 1043
5436 1480
5437 2519
5438 2219
5439 1046
5440 1046
5441 1980
5442 2770
5443 1047
5444 1047
5445 2203
5446 2795
5447 1049
5448 1459
5449 2968
5450 1576
5451 1056
5452 1059
5453 1651
5454 1060
5455 1060
5456 2790
5457 1217
5458 1581
5459 1063
5460 1063
5461 1063
5462 2275
5463 1066
5464 2052
5465 1070
5466 1070
5467 1071
5468 1071
5469 1073
5470 2687
5471 2311
5472 1514
5473 1073
5474 1077
5475 1077
5476 1908
5477 1077
5478 1518
5479 1080
5480 1080
5481 1080
5482 1742
5483 1080
5484 1080
5485 1080
5486 1080
5487 1240
5488 1080
5489 1080
5490 1080
5491 1080
5492 1645
5493 3022
5494 3122
5495 2198
5496 2236
5497 3207
5498 1080
5499 2756
5500 1083
5501 1084
5502 1084
5503 2002
5504 2077
5505 1200
5506 2061
5507 1084
5508 1084
5509 3183
5510 1084
5511 1084
5512 1088
5513 1090
5514 1090
5515 1090
5516 2908
5517 1090
5518 1090
5519 1090
5520 2509
5521 1090
5522 1090
5523 1090
5524 2580
5525 1090
5526 1091
5527 1091
5528 1091
5529 1091
5530 2190
5531 1659
5532 1279
5533 1091
5534 1091
5535 1091
5536 1091
5537 2412
5538 1764
5539 1091
5540 1091
5541 1091
5542 1091
5543 1624
5544 1712
5545 1091
5546 1094
5547 1094
5548 1094
5549 1094
5550 1304
5551 1094
5552 3255
5553 1094
5554 1094
5555 1094
5556 1094
5557 1345
5558 2334
5559 2350
5560 1094
5561 1094
5562 1094
5563 1144
5564 1671
5565 1094
5566 1488
5567 1094
5568 1094
5569 1094
5570 1094
5571 1188
5572 2806
5573 1486
5574 1319
5575 1094
5576 1239
5577 1094
5578 1094
5579 2044
5580 1825
5581 1094
5582 1094
5583 1094
5584 1236
5585 1859
5586 1094
5587 2751
5588 2927
5589 2212
5590 1095
5591 1095
5592 1095
5593 1160
5594 1095
5595 1095
5596 1095
5597 1095
5598 2643
5599 1095
5600 2449
5601 1263
5602 2924
5603 1525
5604 1096
5605 1697
5606 1465
5607 1096
5608 1096
5609 1096
5610 1096
5611 1679
5612 1446
5613 2942
5614 2014
5615 2721
5616 1907
5617 1966
5618 1099
5619 1099
5620 1099
5621 1101
5622 1101
5623 1101
5624 2442
5625 1103
5626 1103
5627 1103
5628 1103
5629 3261
5630 1103
5631 1103
5632 1107
5633 2202
5634 1108
5635 1109
5636 1113
5637 1114
5638 1114
5639 2047
5640 2722
5641 1118
5642 1119
5643 1121
5644 1121
5645 1121
5646 2996
5647 1123
5648 2253
5649 1124
5650 1165
5651 1927
5652 1633
5653 1133
5654 2485
5655 1134
5656 1826
5657 2703
5658 1660
5659 1474
5660 1139
5661 1584
5662 1142
5663 1142
5664 1142
5665 1142
5666 3132
5667 1142
5668 1142
5669 1467
5670 1142
5671 1930
5672 1142
5673 2073
5674 1153
5675 1153
5676 1155
5677 1158
5678 1158
5679 1393
5680 1251
5681 1158
5682 2527
5683 1579
5684 2482
5685 1162
5686 1162
5687 1162
5688 1162
5689 1162
5690 1162
5691 3042
5692 1164
5693 2660
5694 1168
5695 1170
5696 1170
5697 1170
5698 1170
5699 1170
5700 1602
5701 1172
5702 1172
5703 1172
5704 1173
5705 1173
5706 1249
5707 2953
5708 1174
5709 1174
5710 1175
5711 1801
5712 1175
5713 1175
5714 1175
5715 1175
5716 1175
5717 1175
5718 1175
5719 1866
5720 1175
5721 1175
5722 2430
5723 1241
5724 1176
5725 1419
5726 1177
5727 1177
5728 1177
5729 1177
5730 1177
5731 1177
5732 1177
5733 1177
5734 1177
5735 3044
5736 1177
5737 2394
5738 2525
5739 1177
5740 1342
5741 1177
5742 1435
5743 1622
5744 1181
5745 1182
5746 1277
5747 1182
5748 1637
5749 1183
5750 2244
5751 1186
5752 1186
5753 1308
5754 1187
5755 2224
5756 1187
5757 1610
5758 1187
5759 1187
5760 1187
5761 1188
5762 1471
5763 1188
5764 1305
5765 1188
5766 1188
5767 1188
5768 3074
5769 1188
5770 2256
5771 1191
5772 2755
5773 1194
5774 1673
5775 1196
5776 3247
5777 3184
5778 1196
5779 2105
5780 1196
5781 1198
5782 1339
5783 1198
5784 1203
5785 1207
5786 1210
5787 2604
5788 1210
5789 2456
5790 2031
5791 1213
5792 1213
5793 1213
5794 1213
5795 3014
5796 1213
5797 1213
5798 1213
5799 1769
5800 1215
5801 1216
5802 1221
5803 1613
5804 3070
5805 1222
5806 1400
5807 1222
5808 1222
5809 1936
5810 1224
5811 1634
5812 1224
5813 3145
5814 1224
5815 2378
5816 1224
5817 3135
5818 2434
5819 2972
5820 1224
5821 2969
5822 1230
5823 1231
5824 1231
5825 1233
5826 3211
5827 1235
5828 1235
5829 1238
5830 1238
5831 1238
5832 1918
5833 1238
5834 2054
5835 2076
5836 2553
5837 3240
5838 1241
5839 1241
5840 2918
5841 1248
5842 1248
5843 1248
5844 1248
5845 2017
5846 2149
5847 1250
5848 2380
5849 1250
5850 1250
5851 1250
5852 1250
5853 3009
5854 2845
5855 2925
5856 1252
5857 1252
5858 1252
5859 2648
5860 1252
5861 1255
5862 1255
5863 1255
5864 2809
5865 1352
5866 1259
5867 1716
5868 1847
5869 1259
5870 1753
5871 1869
5872 1265
5873 1268
5874 1268
5875 1268
5876 1276
5877 1278
5878 1983
5879 1281
5880 1744
5881 1578
5882 1281
5883 1284
5884 1284
5885 1284
5886 1922
5887 2557
5888 2171
5889 1289
5890 1289
5891 1453
5892 1289
5893 1289
5894 1294
5895 3168
5896 1875
5897 1295
5898 2649
5899 1295
5900 3087
5901 1295
5902 1295
5903 2821
5904 1295
5905 1295
5906 1295
5907 1295
5908 3215
5909 2339
5910 1295
5911 1955
5912 1295
5913 1295
5914 1295
5915 1295
5916 2124
5917 1295
5918 1295
5919 1295
5920 2475
5921 1295
5922 1295
5923 1548
5924 1295
5925 1295
5926 1295
5927 1295
5928 1295
5929 1295
5930 1295
5931 1853
5932 1677
5933 1295
5934 1295
5935 1296
5936 2379
5937 2679
5938 1300
5939 1302
5940 1507
5941 1302
5942 3115
5943 3007
5944 2398
5945 1303
5946 2899
5947 1304
5948 1304
5949 1304
5950 1304
5951 1305
5952 2157
5953 1305
5954 2728
5955 3295
5956 1308
5957 1308
5958 3195
5959 1310
5960 1310
5961 2666
5962 1311
5963 1313
5964 1485
5965 1317
5966 2921
5967 1317
5968 1326
5969 1890
5970 1326
5971 1328
5972 3218
5973 1329
5974 2857
5975 3030
5976 1329
5977 1329
5978 1902
5979 1329
5980 2622
5981 1611
5982 1873
5983 3082
5984 1332
5985 2145
5986 1336
5987 1519
5988 1340
5989 1341
5990 3045
5991 1344
5992 1345
5993 1345
5994 1345
5995 1345
5996 1870
5997 1998
5998 1348
5999 1348
6000 1819
6001 2144
6002 1348
6003 1348
6004 1479
6005 1348
6006 1349
6007 2888
6008 1355
6009 1386
6010 1360
6011 1360
6012 1362
6013 1366
6014 1368
6015 1368
6016 1368
6017 1368
6018 1368
6019 1943
6020 1369
6021 1369
6022 1369
6023 1369
6024 1369
6025 1370
6026 1370
6027 1371
6028 1549
6029 2239
6030 2191
6031 1371
6032 1371
6033 1372
6034 1374
6035 2415
6036 1380
6037 2110
6038 1383
6039 1484
6040 1388
6041 2838
6042 1570
6043 2140
6044 1389
6045 2458
6046 1390
6047 1392
6048 1392
6049 1392
6050 2627
6051 1392
6052 1811
6053 1392
6054 1392
6055 1392
6056 1392
6057 1392
6058 1393
6059 1458
6060 1592
6061 1395
6062 2657
6063 1397
6064 1397
6065 1455
6066 1397
6067 1397
6068 1397
6069 1397
6070 1400
6071 1400
6072 1401
6073 1403
6074 2003
6075 1405
6076 1921
6077 1405
6078 1405
6079 1405
6080 1420
6081 2590
6082 1935
6083 2166
6084 1409
6085 1405
6086 1405
6087 1405
6088 1405
6089 1405
6090 1405
6091 1405
6092 1405
6093 1405
6094 1406
6095 1406
6096 1406
6097 1406
6098 1406
6099 2512
6100 1406
6101 2290
6102 2071
6103 1406
6104 2788
6105 1406
6106 1406
6107 1406
6108 1406
6109 3265
6110 1406
6111 2296
6112 1426
6113 2877
6114 1406
6115 1406
6116 1406
6117 1406
6118 1406
6119 2780
6120 1406
6121 1407
6122 1407
6123 2404
6124 1407
6125 1972
6126 1407
6127 1642
6128 1608
6129 1407
6130 3078
6131 1409
6132 2010
6133 2584
6134 1416
6135 1416
6136 1416
6137 1416
6138 1699
6139 1416
6140 1416
6141 1820
6142 1416
6143 3099
6144 1422
6145 1424
6146 1425
6147 1476
6148 2943
6149 1425
6150 1425
6151 1558
6152 2024
6153 1425
6154 1425
6155 1425
6156 3096
6157 1425
6158 1425
6159 1425
6160 3023
6161 1595
6162 1425
6163 1425
6164 1425
6165 3090
6166 1425
6167 1425
6168 1425
6169 1425
6170 2414
6171 1653
6172 1431
6173 1432
6174 3138
6175 1432
6176 1432
6177 1432
6178 1432
6179 1432
6180 3105
6181 1436
6182 1436
6183 1436
6184 1438
6185 1438
6186 1439
6187 1440
6188 1440
6189 1441
6190 1442
6191 1442
6192 2817
6193 1442
6194 1442
6195 1443
6196 1443
6197 1443
6198 2196
6199 3075
6200 1444
6201 1444
6202 1446
6203 2122
6204 1446
6205 2851
6206 1669
6207 1446
6208 1446
6209 1941
6210 1538
6211 1446
6212 1447
6213 2530
6214 1910
6215 1861
6216 1447
6217 1447
6218 2314
6219 1450
6220 2496
6221 1451
6222 1451
6223 1451
6224 1451
6225 2028
6226 1452
6227 1452
6228 1452
6229 3208
6230 1452
6231 1452
6232 1452
6233 1452
6234 2815
6235 2041
6236 1452
6237 1452
6238 2816
6239 1452
6240 1452
6241 1453
6242 1453
6243 1456
6244 1456
6245 1457
6246 1459
6247 1994
6248 1462
6249 1467
6250 1467
6251 1467
6252 1467
6253 1468
6254 1748
6255 1469
6256 1469
6257 1469
6258 1469
6259 1550
6260 2019
6261 1469
6262 1469
6263 1469
6264 1469
6265 1643
6266 2731
6267 1474
6268 3169
6269 1962
6270 1478
6271 1961
6272 1521
6273 1580
6274 1901
6275 1813
6276 1483
6277 1483
6278 2548
6279 1483
6280 1483
6281 1485
6282 1485
6283 2581
6284 1485
6285 1865
6286 1491
6287 2453
6288 2454
6289 1492
6290 2757
6291 1493
6292 1493
6293 1493
6294 1493
6295 2266
6296 1493
6297 1722
6298 2910
6299 1737
6300 2473
6301 1493
6302 1493
6303 1730
6304 1493
6305 1493
6306 2662
6307 1493
6308 2828
6309 3280
6310 3073
6311 1497
6312 1501
6313 1917
6314 1503
6315 1503
6316 1504
6317 1504
6318 3259
6319 1505
6320 2160
6321 2563
6322 1508
6323 1509
6324 1510
6325 1510
6326 1510
6327 2957
6328 3235
6329 1514
6330 1526
6331 1527
6332 2093
6333 1528
6334 1528
6335 3140
6336 1534
6337 2131
6338 1537
6339 1537
6340 2038
6341 1538
6342 1538
6343 1837
6344 1538
6345 2784
6346 1538
6347 1538
6348 2206
6349 1541
6350 1541
6351 1674
6352 2441
6353 1543
6354 1879
6355 3284
6356 1543
6357 1543
6358 1543
6359 1543
6360 1646
6361 1545
6362 2892
6363 2759
6364 1545
6365 1548
6366 1996
6367 2262
6368 2577
6369 1549
6370 1549
6371 2115
6372 3004
6373 1552
6374 3258
6375 3121
6376 1554
6377 1556
6378 1557
6379 1557
6380 1882
6381 2214
6382 1559
6383 1849
6384 1746
6385 2310
6386 1559
6387 1559
6388 1937
6389 1569
6390 1561
6391 1561
6392 1561
6393 1561
6394 1959
6395 1561
6396 1561
6397 1561
6398 1561
6399 1561
6400 1561
6401 1561
6402 1561
6403 1561
6404 3054
6405 2435
6406 1561
6407 2051
6408 2743
6409 1561
6410 1561
6411 3129
6412 1561
6413 1561
6414 2625
6415 1561
6416 1561
6417 1561
6418 1561
6419 1561
6420 1561
6421 1976
6422 2676
6423 2651
6424 1561
6425 2375
6426 1561
6427 3213
6428 3106
6429 1561
6430 2100
6431 1561
6432 2605
6433 1561
6434 1573
6435 1568
6436 1569
6437 1569
6438 1570
6439 2645
6440 2057
6441 1799
6442 1574
6443 1574
6444 2099
6445 1579
6446 2119
6447 3065
6448 1580
6449 1580
6450 1580
6451 2768
6452 1583
6453 1583
6454 1583
6455 1583
6456 2916
6457 1584
6458 2633
6459 1585
6460 2335
6461 1585
6462 2532
6463 1585
6464 1585
6465 1585
6466 1585
6467 1586
6468 1586
6469 1734
6470 1586
6471 1586
6472 1586
6473 1586
6474 2538
6475 1586
6476 2074
6477 1590
6478 1626
6479 1593
6480 1594
6481 1904
6482 3257
6483 1594
6484 1594
6485 1817
6486 3165
6487 1940
6488 1594
6489 1594
6490 2853
6491 1595
6492 2247
6493 1595
6494 3010
6495 1595
6496 1595
6497 1596
6498 1596
6499 1784
6500 1598
6501 1601
6502 1602
6503 1602
6504 1602
6505 1602
6506 2183
6507 1602
6508 1602
6509 2911
6510 1602
6511 1602
6512 1604
6513 2669
6514 1608
6515 1608
6516 1608
6517 3182
6518 1957
6519 1608
6520 1610
6521 1610
6522 2287
6523 1610
6524 2182
6525 3060
6526 1610
6527 1610
6528 1610
6529 1610
6530 1610
6531 1610
6532 1610
6533 1610
6534 1610
6535 1610
6536 2199
6537 1610
6538 1610
6539 1611
6540 1611
6541 1612
6542 1615
6543 1615
6544 2493
6545 1615
6546 1615
6547 1615
6548 1615
6549 1615
6550 1620
6551 2464
6552 1622
6553 1622
6554 1623
6555 1624
6556 1624
6557 2536
6558 1965
6559 1624
6560 2829
6561 1624
6562 1624
6563 1624
6564 1624
6565 1624
6566 1624
6567 1624
6568 1624
6569 1624
6570 1624
6571 1624
6572 1624
6573 1624
6574 1624
6575 2168
6576 1624
6577 1624
6578 1624
6579 1624
6580 1624
6581 1624
6582 2962
6583 1624
6584 1823
6585 1624
6586 1624
6587 3251
6588 1789
6589 1624
6590 1624
6591 1624
6592 1624
6593 1624
6594 1624
6595 2543
6596 1982
6597 2207
6598 2383
6599 1624
6600 1624
6601 1624
6602 1624
6603 1624
6604 1624
6605 1624
6606 1850
6607 1624
6608 1624
6609 1624
6610 1624
6611 1624
6612 2235
6613 1624
6614 1624
6615 1624
6616 2746
6617 1624
6618 1624
6619 2032
6620 1624
6621 1624
6622 1624
6623 3224
6624 1624
6625 2420
6626 1624
6627 1624
6628 1624
6629 1624
6630 1624
6631 3066
6632 3281
6633 2991
6634 1648
6635 1624
6636 1624
6637 1877
6638 1624
6639 2114
6640 1624
6641 1624
6642 1624
6643 1624
6644 1624
6645 3236
6646 1624
6647 2840
6648 1624
6649 1624
6650 1624
6651 1624
6652 1624
6653 1624
6654 1624
6655 1624
6656 1624
6657 1624
6658 1624
6659 1624
6660 1624
6661 2820
6662 1624
6663 1624
6664 1624
6665 1624
6666 2745
6667 3162
6668 3033
6669 1624
6670 1624
6671 1624
6672 1625
6673 1627
6674 1628
6675 1989
6676 1629
6677 2741
6678 1632
6679 1632
6680 1632
6681 2760
6682 1632
6683 1633
6684 2303
6685 1635
6686 1636
6687 1636
6688 3188
6689 3032
6690 2486
6691 2931
6692 1833
6693 1637
6694 1638
6695 2068
6696 1642
6697 2494
6698 1646
6699 1649
6700 1649
6701 2468
6702 1649
6703 1653
6704 2988
6705 2758
6706 3130
6707 1656
6708 3282
6709 1656
6710 1656
6711 1660
6712 1660
6713 1660
6714 2709
6715 1660
6716 1660
6717 1660
6718 1660
6719 1660
6720 1768
6721 1660
6722 1681
6723 1660
6724 1662
6725 1662
6726 1663
6727 1663
6728 1663
6729 1663
6730 1663
6731 1806
6732 1666
6733 1666
6734 1666
6735 1668
6736 2502
6737 1668
6738 1668
6739 3193
6740 1723
6741 1671
6742 1671
6743 1671
6744 1671
6745 1672
6746 3268
6747 1674
6748 1674
6749 1674
6750 1674
6751 1675
6752 1676
6753 1676
6754 2410
6755 1680
6756 1681
6757 1682
6758 1999
6759 3185
6760 2575
6761 1974
6762 1685
6763 1686
6764 1686
6765 1688
6766 1688
6767 1804
6768 2018
6769 2659
6770 1690
6771 2386
6772 2822
6773 1693
6774 1693
6775 1693
6776 1693
6777 1693
6778 1693
6779 1693
6780 1693
6781 1693
6782 2328
6783 1693
6784 1693
6785 1693
6786 1699
6787 1703
6788 1703
6789 1705
6790 2153
6791 1705
6792 1708
6793 1710
6794 1718
6795 1721
6796 1721
6797 1723
6798 1724
6799 1724
6800 1724
6801 1724
6802 1724
6803 1724
6804 1724
6805 1724
6806 1724
6807 1724
6808 1729
6809 1729
6810 1729
6811 1729
6812 1733
6813 1733
6814 1733
6815 1733
6816 2885
6817 1735
6818 1735
6819 1735
6820 3179
6821 1735
6822 1735
6823 1735
6824 1735
6825 1738
6826 1743
6827 1743
6828 1743
6829 1746
6830 1748
6831 1749
6832 1749
6833 1749
6834 1749
6835 2392
6836 1749
6837 1749
6838 1749
6839 1749
6840 1749
6841 1749
6842 1749
6843 1749
6844 1749
6845 1749
6846 1749
6847 2341
6848 1749
6849 1750
6850 1891
6851 1751
6852 2097
6853 1751
6854 1751
6855 1752
6856 1752
6857 1752
6858 2351
6859 1977
6860 1754
6861 1754
6862 1754
6863 2698
6864 1754
6865 1754
6866 1754
6867 1754
6868 1755
6869 1756
6870 2439
6871 1756
6872 2433
6873 2474
6874 1756
6875 1756
6876 1756
6877 1758
6878 1758
6879 1760
6880 2284
6881 1762
6882 3072
6883 1765
6884 2036
6885 1771
6886 1772
6887 2592
6888 1775
6889 2707
6890 1775
6891 2001
6892 1777
6893 1777
6894 1777
6895 3263
6896 1781
6897 1782
6898 1834
6899 3134
6900 1782
6901 2558
6902 1782
6903 1782
6904 1782
6905 1782
6906 2636
6907 1782
6908 1782
6909 1782
6910 1782
6911 1782
6912 1782
6913 1782
6914 1782
6915 1782
6916 2881
6917 1782
6918 1782
6919 1846
6920 3052
6921 1785
6922 3180
6923 1785
6924 1786
6925 1789
6926 1791
6927 1791
6928 1791
6929 1792
6930 1792
6931 1800
6932 1800
6933 1801
6934 1939
6935 1803
6936 2094
6937 1805
6938 2750
6939 1805
6940 3016
6941 2007
6942 3026
6943 1810
6944 2407
6945 1815
6946 1815
6947 1815
6948 1815
6949 1816
6950 1816
6951 1817
6952 1817
6953 1817
6954 1817
6955 2533
6956 1817
6957 1913
6958 1817
6959 1817
6960 1817
6961 1817
6962 2818
6963 1817
6964 1817
6965 2497
6966 1818
6967 2189
6968 1819
6969 1819
6970 1819
6971 1820
6972 1822
6973 1822
6974 1822
6975 1822
6976 1822
6977 3279
6978 2320
6979 1822
6980 1822
6981 2431
6982 1822
6983 1822
6984 1824
6985 1826
6986 1826
6987 2315
6988 1827
6989 1827
6990 1827
6991 1827
6992 1887
6993 1830
6994 1830
6995 1830
6996 2103
6997 1830
6998 1830
6999 1830
7000 1830
7001 2537
7002 1830
7003 1830
7004 1830
7005 1830
7006 2982
7007 2501
7008 1835
7009 1835
7010 1835
7011 1835
7012 2695
7013 1835
7014 1839
7015 1839
7016 2887
7017 1844
7018 1970
7019 1846
7020 1848
7021 2088
7022 1849
7023 1849
7024 3098
7025 1851
7026 1851
7027 3283
7028 1851
7029 1851
7030 1851
7031 2349
7032 1851
7033 1851
7034 1851
7035 1851
7036 1851
7037 1852
7038 1853
7039 1854
7040 2148
7041 1854
7042 1854
7043 1854
7044 1854
7045 1951
7046 1854
7047 1854
7048 1854
7049 1854
7050 1898
7051 1854
7052 1854
7053 1854
7054 1854
7055 1854
7056 1854
7057 2810
7058 1854
7059 2161
7060 1854
7061 1854
7062 1854
7063 1854
7064 2297
7065 2039
7066 1854
7067 1854
7068 1854
7069 1854
7070 1854
7071 1854
7072 1854
7073 2572
7074 1855
7075 1855
7076 2694
7077 1855
7078 3212
7079 2779
7080 1859
7081 1859
7082 1859
7083 1859
7084 1859
7085 1859
7086 1859
7087 1859
7088 1859
7089 1859
7090 1861
7091 1862
7092 1862
7093 1862
7094 1862
7095 1862
7096 1900
7097 1862
7098 1868
7099 2241
7100 1868
7101 1868
7102 1949
7103 1868
7104 2732
7105 1870
7106 3035
7107 1870
7108 1870
7109 1870
7110 1870
7111 1870
7112 1870
7113 1872
7114 1873
7115 1873
7116 1877
7117 1877
7118 2800
7119 1878
7120 2237
7121 1878
7122 1878
7123 1879
7124 1950
7125 3046
7126 1884
7127 1885
7128 3057
7129 1887
7130 1888
7131 1888
7132 1889
7133 1889
7134 3123
7135 2274
7136 2283
7137 1894
7138 1894
7139 2673
7140 1896
7141 1897
7142 1899
7143 1900
7144 2929
7145 1900
7146 2230
7147 1900
7148 1900
7149 1900
7150 2269
7151 1900
7152 1900
7153 1900
7154 1900
7155 1900
7156 2481
7157 1900
7158 1900
7159 1900
7160 1903
7161 1904
7162 1904
7163 1905
7164 1907
7165 1908
7166 1908
7167 2276
7168 2384
7169 1909
7170 2312
7171 1945
7172 3175
7173 2075
7174 1910
7175 1913
7176 2141
7177 1917
7178 1918
7179 2656
7180 1920
7181 1920
7182 1925
7183 1928
7184 1928
7185 1929
7186 1929
7187 3166
7188 2902
7189 1929
7190 1929
7191 1929
7192 1929
7193 1930
7194 1933
7195 1933
7196 1933
7197 1934
7198 2134
7199 1934
7200 2506
7201 3291
7202 1935
7203 1936
7204 3039
7205 1936
7206 1937
7207 1937
7208 1937
7209 1937
7210 1937
7211 1938
7212 1938
7213 2356
7214 3275
7215 1942
7216 1942
7217 1942
7218 1942
7219 1942
7220 2304
7221 1942
7222 1942
7223 1942
7224 1942
7225 1942
7226 1942
7227 1942
7228 1942
7229 2603
7230 1942
7231 1942
7232 1942
7233 1942
7234 2428
7235 1942
7236 2298
7237 1942
7238 2081
7239 1950
7240 1951
7241 3159
7242 1951
7243 1952
7244 1952
7245 1953
7246 1953
7247 1953
7248 1954
7249 1954
7250 1954
7251 1956
7252 2869
7253 1958
7254 1958
7255 1958
7256 1958
7257 1958
7258 1962
7259 1962
7260 1963
7261 1963
7262 1963
7263 1963
7264 1963
7265 1963
7266 1963
7267 1964
7268 1966
7269 1967
7270 1966
7271 1967
7272 2172
7273 2995
7274 1968
7275 1968
7276 2495
7277 2775
7278 1977
7279 1977
7280 1979
7281 1979
7282 1979
7283 1980
7284 2348
7285 1983
7286 2195
7287 1987
7288 1987
7289 1987
7290 1987
7291 2965
7292 1987
7293 1987
7294 2184
7295 1989
7296 1989
7297 1989
7298 1991
7299 1991
7300 1991
7301 1991
7302 1992
7303 1992
7304 1992
7305 1993
7306 1994
7307 2542
7308 1994
7309 1995
7310 1995
7311 1998
7312 1998
7313 1998
7314 1999
7315 1999
7316 1999
7317 1999
7318 1999
7319 2001
7320 3110
7321 2001
7322 2001
7323 2001
7324 2001
7325 2001
7326 2001
7327 2610
7328 3125
7329 2003
7330 2005
7331 2446
7332 2005
7333 2005
7334 2006
7335 2009
7336 2226
7337 2010
7338 2010
7339 2754
7340 2010
7341 2010
7342 2010
7343 2010
7344 2010
7345 2937
7346 2010
7347 3006
7348 2010
7349 2782
7350 2010
7351 2010
7352 2827
7353 2010
7354 2010
7355 2010
7356 2011
7357 3249
7358 2014
7359 2014
7360 2258
7361 2395
7362 2019
7363 2019
7364 2024
7365 2024
7366 2027
7367 3222
7368 2028
7369 2028
7370 2028
7371 2028
7372 2028
7373 2028
7374 2785
7375 3191
7376 2028
7377 2028
7378 2028
7379 2028
7380 2653
7381 2357
7382 2029
7383 2029
7384 2029
7385 3202
7386 2040
7387 2040
7388 2361
7389 2040
7390 2040
7391 2040
7392 2040
7393 2040
7394 2040
7395 2150
7396 2040
7397 2040
7398 2040
7399 2040
7400 2040
7401 2177
7402 2040
7403 2040
7404 2040
7405 2040
7406 2040
7407 2040
7408 2040
7409 2040
7410 2762
7411 2040
7412 2040
7413 2040
7414 3133
7415 2405
7416 2040
7417 2040
7418 2040
7419 2041
7420 2041
7421 2047
7422 2047
7423 2047
7424 2047
7425 2047
7426 2047
7427 2047
7428 2047
7429 2052
7430 2052
7431 2054
7432 2055
7433 2091
7434 2852
7435 2056
7436 2056
7437 2058
7438 3221
7439 2803
7440 2058
7441 2060
7442 2060
7443 2060
7444 2064
7445 3056
7446 2064
7447 2859
7448 2064
7449 2064
7450 2064
7451 2064
7452 2064
7453 2064
7454 2064
7455 2064
7456 2065
7457 2065
7458 2068
7459 2069
7460 2984
7461 2640
7462 2069
7463 2069
7464 2070
7465 2070
7466 2070
7467 2323
7468 2070
7469 2070
7470 2070
7471 2071
7472 2073
7473 2073
7474 2074
7475 2074
7476 2077
7477 2077
7478 2077
7479 2333
7480 2077
7481 2077
7482 2082
7483 2082
7484 2082
7485 2082
7486 3117
7487 2082
7488 2082
7489 2082
7490 2550
7491 2087
7492 2087
7493 2088
7494 2907
7495 3219
7496 2090
7497 2091
7498 2091
7499 2091
7500 2389
7501 2092
7502 2092
7503 2096
7504 2594
7505 2098
7506 2099
7507 2099
7508 2100
7509 2484
7510 2100
7511 2459
7512 2100
7513 2100
7514 2100
7515 2100
7516 2100
7517 2100
7518 2690
7519 2100
7520 2100
7521 2100
7522 2100
7523 2894
7524 2100
7525 2100
7526 2100
7527 2100
7528 2534
7529 2100
7530 2100
7531 2981
7532 2100
7533 2100
7534 2103
7535 2103
7536 2523
7537 2105
7538 2106
7539 2867
7540 2106
7541 2390
7542 3103
7543 2167
7544 2110
7545 2110
7546 2111
7547 2113
7548 2113
7549 2113
7550 3216
7551 2113
7552 2113
7553 2113
7554 2617
7555 2813
7556 2113
7557 2113
7558 2113
7559 2607
7560 2113
7561 2363
7562 2249
7563 2115
7564 2117
7565 2369
7566 2118
7567 2914
7568 2354
7569 2119
7570 2119
7571 2158
7572 2119
7573 2119
7574 2119
7575 2119
7576 2119
7577 2119
7578 2119
7579 2120
7580 2120
7581 2371
7582 2121
7583 2122
7584 2122
7585 2122
7586 2123
7587 2889
7588 2123
7589 2123
7590 2125
7591 2125
7592 2125
7593 2125
7594 2125
7595 2128
7596 2128
7597 2128
7598 2128
7599 2128
7600 2128
7601 2128
7602 2128
7603 2128
7604 2128
7605 2128
7606 2128
7607 2128
7608 2128
7609 2880
7610 2128
7611 2128
7612 2156
7613 2128
7614 2128
7615 2128
7616 2128
7617 2128
7618 3196
7619 2128
7620 2128
7621 2128
7622 2128
7623 3200
7624 2128
7625 2128
7626 2128
7627 2128
7628 2128
7629 2128
7630 2128
7631 2130
7632 2130
7633 2802
7634 2130
7635 2130
7636 2508
7637 2131
7638 2393
7639 2132
7640 2132
7641 2132
7642 2132
7643 2132
7644 2954
7645 2132
7646 2132
7647 2132
7648 2132
7649 2132
7650 2132
7651 2132
7652 2517
7653 2132
7654 2132
7655 2132
7656 2787
7657 2132
7658 2132
7659 2132
7660 2132
7661 2583
7662 2159
7663 2137
7664 2141
7665 2141
7666 2141
7667 2141
7668 2141
7669 2650
7670 2308
7671 2141
7672 2143
7673 2143
7674 2143
7675 2143
7676 2146
7677 2778
7678 2146
7679 2146
7680 2146
7681 2146
7682 2147
7683 2147
7684 2147
7685 2147
7686 2238
7687 2148
7688 2148
7689 2216
7690 2150
7691 2150
7692 2150
7693 3024
7694 2774
7695 2917
7696 2151
7697 2155
7698 2155
7699 2170
7700 2156
7701 2156
7702 2365
7703 2157
7704 2157
7705 2157
7706 2157
7707 2157
7708 2157
7709 2161
7710 2167
7711 2167
7712 2171
7713 2479
7714 2174
7715 2174
7716 2174
7717 2176
7718 2181
7719 2182
7720 2182
7721 2182
7722 2182
7723 2182
7724 2182
7725 2182
7726 2182
7727 3020
7728 2183
7729 2184
7730 2186
7731 2187
7732 2189
7733 2190
7734 2193
7735 2194
7736 2692
7737 2195
7738 2195
7739 2195
7740 2196
7741 3027
7742 2825
7743 2197
7744 2198
7745 2199
7746 2202
7747 2202
7748 2203
7749 2204
7750 2251
7751 2207
7752 2209
7753 2209
7754 2209
7755 2209
7756 2209
7757 2209
7758 2209
7759 2209
7760 2210
7761 2210
7762 2210
7763 2210
7764 2210
7765 2210
7766 2713
7767 2210
7768 2210
7769 2211
7770 2211
7771 2212
7772 2619
7773 2213
7774 2214
7775 2215
7776 2216
7777 2216
7778 2219
7779 2219
7780 2219
7781 2219
7782 2220
7783 2220
7784 2222
7785 2225
7786 2225
7787 2225
7788 2226
7789 2898
7790 2227
7791 2227
7792 2227
7793 2422
7794 2227
7795 2227
7796 2864
7797 2227
7798 2227
7799 2850
7800 2227
7801 2227
7802 2228
7803 2230
7804 2425
7805 2231
7806 2231
7807 2231
7808 2231
7809 2231
7810 2765
7811 2231
7812 2231
7813 2231
7814 2231
7815 2231
7816 2231
7817 2231
7818 2231
7819 3244
7820 2231
7821 2231
7822 2231
7823 2231
7824 2231
7825 2452
7826 2231
7827 2231
7828 2231
7829 2231
7830 2352
7831 2231
7832 2231
7833 2231
7834 3233
7835 2232
7836 2232
7837 2232
7838 2232
7839 2232
7840 2232
7841 2232
7842 2597
7843 2232
7844 2232
7845 2232
7846 2232
7847 2234
7848 2236
7849 2236
7850 2236
7851 3142
7852 2237
7853 2499
7854 2237
7855 2237
7856 2237
7857 2238
7858 2238
7859 2238
7860 2239
7861 2573
7862 2240
7863 2241
7864 2241
7865 2242
7866 2971
7867 2249
7868 2250
7869 2250
7870 2250
7871 2250
7872 2252
7873 2256
7874 2258
7875 2836
7876 2260
7877 2260
7878 2260
7879 2688
7880 2260
7881 2260
7882 2263
7883 2263
7884 2264
7885 2264
7886 2264
7887 2264
7888 3226
7889 2266
7890 2266
7891 2269
7892 2277
7893 2278
7894 2278
7895 2278
7896 2278
7897 2279
7898 2279
7899 2279
7900 2279
7901 2279
7902 2279
7903 2282
7904 2283
7905 2283
7906 2283
7907 2283
7908 2285
7909 2285
7910 2285
7911 2285
7912 2285
7913 2860
7914 2285
7915 2285
7916 2285
7917 2285
7918 2286
7919 2286
7920 2286
7921 2286
7922 2286
7923 2286
7924 2286
7925 2287
7926 2514
7927 2288
7928 2288
7929 2946
7930 2288
7931 2288
7932 2292
7933 2292
7934 2292
7935 2292
7936 2292
7937 2292
7938 2292
7939 2292
7940 2292
7941 2873
7942 2292
7943 2292
7944 2292
7945 2292
7946 2292
7947 2292
7948 2292
7949 2292
7950 2292
7951 2664
7952 2292
7953 2292
7954 2292
7955 2292
7956 2292
7957 2292
7958 2292
7959 2292
7960 2292
7961 2292
7962 2292
7963 2490
7964 2292
7965 2292
7966 2292
7967 2292
7968 2292
7969 2292
7970 3011
7971 2292
7972 2562
7973 2292
7974 2292
7975 2292
7976 2292
7977 2292
7978 2588
7979 2292
7980 2292
7981 2292
7982 2292
7983 2292
7984 2629
7985 2292
7986 2367
7987 2292
7988 2483
7989 2292
7990 2292
7991 2293
7992 2293
7993 2293
7994 2450
7995 2293
7996 2294
7997 2295
7998 2295
7999 2296
8000 2296
8001 2296
8002 2296
8003 2726
8004 2296
8005 2296
8006 2833
8007 2296
8008 3021
8009 2531
8010 2296
8011 2296
8012 2999
8013 2299
8014 2634
8015 3206
8016 2567
8017 2304
8018 2304
8019 2304
8020 2304
8021 2304
8022 2304
8023 2304
8024 2304
8025 3181
8026 2304
8027 2304
8028 2304
8029 2998
8030 2304
8031 3238
8032 2304
8033 2304
8034 2304
8035 2304
8036 2304
8037 2304
8038 2304
8039 2304
8040 2304
8041 2304
8042 2304
8043 2304
8044 2304
8045 2304
8046 2304
8047 2304
8048 2304
8049 2304
8050 2920
8051 2304
8052 2304
8053 2608
8054 2875
8055 2313
8056 2314
8057 2316
8058 2316
8059 2319
8060 2321
8061 2322
8062 2324
8063 2325
8064 2325
8065 2325
8066 2326
8067 2326
8068 2326
8069 2326
8070 2326
8071 2326
8072 3172
8073 3276
8074 2326
8075 2328
8076 2328
8077 2331
8078 2332
8079 2332
8080 2332
8081 2559
8082 2334
8083 2338
8084 2338
8085 3205
8086 2338
8087 2338
8088 2339
8089 2339
8090 2340
8091 2340
8092 2340
8093 2528
8094 2341
8095 3262
8096 2341
8097 2342
8098 2342
8099 2342
8100 2342
8101 2342
8102 2342
8103 2343
8104 2343
8105 2343
8106 2343
8107 2343
8108 2343
8109 2579
8110 2345
8111 2352
8112 2352
8113 2356
8114 2356
8115 2356
8116 2863
8117 2357
8118 2357
8119 2359
8120 2365
8121 2365
8122 2366
8123 2366
8124 2366
8125 2366
8126 2366
8127 3116
8128 3003
8129 2366
8130 2366
8131 3252
8132 2366
8133 2366
8134 2366
8135 2366
8136 2366
8137 2366
8138 2366
8139 2366
8140 2366
8141 2366
8142 2366
8143 2366
8144 2720
8145 2371
8146 2371
8147 2371
8148 2371
8149 2460
8150 2373
8151 2373
8152 2373
8153 2373
8154 2373
8155 2373
8156 2686
8157 3237
8158 2373
8159 2373
8160 2373
8161 2373
8162 2373
8163 2376
8164 2376
8165 2376
8166 2376
8167 2376
8168 2377
8169 2378
8170 2379
8171 2379
8172 2381
8173 2382
8174 2383
8175 2444
8176 2383
8177 2387
8178 2488
8179 2388
8180 2391
8181 2392
8182 2392
8183 2392
8184 2392
8185 2392
8186 2392
8187 2392
8188 2392
8189 3119
8190 2394
8191 2395
8192 2397
8193 2398
8194 2398
8195 2398
8196 2398
8197 2398
8198 2398
8199 3041
8200 2399
8201 2702
8202 2400
8203 2400
8204 2400
8205 2400
8206 2400
8207 2718
8208 2401
8209 2708
8210 2404
8211 2404
8212 2405
8213 2406
8214 2409
8215 2409
8216 2409
8217 2409
8218 2410
8219 2415
8220 2416
8221 3128
8222 2416
8223 2416
8224 2416
8225 2417
8226 2417
8227 2417
8228 2419
8229 2419
8230 2427
8231 2419
8232 2419
8233 2419
8234 2419
8235 2419
8236 2420
8237 2424
8238 2425
8239 2425
8240 2425
8241 2425
8242 2425
8243 2425
8244 2426
8245 2426
8246 2426
8247 2426
8248 2426
8249 2426
8250 2426
8251 2426
8252 2426
8253 2426
8254 2426
8255 2426
8256 2511
8257 2426
8258 2426
8259 2966
8260 2427
8261 2427
8262 3038
8263 2429
8264 2433
8265 3094
8266 2433
8267 2433
8268 2433
8269 2440
8270 2437
8271 2437
8272 2440
8273 2440
8274 2440
8275 3047
8276 2443
8277 2443
8278 3209
8279 3089
8280 2448
8281 2448
8282 2448
8283 2448
8284 2448
8285 2449
8286 2449
8287 2449
8288 2772
8289 2449
8290 2763
8291 2449
8292 2450
8293 2451
8294 2457
8295 2463
8296 2465
8297 2465
8298 2468
8299 2468
8300 2469
8301 2469
8302 2469
8303 2471
8304 2472
8305 2473
8306 2473
8307 2482
8308 2482
8309 2483
8310 2485
8311 2485
8312 2485
8313 2485
8314 2963
8315 2485
8316 2485
8317 2485
8318 2485
8319 2485
8320 2485
8321 2485
8322 2485
8323 3025
8324 2495
8325 3120
8326 2497
8327 2855
8328 2498
8329 2498
8330 2500
8331 2502
8332 2502
8333 2502
8334 2502
8335 2502
8336 2502
8337 2502
8338 2502
8339 2502
8340 2503
8341 2503
8342 2704
8343 2506
8344 2506
8345 2506
8346 2506
8347 2506
8348 2506
8349 2506
8350 2506
8351 2600
8352 2506
8353 2506
8354 2506
8355 3084
8356 2509
8357 2509
8358 2509
8359 2511
8360 2513
8361 2515
8362 3223
8363 2516
8364 2516
8365 2517
8366 2519
8367 2521
8368 2521
8369 2521
8370 2521
8371 2521
8372 2521
8373 2521
8374 2521
8375 2521
8376 2521
8377 2521
8378 2614
8379 2522
8380 2523
8381 2523
8382 3137
8383 2523
8384 2523
8385 2523
8386 2523
8387 2523
8388 2523
8389 2523
8390 2523
8391 2523
8392 2523
8393 2524
8394 2524
8395 2524
8396 2524
8397 2524
8398 2524
8399 2977
8400 2527
8401 2527
8402 2527
8403 2528
8404 2528
8405 2529
8406 3113
8407 2529
8408 2529
8409 2529
8410 2529
8411 2529
8412 3176
8413 2529
8414 2529
8415 2529
8416 2529
8417 2529
8418 2529
8419 2529
8420 2529
8421 2967
8422 2529
8423 2529
8424 2529
8425 2529
8426 2529
8427 2529
8428 2529
8429 2529
8430 2529
8431 2529
8432 2529
8433 2950
8434 2529
8435 2529
8436 2529
8437 2529
8438 2529
8439 2529
8440 2530
8441 2530
8442 2534
8443 2534
8444 2534
8445 2535
8446 2535
8447 2535
8448 2535
8449 2535
8450 2535
8451 2535
8452 2535
8453 2535
8454 2535
8455 2535
8456 2535
8457 2934
8458 2535
8459 2535
8460 2535
8461 3092
8462 2535
8463 2535
8464 2535
8465 2535
8466 2535
8467 2535
8468 2535
8469 2535
8470 2535
8471 2535
8472 2535
8473 2535
8474 2535
8475 2535
8476 2535
8477 2535
8478 2535
8479 2535
8480 2535
8481 2535
8482 2535
8483 2535
8484 2535
8485 2535
8486 2535
8487 2535
8488 2535
8489 2535
8490 2535
8491 2535
8492 2535
8493 2535
8494 2535
8495 2535
8496 2535
8497 2535
8498 2535
8499 2535
8500 2535
8501 2535
8502 2535
8503 2824
8504 2535
8505 2535
8506 2535
8507 2535
8508 2535
8509 2535
8510 3269
8511 2535
8512 2535
8513 2535
8514 2535
8515 2781
8516 2535
8517 2535
8518 2535
8519 2535
8520 2535
8521 2535
8522 2535
8523 2535
8524 2535
8525 2535
8526 2535
8527 2535
8528 2535
8529 2535
8530 2613
8531 2538
8532 2538
8533 2538
8534 2538
8535 2540
8536 2541
8537 2541
8538 2541
8539 2541
8540 2541
8541 2541
8542 2799
8543 3292
8544 2541
8545 2541
8546 2543
8547 2555
8548 2543
8549 2543
8550 2543
8551 2543
8552 2547
8553 2547
8554 2547
8555 2547
8556 2547
8557 2547
8558 2547
8559 2798
8560 2547
8561 2547
8562 2941
8563 3028
8564 2550
8565 2550
8566 3170
8567 2550
8568 2550
8569 3228
8570 2553
8571 2553
8572 2553
8573 2556
8574 2556
8575 2652
8576 2560
8577 2901
8578 2700
8579 2563
8580 2563
8581 3197
8582 2567
8583 2567
8584 2569
8585 2569
8586 2569
8587 2571
8588 2572
8589 2919
8590 2945
8591 2577
8592 2577
8593 2578
8594 2580
8595 2581
8596 2584
8597 2584
8598 2586
8599 2586
8600 2586
8601 2586
8602 2589
8603 2589
8604 2589
8605 2621
8606 2589
8607 2589
8608 2589
8609 2589
8610 2589
8611 2589
8612 2592
8613 2593
8614 2594
8615 2594
8616 2596
8617 2597
8618 2600
8619 2600
8620 2600
8621 2600
8622 2600
8623 2600
8624 2600
8625 2600
8626 2600
8627 2602
8628 2607
8629 2611
8630 3144
8631 2613
8632 2613
8633 2613
8634 2618
8635 2619
8636 2621
8637 2621
8638 2624
8639 2624
8640 2624
8641 2624
8642 2624
8643 2624
8644 2624
8645 2624
8646 2624
8647 2625
8648 2625
8649 2626
8650 2626
8651 2628
8652 2628
8653 2628
8654 2628
8655 2628
8656 2629
8657 2629
8658 2629
8659 2629
8660 2629
8661 2629
8662 2629
8663 2629
8664 2629
8665 2631
8666 2631
8667 2634
8668 2634
8669 2994
8670 3091
8671 2878
8672 2847
8673 2639
8674 2640
8675 2640
8676 2641
8677 2645
8678 2645
8679 2645
8680 2645
8681 2650
8682 2650
8683 3034
8684 2652
8685 2652
8686 2652
8687 2652
8688 2652
8689 2652
8690 2652
8691 2652
8692 2652
8693 2652
8694 2652
8695 2652
8696 2652
8697 2652
8698 2652
8699 2652
8700 2653
8701 2654
8702 2654
8703 2654
8704 2654
8705 2654
8706 2654
8707 2654
8708 2654
8709 2654
8710 2654
8711 2654
8712 2654
8713 2654
8714 2958
8715 2656
8716 2657
8717 2906
8718 3002
8719 2659
8720 2661
8721 2661
8722 2662
8723 2670
8724 2670
8725 2670
8726 2671
8727 2673
8728 2675
8729 2676
8730 2681
8731 2681
8732 2681
8733 2682
8734 2682
8735 2682
8736 2682
8737 2682
8738 2682
8739 2682
8740 2682
8741 2682
8742 2682
8743 2846
8744 2682
8745 2682
8746 2683
8747 2683
8748 2837
8749 2687
8750 2689
8751 2740
8752 2690
8753 2691
8754 2692
8755 2693
8756 2693
8757 2693
8758 2693
8759 2693
8760 2695
8761 2695
8762 2695
8763 2695
8764 2697
8765 2697
8766 2849
8767 2697
8768 2697
8769 2700
8770 2701
8771 2701
8772 2702
8773 2706
8774 2707
8775 2707
8776 2707
8777 2707
8778 2707
8779 2711
8780 2712
8781 2714
8782 3043
8783 2716
8784 2717
8785 2718
8786 2718
8787 2718
8788 2718
8789 2718
8790 2718
8791 3271
8792 2726
8793 2727
8794 2727
8795 2727
8796 2727
8797 2727
8798 2727
8799 2727
8800 2727
8801 2727
8802 2727
8803 2727
8804 2727
8805 2727
8806 2727
8807 2727
8808 3173
8809 2841
8810 2727
8811 2727
8812 3210
8813 2727
8814 2727
8815 2727
8816 2727
8817 2727
8818 2727
8819 2727
8820 2727
8821 2727
8822 2727
8823 2727
8824 2727
8825 2727
8826 2727
8827 2727
8828 2727
8829 2727
8830 2727
8831 2727
8832 2727
8833 2727
8834 2727
8835 2727
8836 2727
8837 2727
8838 2727
8839 2727
8840 2727
8841 2727
8842 2727
8843 2727
8844 2727
8845 3158
8846 2727
8847 2727
8848 2727
8849 2978
8850 2727
8851 2727
8852 2727
8853 2727
8854 2727
8855 2727
8856 2949
8857 2727
8858 2727
8859 2727
8860 2727
8861 2727
8862 2727
8863 2727
8864 2727
8865 2727
8866 2727
8867 3253
8868 2727
8869 2727
8870 2727
8871 2727
8872 2727
8873 2727
8874 2727
8875 2727
8876 2727
8877 2727
8878 2727
8879 2727
8880 2727
8881 2727
8882 2727
8883 2727
8884 2727
8885 2727
8886 2727
8887 2728
8888 2729
8889 2729
8890 2732
8891 2735
8892 2735
8893 2737
8894 2737
8895 2738
8896 2739
8897 2740
8898 2952
8899 2740
8900 2740
8901 2740
8902 2741
8903 2744
8904 2744
8905 2744
8906 2744
8907 2744
8908 2749
8909 2749
8910 2757
8911 2761
8912 2761
8913 2761
8914 2814
8915 2763
8916 2763
8917 2765
8918 2765
8919 2765
8920 2765
8921 2765
8922 2768
8923 2768
8924 2768
8925 2774
8926 2776
8927 2776
8928 2777
8929 2778
8930 2778
8931 2778
8932 2778
8933 2778
8934 2778
8935 2938
8936 3160
8937 2779
8938 2779
8939 2779
8940 2779
8941 2779
8942 2780
8943 2780
8944 2780
8945 2780
8946 2780
8947 2922
8948 2780
8949 2848
8950 2781
8951 2781
8952 2781
8953 2781
8954 2781
8955 2781
8956 2781
8957 2781
8958 2781
8959 3015
8960 3059
8961 2781
8962 2781
8963 2781
8964 2781
8965 2781
8966 2781
8967 2781
8968 2781
8969 2781
8970 2781
8971 2781
8972 2781
8973 2781
8974 2781
8975 2781
8976 2781
8977 2781
8978 2781
8979 2781
8980 2781
8981 2781
8982 2781
8983 2781
8984 2781
8985 2781
8986 2781
8987 2781
8988 2781
8989 2781
8990 2781
8991 2781
8992 2781
8993 2781
8994 2781
8995 2781
8996 2781
8997 2781
8998 2781
8999 2781
9000 2781
9001 2781
9002 2980
9003 2781
9004 2781
9005 2781
9006 2781
9007 2781
9008 2793
9009 2781
9010 2781
9011 2781
9012 2781
9013 2781
9014 2781
9015 2781
9016 2781
9017 2781
9018 2781
9019 2781
9020 2781
9021 2781
9022 2781
9023 2782
9024 2783
9025 2786
9026 2787
9027 2787
9028 2787
9029 2787
9030 2788
9031 2788
9032 2788
9033 2788
9034 2788
9035 2788
9036 2788
9037 2788
9038 3050
9039 2788
9040 2788
9041 2788
9042 2788
9043 2788
9044 2788
9045 2788
9046 2788
9047 2788
9048 2788
9049 2793
9050 2793
9051 2795
9052 2795
9053 2796
9054 2799
9055 2801
9056 2801
9057 2802
9058 2804
9059 2804
9060 2806
9061 2807
9062 2807
9063 2814
9064 2814
9065 2815
9066 2816
9067 2817
9068 2817
9069 2817
9070 2817
9071 2817
9072 2817
9073 2817
9074 2817
9075 2817
9076 2817
9077 2822
9078 2930
9079 2824
9080 2824
9081 2824
9082 2827
9083 2827
9084 2832
9085 2832
9086 2834
9087 2837
9088 2837
9089 2837
9090 2837
9091 2837
9092 2837
9093 2837
9094 2837
9095 2837
9096 2837
9097 2837
9098 2837
9099 2837
9100 2837
9101 2837
9102 2837
9103 2837
9104 2838
9105 2838
9106 2839
9107 2839
9108 2839
9109 2839
9110 2839
9111 2839
9112 2839
9113 2839
9114 2839
9115 2840
9116 2841
9117 2843
9118 2843
9119 2843
9120 2843
9121 2843
9122 2843
9123 2843
9124 2843
9125 3254
9126 2843
9127 2844
9128 2844
9129 2912
9130 2850
9131 2852
9132 2853
9133 3149
9134 2853
9135 2853
9136 2975
9137 2853
9138 3148
9139 2853
9140 2856
9141 2859
9142 2859
9143 2859
9144 2859
9145 2860
9146 2860
9147 2860
9148 2860
9149 2863
9150 2863
9151 2863
9152 2863
9153 2867
9154 2869
9155 2869
9156 2870
9157 2870
9158 2870
9159 2873
9160 2875
9161 2875
9162 2875
9163 2875
9164 2875
9165 2875
9166 2875
9167 2875
9168 2875
9169 2875
9170 2875
9171 2875
9172 2875
9173 2875
9174 2875
9175 2876
9176 2878
9177 2879
9178 2879
9179 2881
9180 2882
9181 3272
9182 2882
9183 2882
9184 2887
9185 2887
9186 2888
9187 2888
9188 2888
9189 2888
9190 2894
9191 2895
9192 2895
9193 2895
9194 2897
9195 2897
9196 2979
9197 2897
9198 2902
9199 2902
9200 2902
9201 2902
9202 2902
9203 2902
9204 2903
9205 2903
9206 2903
9207 2904
9208 2905
9209 2905
9210 2905
9211 2997
9212 2909
9213 2910
9214 2910
9215 2910
9216 2910
9217 2910
9218 3290
9219 2911
9220 2911
9221 2913
9222 2912
9223 2912
9224 2912
9225 2912
9226 2913
9227 2919
9228 2919
9229 2920
9230 2921
9231 2921
9232 2921
9233 2923
9234 2925
9235 2928
9236 3109
9237 2930
9238 2932
9239 2932
9240 2932
9241 2932
9242 2932
9243 2932
9244 2932
9245 2932
9246 2932
9247 2932
9248 2932
9249 2932
9250 2932
9251 2932
9252 3093
9253 2933
9254 2934
9255 2934
9256 2934
9257 2934
9258 2934
9259 2934
9260 2934
9261 2934
9262 2976
9263 2934
9264 2934
9265 3289
9266 2934
9267 2934
9268 2934
9269 2934
9270 2934
9271 2934
9272 2935
9273 2937
9274 2937
9275 2937
9276 2939
9277 2939
9278 2942
9279 2943
9280 2943
9281 2943
9282 2945
9283 2945
9284 2949
9285 2950
9286 2950
9287 2950
9288 2951
9289 2951
9290 2951
9291 2952
9292 2955
9293 2958
9294 2958
9295 2958
9296 2959
9297 2959
9298 2959
9299 2959
9300 2959
9301 2959
9302 2959
9303 2959
9304 2962
9305 2963
9306 2963
9307 2963
9308 2963
9309 2963
9310 2965
9311 2965
9312 2965
9313 2965
9314 2965
9315 2965
9316 2965
9317 2965
9318 2965
9319 2965
9320 2965
9321 2965
9322 2965
9323 2965
9324 2965
9325 2967
9326 2968
9327 2969
9328 2969
9329 2973
9330 2973
9331 2973
9332 2973
9333 2973
9334 2973
9335 2973
9336 2973
9337 2973
9338 2973
9339 2973
9340 3111
9341 2975
9342 2975
9343 2975
9344 2977
9345 2980
9346 2981
9347 2985
9348 2985
9349 2985
9350 2985
9351 2985
9352 2985
9353 2985
9354 2985
9355 3242
9356 2985
9357 2985
9358 2985
9359 2985
9360 2985
9361 2985
9362 2985
9363 2985
9364 3077
9365 2985
9366 2985
9367 2985
9368 2985
9369 2985
9370 2985
9371 2985
9372 2985
9373 2985
9374 2985
9375 2985
9376 2985
9377 2985
9378 2985
9379 2985
9380 2985
9381 2985
9382 2985
9383 2985
9384 2985
9385 2985
9386 2985
9387 2985
9388 2985
9389 2985
9390 2985
9391 2985
9392 2985
9393 2985
9394 2985
9395 2985
9396 2985
9397 2985
9398 2985
9399 2985
9400 2985
9401 2985
9402 3139
9403 2985
9404 3294
9405 2985
9406 2985
9407 2985
9408 2985
9409 2985
9410 2985
9411 2985
9412 2987
9413 2988
9414 2988
9415 2988
9416 2988
9417 2988
9418 2990
9419 2990
9420 2991
9421 2992
9422 3112
9423 2993
9424 2993
9425 2993
9426 2993
9427 2995
9428 2995
9429 2995
9430 2995
9431 2997
9432 2997
9433 2997
9434 2997
9435 2997
9436 2997
9437 2997
9438 2997
9439 2997
9440 2997
9441 2997
9442 2998
9443 2998
9444 3000
9445 3000
9446 3000
9447 3000
9448 3000
9449 3002
9450 3002
9451 3002
9452 3003
9453 3003
9454 3189
9455 3009
9456 3009
9457 3010
9458 3010
9459 3010
9460 3014
9461 3015
9462 3016
9463 3016
9464 3016
9465 3016
9466 3018
9467 3018
9468 3018
9469 3018
9470 3018
9471 3018
9472 3018
9473 3018
9474 3018
9475 3018
9476 3018
9477 3018
9478 3018
9479 3020
9480 3020
9481 3020
9482 3020
9483 3020
9484 3024
9485 3026
9486 3026
9487 3026
9488 3026
9489 3026
9490 3026
9491 3028
9492 3029
9493 3029
9494 3029
9495 3029
9496 3033
9497 3033
9498 3033
9499 3033
9500 3033
9501 3033
9502 3033
9503 3034
9504 3034
9505 3035
9506 3036
9507 3036
9508 3037
9509 3037
9510 3037
9511 3038
9512 3038
9513 3038
9514 3038
9515 3038
9516 3038
9517 3273
9518 3042
9519 3042
9520 3088
9521 3042
9522 3043
9523 3044
9524 3045
9525 3045
9526 3046
9527 3046
9528 3047
9529 3048
9530 3049
9531 3052
9532 3055
9533 3057
9534 3151
9535 3057
9536 3057
9537 3059
9538 3059
9539 3061
9540 3062
9541 3062
9542 3063
9543 3063
9544 3068
9545 3072
9546 3072
9547 3074
9548 3076
9549 3076
9550 3078
9551 3079
9552 3080
9553 3080
9554 3081
9555 3286
9556 3082
9557 3082
9558 3082
9559 3082
9560 3082
9561 3082
9562 3082
9563 3083
9564 3084
9565 3084
9566 3084
9567 3085
9568 3090
9569 3093
9570 3093
9571 3093
9572 3093
9573 3093
9574 3093
9575 3093
9576 3093
9577 3093
9578 3093
9579 3093
9580 3093
9581 3093
9582 3093
9583 3093
9584 3095
9585 3095
9586 3096
9587 3096
9588 3097
9589 3098
9590 3098
9591 3098
9592 3098
9593 3100
9594 3100
9595 3214
9596 3106
9597 3107
9598 3107
9599 3107
9600 3107
9601 3107
9602 3107
9603 3107
9604 3107
9605 3107
9606 3107
9607 3107
9608 3107
9609 3107
9610 3107
9611 3107
9612 3107
9613 3107
9614 3107
9615 3107
9616 3107
9617 3107
9618 3107
9619 3107
9620 3107
9621 3107
9622 3107
9623 3107
9624 3107
9625 3107
9626 3108
9627 3108
9628 3108
9629 3108
9630 3108
9631 3108
9632 3108
9633 3108
9634 3108
9635 3108
9636 3108
9637 3108
9638 3108
9639 3108
9640 3109
9641 3204
9642 3110
9643 3110
9644 3110
9645 3110
9646 3113
9647 3113
9648 3113
9649 3114
9650 3115
9651 3116
9652 3163
9653 3117
9654 3122
9655 3122
9656 3122
9657 3122
9658 3123
9659 3124
9660 3124
9661 3124
9662 3127
9663 3130
9664 3132
9665 3132
9666 3135
9667 3135
9668 3135
9669 3136
9670 3136
9671 3136
9672 3137
9673 3138
9674 3138
9675 3139
9676 3139
9677 3139
9678 3141
9679 3143
9680 3143
9681 3143
9682 3144
9683 3144
9684 3146
9685 3147
9686 3147
9687 3147
9688 3147
9689 3147
9690 3147
9691 3147
9692 3149
9693 3150
9694 3151
9695 3151
9696 3151
9697 3151
9698 3151
9699 3151
9700 3152
9701 3153
9702 3155
9703 3155
9704 3155
9705 3155
9706 3155
9707 3157
9708 3157
9709 3220
9710 3158
9711 3158
9712 3287
9713 3158
9714 3158
9715 3158
9716 3158
9717 3158
9718 3158
9719 3160
9720 3160
9721 3161
9722 3161
9723 3164
9724 3166
9725 3166
9726 3166
9727 3168
9728 3168
9729 3171
9730 3171
9731 3171
9732 3171
9733 3171
9734 3171
9735 3172
9736 3173
9737 3173
9738 3174
9739 3176
9740 3176
9741 3176
9742 3176
9743 3176
9744 3176
9745 3176
9746 3177
9747 3181
9748 3181
9749 3181
9750 3181
9751 3181
9752 3181
9753 3181
9754 3181
9755 3181
9756 3182
9757 3182
9758 3182
9759 3182
9760 3190
9761 3190
9762 3194
9763 3194
9764 3194
9765 3194
9766 3196
9767 3198
9768 3199
9769 3201
9770 3201
9771 3201
9772 3201
9773 3201
9774 3201
9775 3201
9776 3201
9777 3201
9778 3201
9779 3201
9780 3201
9781 3201
9782 3201
9783 3201
9784 3201
9785 3201
9786 3201
9787 3202
9788 3203
9789 3203
9790 3204
9791 3206
9792 3206
9793 3206
9794 3206
9795 3206
9796 3207
9797 3207
9798 3207
9799 3207
9800 3209
9801 3211
9802 3212
9803 3219
9804 3219
9805 3219
9806 3219
9807 3219
9808 3219
9809 3221
9810 3222
9811 3222
9812 3222
9813 3222
9814 3222
9815 3222
9816 3223
9817 3225
9818 3228
9819 3230
9820 3232
9821 3233
9822 3233
9823 3233
9824 3233
9825 3235
9826 3238
9827 3238
9828 3238
9829 3238
9830 3238
9831 3238
9832 3238
9833 3238
9834 3238
9835 3238
9836 3239
9837 3239
9838 3239
9839 3240
9840 3240
9841 3242
9842 3244
9843 3245
9844 3246
9845 3246
9846 3246
9847 3246
9848 3246
9849 3246
9850 3246
9851 3247
9852 3248
9853 3249
9854 3249
9855 3249
9856 3256
9857 3249
9858 3249
9859 3249
9860 3249
9861 3249
9862 3249
9863 3252
9864 3254
9865 3257
9866 3257
9867 3257
9868 3264
9869 3257
9870 3258
9871 3258
9872 3259
9873 3259
9874 3261
9875 3264
9876 3266
9877 3266
9878 3267
9879 3267
9880 3268
9881 3268
9882 3268
9883 3268
9884 3268
9885 3268
9886 3268
9887 3272
9888 3272
9889 3272
9890 3272
9891 3272
9892 3272
9893 3272
9894 3272
9895 3272
9896 3272
9897 3272
9898 3272
9899 3272
9900 3272
9901 3272
9902 3272
9903 3272
9904 3272
9905 3272
9906 3272
9907 3272
9908 3272
9909 3272
9910 3272
9911 3272
9912 3272
9913 3272
9914 3272
9915 3272
9916 3272
9917 3272
9918 3272
9919 3272
9920 3272
9921 3272
9922 3272
9923 3272
9924 3273
9925 3273
9926 3273
9927 3274
9928 3275
9929 3275
9930 3275
9931 3275
9932 3275
9933 3275
9934 3275
9935 3275
9936 3275
9937 3275
9938 3275
9939 3275
9940 3275
9941 3275
9942 3275
9943 3275
9944 3275
9945 3275
9946 3275
9947 3275
9948 3275
9949 3275
9950 3275
9951 3275
9952 3275
9953 3275
9954 3275
9955 3275
9956 3275
9957 3275
9958 3275
9959 3275
9960 3275
9961 3275
9962 3275
9963 3275
9964 3275
9965 3275
9966 3275
9967 3275
9968 3275
9969 3275
9970 3275
9971 3275
9972 3275
9973 3277
9974 3283
9975 3283
9976 3283
9977 3283
9978 3283
9979 3283
9980 3283
9981 3283
9982 3283
9983 3283
9984 3283
9985 3284
9986 3284
9987 3284
9988 3285
9989 3286
9990 3286
9991 3286
9992 3286
9993 3286
9994 3288
9995 3289
9996 3290
9997 3293
9998 3293
9999 3293
