10000 9999
1 0
2 0
3 1
4 0
5 2
6 1
7 0
8 7
9 3
10 6
11 7
12 5
13 12
14 12
15 12
16 14
17 8
18 16
19 10
20 19
21 19
22 17
23 10
24 19
25 19
26 19
27 19
28 19
29 14
30 26
31 9
32 18
33 13
34 31
35 33
36 27
37 15
38 36
39 12
40 15
41 19
42 19
43 23
44 19
45 43
46 35
47 15
48 34
49 26
50 36
51 12
52 32
53 29
54 21
55 19
56 31
57 12
58 19
59 29
60 50
61 48
62 32
63 39
64 60
65 42
66 35
67 49
68 27
69 51
70 12
71 11
72 14
73 38
74 72
75 68
76 75
77 60
78 32
79 56
80 18
81 58
82 30
83 60
84 17
85 71
86 73
87 71
88 47
89 24
90 79
91 58
92 71
93 72
94 84
95 73
96 6
97 83
98 93
99 98
100 32
101 45
102 36
103 56
104 57
105 19
106 49
107 52
108 61
109 87
110 59
111 50
112 100
113 101
114 82
115 29
116 113
117 19
118 84
119 110
120 98
121 67
122 102
123 89
124 69
125 71
126 22
127 125
128 108
129 111
130 20
131 36
132 99
133 73
134 82
135 133
136 76
137 62
138 71
139 71
140 128
141 50
142 77
143 24
144 20
145 100
146 141
147 130
148 137
149 19
150 98
151 143
152 32
153 125
154 100
155 55
156 130
157 139
158 115
159 86
160 53
161 127
162 71
163 81
164 76
165 17
166 126
167 135
168 97
169 119
170 168
171 130
172 92
173 50
174 137
175 4
176 161
177 141
178 146
179 108
180 94
181 130
182 89
183 122
184 25
185 65
186 167
187 164
188 58
189 177
190 170
191 107
192 188
193 120
194 133
195 76
196 168
197 117
198 100
199 141
200 134
201 108
202 35
203 176
204 73
205 136
206 135
207 169
208 40
209 186
210 96
211 160
212 83
213 111
214 211
215 102
216 199
217 209
218 90
219 90
220 194
221 220
222 168
223 163
224 168
225 168
226 130
227 125
228 201
229 83
230 214
231 18
232 141
233 125
234 222
235 108
236 204
237 196
238 132
239 224
240 208
241 202
242 211
243 212
244 36
245 243
246 218
247 218
248 86
249 184
250 141
251 208
252 169
253 141
254 216
255 201
256 235
257 244
258 159
259 130
260 208
261 156
262 24
263 64
264 246
265 207
266 133
267 260
268 60
269 83
270 187
271 231
272 108
273 44
274 218
275 222
276 19
277 235
278 205
279 255
280 38
281 210
282 127
283 228
284 213
285 181
286 231
287 232
288 241
289 112
290 231
291 224
292 266
293 251
294 249
295 223
296 185
297 177
298 238
299 203
300 299
301 194
302 240
303 149
304 218
305 270
306 296
307 154
308 41
309 49
310 290
311 62
312 253
313 234
314 237
315 222
316 233
317 86
318 189
319 141
320 231
321 214
322 249
323 313
324 171
325 286
326 82
327 125
328 98
329 182
330 297
331 321
332 139
333 27
334 135
335 141
336 215
337 141
338 29
339 21
340 283
341 323
342 300
343 169
344 88
345 308
346 292
347 321
348 270
349 277
350 268
351 177
352 194
353 242
354 31
355 235
356 158
357 74
358 31
359 178
360 12
361 261
362 82
363 265
364 282
365 348
366 338
367 127
368 260
369 270
370 322
371 211
372 163
373 208
374 228
375 320
376 174
377 373
378 337
379 91
380 175
381 248
382 355
383 136
384 103
385 26
386 367
387 190
388 73
389 85
390 304
391 285
392 264
393 19
394 142
395 36
396 299
397 100
398 334
399 275
400 205
401 178
402 357
403 364
404 369
405 364
406 307
407 329
408 205
409 315
410 50
411 190
412 68
413 19
414 30
415 36
416 147
417 241
418 97
419 198
420 165
421 408
422 95
423 285
424 380
425 392
426 50
427 415
428 409
429 343
430 178
431 218
432 116
433 75
434 172
435 280
436 293
437 133
438 376
439 354
440 243
441 238
442 270
443 289
444 364
445 100
446 389
447 285
448 141
449 178
450 166
451 298
452 428
453 415
454 262
455 355
456 387
457 212
458 178
459 420
460 430
461 290
462 449
463 356
464 394
465 418
466 100
467 136
468 409
469 198
470 312
471 415
472 71
473 378
474 270
475 205
476 307
477 229
478 241
479 201
480 50
481 472
482 27
483 398
484 376
485 37
486 245
487 287
488 316
489 477
490 182
491 194
492 446
493 384
494 446
495 209
496 458
497 133
498 379
499 270
500 270
501 415
502 355
503 439
504 335
505 367
506 337
507 473
508 270
509 447
510 433
511 17
512 290
513 316
514 385
515 323
516 496
517 207
518 290
519 472
520 270
521 474
522 447
523 82
524 508
525 475
526 415
527 70
528 54
529 227
530 513
531 353
532 149
533 225
534 186
535 526
536 309
537 439
538 516
539 296
540 380
541 285
542 325
543 501
544 376
545 346
546 497
547 367
548 386
549 492
550 19
551 337
552 483
553 321
554 307
555 285
556 539
557 60
558 270
559 345
560 311
561 527
562 511
563 467
564 193
565 383
566 307
567 402
568 141
569 541
570 183
571 486
572 224
573 539
574 518
575 143
576 135
577 193
578 276
579 387
580 456
581 562
582 462
583 539
584 164
585 500
586 243
587 576
588 125
589 566
590 300
591 560
592 388
593 151
594 193
595 555
596 509
597 549
598 290
599 528
600 487
601 535
602 495
603 461
604 162
605 558
606 440
607 249
608 324
609 458
610 393
611 335
612 211
613 123
614 574
615 592
616 250
617 376
618 522
619 576
620 381
621 366
622 525
623 483
624 270
625 400
626 526
627 380
628 233
629 270
630 231
631 544
632 191
633 59
634 499
635 627
636 436
637 462
638 124
639 574
640 504
641 118
642 437
643 396
644 78
645 583
646 492
647 624
648 406
649 516
650 541
651 256
652 355
653 80
654 510
655 83
656 639
657 515
658 601
659 251
660 368
661 556
662 516
663 457
664 165
665 580
666 396
667 269
668 38
669 101
670 496
671 360
672 537
673 557
674 144
675 543
676 284
677 448
678 668
679 382
680 589
681 412
682 66
683 511
684 410
685 662
686 576
687 270
688 301
689 682
690 225
691 444
692 604
693 613
694 461
695 184
696 570
697 181
698 461
699 373
700 418
701 601
702 250
703 523
704 569
705 160
706 637
707 376
708 415
709 669
710 89
711 407
712 546
713 233
714 441
715 533
716 700
717 601
718 544
719 575
720 622
721 543
722 532
723 659
724 335
725 720
726 568
727 620
728 567
729 583
730 514
731 484
732 303
733 501
734 350
735 495
736 650
737 243
738 576
739 196
740 731
741 476
742 568
743 641
744 712
745 692
746 194
747 716
748 581
749 644
750 583
751 221
752 19
753 481
754 526
755 270
756 414
757 491
758 650
759 578
760 719
761 712
762 272
763 365
764 130
765 643
766 71
767 355
768 649
769 608
770 628
771 19
772 418
773 638
774 254
775 622
776 526
777 283
778 421
779 467
780 593
781 543
782 740
783 364
784 571
785 618
786 543
787 562
788 544
789 270
790 529
791 29
792 418
793 154
794 576
795 330
796 427
797 176
798 655
799 546
800 543
801 772
802 280
803 650
804 691
805 148
806 668
807 306
808 677
809 270
810 543
811 726
812 324
813 501
814 680
815 614
816 678
817 544
818 383
819 526
820 218
821 621
822 154
823 811
824 173
825 598
826 714
827 785
828 776
829 769
830 342
831 50
832 247
833 629
834 679
835 570
836 617
837 829
838 707
839 337
840 50
841 762
842 776
843 543
844 236
845 574
846 32
847 751
848 541
849 550
850 502
851 129
852 182
853 649
854 355
855 371
856 781
857 479
858 852
859 772
860 779
861 455
862 133
863 496
864 806
865 855
866 614
867 172
868 100
869 361
870 725
871 50
872 730
873 83
874 684
875 449
876 726
877 584
878 712
879 296
880 874
881 367
882 249
883 806
884 847
885 701
886 281
887 303
888 285
889 778
890 230
891 304
892 647
893 816
894 590
895 649
896 362
897 852
898 231
899 386
900 728
901 820
902 655
903 746
904 543
905 403
906 861
907 389
908 415
909 893
910 893
911 827
912 839
913 270
914 646
915 342
916 820
917 849
918 788
919 620
920 526
921 465
922 211
923 746
924 741
925 767
926 19
927 196
928 417
929 928
930 928
931 526
932 50
933 576
934 692
935 856
936 499
937 117
938 681
939 182
940 576
941 579
942 758
943 415
944 618
945 386
946 913
947 168
948 944
949 771
950 492
951 867
952 725
953 929
954 538
955 830
956 664
957 193
958 798
959 928
960 605
961 956
962 583
963 755
964 364
965 675
966 380
967 835
968 638
969 523
970 779
971 713
972 902
973 622
974 840
975 523
976 765
977 522
978 806
979 729
980 928
981 715
982 746
983 606
984 306
985 721
986 634
987 900
988 252
989 455
990 925
991 905
992 539
993 647
994 239
995 671
996 468
997 172
998 773
999 409
1000 282
1001 771
1002 818
1003 239
1004 392
1005 748
1006 367
1007 328
1008 928
1009 928
1010 451
1011 478
1012 820
1013 224
1014 928
1015 834
1016 902
1017 772
1018 847
1019 608
1020 581
1021 325
1022 581
1023 751
1024 905
1025 295
1026 520
1027 928
1028 447
1029 706
1030 928
1031 944
1032 306
1033 494
1034 351
1035 726
1036 496
1037 576
1038 1006
1039 29
1040 968
1041 373
1042 975
1043 820
1044 373
1045 934
1046 700
1047 678
1048 447
1049 779
1050 314
1051 355
1052 993
1053 1014
1054 869
1055 543
1056 396
1057 666
1058 506
1059 463
1060 562
1061 973
1062 856
1063 249
1064 856
1065 1058
1066 1050
1067 794
1068 779
1069 763
1070 1028
1071 513
1072 1063
1073 928
1074 500
1075 847
1076 574
1077 782
1078 418
1079 869
1080 928
1081 656
1082 1020
1083 847
1084 319
1085 962
1086 928
1087 1050
1088 818
1089 720
1090 576
1091 1058
1092 928
1093 323
1094 928
1095 626
1096 778
1097 509
1098 976
1099 1096
1100 1098
1101 994
1102 932
1103 124
1104 891
1105 285
1106 495
1107 928
1108 778
1109 181
1110 417
1111 902
1112 823
1113 656
1114 1058
1115 776
1116 1048
1117 706
1118 834
1119 496
1120 450
1121 944
1122 946
1123 674
1124 211
1125 936
1126 32
1127 763
1128 506
1129 869
1130 1075
1131 1062
1132 290
1133 418
1134 100
1135 902
1136 571
1137 1133
1138 933
1139 967
1140 727
1141 1037
1142 386
1143 623
1144 486
1145 454
1146 461
1147 928
1148 1103
1149 576
1150 573
1151 909
1152 763
1153 461
1154 526
1155 808
1156 413
1157 236
1158 563
1159 873
1160 28
1161 1071
1162 1143
1163 640
1164 936
1165 543
1166 817
1167 364
1168 859
1169 928
1170 1041
1171 374
1172 1067
1173 288
1174 675
1175 650
1176 560
1177 977
1178 1108
1179 1175
1180 1011
1181 505
1182 737
1183 1046
1184 82
1185 928
1186 804
1187 641
1188 218
1189 928
1190 1171
1191 211
1192 983
1193 675
1194 849
1195 837
1196 1190
1197 1023
1198 1151
1199 869
1200 1102
1201 809
1202 1071
1203 694
1204 806
1205 15
1206 928
1207 778
1208 823
1209 393
1210 1056
1211 803
1212 207
1213 483
1214 389
1215 937
1216 1207
1217 480
1218 857
1219 986
1220 650
1221 1011
1222 928
1223 928
1224 650
1225 869
1226 1203
1227 1012
1228 517
1229 726
1230 218
1231 461
1232 364
1233 674
1234 779
1235 1149
1236 1207
1237 928
1238 1168
1239 813
1240 1177
1241 698
1242 1240
1243 1133
1244 709
1245 193
1246 1096
1247 702
1248 108
1249 393
1250 836
1251 610
1252 574
1253 1207
1254 985
1255 617
1256 681
1257 869
1258 796
1259 806
1260 386
1261 1047
1262 943
1263 660
1264 1159
1265 641
1266 1116
1267 1254
1268 630
1269 991
1270 712
1271 364
1272 761
1273 544
1274 1108
1275 928
1276 975
1277 778
1278 699
1279 860
1280 778
1281 869
1282 858
1283 471
1284 1144
1285 916
1286 1159
1287 1277
1288 432
1289 617
1290 1127
1291 1289
1292 620
1293 980
1294 1170
1295 431
1296 1148
1297 1070
1298 195
1299 1071
1300 908
1301 620
1302 1294
1303 290
1304 1202
1305 418
1306 1274
1307 1142
1308 658
1309 763
1310 1122
1311 744
1312 426
1313 105
1314 564
1315 1080
1316 642
1317 686
1318 1055
1319 1167
1320 928
1321 891
1322 1301
1323 1110
1324 576
1325 1017
1326 620
1327 1187
1328 1237
1329 1297
1330 649
1331 869
1332 1328
1333 373
1334 834
1335 605
1336 1031
1337 1099
1338 587
1339 1069
1340 1073
1341 928
1342 1053
1343 518
1344 1278
1345 1243
1346 988
1347 1131
1348 655
1349 863
1350 1008
1351 928
1352 998
1353 224
1354 871
1355 726
1356 346
1357 1296
1358 688
1359 1207
1360 1280
1361 785
1362 434
1363 437
1364 676
1365 1207
1366 674
1367 928
1368 1123
1369 1174
1370 63
1371 500
1372 1262
1373 928
1374 1127
1375 773
1376 809
1377 929
1378 928
1379 1162
1380 650
1381 1287
1382 307
1383 1306
1384 770
1385 1325
1386 1308
1387 544
1388 1383
1389 902
1390 807
1391 936
1392 658
1393 695
1394 1128
1395 1107
1396 651
1397 734
1398 1203
1399 986
1400 404
1401 1203
1402 1368
1403 1357
1404 83
1405 1377
1406 778
1407 1068
1408 834
1409 788
1410 1063
1411 928
1412 1373
1413 569
1414 496
1415 533
1416 1400
1417 994
1418 735
1419 1138
1420 1180
1421 928
1422 410
1423 872
1424 909
1425 1393
1426 851
1427 1080
1428 1203
1429 988
1430 1259
1431 963
1432 1336
1433 1063
1434 1299
1435 981
1436 779
1437 1069
1438 1015
1439 904
1440 1005
1441 423
1442 975
1443 779
1444 530
1445 1301
1446 928
1447 834
1448 1002
1449 1068
1450 1301
1451 1177
1452 82
1453 243
1454 1425
1455 980
1456 1379
1457 1100
1458 759
1459 1075
1460 1217
1461 613
1462 1316
1463 1354
1464 1355
1465 921
1466 820
1467 847
1468 1460
1469 1207
1470 1311
1471 638
1472 343
1473 1295
1474 582
1475 1433
1476 852
1477 1325
1478 781
1479 279
1480 1186
1481 1377
1482 975
1483 1315
1484 495
1485 1254
1486 1430
1487 1319
1488 776
1489 1009
1490 1203
1491 886
1492 278
1493 729
1494 1235
1495 1491
1496 305
1497 928
1498 823
1499 979
1500 303
1501 1207
1502 591
1503 1328
1504 1411
1505 1485
1506 869
1507 270
1508 1301
1509 1168
1510 1402
1511 1466
1512 464
1513 1203
1514 1096
1515 1337
1516 1325
1517 1207
1518 1308
1519 1311
1520 1034
1521 1453
1522 1231
1523 136
1524 1373
1525 1360
1526 1113
1527 444
1528 1117
1529 506
1530 569
1531 1006
1532 1301
1533 928
1534 616
1535 1186
1536 1303
1537 1411
1538 270
1539 1422
1540 1001
1541 524
1542 847
1543 290
1544 1014
1545 902
1546 544
1547 1379
1548 1328
1549 764
1550 1223
1551 1240
1552 1471
1553 609
1554 650
1555 928
1556 1487
1557 382
1558 1288
1559 437
1560 290
1561 710
1562 1464
1563 1236
1564 626
1565 553
1566 1358
1567 1255
1568 1544
1569 279
1570 1345
1571 763
1572 1186
1573 192
1574 1175
1575 1557
1576 467
1577 1255
1578 820
1579 1223
1580 811
1581 1186
1582 1499
1583 1539
1584 1545
1585 1156
1586 349
1587 475
1588 1325
1589 1311
1590 896
1591 1548
1592 1461
1593 1522
1594 1377
1595 1557
1596 1404
1597 1557
1598 1557
1599 975
1600 1132
1601 1547
1602 1557
1603 866
1604 1133
1605 1324
1606 1516
1607 1453
1608 1502
1609 1011
1610 1516
1611 1429
1612 843
1613 990
1614 993
1615 1094
1616 583
1617 355
1618 869
1619 473
1620 283
1621 1568
1622 879
1623 570
1624 659
1625 1420
1626 928
1627 1228
1628 1461
1629 1532
1630 1511
1631 499
1632 1137
1633 633
1634 1240
1635 928
1636 1471
1637 136
1638 1203
1639 1557
1640 1437
1641 1523
1642 797
1643 1461
1644 1451
1645 650
1646 469
1647 565
1648 1185
1649 1557
1650 441
1651 1247
1652 1623
1653 1246
1654 1195
1655 1400
1656 1516
1657 1516
1658 1066
1659 1445
1660 1417
1661 814
1662 928
1663 987
1664 1619
1665 215
1666 1459
1667 509
1668 1461
1669 1407
1670 1557
1671 546
1672 1186
1673 1297
1674 953
1675 1431
1676 847
1677 989
1678 109
1679 869
1680 1675
1681 1592
1682 453
1683 1007
1684 1420
1685 1000
1686 1430
1687 583
1688 1311
1689 1235
1690 1301
1691 900
1692 1301
1693 1373
1694 1487
1695 1542
1696 1325
1697 944
1698 726
1699 1557
1700 587
1701 1429
1702 1066
1703 1520
1704 597
1705 1641
1706 363
1707 1699
1708 1613
1709 271
1710 1195
1711 1295
1712 768
1713 1579
1714 1682
1715 365
1716 1124
1717 1128
1718 186
1719 1529
1720 1461
1721 869
1722 1333
1723 992
1724 475
1725 1460
1726 1170
1727 1626
1728 1298
1729 1263
1730 1325
1731 778
1732 1523
1733 927
1734 1413
1735 1721
1736 367
1737 1422
1738 1247
1739 1131
1740 928
1741 1674
1742 1039
1743 1523
1744 1421
1745 1607
1746 1741
1747 1643
1748 1461
1749 622
1750 1516
1751 1684
1752 1512
1753 928
1754 1575
1755 975
1756 1619
1757 1422
1758 631
1759 1694
1760 1375
1761 1100
1762 964
1763 911
1764 1557
1765 1731
1766 1747
1767 914
1768 1175
1769 869
1770 1461
1771 1511
1772 1402
1773 1222
1774 657
1775 1461
1776 1516
1777 1623
1778 662
1779 1754
1780 928
1781 972
1782 209
1783 1408
1784 1600
1785 801
1786 1458
1787 533
1788 425
1789 1325
1790 1511
1791 1583
1792 1769
1793 1360
1794 1507
1795 1461
1796 1597
1797 1557
1798 541
1799 1485
1800 1537
1801 111
1802 1498
1803 1247
1804 1557
1805 1655
1806 882
1807 1581
1808 125
1809 771
1810 1530
1811 1804
1812 862
1813 824
1814 1306
1815 1763
1816 1208
1817 1437
1818 1675
1819 714
1820 1714
1821 1476
1822 647
1823 1207
1824 1545
1825 1399
1826 270
1827 1619
1828 712
1829 1604
1830 1678
1831 1542
1832 1123
1833 1461
1834 1557
1835 982
1836 1600
1837 1317
1838 1225
1839 1195
1840 347
1841 1287
1842 1360
1843 1073
1844 1179
1845 1428
1846 1515
1847 1271
1848 986
1849 1817
1850 1769
1851 1607
1852 928
1853 1105
1854 1014
1855 1775
1856 1207
1857 928
1858 1195
1859 433
1860 1619
1861 1557
1862 1568
1863 752
1864 1516
1865 1184
1866 966
1867 1864
1868 813
1869 1131
1870 1207
1871 1755
1872 1500
1873 1793
1874 838
1875 875
1876 1540
1877 542
1878 1305
1879 124
1880 869
1881 1827
1882 876
1883 1812
1884 1487
1885 1096
1886 1499
1887 1133
1888 811
1889 1061
1890 1801
1891 1820
1892 1545
1893 1780
1894 1461
1895 1328
1896 1607
1897 1184
1898 763
1899 1500
1900 779
1901 370
1902 902
1903 1221
1904 1443
1905 936
1906 745
1907 1644
1908 1517
1909 1110
1910 1461
1911 653
1912 1238
1913 778
1914 1035
1915 1745
1916 1557
1917 401
1918 543
1919 1898
1920 840
1921 1041
1922 1180
1923 1818
1924 1177
1925 1495
1926 1533
1927 928
1928 905
1929 1557
1930 949
1931 1922
1932 1624
1933 909
1934 1781
1935 1755
1936 1128
1937 1068
1938 1935
1939 928
1940 459
1941 1557
1942 1872
1943 1817
1944 1326
1945 1545
1946 328
1947 1907
1948 1297
1949 1363
1950 1442
1951 1294
1952 541
1953 1923
1954 484
1955 1502
1956 1798
1957 1252
1958 1258
1959 1591
1960 1952
1961 418
1962 282
1963 1700
1964 1025
1965 1870
1966 1384
1967 753
1968 1573
1969 1461
1970 811
1971 1493
1972 1305
1973 1769
1974 1573
1975 779
1976 1755
1977 1557
1978 114
1979 1732
1980 428
1981 1604
1982 1311
1983 1461
1984 1086
1985 1755
1986 1326
1987 1174
1988 534
1989 1588
1990 591
1991 1601
1992 571
1993 1666
1994 1920
1995 1071
1996 1175
1997 1473
1998 654
1999 1974
2000 750
2001 1523
2002 1589
2003 1867
2004 680
2005 1195
2006 1549
2007 434
2008 1333
2009 668
2010 1264
2011 374
2012 219
2013 226
2014 1942
2015 1855
2016 1720
2017 1990
2018 181
2019 1488
2020 950
2021 903
2022 1557
2023 562
2024 1337
2025 1568
2026 576
2027 645
2028 820
2029 981
2030 928
2031 1764
2032 130
2033 482
2034 798
2035 238
2036 1192
2037 820
2038 1374
2039 1460
2040 1933
2041 668
2042 1770
2043 2022
2044 1675
2045 1185
2046 1919
2047 1130
2048 1883
2049 681
2050 1694
2051 1977
2052 1647
2053 1402
2054 1603
2055 336
2056 225
2057 999
2058 496
2059 1201
2060 1557
2061 1496
2062 1503
2063 1812
2064 2002
2065 852
2066 1416
2067 1325
2068 302
2069 2051
2070 1908
2071 883
2072 1382
2073 1239
2074 712
2075 957
2076 1215
2077 1325
2078 1249
2079 1545
2080 1562
2081 1694
2082 779
2083 1814
2084 1214
2085 1607
2086 1373
2087 2036
2088 1487
2089 1589
2090 614
2091 1068
2092 1133
2093 1536
2094 1471
2095 1975
2096 1063
2097 1568
2098 1034
2099 1708
2100 2059
2101 2070
2102 1780
2103 791
2104 1769
2105 832
2106 1411
2107 1920
2108 1565
2109 1540
2110 1609
2111 902
2112 1075
2113 2088
2114 1069
2115 928
2116 1950
2117 597
2118 1700
2119 513
2120 1654
2121 1487
2122 890
2123 1769
2124 1827
2125 83
2126 1487
2127 1911
2128 1620
2129 1074
2130 222
2131 1996
2132 1006
2133 2037
2134 708
2135 205
2136 1003
2137 1378
2138 1879
2139 1040
2140 1554
2141 270
2142 1942
2143 1565
2144 1881
2145 1672
2146 540
2147 1955
2148 928
2149 1923
2150 2112
2151 1258
2152 1382
2153 1177
2154 2016
2155 1619
2156 1542
2157 1207
2158 1753
2159 1207
2160 1745
2161 2150
2162 1501
2163 1222
2164 1942
2165 1625
2166 1485
2167 1557
2168 1694
2169 1718
2170 1542
2171 994
2172 1289
2173 761
2174 1769
2175 1186
2176 1581
2177 942
2178 831
2179 1801
2180 1920
2181 1769
2182 109
2183 779
2184 1426
2185 2164
2186 2049
2187 1343
2188 1430
2189 1602
2190 1557
2191 1942
2192 1463
2193 2087
2194 380
2195 526
2196 1968
2197 1558
2198 1169
2199 1827
2200 101
2201 1855
2202 1472
2203 1598
2204 2194
2205 898
2206 1202
2207 483
2208 947
2209 1827
2210 1477
2211 1068
2212 1595
2213 1133
2214 1026
2215 1626
2216 992
2217 2096
2218 1883
2219 1755
2220 847
2221 1570
2222 1398
2223 1422
2224 778
2225 1943
2226 1640
2227 1416
2228 466
2229 1522
2230 2182
2231 2205
2232 772
2233 2083
2234 1584
2235 423
2236 928
2237 754
2238 1805
2239 1320
2240 928
2241 1240
2242 1264
2243 1923
2244 1784
2245 1564
2246 1373
2247 1422
2248 1485
2249 1969
2250 1377
2251 397
2252 1565
2253 2213
2254 2240
2255 1432
2256 641
2257 1623
2258 1156
2259 1359
2260 2022
2261 1558
2262 1975
2263 1265
2264 1000
2265 1780
2266 380
2267 1325
2268 1402
2269 1420
2270 779
2271 1240
2272 1487
2273 1817
2274 198
2275 1780
2276 1505
2277 1836
2278 1338
2279 958
2280 136
2281 521
2282 1808
2283 1129
2284 1545
2285 1861
2286 1400
2287 1920
2288 1619
2289 2173
2290 1650
2291 2254
2292 1796
2293 1396
2294 2112
2295 2237
2296 1942
2297 1490
2298 1164
2299 1506
2300 1162
2301 243
2302 1420
2303 125
2304 1956
2305 1821
2306 1587
2307 1557
2308 1781
2309 1375
2310 1739
2311 2292
2312 948
2313 1752
2314 1395
2315 1789
2316 1006
2317 1996
2318 2089
2319 1069
2320 1458
2321 1135
2322 1630
2323 2174
2324 1753
2325 1211
2326 1148
2327 2263
2328 2011
2329 1538
2330 270
2331 2000
2332 928
2333 656
2334 1429
2335 1207
2336 2141
2337 2219
2338 660
2339 1498
2340 1940
2341 1176
2342 1183
2343 690
2344 1232
2345 570
2346 992
2347 1788
2348 2141
2349 1490
2350 1754
2351 1883
2352 2294
2353 1557
2354 1050
2355 1977
2356 257
2357 1910
2358 1649
2359 928
2360 2337
2361 131
2362 1499
2363 1535
2364 710
2365 1977
2366 1558
2367 1942
2368 1781
2369 1839
2370 1882
2371 1853
2372 2191
2373 477
2374 928
2375 1207
2376 2375
2377 1816
2378 1059
2379 2367
2380 1516
2381 1645
2382 678
2383 2263
2384 1461
2385 1743
2386 1904
2387 1922
2388 1394
2389 2343
2390 2132
2391 1416
2392 1392
2393 1755
2394 902
2395 1301
2396 847
2397 2234
2398 2031
2399 744
2400 1264
2401 2375
2402 1541
2403 1568
2404 2027
2405 1052
2406 2116
2407 548
2408 2217
2409 1666
2410 2252
2411 1754
2412 1485
2413 2411
2414 2157
2415 2048
2416 2079
2417 537
2418 1333
2419 1619
2420 539
2421 1557
2422 2309
2423 2389
2424 1990
2425 222
2426 1557
2427 2276
2428 1099
2429 706
2430 992
2431 1625
2432 1516
2433 1917
2434 808
2435 600
2436 1920
2437 1156
2438 2360
2439 470
2440 1812
2441 853
2442 1009
2443 2404
2444 1388
2445 1093
2446 1734
2447 1920
2448 1629
2449 1769
2450 1753
2451 1073
2452 1264
2453 2264
2454 2360
2455 1725
2456 1970
2457 1075
2458 1863
2459 2209
2460 2022
2461 1177
2462 2305
2463 1557
2464 1094
2465 577
2466 1950
2467 776
2468 1674
2469 2083
2470 1536
2471 2238
2472 1675
2473 270
2474 1207
2475 2224
2476 2121
2477 712
2478 2294
2479 1006
2480 1557
2481 2359
2482 2288
2483 1950
2484 767
2485 1041
2486 2161
2487 501
2488 1801
2489 1769
2490 2414
2491 2083
2492 2194
2493 975
2494 1146
2495 1769
2496 1393
2497 2111
2498 95
2499 607
2500 2068
2501 1697
2502 1382
2503 2174
2504 1930
2505 2066
2506 622
2507 2219
2508 2041
2509 1096
2510 2358
2511 455
2512 1735
2513 1854
2514 2150
2515 2263
2516 2088
2517 1127
2518 1457
2519 2143
2520 704
2521 2263
2522 696
2523 1553
2524 2489
2525 1589
2526 544
2527 1866
2528 1543
2529 963
2530 1242
2531 570
2532 1428
2533 2438
2534 1821
2535 1415
2536 2081
2537 1461
2538 1220
2539 920
2540 489
2541 1240
2542 1518
2543 1899
2544 1486
2545 2064
2546 1920
2547 1106
2548 1996
2549 496
2550 1942
2551 2535
2552 1864
2553 363
2554 2360
2555 1619
2556 2446
2557 1434
2558 12
2559 447
2560 1334
2561 1618
2562 2472
2563 2329
2564 2131
2565 1003
2566 1237
2567 1810
2568 890
2569 2250
2570 836
2571 377
2572 1838
2573 834
2574 1932
2575 1622
2576 1168
2577 130
2578 1947
2579 472
2580 2088
2581 1474
2582 654
2583 2395
2584 986
2585 2175
2586 2549
2587 1397
2588 2058
2589 869
2590 2196
2591 2388
2592 415
2593 705
2594 1350
2595 2523
2596 891
2597 2373
2598 1790
2599 1779
2600 663
2601 712
2602 1006
2603 2329
2604 644
2605 806
2606 2333
2607 2326
2608 2095
2609 2438
2610 1793
2611 2438
2612 1754
2613 2584
2614 2121
2615 928
2616 1557
2617 1461
2618 519
2619 1207
2620 2450
2621 1550
2622 1353
2623 650
2624 2181
2625 1868
2626 1929
2627 2374
2628 1572
2629 1855
2630 1809
2631 1817
2632 1755
2633 2535
2634 869
2635 699
2636 928
2637 1545
2638 2518
2639 2609
2640 2110
2641 1990
2642 1328
2643 999
2644 1619
2645 1978
2646 2083
2647 1860
2648 2367
2649 2406
2650 490
2651 1864
2652 670
2653 1375
2654 1513
2655 1997
2656 1755
2657 1325
2658 448
2659 1755
2660 1705
2661 2438
2662 1499
2663 1487
2664 1487
2665 1133
2666 1600
2667 1656
2668 2163
2669 1461
2670 1739
2671 1995
2672 2457
2673 364
2674 2037
2675 1770
2676 351
2677 2360
2678 1397
2679 2632
2680 496
2681 1486
2682 992
2683 1620
2684 1942
2685 2623
2686 1899
2687 1950
2688 1783
2689 1501
2690 2245
2691 2371
2692 978
2693 2552
2694 2404
2695 1928
2696 793
2697 2682
2698 1755
2699 910
2700 42
2701 1125
2702 2428
2703 741
2704 1376
2705 1399
2706 1656
2707 17
2708 753
2709 2043
2710 1209
2711 2239
2712 1942
2713 1876
2714 1545
2715 870
2716 1530
2717 1675
2718 661
2719 1300
2720 1919
2721 2484
2722 2008
2723 1974
2724 2564
2725 758
2726 2524
2727 811
2728 1096
2729 2204
2730 836
2731 1431
2732 1624
2733 754
2734 1410
2735 477
2736 2050
2737 1133
2738 1864
2739 1420
2740 926
2741 1396
2742 1755
2743 1942
2744 1982
2745 1461
2746 1893
2747 2046
2748 1540
2749 1466
2750 1557
2751 2121
2752 1727
2753 1367
2754 2535
2755 212
2756 1785
2757 404
2758 1938
2759 824
2760 1516
2761 1419
2762 2080
2763 493
2764 1734
2765 1167
2766 1581
2767 2211
2768 928
2769 2411
2770 2430
2771 1395
2772 1246
2773 193
2774 2369
2775 2227
2776 2454
2777 1619
2778 1276
2779 2764
2780 1639
2781 2189
2782 2366
2783 2393
2784 1547
2785 2524
2786 1055
2787 2564
2788 46
2789 1084
2790 1942
2791 869
2792 2436
2793 1651
2794 2489
2795 1918
2796 1755
2797 1104
2798 2022
2799 2497
2800 2464
2801 1946
2802 1672
2803 2121
2804 1557
2805 1816
2806 1203
2807 810
2808 2216
2809 2032
2810 1915
2811 2679
2812 1673
2813 1485
2814 2630
2815 2782
2816 986
2817 2794
2818 218
2819 806
2820 787
2821 1289
2822 2782
2823 981
2824 1981
2825 1816
2826 2772
2827 1557
2828 1195
2829 2020
2830 1713
2831 1699
2832 2794
2833 1557
2834 1811
2835 2088
2836 1301
2837 1557
2838 1481
2839 2313
2840 1325
2841 1304
2842 2794
2843 834
2844 262
2845 111
2846 1443
2847 1985
2848 1247
2849 2096
2850 2682
2851 2782
2852 2782
2853 2549
2854 1485
2855 1868
2856 2308
2857 2782
2858 2541
2859 2103
2860 1199
2861 231
2862 828
2863 2034
2864 1625
2865 1097
2866 2360
2867 1878
2868 1172
2869 1161
2870 2779
2871 1563
2872 2782
2873 1017
2874 1660
2875 1606
2876 949
2877 2434
2878 1383
2879 1523
2880 1923
2881 2713
2882 2159
2883 2404
2884 2782
2885 2404
2886 1755
2887 1681
2888 448
2889 1422
2890 1236
2891 2782
2892 2682
2893 2275
2894 2326
2895 2524
2896 1758
2897 2294
2898 1309
2899 2118
2900 197
2901 2111
2902 1024
2903 1414
2904 458
2905 638
2906 2398
2907 2449
2908 210
2909 2078
2910 1625
2911 1569
2912 1094
2913 2433
2914 1976
2915 1557
2916 2111
2917 2179
2918 1325
2919 1864
2920 1907
2921 1333
2922 1422
2923 1693
2924 1301
2925 2443
2926 2367
2927 2397
2928 1596
2929 1050
2930 1769
2931 1514
2932 2008
2933 2541
2934 1638
2935 2059
2936 2314
2937 2491
2938 1315
2939 2027
2940 990
2941 1619
2942 541
2943 1482
2944 2489
2945 2851
2946 2894
2947 1325
2948 2841
2949 1425
2950 2358
2951 1565
2952 2305
2953 2414
2954 904
2955 806
2956 2289
2957 1690
2958 1703
2959 1770
2960 2387
2961 1247
2962 2782
2963 992
2964 1343
2965 1619
2966 2900
2967 1755
2968 1860
2969 1619
2970 2732
2971 2581
2972 1723
2973 850
2974 2171
2975 928
2976 1403
2977 826
2978 1471
2979 2577
2980 2369
2981 2420
2982 2794
2983 2360
2984 1227
2985 2634
2986 1942
2987 1683
2988 1499
2989 2163
2990 2706
2991 1920
2992 1206
2993 573
2994 2538
2995 1557
2996 2589
2997 2340
2998 1152
2999 2795
3000 2159
3001 2360
3002 1147
3003 2682
3004 1673
3005 1557
3006 2192
3007 2377
3008 1602
3009 2794
3010 1135
3011 1464
3012 2564
3013 1557
3014 1773
3015 2822
3016 1600
3017 962
3018 2083
3019 2682
3020 1814
3021 544
3022 1402
3023 1777
3024 1942
3025 2426
3026 2524
3027 650
3028 2333
3029 1675
3030 990
3031 2549
3032 445
3033 1467
3034 2080
3035 2549
3036 2549
3037 2164
3038 1471
3039 1540
3040 2385
3041 2088
3042 846
3043 2772
3044 2740
3045 1042
3046 852
3047 2438
3048 2772
3049 1302
3050 2844
3051 902
3052 538
3053 2648
3054 1207
3055 676
3056 424
3057 1221
3058 2783
3059 2461
3060 2687
3061 715
3062 2088
3063 2782
3064 1311
3065 1675
3066 2656
3067 1654
3068 1557
3069 997
3070 2196
3071 1422
3072 2944
3073 2398
3074 1837
3075 1399
3076 1345
3077 2938
3078 1363
3079 358
3080 2326
3081 604
3082 125
3083 1594
3084 1319
3085 1178
3086 2672
3087 2325
3088 1565
3089 2137
3090 1619
3091 2727
3092 1207
3093 417
3094 928
3095 2333
3096 1068
3097 2615
3098 2978
3099 2565
3100 1851
3101 1523
3102 771
3103 1250
3104 2476
3105 3060
3106 3032
3107 1619
3108 2333
3109 1446
3110 1186
3111 1619
3112 2105
3113 2682
3114 825
3115 2895
3116 1460
3117 2487
3118 1545
3119 3032
3120 1626
3121 1128
3122 1283
3123 1000
3124 1553
3125 1322
3126 1782
3127 928
3128 2032
3129 1557
3130 2759
3131 2772
3132 2621
3133 2340
3134 2608
3135 2447
3136 2213
3137 2438
3138 2180
3139 1375
3140 2006
3141 1081
3142 2563
3143 1767
3144 671
3145 1301
3146 1942
3147 1793
3148 1920
3149 1411
3150 1581
3151 2697
3152 2992
3153 2491
3154 1608
3155 3007
3156 1436
3157 1317
3158 2146
3159 2073
3160 1104
3161 511
3162 597
3163 2782
3164 1607
3165 2264
3166 779
3167 2957
3168 2145
3169 1926
3170 2003
3171 1529
3172 1325
3173 2004
3174 2448
3175 1827
3176 3126
3177 2791
3178 3043
3179 2524
3180 2245
3181 2803
3182 1506
3183 2588
3184 1599
3185 2745
3186 2220
3187 1560
3188 717
3189 1211
3190 467
3191 2305
3192 294
3193 1497
3194 1523
3195 2348
3196 3152
3197 1623
3198 2792
3199 1942
3200 991
3201 352
3202 1347
3203 2485
3204 1559
3205 1667
3206 3029
3207 1003
3208 2414
3209 1816
3210 2213
3211 2768
3212 1050
3213 2059
3214 2785
3215 442
3216 1959
3217 1090
3218 3093
3219 2587
3220 2080
3221 2199
3222 2404
3223 938
3224 1977
3225 2564
3226 2829
3227 2935
3228 2666
3229 2558
3230 1381
3231 211
3232 2973
3233 3015
3234 1131
3235 1445
3236 1915
3237 827
3238 932
3239 1465
3240 1083
3241 2135
3242 2111
3243 3133
3244 1677
3245 847
3246 1310
3247 2210
3248 3086
3249 700
3250 1776
3251 1097
3252 1557
3253 2715
3254 270
3255 1069
3256 1982
3257 1540
3258 2489
3259 2648
3260 2212
3261 1607
3262 1769
3263 3116
3264 887
3265 2915
3266 3111
3267 1328
3268 2151
3269 1600
3270 3099
3271 1485
3272 980
3273 1568
3274 872
3275 2480
3276 1425
3277 3176
3278 2068
3279 3032
3280 2564
3281 2157
3282 1189
3283 654
3284 1769
3285 340
3286 2660
3287 691
3288 992
3289 503
3290 430
3291 259
3292 1542
3293 3166
3294 1325
3295 1360
3296 1158
3297 2241
3298 572
3299 2952
3300 2159
3301 752
3302 743
3303 1950
3304 1303
3305 2682
3306 2405
3307 1920
3308 154
3309 1916
3310 1175
3311 2940
3312 2622
3313 2549
3314 1683
3315 1719
3316 1739
3317 2056
3318 928
3319 1545
3320 3058
3321 2381
3322 1604
3323 585
3324 461
3325 425
3326 583
3327 3130
3328 1402
3329 2890
3330 1071
3331 820
3332 1322
3333 3031
3334 2172
3335 2674
3336 2607
3337 2667
3338 2551
3339 2738
3340 1557
3341 1969
3342 2524
3343 884
3344 2492
3345 2928
3346 1808
3347 373
3348 2527
3349 613
3350 841
3351 210
3352 641
3353 1244
3354 104
3355 561
3356 1370
3357 72
3358 995
3359 2788
3360 3229
3361 638
3362 653
3363 821
3364 344
3365 37
3366 1205
3367 1120
3368 2707
3369 511
3370 1940
3371 1126
3372 1877
3373 2268
3374 578
3375 510
3376 498
3377 559
3378 1215
3379 273
3380 1160
3381 155
3382 1194
3383 149
3384 3192
3385 2458
3386 2981
3387 1313
3388 756
3389 1251
3390 1156
3391 2740
3392 2630
3393 339
3394 3140
3395 599
3396 2844
3397 151
3398 309
3399 26
3400 1423
3401 482
3402 333
3403 102
3404 160
3405 29
3406 1633
3407 463
3408 1742
3409 2859
3410 1452
3411 672
3412 2012
3413 3079
3414 32
3415 749
3416 152
3417 3032
3418 3042
3419 805
3420 632
3421 241
3422 682
3423 35
3424 1460
3425 415
3426 2356
3427 2955
3428 2361
3429 395
3430 485
3431 435
3432 1157
3433 2700
3434 106
3435 49
3436 121
3437 1312
3438 871
3439 50
3440 880
3441 932
3442 824
3443 50
3444 974
3445 2178
3446 2678
3447 141
3448 2845
3449 103
3450 57
3451 2196
3452 372
3453 119
3454 2125
3455 263
3456 1512
3457 673
3458 311
3459 63
3460 1256
3461 332
3462 492
3463 1045
3464 1362
3465 472
3466 71
3467 766
3468 1830
3469 138
3470 150
3471 728
3472 422
3473 1986
3474 615
3475 2300
3476 270
3477 2052
3478 1728
3479 78
3480 326
3481 2645
3482 82
3483 523
3484 1897
3485 1590
3486 200
3487 2600
3488 3345
3489 655
3490 1286
3491 2540
3492 313
3493 269
3494 180
3495 317
3496 258
3497 710
3498 897
3499 1230
3500 2498
3501 792
3502 1946
3503 564
3504 1650
3505 1134
3506 145
3507 868
3508 2251
3509 100
3510 100
3511 2274
3512 2228
3513 2696
3514 100
3515 100
3516 289
3517 2197
3518 2200
3519 215
3520 835
3521 2763
3522 103
3523 179
3524 140
3525 1248
3526 479
3527 235
3528 2230
3529 111
3530 213
3531 1426
3532 1801
3533 2966
3534 343
3535 1103
3536 1879
3537 124
3538 1299
3539 3082
3540 588
3541 327
3542 2303
3543 790
3544 153
3545 1000
3546 1642
3547 2316
3548 130
3549 812
3550 1109
3551 2032
3552 2860
3553 2013
3554 130
3555 3291
3556 2979
3557 147
3558 1812
3559 847
3560 545
3561 546
3562 3204
3563 2169
3564 2026
3565 206
3566 2280
3567 467
3568 1523
3569 1637
3570 625
3571 376
3572 157
3573 177
3574 335
3575 254
3576 1155
3577 2435
3578 312
3579 178
3580 702
3581 337
3582 319
3583 568
3584 760
3585 416
3586 1500
3587 722
3588 780
3589 3308
3590 1661
3591 822
3592 1191
3593 2593
3594 1964
3595 877
3596 664
3597 2208
3598 196
3599 411
3600 2754
3601 291
3602 2553
3603 1611
3604 3069
3605 172
3606 867
3607 590
3608 318
3609 795
3610 2676
3611 458
3612 3290
3613 359
3614 1875
3615 2433
3616 2018
3617 181
3618 1853
3619 697
3620 2650
3621 939
3622 182
3623 407
3624 1393
3625 3126
3626 1988
3627 186
3628 387
3629 594
3630 577
3631 2075
3632 1245
3633 2773
3634 757
3635 1566
3636 194
3637 3201
3638 746
3639 1087
3640 739
3641 1733
3642 196
3643 1646
3644 419
3645 2011
3646 1479
3647 202
3648 3241
3649 1178
3650 475
3651 1492
3652 517
3653 1212
3654 2500
3655 659
3656 267
3657 217
3658 1484
3659 2908
3660 1925
3661 1716
3662 612
3663 890
3664 922
3665 531
3666 855
3667 3231
3668 586
3669 2755
3670 3055
3671 1840
3672 215
3673 2055
3674 1665
3675 215
3676 3112
3677 820
3678 218
3679 1321
3680 218
3681 2818
3682 1711
3683 1188
3684 274
3685 218
3686 264
3687 218
3688 220
3689 222
3690 409
3691 2425
3692 2130
3693 399
3694 2622
3695 2136
3696 1013
3697 3298
3698 2423
3699 2056
3700 3285
3701 230
3702 231
3703 2205
3704 290
3705 1709
3706 375
3707 630
3708 2861
3709 770
3710 713
3711 1051
3712 651
3713 277
3714 844
3715 1010
3716 2035
3717 1417
3718 478
3719 1173
3720 3218
3721 2193
3722 1284
3723 2301
3724 1182
3725 1521
3726 1475
3727 249
3728 2499
3729 1901
3730 1806
3731 1534
3732 636
3733 774
3734 257
3735 2338
3736 1145
3737 392
3738 264
3739 667
3740 2330
3741 1794
3742 270
3743 270
3744 2473
3745 3215
3746 1335
3747 687
3748 270
3749 1538
3750 2059
3751 2141
3752 270
3753 1026
3754 963
3755 270
3756 3246
3757 2061
3758 2998
3759 1541
3760 1631
3761 1371
3762 833
3763 270
3764 3254
3765 2286
3766 624
3767 1826
3768 2281
3769 270
3770 789
3771 1586
3772 2911
3773 802
3774 282
3775 2902
3776 1962
3777 777
3778 2128
3779 2235
3780 888
3781 1048
3782 391
3783 285
3784 541
3785 595
3786 443
3787 512
3788 310
3789 290
3790 2470
3791 461
3792 598
3793 1600
3794 290
3795 290
3796 290
3797 574
3798 1543
3799 290
3800 3187
3801 292
3802 306
3803 296
3804 879
3805 1210
3806 300
3807 342
3808 732
3809 887
3810 390
3811 1032
3812 1390
3813 306
3814 984
3815 1382
3816 648
3817 554
3818 2703
3819 536
3820 309
3821 591
3822 2439
3823 2445
3824 488
3825 317
3826 2789
3827 320
3828 331
3829 1565
3830 1774
3831 323
3832 341
3833 608
3834 1021
3835 327
3836 3314
3837 640
3838 611
3839 724
3840 1619
3841 1529
3842 551
3843 839
3844 338
3845 342
3846 830
3847 342
3848 915
3849 429
3850 1472
3851 345
3852 1356
3853 1034
3854 2511
3855 1617
3856 355
3857 767
3858 355
3859 854
3860 652
3861 834
3862 2973
3863 1706
3864 1527
3865 783
3866 364
3867 1762
3868 2344
3869 405
3870 1167
3871 2673
3872 364
3873 1271
3874 1715
3875 366
3876 366
3877 366
3878 1736
3879 881
3880 367
3881 1181
3882 899
3883 367
3884 367
3885 367
3886 547
3887 1722
3888 1041
3889 2635
3890 1044
3891 373
3892 2571
3893 1196
3894 782
3895 438
3896 376
3897 3103
3898 1166
3899 1874
3900 377
3901 2146
3902 2194
3903 2266
3904 380
3905 627
3906 3056
3907 1595
3908 1448
3909 1260
3910 2407
3911 945
3912 1307
3913 386
3914 579
3915 665
3916 907
3917 2084
3918 3325
3919 392
3920 1004
3921 392
3922 1249
3923 2710
3924 395
3925 1057
3926 1761
3927 404
3928 2757
3929 404
3930 406
3931 711
3932 2057
3933 1980
3934 996
3935 410
3936 1422
3937 413
3938 2151
3939 2134
3940 931
3941 908
3942 2592
3943 1714
3944 415
3945 3122
3946 501
3947 943
3948 415
3949 1110
3950 417
3951 928
3952 3239
3953 418
3954 1078
3955 1325
3956 1961
3957 3249
3958 418
3959 1972
3960 1133
3961 1441
3962 1788
3963 452
3964 460
3965 433
3966 433
3967 1859
3968 2007
3969 437
3970 1462
3971 437
3972 1949
3973 3289
3974 441
3975 1819
3976 3287
3977 444
3978 494
3979 522
3980 2559
3981 1667
3982 1297
3983 2888
3984 2658
3985 582
3986 449
3987 906
3988 455
3989 3244
3990 457
3991 457
3992 458
3993 458
3994 2904
3995 2680
3996 3124
3997 1401
3998 1522
3999 603
4000 1241
4001 3324
4002 1146
4003 461
4004 461
4005 1153
4006 706
4007 2378
4008 466
4009 3190
4010 467
4011 1279
4012 467
4013 1576
4014 3296
4015 2579
4016 2618
4017 472
4018 2708
4019 507
4020 473
4021 1724
4022 2306
4023 622
4024 2597
4025 2735
4026 477
4027 478
4028 1011
4029 1218
4030 2033
4031 2207
4032 483
4033 552
4034 1213
4035 1954
4036 485
4037 784
4038 489
4039 3162
4040 492
4041 914
4042 3226
4043 1033
4044 495
4045 1418
4046 602
4047 495
4048 2547
4049 516
4050 1119
4051 1036
4052 1349
4053 2549
4054 670
4055 1414
4056 2588
4057 496
4058 496
4059 496
4060 496
4061 2298
4062 1848
4063 3323
4064 2129
4065 733
4066 501
4067 1165
4068 1239
4069 501
4070 2487
4071 506
4072 1091
4073 1936
4074 506
4075 596
4076 1097
4077 510
4078 654
4079 510
4080 683
4081 562
4082 3161
4083 1444
4084 2119
4085 514
4086 514
4087 662
4088 649
4089 3052
4090 1627
4091 517
4092 2964
4093 518
4094 1177
4095 618
4096 703
4097 969
4098 975
4099 523
4100 526
4101 920
4102 819
4103 2195
4104 885
4105 1154
4106 526
4107 1115
4108 526
4109 526
4110 2733
4111 626
4112 981
4113 533
4114 1787
4115 2417
4116 954
4117 2993
4118 583
4119 2718
4120 992
4121 2942
4122 1960
4123 1956
4124 541
4125 650
4126 848
4127 541
4128 541
4129 541
4130 541
4131 1530
4132 2807
4133 2786
4134 786
4135 543
4136 2954
4137 2795
4138 543
4139 1254
4140 543
4141 543
4142 935
4143 675
4144 1612
4145 800
4146 543
4147 544
4148 1273
4149 544
4150 2526
4151 544
4152 544
4153 1387
4154 918
4155 544
4156 544
4157 1546
4158 3021
4159 544
4160 718
4161 2896
4162 544
4163 1671
4164 1828
4165 799
4166 550
4167 551
4168 553
4169 560
4170 2341
4171 560
4172 560
4173 560
4174 1440
4175 562
4176 562
4177 562
4178 1060
4179 787
4180 2023
4181 1314
4182 566
4183 742
4184 1698
4185 569
4186 2556
4187 2520
4188 569
4189 2522
4190 2531
4191 1623
4192 2345
4193 571
4194 1992
4195 1136
4196 573
4197 1150
4198 1526
4199 2090
4200 1076
4201 1252
4202 574
4203 845
4204 1138
4205 940
4206 1494
4207 576
4208 576
4209 1605
4210 1141
4211 619
4212 738
4213 576
4214 576
4215 794
4216 576
4217 576
4218 1317
4219 3217
4220 587
4221 576
4222 2465
4223 2320
4224 578
4225 941
4226 1020
4227 1022
4228 2581
4229 582
4230 582
4231 1687
4232 1971
4233 750
4234 3017
4235 2027
4236 3326
4237 1616
4238 1700
4239 1338
4240 894
4241 3154
4242 1990
4243 591
4244 591
4245 2117
4246 1704
4247 3114
4248 601
4249 1386
4250 601
4251 717
4252 3081
4253 960
4254 605
4255 605
4256 607
4257 1019
4258 1195
4259 609
4260 693
4261 1461
4262 613
4263 1603
4264 815
4265 617
4266 1567
4267 1289
4268 1121
4269 785
4270 1301
4271 919
4272 727
4273 1292
4274 622
4275 2506
4276 1749
4277 720
4278 622
4279 622
4280 775
4281 1889
4282 622
4283 1052
4284 2245
4285 1095
4286 626
4287 627
4288 627
4289 635
4290 628
4291 628
4292 628
4293 629
4294 630
4295 1268
4296 630
4297 630
4298 636
4299 1552
4300 2139
4301 1760
4302 2905
4303 1163
4304 641
4305 3302
4306 2256
4307 641
4308 2383
4309 1327
4310 641
4311 2604
4312 645
4313 1822
4314 892
4315 647
4316 1712
4317 1330
4318 853
4319 895
4320 2623
4321 650
4322 650
4323 1224
4324 2140
4325 3027
4326 650
4327 1380
4328 2177
4329 650
4330 650
4331 1645
4332 803
4333 2538
4334 736
4335 1996
4336 1396
4337 651
4338 653
4339 2127
4340 654
4341 2582
4342 1998
4343 654
4344 3283
4345 798
4346 902
4347 1348
4348 2333
4349 3141
4350 2392
4351 723
4352 2732
4353 659
4354 660
4355 1729
4356 685
4357 1778
4358 662
4359 664
4360 961
4361 666
4362 2508
4363 2009
4364 816
4365 668
4366 669
4367 670
4368 670
4369 2652
4370 3144
4371 1233
4372 674
4373 1366
4374 1193
4375 1174
4376 965
4377 1364
4378 1261
4379 2382
4380 3173
4381 2049
4382 3223
4383 689
4384 682
4385 684
4386 690
4387 3110
4388 1906
4389 1344
4390 2342
4391 747
4392 700
4393 700
4394 1247
4395 706
4396 1029
4397 1117
4398 706
4399 2429
4400 2364
4401 1561
4402 711
4403 712
4404 712
4405 1270
4406 2399
4407 712
4408 2477
4409 712
4410 878
4411 1272
4412 2074
4413 2601
4414 712
4415 971
4416 714
4417 2977
4418 715
4419 3061
4420 715
4421 717
4422 717
4423 3188
4424 718
4425 720
4426 1089
4427 720
4428 3253
4429 952
4430 3011
4431 726
4432 1888
4433 1229
4434 876
4435 726
4436 1914
4437 1140
4438 900
4439 2362
4440 731
4441 735
4442 741
4443 741
4444 924
4445 1519
4446 746
4447 903
4448 982
4449 923
4450 747
4451 747
4452 748
4453 748
4454 2331
4455 1023
4456 3301
4457 753
4458 1967
4459 754
4460 754
4461 754
4462 2295
4463 2725
4464 760
4465 2173
4466 763
4467 1898
4468 763
4469 763
4470 1290
4471 763
4472 2898
4473 763
4474 1571
4475 1069
4476 763
4477 2484
4478 990
4479 767
4480 1966
4481 771
4482 1540
4483 3102
4484 2876
4485 1509
4486 2232
4487 772
4488 801
4489 772
4490 1352
4491 774
4492 774
4493 774
4494 842
4495 776
4496 2467
4497 2862
4498 776
4499 1488
4500 777
4501 1841
4502 2475
4503 889
4504 778
4505 1406
4506 778
4507 778
4508 1913
4509 778
4510 1365
4511 778
4512 778
4513 1096
4514 1765
4515 1360
4516 778
4517 778
4518 778
4519 3156
4520 2270
4521 779
4522 779
4523 1937
4524 2082
4525 779
4526 1234
4527 1900
4528 779
4529 779
4530 779
4531 3293
4532 2183
4533 779
4534 970
4535 1049
4536 1975
4537 1443
4538 1478
4539 781
4540 1077
4541 783
4542 1361
4543 785
4544 1815
4545 2820
4546 1409
4547 789
4548 2868
4549 2863
4550 2279
4551 798
4552 798
4553 798
4554 798
4555 2756
4556 803
4557 3189
4558 2071
4559 806
4560 2692
4561 806
4562 2819
4563 1430
4564 806
4565 2605
4566 806
4567 864
4568 1204
4569 806
4570 2434
4571 808
4572 1376
4573 1970
4574 1580
4575 3091
4576 2339
4577 813
4578 813
4579 2625
4580 816
4581 2699
4582 818
4583 1088
4584 2598
4585 820
4586 820
4587 1043
4588 1578
4589 901
4590 820
4591 2984
4592 820
4593 1285
4594 820
4595 2133
4596 820
4597 2028
4598 3331
4599 821
4600 823
4601 2377
4602 1112
4603 823
4604 823
4605 1813
4606 3130
4607 825
4608 3237
4609 829
4610 955
4611 830
4612 2560
4613 1438
4614 2573
4615 834
4616 1447
4617 834
4618 1783
4619 834
4620 2843
4621 1118
4622 834
4623 967
4624 2730
4625 836
4626 2570
4627 837
4628 912
4629 840
4630 840
4631 2447
4632 845
4633 845
4634 847
4635 847
4636 1542
4637 3240
4638 1467
4639 3343
4640 2396
4641 1018
4642 1075
4643 1676
4644 847
4645 847
4646 3245
4647 2220
4648 917
4649 851
4650 852
4651 1282
4652 3046
4653 852
4654 2065
4655 1821
4656 2441
4657 865
4658 855
4659 855
4660 1064
4661 3234
4662 856
4663 867
4664 951
4665 867
4666 1225
4667 869
4668 869
4669 1281
4670 1769
4671 869
4672 869
4673 2996
4674 869
4675 1506
4676 869
4677 2985
4678 869
4679 1331
4680 869
4681 1618
4682 869
4683 869
4684 2283
4685 2512
4686 1880
4687 2791
4688 1079
4689 1257
4690 1054
4691 1679
4692 869
4693 2192
4694 871
4695 3274
4696 873
4697 2370
4698 876
4699 1622
4700 887
4701 3264
4702 888
4703 890
4704 2122
4705 2568
4706 891
4707 891
4708 891
4709 1104
4710 2596
4711 893
4712 909
4713 895
4714 1663
4715 1691
4716 901
4717 901
4718 902
4719 2714
4720 1389
4721 1016
4722 902
4723 902
4724 902
4725 2321
4726 902
4727 2111
4728 902
4729 2394
4730 902
4731 1902
4732 902
4733 902
4734 3051
4735 902
4736 902
4737 1111
4738 1781
4739 902
4740 2021
4741 903
4742 1439
4743 904
4744 991
4745 905
4746 1928
4747 905
4748 905
4749 906
4750 908
4751 2719
4752 1933
4753 909
4754 1424
4755 1198
4756 909
4757 1767
4758 914
4759 920
4760 2539
4761 921
4762 921
4763 924
4764 926
4765 926
4766 928
4767 3002
4768 928
4769 1533
4770 928
4771 928
4772 1320
4773 1579
4774 2148
4775 2615
4776 1740
4777 3127
4778 928
4779 2198
4780 3272
4781 1332
4782 928
4783 1744
4784 928
4785 928
4786 928
4787 1073
4788 928
4789 928
4790 928
4791 928
4792 928
4793 1497
4794 928
4795 1094
4796 928
4797 2332
4798 1378
4799 928
4800 2265
4801 2938
4802 928
4803 3109
4804 928
4805 928
4806 1092
4807 928
4808 928
4809 928
4810 2254
4811 1753
4812 928
4813 928
4814 1030
4815 928
4816 928
4817 928
4818 928
4819 928
4820 928
4821 953
4822 928
4823 1852
4824 3318
4825 928
4826 2045
4827 2481
4828 2115
4829 1027
4830 1555
4831 928
4832 2753
4833 1857
4834 3282
4835 1275
4836 2992
4837 928
4838 1504
4839 928
4840 1939
4841 1927
4842 2768
4843 1544
4844 928
4845 3094
4846 928
4847 928
4848 1351
4849 928
4850 1635
4851 928
4852 2030
4853 928
4854 928
4855 928
4856 928
4857 2627
4858 2975
4859 1984
4860 928
4861 930
4862 928
4863 928
4864 928
4865 928
4866 928
4867 928
4868 2236
4869 928
4870 928
4871 928
4872 928
4873 928
4874 1107
4875 928
4876 2636
4877 928
4878 2923
4879 1350
4880 959
4881 1009
4882 928
4883 928
4884 2215
4885 928
4886 1662
4887 928
4888 1222
4889 928
4890 1341
4891 928
4892 928
4893 1594
4894 931
4895 3238
4896 1200
4897 932
4898 933
4899 1391
4900 2701
4901 1905
4902 937
4903 937
4904 937
4905 940
4906 940
4907 942
4908 942
4909 1262
4910 2312
4911 944
4912 944
4913 1697
4914 944
4915 1031
4916 944
4917 2504
4918 949
4919 949
4920 950
4921 952
4922 1674
4923 954
4924 954
4925 959
4926 959
4927 1085
4928 2731
4929 2529
4930 963
4931 1139
4932 967
4933 971
4934 973
4935 3045
4936 2778
4937 3066
4938 2943
4939 975
4940 975
4941 2493
4942 1599
4943 1442
4944 975
4945 976
4946 980
4947 980
4948 980
4949 980
4950 1455
4951 980
4952 1293
4953 1435
4954 2823
4955 2029
4956 1835
4957 985
4958 2816
4959 986
4960 1825
4961 2613
4962 986
4963 986
4964 986
4965 986
4966 1219
4967 986
4968 988
4969 1346
4970 990
4971 990
4972 3030
4973 3311
4974 1708
4975 990
4976 990
4977 991
4978 1269
4979 991
4980 3200
4981 2770
4982 2808
4983 2963
4984 992
4985 2682
4986 2346
4987 2972
4988 992
4989 3288
4990 1614
4991 2974
4992 1101
4993 994
4994 994
4995 997
4996 2643
4997 3123
4998 1000
4999 1685
5000 2264
5001 1002
5002 3207
5003 3270
5004 1006
5005 1006
5006 1006
5007 1038
5008 1006
5009 2132
5010 2479
5011 1531
5012 1006
5013 2602
5014 2442
5015 1489
5016 1180
5017 1903
5018 1011
5019 1011
5020 2640
5021 1012
5022 1012
5023 2513
5024 1342
5025 2873
5026 1017
5027 1082
5028 1022
5029 1023
5030 1197
5031 2214
5032 1026
5033 1026
5034 1027
5035 1432
5036 1033
5037 1033
5038 2958
5039 2098
5040 1035
5041 1035
5042 1035
5043 1036
5044 1037
5045 1921
5046 1726
5047 2485
5048 1116
5049 2929
5050 1066
5051 1050
5052 1050
5053 3212
5054 1050
5055 2354
5056 2405
5057 1318
5058 1056
5059 1114
5060 1065
5061 1058
5062 1058
5063 1061
5064 1072
5065 1410
5066 2849
5067 1065
5068 1065
5069 1658
5070 1702
5071 2211
5072 1068
5073 1068
5074 1068
5075 1068
5076 2091
5077 1068
5078 1068
5079 3096
5080 1407
5081 1449
5082 1068
5083 1069
5084 2114
5085 2319
5086 3255
5087 1640
5088 1069
5089 1069
5090 1339
5091 1070
5092 1070
5093 1070
5094 1161
5095 3330
5096 2671
5097 2206
5098 1340
5099 1073
5100 1073
5101 1073
5102 2451
5103 1073
5104 1843
5105 2047
5106 2112
5107 1075
5108 1075
5109 2672
5110 1993
5111 1077
5112 1077
5113 1077
5114 1427
5115 1085
5116 1085
5117 1085
5118 1086
5119 1086
5120 1086
5121 1086
5122 1086
5123 2912
5124 1615
5125 2800
5126 1094
5127 1094
5128 1095
5129 1095
5130 1095
5131 1096
5132 1096
5133 1096
5134 2931
5135 1096
5136 1885
5137 1096
5138 1096
5139 1096
5140 2702
5141 2728
5142 1096
5143 2509
5144 3178
5145 1097
5146 1097
5147 3251
5148 2865
5149 1097
5150 2024
5151 1099
5152 1099
5153 2518
5154 1100
5155 1100
5156 1100
5157 1101
5158 1148
5159 3160
5160 2797
5161 1104
5162 1104
5163 1104
5164 1107
5165 1395
5166 1108
5167 1274
5168 1323
5169 1909
5170 1112
5171 1115
5172 1115
5173 1116
5174 1266
5175 1116
5176 1528
5177 1120
5178 1121
5179 1121
5180 1121
5181 1832
5182 1127
5183 2038
5184 2517
5185 3121
5186 1394
5187 1717
5188 1128
5189 1130
5190 1130
5191 1130
5192 1739
5193 1131
5194 3202
5195 1131
5196 1869
5197 2092
5198 3136
5199 1133
5200 1133
5201 2824
5202 1133
5203 1887
5204 1632
5205 2665
5206 2737
5207 2221
5208 1133
5209 1133
5210 1135
5211 1135
5212 1135
5213 3010
5214 1135
5215 2761
5216 1138
5217 1139
5218 1140
5219 2494
5220 1147
5221 1148
5222 3080
5223 2976
5224 1151
5225 1151
5226 1151
5227 2437
5228 1156
5229 2258
5230 1585
5231 1158
5232 1158
5233 1264
5234 1159
5235 1159
5236 2869
5237 1162
5238 1162
5239 1162
5240 1379
5241 1163
5242 2765
5243 1487
5244 2576
5245 1912
5246 1168
5247 1168
5248 1170
5249 1951
5250 1171
5251 1369
5252 1987
5253 1174
5254 1174
5255 1768
5256 1574
5257 1175
5258 3310
5259 1175
5260 1175
5261 1179
5262 1175
5263 1175
5264 1175
5265 2153
5266 1177
5267 1177
5268 1177
5269 2271
5270 1924
5271 3059
5272 1644
5273 1177
5274 3085
5275 1178
5276 1178
5277 1844
5278 1751
5279 1922
5280 1183
5281 1865
5282 1184
5283 1184
5284 1184
5285 1184
5286 1185
5287 1648
5288 1185
5289 1185
5290 2363
5291 1186
5292 1186
5293 1186
5294 2175
5295 1186
5296 2802
5297 1186
5298 1186
5299 1186
5300 1186
5301 1186
5302 1480
5303 1186
5304 1186
5305 1186
5306 2628
5307 2176
5308 1187
5309 1187
5310 1189
5311 1193
5312 1193
5313 1195
5314 1839
5315 1710
5316 1195
5317 1858
5318 2828
5319 1654
5320 1195
5321 2005
5322 1195
5323 1195
5324 1197
5325 1202
5326 2841
5327 1202
5328 2297
5329 2654
5330 1203
5331 1203
5332 1203
5333 1203
5334 1226
5335 1428
5336 1203
5337 1203
5338 2806
5339 2934
5340 2222
5341 1204
5342 1206
5343 2335
5344 1207
5345 1207
5346 1207
5347 1207
5348 3054
5349 2162
5350 1207
5351 1908
5352 1207
5353 1207
5354 1207
5355 1207
5356 1207
5357 1823
5358 1856
5359 1207
5360 1965
5361 1236
5362 1207
5363 1207
5364 3281
5365 1207
5366 2259
5367 1253
5368 1207
5369 1207
5370 2376
5371 2474
5372 1207
5373 2159
5374 2619
5375 1207
5376 1469
5377 1216
5378 1207
5379 3092
5380 1207
5381 1207
5382 1207
5383 1207
5384 1207
5385 1207
5386 1208
5387 1211
5388 1211
5389 3087
5390 1211
5391 1211
5392 2076
5393 1215
5394 1215
5395 1216
5396 1218
5397 1218
5398 1221
5399 3057
5400 1221
5401 2163
5402 1773
5403 1222
5404 1222
5405 1222
5406 1222
5407 1222
5408 1222
5409 2621
5410 1225
5411 1225
5412 1225
5413 2572
5414 1225
5415 1235
5416 1689
5417 1236
5418 1236
5419 2871
5420 1236
5421 3329
5422 1237
5423 1237
5424 1237
5425 2566
5426 1237
5427 1238
5428 2073
5429 1239
5430 1239
5431 1551
5432 2541
5433 3297
5434 1634
5435 1240
5436 1242
5437 2530
5438 1242
5439 1242
5440 1244
5441 1246
5442 1653
5443 1738
5444 1247
5445 1247
5446 2848
5447 2793
5448 2961
5449 1803
5450 2909
5451 1251
5452 1251
5453 1957
5454 1485
5455 1267
5456 1254
5457 1577
5458 1255
5459 1258
5460 1958
5461 1262
5462 1262
5463 1372
5464 2400
5465 2010
5466 2242
5467 2452
5468 1266
5469 1269
5470 1269
5471 1271
5472 1847
5473 1272
5474 1272
5475 1272
5476 1306
5477 1274
5478 1276
5479 1279
5480 1280
5481 1284
5482 3230
5483 1287
5484 1289
5485 1291
5486 1289
5487 2821
5488 3334
5489 1289
5490 1289
5491 1291
5492 1291
5493 1293
5494 3049
5495 1294
5496 1294
5497 1295
5498 1473
5499 1296
5500 1296
5501 1296
5502 1297
5503 1297
5504 1297
5505 1297
5506 1948
5507 1297
5508 1297
5509 1297
5510 1329
5511 1673
5512 1297
5513 1297
5514 1297
5515 1298
5516 1299
5517 2557
5518 3125
5519 2924
5520 1301
5521 1450
5522 1301
5523 1301
5524 3145
5525 1301
5526 2395
5527 1692
5528 1301
5529 1301
5530 3167
5531 1301
5532 2836
5533 1301
5534 1659
5535 1508
5536 1629
5537 1301
5538 1302
5539 3304
5540 1305
5541 1878
5542 1383
5543 1306
5544 1814
5545 1306
5546 2542
5547 1311
5548 1311
5549 2089
5550 1470
5551 1688
5552 1311
5553 1311
5554 1311
5555 1311
5556 1311
5557 2744
5558 3064
5559 1483
5560 1316
5561 1316
5562 1316
5563 1316
5564 3157
5565 1317
5566 3074
5567 1317
5568 1318
5569 1319
5570 1319
5571 3084
5572 1319
5573 2239
5574 1321
5575 1322
5576 3332
5577 2918
5578 1325
5579 2657
5580 1325
5581 1385
5582 1325
5583 1325
5584 1325
5585 3172
5586 1325
5587 1325
5588 1325
5589 2067
5590 1325
5591 1325
5592 1325
5593 1325
5594 1325
5595 1696
5596 2267
5597 2840
5598 2947
5599 1325
5600 3247
5601 1325
5602 1325
5603 1325
5604 1325
5605 1730
5606 1325
5607 1325
5608 1516
5609 1325
5610 1325
5611 1325
5612 1789
5613 1325
5614 1989
5615 1325
5616 1325
5617 1325
5618 1325
5619 1325
5620 2077
5621 1325
5622 1325
5623 3294
5624 1944
5625 1328
5626 1895
5627 1503
5628 1328
5629 1328
5630 1591
5631 1328
5632 2642
5633 1328
5634 3267
5635 1330
5636 2921
5637 2418
5638 1333
5639 1333
5640 2008
5641 1333
5642 1335
5643 1846
5644 1338
5645 2278
5646 1338
5647 1339
5648 1343
5649 2187
5650 1344
5651 1345
5652 1345
5653 3076
5654 2594
5655 1353
5656 1353
5657 1354
5658 1360
5659 1360
5660 1360
5661 1842
5662 1360
5663 3295
5664 1525
5665 1360
5666 1360
5667 1360
5668 1360
5669 1360
5670 1793
5671 1361
5672 1361
5673 1363
5674 1363
5675 3078
5676 1373
5677 2086
5678 1373
5679 1373
5680 1524
5681 1412
5682 1373
5683 2246
5684 1373
5685 1373
5686 1373
5687 1373
5688 1374
5689 3139
5690 2422
5691 1375
5692 1375
5693 1375
5694 1375
5695 2653
5696 2704
5697 2569
5698 2838
5699 1405
5700 1377
5701 1377
5702 3089
5703 1378
5704 1379
5705 1379
5706 1991
5707 1379
5708 1379
5709 1456
5710 1380
5711 1382
5712 1382
5713 1382
5714 1382
5715 1382
5716 2072
5717 2502
5718 2152
5719 1382
5720 1382
5721 1388
5722 1383
5723 1383
5724 2878
5725 1383
5726 2444
5727 1392
5728 2496
5729 1425
5730 2591
5731 1395
5732 1395
5733 1395
5734 1395
5735 2771
5736 2314
5737 1395
5738 1395
5739 1395
5740 1395
5741 1396
5742 2293
5743 1396
5744 1396
5745 2741
5746 2587
5747 1397
5748 1397
5749 1398
5750 1398
5751 1399
5752 3075
5753 2705
5754 1400
5755 1805
5756 1400
5757 1400
5758 1400
5759 2391
5760 1401
5761 1402
5762 1402
5763 3022
5764 1402
5765 1402
5766 1510
5767 1402
5768 3328
5769 1772
5770 1402
5771 1402
5772 2053
5773 1405
5774 1669
5775 2734
5776 3149
5777 1800
5778 2106
5779 1411
5780 1411
5781 1413
5782 2903
5783 1414
5784 1414
5785 2066
5786 2775
5787 1417
5788 2874
5789 1419
5790 1420
5791 2165
5792 1420
5793 1420
5794 1420
5795 1420
5796 2739
5797 1420
5798 2302
5799 1420
5800 1420
5801 1420
5802 1420
5803 2269
5804 1422
5805 3071
5806 1737
5807 2922
5808 1422
5809 1422
5810 1757
5811 2247
5812 1422
5813 1422
5814 1791
5815 1422
5816 1422
5817 1422
5818 1422
5819 2889
5820 1422
5821 1422
5822 1422
5823 1422
5824 1422
5825 2223
5826 1422
5827 1424
5828 1454
5829 3276
5830 1425
5831 1425
5832 2949
5833 1425
5834 1425
5835 2184
5836 1426
5837 1426
5838 1427
5839 2532
5840 1845
5841 1701
5842 2334
5843 1686
5844 2681
5845 1430
5846 2188
5847 1430
5848 1675
5849 2255
5850 1433
5851 1434
5852 1434
5853 1434
5854 1436
5855 1437
5856 1817
5857 1438
5858 1438
5859 1442
5860 1442
5861 3105
5862 2846
5863 2386
5864 1443
5865 1445
5866 1445
5867 1445
5868 1445
5869 1445
5870 3235
5871 1445
5872 1445
5873 1445
5874 1447
5875 1447
5876 1447
5877 1448
5878 1896
5879 1456
5880 1457
5881 1786
5882 1460
5883 3263
5884 1460
5885 1460
5886 1460
5887 1725
5888 2039
5889 1460
5890 1468
5891 1460
5892 1460
5893 1460
5894 1461
5895 1461
5896 1833
5897 1461
5898 1461
5899 1770
5900 1983
5901 2669
5902 1461
5903 2745
5904 1461
5905 1461
5906 1461
5907 1668
5908 1461
5909 1461
5910 1643
5911 2887
5912 1461
5913 2016
5914 1628
5915 1775
5916 1461
5917 1461
5918 1910
5919 1795
5920 1461
5921 1461
5922 1461
5923 2617
5924 1461
5925 1461
5926 1748
5927 2384
5928 1461
5929 1461
5930 1461
5931 3341
5932 2537
5933 1461
5934 1894
5935 1461
5936 1464
5937 3220
5938 1466
5939 1466
5940 1466
5941 1466
5942 2749
5943 1466
5944 1467
5945 1467
5946 3033
5947 1467
5948 1467
5949 1471
5950 2094
5951 1471
5952 1471
5953 1636
5954 3098
5955 3038
5956 1471
5957 1472
5958 2202
5959 1472
5960 2655
5961 1482
5962 1483
5963 1484
5964 1485
5965 1485
5966 2813
5967 3271
5968 2412
5969 1485
5970 1485
5971 1485
5972 2248
5973 2276
5974 1485
5975 1799
5976 1485
5977 1485
5978 2854
5979 1485
5980 1485
5981 1485
5982 1485
5983 1485
5984 1485
5985 1485
5986 1485
5987 2166
5988 2544
5989 2272
5990 1884
5991 1487
5992 1556
5993 1487
5994 1487
5995 1487
5996 1487
5997 1694
5998 1487
5999 3062
6000 1487
6001 1487
6002 2614
6003 2663
6004 2126
6005 2664
6006 1487
6007 1488
6008 1488
6009 2019
6010 1490
6011 1490
6012 1490
6013 1490
6014 1490
6015 2349
6016 1490
6017 1490
6018 1496
6019 1496
6020 1496
6021 1496
6022 1496
6023 3193
6024 1802
6025 1498
6026 1499
6027 2662
6028 1582
6029 1886
6030 2988
6031 1499
6032 1899
6033 1942
6034 1501
6035 1501
6036 2689
6037 1501
6038 1501
6039 1501
6040 1502
6041 1955
6042 1502
6043 1502
6044 1503
6045 2062
6046 1503
6047 1503
6048 1503
6049 1503
6050 1505
6051 1506
6052 3182
6053 2299
6054 1508
6055 1511
6056 1511
6057 1511
6058 1511
6059 2322
6060 1771
6061 1511
6062 2313
6063 1514
6064 1514
6065 1515
6066 2380
6067 1516
6068 1516
6069 1516
6070 1516
6071 1516
6072 1516
6073 1516
6074 1610
6075 2760
6076 2706
6077 1516
6078 1657
6079 1750
6080 1606
6081 1516
6082 1516
6083 1516
6084 1516
6085 1516
6086 1516
6087 1776
6088 1516
6089 1516
6090 1516
6091 2432
6092 1516
6093 1864
6094 1521
6095 1521
6096 1522
6097 1522
6098 1522
6099 1522
6100 1522
6101 1522
6102 2229
6103 1593
6104 1523
6105 1523
6106 1523
6107 1523
6108 1523
6109 1523
6110 2001
6111 1523
6112 1523
6113 3286
6114 1979
6115 2879
6116 1523
6117 1523
6118 1523
6119 1523
6120 3101
6121 1523
6122 1523
6123 1523
6124 1523
6125 3040
6126 3194
6127 1523
6128 1523
6129 1525
6130 1525
6131 1525
6132 1529
6133 3315
6134 3171
6135 1529
6136 1529
6137 1530
6138 2716
6139 1810
6140 1530
6141 1530
6142 1530
6143 1530
6144 1530
6145 1926
6146 1535
6147 2093
6148 2329
6149 1538
6150 1538
6151 3257
6152 1540
6153 3039
6154 1540
6155 2109
6156 1540
6157 1876
6158 1540
6159 2748
6160 1540
6161 1540
6162 2402
6163 1542
6164 1542
6165 1542
6166 1831
6167 1542
6168 2170
6169 3292
6170 2156
6171 1542
6172 1695
6173 1543
6174 2528
6175 1543
6176 1544
6177 1568
6178 1544
6179 1584
6180 1545
6181 1545
6182 3118
6183 1545
6184 1545
6185 1892
6186 2284
6187 1824
6188 2637
6189 1545
6190 3319
6191 1545
6192 2416
6193 1945
6194 2784
6195 1547
6196 1549
6197 1550
6198 1553
6199 1553
6200 2595
6201 1553
6202 1553
6203 1553
6204 1554
6205 3068
6206 1557
6207 1764
6208 2421
6209 1557
6210 1811
6211 1834
6212 3340
6213 2060
6214 1557
6215 1557
6216 3309
6217 1557
6218 1557
6219 2833
6220 1557
6221 2995
6222 2837
6223 1557
6224 1557
6225 1557
6226 1602
6227 1575
6228 1557
6229 1557
6230 2190
6231 1557
6232 1557
6233 3025
6234 1557
6235 1557
6236 1557
6237 1557
6238 3129
6239 1557
6240 2307
6241 1557
6242 2480
6243 1557
6244 1557
6245 1557
6246 1557
6247 1557
6248 2780
6249 1929
6250 1557
6251 1557
6252 1557
6253 1557
6254 1557
6255 1557
6256 1707
6257 1557
6258 1557
6259 1941
6260 1557
6261 1557
6262 1557
6263 1598
6264 1557
6265 1557
6266 1557
6267 2358
6268 2804
6269 2915
6270 1597
6271 1797
6272 2022
6273 1557
6274 1557
6275 2750
6276 1557
6277 1557
6278 1557
6279 2827
6280 2463
6281 3013
6282 1557
6283 1557
6284 1557
6285 1557
6286 1557
6287 1557
6288 1557
6289 3252
6290 1557
6291 1557
6292 1557
6293 1557
6294 1557
6295 1557
6296 1557
6297 2616
6298 1557
6299 2167
6300 1557
6301 1557
6302 1557
6303 1670
6304 1557
6305 1557
6306 2353
6307 1977
6308 1557
6309 1557
6310 1557
6311 1557
6312 1557
6313 1557
6314 1557
6315 1557
6316 1557
6317 1557
6318 3005
6319 1557
6320 1557
6321 1861
6322 1557
6323 1557
6324 1557
6325 1557
6326 1557
6327 1557
6328 2261
6329 2782
6330 1561
6331 2951
6332 1565
6333 1565
6334 1565
6335 1565
6336 1565
6337 1565
6338 2519
6339 1565
6340 3088
6341 2108
6342 1565
6343 2410
6344 1565
6345 1568
6346 1568
6347 3273
6348 1568
6349 1568
6350 1568
6351 1568
6352 1568
6353 1568
6354 2025
6355 1568
6356 1568
6357 1621
6358 1568
6359 2097
6360 1568
6361 1568
6362 1568
6363 1862
6364 1568
6365 2403
6366 1568
6367 1568
6368 1568
6369 1568
6370 1569
6371 1999
6372 1573
6373 1754
6374 1577
6375 1713
6376 1581
6377 1581
6378 1581
6379 1581
6380 2766
6381 1581
6382 3150
6383 1581
6384 1807
6385 2234
6386 1584
6387 1584
6388 1587
6389 1587
6390 2064
6391 1589
6392 2525
6393 1589
6394 1589
6395 3216
6396 1593
6397 1594
6398 1594
6399 1594
6400 1594
6401 1594
6402 3083
6403 2212
6404 2292
6405 1598
6406 2203
6407 1598
6408 1598
6409 3184
6410 1599
6411 1599
6412 1599
6413 1599
6414 1600
6415 1784
6416 1600
6417 1600
6418 3269
6419 1600
6420 1600
6421 1600
6422 3016
6423 2666
6424 1600
6425 1600
6426 1600
6427 1836
6428 1600
6429 1600
6430 1600
6431 1600
6432 1600
6433 1601
6434 1602
6435 1602
6436 1602
6437 1602
6438 2189
6439 3008
6440 2054
6441 1603
6442 1604
6443 1829
6444 1604
6445 1604
6446 1604
6447 3322
6448 2875
6449 1606
6450 1606
6451 1607
6452 3100
6453 1607
6454 3164
6455 1745
6456 3261
6457 1607
6458 2085
6459 1607
6460 1608
6461 1612
6462 1618
6463 2561
6464 1619
6465 1619
6466 1619
6467 2644
6468 1619
6469 1619
6470 2965
6471 1756
6472 1619
6473 1619
6474 1619
6475 1619
6476 2155
6477 1619
6478 2968
6479 1619
6480 1619
6481 1619
6482 1619
6483 1664
6484 1619
6485 1619
6486 1619
6487 2941
6488 1619
6489 1619
6490 3266
6491 2777
6492 1619
6493 1619
6494 1619
6495 1619
6496 2482
6497 1619
6498 1619
6499 1619
6500 1619
6501 1619
6502 1619
6503 1619
6504 1619
6505 2555
6506 1619
6507 1619
6508 1619
6509 1619
6510 1619
6511 1619
6512 2209
6513 1619
6514 1619
6515 1619
6516 2969
6517 1619
6518 1619
6519 3090
6520 1619
6521 1619
6522 1619
6523 1619
6524 1619
6525 1619
6526 1619
6527 1619
6528 1619
6529 1619
6530 1619
6531 2419
6532 1619
6533 3107
6534 1619
6535 1619
6536 1619
6537 1619
6538 1619
6539 2683
6540 1620
6541 1621
6542 2575
6543 1623
6544 2257
6545 1623
6546 1623
6547 1623
6548 1623
6549 1623
6550 1777
6551 1623
6552 1623
6553 1623
6554 3197
6555 1623
6556 1623
6557 1623
6558 1652
6559 1623
6560 1932
6561 1625
6562 2910
6563 2431
6564 1625
6565 1625
6566 2864
6567 1625
6568 1625
6569 3120
6570 1626
6571 1727
6572 1626
6573 1629
6574 2448
6575 1630
6576 1634
6577 1639
6578 1639
6579 2226
6580 1640
6581 1641
6582 1642
6583 1642
6584 1643
6585 1766
6586 1907
6587 1644
6588 1645
6589 3321
6590 1646
6591 1648
6592 1648
6593 2290
6594 3067
6595 1654
6596 2120
6597 2667
6598 1661
6599 1661
6600 1661
6601 1662
6602 1662
6603 1664
6604 1666
6605 1666
6606 1666
6607 1666
6608 1666
6609 1666
6610 2409
6611 1667
6612 3205
6613 1669
6614 2145
6615 1672
6616 1672
6617 1673
6618 1673
6619 2812
6620 1673
6621 3004
6622 1673
6623 1673
6624 1674
6625 1674
6626 1674
6627 1674
6628 1741
6629 1674
6630 1674
6631 2468
6632 1675
6633 1675
6634 1675
6635 2562
6636 1923
6637 1675
6638 1675
6639 1675
6640 1675
6641 1675
6642 1680
6643 2717
6644 1675
6645 1675
6646 1675
6647 3029
6648 2044
6649 1675
6650 1675
6651 1675
6652 3065
6653 1675
6654 1675
6655 1675
6656 1675
6657 1677
6658 1678
6659 1678
6660 1678
6661 1680
6662 1681
6663 1681
6664 1683
6665 2987
6666 1685
6667 1688
6668 1688
6669 1689
6670 1689
6671 1694
6672 2736
6673 1694
6674 1694
6675 2081
6676 1694
6677 1694
6678 2168
6679 1694
6680 1759
6681 1694
6682 1696
6683 1697
6684 1697
6685 1697
6686 1697
6687 1697
6688 1697
6689 1697
6690 1697
6691 1697
6692 1697
6693 2501
6694 1697
6695 1697
6696 1697
6697 1698
6698 1698
6699 1699
6700 1699
6701 1699
6702 1699
6703 1699
6704 2831
6705 2899
6706 1963
6707 1704
6708 1705
6709 1705
6710 1706
6711 1707
6712 2099
6713 1711
6714 1713
6715 1713
6716 1713
6717 2830
6718 1713
6719 1713
6720 1713
6721 1891
6722 1714
6723 1718
6724 1719
6725 1721
6726 1723
6727 1723
6728 1723
6729 2455
6730 1727
6731 1727
6732 2752
6733 1727
6734 1728
6735 1728
6736 1730
6737 1734
6738 1734
6739 2870
6740 1736
6741 1737
6742 1738
6743 1739
6744 1739
6745 2670
6746 3316
6747 2310
6748 1739
6749 1746
6750 1742
6751 1743
6752 1745
6753 1745
6754 1745
6755 1745
6756 2160
6757 1745
6758 1915
6759 1746
6760 1748
6761 1749
6762 1750
6763 1750
6764 1750
6765 1751
6766 1751
6767 1751
6768 1751
6769 1752
6770 2158
6771 2324
6772 2620
6773 2612
6774 1779
6775 1754
6776 2350
6777 1754
6778 2413
6779 1754
6780 1754
6781 1755
6782 2783
6783 1755
6784 1755
6785 1755
6786 1755
6787 1755
6788 1755
6789 1755
6790 1755
6791 1755
6792 1755
6793 1755
6794 1755
6795 1755
6796 1755
6797 2796
6798 1755
6799 1755
6800 1755
6801 1755
6802 1755
6803 1755
6804 1755
6805 1755
6806 1755
6807 1755
6808 2659
6809 1755
6810 2847
6811 1755
6812 1755
6813 1755
6814 2886
6815 1755
6816 1755
6817 1755
6818 2219
6819 1755
6820 1755
6821 1871
6822 1755
6823 1755
6824 1755
6825 2811
6826 1755
6827 1755
6828 1755
6829 2914
6830 1755
6831 2742
6832 1755
6833 1755
6834 2698
6835 1935
6836 1755
6837 1755
6838 1755
6839 2967
6840 1755
6841 1755
6842 1755
6843 1755
6844 1755
6845 1755
6846 1755
6847 1755
6848 1755
6849 1755
6850 1756
6851 1756
6852 1757
6853 1759
6854 2031
6855 1764
6856 1765
6857 1766
6858 1767
6859 3143
6860 1767
6861 1767
6862 1769
6863 1769
6864 1769
6865 2907
6866 1769
6867 2495
6868 1769
6869 1769
6870 1769
6871 1769
6872 1769
6873 1769
6874 1769
6875 3262
6876 1769
6877 2104
6878 1769
6879 1769
6880 1769
6881 1769
6882 1792
6883 1769
6884 1769
6885 1769
6886 2323
6887 1769
6888 1769
6889 2930
6890 1769
6891 1769
6892 1769
6893 1769
6894 1769
6895 1769
6896 1769
6897 2489
6898 3284
6899 1769
6900 1850
6901 2123
6902 1769
6903 1769
6904 1973
6905 1769
6906 1769
6907 1769
6908 2181
6909 1769
6910 1769
6911 1769
6912 1769
6913 1769
6914 1769
6915 1769
6916 1769
6917 1769
6918 1769
6919 1769
6920 1769
6921 2959
6922 2042
6923 1770
6924 2675
6925 1770
6926 1773
6927 3014
6928 1773
6929 1773
6930 1773
6931 2629
6932 1776
6933 1776
6934 3250
6935 1776
6936 1776
6937 1777
6938 1777
6939 1777
6940 3023
6941 1777
6942 1777
6943 1778
6944 1778
6945 1779
6946 1779
6947 2599
6948 1779
6949 1779
6950 1779
6951 1779
6952 1780
6953 2893
6954 1780
6955 1780
6956 2102
6957 1780
6958 2746
6959 1780
6960 1780
6961 1781
6962 2368
6963 1781
6964 1781
6965 1934
6966 2308
6967 1782
6968 2688
6969 2244
6970 2347
6971 1788
6972 1789
6973 2315
6974 1789
6975 1789
6976 1789
6977 1789
6978 1789
6979 3147
6980 1793
6981 1873
6982 2610
6983 1793
6984 1793
6985 1799
6986 1801
6987 1801
6988 1890
6989 2179
6990 2488
6991 1801
6992 1801
6993 1801
6994 1801
6995 1805
6996 2238
6997 2282
6998 1808
6999 1810
7000 2567
7001 2834
7002 1811
7003 1812
7004 2415
7005 2063
7006 2440
7007 3020
7008 2937
7009 2805
7010 1816
7011 1816
7012 2825
7013 1816
7014 1816
7015 3209
7016 1817
7017 1817
7018 1817
7019 1817
7020 1817
7021 1817
7022 1817
7023 1849
7024 2631
7025 1817
7026 2273
7027 1817
7028 1817
7029 1817
7030 1817
7031 2225
7032 1818
7033 1819
7034 1819
7035 1819
7036 1821
7037 1821
7038 2534
7039 2305
7040 1826
7041 1826
7042 1827
7043 1827
7044 1827
7045 3175
7046 1827
7047 3221
7048 1827
7049 2144
7050 2124
7051 1829
7052 1833
7053 2277
7054 1836
7055 1836
7056 1836
7057 1836
7058 2774
7059 1839
7060 1839
7061 1839
7062 1840
7063 1840
7064 1840
7065 2371
7066 1855
7067 2015
7068 1855
7069 2201
7070 1855
7071 2647
7072 2285
7073 1861
7074 1861
7075 1861
7076 1862
7077 2651
7078 1864
7079 2003
7080 1864
7081 2552
7082 1864
7083 1864
7084 1864
7085 1864
7086 2919
7087 3339
7088 1865
7089 1867
7090 1867
7091 1868
7092 2855
7093 1869
7094 1873
7095 1873
7096 1873
7097 1875
7098 1876
7099 1876
7100 2881
7101 1877
7102 2867
7103 1879
7104 1879
7105 1879
7106 1879
7107 2138
7108 1879
7109 1879
7110 1879
7111 1879
7112 1880
7113 1880
7114 1880
7115 1882
7116 2351
7117 2218
7118 1885
7119 1888
7120 1890
7121 1891
7122 1893
7123 1895
7124 1898
7125 1898
7126 1898
7127 1919
7128 1898
7129 1898
7130 1898
7131 1898
7132 2686
7133 1899
7134 1899
7135 1899
7136 1899
7137 2543
7138 1899
7139 1900
7140 1903
7141 1903
7142 1906
7143 1906
7144 1906
7145 2920
7146 1907
7147 1907
7148 2578
7149 2101
7150 1908
7151 1910
7152 1910
7153 2357
7154 1910
7155 1910
7156 3236
7157 1915
7158 1915
7159 1915
7160 1915
7161 1915
7162 1915
7163 1915
7164 1915
7165 1915
7166 1915
7167 1915
7168 1915
7169 2810
7170 1916
7171 2046
7172 2720
7173 1920
7174 1920
7175 1920
7176 3307
7177 1920
7178 1920
7179 1920
7180 1920
7181 1920
7182 1994
7183 1920
7184 1920
7185 1920
7186 1920
7187 1920
7188 1920
7189 2546
7190 1920
7191 2991
7192 1920
7193 1920
7194 2792
7195 1920
7196 2107
7197 1920
7198 1920
7199 3138
7200 1920
7201 2287
7202 3148
7203 1920
7204 1920
7205 1920
7206 1922
7207 1931
7208 2960
7209 1922
7210 1923
7211 1923
7212 1923
7213 2243
7214 1923
7215 1923
7216 1923
7217 1953
7218 1923
7219 2149
7220 2880
7221 3169
7222 1928
7223 1928
7224 1928
7225 2695
7226 1929
7227 2626
7228 1929
7229 1932
7230 2574
7231 1932
7232 1932
7233 1932
7234 1932
7235 1932
7236 1932
7237 1932
7238 1932
7239 1933
7240 2040
7241 2758
7242 1935
7243 1935
7244 1937
7245 1938
7246 1939
7247 1939
7248 1940
7249 3133
7250 1940
7251 1942
7252 1942
7253 1942
7254 3199
7255 1942
7256 2743
7257 1942
7258 1942
7259 1942
7260 2296
7261 1942
7262 1942
7263 2372
7264 1942
7265 1942
7266 2142
7267 3024
7268 2712
7269 1942
7270 1942
7271 1942
7272 1942
7273 1942
7274 1942
7275 2790
7276 1942
7277 1942
7278 1942
7279 2014
7280 1942
7281 1942
7282 2550
7283 1942
7284 3146
7285 1942
7286 2379
7287 1942
7288 1942
7289 2986
7290 1942
7291 1942
7292 1942
7293 1942
7294 1942
7295 2185
7296 1942
7297 1942
7298 1942
7299 1942
7300 2684
7301 1942
7302 1942
7303 1942
7304 1942
7305 1942
7306 1942
7307 1944
7308 2801
7309 1946
7310 1946
7311 1946
7312 1947
7313 1947
7314 1949
7315 1950
7316 1950
7317 1950
7318 1950
7319 1950
7320 2483
7321 1950
7322 1950
7323 2406
7324 1950
7325 3303
7326 2466
7327 1950
7328 2147
7329 1955
7330 1956
7331 2304
7332 1967
7333 1968
7334 2249
7335 2456
7336 1974
7337 2723
7338 1974
7339 1974
7340 2608
7341 1975
7342 1975
7343 1975
7344 1975
7345 1975
7346 1975
7347 1975
7348 1975
7349 2262
7350 1975
7351 1976
7352 1977
7353 3224
7354 2365
7355 1977
7356 2355
7357 2051
7358 1977
7359 1977
7360 1977
7361 1977
7362 1979
7363 1980
7364 1981
7365 1982
7366 3256
7367 1982
7368 1982
7369 1985
7370 1985
7371 1987
7372 1988
7373 1990
7374 2641
7375 1990
7376 2017
7377 2424
7378 1990
7379 1990
7380 1990
7381 1990
7382 1992
7383 1992
7384 1992
7385 1995
7386 2564
7387 2548
7388 2317
7389 1996
7390 1996
7391 1997
7392 1997
7393 1997
7394 2000
7395 2000
7396 2003
7397 2003
7398 2003
7399 3170
7400 2003
7401 2003
7402 2006
7403 2006
7404 2006
7405 2006
7406 2008
7407 2932
7408 2722
7409 2009
7410 2010
7411 2010
7412 2010
7413 2328
7414 2011
7415 2011
7416 2011
7417 2011
7418 2011
7419 2011
7420 2011
7421 2011
7422 2011
7423 2014
7424 2154
7425 2022
7426 2022
7427 2043
7428 2022
7429 2798
7430 2022
7431 2022
7432 2460
7433 2260
7434 2022
7435 2024
7436 2024
7437 2694
7438 2027
7439 2027
7440 2939
7441 2027
7442 2027
7443 2028
7444 2029
7445 2029
7446 2029
7447 2906
7448 2031
7449 2031
7450 2031
7451 2031
7452 2809
7453 3128
7454 2674
7455 2037
7456 2041
7457 2041
7458 2041
7459 2041
7460 2709
7461 2046
7462 2046
7463 2747
7464 2046
7465 2046
7466 2047
7467 2186
7468 2049
7469 2051
7470 2051
7471 2069
7472 2052
7473 2052
7474 2052
7475 2054
7476 2056
7477 3317
7478 2059
7479 2059
7480 2059
7481 2100
7482 3213
7483 2059
7484 2935
7485 2059
7486 2059
7487 2059
7488 2060
7489 2060
7490 2062
7491 2062
7492 2062
7493 2062
7494 2545
7495 2064
7496 2064
7497 2065
7498 2505
7499 2066
7500 2066
7501 2066
7502 2066
7503 2066
7504 3278
7505 2068
7506 3159
7507 2074
7508 2074
7509 2074
7510 2074
7511 2074
7512 2080
7513 2080
7514 2762
7515 3034
7516 2081
7517 2081
7518 2081
7519 2536
7520 2081
7521 2083
7522 2083
7523 3018
7524 2083
7525 2233
7526 2083
7527 2083
7528 2646
7529 2469
7530 2083
7531 2084
7532 2084
7533 2088
7534 2516
7535 2088
7536 2835
7537 2088
7538 2113
7539 2088
7540 2088
7541 2088
7542 2088
7543 2088
7544 2088
7545 2088
7546 2088
7547 2580
7548 2088
7549 3041
7550 2318
7551 2093
7552 2096
7553 2096
7554 2408
7555 2096
7556 2096
7557 2096
7558 2099
7559 2099
7560 2099
7561 2099
7562 2107
7563 2108
7564 2108
7565 2108
7566 2108
7567 3242
7568 2111
7569 2111
7570 2799
7571 2111
7572 2916
7573 2901
7574 2150
7575 2112
7576 2112
7577 2112
7578 2294
7579 2112
7580 2114
7581 2115
7582 2116
7583 2116
7584 2116
7585 2116
7586 2117
7587 2118
7588 2118
7589 2121
7590 2121
7591 2121
7592 2476
7593 3181
7594 2121
7595 2121
7596 2751
7597 2123
7598 2123
7599 2123
7600 2123
7601 2123
7602 2123
7603 2123
7604 2124
7605 2130
7606 2130
7607 2132
7608 2132
7609 2132
7610 2390
7611 2132
7612 2134
7613 2134
7614 2135
7615 2135
7616 2139
7617 2139
7618 2140
7619 2141
7620 2336
7621 2141
7622 3195
7623 2141
7624 2141
7625 2141
7626 2141
7627 2141
7628 2141
7629 2142
7630 2142
7631 2144
7632 3168
7633 3158
7634 2149
7635 2149
7636 2149
7637 2514
7638 2150
7639 2161
7640 3268
7641 2151
7642 2151
7643 2154
7644 2414
7645 2157
7646 2157
7647 2157
7648 2157
7649 2157
7650 2157
7651 2157
7652 2157
7653 2157
7654 2157
7655 2158
7656 2158
7657 2158
7658 2159
7659 2159
7660 2159
7661 2159
7662 2159
7663 2159
7664 3000
7665 2159
7666 2159
7667 2159
7668 2882
7669 3300
7670 2159
7671 2159
7672 2159
7673 2159
7674 2159
7675 2160
7676 2160
7677 2160
7678 2161
7679 2161
7680 2486
7681 2162
7682 2989
7683 2163
7684 2163
7685 2668
7686 3037
7687 2164
7688 2166
7689 2171
7690 2173
7691 2956
7692 2173
7693 2503
7694 2174
7695 2175
7696 2175
7697 2585
7698 2178
7699 2178
7700 2178
7701 2178
7702 2178
7703 2179
7704 2179
7705 2917
7706 2181
7707 2181
7708 2181
7709 2181
7710 2181
7711 2624
7712 2181
7713 2181
7714 2181
7715 2181
7716 2183
7717 2183
7718 2183
7719 2183
7720 2184
7721 2186
7722 2187
7723 2187
7724 2781
7725 2190
7726 2192
7727 3006
7728 2192
7729 2194
7730 3344
7731 2194
7732 2194
7733 2204
7734 2194
7735 2196
7736 2196
7737 2196
7738 2196
7739 3070
7740 2196
7741 2196
7742 2196
7743 2196
7744 2196
7745 2590
7746 2729
7747 2204
7748 2204
7749 2231
7750 2205
7751 2208
7752 2209
7753 2459
7754 2209
7755 2209
7756 2209
7757 2209
7758 2767
7759 3260
7760 2212
7761 2212
7762 2212
7763 2212
7764 2212
7765 2212
7766 2212
7767 2212
7768 2212
7769 2212
7770 2213
7771 2213
7772 2213
7773 3210
7774 2213
7775 2213
7776 2253
7777 2214
7778 2216
7779 2217
7780 2217
7781 2217
7782 2219
7783 2219
7784 2337
7785 2507
7786 2220
7787 2220
7788 3186
7789 2221
7790 2221
7791 2226
7792 2233
7793 2397
7794 2234
7795 2234
7796 2234
7797 2234
7798 2235
7799 2471
7800 2238
7801 2239
7802 2239
7803 2711
7804 2239
7805 2242
7806 2242
7807 2242
7808 2242
7809 2245
7810 3180
7811 2245
7812 2690
7813 2246
7814 2246
7815 2246
7816 2247
7817 2247
7818 2247
7819 2247
7820 2247
7821 2247
7822 2247
7823 2251
7824 2252
7825 2253
7826 2254
7827 2254
7828 2291
7829 2256
7830 2258
7831 2263
7832 2263
7833 2521
7834 2263
7835 2263
7836 2263
7837 2263
7838 2263
7839 2263
7840 2327
7841 2263
7842 2263
7843 2263
7844 2515
7845 3165
7846 2264
7847 2453
7848 2268
7849 2268
7850 2269
7851 2272
7852 2273
7853 2276
7854 2276
7855 2276
7856 2427
7857 2281
7858 2283
7859 2285
7860 2285
7861 2287
7862 2288
7863 2288
7864 2291
7865 2291
7866 2311
7867 2292
7868 2293
7869 2294
7870 2294
7871 2897
7872 2294
7873 2352
7874 2478
7875 2294
7876 2294
7877 2294
7878 2295
7879 2295
7880 2295
7881 2296
7882 2301
7883 2305
7884 2305
7885 3191
7886 2305
7887 2305
7888 2305
7889 2305
7890 2952
7891 2305
7892 2305
7893 2305
7894 2462
7895 2305
7896 2306
7897 2306
7898 2307
7899 2307
7900 2307
7901 2856
7902 2310
7903 2310
7904 2310
7905 2310
7906 2312
7907 2313
7908 2839
7909 2313
7910 2313
7911 2313
7912 2314
7913 2314
7914 2314
7915 2314
7916 2314
7917 2936
7918 2314
7919 2314
7920 2316
7921 2321
7922 2321
7923 2321
7924 2322
7925 2323
7926 2323
7927 2323
7928 2324
7929 2325
7930 2326
7931 2326
7932 2894
7933 2326
7934 3336
7935 2326
7936 2328
7937 2328
7938 2328
7939 2328
7940 2603
7941 2329
7942 2329
7943 2329
7944 2329
7945 2329
7946 2329
7947 3142
7948 2329
7949 2329
7950 2330
7951 2332
7952 2332
7953 2332
7954 2332
7955 2333
7956 2333
7957 2333
7958 2333
7959 2333
7960 2333
7961 2606
7962 2333
7963 2333
7964 2333
7965 2333
7966 2333
7967 2333
7968 2333
7969 2333
7970 3095
7971 3108
7972 2333
7973 2333
7974 3028
7975 2333
7976 2333
7977 2360
7978 2337
7979 2338
7980 2338
7981 2338
7982 2338
7983 2339
7984 2997
7985 2342
7986 2342
7987 2342
7988 2345
7989 2345
7990 2346
7991 2346
7992 2346
7993 2347
7994 2348
7995 2348
7996 2350
7997 2350
7998 2350
7999 2350
8000 2350
8001 2350
8002 2350
8003 2350
8004 2351
8005 2354
8006 2354
8007 2356
8008 2357
8009 2510
8010 2358
8011 2358
8012 2950
8013 2358
8014 2358
8015 2358
8016 2358
8017 2358
8018 2360
8019 2360
8020 2360
8021 2360
8022 2438
8023 2360
8024 2360
8025 2866
8026 2360
8027 2360
8028 2360
8029 2360
8030 2360
8031 2983
8032 3001
8033 2360
8034 2360
8035 2360
8036 2360
8037 2360
8038 2360
8039 2554
8040 2360
8041 2360
8042 2677
8043 2360
8044 2360
8045 2360
8046 2360
8047 2454
8048 2360
8049 2360
8050 2360
8051 2360
8052 2360
8053 2363
8054 2363
8055 2363
8056 2363
8057 2364
8058 2364
8059 2365
8060 2365
8061 2648
8062 2926
8063 2368
8064 2369
8065 2369
8066 2980
8067 2370
8068 2370
8069 2370
8070 2691
8071 2371
8072 2371
8073 2371
8074 2373
8075 2401
8076 2376
8077 2376
8078 2376
8079 2376
8080 2376
8081 2377
8082 3155
8083 2378
8084 2378
8085 2378
8086 2378
8087 2378
8088 2378
8089 2381
8090 2384
8091 2387
8092 2391
8093 2391
8094 2391
8095 2391
8096 2583
8097 2927
8098 3073
8099 2398
8100 2398
8101 2400
8102 2401
8103 2403
8104 2404
8105 2404
8106 2885
8107 2404
8108 2404
8109 2404
8110 2404
8111 2404
8112 2404
8113 2404
8114 2404
8115 2925
8116 2404
8117 2404
8118 2404
8119 2404
8120 2404
8121 2883
8122 2404
8123 2404
8124 2404
8125 2404
8126 2404
8127 3222
8128 2404
8129 3306
8130 2405
8131 2405
8132 2406
8133 2406
8134 2406
8135 2649
8136 2769
8137 2411
8138 2411
8139 2412
8140 2412
8141 2412
8142 2413
8143 2413
8144 2413
8145 2414
8146 2490
8147 2414
8148 2414
8149 2414
8150 2414
8151 2414
8152 2414
8153 2414
8154 2414
8155 2414
8156 2414
8157 3208
8158 2414
8159 2414
8160 2414
8161 2414
8162 2414
8163 2953
8164 2414
8165 2416
8166 2416
8167 2416
8168 2417
8169 2418
8170 2418
8171 2419
8172 2419
8173 2419
8174 2419
8175 2420
8176 2423
8177 2423
8178 2425
8179 2427
8180 2428
8181 2428
8182 2428
8183 2428
8184 2428
8185 2428
8186 2430
8187 2430
8188 2432
8189 2433
8190 2433
8191 2913
8192 2433
8193 2433
8194 2434
8195 2434
8196 2434
8197 2877
8198 2435
8199 2436
8200 2437
8201 2437
8202 2438
8203 2533
8204 3047
8205 2438
8206 3137
8207 2438
8208 2438
8209 2438
8210 2661
8211 2438
8212 2438
8213 2438
8214 2438
8215 2438
8216 2438
8217 2438
8218 2438
8219 2438
8220 2438
8221 2438
8222 2438
8223 2639
8224 2438
8225 2438
8226 2438
8227 2611
8228 2438
8229 2438
8230 2438
8231 2438
8232 2438
8233 2443
8234 2443
8235 2444
8236 2444
8237 2444
8238 2446
8239 2447
8240 3135
8241 2447
8242 2448
8243 3174
8244 2448
8245 2449
8246 2450
8247 2451
8248 2451
8249 2451
8250 2451
8251 2451
8252 2451
8253 2452
8254 2454
8255 2454
8256 2454
8257 2454
8258 2454
8259 2454
8260 2776
8261 2454
8262 2454
8263 2454
8264 2454
8265 2454
8266 2454
8267 2454
8268 2454
8269 2454
8270 2454
8271 2454
8272 2454
8273 2454
8274 2454
8275 2454
8276 2454
8277 2454
8278 2454
8279 2454
8280 2454
8281 2454
8282 2454
8283 2454
8284 2454
8285 2454
8286 2454
8287 2454
8288 2454
8289 2454
8290 2454
8291 2454
8292 2454
8293 2458
8294 2458
8295 2458
8296 2458
8297 2458
8298 2458
8299 2458
8300 2458
8301 2461
8302 2461
8303 2461
8304 2462
8305 2466
8306 2470
8307 2470
8308 2470
8309 2470
8310 2470
8311 2470
8312 2470
8313 2470
8314 2470
8315 2470
8316 2470
8317 2470
8318 2470
8319 2473
8320 2475
8321 2476
8322 2476
8323 2476
8324 3104
8325 2476
8326 2476
8327 2476
8328 2480
8329 3275
8330 2481
8331 2483
8332 2484
8333 2721
8334 2484
8335 2485
8336 3203
8337 2485
8338 2485
8339 2485
8340 2485
8341 3117
8342 2488
8343 2488
8344 2488
8345 2488
8346 2488
8347 2489
8348 2489
8349 2489
8350 2489
8351 2489
8352 2489
8353 2524
8354 2489
8355 3072
8356 2489
8357 2489
8358 2489
8359 2489
8360 2489
8361 2489
8362 2489
8363 2489
8364 2489
8365 2489
8366 2489
8367 2489
8368 2794
8369 2489
8370 2489
8371 2489
8372 3258
8373 2489
8374 2489
8375 2489
8376 2489
8377 2489
8378 2489
8379 2489
8380 2489
8381 2491
8382 3153
8383 2493
8384 2493
8385 2494
8386 2499
8387 2499
8388 2499
8389 2503
8390 2503
8391 2504
8392 2504
8393 2509
8394 2509
8395 2509
8396 2509
8397 2513
8398 2513
8399 2513
8400 2513
8401 2514
8402 2516
8403 2516
8404 2516
8405 2517
8406 2518
8407 2518
8408 2638
8409 2520
8410 2521
8411 2524
8412 2524
8413 2524
8414 2524
8415 2524
8416 2895
8417 2524
8418 2524
8419 2524
8420 2524
8421 2524
8422 2524
8423 2785
8424 2524
8425 2524
8426 2524
8427 2524
8428 2524
8429 2524
8430 2524
8431 3342
8432 2524
8433 2524
8434 2524
8435 2524
8436 2524
8437 3179
8438 3026
8439 2524
8440 2524
8441 2524
8442 2524
8443 2726
8444 2524
8445 2524
8446 2524
8447 2524
8448 2524
8449 2524
8450 2524
8451 2524
8452 2524
8453 2524
8454 2524
8455 2524
8456 2524
8457 2524
8458 2524
8459 2524
8460 2524
8461 2525
8462 2529
8463 2529
8464 2532
8465 2532
8466 2533
8467 2533
8468 2535
8469 2633
8470 2535
8471 2535
8472 2551
8473 2535
8474 2535
8475 2535
8476 2535
8477 2535
8478 2535
8479 2535
8480 2535
8481 2535
8482 2535
8483 2535
8484 2535
8485 2535
8486 2535
8487 2536
8488 2536
8489 2536
8490 2536
8491 2538
8492 2538
8493 2538
8494 2538
8495 2994
8496 2538
8497 2538
8498 2538
8499 2541
8500 2541
8501 2541
8502 2541
8503 2541
8504 2541
8505 2541
8506 2541
8507 2541
8508 2541
8509 2541
8510 2541
8511 2541
8512 2541
8513 2541
8514 2541
8515 2858
8516 2541
8517 2541
8518 2541
8519 2933
8520 2541
8521 2541
8522 2543
8523 2543
8524 2546
8525 2546
8526 2546
8527 2547
8528 3333
8529 2549
8530 2853
8531 2549
8532 2549
8533 2549
8534 2549
8535 2549
8536 2586
8537 2549
8538 3035
8539 2549
8540 2549
8541 2549
8542 3036
8543 2549
8544 2549
8545 2549
8546 2549
8547 2549
8548 2549
8549 3313
8550 2549
8551 2549
8552 2549
8553 2549
8554 2549
8555 3338
8556 2551
8557 2551
8558 2552
8559 2693
8560 2552
8561 2552
8562 2552
8563 2556
8564 2556
8565 2558
8566 2560
8567 2561
8568 2563
8569 2564
8570 2564
8571 2564
8572 2564
8573 2564
8574 2564
8575 2724
8576 2564
8577 2564
8578 2564
8579 2564
8580 2564
8581 2564
8582 2564
8583 2564
8584 2564
8585 3280
8586 2564
8587 3225
8588 2564
8589 2564
8590 2787
8591 2564
8592 2564
8593 3012
8594 2564
8595 2564
8596 2564
8597 2564
8598 2564
8599 2564
8600 2564
8601 2564
8602 2564
8603 2564
8604 2564
8605 2564
8606 2564
8607 2564
8608 2564
8609 2564
8610 2569
8611 2570
8612 2570
8613 2571
8614 2574
8615 2579
8616 2579
8617 2579
8618 2579
8619 2579
8620 2579
8621 2971
8622 2581
8623 2581
8624 2581
8625 2581
8626 2581
8627 2581
8628 2581
8629 2581
8630 2581
8631 2581
8632 2581
8633 2581
8634 2581
8635 2581
8636 2581
8637 2581
8638 2581
8639 2581
8640 3219
8641 2587
8642 3183
8643 2588
8644 2595
8645 2597
8646 2598
8647 2599
8648 2601
8649 2603
8650 2603
8651 2603
8652 2603
8653 2607
8654 2607
8655 2608
8656 2608
8657 3134
8658 2608
8659 2609
8660 2609
8661 2609
8662 2615
8663 2615
8664 2615
8665 2615
8666 2615
8667 2615
8668 2615
8669 3097
8670 2616
8671 2616
8672 2616
8673 2616
8674 2616
8675 2616
8676 2618
8677 2618
8678 2618
8679 2620
8680 2620
8681 2621
8682 2621
8683 2621
8684 2621
8685 2621
8686 3132
8687 2621
8688 2622
8689 3312
8690 2685
8691 2623
8692 2623
8693 2625
8694 2625
8695 2625
8696 2625
8697 2626
8698 2628
8699 2629
8700 2629
8701 2630
8702 2814
8703 2630
8704 2630
8705 2630
8706 2631
8707 2631
8708 2632
8709 2640
8710 2645
8711 2645
8712 2645
8713 2648
8714 3053
8715 2648
8716 2648
8717 2648
8718 2648
8719 2648
8720 2648
8721 3259
8722 2649
8723 2649
8724 2649
8725 2649
8726 2649
8727 2649
8728 2649
8729 2649
8730 2649
8731 2649
8732 2649
8733 2650
8734 2652
8735 2652
8736 2653
8737 2653
8738 2654
8739 2657
8740 2657
8741 2657
8742 2661
8743 3228
8744 2667
8745 2667
8746 2667
8747 3337
8748 2667
8749 2667
8750 2667
8751 2667
8752 2667
8753 2667
8754 2667
8755 2670
8756 2672
8757 3086
8758 2672
8759 2674
8760 2674
8761 2674
8762 2674
8763 3335
8764 2674
8765 2675
8766 2676
8767 2677
8768 2677
8769 2679
8770 2679
8771 2679
8772 2681
8773 2681
8774 2681
8775 2681
8776 2682
8777 2682
8778 2682
8779 2682
8780 3113
8781 2682
8782 3151
8783 2682
8784 2682
8785 2682
8786 2682
8787 2682
8788 2682
8789 2682
8790 2682
8791 3003
8792 2682
8793 2682
8794 2682
8795 2682
8796 2682
8797 3305
8798 2682
8799 3019
8800 2682
8801 2682
8802 2682
8803 2682
8804 2892
8805 2682
8806 2682
8807 2682
8808 2682
8809 2682
8810 2850
8811 2682
8812 2682
8813 2682
8814 2682
8815 2682
8816 2682
8817 2682
8818 2682
8819 2682
8820 2682
8821 2682
8822 2682
8823 2682
8824 2683
8825 2684
8826 2684
8827 2689
8828 2690
8829 2690
8830 2690
8831 2690
8832 2690
8833 2690
8834 2690
8835 2690
8836 2690
8837 2690
8838 2690
8839 2691
8840 2692
8841 2692
8842 2692
8843 2692
8844 2693
8845 2693
8846 2693
8847 2693
8848 2693
8849 2693
8850 2693
8851 2693
8852 2693
8853 2693
8854 2693
8855 2693
8856 2693
8857 2693
8858 2693
8859 2693
8860 2693
8861 2693
8862 2693
8863 2693
8864 2694
8865 2694
8866 2694
8867 2694
8868 2695
8869 2701
8870 2705
8871 2706
8872 2706
8873 2706
8874 2706
8875 2990
8876 2706
8877 2707
8878 2707
8879 2708
8880 2708
8881 2708
8882 2708
8883 2708
8884 2708
8885 2708
8886 2708
8887 2708
8888 2708
8889 2708
8890 2708
8891 2708
8892 2708
8893 2708
8894 2709
8895 2709
8896 2712
8897 2713
8898 2714
8899 2716
8900 2716
8901 2723
8902 2723
8903 2723
8904 2723
8905 2723
8906 2723
8907 2723
8908 2723
8909 2723
8910 2723
8911 2723
8912 2723
8913 2724
8914 2725
8915 2725
8916 2725
8917 2725
8918 2730
8919 2730
8920 2730
8921 2730
8922 2730
8923 2731
8924 2970
8925 2732
8926 2736
8927 2736
8928 2736
8929 2736
8930 2737
8931 2737
8932 2737
8933 2737
8934 2737
8935 2737
8936 2737
8937 2737
8938 2737
8939 2737
8940 2739
8941 2739
8942 3044
8943 2740
8944 2740
8945 2740
8946 2740
8947 2740
8948 2740
8949 2740
8950 2740
8951 2740
8952 2740
8953 2740
8954 2740
8955 2740
8956 2743
8957 2745
8958 2745
8959 2745
8960 2745
8961 2745
8962 2745
8963 2745
8964 2745
8965 3185
8966 2745
8967 2747
8968 2747
8969 2747
8970 2747
8971 2747
8972 2747
8973 2747
8974 2747
8975 2749
8976 2751
8977 2751
8978 2752
8979 2756
8980 2756
8981 2760
8982 2760
8983 2760
8984 2761
8985 2761
8986 2761
8987 2761
8988 2761
8989 2761
8990 2762
8991 2762
8992 2762
8993 2762
8994 2762
8995 2763
8996 2763
8997 2763
8998 2764
8999 2764
9000 3211
9001 2768
9002 2769
9003 2772
9004 2772
9005 2772
9006 2772
9007 2772
9008 2772
9009 2772
9010 2772
9011 3048
9012 2772
9013 2772
9014 2772
9015 2772
9016 3131
9017 2772
9018 2772
9019 2826
9020 2772
9021 2772
9022 2773
9023 2775
9024 2775
9025 2776
9026 2777
9027 2777
9028 2777
9029 2777
9030 2777
9031 2777
9032 2777
9033 2780
9034 2781
9035 2782
9036 2782
9037 2782
9038 2782
9039 2782
9040 2782
9041 2782
9042 2815
9043 2782
9044 2782
9045 2782
9046 2782
9047 2782
9048 2857
9049 2782
9050 2782
9051 2782
9052 3233
9053 2782
9054 2782
9055 2782
9056 2782
9057 2782
9058 2782
9059 2782
9060 2782
9061 2782
9062 2782
9063 2782
9064 2782
9065 2782
9066 2782
9067 2782
9068 2782
9069 2782
9070 2782
9071 2782
9072 2782
9073 2782
9074 2782
9075 2782
9076 2782
9077 2782
9078 2782
9079 2782
9080 2782
9081 2782
9082 2782
9083 2782
9084 2782
9085 2782
9086 2782
9087 2782
9088 2782
9089 2782
9090 2782
9091 2782
9092 2852
9093 2884
9094 2782
9095 2782
9096 2782
9097 2782
9098 2782
9099 2782
9100 2782
9101 2782
9102 2782
9103 2782
9104 2782
9105 3063
9106 2782
9107 2782
9108 2782
9109 2782
9110 2782
9111 2782
9112 2782
9113 2782
9114 2782
9115 2782
9116 2782
9117 2782
9118 2782
9119 2782
9120 2782
9121 2782
9122 2782
9123 2782
9124 2782
9125 2782
9126 2782
9127 2782
9128 2782
9129 2782
9130 2782
9131 2782
9132 2962
9133 2782
9134 2782
9135 2782
9136 2782
9137 2782
9138 2782
9139 2782
9140 2782
9141 2782
9142 2872
9143 2782
9144 2782
9145 2782
9146 2782
9147 3163
9148 2891
9149 2782
9150 2782
9151 2782
9152 2782
9153 2782
9154 2782
9155 2782
9156 2782
9157 2782
9158 2782
9159 2782
9160 2782
9161 2851
9162 2783
9163 3058
9164 2783
9165 2783
9166 2783
9167 3214
9168 2787
9169 2787
9170 2787
9171 2788
9172 2788
9173 2788
9174 2791
9175 2791
9176 3177
9177 3198
9178 2982
9179 3009
9180 2794
9181 2794
9182 2794
9183 2842
9184 2794
9185 2794
9186 2794
9187 2832
9188 2817
9189 2795
9190 2999
9191 2795
9192 2795
9193 2796
9194 2797
9195 2799
9196 2802
9197 2802
9198 2802
9199 2802
9200 2802
9201 2803
9202 2803
9203 2805
9204 2805
9205 2808
9206 2811
9207 2813
9208 2813
9209 2813
9210 2818
9211 2818
9212 2819
9213 2819
9214 2826
9215 2826
9216 2826
9217 2829
9218 2829
9219 2829
9220 2829
9221 2829
9222 2829
9223 2831
9224 2831
9225 2831
9226 2831
9227 2831
9228 2831
9229 2834
9230 2835
9231 2836
9232 2836
9233 2836
9234 2837
9235 2838
9236 2838
9237 2838
9238 2841
9239 2841
9240 2841
9241 2948
9242 2841
9243 2841
9244 2841
9245 2842
9246 2843
9247 2843
9248 3050
9249 2844
9250 2846
9251 2849
9252 2850
9253 2850
9254 2850
9255 2850
9256 2850
9257 2850
9258 2850
9259 2850
9260 2851
9261 2851
9262 2851
9263 2851
9264 2851
9265 2851
9266 2945
9267 2851
9268 2851
9269 2851
9270 2851
9271 2853
9272 2853
9273 2853
9274 2855
9275 2859
9276 2860
9277 2863
9278 2863
9279 2863
9280 2864
9281 2871
9282 2871
9283 2871
9284 2875
9285 2876
9286 2878
9287 2882
9288 2883
9289 2883
9290 2883
9291 2883
9292 2883
9293 2883
9294 2883
9295 2883
9296 2883
9297 2883
9298 2883
9299 2883
9300 2883
9301 2883
9302 2884
9303 2884
9304 2884
9305 2889
9306 2889
9307 2889
9308 2889
9309 2889
9310 2946
9311 2895
9312 2895
9313 3115
9314 2897
9315 2897
9316 2900
9317 2901
9318 2901
9319 2910
9320 2910
9321 2914
9322 2915
9323 2915
9324 3265
9325 2920
9326 2921
9327 2922
9328 2922
9329 2923
9330 2926
9331 2929
9332 2929
9333 2929
9334 2929
9335 2930
9336 2934
9337 3227
9338 2936
9339 2936
9340 2936
9341 2936
9342 3077
9343 2938
9344 2945
9345 2945
9346 3299
9347 2954
9348 2955
9349 2955
9350 2957
9351 2958
9352 2960
9353 2960
9354 2960
9355 2960
9356 2962
9357 2964
9358 2965
9359 2968
9360 2970
9361 2970
9362 2971
9363 2971
9364 2971
9365 2971
9366 2972
9367 2972
9368 2972
9369 2972
9370 3232
9371 2973
9372 2973
9373 2973
9374 2975
9375 2975
9376 2975
9377 2976
9378 2977
9379 2977
9380 2982
9381 2983
9382 2983
9383 2985
9384 2987
9385 2987
9386 2989
9387 2991
9388 2992
9389 3196
9390 2992
9391 2993
9392 2994
9393 2994
9394 2995
9395 2995
9396 2995
9397 2995
9398 2995
9399 2995
9400 2995
9401 2995
9402 2995
9403 2995
9404 2995
9405 2995
9406 2996
9407 2997
9408 2997
9409 2998
9410 2999
9411 3002
9412 3002
9413 3002
9414 3002
9415 3002
9416 3002
9417 3002
9418 3002
9419 3004
9420 3004
9421 3004
9422 3004
9423 3004
9424 3004
9425 3004
9426 3004
9427 3004
9428 3004
9429 3004
9430 3004
9431 3004
9432 3004
9433 3004
9434 3004
9435 3005
9436 3005
9437 3009
9438 3009
9439 3010
9440 3011
9441 3013
9442 3014
9443 3014
9444 3015
9445 3017
9446 3017
9447 3020
9448 3020
9449 3020
9450 3020
9451 3021
9452 3024
9453 3024
9454 3024
9455 3028
9456 3028
9457 3029
9458 3206
9459 3029
9460 3029
9461 3029
9462 3029
9463 3029
9464 3029
9465 3029
9466 3029
9467 3029
9468 3029
9469 3032
9470 3032
9471 3032
9472 3279
9473 3032
9474 3032
9475 3106
9476 3032
9477 3032
9478 3032
9479 3032
9480 3032
9481 3119
9482 3032
9483 3032
9484 3033
9485 3037
9486 3037
9487 3037
9488 3037
9489 3037
9490 3037
9491 3038
9492 3038
9493 3038
9494 3038
9495 3038
9496 3039
9497 3039
9498 3039
9499 3039
9500 3039
9501 3039
9502 3039
9503 3041
9504 3041
9505 3042
9506 3042
9507 3042
9508 3042
9509 3042
9510 3043
9511 3044
9512 3045
9513 3047
9514 3047
9515 3047
9516 3047
9517 3047
9518 3047
9519 3047
9520 3047
9521 3047
9522 3047
9523 3047
9524 3047
9525 3050
9526 3050
9527 3054
9528 3054
9529 3055
9530 3055
9531 3055
9532 3055
9533 3055
9534 3055
9535 3055
9536 3055
9537 3055
9538 3055
9539 3057
9540 3057
9541 3057
9542 3057
9543 3057
9544 3057
9545 3057
9546 3057
9547 3057
9548 3057
9549 3057
9550 3057
9551 3057
9552 3057
9553 3058
9554 3058
9555 3320
9556 3058
9557 3058
9558 3058
9559 3058
9560 3058
9561 3058
9562 3058
9563 3059
9564 3059
9565 3061
9566 3063
9567 3063
9568 3069
9569 3070
9570 3076
9571 3076
9572 3076
9573 3076
9574 3078
9575 3078
9576 3078
9577 3078
9578 3078
9579 3078
9580 3078
9581 3078
9582 3078
9583 3078
9584 3078
9585 3078
9586 3078
9587 3078
9588 3078
9589 3078
9590 3078
9591 3078
9592 3078
9593 3078
9594 3078
9595 3078
9596 3078
9597 3078
9598 3078
9599 3078
9600 3078
9601 3078
9602 3078
9603 3078
9604 3078
9605 3078
9606 3078
9607 3078
9608 3078
9609 3078
9610 3078
9611 3078
9612 3078
9613 3078
9614 3078
9615 3078
9616 3078
9617 3080
9618 3080
9619 3081
9620 3082
9621 3083
9622 3083
9623 3083
9624 3083
9625 3083
9626 3084
9627 3085
9628 3248
9629 3089
9630 3089
9631 3090
9632 3092
9633 3095
9634 3095
9635 3095
9636 3096
9637 3097
9638 3097
9639 3097
9640 3097
9641 3097
9642 3098
9643 3101
9644 3103
9645 3103
9646 3103
9647 3105
9648 3105
9649 3105
9650 3105
9651 3106
9652 3106
9653 3106
9654 3108
9655 3111
9656 3119
9657 3121
9658 3121
9659 3121
9660 3121
9661 3121
9662 3121
9663 3125
9664 3176
9665 3127
9666 3127
9667 3127
9668 3128
9669 3128
9670 3128
9671 3128
9672 3128
9673 3128
9674 3128
9675 3128
9676 3128
9677 3128
9678 3128
9679 3130
9680 3130
9681 3327
9682 3130
9683 3131
9684 3131
9685 3131
9686 3131
9687 3132
9688 3132
9689 3132
9690 3132
9691 3132
9692 3132
9693 3132
9694 3132
9695 3132
9696 3132
9697 3132
9698 3132
9699 3132
9700 3132
9701 3132
9702 3243
9703 3134
9704 3134
9705 3134
9706 3134
9707 3135
9708 3135
9709 3135
9710 3136
9711 3136
9712 3136
9713 3136
9714 3136
9715 3137
9716 3137
9717 3137
9718 3137
9719 3137
9720 3137
9721 3137
9722 3140
9723 3141
9724 3143
9725 3148
9726 3151
9727 3152
9728 3153
9729 3153
9730 3163
9731 3166
9732 3166
9733 3166
9734 3166
9735 3168
9736 3172
9737 3174
9738 3174
9739 3175
9740 3175
9741 3277
9742 3176
9743 3176
9744 3176
9745 3176
9746 3176
9747 3176
9748 3176
9749 3176
9750 3176
9751 3177
9752 3177
9753 3180
9754 3180
9755 3182
9756 3182
9757 3182
9758 3182
9759 3182
9760 3182
9761 3184
9762 3185
9763 3185
9764 3185
9765 3185
9766 3185
9767 3186
9768 3187
9769 3188
9770 3190
9771 3190
9772 3190
9773 3190
9774 3191
9775 3192
9776 3192
9777 3192
9778 3195
9779 3195
9780 3195
9781 3195
9782 3195
9783 3195
9784 3197
9785 3200
9786 3202
9787 3202
9788 3202
9789 3202
9790 3202
9791 3202
9792 3205
9793 3208
9794 3208
9795 3208
9796 3208
9797 3208
9798 3208
9799 3208
9800 3210
9801 3210
9802 3210
9803 3210
9804 3210
9805 3210
9806 3210
9807 3210
9808 3210
9809 3214
9810 3216
9811 3216
9812 3216
9813 3217
9814 3217
9815 3220
9816 3220
9817 3221
9818 3221
9819 3222
9820 3226
9821 3228
9822 3228
9823 3229
9824 3229
9825 3230
9826 3230
9827 3232
9828 3232
9829 3236
9830 3236
9831 3236
9832 3237
9833 3237
9834 3237
9835 3240
9836 3240
9837 3240
9838 3240
9839 3240
9840 3240
9841 3242
9842 3244
9843 3245
9844 3245
9845 3245
9846 3245
9847 3246
9848 3246
9849 3250
9850 3255
9851 3255
9852 3257
9853 3257
9854 3259
9855 3260
9856 3261
9857 3261
9858 3264
9859 3264
9860 3268
9861 3268
9862 3268
9863 3268
9864 3268
9865 3271
9866 3273
9867 3273
9868 3273
9869 3273
9870 3273
9871 3274
9872 3274
9873 3274
9874 3275
9875 3275
9876 3278
9877 3278
9878 3279
9879 3279
9880 3280
9881 3280
9882 3281
9883 3281
9884 3281
9885 3281
9886 3281
9887 3281
9888 3281
9889 3281
9890 3281
9891 3281
9892 3281
9893 3281
9894 3281
9895 3283
9896 3287
9897 3287
9898 3287
9899 3287
9900 3290
9901 3291
9902 3293
9903 3295
9904 3295
9905 3295
9906 3296
9907 3296
9908 3296
9909 3297
9910 3297
9911 3299
9912 3299
9913 3299
9914 3301
9915 3301
9916 3303
9917 3303
9918 3303
9919 3303
9920 3304
9921 3305
9922 3305
9923 3305
9924 3305
9925 3305
9926 3305
9927 3305
9928 3305
9929 3305
9930 3305
9931 3305
9932 3305
9933 3305
9934 3305
9935 3305
9936 3305
9937 3305
9938 3305
9939 3305
9940 3305
9941 3305
9942 3305
9943 3305
9944 3306
9945 3307
9946 3308
9947 3313
9948 3313
9949 3313
9950 3314
9951 3317
9952 3317
9953 3318
9954 3318
9955 3319
9956 3322
9957 3322
9958 3322
9959 3325
9960 3325
9961 3325
9962 3326
9963 3331
9964 3331
9965 3331
9966 3331
9967 3332
9968 3332
9969 3334
9970 3334
9971 3334
9972 3334
9973 3336
9974 3336
9975 3336
9976 3336
9977 3336
9978 3336
9979 3337
9980 3338
9981 3338
9982 3338
9983 3338
9984 3338
9985 3338
9986 3338
9987 3338
9988 3338
9989 3338
9990 3338
9991 3338
9992 3339
9993 3339
9994 3340
9995 3340
9996 3340
9997 3340
9998 3341
9999 3342
