10000 9999
1 0
2 1
3 2
4 0
5 4
6 2
7 3
8 7
9 2
10 3
11 7
12 2
13 3
14 11
15 7
16 7
17 2
18 13
19 3
20 7
21 20
22 15
23 4
24 18
25 18
26 15
27 2
28 2
29 24
30 2
31 18
32 30
33 9
34 31
35 2
36 2
37 2
38 37
39 28
40 3
41 18
42 18
43 39
44 18
45 36
46 42
47 30
48 2
49 21
50 43
51 30
52 48
53 15
54 18
55 52
56 43
57 17
58 51
59 47
60 55
61 2
62 49
63 14
64 5
65 2
66 6
67 18
68 30
69 68
70 18
71 32
72 54
73 2
74 34
75 52
76 43
77 43
78 22
79 43
80 18
81 78
82 37
83 46
84 57
85 2
86 49
87 30
88 87
89 79
90 63
91 29
92 53
93 53
94 2
95 26
96 51
97 43
98 51
99 86
100 54
101 43
102 38
103 85
104 51
105 97
106 55
107 89
108 65
109 30
110 98
111 30
112 58
113 43
114 2
115 52
116 10
117 50
118 37
119 27
120 54
121 24
122 105
123 56
124 71
125 74
126 101
127 16
128 117
129 117
130 113
131 124
132 125
133 100
134 101
135 35
136 87
137 64
138 51
139 119
140 128
141 30
142 101
143 43
144 121
145 46
146 92
147 59
148 141
149 51
150 68
151 116
152 116
153 73
154 101
155 96
156 126
157 17
158 134
159 79
160 51
161 40
162 148
163 99
164 54
165 15
166 12
167 144
168 84
169 67
170 165
171 30
172 79
173 76
174 64
175 73
176 146
177 76
178 63
179 92
180 86
181 152
182 87
183 19
184 134
185 113
186 45
187 178
188 141
189 184
190 156
191 113
192 83
193 101
194 40
195 159
196 193
197 93
198 113
199 74
200 54
201 139
202 18
203 149
204 202
205 193
206 133
207 107
208 54
209 141
210 73
211 133
212 178
213 178
214 77
215 178
216 87
217 142
218 146
219 198
220 18
221 52
222 46
223 110
224 213
225 224
226 182
227 160
228 132
229 220
230 130
231 216
232 7
233 190
234 106
235 164
236 40
237 117
238 173
239 216
240 206
241 206
242 175
243 86
244 51
245 206
246 161
247 176
248 202
249 184
250 220
251 202
252 147
253 63
254 109
255 45
256 66
257 199
258 37
259 191
260 220
261 8
262 113
263 141
264 215
265 51
266 143
267 189
268 239
269 244
270 149
271 43
272 51
273 245
274 86
275 171
276 112
277 49
278 184
279 193
280 193
281 181
282 248
283 226
284 54
285 86
286 30
287 197
288 94
289 198
290 279
291 290
292 153
293 150
294 35
295 142
296 171
297 233
298 273
299 276
300 168
301 138
302 86
303 273
304 101
305 51
306 113
307 75
308 117
309 285
310 202
311 30
312 309
313 295
314 313
315 198
316 79
317 315
318 116
319 220
320 82
321 254
322 216
323 257
324 52
325 220
326 142
327 145
328 193
329 23
330 280
331 273
332 258
333 234
334 273
335 325
336 220
337 263
338 50
339 118
340 165
341 220
342 283
343 313
344 249
345 300
346 178
347 71
348 17
349 220
350 273
351 219
352 333
353 310
354 191
355 308
356 183
357 325
358 157
359 354
360 287
361 202
362 142
363 163
364 105
365 182
366 334
367 273
368 49
369 335
370 193
371 101
372 51
373 362
374 30
375 289
376 110
377 193
378 268
379 289
380 309
381 377
382 103
383 332
384 337
385 243
386 222
387 122
388 63
389 133
390 297
391 386
392 244
393 282
394 309
395 62
396 236
397 309
398 385
399 149
400 113
401 300
402 352
403 378
404 350
405 385
406 378
407 18
408 193
409 282
410 104
411 289
412 186
413 29
414 68
415 385
416 309
417 147
418 362
419 362
420 309
421 411
422 267
423 227
424 282
425 331
426 398
427 239
428 325
429 256
430 117
431 325
432 240
433 385
434 400
435 282
436 96
437 164
438 420
439 118
440 96
441 377
442 108
443 150
444 350
445 220
446 425
447 425
448 339
449 159
450 46
451 185
452 193
453 191
454 81
455 206
456 289
457 154
458 54
459 215
460 375
461 229
462 285
463 273
464 385
465 448
466 311
467 435
468 420
469 382
470 212
471 101
472 454
473 425
474 446
475 155
476 465
477 469
478 469
479 362
480 91
481 362
482 385
483 172
484 421
485 479
486 425
487 469
488 38
489 191
490 363
491 411
492 282
493 53
494 54
495 222
496 469
497 159
498 459
499 476
500 498
501 332
502 387
503 282
504 113
505 362
506 325
507 184
508 251
509 67
510 319
511 469
512 406
513 237
514 199
515 384
516 367
517 469
518 309
519 310
520 469
521 220
522 338
523 465
524 520
525 191
526 396
527 220
528 117
529 30
530 446
531 438
532 194
533 158
534 108
535 346
536 469
537 354
538 376
539 101
540 503
541 44
542 385
543 425
544 440
545 162
546 429
547 146
548 362
549 547
550 308
551 341
552 301
553 339
554 532
555 503
556 506
557 88
558 490
559 539
560 352
561 344
562 508
563 514
564 385
565 564
566 515
567 171
568 540
569 369
570 486
571 282
572 131
573 142
574 425
575 212
576 469
577 361
578 139
579 516
580 311
581 505
582 386
583 540
584 385
585 531
586 206
587 18
588 561
589 578
590 385
591 531
592 425
593 469
594 81
595 282
596 469
597 196
598 584
599 584
600 425
601 273
602 392
603 532
604 345
605 40
606 153
607 487
608 220
609 505
610 184
611 505
612 469
613 370
614 282
615 611
616 199
617 584
618 134
619 584
620 131
621 505
622 473
623 586
624 441
625 385
626 519
627 447
628 584
629 174
630 607
631 465
632 425
633 204
634 482
635 411
636 385
637 430
638 330
639 439
640 396
641 362
642 469
643 530
644 60
645 587
646 146
647 260
648 485
649 431
650 282
651 314
652 584
653 614
654 411
655 602
656 84
657 377
658 541
659 282
660 350
661 586
662 113
663 292
664 551
665 95
666 469
667 566
668 447
669 584
670 585
671 405
672 569
673 469
674 639
675 340
676 585
677 616
678 26
679 171
680 666
681 584
682 312
683 679
684 638
685 309
686 251
687 469
688 650
689 679
690 393
691 638
692 530
693 555
694 270
695 503
696 342
697 569
698 114
699 469
700 584
701 282
702 542
703 697
704 611
705 177
706 569
707 431
708 321
709 526
710 698
711 429
712 434
713 584
714 438
715 698
716 505
717 551
718 596
719 586
720 534
721 201
722 409
723 471
724 273
725 633
726 307
727 585
728 250
729 423
730 469
731 379
732 672
733 696
734 697
735 706
736 734
737 490
738 205
739 469
740 272
741 651
742 505
743 449
744 724
745 220
746 569
747 561
748 638
749 540
750 558
751 468
752 584
753 553
754 698
755 75
756 567
757 584
758 530
759 602
760 331
761 688
762 584
763 469
764 580
765 662
766 698
767 309
768 697
769 724
770 327
771 557
772 698
773 503
774 131
775 603
776 586
777 476
778 625
779 469
780 362
781 200
782 436
783 697
784 255
785 584
786 459
787 584
788 505
789 425
790 561
791 191
792 778
793 584
794 75
795 679
796 772
797 674
798 637
799 672
800 584
801 698
802 633
803 206
804 469
805 698
806 268
807 732
808 683
809 698
810 698
811 584
812 705
813 531
814 567
815 375
816 414
817 399
818 638
819 113
820 532
821 319
822 301
823 352
824 505
825 501
826 679
827 503
828 152
829 610
830 505
831 584
832 473
833 469
834 537
835 400
836 720
837 585
838 349
839 61
840 502
841 391
842 841
843 459
844 698
845 551
846 698
847 814
848 697
849 666
850 698
851 363
852 473
853 370
854 679
855 81
856 638
857 415
858 573
859 371
860 737
861 772
862 584
863 385
864 614
865 584
866 506
867 624
868 201
869 811
870 210
871 584
872 697
873 625
874 363
875 151
876 474
877 671
878 640
879 633
880 613
881 584
882 500
883 425
884 796
885 784
886 426
887 593
888 764
889 354
890 315
891 33
892 800
893 499
894 425
895 737
896 577
897 697
898 324
899 193
900 350
901 257
902 804
903 698
904 569
905 87
906 552
907 569
908 502
909 474
910 362
911 525
912 487
913 614
914 385
915 551
916 784
917 437
918 698
919 507
920 602
921 796
922 698
923 489
924 199
925 772
926 698
927 796
928 840
929 679
930 625
931 698
932 801
933 796
934 505
935 273
936 935
937 474
938 329
939 666
940 697
941 775
942 740
943 505
944 300
945 171
946 697
947 506
948 196
949 614
950 763
951 46
952 672
953 609
954 411
955 309
956 892
957 649
958 938
959 916
960 846
961 881
962 503
963 751
964 481
965 873
966 425
967 837
968 698
969 901
970 698
971 276
972 584
973 902
974 447
975 796
976 937
977 972
978 679
979 956
980 958
981 509
982 663
983 605
984 677
985 979
986 625
987 676
988 73
989 924
990 853
991 505
992 425
993 807
994 809
995 892
996 408
997 865
998 986
999 646
1000 396
1001 697
1002 216
1003 679
1004 574
1005 584
1006 666
1007 684
1008 331
1009 698
1010 230
1011 892
1012 488
1013 561
1014 974
1015 698
1016 726
1017 81
1018 670
1019 861
1020 155
1021 698
1022 220
1023 906
1024 718
1025 583
1026 817
1027 882
1028 928
1029 976
1030 461
1031 957
1032 140
1033 697
1034 186
1035 484
1036 941
1037 662
1038 1019
1039 903
1040 890
1041 457
1042 972
1043 496
1044 198
1045 698
1046 924
1047 211
1048 579
1049 362
1050 799
1051 998
1052 465
1053 1027
1054 698
1055 796
1056 584
1057 282
1058 551
1059 833
1060 584
1061 505
1062 678
1063 854
1064 698
1065 378
1066 52
1067 1042
1068 771
1069 437
1070 991
1071 808
1072 726
1073 820
1074 1009
1075 982
1076 584
1077 283
1078 873
1079 962
1080 1049
1081 697
1082 937
1083 732
1084 120
1085 584
1086 936
1087 895
1088 697
1089 788
1090 832
1091 664
1092 576
1093 697
1094 168
1095 937
1096 74
1097 697
1098 841
1099 464
1100 1070
1101 984
1102 113
1103 404
1104 1049
1105 520
1106 533
1107 382
1108 296
1109 677
1110 385
1111 611
1112 469
1113 299
1114 807
1115 438
1116 841
1117 1049
1118 1114
1119 830
1120 698
1121 241
1122 959
1123 375
1124 1029
1125 961
1126 697
1127 425
1128 715
1129 584
1130 25
1131 1074
1132 54
1133 476
1134 1005
1135 1123
1136 849
1137 886
1138 1031
1139 476
1140 362
1141 1094
1142 70
1143 697
1144 400
1145 1049
1146 503
1147 1119
1148 1049
1149 796
1150 629
1151 1121
1152 339
1153 573
1154 1019
1155 634
1156 696
1157 841
1158 904
1159 1014
1160 589
1161 356
1162 113
1163 662
1164 1082
1165 309
1166 425
1167 1048
1168 584
1169 385
1170 502
1171 30
1172 512
1173 400
1174 912
1175 827
1176 1071
1177 1026
1178 458
1179 290
1180 1139
1181 1137
1182 772
1183 1079
1184 421
1185 937
1186 657
1187 979
1188 960
1189 476
1190 252
1191 505
1192 768
1193 787
1194 1130
1195 1153
1196 198
1197 691
1198 968
1199 634
1200 1005
1201 698
1202 1121
1203 454
1204 633
1205 841
1206 475
1207 587
1208 814
1209 929
1210 662
1211 584
1212 390
1213 395
1214 532
1215 906
1216 697
1217 900
1218 747
1219 1088
1220 870
1221 484
1222 1019
1223 945
1224 346
1225 469
1226 51
1227 906
1228 1049
1229 854
1230 611
1231 590
1232 431
1233 796
1234 979
1235 966
1236 178
1237 772
1238 1051
1239 298
1240 51
1241 759
1242 459
1243 1169
1244 1084
1245 638
1246 400
1247 1122
1248 505
1249 796
1250 688
1251 796
1252 594
1253 1251
1254 502
1255 1121
1256 695
1257 584
1258 918
1259 1168
1260 447
1261 858
1262 1153
1263 505
1264 1151
1265 1029
1266 220
1267 488
1268 1150
1269 584
1270 730
1271 1150
1272 385
1273 937
1274 1038
1275 222
1276 1267
1277 698
1278 1027
1279 1000
1280 551
1281 937
1282 411
1283 167
1284 51
1285 698
1286 105
1287 1049
1288 924
1289 1054
1290 584
1291 1172
1292 171
1293 1180
1294 385
1295 1083
1296 1020
1297 1049
1298 564
1299 1207
1300 1108
1301 286
1302 1012
1303 400
1304 796
1305 1049
1306 979
1307 521
1308 1029
1309 584
1310 1019
1311 1173
1312 698
1313 1174
1314 463
1315 716
1316 1286
1317 1203
1318 949
1319 1131
1320 670
1321 584
1322 191
1323 346
1324 819
1325 945
1326 548
1327 721
1328 584
1329 1155
1330 147
1331 2
1332 715
1333 1168
1334 893
1335 450
1336 1242
1337 464
1338 98
1339 787
1340 861
1341 625
1342 1286
1343 698
1344 841
1345 1286
1346 41
1347 567
1348 425
1349 1341
1350 1160
1351 37
1352 1311
1353 625
1354 584
1355 1312
1356 1326
1357 1249
1358 1242
1359 1065
1360 962
1361 697
1362 1114
1363 960
1364 903
1365 1110
1366 935
1367 1329
1368 862
1369 698
1370 680
1371 576
1372 1029
1373 981
1374 105
1375 1209
1376 362
1377 601
1378 781
1379 193
1380 723
1381 1160
1382 460
1383 878
1384 356
1385 1328
1386 1091
1387 762
1388 384
1389 1277
1390 1173
1391 1128
1392 1235
1393 996
1394 425
1395 512
1396 77
1397 1325
1398 1265
1399 896
1400 1266
1401 835
1402 1388
1403 216
1404 1094
1405 1114
1406 1375
1407 1129
1408 972
1409 937
1410 476
1411 161
1412 551
1413 487
1414 1118
1415 1296
1416 1114
1417 216
1418 855
1419 1113
1420 289
1421 1153
1422 668
1423 1281
1424 588
1425 900
1426 706
1427 584
1428 1024
1429 1126
1430 453
1431 52
1432 1035
1433 947
1434 1349
1435 145
1436 951
1437 706
1438 1391
1439 1102
1440 783
1441 1302
1442 1268
1443 906
1444 1400
1445 820
1446 584
1447 914
1448 1308
1449 918
1450 697
1451 1341
1452 1158
1453 1385
1454 1286
1455 459
1456 933
1457 826
1458 979
1459 803
1460 262
1461 626
1462 1168
1463 1451
1464 1225
1465 1156
1466 679
1467 505
1468 575
1469 584
1470 927
1471 999
1472 1328
1473 1062
1474 1416
1475 698
1476 1407
1477 223
1478 963
1479 1011
1480 1160
1481 1328
1482 139
1483 1393
1484 907
1485 1083
1486 1320
1487 1053
1488 859
1489 607
1490 1234
1491 1150
1492 1207
1493 1320
1494 1210
1495 1049
1496 1150
1497 892
1498 722
1499 698
1500 1049
1501 808
1502 798
1503 300
1504 178
1505 1066
1506 1385
1507 1451
1508 1279
1509 309
1510 1320
1511 698
1512 846
1513 584
1514 492
1515 381
1516 956
1517 1039
1518 698
1519 1489
1520 1206
1521 741
1522 469
1523 585
1524 1049
1525 697
1526 1153
1527 1405
1528 299
1529 1032
1530 981
1531 1049
1532 518
1533 1027
1534 1341
1535 505
1536 469
1537 469
1538 1473
1539 1103
1540 697
1541 1312
1542 596
1543 1062
1544 1481
1545 707
1546 183
1547 597
1548 1250
1549 638
1550 1153
1551 214
1552 1134
1553 1373
1554 1297
1555 1333
1556 1468
1557 1353
1558 1417
1559 432
1560 1141
1561 1450
1562 900
1563 872
1564 240
1565 1121
1566 579
1567 766
1568 1376
1569 1004
1570 531
1571 1118
1572 531
1573 1263
1574 1233
1575 81
1576 134
1577 796
1578 1521
1579 1535
1580 584
1581 1291
1582 154
1583 1066
1584 504
1585 723
1586 385
1587 1432
1588 999
1589 1560
1590 384
1591 970
1592 1415
1593 960
1594 1436
1595 1017
1596 1043
1597 1389
1598 1180
1599 1441
1600 1185
1601 1112
1602 679
1603 443
1604 650
1605 1540
1606 362
1607 615
1608 1180
1609 1320
1610 1436
1611 474
1612 552
1613 268
1614 541
1615 223
1616 1424
1617 1311
1618 614
1619 1278
1620 679
1621 1616
1622 1586
1623 1114
1624 1355
1625 1481
1626 584
1627 1207
1628 1467
1629 1286
1630 697
1631 416
1632 1061
1633 517
1634 1489
1635 206
1636 1389
1637 1320
1638 827
1639 937
1640 207
1641 638
1642 1577
1643 1397
1644 1617
1645 530
1646 639
1647 406
1648 1363
1649 176
1650 417
1651 1033
1652 786
1653 220
1654 904
1655 1049
1656 1458
1657 1062
1658 1339
1659 346
1660 1212
1661 580
1662 1385
1663 906
1664 526
1665 827
1666 208
1667 238
1668 584
1669 700
1670 1451
1671 1364
1672 1153
1673 1466
1674 1583
1675 425
1676 797
1677 1126
1678 1001
1679 1289
1680 1556
1681 569
1682 1061
1683 1339
1684 176
1685 192
1686 513
1687 1168
1688 937
1689 1013
1690 508
1691 638
1692 1230
1693 506
1694 1207
1695 1511
1696 1299
1697 1257
1698 1608
1699 1243
1700 1122
1701 1179
1702 54
1703 138
1704 881
1705 1178
1706 997
1707 1363
1708 1296
1709 1175
1710 697
1711 1489
1712 418
1713 963
1714 1097
1715 1155
1716 844
1717 1617
1718 505
1719 602
1720 18
1721 271
1722 1581
1723 679
1724 1153
1725 1657
1726 425
1727 406
1728 650
1729 425
1730 1195
1731 644
1732 873
1733 1268
1734 999
1735 1519
1736 698
1737 664
1738 1451
1739 425
1740 264
1741 1557
1742 796
1743 1562
1744 523
1745 697
1746 697
1747 1715
1748 1668
1749 207
1750 1065
1751 113
1752 796
1753 1468
1754 1598
1755 1666
1756 1160
1757 300
1758 1049
1759 273
1760 1746
1761 1027
1762 1270
1763 1719
1764 1642
1765 861
1766 1206
1767 698
1768 385
1769 1410
1770 1551
1771 1243
1772 1708
1773 1675
1774 1057
1775 1320
1776 1049
1777 1704
1778 1389
1779 1739
1780 1132
1781 1718
1782 900
1783 1185
1784 1060
1785 529
1786 584
1787 1775
1788 584
1789 639
1790 1423
1791 1508
1792 599
1793 385
1794 1312
1795 1268
1796 1450
1797 385
1798 1231
1799 1219
1800 862
1801 841
1802 1715
1803 1049
1804 1784
1805 1537
1806 1746
1807 1272
1808 1803
1809 695
1810 1132
1811 670
1812 1451
1813 397
1814 996
1815 770
1816 1317
1817 887
1818 1643
1819 111
1820 101
1821 1071
1822 1392
1823 650
1824 1684
1825 545
1826 905
1827 1476
1828 417
1829 1607
1830 1617
1831 1618
1832 658
1833 754
1834 220
1835 698
1836 1216
1837 892
1838 213
1839 1337
1840 1652
1841 1049
1842 584
1843 1185
1844 1388
1845 1651
1846 1160
1847 1525
1848 697
1849 1049
1850 1016
1851 1114
1852 1320
1853 697
1854 994
1855 1062
1856 1114
1857 636
1858 1755
1859 469
1860 1814
1861 1566
1862 1320
1863 1617
1864 1508
1865 1061
1866 1568
1867 1680
1868 1317
1869 979
1870 584
1871 1643
1872 410
1873 755
1874 799
1875 513
1876 1184
1877 1794
1878 67
1879 1121
1880 1049
1881 450
1882 1511
1883 1049
1884 1019
1885 1287
1886 1591
1887 1645
1888 1508
1889 1628
1890 781
1891 1328
1892 503
1893 1142
1894 1489
1895 633
1896 1001
1897 413
1898 1751
1899 594
1900 1619
1901 1351
1902 978
1903 300
1904 527
1905 906
1906 1715
1907 962
1908 1788
1909 1776
1910 726
1911 1335
1912 1803
1913 651
1914 1689
1915 19
1916 425
1917 698
1918 1643
1919 1893
1920 1667
1921 524
1922 180
1923 1086
1924 1527
1925 1658
1926 584
1927 1888
1928 701
1929 1766
1930 1643
1931 1749
1932 74
1933 291
1934 1463
1935 1013
1936 611
1937 669
1938 1192
1939 1707
1940 1921
1941 611
1942 1374
1943 1858
1944 1725
1945 1437
1946 474
1947 1504
1948 385
1949 698
1950 1189
1951 906
1952 1137
1953 681
1954 1750
1955 1155
1956 712
1957 584
1958 1440
1959 19
1960 1632
1961 385
1962 1815
1963 1114
1964 1791
1965 1155
1966 1631
1967 1876
1968 1389
1969 1049
1970 1873
1971 1396
1972 1391
1973 172
1974 1888
1975 1285
1976 1049
1977 699
1978 880
1979 679
1980 678
1981 206
1982 1668
1983 425
1984 114
1985 1767
1986 1607
1987 891
1988 1312
1989 1297
1990 1284
1991 923
1992 567
1993 638
1994 853
1995 400
1996 520
1997 602
1998 1023
1999 1311
2000 979
2001 1425
2002 1912
2003 1114
2004 905
2005 1976
2006 1901
2007 343
2008 1422
2009 1207
2010 1822
2011 1815
2012 1341
2013 764
2014 400
2015 537
2016 1254
2017 1623
2018 584
2019 1437
2020 403
2021 1049
2022 586
2023 697
2024 845
2025 1427
2026 1539
2027 1643
2028 1160
2029 372
2030 666
2031 1478
2032 541
2033 425
2034 1153
2035 1990
2036 644
2037 1516
2038 941
2039 1534
2040 1650
2041 1570
2042 1376
2043 503
2044 715
2045 137
2046 1037
2047 1288
2048 431
2049 1428
2050 1019
2051 309
2052 1476
2053 698
2054 1358
2055 666
2056 409
2057 1784
2058 1990
2059 1715
2060 202
2061 1508
2062 1635
2063 1542
2064 1758
2065 1683
2066 1147
2067 382
2068 906
2069 697
2070 1873
2071 796
2072 1132
2073 1605
2074 679
2075 457
2076 2009
2077 1957
2078 469
2079 1651
2080 1652
2081 2017
2082 588
2083 259
2084 1538
2085 1237
2086 1011
2087 1175
2088 1351
2089 1186
2090 374
2091 1426
2092 672
2093 1969
2094 1049
2095 1159
2096 425
2097 1389
2098 1300
2099 1286
2100 1419
2101 1912
2102 447
2103 781
2104 1537
2105 678
2106 720
2107 1064
2108 885
2109 2101
2110 1300
2111 273
2112 2033
2113 1953
2114 352
2115 1828
2116 1340
2117 697
2118 1771
2119 1953
2120 1459
2121 1607
2122 2067
2123 1514
2124 1937
2125 962
2126 1185
2127 1937
2128 924
2129 584
2130 1573
2131 1507
2132 757
2133 385
2134 191
2135 2095
2136 1153
2137 1990
2138 1102
2139 1196
2140 561
2141 646
2142 846
2143 866
2144 963
2145 810
2146 2009
2147 638
2148 564
2149 1434
2150 1382
2151 1012
2152 1163
2153 698
2154 1715
2155 1198
2156 796
2157 1760
2158 1033
2159 2090
2160 698
2161 1053
2162 522
2163 1528
2164 1826
2165 939
2166 1855
2167 2149
2168 1637
2169 1876
2170 1801
2171 1769
2172 2141
2173 584
2174 923
2175 1517
2176 1736
2177 1575
2178 1574
2179 1286
2180 1505
2181 361
2182 760
2183 1320
2184 584
2185 698
2186 1949
2187 1205
2188 353
2189 1162
2190 906
2191 885
2192 1900
2193 2057
2194 1972
2195 1132
2196 2118
2197 1475
2198 1610
2199 1176
2200 906
2201 2083
2202 633
2203 1872
2204 1888
2205 1068
2206 1921
2207 2131
2208 1317
2209 853
2210 1973
2211 2067
2212 1137
2213 2083
2214 1132
2215 714
2216 633
2217 1135
2218 878
2219 1277
2220 1155
2221 1798
2222 316
2223 1885
2224 1876
2225 719
2226 1752
2227 878
2228 1026
2229 1610
2230 1794
2231 1114
2232 1286
2233 1286
2234 1692
2235 2040
2236 739
2237 1799
2238 1787
2239 1109
2240 1049
2241 2069
2242 1215
2243 1396
2244 1473
2245 2191
2246 1759
2247 238
2248 1817
2249 1341
2250 469
2251 2222
2252 1633
2253 490
2254 1589
2255 1910
2256 1066
2257 1499
2258 654
2259 1878
2260 1478
2261 1855
2262 2018
2263 1114
2264 2141
2265 304
2266 697
2267 1440
2268 469
2269 2244
2270 697
2271 631
2272 1635
2273 1239
2274 1431
2275 1587
2276 2222
2277 2204
2278 1628
2279 1617
2280 1880
2281 81
2282 906
2283 406
2284 1975
2285 2041
2286 1640
2287 1990
2288 385
2289 1893
2290 1271
2291 534
2292 2014
2293 585
2294 1932
2295 1897
2296 238
2297 698
2298 1029
2299 2145
2300 1612
2301 1049
2302 1696
2303 1060
2304 2029
2305 690
2306 969
2307 1430
2308 366
2309 2195
2310 118
2311 1748
2312 705
2313 1196
2314 1876
2315 906
2316 2023
2317 22
2318 1605
2319 900
2320 1680
2321 1311
2322 2132
2323 49
2324 672
2325 2141
2326 1746
2327 1756
2328 506
2329 685
2330 646
2331 1196
2332 917
2333 612
2334 756
2335 1286
2336 2013
2337 702
2338 1314
2339 1755
2340 170
2341 638
2342 1434
2343 2265
2344 1489
2345 1409
2346 945
2347 1574
2348 425
2349 457
2350 1238
2351 1286
2352 2213
2353 962
2354 1154
2355 906
2356 1808
2357 791
2358 1323
2359 1421
2360 567
2361 74
2362 18
2363 1855
2364 1669
2365 1575
2366 2204
2367 2197
2368 669
2369 1748
2370 1163
2371 2159
2372 1067
2373 568
2374 129
2375 1622
2376 701
2377 667
2378 2293
2379 584
2380 1481
2381 615
2382 1389
2383 2310
2384 877
2385 584
2386 546
2387 723
2388 979
2389 339
2390 2000
2391 833
2392 1411
2393 452
2394 2017
2395 2119
2396 2046
2397 1183
2398 1473
2399 962
2400 697
2401 1675
2402 476
2403 425
2404 1853
2405 912
2406 1822
2407 1899
2408 1062
2409 2199
2410 1879
2411 698
2412 2075
2413 1276
2414 2265
2415 1901
2416 2156
2417 584
2418 1932
2419 1899
2420 2063
2421 1480
2422 346
2423 2063
2424 505
2425 1491
2426 889
2427 1625
2428 169
2429 1525
2430 1340
2431 1552
2432 1617
2433 698
2434 1937
2435 539
2436 772
2437 2174
2438 195
2439 1158
2440 2178
2441 2393
2442 2434
2443 1712
2444 1598
2445 661
2446 309
2447 1685
2448 2382
2449 2035
2450 1170
2451 2449
2452 1062
2453 1182
2454 2332
2455 957
2456 1719
2457 2088
2458 2026
2459 990
2460 2221
2461 2347
2462 2400
2463 1645
2464 768
2465 2204
2466 2450
2467 1327
2468 1922
2469 2433
2470 638
2471 1264
2472 2263
2473 1601
2474 2447
2475 2368
2476 1190
2477 1661
2478 796
2479 2229
2480 1153
2481 1547
2482 2324
2483 1049
2484 2184
2485 698
2486 1620
2487 2137
2488 1835
2489 290
2490 193
2491 2012
2492 2265
2493 1510
2494 2392
2495 1566
2496 1642
2497 1223
2498 1299
2499 1684
2500 447
2501 1691
2502 2385
2503 2050
2504 2338
2505 1286
2506 1935
2507 1524
2508 1504
2509 566
2510 278
2511 2183
2512 2378
2513 2388
2514 2154
2515 1867
2516 2073
2517 2374
2518 1605
2519 2229
2520 425
2521 1845
2522 1094
2523 808
2524 2480
2525 1561
2526 54
2527 1390
2528 851
2529 1286
2530 2046
2531 2141
2532 1511
2533 1928
2534 1932
2535 2072
2536 1613
2537 1984
2538 1635
2539 1143
2540 1169
2541 2400
2542 2165
2543 1932
2544 1546
2545 2091
2546 1019
2547 1312
2548 2439
2549 1837
2550 796
2551 320
2552 1758
2553 1380
2554 1446
2555 1284
2556 2505
2557 1286
2558 1606
2559 2314
2560 2187
2561 937
2562 2179
2563 1777
2564 2447
2565 1751
2566 521
2567 602
2568 2106
2569 649
2570 2394
2571 749
2572 301
2573 796
2574 2563
2575 983
2576 1476
2577 1937
2578 2229
2579 2029
2580 963
2581 2326
2582 1465
2583 1831
2584 2287
2585 1428
2586 1114
2587 309
2588 790
2589 2507
2590 1507
2591 1187
2592 524
2593 1686
2594 1877
2595 1714
2596 781
2597 1312
2598 2550
2599 1268
2600 1897
2601 1802
2602 1072
2603 2511
2604 1065
2605 2558
2606 2515
2607 1067
2608 1733
2609 1584
2610 2301
2611 584
2612 505
2613 881
2614 1072
2615 2262
2616 469
2617 525
2618 584
2619 565
2620 1878
2621 1855
2622 1276
2623 1600
2624 1698
2625 2130
2626 2507
2627 101
2628 2047
2629 2357
2630 1329
2631 459
2632 352
2633 2563
2634 2605
2635 584
2636 1391
2637 1384
2638 2558
2639 584
2640 467
2641 768
2642 1446
2643 2386
2644 1260
2645 2141
2646 469
2647 1377
2648 2443
2649 878
2650 1917
2651 1033
2652 2225
2653 894
2654 2304
2655 331
2656 50
2657 566
2658 1991
2659 2587
2660 847
2661 1613
2662 1744
2663 191
2664 2408
2665 2637
2666 2420
2667 1063
2668 848
2669 1115
2670 1955
2671 1045
2672 1784
2673 862
2674 1320
2675 697
2676 2109
2677 264
2678 1604
2679 362
2680 1114
2681 697
2682 548
2683 1917
2684 2126
2685 1819
2686 1241
2687 1413
2688 664
2689 1888
2690 2285
2691 506
2692 1715
2693 1902
2694 2602
2695 2642
2696 2083
2697 2507
2698 1876
2699 2185
2700 1990
2701 145
2702 1323
2703 135
2704 491
2705 733
2706 709
2707 2336
2708 1366
2709 1126
2710 1845
2711 1299
2712 1150
2713 2239
2714 1807
2715 1703
2716 1561
2717 2421
2718 2355
2719 956
2720 2209
2721 1215
2722 2379
2723 1433
2724 2711
2725 1784
2726 1873
2727 446
2728 2374
2729 828
2730 2310
2731 1727
2732 429
2733 2020
2734 1715
2735 814
2736 2471
2737 1273
2738 1286
2739 251
2740 2636
2741 1864
2742 768
2743 963
2744 1184
2745 1119
2746 2049
2747 1476
2748 1303
2749 1706
2750 2106
2751 990
2752 1590
2753 923
2754 1874
2755 1530
2756 2181
2757 2547
2758 1163
2759 530
2760 2470
2761 2130
2762 2531
2763 2300
2764 1859
2765 1089
2766 2429
2767 941
2768 2031
2769 955
2770 505
2771 1769
2772 2431
2773 674
2774 1911
2775 2413
2776 1764
2777 743
2778 1286
2779 2631
2780 1745
2781 451
2782 2340
2783 315
2784 633
2785 1122
2786 680
2787 697
2788 1085
2789 2362
2790 534
2791 698
2792 1931
2793 2395
2794 1149
2795 1472
2796 1628
2797 1534
2798 1864
2799 264
2800 1026
2801 539
2802 1424
2803 2653
2804 1739
2805 2393
2806 1424
2807 584
2808 2152
2809 1680
2810 1878
2811 1341
2812 503
2813 257
2814 1990
2815 2517
2816 2506
2817 1049
2818 2731
2819 2182
2820 2046
2821 1822
2822 1150
2823 1101
2824 194
2825 2507
2826 2366
2827 385
2828 2715
2829 1168
2830 698
2831 1596
2832 1245
2833 2690
2834 1503
2835 2290
2836 1998
2837 1662
2838 1186
2839 802
2840 1878
2841 1784
2842 305
2843 1339
2844 2753
2845 2766
2846 605
2847 1476
2848 2101
2849 1051
2850 649
2851 2565
2852 2035
2853 2221
2854 1241
2855 2088
2856 2600
2857 2326
2858 29
2859 2547
2860 1876
2861 1523
2862 782
2863 2356
2864 113
2865 645
2866 1844
2867 1878
2868 2204
2869 1387
2870 2507
2871 2400
2872 1641
2873 1496
2874 1058
2875 375
2876 1498
2877 1117
2878 2648
2879 2449
2880 600
2881 1990
2882 2101
2883 1286
2884 2771
2885 2635
2886 411
2887 2773
2888 535
2889 1573
2890 1877
2891 975
2892 385
2893 678
2894 2498
2895 2481
2896 1049
2897 1174
2898 1773
2899 1304
2900 2368
2901 584
2902 2101
2903 1715
2904 2418
2905 2560
2906 505
2907 178
2908 1206
2909 1508
2910 796
2911 2306
2912 2305
2913 698
2914 1715
2915 1674
2916 2587
2917 2504
2918 2430
2919 2840
2920 1206
2921 633
2922 925
2923 1530
2924 1917
2925 873
2926 2265
2927 385
2928 614
2929 2158
2930 1453
2931 2230
2932 1937
2933 2075
2934 2160
2935 2503
2936 1797
2937 2075
2938 1483
2939 2009
2940 2287
2941 2587
2942 2665
2943 2507
2944 2588
2945 1320
2946 1643
2947 155
2948 1468
2949 2287
2950 689
2951 2743
2952 1019
2953 2415
2954 1169
2955 1839
2956 945
2957 695
2958 2192
2959 2400
2960 2894
2961 425
2962 800
2963 2168
2964 1286
2965 1183
2966 2350
2967 2039
2968 2559
2969 2363
2970 2643
2971 1050
2972 1038
2973 2612
2974 1614
2975 744
2976 2893
2977 1286
2978 2017
2979 1628
2980 2948
2981 1990
2982 2209
2983 1486
2984 1234
2985 1165
2986 2426
2987 2823
2988 494
2989 2587
2990 2818
2991 2596
2992 2351
2993 611
2994 2446
2995 963
2996 2978
2997 1001
2998 2893
2999 1876
3000 2480
3001 679
3002 1389
3003 2477
3004 2829
3005 2041
3006 2870
3007 527
3008 1614
3009 1439
3010 1851
3011 453
3012 2506
3013 2025
3014 2658
3015 187
3016 1878
3017 2443
3018 2072
3019 2572
3020 589
3021 2977
3022 849
3023 1208
3024 198
3025 531
3026 1279
3027 2645
3028 697
3029 2713
3030 2086
3031 2372
3032 1019
3033 2570
3034 2975
3035 2405
3036 2026
3037 2305
3038 2308
3039 1965
3040 2165
3041 382
3042 2345
3043 1034
3044 2112
3045 823
3046 1776
3047 2771
3048 815
3049 2171
3050 1286
3051 152
3052 1389
3053 2264
3054 1441
3055 2559
3056 1784
3057 2475
3058 2587
3059 2758
3060 2777
3061 1718
3062 2218
3063 2337
3064 1972
3065 2400
3066 2826
3067 868
3068 816
3069 1533
3070 584
3071 1888
3072 1803
3073 2811
3074 1166
3075 2462
3076 2997
3077 3064
3078 1185
3079 2771
3080 1666
3081 960
3082 3044
3083 2101
3084 309
3085 1845
3086 2746
3087 2893
3088 1057
3089 2856
3090 2656
3091 698
3092 1834
3093 2204
3094 890
3095 2761
3096 2634
3097 447
3098 698
3099 1748
3100 469
3101 3077
3102 2394
3103 1790
3104 2647
3105 892
3106 242
3107 1118
3108 1562
3109 533
3110 2254
3111 1286
3112 2442
3113 1083
3114 1047
3115 698
3116 2495
3117 3069
3118 620
3119 584
3120 1825
3121 1163
3122 852
3123 2296
3124 1508
3125 2561
3126 2561
3127 2514
3128 1285
3129 698
3130 584
3131 2977
3132 2168
3133 2044
3134 607
3135 2101
3136 546
3137 1009
3138 1515
3139 3133
3140 2234
3141 217
3142 3056
3143 530
3144 2071
3145 2712
3146 2561
3147 2145
3148 1286
3149 594
3150 2326
3151 2697
3152 1731
3153 426
3154 2572
3155 176
3156 621
3157 2286
3158 1988
3159 698
3160 769
3161 3034
3162 1142
3163 750
3164 2360
3165 3017
3166 2552
3167 2698
3168 1019
3169 1950
3170 2514
3171 1617
3172 1619
3173 2767
3174 2076
3175 1015
3176 1353
3177 1096
3178 2701
3179 2505
3180 1116
3181 1990
3182 611
3183 1595
3184 2958
3185 306
3186 1019
3187 155
3188 253
3189 2327
3190 1706
3191 1598
3192 2908
3193 1647
3194 514
3195 1449
3196 602
3197 832
3198 1203
3199 730
3200 697
3201 2309
3202 697
3203 2231
3204 1613
3205 1986
3206 1268
3207 1359
3208 698
3209 1990
3210 2306
3211 1582
3212 2507
3213 2947
3214 2946
3215 1359
3216 416
3217 584
3218 2391
3219 2673
3220 1846
3221 768
3222 1181
3223 2358
3224 2213
3225 979
3226 1383
3227 1487
3228 2949
3229 2681
3230 3077
3231 987
3232 2376
3233 2352
3234 1322
3235 2401
3236 1050
3237 796
3238 2840
3239 1909
3240 203
3241 2025
3242 2771
3243 2608
3244 351
3245 2721
3246 2812
3247 1167
3248 1311
3249 2031
3250 571
3251 849
3252 3009
3253 102
3254 524
3255 2265
3256 2326
3257 2313
3258 2209
3259 2587
3260 1135
3261 1029
3262 1724
3263 3083
3264 633
3265 469
3266 3016
3267 1666
3268 1725
3269 2400
3270 1508
3271 2400
3272 661
3273 1623
3274 1462
3275 2141
3276 238
3277 2967
3278 2595
3279 1130
3280 2929
3281 2242
3282 2450
3283 1751
3284 1033
3285 2561
3286 1428
3287 838
3288 2178
3289 2317
3290 2475
3291 698
3292 1452
3293 3291
3294 3114
3295 1884
3296 1421
3297 1000
3298 1734
3299 2487
3300 1097
3301 3006
3302 1878
3303 2675
3304 1613
3305 1921
3306 2671
3307 340
3308 3074
3309 1643
3310 777
3311 1286
3312 1318
3313 2342
3314 3041
3315 551
3316 1626
3317 554
3318 1611
3319 698
3320 2400
3321 1701
3322 1782
3323 294
3324 3248
3325 1512
3326 697
3327 1476
3328 935
3329 1393
3330 2856
3331 437
3332 2599
3333 3193
3334 1413
3335 823
3336 2227
3337 2897
3338 2791
3339 2994
3340 2679
3341 1765
3342 2134
3343 2733
3344 2236
3345 2697
3346 1150
3347 3020
3348 166
3349 2703
3350 246
3351 839
3352 2108
3353 107
3354 94
3355 2250
3356 1331
3357 988
3358 2291
3359 48
3360 348
3361 1987
3362 1171
3363 66
3364 1767
3365 3253
3366 356
3367 2789
3368 90
3369 2729
3370 938
3371 127
3372 232
3373 3289
3374 62
3375 261
3376 2782
3377 2105
3378 493
3379 1560
3380 358
3381 407
3382 1142
3383 3177
3384 1436
3385 18
3386 80
3387 1132
3388 1878
3389 2756
3390 1130
3391 587
3392 608
3393 2858
3394 1346
3395 2974
3396 1720
3397 1959
3398 1915
3399 1418
3400 1283
3401 665
3402 29
3403 480
3404 2600
3405 2685
3406 209
3407 244
3408 580
3409 293
3410 708
3411 2004
3412 1828
3413 347
3414 2098
3415 1301
3416 529
3417 2090
3418 294
3419 1152
3420 383
3421 2415
3422 320
3423 1012
3424 983
3425 2824
3426 1000
3427 97
3428 1502
3429 1721
3430 43
3431 1956
3432 1770
3433 266
3434 539
3435 76
3436 123
3437 3043
3438 1435
3439 2564
3440 450
3441 222
3442 75
3443 274
3444 2323
3445 368
3446 49
3447 277
3448 2656
3449 2162
3450 265
3451 2029
3452 538
3453 942
3454 2842
3455 1990
3456 423
3457 410
3458 58
3459 270
3460 822
3461 2947
3462 1240
3463 1226
3464 106
3465 221
3466 898
3467 2915
3468 52
3469 52
3470 115
3471 1431
3472 52
3473 179
3474 360
3475 284
3476 1244
3477 2988
3478 72
3479 458
3480 1069
3481 1702
3482 206
3483 781
3484 2526
3485 1666
3486 2036
3487 971
3488 1213
3489 388
3490 3188
3491 225
3492 137
3493 711
3494 169
3495 981
3496 3068
3497 69
3498 572
3499 153
3500 870
3501 3106
3502 2361
3503 1932
3504 228
3505 2047
3506 794
3507 1910
3508 755
3509 812
3510 1920
3511 2243
3512 78
3513 79
3514 3060
3515 2222
3516 483
3517 1595
3518 1575
3519 472
3520 1252
3521 2281
3522 656
3523 85
3524 85
3525 302
3526 462
3527 1110
3528 1922
3529 874
3530 136
3531 1068
3532 182
3533 322
3534 88
3535 89
3536 547
3537 288
3538 2862
3539 544
3540 364
3541 1338
3542 2627
3543 142
3544 3211
3545 101
3546 1820
3547 371
3548 2265
3549 1660
3550 2393
3551 2553
3552 1576
3553 102
3554 102
3555 1942
3556 1286
3557 502
3558 106
3559 560
3560 2286
3561 442
3562 1477
3563 111
3564 2609
3565 113
3566 1010
3567 2864
3568 1324
3569 1439
3570 1162
3571 1210
3572 113
3573 2781
3574 1460
3575 113
3576 3342
3577 3185
3578 1044
3579 2565
3580 2537
3581 875
3582 318
3583 2728
3584 2593
3585 550
3586 1529
3587 117
3588 528
3589 2310
3590 639
3591 131
3592 3118
3593 774
3594 389
3595 3294
3596 829
3597 618
3598 1106
3599 2045
3600 2828
3601 1482
3602 721
3603 188
3604 2752
3605 3120
3606 326
3607 1153
3608 217
3609 651
3610 1606
3611 144
3612 3178
3613 327
3614 247
3615 646
3616 218
3617 147
3618 1330
3619 2476
3620 1026
3621 3240
3622 150
3623 1603
3624 3051
3625 281
3626 982
3627 606
3628 1041
3629 2908
3630 3187
3631 1296
3632 497
3633 2438
3634 1411
3635 162
3636 162
3637 235
3638 165
3639 3307
3640 165
3641 300
3642 2428
3643 171
3644 679
3645 171
3646 1292
3647 275
3648 1347
3649 945
3650 1973
3651 3155
3652 1649
3653 176
3654 1824
3655 178
3656 178
3657 1224
3658 212
3659 178
3660 2907
3661 1619
3662 1504
3663 3015
3664 178
3665 1236
3666 181
3667 181
3668 342
3669 365
3670 2544
3671 422
3672 2140
3673 507
3674 2510
3675 412
3676 3234
3677 1430
3678 191
3679 2629
3680 2083
3681 923
3682 191
3683 2663
3684 911
3685 2426
3686 328
3687 193
3688 2982
3689 408
3690 1933
3691 738
3692 856
3693 1379
3694 1547
3695 3138
3696 2490
3697 899
3698 194
3699 1445
3700 948
3701 3244
3702 198
3703 2783
3704 1196
3705 3024
3706 379
3707 199
3708 199
3709 563
3710 323
3711 984
3712 3067
3713 1928
3714 686
3715 2202
3716 2060
3717 2188
3718 203
3719 1981
3720 273
3721 1635
3722 1565
3723 455
3724 2120
3725 586
3726 206
3727 1559
3728 206
3729 206
3730 206
3731 2792
3732 210
3733 1468
3734 470
3735 212
3736 213
3737 1838
3738 264
3739 215
3740 216
3741 1002
3742 1613
3743 1403
3744 216
3745 231
3746 1558
3747 3141
3748 218
3749 431
3750 728
3751 527
3752 220
3753 319
3754 3287
3755 2566
3756 445
3757 1022
3758 1400
3759 1030
3760 1653
3761 220
3762 336
3763 647
3764 3092
3765 745
3766 220
3767 2874
3768 1275
3769 582
3770 495
3771 1615
3772 231
3773 232
3774 235
3775 2247
3776 238
3777 3276
3778 3123
3779 427
3780 1564
3781 240
3782 242
3783 269
3784 920
3785 245
3786 250
3787 562
3788 2739
3789 254
3790 254
3791 2813
3792 901
3793 1740
3794 2799
3795 264
3796 2677
3797 264
3798 268
3799 268
3800 268
3801 268
3802 378
3803 806
3804 694
3805 270
3806 270
3807 271
3808 272
3809 303
3810 2917
3811 2647
3812 2655
3813 1239
3814 273
3815 1366
3816 367
3817 2111
3818 273
3819 1103
3820 366
3821 273
3822 273
3823 2975
3824 2246
3825 273
3826 273
3827 1528
3828 282
3829 282
3830 650
3831 2305
3832 3250
3833 595
3834 2056
3835 2640
3836 659
3837 2123
3838 503
3839 614
3840 3088
3841 282
3842 282
3843 282
3844 424
3845 283
3846 283
3847 1077
3848 309
3849 456
3850 3048
3851 1420
3852 411
3853 3321
3854 2489
3855 293
3856 3323
3857 298
3858 2100
3859 401
3860 604
3861 1757
3862 1903
3863 2834
3864 944
3865 1215
3866 2572
3867 301
3868 303
3869 305
3870 305
3871 355
3872 308
3873 380
3874 309
3875 309
3876 2769
3877 312
3878 309
3879 309
3880 1532
3881 2587
3882 591
3883 309
3884 2051
3885 3216
3886 309
3887 3339
3888 2329
3889 394
3890 1813
3891 309
3892 767
3893 309
3894 2985
3895 3084
3896 309
3897 1509
3898 1461
3899 466
3900 682
3901 2007
3902 317
3903 3094
3904 318
3905 821
3906 510
3907 2551
3908 322
3909 746
3910 325
3911 506
3912 428
3913 357
3914 1815
3915 328
3916 331
3917 570
3918 2819
3919 1008
3920 825
3921 335
3922 338
3923 339
3924 339
3925 753
3926 339
3927 2389
3928 2662
3929 675
3930 341
3931 342
3932 696
3933 342
3934 342
3935 535
3936 1659
3937 2702
3938 2422
3939 660
3940 350
3941 3108
3942 444
3943 402
3944 2632
3945 3045
3946 2114
3947 359
3948 354
3949 2015
3950 1161
3951 1384
3952 577
3953 362
3954 780
3955 362
3956 3340
3957 362
3958 362
3959 373
3960 910
3961 2682
3962 419
3963 641
3964 824
3965 1049
3966 362
3967 1140
3968 648
3969 2878
3970 964
3971 2042
3972 363
3973 363
3974 2528
3975 2253
3976 365
3977 2308
3978 3247
3979 368
3980 1978
3981 859
3982 374
3983 1382
3984 2875
3985 3260
3986 377
3987 867
3988 1186
3989 2818
3990 1065
3991 2020
3992 731
3993 3314
3994 1107
3995 2067
3996 1388
3997 384
3998 2657
3999 671
4000 385
4001 1857
4002 385
4003 1961
4004 2714
4005 3063
4006 385
4007 2133
4008 2827
4009 385
4010 2927
4011 1952
4012 1580
4013 1298
4014 385
4015 1948
4016 857
4017 1586
4018 2892
4019 482
4020 1447
4021 385
4022 1294
4023 1699
4024 863
4025 433
4026 625
4027 2288
4028 385
4029 385
4030 1768
4031 385
4032 1797
4033 590
4034 385
4035 2955
4036 385
4037 385
4038 1793
4039 385
4040 385
4041 386
4042 1801
4043 391
4044 526
4045 2218
4046 400
4047 1144
4048 2292
4049 1246
4050 1995
4051 400
4052 400
4053 1401
4054 400
4055 1999
4056 2748
4057 406
4058 2283
4059 1395
4060 3333
4061 406
4062 1860
4063 2876
4064 2203
4065 2258
4066 2886
4067 954
4068 635
4069 411
4070 2704
4071 1282
4072 1221
4073 412
4074 415
4075 1631
4076 417
4077 2235
4078 418
4079 418
4080 418
4081 2995
4082 2860
4083 423
4084 729
4085 423
4086 1729
4087 2803
4088 425
4089 1916
4090 543
4091 425
4092 1127
4093 758
4094 883
4095 789
4096 966
4097 2880
4098 1739
4099 425
4100 592
4101 425
4102 1348
4103 425
4104 425
4105 447
4106 2520
4107 2961
4108 632
4109 425
4110 1394
4111 425
4112 1004
4113 425
4114 425
4115 425
4116 1726
4117 425
4118 2112
4119 3074
4120 1983
4121 425
4122 992
4123 2348
4124 2096
4125 2403
4126 473
4127 1675
4128 425
4129 3153
4130 2732
4131 2386
4132 1545
4133 2048
4134 1232
4135 2569
4136 433
4137 433
4138 433
4139 435
4140 435
4141 2332
4142 437
4143 437
4144 3331
4145 438
4146 438
4147 438
4148 2669
4149 2215
4150 474
4151 2727
4152 2102
4153 2500
4154 2644
4155 447
4156 1422
4157 1159
4158 627
4159 447
4160 3097
4161 447
4162 1335
4163 1881
4164 3011
4165 453
4166 453
4167 454
4168 1203
4169 457
4170 457
4171 2075
4172 2349
4173 457
4174 458
4175 1178
4176 458
4177 459
4178 1455
4179 2054
4180 459
4181 1840
4182 843
4183 2631
4184 463
4185 463
4186 1099
4187 631
4188 465
4189 1052
4190 476
4191 1270
4192 2236
4193 469
4194 2616
4195 469
4196 469
4197 469
4198 469
4199 1536
4200 469
4201 2831
4202 469
4203 1370
4204 687
4205 469
4206 3265
4207 469
4208 1371
4209 2473
4210 469
4211 593
4212 469
4213 2078
4214 469
4215 2333
4216 1522
4217 1633
4218 469
4219 630
4220 469
4221 2764
4222 3100
4223 2420
4224 973
4225 511
4226 2104
4227 477
4228 2391
4229 469
4230 1464
4231 469
4232 469
4233 763
4234 642
4235 673
4236 779
4237 469
4238 1977
4239 469
4240 469
4241 469
4242 478
4243 536
4244 2646
4245 520
4246 2268
4247 472
4248 1090
4249 473
4250 473
4251 3122
4252 622
4253 473
4254 474
4255 876
4256 474
4257 474
4258 1611
4259 474
4260 474
4261 474
4262 1946
4263 474
4264 909
4265 474
4266 937
4267 474
4268 1769
4269 476
4270 1133
4271 3310
4272 2402
4273 1334
4274 2444
4275 1950
4276 476
4277 476
4278 634
4279 482
4280 1432
4281 484
4282 2687
4283 3337
4284 1276
4285 3163
4286 490
4287 490
4288 490
4289 860
4290 492
4291 493
4292 494
4293 496
4294 497
4295 502
4296 928
4297 3282
4298 502
4299 908
4300 502
4301 2016
4302 503
4303 503
4304 2957
4305 1146
4306 503
4307 540
4308 503
4309 2812
4310 503
4311 1892
4312 503
4313 503
4314 503
4315 2043
4316 503
4317 503
4318 773
4319 503
4320 555
4321 503
4322 962
4323 503
4324 1638
4325 1579
4326 1315
4327 1248
4328 505
4329 1263
4330 991
4331 505
4332 3061
4333 505
4334 934
4335 505
4336 742
4337 505
4338 1682
4339 505
4340 505
4341 505
4342 2765
4343 1191
4344 505
4345 943
4346 2424
4347 830
4348 2906
4349 1936
4350 2770
4351 2278
4352 581
4353 505
4354 505
4355 505
4356 2612
4357 609
4358 505
4359 3156
4360 2691
4361 947
4362 2143
4363 506
4364 506
4365 2328
4366 1693
4367 506
4368 556
4369 507
4370 919
4371 1690
4372 1722
4373 512
4374 1875
4375 513
4376 3194
4377 516
4378 1105
4379 1996
4380 520
4381 520
4382 520
4383 3254
4384 520
4385 520
4386 1307
4387 2592
4388 1921
4389 525
4390 2617
4391 1664
4392 2706
4393 3007
4394 527
4395 1904
4396 1785
4397 529
4398 530
4399 530
4400 530
4401 530
4402 692
4403 2759
4404 643
4405 1645
4406 3143
4407 2041
4408 813
4409 3025
4410 531
4411 531
4412 531
4413 531
4414 1572
4415 585
4416 532
4417 1214
4418 3317
4419 603
4420 532
4421 532
4422 532
4423 3109
4424 720
4425 2790
4426 2888
4427 535
4428 535
4429 536
4430 537
4431 834
4432 537
4433 2801
4434 559
4435 2435
4436 2571
4437 1025
4438 2373
4439 541
4440 2032
4441 541
4442 541
4443 658
4444 541
4445 543
4446 3136
4447 549
4448 1326
4449 549
4450 1280
4451 551
4452 1091
4453 717
4454 3315
4455 551
4456 2024
4457 915
4458 551
4459 1412
4460 552
4461 1612
4462 552
4463 693
4464 557
4465 558
4466 2082
4467 2944
4468 1013
4469 1218
4470 562
4471 563
4472 563
4473 565
4474 2148
4475 2619
4476 566
4477 2377
4478 2509
4479 1992
4480 567
4481 3164
4482 3023
4483 756
4484 672
4485 1681
4486 1484
4487 904
4488 569
4489 706
4490 2069
4491 569
4492 569
4493 570
4494 1261
4495 576
4496 1092
4497 577
4498 577
4499 1399
4500 577
4501 579
4502 2495
4503 764
4504 2477
4505 582
4506 1748
4507 584
4508 584
4509 584
4510 584
4511 1193
4512 871
4513 1290
4514 1792
4515 584
4516 584
4517 584
4518 2484
4519 584
4520 584
4521 1697
4522 1354
4523 1368
4524 584
4525 2635
4526 2113
4527 584
4528 2722
4529 1870
4530 584
4531 831
4532 584
4533 584
4534 584
4535 584
4536 1407
4537 584
4538 584
4539 1168
4540 1269
4541 584
4542 652
4543 2639
4544 3070
4545 584
4546 2807
4547 584
4548 584
4549 584
4550 584
4551 1786
4552 584
4553 584
4554 584
4555 584
4556 584
4557 785
4558 617
4559 752
4560 793
4561 3316
4562 2795
4563 669
4564 2901
4565 1408
4566 584
4567 584
4568 2417
4569 1908
4570 584
4571 1842
4572 628
4573 584
4574 584
4575 584
4576 584
4577 584
4578 3130
4579 1513
4580 2962
4581 584
4582 584
4583 1056
4584 584
4585 1321
4586 1957
4587 584
4588 757
4589 3217
4590 869
4591 713
4592 584
4593 2018
4594 584
4595 584
4596 619
4597 2618
4598 598
4599 1060
4600 584
4601 2611
4602 2173
4603 584
4604 584
4605 584
4606 2502
4607 584
4608 584
4609 1706
4610 1211
4611 1446
4612 584
4613 1926
4614 3119
4615 1076
4616 584
4617 2869
4618 2364
4619 2129
4620 584
4621 584
4622 2025
4623 1309
4624 584
4625 584
4626 584
4627 1005
4628 1469
4629 2788
4630 584
4631 584
4632 1704
4633 1018
4634 2293
4635 727
4636 967
4637 585
4638 676
4639 2861
4640 776
4641 2652
4642 2022
4643 2445
4644 623
4645 586
4646 587
4647 1207
4648 2865
4649 587
4650 2802
4651 589
4652 1160
4653 1231
4654 2248
4655 2407
4656 594
4657 594
4658 594
4659 3149
4660 596
4661 2585
4662 601
4663 2854
4664 655
4665 602
4666 2567
4667 1719
4668 3196
4669 1997
4670 603
4671 941
4672 603
4673 604
4674 604
4675 2846
4676 606
4677 607
4678 1489
4679 3134
4680 953
4681 609
4682 609
4683 609
4684 609
4685 3182
4686 611
4687 2993
4688 1941
4689 611
4690 611
4691 704
4692 611
4693 611
4694 611
4695 2121
4696 611
4697 1111
4698 611
4699 3140
4700 613
4701 653
4702 614
4703 3312
4704 2928
4705 614
4706 1618
4707 913
4708 614
4709 614
4710 864
4711 2381
4712 615
4713 986
4714 625
4715 1451
4716 873
4717 792
4718 1353
4719 625
4720 930
4721 629
4722 2271
4723 631
4724 631
4725 633
4726 879
4727 633
4728 633
4729 633
4730 725
4731 2216
4732 1895
4733 633
4734 633
4735 633
4736 1204
4737 633
4738 633
4739 3264
4740 2784
4741 633
4742 633
4743 2921
4744 633
4745 802
4746 633
4747 1155
4748 1199
4749 636
4750 637
4751 748
4752 638
4753 638
4754 1993
4755 1245
4756 2147
4757 1197
4758 638
4759 2470
4760 638
4761 638
4762 1641
4763 638
4764 638
4765 638
4766 1549
4767 1007
4768 638
4769 638
4770 818
4771 2501
4772 638
4773 638
4774 638
4775 638
4776 638
4777 2341
4778 1676
4779 639
4780 1646
4781 1789
4782 639
4783 640
4784 1731
4785 1471
4786 646
4787 2325
4788 2330
4789 647
4790 649
4791 2850
4792 1138
4793 761
4794 1604
4795 1728
4796 650
4797 1823
4798 1578
4799 1913
4800 651
4801 657
4802 1832
4803 658
4804 3272
4805 662
4806 662
4807 765
4808 2758
4809 2046
4810 662
4811 2688
4812 664
4813 1737
4814 2165
4815 666
4816 666
4817 3022
4818 2055
4819 666
4820 1006
4821 666
4822 2030
4823 1937
4824 669
4825 2900
4826 670
4827 1320
4828 1811
4829 670
4830 671
4831 671
4832 877
4833 799
4834 2092
4835 672
4836 952
4837 2482
4838 672
4839 672
4840 1114
4841 672
4842 2773
4843 674
4844 674
4845 3231
4846 2713
4847 1062
4848 678
4849 678
4850 678
4851 678
4852 1980
4853 2893
4854 1406
4855 1902
4856 2950
4857 679
4858 1063
4859 679
4860 679
4861 679
4862 1620
4863 679
4864 679
4865 679
4866 3001
4867 679
4868 1457
4869 1501
4870 1979
4871 1723
4872 679
4873 679
4874 679
4875 1602
4876 679
4877 1003
4878 795
4879 679
4880 679
4881 679
4882 679
4883 2074
4884 679
4885 679
4886 679
4887 1673
4888 2786
4889 1548
4890 695
4891 695
4892 695
4893 695
4894 1256
4895 695
4896 695
4897 1809
4898 2582
4899 696
4900 696
4901 2705
4902 696
4903 2464
4904 697
4905 2404
4906 897
4907 734
4908 697
4909 1081
4910 3028
4911 697
4912 946
4913 2117
4914 3200
4915 2709
4916 697
4917 1836
4918 697
4919 697
4920 697
4921 697
4922 697
4923 697
4924 697
4925 2668
4926 2539
4927 697
4928 697
4929 697
4930 697
4931 1033
4932 2266
4933 697
4934 2787
4935 1848
4936 697
4937 2237
4938 697
4939 1001
4940 697
4941 1093
4942 940
4943 3326
4944 697
4945 3229
4946 1605
4947 3303
4948 703
4949 697
4950 1563
4951 2400
4952 1710
4953 1630
4954 2023
4955 697
4956 697
4957 1361
4958 3150
4959 3202
4960 1097
4961 2716
4962 1745
4963 697
4964 697
4965 1958
4966 697
4967 2270
4968 1525
4969 697
4970 697
4971 697
4972 698
4973 3091
4974 2160
4975 1015
4976 2053
4977 698
4978 698
4979 698
4980 1567
4981 698
4982 698
4983 2186
4984 1021
4985 2284
4986 1369
4987 698
4988 1671
4989 2297
4990 698
4991 2913
4992 698
4993 698
4994 710
4995 2257
4996 698
4997 698
4998 1716
4999 698
5000 2830
5001 2155
5002 698
5003 2699
5004 698
5005 698
5006 698
5007 1277
5008 698
5009 698
5010 2176
5011 698
5012 698
5013 2488
5014 698
5015 3338
5016 698
5017 698
5018 3129
5019 698
5020 850
5021 698
5022 3319
5023 698
5024 698
5025 3115
5026 698
5027 698
5028 1475
5029 3159
5030 3133
5031 698
5032 1201
5033 1120
5034 931
5035 1064
5036 698
5037 698
5038 698
5039 1917
5040 698
5041 698
5042 801
5043 698
5044 698
5045 698
5046 1343
5047 698
5048 810
5049 698
5050 1833
5051 1854
5052 2532
5053 698
5054 922
5055 698
5056 1518
5057 698
5058 698
5059 698
5060 3306
5061 1054
5062 698
5063 772
5064 698
5065 2153
5066 698
5067 698
5068 918
5069 2411
5070 698
5071 805
5072 698
5073 698
5074 2433
5075 698
5076 698
5077 3137
5078 698
5079 3098
5080 698
5081 698
5082 698
5083 3208
5084 2597
5085 698
5086 2485
5087 698
5088 698
5089 698
5090 926
5091 3291
5092 1591
5093 2142
5094 698
5095 698
5096 698
5097 698
5098 698
5099 699
5100 699
5101 2376
5102 701
5103 704
5104 2312
5105 1437
5106 735
5107 706
5108 706
5109 1426
5110 710
5111 712
5112 712
5113 713
5114 713
5115 714
5116 715
5117 1332
5118 1391
5119 716
5120 716
5121 2106
5122 720
5123 836
5124 1327
5125 723
5126 723
5127 723
5128 1585
5129 2387
5130 3160
5131 1016
5132 1072
5133 726
5134 726
5135 726
5136 726
5137 3199
5138 1083
5139 732
5140 733
5141 734
5142 736
5143 736
5144 736
5145 736
5146 1087
5147 737
5148 738
5149 739
5150 739
5151 739
5152 742
5153 743
5154 745
5155 752
5156 752
5157 1873
5158 2334
5159 2132
5160 757
5161 757
5162 758
5163 762
5164 950
5165 888
5166 764
5167 2013
5168 2742
5169 2641
5170 1938
5171 768
5172 768
5173 3221
5174 768
5175 772
5176 2085
5177 3341
5178 2436
5179 772
5180 921
5181 772
5182 925
5183 772
5184 2453
5185 772
5186 772
5187 775
5188 778
5189 778
5190 778
5191 1378
5192 781
5193 781
5194 781
5195 2103
5196 2596
5197 1890
5198 2785
5199 787
5200 1339
5201 789
5202 790
5203 790
5204 790
5205 793
5206 2573
5207 796
5208 796
5209 796
5210 796
5211 796
5212 796
5213 1752
5214 796
5215 1742
5216 796
5217 796
5218 1149
5219 796
5220 1251
5221 1577
5222 2156
5223 796
5224 796
5225 796
5226 1470
5227 796
5228 796
5229 796
5230 3237
5231 2071
5232 796
5233 796
5234 2598
5235 796
5236 796
5237 2910
5238 796
5239 796
5240 2478
5241 796
5242 2899
5243 796
5244 1233
5245 1055
5246 2891
5247 884
5248 1357
5249 796
5250 796
5251 796
5252 933
5253 796
5254 796
5255 796
5256 1874
5257 1050
5258 2549
5259 800
5260 801
5261 932
5262 802
5263 802
5264 2839
5265 993
5266 2409
5267 2523
5268 809
5269 2299
5270 2735
5271 847
5272 814
5273 815
5274 1073
5275 820
5276 820
5277 820
5278 821
5279 821
5280 823
5281 823
5282 3335
5283 823
5284 825
5285 825
5286 826
5287 826
5288 826
5289 1665
5290 2087
5291 827
5292 2745
5293 830
5294 832
5295 3197
5296 1059
5297 837
5298 1344
5299 841
5300 841
5301 842
5302 1157
5303 2905
5304 841
5305 841
5306 1098
5307 3180
5308 842
5309 843
5310 844
5311 1188
5312 846
5313 1512
5314 2660
5315 847
5316 1136
5317 3251
5318 853
5319 853
5320 853
5321 853
5322 1994
5323 853
5324 990
5325 1229
5326 855
5327 856
5328 856
5329 856
5330 1488
5331 1340
5332 1019
5333 3219
5334 1800
5335 862
5336 864
5337 867
5338 868
5339 1220
5340 873
5341 873
5342 2925
5343 873
5344 1078
5345 873
5346 873
5347 873
5348 873
5349 873
5350 873
5351 965
5352 1732
5353 2384
5354 877
5355 2649
5356 878
5357 2227
5358 1383
5359 880
5360 2613
5361 961
5362 2245
5363 887
5364 890
5365 1040
5366 3030
5367 892
5368 3105
5369 1497
5370 995
5371 956
5372 898
5373 900
5374 3322
5375 2001
5376 2319
5377 900
5378 900
5379 1217
5380 900
5381 969
5382 902
5383 902
5384 902
5385 2175
5386 903
5387 903
5388 1654
5389 2439
5390 904
5391 904
5392 1826
5393 1951
5394 2068
5395 1443
5396 1998
5397 2718
5398 906
5399 1905
5400 906
5401 906
5402 906
5403 2200
5404 906
5405 2282
5406 906
5407 906
5408 2190
5409 906
5410 2315
5411 1663
5412 906
5413 906
5414 1227
5415 906
5416 906
5417 906
5418 2405
5419 912
5420 915
5421 917
5422 1449
5423 1258
5424 923
5425 923
5426 923
5427 2844
5428 2437
5429 2658
5430 923
5431 923
5432 923
5433 923
5434 989
5435 924
5436 2128
5437 1046
5438 925
5439 2922
5440 1028
5441 928
5442 930
5443 933
5444 1456
5445 933
5446 933
5447 3328
5448 935
5449 1923
5450 935
5451 937
5452 1688
5453 937
5454 1164
5455 937
5456 937
5457 1029
5458 937
5459 937
5460 937
5461 937
5462 2345
5463 3125
5464 1639
5465 937
5466 1185
5467 1095
5468 937
5469 937
5470 937
5471 937
5472 2737
5473 3103
5474 980
5475 3173
5476 941
5477 941
5478 941
5479 2038
5480 1036
5481 941
5482 943
5483 2497
5484 945
5485 945
5486 945
5487 945
5488 1397
5489 2346
5490 945
5491 2956
5492 945
5493 2723
5494 947
5495 956
5496 2719
5497 956
5498 2037
5499 956
5500 956
5501 979
5502 2455
5503 1593
5504 1939
5505 3081
5506 961
5507 1125
5508 2397
5509 2399
5510 1360
5511 2353
5512 962
5513 1907
5514 2125
5515 2580
5516 2144
5517 1713
5518 2743
5519 2768
5520 966
5521 1822
5522 968
5523 969
5524 2306
5525 970
5526 971
5527 972
5528 977
5529 1067
5530 975
5531 1306
5532 979
5533 979
5534 1656
5535 979
5536 979
5537 979
5538 979
5539 985
5540 2984
5541 2388
5542 3225
5543 979
5544 979
5545 1869
5546 2390
5547 979
5548 2591
5549 979
5550 979
5551 980
5552 981
5553 2755
5554 1553
5555 981
5556 1075
5557 2575
5558 2823
5559 984
5560 986
5561 998
5562 988
5563 989
5564 990
5565 2459
5566 990
5567 2751
5568 990
5569 1100
5570 992
5571 1393
5572 2849
5573 998
5574 1588
5575 999
5576 999
5577 999
5578 1734
5579 999
5580 999
5581 1279
5582 3297
5583 1001
5584 1001
5585 3076
5586 1896
5587 1001
5588 1001
5589 1678
5590 1003
5591 1003
5592 1003
5593 1003
5594 1569
5595 1200
5596 1134
5597 1319
5598 1479
5599 1011
5600 1012
5601 1441
5602 2151
5603 2816
5604 1689
5605 1014
5606 1015
5607 1015
5608 3175
5609 1015
5610 1015
5611 1850
5612 3186
5613 1019
5614 2546
5615 1019
5616 2952
5617 1019
5618 2050
5619 1019
5620 1019
5621 1310
5622 1019
5623 1019
5624 3032
5625 1222
5626 1019
5627 1019
5628 1019
5629 3168
5630 2354
5631 1019
5632 1019
5633 1019
5634 2972
5635 1019
5636 1019
5637 1019
5638 3295
5639 1020
5640 1022
5641 1022
5642 1023
5643 1023
5644 1026
5645 1026
5646 2228
5647 1177
5648 1026
5649 2800
5650 1027
5651 3069
5652 1761
5653 2161
5654 1027
5655 1028
5656 1028
5657 1398
5658 1448
5659 3261
5660 2298
5661 1372
5662 1029
5663 1124
5664 1029
5665 1033
5666 1033
5667 2651
5668 2521
5669 3284
5670 1033
5671 1033
5672 1033
5673 1033
5674 2158
5675 1034
5676 1036
5677 1037
5678 1274
5679 1041
5680 1048
5681 1048
5682 2223
5683 1049
5684 1883
5685 2610
5686 1049
5687 1049
5688 1049
5689 2240
5690 1531
5691 1049
5692 1049
5693 1049
5694 1524
5695 1049
5696 1049
5697 2896
5698 1049
5699 1495
5700 1049
5701 1049
5702 2483
5703 1969
5704 2817
5705 1049
5706 1049
5707 1104
5708 1049
5709 1228
5710 1049
5711 1049
5712 2877
5713 1049
5714 1049
5715 1049
5716 1049
5717 1148
5718 1049
5719 1841
5720 1049
5721 1049
5722 2094
5723 1758
5724 3239
5725 1049
5726 1655
5727 1049
5728 1049
5729 1049
5730 1049
5731 1049
5732 1049
5733 1849
5734 1989
5735 1049
5736 1049
5737 1500
5738 2021
5739 2280
5740 2005
5741 1049
5742 1049
5743 1049
5744 1049
5745 1049
5746 1803
5747 1049
5748 1049
5749 1080
5750 1049
5751 1049
5752 1049
5753 1145
5754 1049
5755 1049
5756 1305
5757 2971
5758 1050
5759 3236
5760 1051
5761 1238
5762 1051
5763 3227
5764 1054
5765 1289
5766 1774
5767 1060
5768 2672
5769 2303
5770 1060
5771 1960
5772 1865
5773 1062
5774 1062
5775 2269
5776 1062
5777 1657
5778 1062
5779 1543
5780 2664
5781 2452
5782 1062
5783 2363
5784 1062
5785 2667
5786 1063
5787 2107
5788 1065
5789 1954
5790 1065
5791 2604
5792 3215
5793 1065
5794 1066
5795 1066
5796 1066
5797 1066
5798 1066
5799 2256
5800 1066
5801 1066
5802 2180
5803 1066
5804 2607
5805 3031
5806 1068
5807 1068
5808 2205
5809 1070
5810 1821
5811 1071
5812 1072
5813 1072
5814 2694
5815 2614
5816 1078
5817 1080
5818 1485
5819 1295
5820 3113
5821 1083
5822 1087
5823 1386
5824 2522
5825 1094
5826 1404
5827 3300
5828 2595
5829 1098
5830 1098
5831 1098
5832 1098
5833 1098
5834 1098
5835 2138
5836 2458
5837 1106
5838 1107
5839 1365
5840 1111
5841 1111
5842 1114
5843 1114
5844 2003
5845 1114
5846 1924
5847 1114
5848 1114
5849 1362
5850 1114
5851 1118
5852 2231
5853 1963
5854 1114
5855 1114
5856 1114
5857 2017
5858 1474
5859 1114
5860 2586
5861 2680
5862 3010
5863 1856
5864 2472
5865 1114
5866 1118
5867 3107
5868 1571
5869 1118
5870 1414
5871 1118
5872 2066
5873 1879
5874 1202
5875 1121
5876 1121
5877 2736
5878 1255
5879 1121
5880 1121
5881 1121
5882 1121
5883 1121
5884 1121
5885 1700
5886 1247
5887 1124
5888 1125
5889 1125
5890 1126
5891 1126
5892 1126
5893 1429
5894 1126
5895 1677
5896 1126
5897 1128
5898 1128
5899 1128
5900 3279
5901 1194
5902 2309
5903 1132
5904 1132
5905 1132
5906 2214
5907 1132
5908 1132
5909 1810
5910 1780
5911 3018
5912 1134
5913 2431
5914 2217
5915 1136
5916 1136
5917 1181
5918 2212
5919 1137
5920 1137
5921 1140
5922 1140
5923 1893
5924 1142
5925 3162
5926 1146
5927 1146
5928 1148
5929 2794
5930 1150
5931 1150
5932 2425
5933 1150
5934 1150
5935 3145
5936 1496
5937 2822
5938 1150
5939 1150
5940 1268
5941 2835
5942 1150
5943 1150
5944 1152
5945 1153
5946 1153
5947 1153
5948 1153
5949 1153
5950 1262
5951 1730
5952 2136
5953 1153
5954 1153
5955 1550
5956 1153
5957 3262
5958 2480
5959 1153
5960 1526
5961 1153
5962 1153
5963 1153
5964 2034
5965 1153
5966 2359
5967 1672
5968 1155
5969 1155
5970 1155
5971 2220
5972 1155
5973 2670
5974 3039
5975 1155
5976 2154
5977 1155
5978 1367
5979 3292
5980 1158
5981 2095
5982 1381
5983 1846
5984 1160
5985 1160
5986 2717
5987 2028
5988 1160
5989 1160
5990 1350
5991 1160
5992 2327
5993 1160
5994 1160
5995 1162
5996 2189
5997 3121
5998 1163
5999 2808
6000 2370
6001 1163
6002 1163
6003 1164
6004 1462
6005 1259
6006 1687
6007 1555
6008 1168
6009 3004
6010 1168
6011 1168
6012 1168
6013 1168
6014 1169
6015 2540
6016 2954
6017 1169
6018 1170
6019 1172
6020 1390
6021 1313
6022 1709
6023 1175
6024 1175
6025 1177
6026 1178
6027 1178
6028 1705
6029 1293
6030 2624
6031 3222
6032 2965
6033 1183
6034 1183
6035 1184
6036 2744
6037 1184
6038 1184
6039 1184
6040 2126
6041 1185
6042 2623
6043 1185
6044 1843
6045 1185
6046 3078
6047 1185
6048 1185
6049 1783
6050 2838
6051 2089
6052 1190
6053 1190
6054 1192
6055 2313
6056 2139
6057 1196
6058 2331
6059 1198
6060 1198
6061 1203
6062 3198
6063 1317
6064 1203
6065 1203
6066 1203
6067 1204
6068 1204
6069 1204
6070 1204
6071 1205
6072 2920
6073 1520
6074 1929
6075 1492
6076 1627
6077 1207
6078 1207
6079 1207
6080 1207
6081 2009
6082 1694
6083 1207
6084 1207
6085 1299
6086 1494
6087 1213
6088 1215
6089 3281
6090 1215
6091 2721
6092 1216
6093 1218
6094 1227
6095 1227
6096 1228
6097 1229
6098 2221
6099 1231
6100 1231
6101 2178
6102 1490
6103 1238
6104 1238
6105 1238
6106 1238
6107 2966
6108 1238
6109 1238
6110 2273
6111 2686
6112 1242
6113 1336
6114 1243
6115 2196
6116 1244
6117 2832
6118 1253
6119 1255
6120 1257
6121 1260
6122 1260
6123 1260
6124 1260
6125 1260
6126 1260
6127 2625
6128 1268
6129 1268
6130 3206
6131 1268
6132 1268
6133 3243
6134 1795
6135 1268
6136 1268
6137 1268
6138 1442
6139 2599
6140 1270
6141 1762
6142 1272
6143 1275
6144 1275
6145 2413
6146 1276
6147 2622
6148 2219
6149 2382
6150 1277
6151 1277
6152 1278
6153 1279
6154 3026
6155 1279
6156 1508
6157 2555
6158 1285
6159 3128
6160 1285
6161 1285
6162 1454
6163 1286
6164 2233
6165 3311
6166 2505
6167 1286
6168 2992
6169 3111
6170 1286
6171 1286
6172 2778
6173 3050
6174 1286
6175 1286
6176 1286
6177 2562
6178 1286
6179 1286
6180 1286
6181 2232
6182 1286
6183 1316
6184 1286
6185 2529
6186 2883
6187 1345
6188 1286
6189 1286
6190 2557
6191 2738
6192 2977
6193 1286
6194 1286
6195 1286
6196 1629
6197 2964
6198 1286
6199 1286
6200 1286
6201 2099
6202 1286
6203 1286
6204 1286
6205 1286
6206 2335
6207 3148
6208 1286
6209 1342
6210 1679
6211 1290
6212 1290
6213 1292
6214 1772
6215 1296
6216 1296
6217 1592
6218 1554
6219 1297
6220 1299
6221 1299
6222 1299
6223 1299
6224 1299
6225 1299
6226 2498
6227 1299
6228 2302
6229 1299
6230 2711
6231 1299
6232 2110
6233 1305
6234 1306
6235 1306
6236 1306
6237 1308
6238 3324
6239 1311
6240 1311
6241 1311
6242 1352
6243 1311
6244 1311
6245 1311
6246 1617
6247 1311
6248 2321
6249 3158
6250 1794
6251 1624
6252 1312
6253 2757
6254 1312
6255 1312
6256 1312
6257 1541
6258 1312
6259 1312
6260 2208
6261 1317
6262 1317
6263 1317
6264 1816
6265 1868
6266 1319
6267 2983
6268 1320
6269 2183
6270 1320
6271 1852
6272 1637
6273 1320
6274 1320
6275 1609
6276 1862
6277 2493
6278 1320
6279 1787
6280 2945
6281 1320
6282 1320
6283 1320
6284 1320
6285 2674
6286 1493
6287 1323
6288 1323
6289 2358
6290 1356
6291 2467
6292 1327
6293 1327
6294 1327
6295 1327
6296 1327
6297 1327
6298 1327
6299 2930
6300 1481
6301 1328
6302 1328
6303 1328
6304 1328
6305 1891
6306 1328
6307 1328
6308 1328
6309 1328
6310 1328
6311 1328
6312 1328
6313 2630
6314 1329
6315 1330
6316 1331
6317 1331
6318 1331
6319 1333
6320 2774
6321 1337
6322 1338
6323 1339
6324 1339
6325 1339
6326 1339
6327 1339
6328 1339
6329 2843
6330 1339
6331 1339
6332 1339
6333 1339
6334 1339
6335 1339
6336 1339
6337 1925
6338 1339
6339 1339
6340 1339
6341 1339
6342 1683
6343 1339
6344 1339
6345 1339
6346 1339
6347 1339
6348 1339
6349 1339
6350 1339
6351 1339
6352 1339
6353 1339
6354 2116
6355 2918
6356 1340
6357 1341
6358 1341
6359 1534
6360 2249
6361 3313
6362 3073
6363 1341
6364 1341
6365 2012
6366 1341
6367 1341
6368 1341
6369 1341
6370 1348
6371 1349
6372 1349
6373 2855
6374 1351
6375 1353
6376 1353
6377 3176
6378 1741
6379 1354
6380 1355
6381 3207
6382 1359
6383 1648
6384 1365
6385 1365
6386 1365
6387 1366
6388 2708
6389 1374
6390 1375
6391 1866
6392 1376
6393 1380
6394 1382
6395 2150
6396 3226
6397 1383
6398 2637
6399 1506
6400 2837
6401 1388
6402 1388
6403 2866
6404 1388
6405 1388
6406 1402
6407 2097
6408 1389
6409 1778
6410 1636
6411 1389
6412 3052
6413 1389
6414 1389
6415 1389
6416 3002
6417 1597
6418 1968
6419 2527
6420 1391
6421 2740
6422 1438
6423 1972
6424 1393
6425 1393
6426 1393
6427 1393
6428 1393
6429 1393
6430 1393
6431 3329
6432 1393
6433 1393
6434 1483
6435 1971
6436 1643
6437 1397
6438 1399
6439 1444
6440 1400
6441 1402
6442 1407
6443 1407
6444 2052
6445 1407
6446 1407
6447 1410
6448 2494
6449 1411
6450 3334
6451 1415
6452 1421
6453 3296
6454 1422
6455 1422
6456 2008
6457 1424
6458 1424
6459 1621
6460 1424
6461 2806
6462 1424
6463 1425
6464 2545
6465 1427
6466 1428
6467 1428
6468 1428
6469 1428
6470 2746
6471 3286
6472 1428
6473 1428
6474 1428
6475 2307
6476 1431
6477 2274
6478 2275
6479 2167
6480 1435
6481 1435
6482 1436
6483 1436
6484 1436
6485 1436
6486 1436
6487 1436
6488 1436
6489 1436
6490 1610
6491 1594
6492 1437
6493 2019
6494 1945
6495 1438
6496 1438
6497 3252
6498 1440
6499 2267
6500 1599
6501 3054
6502 1441
6503 1443
6504 1443
6505 2554
6506 1446
6507 2642
6508 1446
6509 1448
6510 1448
6511 3195
6512 1450
6513 1450
6514 1450
6515 1796
6516 1450
6517 1450
6518 1812
6519 1738
6520 1670
6521 2590
6522 1463
6523 1458
6524 1459
6525 1459
6526 1459
6527 1460
6528 1460
6529 1460
6530 1460
6531 1460
6532 1460
6533 1460
6534 3274
6535 1462
6536 1462
6537 1463
6538 1463
6539 1463
6540 1934
6541 1467
6542 1467
6543 1468
6544 1468
6545 1468
6546 1468
6547 1468
6548 1468
6549 2948
6550 1468
6551 1468
6552 1753
6553 1468
6554 1468
6555 1680
6556 1470
6557 1470
6558 2084
6559 2398
6560 1474
6561 2367
6562 1475
6563 1827
6564 1476
6565 1476
6566 1476
6567 1476
6568 1476
6569 1476
6570 1476
6571 3327
6572 1476
6573 2847
6574 1476
6575 1476
6576 2576
6577 2747
6578 1476
6579 2260
6580 1479
6581 1481
6582 2380
6583 1481
6584 1544
6585 1625
6586 1482
6587 1483
6588 1483
6589 2938
6590 1483
6591 1484
6592 1488
6593 1489
6594 1489
6595 1489
6596 1489
6597 1489
6598 2344
6599 1489
6600 1489
6601 1489
6602 1634
6603 1489
6604 1489
6605 1894
6606 1489
6607 1489
6608 1489
6609 1489
6610 1489
6611 1489
6612 1489
6613 1711
6614 1519
6615 1493
6616 1493
6617 1493
6618 1495
6619 1495
6620 1496
6621 1496
6622 2873
6623 1496
6624 1496
6625 1496
6626 1496
6627 1496
6628 1497
6629 1499
6630 1501
6631 1501
6632 1501
6633 1501
6634 1504
6635 2508
6636 1947
6637 1505
6638 1507
6639 1507
6640 2131
6641 1507
6642 3124
6643 1508
6644 2798
6645 1508
6646 1508
6647 1508
6648 2909
6649 1508
6650 2061
6651 1508
6652 1508
6653 1508
6654 1508
6655 1508
6656 1508
6657 1508
6658 1508
6659 1508
6660 1791
6661 1508
6662 3270
6663 1508
6664 1508
6665 1974
6666 1508
6667 1508
6668 1508
6669 1508
6670 1882
6671 1511
6672 1695
6673 3325
6674 1512
6675 1512
6676 1514
6677 1514
6678 1514
6679 1515
6680 1735
6681 1519
6682 1521
6683 1522
6684 1522
6685 1522
6686 1523
6687 1524
6688 2507
6689 1524
6690 1524
6691 1525
6692 2766
6693 1847
6694 1525
6695 1525
6696 1525
6697 1525
6698 1528
6699 1528
6700 2163
6701 2923
6702 1530
6703 1530
6704 1530
6705 1533
6706 1534
6707 2039
6708 1534
6709 2797
6710 1536
6711 1536
6712 1536
6713 1537
6714 1805
6715 1542
6716 2895
6717 1548
6718 1552
6719 1553
6720 1554
6721 1560
6722 1560
6723 1560
6724 1560
6725 3110
6726 1560
6727 1560
6728 1560
6729 2525
6730 1743
6731 1562
6732 1562
6733 1562
6734 1565
6735 1566
6736 1861
6737 1566
6738 1568
6739 1571
6740 1571
6741 1573
6742 2889
6743 1573
6744 1574
6745 2347
6746 1575
6747 1575
6748 1575
6749 2365
6750 1575
6751 1575
6752 1575
6753 2177
6754 1575
6755 1575
6756 1642
6757 1579
6758 1579
6759 1586
6760 1586
6761 1622
6762 1589
6763 1589
6764 1590
6765 1591
6766 1886
6767 1595
6768 1595
6769 3183
6770 1595
6771 1595
6772 1595
6773 3191
6774 1598
6775 1754
6776 2678
6777 1605
6778 1605
6779 1605
6780 1605
6781 1605
6782 2518
6783 2318
6784 1605
6785 1605
6786 2516
6787 1605
6788 2634
6789 1607
6790 1607
6791 1986
6792 1829
6793 1607
6794 1608
6795 1610
6796 2229
6797 2198
6798 1610
6799 1610
6800 1610
6801 1610
6802 3318
6803 2300
6804 1613
6805 1613
6806 1613
6807 2536
6808 1613
6809 1613
6810 1613
6811 2661
6812 1613
6813 1613
6814 1613
6815 1613
6816 1613
6817 3304
6818 1613
6819 1613
6820 3204
6821 3008
6822 1614
6823 1617
6824 1617
6825 1717
6826 2279
6827 1617
6828 1617
6829 2432
6830 1644
6831 1830
6832 1617
6833 3171
6834 1863
6835 2583
6836 1900
6837 1619
6838 1619
6839 3172
6840 2486
6841 1620
6842 1621
6843 1621
6844 1622
6845 2375
6846 3273
6847 2427
6848 1627
6849 2796
6850 1628
6851 1889
6852 1628
6853 2979
6854 1628
6855 1628
6856 1966
6857 2252
6858 1633
6859 1633
6860 1635
6861 2062
6862 2538
6863 2272
6864 1635
6865 1635
6866 3132
6867 1637
6868 1637
6869 1639
6870 1639
6871 1641
6872 2872
6873 2496
6874 1642
6875 2776
6876 1643
6877 1643
6878 1643
6879 1818
6880 3309
6881 2946
6882 1643
6883 1643
6884 1918
6885 1930
6886 2027
6887 1643
6888 1871
6889 1643
6890 1643
6891 1643
6892 1643
6893 1643
6894 1643
6895 1645
6896 1645
6897 2463
6898 1887
6899 1649
6900 1649
6901 2079
6902 1651
6903 1652
6904 2080
6905 1652
6906 1654
6907 1657
6908 1657
6909 1657
6910 1657
6911 1657
6912 1657
6913 1944
6914 1657
6915 1657
6916 1659
6917 1659
6918 1660
6919 1660
6920 1661
6921 1662
6922 1663
6923 1665
6924 1665
6925 1665
6926 1665
6927 1665
6928 1665
6929 1666
6930 1666
6931 1666
6932 1943
6933 1666
6934 3267
6935 1666
6936 1666
6937 1666
6938 3080
6939 1666
6940 1666
6941 1666
6942 1666
6943 1666
6944 1982
6945 1672
6946 1672
6947 1672
6948 1675
6949 1675
6950 3235
6951 2898
6952 1675
6953 1677
6954 1678
6955 1678
6956 1680
6957 2320
6958 1680
6959 2515
6960 1680
6961 1680
6962 1680
6963 1680
6964 2809
6965 1680
6966 1681
6967 1681
6968 1682
6969 1682
6970 2065
6971 2499
6972 1684
6973 1684
6974 1684
6975 1688
6976 1688
6977 1689
6978 1914
6979 1690
6980 1690
6981 1690
6982 1694
6983 1694
6984 1694
6985 1695
6986 1695
6987 1696
6988 1696
6989 1701
6990 2563
6991 1704
6992 2749
6993 1706
6994 1706
6995 1706
6996 3190
6997 1708
6998 1708
6999 2903
7000 1715
7001 2734
7002 1715
7003 1715
7004 1715
7005 1715
7006 1906
7007 1715
7008 1715
7009 2914
7010 1715
7011 1802
7012 1715
7013 1715
7014 2692
7015 2059
7016 1747
7017 1715
7018 1715
7019 1715
7020 1715
7021 1715
7022 1715
7023 1715
7024 1718
7025 1781
7026 1763
7027 1719
7028 2456
7029 1719
7030 1721
7031 1725
7032 3268
7033 1725
7034 1725
7035 1725
7036 1731
7037 3152
7038 1731
7039 1731
7040 1731
7041 1731
7042 1732
7043 1732
7044 1732
7045 1732
7046 1732
7047 1732
7048 1732
7049 1732
7050 3298
7051 1734
7052 1736
7053 1737
7054 1738
7055 1739
7056 1739
7057 1739
7058 1739
7059 1739
7060 1739
7061 1739
7062 1779
7063 2804
7064 1739
7065 1739
7066 1739
7067 1739
7068 1745
7069 2780
7070 1745
7071 1745
7072 1745
7073 1806
7074 2157
7075 1746
7076 1748
7077 3099
7078 2369
7079 2311
7080 1748
7081 1749
7082 1749
7083 1749
7084 1750
7085 1751
7086 3283
7087 1898
7088 1752
7089 2226
7090 1752
7091 2339
7092 2552
7093 2064
7094 1758
7095 1764
7096 1764
7097 1764
7098 1765
7099 1766
7100 1766
7101 1767
7102 1767
7103 1767
7104 1985
7105 1767
7106 1767
7107 1767
7108 1767
7109 1768
7110 2171
7111 1769
7112 2771
7113 1771
7114 1771
7115 1772
7116 1772
7117 1773
7118 1773
7119 1773
7120 1773
7121 1773
7122 3046
7123 1779
7124 1780
7125 1782
7126 1782
7127 1782
7128 1804
7129 3056
7130 1784
7131 2841
7132 2725
7133 2193
7134 1784
7135 1784
7136 1784
7137 1784
7138 1786
7139 1787
7140 1787
7141 2238
7142 1790
7143 1790
7144 1964
7145 1791
7146 1794
7147 2931
7148 1794
7149 1794
7150 1877
7151 1794
7152 1796
7153 2936
7154 1797
7155 2170
7156 2601
7157 1802
7158 1802
7159 1802
7160 1802
7161 1802
7162 3072
7163 1803
7164 1803
7165 1803
7166 1808
7167 1803
7168 2848
7169 1803
7170 1805
7171 1805
7172 1807
7173 1808
7174 1808
7175 2863
7176 1808
7177 1808
7178 1809
7179 1809
7180 1811
7181 1811
7182 1815
7183 2011
7184 1962
7185 1817
7186 1822
7187 2821
7188 2406
7189 1822
7190 1822
7191 2010
7192 1826
7193 1826
7194 2164
7195 1826
7196 1828
7197 2115
7198 1829
7199 1830
7200 1836
7201 1840
7202 1843
7203 2710
7204 1845
7205 3085
7206 1846
7207 3220
7208 1851
7209 1855
7210 1855
7211 2621
7212 1855
7213 1855
7214 1855
7215 2261
7216 2166
7217 1855
7218 1855
7219 1855
7220 1855
7221 1859
7222 1859
7223 1861
7224 1863
7225 2741
7226 1864
7227 1864
7228 1865
7229 1868
7230 1870
7231 1871
7232 1871
7233 1873
7234 1970
7235 2726
7236 2070
7237 1874
7238 1874
7239 2754
7240 2169
7241 2314
7242 2224
7243 1876
7244 1876
7245 1876
7246 1967
7247 1876
7248 3167
7249 1876
7250 2999
7251 1876
7252 2890
7253 1877
7254 1877
7255 1877
7256 1877
7257 1877
7258 1877
7259 1877
7260 1877
7261 2594
7262 1877
7263 1877
7264 1877
7265 1878
7266 2867
7267 1878
7268 1878
7269 1878
7270 1878
7271 1878
7272 1878
7273 2919
7274 1878
7275 1878
7276 2810
7277 3302
7278 1878
7279 1878
7280 3016
7281 2620
7282 1878
7283 1878
7284 2259
7285 2410
7286 1886
7287 1927
7288 2689
7289 1888
7290 1888
7291 1888
7292 1888
7293 1888
7294 1888
7295 2204
7296 1888
7297 3071
7298 1888
7299 1888
7300 1888
7301 1888
7302 1888
7303 1888
7304 1891
7305 1891
7306 1891
7307 1891
7308 1919
7309 2289
7310 1893
7311 1895
7312 1897
7313 1897
7314 2295
7315 2419
7316 1899
7317 2958
7318 2006
7319 1902
7320 2693
7321 1902
7322 1910
7323 1910
7324 1910
7325 1910
7326 1910
7327 1910
7328 1910
7329 2255
7330 1910
7331 1910
7332 2002
7333 1913
7334 2650
7335 2924
7336 2683
7337 1917
7338 1917
7339 1917
7340 1917
7341 1918
7342 1921
7343 1940
7344 2206
7345 1921
7346 3305
7347 1922
7348 2468
7349 1922
7350 1924
7351 1924
7352 1925
7353 1928
7354 2533
7355 1929
7356 1929
7357 1929
7358 1932
7359 1932
7360 2418
7361 1932
7362 1932
7363 2294
7364 1932
7365 1932
7366 2543
7367 2534
7368 1935
7369 1935
7370 1935
7371 1935
7372 1936
7373 1936
7374 1937
7375 1937
7376 1937
7377 2127
7378 1937
7379 1937
7380 1937
7381 2577
7382 1937
7383 1937
7384 1937
7385 2124
7386 1937
7387 2442
7388 2932
7389 1940
7390 1942
7391 1943
7392 1945
7393 1945
7394 1947
7395 3169
7396 1950
7397 1950
7398 1950
7399 1951
7400 2119
7401 1953
7402 1953
7403 1954
7404 1954
7405 1954
7406 1954
7407 1955
7408 2077
7409 1960
7410 1961
7411 1961
7412 1961
7413 1961
7414 1964
7415 1968
7416 1968
7417 1968
7418 1968
7419 1968
7420 1968
7421 1968
7422 1969
7423 2093
7424 1969
7425 1970
7426 1971
7427 1971
7428 1971
7429 1971
7430 1972
7431 2194
7432 3077
7433 2210
7434 1976
7435 1977
7436 1977
7437 1981
7438 1983
7439 1986
7440 3205
7441 1988
7442 1988
7443 1989
7444 2584
7445 1990
7446 1990
7447 1990
7448 1990
7449 2058
7450 2881
7451 1990
7452 1990
7453 1990
7454 2981
7455 1990
7456 1990
7457 1990
7458 2035
7459 1990
7460 2487
7461 3209
7462 3181
7463 1990
7464 1990
7465 1990
7466 1990
7467 1990
7468 1990
7469 1990
7470 1990
7471 2700
7472 1990
7473 1990
7474 1990
7475 2814
7476 1990
7477 1990
7478 1990
7479 1990
7480 1990
7481 1990
7482 1990
7483 1990
7484 1990
7485 1995
7486 2836
7487 1998
7488 1998
7489 1998
7490 1999
7491 1999
7492 2003
7493 2003
7494 2003
7495 2003
7496 2003
7497 2003
7498 2003
7499 2003
7500 2003
7501 2003
7502 2003
7503 2005
7504 2006
7505 2006
7506 2009
7507 2009
7508 2009
7509 2009
7510 2939
7511 2009
7512 2009
7513 2009
7514 2146
7515 3174
7516 2009
7517 2009
7518 2011
7519 2012
7520 2012
7521 2012
7522 2491
7523 2012
7524 2707
7525 2013
7526 2015
7527 2081
7528 2017
7529 2017
7530 2017
7531 3033
7532 2017
7533 2978
7534 2017
7535 2615
7536 2733
7537 2316
7538 2023
7539 3013
7540 3241
7541 2025
7542 2026
7543 2026
7544 3036
7545 2026
7546 2026
7547 2026
7548 2579
7549 2654
7550 2029
7551 3249
7552 2033
7553 2035
7554 2035
7555 2449
7556 2852
7557 2035
7558 2037
7559 2038
7560 2038
7561 2967
7562 2039
7563 2041
7564 3005
7565 2833
7566 2042
7567 2045
7568 2046
7569 2396
7570 2046
7571 2046
7572 2530
7573 2820
7574 2046
7575 2628
7576 2048
7577 2048
7578 2048
7579 2049
7580 2050
7581 2050
7582 2935
7583 2050
7584 2052
7585 2054
7586 2054
7587 2055
7588 2055
7589 2055
7590 2055
7591 2055
7592 2063
7593 2423
7594 2063
7595 2067
7596 2067
7597 2067
7598 2067
7599 2067
7600 2067
7601 2067
7602 2067
7603 2122
7604 2067
7605 2211
7606 2067
7607 2067
7608 2067
7609 2067
7610 2241
7611 2071
7612 2071
7613 3144
7614 2071
7615 2071
7616 2071
7617 2071
7618 2071
7619 2071
7620 2071
7621 2071
7622 2071
7623 2071
7624 2071
7625 2072
7626 2072
7627 2072
7628 2535
7629 2072
7630 2072
7631 2072
7632 2073
7633 2075
7634 2075
7635 2933
7636 2075
7637 2075
7638 2075
7639 2075
7640 2937
7641 2412
7642 2075
7643 2075
7644 2076
7645 2078
7646 2080
7647 2080
7648 2080
7649 2080
7650 2082
7651 2082
7652 2082
7653 2082
7654 2082
7655 2201
7656 2083
7657 2213
7658 2696
7659 2086
7660 2086
7661 2087
7662 2088
7663 2457
7664 2090
7665 2090
7666 2090
7667 2159
7668 2091
7669 2093
7670 2093
7671 2093
7672 2093
7673 2093
7674 2095
7675 2135
7676 2095
7677 3083
7678 2101
7679 2902
7680 2882
7681 2101
7682 2109
7683 2101
7684 3135
7685 2101
7686 2101
7687 2101
7688 2106
7689 2750
7690 2106
7691 2568
7692 2106
7693 2676
7694 2109
7695 2111
7696 2111
7697 2111
7698 2112
7699 3082
7700 2112
7701 2114
7702 2114
7703 2114
7704 2115
7705 2116
7706 2116
7707 2395
7708 2119
7709 2123
7710 2125
7711 2126
7712 2684
7713 2126
7714 3095
7715 2207
7716 2132
7717 2322
7718 2133
7719 2135
7720 2135
7721 2135
7722 2135
7723 2137
7724 2137
7725 2138
7726 2138
7727 2139
7728 2141
7729 2141
7730 2141
7731 2141
7732 2531
7733 2141
7734 2645
7735 2141
7736 3275
7737 2141
7738 2141
7739 2141
7740 2172
7741 2141
7742 2141
7743 3053
7744 2144
7745 3147
7746 2150
7747 2150
7748 2150
7749 2151
7750 2514
7751 2156
7752 2156
7753 2156
7754 2156
7755 2156
7756 2156
7757 2156
7758 2156
7759 2416
7760 2156
7761 2158
7762 2158
7763 2929
7764 2371
7765 2160
7766 2934
7767 2160
7768 2160
7769 2161
7770 2161
7771 2162
7772 2162
7773 2163
7774 2163
7775 2164
7776 2164
7777 2164
7778 2165
7779 3040
7780 2165
7781 2542
7782 2165
7783 2165
7784 2963
7785 2168
7786 2168
7787 2169
7788 3049
7789 2172
7790 2172
7791 2172
7792 2172
7793 2173
7794 2174
7795 2174
7796 2177
7797 2177
7798 2177
7799 2177
7800 2177
7801 2177
7802 2177
7803 2177
7804 2440
7805 2178
7806 3288
7807 2178
7808 2178
7809 2180
7810 2181
7811 2181
7812 2181
7813 2181
7814 2182
7815 2183
7816 2183
7817 2183
7818 2183
7819 2183
7820 2603
7821 2183
7822 2184
7823 2185
7824 2185
7825 2188
7826 2195
7827 2197
7828 2198
7829 2201
7830 2201
7831 2204
7832 2204
7833 2204
7834 2204
7835 2868
7836 2277
7837 2465
7838 3093
7839 2204
7840 2366
7841 2204
7842 2204
7843 2204
7844 2204
7845 2207
7846 2209
7847 2209
7848 3258
7849 2209
7850 2720
7851 2209
7852 2209
7853 2209
7854 2209
7855 2212
7856 2212
7857 3233
7858 2213
7859 2213
7860 2213
7861 2213
7862 2213
7863 2213
7864 2213
7865 2213
7866 2213
7867 2213
7868 2213
7869 2213
7870 2213
7871 2213
7872 3224
7873 2213
7874 2213
7875 2213
7876 2214
7877 2215
7878 2215
7879 2216
7880 3062
7881 2218
7882 2221
7883 2460
7884 2221
7885 2853
7886 2221
7887 2221
7888 2221
7889 2221
7890 2276
7891 2222
7892 2222
7893 2222
7894 2222
7895 2251
7896 2223
7897 2224
7898 2224
7899 2224
7900 2224
7901 2224
7902 2227
7903 3336
7904 2227
7905 2228
7906 2229
7907 2229
7908 2229
7909 2229
7910 2229
7911 2229
7912 2578
7913 2229
7914 2229
7915 2229
7916 2229
7917 2229
7918 2229
7919 2229
7920 2229
7921 2479
7922 2229
7923 2229
7924 2519
7925 2231
7926 2231
7927 2231
7928 3203
7929 2231
7930 2234
7931 2234
7932 2234
7933 2235
7934 3344
7935 2236
7936 2236
7937 2238
7938 2247
7939 2254
7940 2254
7941 2257
7942 2258
7943 2259
7944 2259
7945 2259
7946 2262
7947 2492
7948 2926
7949 2265
7950 2265
7951 2265
7952 2265
7953 2265
7954 3255
7955 2414
7956 2265
7957 2265
7958 2265
7959 2265
7960 2343
7961 2267
7962 2270
7963 2270
7964 2270
7965 2276
7966 2277
7967 2277
7968 2277
7969 2279
7970 2284
7971 3157
7972 2286
7973 3228
7974 2287
7975 2940
7976 2287
7977 2288
7978 2288
7979 2289
7980 2292
7981 2292
7982 2293
7983 2293
7984 2293
7985 2293
7986 2293
7987 2293
7988 2378
7989 2293
7990 2293
7991 2293
7992 2297
7993 2297
7994 2763
7995 2303
7996 2303
7997 2303
7998 2912
7999 2305
8000 2305
8001 3037
8002 3210
8003 2306
8004 2306
8005 2306
8006 2306
8007 2306
8008 2911
8009 2306
8010 2306
8011 2306
8012 2308
8013 3038
8014 3201
8015 2730
8016 2310
8017 2383
8018 2310
8019 2310
8020 2312
8021 3257
8022 2968
8023 2316
8024 2316
8025 2319
8026 2320
8027 2320
8028 2320
8029 2320
8030 2320
8031 2325
8032 2325
8033 2325
8034 2325
8035 2325
8036 2325
8037 2326
8038 2326
8039 3256
8040 2857
8041 2581
8042 2326
8043 2326
8044 3189
8045 2327
8046 2327
8047 2332
8048 2332
8049 2332
8050 2332
8051 2454
8052 2332
8053 2332
8054 2336
8055 2336
8056 2337
8057 2339
8058 2342
8059 2344
8060 2345
8061 2345
8062 2345
8063 3042
8064 2345
8065 2347
8066 2347
8067 2347
8068 2461
8069 2348
8070 2356
8071 2358
8072 2358
8073 2358
8074 2358
8075 2358
8076 2358
8077 2358
8078 2358
8079 2358
8080 2358
8081 2358
8082 3223
8083 2360
8084 2360
8085 2360
8086 2360
8087 2360
8088 2360
8089 2363
8090 2969
8091 2363
8092 2365
8093 2366
8094 2826
8095 2366
8096 2475
8097 2372
8098 2372
8099 2815
8100 2375
8101 2376
8102 2376
8103 2376
8104 3232
8105 2376
8106 2377
8107 2378
8108 2378
8109 2378
8110 2378
8111 2378
8112 2512
8113 2378
8114 2378
8115 2379
8116 2380
8117 2380
8118 2381
8119 2381
8120 2382
8121 2382
8122 2448
8123 2385
8124 2970
8125 2387
8126 2387
8127 2387
8128 2387
8129 2388
8130 2388
8131 2388
8132 2388
8133 2513
8134 3218
8135 2391
8136 2393
8137 2393
8138 2393
8139 2805
8140 2393
8141 2393
8142 2441
8143 3102
8144 2395
8145 2395
8146 2793
8147 2395
8148 2395
8149 2395
8150 2395
8151 2395
8152 2396
8153 2397
8154 2400
8155 2400
8156 2400
8157 3065
8158 2400
8159 2400
8160 2400
8161 2400
8162 2871
8163 2400
8164 2400
8165 2400
8166 2400
8167 2400
8168 2400
8169 2400
8170 2400
8171 2400
8172 3271
8173 2400
8174 2400
8175 2400
8176 3320
8177 2400
8178 2400
8179 2400
8180 2400
8181 3075
8182 2400
8183 2400
8184 2400
8185 3269
8186 2959
8187 2400
8188 2541
8189 2400
8190 2400
8191 2400
8192 2400
8193 2402
8194 2402
8195 2403
8196 3035
8197 2407
8198 2407
8199 2413
8200 2413
8201 2413
8202 2775
8203 2413
8204 2415
8205 2415
8206 2415
8207 2415
8208 2415
8209 2953
8210 2415
8211 2415
8212 2417
8213 2417
8214 2904
8215 2418
8216 2418
8217 2418
8218 2418
8219 2418
8220 2418
8221 2418
8222 2666
8223 2426
8224 2426
8225 2426
8226 2426
8227 2426
8228 2426
8229 2986
8230 2428
8231 2428
8232 2430
8233 2772
8234 2433
8235 2469
8236 2433
8237 2436
8238 2436
8239 2436
8240 2436
8241 2436
8242 2437
8243 2439
8244 2439
8245 2439
8246 2548
8247 2440
8248 3112
8249 2442
8250 2442
8251 3165
8252 2474
8253 2447
8254 2447
8255 2449
8256 2879
8257 2451
8258 2449
8259 2450
8260 2466
8261 2450
8262 2450
8263 2454
8264 2454
8265 2454
8266 2454
8267 2456
8268 2457
8269 2458
8270 2458
8271 2458
8272 2461
8273 2463
8274 2464
8275 2465
8276 2465
8277 2465
8278 2465
8279 2467
8280 2467
8281 2467
8282 2467
8283 2760
8284 2473
8285 2475
8286 3057
8287 3290
8288 2477
8289 3003
8290 2477
8291 2477
8292 2477
8293 2477
8294 2477
8295 2477
8296 2477
8297 2477
8298 2477
8299 2477
8300 2479
8301 2479
8302 2479
8303 2479
8304 2479
8305 2479
8306 2479
8307 2479
8308 2480
8309 2524
8310 2480
8311 2480
8312 3000
8313 2480
8314 2480
8315 2482
8316 2483
8317 2484
8318 2484
8319 2484
8320 2484
8321 2484
8322 2486
8323 2486
8324 2486
8325 3299
8326 2487
8327 2487
8328 2487
8329 2491
8330 2494
8331 3116
8332 2495
8333 2495
8334 2496
8335 2496
8336 2496
8337 2498
8338 2894
8339 2498
8340 2498
8341 2498
8342 2499
8343 2499
8344 2499
8345 2500
8346 2500
8347 2501
8348 2505
8349 3179
8350 2556
8351 2505
8352 2505
8353 2506
8354 3012
8355 2507
8356 2507
8357 2507
8358 2507
8359 2507
8360 2870
8361 2507
8362 2825
8363 2507
8364 2507
8365 2507
8366 2507
8367 2507
8368 2507
8369 2507
8370 2943
8371 2507
8372 2507
8373 2589
8374 2507
8375 2507
8376 2507
8377 2507
8378 3212
8379 2507
8380 2507
8381 2626
8382 2697
8383 2507
8384 2507
8385 2507
8386 2508
8387 2508
8388 2508
8389 2508
8390 2508
8391 2513
8392 2514
8393 3127
8394 2514
8395 3170
8396 2514
8397 2514
8398 2514
8399 2514
8400 2514
8401 2515
8402 2515
8403 2515
8404 2606
8405 2515
8406 2515
8407 2516
8408 2517
8409 2517
8410 2518
8411 2519
8412 2519
8413 2523
8414 2523
8415 2523
8416 2523
8417 2524
8418 2525
8419 2525
8420 2525
8421 2528
8422 2762
8423 2532
8424 2532
8425 2533
8426 2533
8427 2538
8428 2540
8429 2542
8430 2542
8431 2542
8432 2542
8433 2543
8434 2543
8435 2546
8436 2547
8437 2547
8438 2547
8439 2859
8440 2550
8441 2550
8442 2550
8443 2550
8444 2550
8445 2551
8446 3166
8447 2552
8448 2552
8449 2552
8450 2555
8451 2557
8452 2557
8453 2558
8454 2558
8455 2638
8456 3055
8457 3126
8458 2561
8459 2561
8460 2561
8461 2561
8462 2561
8463 2561
8464 3285
8465 2561
8466 2561
8467 3146
8468 2633
8469 2563
8470 2574
8471 2563
8472 2563
8473 2563
8474 2565
8475 2851
8476 2565
8477 2567
8478 2567
8479 3019
8480 3154
8481 2572
8482 2572
8483 2572
8484 2572
8485 2572
8486 2572
8487 2572
8488 2574
8489 2575
8490 2576
8491 2580
8492 2580
8493 2580
8494 2580
8495 2580
8496 2580
8497 2580
8498 2582
8499 2583
8500 2583
8501 2584
8502 2586
8503 2587
8504 2587
8505 2587
8506 2587
8507 2587
8508 2587
8509 2587
8510 2587
8511 2587
8512 2587
8513 2587
8514 2587
8515 2587
8516 3259
8517 2587
8518 3058
8519 2659
8520 2587
8521 2587
8522 2587
8523 2587
8524 2587
8525 2587
8526 2587
8527 2587
8528 2587
8529 2587
8530 2587
8531 2989
8532 2587
8533 2941
8534 2587
8535 2587
8536 2587
8537 2587
8538 2587
8539 2587
8540 2587
8541 2587
8542 2587
8543 2587
8544 2916
8545 2587
8546 2587
8547 2587
8548 2587
8549 2587
8550 2587
8551 2587
8552 2587
8553 2587
8554 2587
8555 2587
8556 2587
8557 2587
8558 2587
8559 2587
8560 2587
8561 2587
8562 2588
8563 2590
8564 2590
8565 2590
8566 2590
8567 2590
8568 2590
8569 3278
8570 2595
8571 2595
8572 2596
8573 2991
8574 2596
8575 2597
8576 2597
8577 2599
8578 2599
8579 2599
8580 2599
8581 3332
8582 2599
8583 2599
8584 2599
8585 2599
8586 2599
8587 2599
8588 2600
8589 2856
8590 2600
8591 2604
8592 2604
8593 2604
8594 2604
8595 2604
8596 2604
8597 2607
8598 2973
8599 2613
8600 2615
8601 2615
8602 2615
8603 2619
8604 2619
8605 2619
8606 2619
8607 2620
8608 2623
8609 2623
8610 2623
8611 2623
8612 2626
8613 2626
8614 2628
8615 2628
8616 2628
8617 2628
8618 2628
8619 2629
8620 2629
8621 2629
8622 2629
8623 2629
8624 2629
8625 2629
8626 2629
8627 2629
8628 2630
8629 2631
8630 2631
8631 2631
8632 2779
8633 2631
8634 2631
8635 2631
8636 2631
8637 2631
8638 2631
8639 3096
8640 2634
8641 2885
8642 2635
8643 2635
8644 2635
8645 2942
8646 2637
8647 2637
8648 2639
8649 2639
8650 2639
8651 2639
8652 2639
8653 2639
8654 2640
8655 2642
8656 2642
8657 2642
8658 2642
8659 2695
8660 2642
8661 2644
8662 2644
8663 3027
8664 2645
8665 2645
8666 2646
8667 2646
8668 2647
8669 2647
8670 2647
8671 2647
8672 2647
8673 2647
8674 2647
8675 2647
8676 2647
8677 2647
8678 2647
8679 3104
8680 2647
8681 2647
8682 2647
8683 2647
8684 2647
8685 2647
8686 2647
8687 2647
8688 2647
8689 2650
8690 2650
8691 2655
8692 2655
8693 3090
8694 2656
8695 2656
8696 2657
8697 2657
8698 2657
8699 2658
8700 2658
8701 2658
8702 2658
8703 2658
8704 2658
8705 2658
8706 2658
8707 2658
8708 2658
8709 2658
8710 3014
8711 2658
8712 2658
8713 2658
8714 2661
8715 2661
8716 2662
8717 2664
8718 2664
8719 2664
8720 2666
8721 2666
8722 2666
8723 2666
8724 2666
8725 2669
8726 2676
8727 2676
8728 2676
8729 2676
8730 2676
8731 2676
8732 2678
8733 2681
8734 2681
8735 2684
8736 2684
8737 2684
8738 2684
8739 2690
8740 2691
8741 2691
8742 2691
8743 2691
8744 2692
8745 2692
8746 2692
8747 2692
8748 2692
8749 2692
8750 2692
8751 2694
8752 2694
8753 2694
8754 3151
8755 2697
8756 2697
8757 3345
8758 2697
8759 2697
8760 2697
8761 2697
8762 2697
8763 2697
8764 2697
8765 2697
8766 2697
8767 2697
8768 2699
8769 2699
8770 2699
8771 2699
8772 2699
8773 2701
8774 2702
8775 2707
8776 2711
8777 2711
8778 2711
8779 2711
8780 2724
8781 2711
8782 2711
8783 2711
8784 2711
8785 2713
8786 2713
8787 2713
8788 3029
8789 2714
8790 2714
8791 2714
8792 2714
8793 2717
8794 2718
8795 2718
8796 2718
8797 2721
8798 2721
8799 2721
8800 2721
8801 2721
8802 3245
8803 2722
8804 2722
8805 2723
8806 2723
8807 2723
8808 2724
8809 2725
8810 2725
8811 2725
8812 2725
8813 2727
8814 2727
8815 2727
8816 2729
8817 2729
8818 2729
8819 2729
8820 2731
8821 2731
8822 2731
8823 2731
8824 2733
8825 2733
8826 3343
8827 2733
8828 2737
8829 2739
8830 2951
8831 2746
8832 2746
8833 2746
8834 2746
8835 2746
8836 3086
8837 2746
8838 2746
8839 2746
8840 2749
8841 2749
8842 2749
8843 2752
8844 2752
8845 2752
8846 2752
8847 2752
8848 2752
8849 2753
8850 2754
8851 2756
8852 2757
8853 3059
8854 2758
8855 2760
8856 2760
8857 2765
8858 2765
8859 2765
8860 2765
8861 2765
8862 2765
8863 2765
8864 2766
8865 2766
8866 2845
8867 2767
8868 2769
8869 3079
8870 2771
8871 3242
8872 2771
8873 2771
8874 2771
8875 2771
8876 2771
8877 2771
8878 2771
8879 2771
8880 2771
8881 2771
8882 2771
8883 2884
8884 3047
8885 2771
8886 2771
8887 2773
8888 2773
8889 2887
8890 2773
8891 2774
8892 2774
8893 2774
8894 2774
8895 2775
8896 2775
8897 2776
8898 2777
8899 2777
8900 2780
8901 2780
8902 2783
8903 2783
8904 2783
8905 2785
8906 2786
8907 2786
8908 2786
8909 2789
8910 2789
8911 2789
8912 2789
8913 2791
8914 2793
8915 2793
8916 2797
8917 2797
8918 2797
8919 2797
8920 2797
8921 2797
8922 2797
8923 2797
8924 2797
8925 2797
8926 2797
8927 2798
8928 2799
8929 2800
8930 2802
8931 2802
8932 2802
8933 2806
8934 2806
8935 2806
8936 2806
8937 2806
8938 2806
8939 2806
8940 2806
8941 2806
8942 2808
8943 2808
8944 2808
8945 2808
8946 2808
8947 2808
8948 2810
8949 3246
8950 2815
8951 2815
8952 2815
8953 2817
8954 2817
8955 2817
8956 2817
8957 2817
8958 2817
8959 2817
8960 2818
8961 2818
8962 2818
8963 2818
8964 2818
8965 2818
8966 2818
8967 2818
8968 2818
8969 2818
8970 2990
8971 2818
8972 2821
8973 2821
8974 2821
8975 2821
8976 2822
8977 2822
8978 2822
8979 2822
8980 2823
8981 2823
8982 2823
8983 2987
8984 2823
8985 2823
8986 2825
8987 2825
8988 2825
8989 2825
8990 3066
8991 2826
8992 2826
8993 2826
8994 2826
8995 2826
8996 2826
8997 2829
8998 2829
8999 2833
9000 2833
9001 2833
9002 2833
9003 2834
9004 2834
9005 2834
9006 2834
9007 2834
9008 2834
9009 2834
9010 2834
9011 2834
9012 2834
9013 2834
9014 2834
9015 2837
9016 2837
9017 2840
9018 2840
9019 3238
9020 2842
9021 2846
9022 2848
9023 2850
9024 2850
9025 2854
9026 2856
9027 2856
9028 3330
9029 2856
9030 2856
9031 3089
9032 2856
9033 2856
9034 2856
9035 2857
9036 2857
9037 2857
9038 2857
9039 2857
9040 2857
9041 2858
9042 2858
9043 2858
9044 2866
9045 2867
9046 2868
9047 2868
9048 2870
9049 2870
9050 3006
9051 2870
9052 2872
9053 2872
9054 2873
9055 2875
9056 2875
9057 2875
9058 2882
9059 2885
9060 2887
9061 2889
9062 2889
9063 2889
9064 2890
9065 2890
9066 2890
9067 2890
9068 2893
9069 2893
9070 2893
9071 2893
9072 2893
9073 3087
9074 2893
9075 2893
9076 2893
9077 2893
9078 2893
9079 2976
9080 2893
9081 2893
9082 2893
9083 2893
9084 2893
9085 2893
9086 2893
9087 2893
9088 2893
9089 2893
9090 2893
9091 2893
9092 2893
9093 2893
9094 2893
9095 2893
9096 2893
9097 2893
9098 2893
9099 2893
9100 2893
9101 2893
9102 2998
9103 2893
9104 2893
9105 2893
9106 2893
9107 2893
9108 2893
9109 2893
9110 2893
9111 2893
9112 2893
9113 2893
9114 2893
9115 2894
9116 2894
9117 2894
9118 2960
9119 2895
9120 2895
9121 2895
9122 2895
9123 2895
9124 2895
9125 2896
9126 2897
9127 2898
9128 2898
9129 2898
9130 2898
9131 2898
9132 2899
9133 2899
9134 2900
9135 2900
9136 2902
9137 2902
9138 2904
9139 2904
9140 2907
9141 2907
9142 2907
9143 2907
9144 2907
9145 3192
9146 2908
9147 2909
9148 2912
9149 2914
9150 2915
9151 2916
9152 2916
9153 2916
9154 2917
9155 2920
9156 2920
9157 2922
9158 2922
9159 2922
9160 2924
9161 2924
9162 2924
9163 2924
9164 2924
9165 2924
9166 2924
9167 2924
9168 2924
9169 2924
9170 2924
9171 2925
9172 2925
9173 2925
9174 2927
9175 2927
9176 2927
9177 2927
9178 2929
9179 3280
9180 2929
9181 2936
9182 2937
9183 2939
9184 2941
9185 2943
9186 2944
9187 2944
9188 2946
9189 2946
9190 2946
9191 2946
9192 2946
9193 2946
9194 2946
9195 3214
9196 2946
9197 2946
9198 2946
9199 2946
9200 2946
9201 2946
9202 2946
9203 2946
9204 2946
9205 2946
9206 2946
9207 2946
9208 2946
9209 2946
9210 2946
9211 2946
9212 2946
9213 2946
9214 2946
9215 2946
9216 2946
9217 2946
9218 2946
9219 2946
9220 2946
9221 2946
9222 2946
9223 2946
9224 2946
9225 2946
9226 2946
9227 2946
9228 2946
9229 2946
9230 2946
9231 3213
9232 2948
9233 2948
9234 2948
9235 2948
9236 2948
9237 2948
9238 2980
9239 2948
9240 2948
9241 2948
9242 2948
9243 2949
9244 2949
9245 2954
9246 2954
9247 2954
9248 2956
9249 2956
9250 3184
9251 2958
9252 2958
9253 2958
9254 2960
9255 2960
9256 2960
9257 2960
9258 2962
9259 2962
9260 2965
9261 2967
9262 2967
9263 2967
9264 2967
9265 2967
9266 2967
9267 2967
9268 2967
9269 2967
9270 2967
9271 2967
9272 2967
9273 2967
9274 3277
9275 2967
9276 2967
9277 2967
9278 2967
9279 2972
9280 2972
9281 2973
9282 2973
9283 2973
9284 2975
9285 2975
9286 2975
9287 3161
9288 2975
9289 2976
9290 2977
9291 3021
9292 2977
9293 3131
9294 2978
9295 2978
9296 2996
9297 2979
9298 2979
9299 2981
9300 2981
9301 2981
9302 2981
9303 2982
9304 2984
9305 2985
9306 2985
9307 2988
9308 2991
9309 2991
9310 2993
9311 2993
9312 2995
9313 2998
9314 2998
9315 2998
9316 3001
9317 3001
9318 3001
9319 3002
9320 3002
9321 3002
9322 3002
9323 3002
9324 3002
9325 3005
9326 3006
9327 3006
9328 3301
9329 3006
9330 3006
9331 3007
9332 3007
9333 3007
9334 3007
9335 3007
9336 3007
9337 3007
9338 3007
9339 3007
9340 3013
9341 3014
9342 3014
9343 3014
9344 3014
9345 3014
9346 3016
9347 3016
9348 3016
9349 3016
9350 3016
9351 3016
9352 3016
9353 3016
9354 3016
9355 3016
9356 3016
9357 3016
9358 3016
9359 3016
9360 3016
9361 3016
9362 3016
9363 3016
9364 3266
9365 3016
9366 3016
9367 3016
9368 3016
9369 3016
9370 3016
9371 3016
9372 3016
9373 3016
9374 3016
9375 3016
9376 3016
9377 3016
9378 3016
9379 3017
9380 3017
9381 3017
9382 3017
9383 3017
9384 3017
9385 3017
9386 3017
9387 3017
9388 3017
9389 3017
9390 3017
9391 3018
9392 3018
9393 3018
9394 3018
9395 3019
9396 3020
9397 3020
9398 3020
9399 3020
9400 3020
9401 3021
9402 3021
9403 3021
9404 3021
9405 3021
9406 3021
9407 3028
9408 3028
9409 3030
9410 3031
9411 3031
9412 3031
9413 3031
9414 3031
9415 3031
9416 3032
9417 3034
9418 3035
9419 3035
9420 3035
9421 3035
9422 3037
9423 3037
9424 3038
9425 3039
9426 3039
9427 3039
9428 3039
9429 3040
9430 3040
9431 3040
9432 3042
9433 3042
9434 3042
9435 3042
9436 3042
9437 3042
9438 3043
9439 3045
9440 3046
9441 3047
9442 3049
9443 3050
9444 3055
9445 3055
9446 3055
9447 3056
9448 3142
9449 3059
9450 3061
9451 3061
9452 3063
9453 3063
9454 3063
9455 3063
9456 3063
9457 3063
9458 3065
9459 3065
9460 3065
9461 3066
9462 3066
9463 3067
9464 3067
9465 3069
9466 3069
9467 3069
9468 3069
9469 3069
9470 3069
9471 3117
9472 3069
9473 3069
9474 3069
9475 3069
9476 3070
9477 3071
9478 3074
9479 3074
9480 3308
9481 3074
9482 3076
9483 3077
9484 3077
9485 3230
9486 3101
9487 3077
9488 3079
9489 3081
9490 3081
9491 3081
9492 3081
9493 3081
9494 3083
9495 3263
9496 3083
9497 3083
9498 3083
9499 3083
9500 3083
9501 3083
9502 3083
9503 3084
9504 3085
9505 3087
9506 3087
9507 3087
9508 3088
9509 3088
9510 3088
9511 3088
9512 3088
9513 3088
9514 3088
9515 3088
9516 3088
9517 3088
9518 3088
9519 3088
9520 3088
9521 3088
9522 3088
9523 3091
9524 3091
9525 3091
9526 3091
9527 3091
9528 3091
9529 3091
9530 3092
9531 3092
9532 3097
9533 3098
9534 3098
9535 3099
9536 3101
9537 3101
9538 3102
9539 3103
9540 3104
9541 3104
9542 3104
9543 3107
9544 3107
9545 3107
9546 3112
9547 3116
9548 3116
9549 3116
9550 3117
9551 3117
9552 3118
9553 3118
9554 3122
9555 3122
9556 3123
9557 3124
9558 3126
9559 3126
9560 3129
9561 3129
9562 3129
9563 3130
9564 3132
9565 3132
9566 3132
9567 3133
9568 3133
9569 3133
9570 3133
9571 3133
9572 3133
9573 3133
9574 3133
9575 3133
9576 3133
9577 3139
9578 3133
9579 3133
9580 3134
9581 3135
9582 3135
9583 3140
9584 3142
9585 3142
9586 3143
9587 3143
9588 3147
9589 3150
9590 3150
9591 3150
9592 3151
9593 3152
9594 3152
9595 3152
9596 3152
9597 3155
9598 3155
9599 3155
9600 3160
9601 3160
9602 3161
9603 3162
9604 3162
9605 3162
9606 3166
9607 3168
9608 3168
9609 3169
9610 3172
9611 3172
9612 3173
9613 3173
9614 3174
9615 3174
9616 3175
9617 3175
9618 3178
9619 3180
9620 3184
9621 3186
9622 3186
9623 3186
9624 3186
9625 3186
9626 3186
9627 3186
9628 3186
9629 3186
9630 3186
9631 3186
9632 3186
9633 3186
9634 3186
9635 3187
9636 3187
9637 3187
9638 3188
9639 3188
9640 3188
9641 3189
9642 3189
9643 3190
9644 3190
9645 3190
9646 3191
9647 3195
9648 3195
9649 3196
9650 3196
9651 3196
9652 3196
9653 3197
9654 3197
9655 3199
9656 3199
9657 3199
9658 3199
9659 3199
9660 3199
9661 3199
9662 3200
9663 3201
9664 3203
9665 3206
9666 3210
9667 3210
9668 3210
9669 3210
9670 3210
9671 3213
9672 3213
9673 3213
9674 3215
9675 3215
9676 3215
9677 3215
9678 3217
9679 3217
9680 3217
9681 3218
9682 3218
9683 3218
9684 3218
9685 3218
9686 3218
9687 3218
9688 3218
9689 3218
9690 3218
9691 3218
9692 3218
9693 3218
9694 3218
9695 3223
9696 3223
9697 3226
9698 3226
9699 3226
9700 3226
9701 3228
9702 3232
9703 3232
9704 3234
9705 3234
9706 3234
9707 3234
9708 3234
9709 3235
9710 3235
9711 3236
9712 3236
9713 3236
9714 3237
9715 3237
9716 3237
9717 3238
9718 3240
9719 3242
9720 3243
9721 3246
9722 3248
9723 3248
9724 3250
9725 3255
9726 3255
9727 3257
9728 3257
9729 3257
9730 3259
9731 3259
9732 3259
9733 3259
9734 3259
9735 3263
9736 3267
9737 3270
9738 3270
9739 3270
9740 3270
9741 3270
9742 3270
9743 3270
9744 3270
9745 3270
9746 3270
9747 3270
9748 3270
9749 3270
9750 3270
9751 3270
9752 3270
9753 3270
9754 3270
9755 3270
9756 3270
9757 3270
9758 3270
9759 3270
9760 3270
9761 3270
9762 3273
9763 3275
9764 3276
9765 3276
9766 3276
9767 3276
9768 3276
9769 3276
9770 3277
9771 3277
9772 3277
9773 3277
9774 3277
9775 3277
9776 3279
9777 3280
9778 3281
9779 3281
9780 3281
9781 3281
9782 3281
9783 3281
9784 3281
9785 3281
9786 3281
9787 3281
9788 3281
9789 3281
9790 3281
9791 3281
9792 3282
9793 3283
9794 3283
9795 3283
9796 3283
9797 3283
9798 3285
9799 3285
9800 3285
9801 3285
9802 3286
9803 3286
9804 3286
9805 3286
9806 3286
9807 3286
9808 3286
9809 3286
9810 3286
9811 3286
9812 3286
9813 3289
9814 3290
9815 3291
9816 3291
9817 3291
9818 3291
9819 3291
9820 3291
9821 3291
9822 3291
9823 3291
9824 3291
9825 3291
9826 3291
9827 3291
9828 3291
9829 3291
9830 3291
9831 3291
9832 3291
9833 3291
9834 3291
9835 3291
9836 3291
9837 3291
9838 3291
9839 3291
9840 3291
9841 3291
9842 3291
9843 3291
9844 3291
9845 3291
9846 3291
9847 3291
9848 3291
9849 3291
9850 3291
9851 3291
9852 3291
9853 3291
9854 3291
9855 3291
9856 3291
9857 3291
9858 3291
9859 3291
9860 3291
9861 3291
9862 3291
9863 3291
9864 3291
9865 3291
9866 3291
9867 3291
9868 3291
9869 3291
9870 3291
9871 3291
9872 3291
9873 3291
9874 3291
9875 3291
9876 3291
9877 3291
9878 3291
9879 3291
9880 3291
9881 3291
9882 3291
9883 3291
9884 3291
9885 3291
9886 3291
9887 3291
9888 3291
9889 3291
9890 3291
9891 3291
9892 3291
9893 3291
9894 3291
9895 3291
9896 3291
9897 3291
9898 3291
9899 3291
9900 3291
9901 3291
9902 3291
9903 3291
9904 3291
9905 3291
9906 3291
9907 3291
9908 3291
9909 3291
9910 3291
9911 3291
9912 3293
9913 3291
9914 3291
9915 3291
9916 3291
9917 3291
9918 3291
9919 3291
9920 3291
9921 3291
9922 3291
9923 3291
9924 3291
9925 3291
9926 3291
9927 3291
9928 3291
9929 3291
9930 3291
9931 3291
9932 3291
9933 3291
9934 3291
9935 3291
9936 3291
9937 3291
9938 3292
9939 3292
9940 3292
9941 3293
9942 3294
9943 3294
9944 3294
9945 3294
9946 3294
9947 3294
9948 3294
9949 3294
9950 3294
9951 3295
9952 3296
9953 3296
9954 3296
9955 3296
9956 3296
9957 3298
9958 3299
9959 3299
9960 3301
9961 3304
9962 3304
9963 3304
9964 3304
9965 3304
9966 3304
9967 3308
9968 3309
9969 3309
9970 3309
9971 3309
9972 3309
9973 3309
9974 3309
9975 3309
9976 3310
9977 3310
9978 3310
9979 3310
9980 3310
9981 3315
9982 3317
9983 3323
9984 3323
9985 3326
9986 3326
9987 3330
9988 3330
9989 3332
9990 3335
9991 3336
9992 3336
9993 3338
9994 3340
9995 3340
9996 3340
9997 3342
9998 3342
9999 3342
