10000 9999
1 0
2 0
3 2
4 3
5 4
6 5
7 5
8 4
9 8
10 7
11 8
12 8
13 7
14 12
15 8
16 14
17 8
18 12
19 15
20 17
21 17
22 17
23 14
24 17
25 18
26 10
27 19
28 8
29 17
30 27
31 14
32 17
33 27
34 27
35 25
36 27
37 34
38 17
39 33
40 25
41 18
42 34
43 42
44 42
45 18
46 36
47 38
48 36
49 17
50 39
51 49
52 17
53 33
54 9
55 27
56 24
57 34
58 17
59 55
60 13
61 34
62 18
63 48
64 63
65 34
66 26
67 36
68 50
69 17
70 34
71 49
72 34
73 69
74 40
75 70
76 58
77 51
78 65
79 17
80 79
81 63
82 73
83 67
84 57
85 8
86 65
87 34
88 73
89 63
90 67
91 86
92 18
93 83
94 63
95 32
96 86
97 89
98 63
99 73
100 51
101 63
102 84
103 69
104 37
105 17
106 17
107 20
108 44
109 63
110 89
111 105
112 63
113 99
114 47
115 33
116 63
117 45
118 31
119 63
120 86
121 73
122 113
123 86
124 120
125 98
126 68
127 8
128 67
129 78
130 51
131 90
132 78
133 80
134 28
135 36
136 8
137 123
138 63
139 63
140 122
141 80
142 63
143 43
144 17
145 63
146 34
147 22
148 67
149 85
150 67
151 106
152 80
153 69
154 69
155 86
156 101
157 68
158 146
159 106
160 53
161 113
162 128
163 157
164 27
165 46
166 22
167 52
168 49
169 120
170 27
171 154
172 85
173 53
174 87
175 63
176 93
177 52
178 35
179 137
180 67
181 161
182 20
183 116
184 164
185 143
186 14
187 7
188 85
189 131
190 114
191 41
192 164
193 50
194 190
195 165
196 193
197 125
198 89
199 61
200 85
201 112
202 199
203 165
204 34
205 63
206 14
207 51
208 120
209 74
210 192
211 182
212 8
213 135
214 157
215 170
216 123
217 152
218 76
219 217
220 178
221 197
222 165
223 78
224 133
225 193
226 215
227 8
228 197
229 137
230 129
231 206
232 197
233 176
234 219
235 57
236 219
237 114
238 235
239 82
240 165
241 149
242 73
243 63
244 43
245 211
246 244
247 61
248 71
249 210
250 192
251 234
252 239
253 59
254 94
255 240
256 209
257 249
258 200
259 243
260 217
261 165
262 60
263 63
264 191
265 62
266 255
267 261
268 222
269 237
270 27
271 165
272 170
273 196
274 164
275 255
276 164
277 63
278 126
279 126
280 115
281 150
282 213
283 212
284 264
285 255
286 217
287 177
288 192
289 156
290 255
291 263
292 263
293 235
294 48
295 271
296 273
297 145
298 202
299 165
300 216
301 268
302 75
303 296
304 63
305 62
306 189
307 89
308 250
309 114
310 124
311 201
312 304
313 188
314 176
315 304
316 219
317 304
318 192
319 190
320 192
321 304
322 317
323 297
324 165
325 264
326 287
327 63
328 323
329 255
330 88
331 264
332 323
333 310
334 184
335 224
336 329
337 263
338 304
339 245
340 247
341 111
342 250
343 193
344 162
345 188
346 304
347 32
348 103
349 164
350 287
351 256
352 275
353 317
354 170
355 329
356 147
357 124
358 347
359 304
360 207
361 287
362 339
363 362
364 362
365 34
366 308
367 211
368 235
369 192
370 220
371 276
372 312
373 172
374 249
375 314
376 184
377 278
378 322
379 276
380 366
381 264
382 261
383 314
384 57
385 237
386 158
387 136
388 347
389 304
390 388
391 159
392 364
393 52
394 217
395 23
396 193
397 287
398 58
399 304
400 17
401 396
402 366
403 337
404 304
405 164
406 326
407 213
408 304
409 174
410 304
411 304
412 411
413 168
414 217
415 401
416 388
417 17
418 415
419 213
420 265
421 63
422 364
423 304
424 317
425 314
426 63
427 347
428 327
429 314
430 196
431 217
432 348
433 192
434 95
435 340
436 67
437 385
438 415
439 209
440 275
441 415
442 364
443 331
444 264
445 214
446 373
447 213
448 420
449 105
450 357
451 334
452 291
453 225
454 17
455 197
456 304
457 209
458 124
459 398
460 80
461 388
462 366
463 317
464 401
465 304
466 388
467 242
468 213
469 313
470 439
471 165
472 304
473 305
474 303
475 164
476 304
477 73
478 408
479 106
480 307
481 395
482 397
483 366
484 396
485 283
486 374
487 207
488 208
489 164
490 304
491 192
492 175
493 446
494 316
495 200
496 263
497 474
498 153
499 467
500 495
501 481
502 286
503 165
504 63
505 314
506 266
507 142
508 403
509 501
510 439
511 443
512 276
513 314
514 498
515 416
516 495
517 134
518 495
519 396
520 475
521 318
522 501
523 358
524 330
525 466
526 240
527 162
528 304
529 495
530 463
531 356
532 192
533 517
534 472
535 384
536 173
537 362
538 527
539 85
540 69
541 515
542 396
543 218
544 245
545 504
546 304
547 213
548 495
549 17
550 351
551 446
552 400
553 395
554 390
555 235
556 63
557 304
558 538
559 452
560 311
561 525
562 304
563 515
564 239
565 374
566 63
567 255
568 474
569 347
570 14
571 392
572 560
573 472
574 551
575 487
576 85
577 300
578 462
579 63
580 192
581 540
582 304
583 495
584 27
585 574
586 314
587 504
588 474
589 124
590 444
591 397
592 424
593 197
594 413
595 105
596 80
597 387
598 584
599 495
600 255
601 543
602 249
603 314
604 594
605 544
606 543
607 162
608 479
609 229
610 321
611 287
612 378
613 171
614 574
615 495
616 495
617 488
618 465
619 472
620 472
621 364
622 439
623 342
624 197
625 546
626 551
627 495
628 333
629 164
630 520
631 585
632 102
633 439
634 379
635 164
636 481
637 110
638 543
639 495
640 537
641 495
642 417
643 606
644 121
645 296
646 415
647 213
648 583
649 138
650 375
651 304
652 508
653 451
654 495
655 347
656 304
657 520
658 528
659 73
660 304
661 342
662 645
663 286
664 495
665 215
666 363
667 235
668 645
669 439
670 538
671 382
672 591
673 332
674 256
675 495
676 249
677 290
678 147
679 611
680 541
681 474
682 490
683 396
684 446
685 658
686 675
687 658
688 603
689 658
690 366
691 252
692 664
693 446
694 64
695 251
696 472
697 289
698 347
699 241
700 401
701 549
702 364
703 495
704 240
705 425
706 410
707 465
708 593
709 537
710 703
711 507
712 370
713 415
714 204
715 162
716 631
717 78
718 106
719 396
720 626
721 374
722 255
723 717
724 504
725 364
726 17
727 495
728 434
729 398
730 498
731 515
732 293
733 157
734 498
735 561
736 148
737 639
738 301
739 192
740 557
741 514
742 636
743 257
744 519
745 672
746 221
747 293
748 495
749 658
750 243
751 242
752 600
753 634
754 406
755 207
756 237
757 517
758 702
759 105
760 704
761 573
762 737
763 658
764 658
765 360
766 692
767 450
768 631
769 474
770 404
771 605
772 95
773 570
774 132
775 508
776 495
777 363
778 304
779 505
780 662
781 414
782 504
783 694
784 771
785 625
786 18
787 658
788 503
789 296
790 474
791 746
792 495
793 677
794 729
795 600
796 632
797 658
798 658
799 658
800 481
801 379
802 698
803 150
804 495
805 165
806 707
807 477
808 433
809 238
810 658
811 498
812 497
813 648
814 264
815 367
816 436
817 340
818 404
819 642
820 658
821 361
822 304
823 495
824 793
825 495
826 435
827 637
828 570
829 648
830 570
831 229
832 109
833 680
834 678
835 304
836 732
837 682
838 828
839 442
840 601
841 535
842 279
843 803
844 473
845 692
846 614
847 192
848 165
849 658
850 304
851 758
852 766
853 213
854 658
855 314
856 304
857 139
858 372
859 472
860 249
861 656
862 466
863 400
864 534
865 347
866 661
867 304
868 472
869 415
870 511
871 148
872 130
873 707
874 655
875 658
876 865
877 86
878 605
879 497
880 709
881 826
882 489
883 695
884 498
885 715
886 512
887 811
888 392
889 495
890 707
891 596
892 512
893 495
894 495
895 679
896 658
897 604
898 658
899 691
900 885
901 213
902 658
903 165
904 848
905 495
906 443
907 439
908 433
909 349
910 893
911 867
912 808
913 235
914 671
915 203
916 631
917 81
918 447
919 541
920 293
921 755
922 336
923 82
924 514
925 674
926 192
927 287
928 658
929 498
930 728
931 752
932 658
933 406
934 658
935 495
936 649
937 495
938 298
939 356
940 731
941 766
942 41
943 165
944 267
945 495
946 658
947 544
948 570
949 495
950 347
951 805
952 504
953 903
954 367
955 16
956 928
957 167
958 783
959 148
960 439
961 715
962 193
963 466
964 631
965 908
966 27
967 655
968 495
969 513
970 842
971 328
972 54
973 906
974 840
975 712
976 304
977 559
978 504
979 723
980 658
981 160
982 703
983 124
984 748
985 960
986 902
987 497
988 908
989 699
990 658
991 863
992 495
993 776
994 859
995 454
996 907
997 362
998 608
999 982
1000 882
1001 726
1002 648
1003 658
1004 762
1005 913
1006 495
1007 342
1008 632
1009 520
1010 658
1011 589
1012 989
1013 63
1014 488
1015 889
1016 495
1017 920
1018 483
1019 69
1020 658
1021 256
1022 658
1023 766
1024 982
1025 554
1026 1009
1027 36
1028 246
1029 304
1030 481
1031 662
1032 570
1033 248
1034 124
1035 963
1036 600
1037 632
1038 600
1039 664
1040 495
1041 301
1042 922
1043 301
1044 722
1045 333
1046 731
1047 658
1048 811
1049 973
1050 341
1051 370
1052 1007
1053 949
1054 514
1055 548
1056 619
1057 165
1058 701
1059 654
1060 395
1061 495
1062 754
1063 762
1064 1002
1065 1063
1066 126
1067 288
1068 568
1069 1034
1070 286
1071 540
1072 766
1073 192
1074 388
1075 466
1076 590
1077 983
1078 474
1079 766
1080 1004
1081 781
1082 1045
1083 73
1084 631
1085 537
1086 1071
1087 818
1088 1022
1089 816
1090 282
1091 1038
1092 970
1093 658
1094 935
1095 664
1096 392
1097 287
1098 998
1099 922
1100 420
1101 736
1102 561
1103 658
1104 821
1105 345
1106 153
1107 671
1108 415
1109 967
1110 658
1111 1045
1112 811
1113 495
1114 826
1115 1052
1116 495
1117 538
1118 495
1119 1046
1120 17
1121 168
1122 776
1123 865
1124 527
1125 988
1126 631
1127 570
1128 831
1129 572
1130 295
1131 383
1132 508
1133 840
1134 1099
1135 942
1136 529
1137 63
1138 555
1139 589
1140 324
1141 549
1142 241
1143 426
1144 664
1145 1025
1146 1070
1147 264
1148 744
1149 484
1150 543
1151 304
1152 431
1153 188
1154 952
1155 1116
1156 227
1157 871
1158 999
1159 1144
1160 1020
1161 742
1162 707
1163 478
1164 620
1165 495
1166 1037
1167 896
1168 593
1169 662
1170 1082
1171 567
1172 1171
1173 217
1174 347
1175 92
1176 518
1177 997
1178 1171
1179 446
1180 47
1181 495
1182 1058
1183 923
1184 1050
1185 840
1186 192
1187 773
1188 901
1189 142
1190 1154
1191 741
1192 527
1193 803
1194 495
1195 269
1196 472
1197 863
1198 658
1199 491
1200 658
1201 580
1202 542
1203 1158
1204 495
1205 224
1206 104
1207 610
1208 570
1209 495
1210 944
1211 228
1212 706
1213 415
1214 761
1215 1018
1216 34
1217 927
1218 603
1219 694
1220 543
1221 658
1222 1158
1223 1171
1224 131
1225 1171
1226 507
1227 798
1228 811
1229 551
1230 1104
1231 520
1232 553
1233 1154
1234 658
1235 787
1236 68
1237 839
1238 1045
1239 1043
1240 1139
1241 63
1242 1189
1243 113
1244 469
1245 235
1246 866
1247 685
1248 374
1249 504
1250 941
1251 522
1252 738
1253 1113
1254 835
1255 648
1256 127
1257 1204
1258 873
1259 809
1260 293
1261 495
1262 1171
1263 293
1264 1119
1265 366
1266 1257
1267 333
1268 495
1269 113
1270 1257
1271 807
1272 565
1273 288
1274 1162
1275 519
1276 1018
1277 1101
1278 1171
1279 208
1280 787
1281 658
1282 844
1283 474
1284 551
1285 446
1286 424
1287 658
1288 648
1289 924
1290 1158
1291 488
1292 1257
1293 365
1294 1290
1295 658
1296 600
1297 814
1298 1171
1299 665
1300 1094
1301 488
1302 170
1303 1121
1304 1182
1305 197
1306 439
1307 1117
1308 982
1309 970
1310 286
1311 1257
1312 1159
1313 1084
1314 905
1315 495
1316 388
1317 762
1318 358
1319 985
1320 1309
1321 953
1322 495
1323 751
1324 133
1325 658
1326 1151
1327 1151
1328 1126
1329 784
1330 1142
1331 1180
1332 1279
1333 906
1334 1223
1335 165
1336 1171
1337 1018
1338 1221
1339 658
1340 474
1341 453
1342 875
1343 1006
1344 1044
1345 1285
1346 903
1347 1279
1348 648
1349 1295
1350 1228
1351 658
1352 887
1353 740
1354 678
1355 731
1356 873
1357 597
1358 1222
1359 937
1360 1079
1361 658
1362 1241
1363 540
1364 592
1365 73
1366 441
1367 522
1368 495
1369 1323
1370 523
1371 988
1372 302
1373 846
1374 644
1375 992
1376 1171
1377 1375
1378 1279
1379 1222
1380 320
1381 464
1382 424
1383 297
1384 1220
1385 1254
1386 645
1387 1048
1388 498
1389 1329
1390 811
1391 589
1392 1166
1393 1183
1394 1171
1395 1222
1396 255
1397 457
1398 1315
1399 822
1400 787
1401 631
1402 1223
1403 933
1404 474
1405 304
1406 495
1407 378
1408 1153
1409 368
1410 418
1411 845
1412 1336
1413 1045
1414 304
1415 1171
1416 1313
1417 805
1418 1339
1419 1158
1420 673
1421 1368
1422 941
1423 358
1424 1135
1425 956
1426 652
1427 658
1428 581
1429 1038
1430 570
1431 633
1432 1120
1433 56
1434 213
1435 1135
1436 1311
1437 1256
1438 495
1439 1068
1440 658
1441 658
1442 371
1443 407
1444 1279
1445 1408
1446 472
1447 495
1448 509
1449 658
1450 347
1451 551
1452 517
1453 658
1454 1271
1455 1093
1456 495
1457 612
1458 314
1459 877
1460 1018
1461 1158
1462 1297
1463 1307
1464 1183
1465 1453
1466 1011
1467 325
1468 1051
1469 601
1470 988
1471 783
1472 1217
1473 551
1474 1275
1475 819
1476 756
1477 1440
1478 1333
1479 796
1480 17
1481 824
1482 1193
1483 1320
1484 690
1485 1471
1486 1271
1487 1453
1488 1242
1489 1478
1490 1132
1491 495
1492 164
1493 512
1494 1194
1495 1171
1496 1303
1497 388
1498 205
1499 1393
1500 1453
1501 10
1502 1077
1503 965
1504 1167
1505 439
1506 1299
1507 1432
1508 556
1509 421
1510 1037
1511 1316
1512 1058
1513 1508
1514 712
1515 862
1516 474
1517 470
1518 495
1519 1223
1520 740
1521 409
1522 1499
1523 304
1524 1441
1525 439
1526 71
1527 1171
1528 586
1529 1046
1530 519
1531 1508
1532 1077
1533 1486
1534 1303
1535 731
1536 683
1537 1240
1538 393
1539 495
1540 917
1541 773
1542 228
1543 685
1544 405
1545 164
1546 500
1547 973
1548 238
1549 495
1550 1082
1551 740
1552 1279
1553 586
1554 1469
1555 1265
1556 189
1557 1271
1558 913
1559 1277
1560 421
1561 1453
1562 658
1563 1019
1564 439
1565 810
1566 1167
1567 813
1568 315
1569 495
1570 540
1571 415
1572 1387
1573 1214
1574 1462
1575 958
1576 802
1577 1444
1578 1170
1579 1257
1580 645
1581 1567
1582 164
1583 1317
1584 1341
1585 1079
1586 1045
1587 1294
1588 710
1589 812
1590 944
1591 63
1592 165
1593 570
1594 1512
1595 552
1596 1322
1597 658
1598 626
1599 165
1600 254
1601 508
1602 769
1603 622
1604 806
1605 605
1606 536
1607 791
1608 352
1609 539
1610 1593
1611 1230
1612 600
1613 416
1614 194
1615 1427
1616 1171
1617 1455
1618 1344
1619 937
1620 1279
1621 599
1622 293
1623 1509
1624 1441
1625 932
1626 1384
1627 1258
1628 235
1629 1577
1630 1437
1631 1351
1632 1608
1633 995
1634 1164
1635 1300
1636 1490
1637 1171
1638 1320
1639 1124
1640 799
1641 1614
1642 1172
1643 895
1644 1257
1645 1257
1646 1575
1647 1251
1648 1445
1649 1225
1650 772
1651 575
1652 1445
1653 1210
1654 164
1655 1306
1656 1261
1657 1609
1658 1401
1659 1539
1660 869
1661 1011
1662 526
1663 1513
1664 1353
1665 193
1666 1347
1667 495
1668 831
1669 1198
1670 1492
1671 405
1672 1592
1673 1115
1674 1651
1675 925
1676 1656
1677 325
1678 1279
1679 1553
1680 912
1681 1555
1682 179
1683 1492
1684 1130
1685 128
1686 847
1687 1165
1688 1501
1689 541
1690 396
1691 1318
1692 1540
1693 1460
1694 533
1695 306
1696 414
1697 842
1698 701
1699 1173
1700 865
1701 1530
1702 774
1703 1656
1704 1563
1705 1331
1706 1317
1707 1158
1708 474
1709 1274
1710 1625
1711 501
1712 1520
1713 1210
1714 1354
1715 495
1716 479
1717 709
1718 1473
1719 1541
1720 239
1721 370
1722 1646
1723 1205
1724 1200
1725 1479
1726 1381
1727 660
1728 277
1729 1582
1730 317
1731 712
1732 352
1733 1325
1734 1509
1735 1651
1736 1096
1737 371
1738 608
1739 1430
1740 263
1741 1203
1742 1293
1743 1572
1744 731
1745 468
1746 347
1747 1166
1748 1154
1749 353
1750 209
1751 1630
1752 1276
1753 1563
1754 908
1755 1686
1756 941
1757 126
1758 239
1759 1223
1760 1253
1761 605
1762 1040
1763 1648
1764 1140
1765 888
1766 1564
1767 1576
1768 498
1769 1352
1770 551
1771 1721
1772 333
1773 1152
1774 279
1775 648
1776 1568
1777 798
1778 1386
1779 193
1780 750
1781 1650
1782 123
1783 516
1784 1124
1785 1257
1786 286
1787 1444
1788 1609
1789 769
1790 452
1791 1503
1792 1462
1793 1069
1794 592
1795 255
1796 945
1797 1368
1798 378
1799 1727
1800 658
1801 1630
1802 1142
1803 1600
1804 495
1805 1531
1806 1419
1807 1369
1808 235
1809 1496
1810 1188
1811 1497
1812 1180
1813 1498
1814 1176
1815 1524
1816 1584
1817 358
1818 551
1819 1803
1820 228
1821 1470
1822 1363
1823 1265
1824 654
1825 192
1826 1727
1827 264
1828 439
1829 1171
1830 1592
1831 480
1832 543
1833 1515
1834 1595
1835 1349
1836 1136
1837 867
1838 1718
1839 1190
1840 345
1841 128
1842 1247
1843 1148
1844 731
1845 1716
1846 1676
1847 1622
1848 1397
1849 1827
1850 360
1851 1577
1852 1393
1853 1470
1854 1792
1855 420
1856 208
1857 513
1858 1234
1859 1221
1860 465
1861 1847
1862 968
1863 320
1864 701
1865 1123
1866 647
1867 1476
1868 1452
1869 783
1870 854
1871 1436
1872 1541
1873 1690
1874 1609
1875 362
1876 1620
1877 1795
1878 1866
1879 165
1880 972
1881 658
1882 1550
1883 1832
1884 1839
1885 303
1886 495
1887 1085
1888 1729
1889 1504
1890 1797
1891 1609
1892 1085
1893 1823
1894 360
1895 1657
1896 766
1897 1348
1898 631
1899 1509
1900 637
1901 1642
1902 944
1903 376
1904 1330
1905 1141
1906 1018
1907 1319
1908 1259
1909 235
1910 355
1911 378
1912 1769
1913 1317
1914 1346
1915 119
1916 1795
1917 1177
1918 1073
1919 359
1920 771
1921 758
1922 1609
1923 327
1924 1095
1925 525
1926 1201
1927 1736
1928 1741
1929 125
1930 1654
1931 1434
1932 362
1933 986
1934 1926
1935 1794
1936 1878
1937 1926
1938 543
1939 1237
1940 433
1941 668
1942 511
1943 1335
1944 1844
1945 999
1946 1938
1947 815
1948 961
1949 857
1950 1541
1951 811
1952 495
1953 1166
1954 495
1955 1860
1956 1652
1957 236
1958 1194
1959 1149
1960 1568
1961 318
1962 1823
1963 415
1964 1455
1965 1507
1966 1171
1967 1835
1968 421
1969 1541
1970 1198
1971 1875
1972 91
1973 1535
1974 1609
1975 1223
1976 1495
1977 1729
1978 1311
1979 1259
1980 1796
1981 1173
1982 51
1983 1911
1984 1439
1985 1087
1986 1314
1987 1498
1988 1620
1989 1790
1990 213
1991 703
1992 1318
1993 1699
1994 21
1995 1937
1996 1729
1997 449
1998 1044
1999 1637
2000 1286
2001 1498
2002 560
2003 1564
2004 1656
2005 1690
2006 1772
2007 600
2008 422
2009 1943
2010 1279
2011 767
2012 1630
2013 1255
2014 1729
2015 1446
2016 360
2017 461
2018 304
2019 1785
2020 1304
2021 1783
2022 1803
2023 879
2024 836
2025 1878
2026 1051
2027 394
2028 1637
2029 647
2030 1988
2031 1401
2032 874
2033 736
2034 1693
2035 1035
2036 513
2037 1441
2038 733
2039 757
2040 1536
2041 1120
2042 2017
2043 1201
2044 139
2045 1611
2046 2009
2047 1146
2048 380
2049 484
2050 1460
2051 1300
2052 1126
2053 481
2054 1463
2055 396
2056 786
2057 1232
2058 714
2059 1324
2060 959
2061 1736
2062 1004
2063 1899
2064 1737
2065 1952
2066 658
2067 757
2068 876
2069 950
2070 1783
2071 1259
2072 800
2073 1791
2074 958
2075 1700
2076 1105
2077 1444
2078 1073
2079 1689
2080 2018
2081 982
2082 1541
2083 723
2084 1729
2085 324
2086 1902
2087 1218
2088 1180
2089 1037
2090 716
2091 1303
2092 887
2093 1559
2094 1326
2095 515
2096 2088
2097 2017
2098 589
2099 992
2100 1356
2101 1043
2102 1971
2103 1449
2104 2088
2105 1835
2106 1279
2107 2017
2108 1924
2109 1609
2110 1540
2111 1715
2112 1453
2113 1441
2114 2058
2115 982
2116 952
2117 1028
2118 776
2119 533
2120 757
2121 1497
2122 658
2123 1609
2124 446
2125 1241
2126 2037
2127 998
2128 1489
2129 1656
2130 982
2131 1491
2132 1926
2133 1803
2134 2033
2135 2115
2136 1887
2137 1633
2138 1779
2139 1279
2140 1835
2141 1303
2142 1031
2143 664
2144 1339
2145 1823
2146 1786
2147 973
2148 762
2149 293
2150 1077
2151 1518
2152 658
2153 1068
2154 1223
2155 446
2156 488
2157 484
2158 329
2159 2017
2160 1926
2161 1716
2162 1935
2163 446
2164 937
2165 279
2166 908
2167 444
2168 1444
2169 68
2170 279
2171 1453
2172 1803
2173 791
2174 504
2175 369
2176 304
2177 2011
2178 1043
2179 1789
2180 2076
2181 1366
2182 1327
2183 1656
2184 1811
2185 1045
2186 1897
2187 2132
2188 246
2189 278
2190 1729
2191 2087
2192 1149
2193 386
2194 1509
2195 658
2196 1819
2197 1802
2198 930
2199 1347
2200 2142
2201 1540
2202 2104
2203 648
2204 1843
2205 2142
2206 1960
2207 1536
2208 1393
2209 1780
2210 1063
2211 1559
2212 2082
2213 924
2214 1184
2215 763
2216 1609
2217 1803
2218 1548
2219 466
2220 1816
2221 1466
2222 2000
2223 1432
2224 759
2225 645
2226 1501
2227 2136
2228 2217
2229 610
2230 1760
2231 1202
2232 1475
2233 56
2234 2102
2235 428
2236 1519
2237 1275
2238 1729
2239 1658
2240 362
2241 589
2242 2180
2243 386
2244 1427
2245 1426
2246 1958
2247 796
2248 904
2249 963
2250 658
2251 2012
2252 2033
2253 1753
2254 2112
2255 1656
2256 982
2257 209
2258 2216
2259 1967
2260 1577
2261 206
2262 1038
2263 354
2264 1492
2265 1820
2266 1699
2267 439
2268 707
2269 658
2270 2130
2271 1325
2272 335
2273 2007
2274 1630
2275 2007
2276 314
2277 1348
2278 2000
2279 774
2280 504
2281 1331
2282 1609
2283 658
2284 468
2285 1024
2286 1311
2287 658
2288 628
2289 2161
2290 1412
2291 63
2292 813
2293 497
2294 1771
2295 1737
2296 982
2297 771
2298 495
2299 2240
2300 1784
2301 1311
2302 1783
2303 1137
2304 1577
2305 1498
2306 1291
2307 1656
2308 1609
2309 658
2310 1011
2311 1715
2312 1519
2313 1894
2314 1225
2315 1261
2316 379
2317 197
2318 1712
2319 65
2320 1434
2321 2284
2322 775
2323 806
2324 971
2325 1969
2326 1481
2327 165
2328 1524
2329 757
2330 1479
2331 66
2332 2017
2333 512
2334 1783
2335 1823
2336 1832
2337 962
2338 2112
2339 1795
2340 320
2341 1919
2342 927
2343 1541
2344 2142
2345 540
2346 2188
2347 1709
2348 2017
2349 1344
2350 1492
2351 1646
2352 1476
2353 1607
2354 1651
2355 2103
2356 2176
2357 2045
2358 1120
2359 2017
2360 2211
2361 1699
2362 2309
2363 1461
2364 798
2365 1171
2366 270
2367 1825
2368 495
2369 731
2370 1586
2371 2151
2372 2353
2373 1704
2374 569
2375 2317
2376 169
2377 1682
2378 984
2379 1881
2380 1485
2381 1143
2382 1171
2383 1154
2384 1497
2385 1829
2386 2076
2387 1441
2388 1470
2389 805
2390 1390
2391 2266
2392 495
2393 192
2394 1189
2395 1563
2396 1725
2397 1202
2398 2110
2399 2392
2400 810
2401 1142
2402 1913
2403 2045
2404 1359
2405 2138
2406 2339
2407 1604
2408 981
2409 535
2410 1985
2411 2051
2412 488
2413 890
2414 1589
2415 1252
2416 1911
2417 740
2418 1266
2419 2017
2420 439
2421 831
2422 1925
2423 2102
2424 2423
2425 1745
2426 1834
2427 2392
2428 1634
2429 1497
2430 2312
2431 1742
2432 1660
2433 2133
2434 2213
2435 1703
2436 2356
2437 2340
2438 2233
2439 2191
2440 1171
2441 1612
2442 420
2443 2317
2444 1912
2445 2017
2446 1026
2447 153
2448 87
2449 1651
2450 888
2451 1651
2452 1530
2453 2349
2454 1803
2455 2426
2456 2285
2457 2004
2458 2110
2459 1792
2460 1609
2461 1815
2462 1479
2463 1692
2464 2150
2465 304
2466 1493
2467 1564
2468 2392
2469 2225
2470 6
2471 1216
2472 1637
2473 980
2474 2076
2475 1536
2476 1951
2477 1151
2478 797
2479 709
2480 1352
2481 2142
2482 1233
2483 697
2484 2329
2485 2178
2486 1609
2487 1864
2488 1032
2489 1649
2490 274
2491 716
2492 641
2493 1045
2494 2110
2495 2017
2496 2139
2497 314
2498 2275
2499 1725
2500 1916
2501 1823
2502 2438
2503 1926
2504 1171
2505 2277
2506 2110
2507 1751
2508 2142
2509 1279
2510 1257
2511 493
2512 1690
2513 1258
2514 1626
2515 1764
2516 1223
2517 2507
2518 467
2519 707
2520 1715
2521 262
2522 2073
2523 1222
2524 2102
2525 1301
2526 2352
2527 1043
2528 2415
2529 1601
2530 1183
2531 2321
2532 1554
2533 872
2534 2333
2535 1126
2536 1129
2537 1210
2538 2139
2539 2110
2540 1541
2541 364
2542 1222
2543 2472
2544 1541
2545 1257
2546 769
2547 1761
2548 1084
2549 2255
2550 1936
2551 499
2552 1069
2553 2375
2554 1756
2555 967
2556 2277
2557 1635
2558 2223
2559 682
2560 603
2561 2250
2562 819
2563 1765
2564 2549
2565 749
2566 1609
2567 974
2568 2501
2569 1835
2570 495
2571 1291
2572 1803
2573 2339
2574 1793
2575 1011
2576 2076
2577 1789
2578 939
2579 288
2580 2157
2581 2402
2582 658
2583 658
2584 1823
2585 2076
2586 2285
2587 377
2588 1051
2589 34
2590 1771
2591 842
2592 1552
2593 2317
2594 2076
2595 2142
2596 249
2597 2038
2598 1924
2599 1342
2600 2228
2601 1969
2602 1823
2603 600
2604 2427
2605 762
2606 1496
2607 2285
2608 651
2609 1255
2610 345
2611 1794
2612 2185
2613 1375
2614 2540
2615 790
2616 1691
2617 1907
2618 814
2619 2568
2620 2220
2621 1003
2622 2033
2623 1479
2624 2017
2625 2594
2626 796
2627 1656
2628 1410
2629 2309
2630 2392
2631 1584
2632 465
2633 950
2634 1905
2635 513
2636 2095
2637 2082
2638 2277
2639 239
2640 2016
2641 1568
2642 2110
2643 1896
2644 1858
2645 1656
2646 1382
2647 345
2648 140
2649 2489
2650 1249
2651 2042
2652 2285
2653 183
2654 2616
2655 2145
2656 2600
2657 1196
2658 866
2659 1896
2660 2302
2661 1959
2662 1803
2663 2480
2664 1803
2665 1748
2666 1876
2667 682
2668 1543
2669 1823
2670 566
2671 972
2672 2583
2673 2109
2674 2349
2675 1445
2676 2110
2677 2326
2678 2366
2679 2110
2680 2148
2681 192
2682 163
2683 1639
2684 2340
2685 1823
2686 838
2687 113
2688 576
2689 1785
2690 1107
2691 2322
2692 1748
2693 1627
2694 1741
2695 933
2696 1839
2697 1947
2698 1112
2699 1899
2700 1210
2701 2676
2702 921
2703 2346
2704 1183
2705 2149
2706 1329
2707 860
2708 810
2709 2319
2710 1548
2711 2317
2712 1484
2713 1210
2714 1799
2715 2407
2716 1750
2717 1992
2718 1966
2719 2285
2720 2536
2721 2684
2722 1354
2723 1497
2724 1264
2725 1741
2726 1803
2727 478
2728 1767
2729 2003
2730 2618
2731 2329
2732 2359
2733 2535
2734 1933
2735 2277
2736 2486
2737 2112
2738 973
2739 1495
2740 2088
2741 2377
2742 1634
2743 2392
2744 1497
2745 1729
2746 703
2747 1247
2748 1969
2749 658
2750 2641
2751 1626
2752 1760
2753 775
2754 1156
2755 480
2756 520
2757 1518
2758 2293
2759 424
2760 329
2761 1609
2762 1842
2763 1462
2764 197
2765 1810
2766 1245
2767 2753
2768 2404
2769 304
2770 488
2771 1072
2772 1600
2773 2130
2774 762
2775 2458
2776 1790
2777 416
2778 2194
2779 2466
2780 658
2781 1625
2782 2466
2783 2017
2784 2297
2785 894
2786 2412
2787 1996
2788 2423
2789 1445
2790 1736
2791 1669
2792 279
2793 2145
2794 1533
2795 2277
2796 1505
2797 2017
2798 2503
2799 2337
2800 366
2801 659
2802 830
2803 1989
2804 396
2805 2359
2806 2537
2807 806
2808 2266
2809 1372
2810 692
2811 671
2812 2498
2813 2648
2814 495
2815 908
2816 505
2817 658
2818 1993
2819 2807
2820 1290
2821 1399
2822 1011
2823 1246
2824 776
2825 437
2826 2222
2827 1741
2828 1663
2829 2501
2830 2707
2831 2466
2832 1744
2833 2136
2834 939
2835 2357
2836 1803
2837 1811
2838 100
2839 2082
2840 1747
2841 2244
2842 1000
2843 2590
2844 2242
2845 682
2846 1758
2847 2788
2848 982
2849 439
2850 1082
2851 1086
2852 2618
2853 2744
2854 498
2855 702
2856 1544
2857 2664
2858 1567
2859 2607
2860 1099
2861 2490
2862 2817
2863 1515
2864 1280
2865 2142
2866 2429
2867 1492
2868 1360
2869 1540
2870 2285
2871 1664
2872 362
2873 1538
2874 2830
2875 527
2876 1101
2877 1395
2878 2139
2879 2088
2880 1009
2881 2076
2882 2445
2883 2668
2884 165
2885 2392
2886 2017
2887 2184
2888 1803
2889 60
2890 1497
2891 2803
2892 2686
2893 250
2894 2694
2895 1289
2896 2338
2897 864
2898 2528
2899 2277
2900 2667
2901 2835
2902 812
2903 525
2904 2733
2905 304
2906 2740
2907 1180
2908 2578
2909 2641
2910 1240
2911 658
2912 1120
2913 1445
2914 1811
2915 495
2916 63
2917 918
2918 973
2919 2829
2920 2261
2921 1138
2922 1803
2923 1389
2924 1693
2925 260
2926 1170
2927 2273
2928 1045
2929 2447
2930 1240
2931 1763
2932 1504
2933 658
2934 1583
2935 2034
2936 2271
2937 415
2938 1833
2939 1879
2940 217
2941 1279
2942 1210
2943 1819
2944 1441
2945 1611
2946 1070
2947 2879
2948 2554
2949 2322
2950 304
2951 724
2952 2791
2953 540
2954 2393
2955 1210
2956 2480
2957 1651
2958 513
2959 2490
2960 2806
2961 2292
2962 1677
2963 1444
2964 1626
2965 1567
2966 552
2967 304
2968 2170
2969 2372
2970 1926
2971 2666
2972 2886
2973 1989
2974 2603
2975 2192
2976 1716
2977 2017
2978 1504
2979 2762
2980 2468
2981 165
2982 2332
2983 1432
2984 1173
2985 304
2986 1596
2987 2821
2988 2641
2989 2548
2990 421
2991 1851
2992 2498
2993 1823
2994 1506
2995 1029
2996 2316
2997 239
2998 2363
2999 2017
3000 1803
3001 1540
3002 1097
3003 2308
3004 1560
3005 975
3006 2110
3007 2082
3008 2810
3009 2445
3010 2450
3011 1086
3012 2482
3013 2729
3014 2509
3015 1651
3016 314
3017 2437
3018 1810
3019 2110
3020 1564
3021 2082
3022 1481
3023 176
3024 1803
3025 219
3026 825
3027 2655
3028 165
3029 2436
3030 1064
3031 1899
3032 2628
3033 2346
3034 2817
3035 1120
3036 1761
3037 1880
3038 664
3039 1609
3040 2082
3041 2442
3042 863
3043 3019
3044 2346
3045 969
3046 2685
3047 1536
3048 936
3049 2496
3050 2110
3051 2437
3052 1278
3053 3052
3054 2418
3055 891
3056 2522
3057 1993
3058 855
3059 2484
3060 802
3061 2331
3062 1122
3063 2568
3064 2882
3065 2187
3066 2613
3067 1795
3068 2466
3069 815
3070 2249
3071 2558
3072 2905
3073 3053
3074 1741
3075 2484
3076 1840
3077 1775
3078 1899
3079 1742
3080 2659
3081 837
3082 1679
3083 2132
3084 1028
3085 2887
3086 1316
3087 703
3088 2607
3089 2017
3090 164
3091 1909
3092 887
3093 1853
3094 304
3095 1568
3096 1949
3097 2007
3098 2806
3099 287
3100 2817
3101 2884
3102 1266
3103 1133
3104 2295
3105 2836
3106 1462
3107 2970
3108 1055
3109 3067
3110 3067
3111 495
3112 2211
3113 495
3114 3067
3115 1311
3116 2221
3117 986
3118 1597
3119 2521
3120 1451
3121 495
3122 1656
3123 1523
3124 843
3125 2956
3126 2904
3127 2017
3128 495
3129 1249
3130 1924
3131 1954
3132 1728
3133 2404
3134 1057
3135 3067
3136 3067
3137 2015
3138 1536
3139 2317
3140 2489
3141 2504
3142 1399
3143 1761
3144 2607
3145 2410
3146 1492
3147 2443
3148 2085
3149 2485
3150 526
3151 1952
3152 922
3153 2118
3154 2829
3155 1593
3156 2111
3157 1171
3158 3067
3159 1266
3160 1967
3161 2344
3162 2197
3163 1827
3164 3003
3165 3051
3166 2369
3167 3007
3168 2277
3169 2660
3170 1998
3171 2362
3172 3133
3173 2441
3174 1388
3175 368
3176 2120
3177 1402
3178 2110
3179 1128
3180 623
3181 2601
3182 264
3183 3067
3184 1018
3185 2404
3186 2275
3187 2110
3188 2301
3189 1427
3190 658
3191 586
3192 2509
3193 1441
3194 769
3195 664
3196 2220
3197 1185
3198 1399
3199 707
3200 2076
3201 2886
3202 2291
3203 1054
3204 1076
3205 651
3206 2309
3207 1607
3208 1394
3209 1823
3210 3197
3211 1641
3212 2076
3213 2494
3214 2285
3215 2142
3216 2749
3217 488
3218 2094
3219 1609
3220 2794
3221 1308
3222 1872
3223 2209
3224 1849
3225 1882
3226 1312
3227 2402
3228 2275
3229 1358
3230 3016
3231 1511
3232 1279
3233 2157
3234 3224
3235 1217
3236 1183
3237 943
3238 2685
3239 1577
3240 164
3241 1444
3242 3057
3243 464
3244 3182
3245 1938
3246 3238
3247 1723
3248 3193
3249 2110
3250 2660
3251 613
3252 2392
3253 304
3254 2885
3255 3029
3256 1617
3257 1803
3258 631
3259 2113
3260 1980
3261 1042
3262 1216
3263 2188
3264 3241
3265 2480
3266 2322
3267 2756
3268 1528
3269 1023
3270 2772
3271 2701
3272 1946
3273 2564
3274 3236
3275 1811
3276 2828
3277 2430
3278 3140
3279 1944
3280 2602
3281 658
3282 2381
3283 2464
3284 1468
3285 2809
3286 1923
3287 2195
3288 2817
3289 1939
3290 1627
3291 2549
3292 2932
3293 3094
3294 2392
3295 2333
3296 2317
3297 1371
3298 2213
3299 1368
3300 2956
3301 1632
3302 2959
3303 1045
3304 2132
3305 1485
3306 1843
3307 3068
3308 3172
3309 2070
3310 2369
3311 2334
3312 2882
3313 364
3314 2792
3315 2549
3316 3118
3317 176
3318 1476
3319 86
3320 2799
3321 1303
3322 740
3323 2726
3324 2957
3325 2849
3326 1103
3327 3010
3328 3047
3329 1517
3330 2668
3331 3067
3332 3294
3333 1471
3334 2017
3335 2867
3336 3259
3337 396
3338 3138
3339 2588
3340 1403
3341 1013
3342 1952
3343 2637
3344 2277
3345 2491
3346 2470
3347 1
3348 11
3349 2521
3350 2226
3351 187
3352 485
3353 2754
3354 757
3355 1526
3356 1357
3357 8
3358 972
3359 27
3360 1256
3361 1397
3362 85
3363 66
3364 1541
3365 186
3366 118
3367 955
3368 2057
3369 206
3370 1001
3371 1120
3372 432
3373 29
3374 347
3375 144
3376 642
3377 2487
3378 3247
3379 595
3380 2088
3381 1480
3382 21
3383 107
3384 17
3385 106
3386 17
3387 400
3388 2233
3389 166
3390 2137
3391 459
3392 957
3393 786
3394 18
3395 1175
3396 1827
3397 448
3398 45
3399 367
3400 1994
3401 2722
3402 1721
3403 1027
3404 253
3405 598
3406 966
3407 27
3408 87
3409 2678
3410 2408
3411 30
3412 226
3413 2842
3414 2198
3415 32
3416 280
3417 1236
3418 1909
3419 2193
3420 714
3421 2589
3422 3262
3423 34
3424 43
3425 938
3426 365
3427 34
3428 2319
3429 75
3430 1206
3431 72
3432 213
3433 294
3434 2884
3435 1841
3436 1435
3437 108
3438 3263
3439 185
3440 117
3441 2825
3442 47
3443 1740
3444 168
3445 2838
3446 193
3447 1982
3448 77
3449 487
3450 2533
3451 1538
3452 52
3453 1472
3454 1606
3455 1433
3456 841
3457 2330
3458 638
3459 2889
3460 881
3461 1282
3462 2653
3463 2303
3464 125
3465 1013
3466 3004
3467 2125
3468 327
3469 1540
3470 2044
3471 832
3472 492
3473 304
3474 1915
3475 1498
3476 649
3477 1869
3478 480
3479 1600
3480 112
3481 1591
3482 1728
3483 2916
3484 2209
3485 2670
3486 556
3487 2483
3488 1226
3489 579
3490 2381
3491 545
3492 63
3493 2291
3494 1420
3495 64
3496 1972
3497 979
3498 2331
3499 67
3500 281
3501 3317
3502 189
3503 816
3504 180
3505 2060
3506 2165
3507 2169
3508 445
3509 73
3510 153
3511 2373
3512 3251
3513 540
3514 1033
3515 113
3516 1365
3517 1083
3518 2801
3519 1374
3520 477
3521 2518
3522 524
3523 73
3524 2846
3525 2809
3526 76
3527 78
3528 223
3529 230
3530 78
3531 1702
3532 460
3533 1773
3534 596
3535 141
3536 1183
3537 82
3538 345
3539 989
3540 2688
3541 258
3542 1609
3543 85
3544 2155
3545 155
3546 96
3547 877
3548 609
3549 3319
3550 2376
3551 2448
3552 409
3553 198
3554 97
3555 110
3556 94
3557 1781
3558 1997
3559 2214
3560 105
3561 2224
3562 1845
3563 718
3564 391
3565 151
3566 1900
3567 572
3568 112
3569 1243
3570 2648
3571 181
3572 1269
3573 2687
3574 190
3575 309
3576 115
3577 1678
3578 2288
3579 1782
3580 577
3581 2241
3582 1069
3583 1502
3584 458
3585 767
3586 1929
3587 1305
3588 278
3589 126
3590 1757
3591 1066
3592 128
3593 344
3594 1685
3595 1224
3596 2059
3597 133
3598 134
3599 2377
3600 137
3601 3096
3602 140
3603 2394
3604 144
3605 356
3606 1157
3607 148
3608 2033
3609 1482
3610 150
3611 1768
3612 2447
3613 1106
3614 155
3615 2038
3616 2682
3617 158
3618 2875
3619 885
3620 607
3621 162
3622 164
3623 1582
3624 909
3625 2681
3626 1654
3627 1903
3628 475
3629 164
3630 3240
3631 1545
3632 164
3633 3090
3634 2490
3635 1492
3636 801
3637 164
3638 1544
3639 164
3640 629
3641 635
3642 2939
3643 165
3644 195
3645 3134
3646 944
3647 2085
3648 165
3649 1830
3650 165
3651 471
3652 165
3653 3028
3654 165
3655 165
3656 165
3657 760
3658 2327
3659 738
3660 165
3661 2046
3662 2248
3663 2981
3664 299
3665 3237
3666 165
3667 1321
3668 1684
3669 788
3670 1599
3671 915
3672 2389
3673 166
3674 897
3675 2091
3676 2263
3677 1302
3678 272
3679 2276
3680 3023
3681 233
3682 184
3683 653
3684 1244
3685 188
3686 188
3687 1956
3688 1556
3689 1695
3690 1614
3691 190
3692 319
3693 1199
3694 192
3695 192
3696 1073
3697 739
3698 926
3699 1186
3700 192
3701 2393
3702 192
3703 532
3704 192
3705 2579
3706 192
3707 1755
3708 521
3709 486
3710 2043
3711 1825
3712 2340
3713 433
3714 2893
3715 192
3716 192
3717 369
3718 396
3719 193
3720 343
3721 1665
3722 193
3723 2138
3724 1584
3725 193
3726 430
3727 3320
3728 194
3729 194
3730 196
3731 273
3732 455
3733 593
3734 2317
3735 624
3736 1211
3737 197
3738 232
3739 197
3740 791
3741 197
3742 2764
3743 495
3744 200
3745 202
3746 2920
3747 231
3748 206
3749 2313
3750 921
3751 1856
3752 617
3753 208
3754 1021
3755 209
3756 3325
3757 2257
3758 2716
3759 209
3760 605
3761 213
3762 1090
3763 1990
3764 1443
3765 447
3766 1745
3767 213
3768 419
3769 2320
3770 547
3771 1188
3772 647
3773 853
3774 213
3775 213
3776 1299
3777 781
3778 219
3779 2027
3780 217
3781 1173
3782 217
3783 217
3784 2940
3785 217
3786 502
3787 2925
3788 316
3789 3025
3790 883
3791 1957
3792 219
3793 221
3794 2272
3795 227
3796 1542
3797 2265
3798 831
3799 555
3800 3175
3801 235
3802 235
3803 667
3804 1245
3805 1808
3806 1908
3807 913
3808 293
3809 1628
3810 1476
3811 1195
3812 1548
3813 2639
3814 899
3815 1720
3816 2997
3817 564
3818 526
3819 793
3820 240
3821 2197
3822 241
3823 242
3824 1807
3825 242
3826 259
3827 339
3828 246
3829 246
3830 3084
3831 249
3832 676
3833 2707
3834 2596
3835 602
3836 743
3837 342
3838 308
3839 251
3840 506
3841 255
3842 1171
3843 1795
3844 1910
3845 1396
3846 255
3847 931
3848 285
3849 1732
3850 255
3851 1998
3852 550
3853 256
3854 1675
3855 914
3856 496
3857 2973
3858 292
3859 403
3860 264
3861 1467
3862 381
3863 870
3864 1297
3865 1147
3866 3244
3867 264
3868 444
3869 264
3870 264
3871 284
3872 269
3873 273
3874 296
3875 275
3876 275
3877 440
3878 275
3879 275
3880 1442
3881 512
3882 278
3883 2189
3884 278
3885 278
3886 2587
3887 842
3888 2968
3889 279
3890 3314
3891 1774
3892 1310
3893 286
3894 286
3895 663
3896 2146
3897 2946
3898 679
3899 287
3900 745
3901 287
3902 350
3903 1611
3904 287
3905 287
3906 287
3907 1097
3908 754
3909 3099
3910 1067
3911 1273
3912 288
3913 288
3914 1263
3915 836
3916 747
3917 1861
3918 1260
3919 1017
3920 2705
3921 293
3922 789
3923 1386
3924 303
3925 1383
3926 297
3927 300
3928 2485
3929 1041
3930 474
3931 1885
3932 399
3933 304
3934 2967
3935 304
3936 835
3937 304
3938 410
3939 658
3940 304
3941 389
3942 304
3943 304
3944 423
3945 304
3946 850
3947 867
3948 321
3949 304
3950 304
3951 304
3952 3123
3953 304
3954 304
3955 472
3956 304
3957 2905
3958 770
3959 2465
3960 478
3961 412
3962 304
3963 861
3964 2341
3965 778
3966 3293
3967 304
3968 304
3969 304
3970 2477
3971 1405
3972 346
3973 1029
3974 3253
3975 304
3976 2985
3977 2080
3978 304
3979 304
3980 476
3981 976
3982 2769
3983 304
3984 1414
3985 557
3986 625
3987 304
3988 562
3989 582
3990 3095
3991 2667
3992 858
3993 304
3994 2950
3995 304
3996 465
3997 456
3998 2356
3999 3205
4000 338
4001 660
4002 1399
4003 304
4004 2759
4005 304
4006 856
4007 366
4008 311
4009 650
4010 429
4011 314
4012 1131
4013 314
4014 2497
4015 705
4016 586
4017 2560
4018 3058
4019 314
4020 1458
4021 314
4022 314
4023 314
4024 2958
4025 314
4026 3016
4027 505
4028 494
4029 1749
4030 317
4031 1730
4032 317
4033 530
4034 1407
4035 1961
4036 318
4037 1380
4038 1863
4039 320
4040 1207
4041 322
4042 971
4043 2515
4044 2962
4045 3286
4046 2235
4047 2158
4048 2760
4049 922
4050 2006
4051 1267
4052 1045
4053 333
4054 362
4055 817
4056 1052
4057 342
4058 866
4059 3180
4060 1840
4061 2610
4062 345
4063 3200
4064 2647
4065 346
4066 347
4067 2374
4068 1174
4069 427
4070 967
4071 347
4072 523
4073 1746
4074 347
4075 1497
4076 865
4077 347
4078 2069
4079 1450
4080 3060
4081 347
4082 347
4083 347
4084 3301
4085 531
4086 2834
4087 356
4088 358
4089 1318
4090 1423
4091 1817
4092 2016
4093 360
4094 1850
4095 360
4096 765
4097 2299
4098 1875
4099 362
4100 1932
4101 2872
4102 363
4103 362
4104 364
4105 362
4106 640
4107 362
4108 1917
4109 363
4110 777
4111 666
4112 2541
4113 1939
4114 392
4115 364
4116 725
4117 621
4118 3313
4119 1921
4120 364
4121 2008
4122 1293
4123 402
4124 1484
4125 1906
4126 366
4127 2048
4128 1265
4129 366
4130 366
4131 578
4132 2800
4133 954
4134 367
4135 367
4136 1947
4137 1409
4138 2175
4139 1051
4140 1731
4141 1737
4142 721
4143 1248
4144 1272
4145 374
4146 374
4147 374
4148 1798
4149 378
4150 2416
4151 1457
4152 753
4153 2316
4154 385
4155 385
4156 2243
4157 1074
4158 515
4159 388
4160 466
4161 1145
4162 2017
4163 3086
4164 3010
4165 571
4166 1736
4167 395
4168 1060
4169 636
4170 395
4171 2049
4172 2804
4173 3337
4174 2055
4175 1536
4176 1474
4177 2397
4178 396
4179 1873
4180 396
4181 396
4182 719
4183 401
4184 482
4185 794
4186 400
4187 400
4188 1595
4189 1197
4190 438
4191 401
4192 700
4193 464
4194 775
4195 404
4196 3145
4197 1671
4198 406
4199 933
4200 406
4201 406
4202 406
4203 408
4204 1521
4205 1212
4206 1696
4207 1108
4208 415
4209 2181
4210 415
4211 415
4212 2937
4213 713
4214 415
4215 1571
4216 646
4217 1963
4218 3032
4219 1213
4220 2432
4221 415
4222 416
4223 1613
4224 2777
4225 420
4226 2442
4227 1855
4228 420
4229 1100
4230 1509
4231 421
4232 1968
4233 2990
4234 1382
4235 2222
4236 424
4237 424
4238 424
4239 592
4240 424
4241 427
4242 965
4243 912
4244 433
4245 1940
4246 1306
4247 1828
4248 439
4249 2420
4250 439
4251 996
4252 1766
4253 1907
4254 510
4255 1517
4256 2267
4257 439
4258 1431
4259 1525
4260 2796
4261 1603
4262 669
4263 443
4264 443
4265 973
4266 444
4267 590
4268 2167
4269 693
4270 446
4271 446
4272 446
4273 1285
4274 2511
4275 446
4276 2124
4277 2163
4278 1179
4279 446
4280 1818
4281 684
4282 446
4283 2917
4284 559
4285 458
4286 1726
4287 3243
4288 465
4289 618
4290 465
4291 465
4292 2632
4293 465
4294 707
4295 1955
4296 2903
4297 466
4298 466
4299 963
4300 2219
4301 466
4302 1515
4303 1075
4304 2551
4305 2284
4306 696
4307 994
4308 864
4309 472
4310 472
4311 1446
4312 472
4313 472
4314 472
4315 472
4316 1056
4317 1573
4318 472
4319 1634
4320 472
4321 2657
4322 472
4323 868
4324 472
4325 1283
4326 2153
4327 474
4328 588
4329 1708
4330 2615
4331 474
4332 681
4333 1789
4334 1516
4335 474
4336 1340
4337 2902
4338 1078
4339 474
4340 474
4341 474
4342 474
4343 474
4344 1404
4345 475
4346 475
4347 475
4348 1231
4349 475
4350 476
4351 477
4352 807
4353 478
4354 2727
4355 1163
4356 479
4357 1738
4358 2755
4359 1831
4360 481
4361 1030
4362 2053
4363 800
4364 481
4365 1448
4366 2975
4367 2157
4368 487
4369 487
4370 1651
4371 488
4372 1014
4373 488
4374 3217
4375 488
4376 2571
4377 488
4378 2525
4379 2156
4380 488
4381 2770
4382 488
4383 2786
4384 493
4385 493
4386 1986
4387 1952
4388 1667
4389 616
4390 1118
4391 495
4392 1268
4393 495
4394 1546
4395 495
4396 495
4397 495
4398 2368
4399 1053
4400 495
4401 1398
4402 495
4403 1804
4404 2814
4405 1016
4406 2757
4407 1375
4408 495
4409 495
4410 2492
4411 495
4412 495
4413 1061
4414 792
4415 910
4416 2131
4417 2246
4418 1113
4419 495
4420 804
4421 3026
4422 495
4423 1181
4424 495
4425 1814
4426 3121
4427 495
4428 2986
4429 889
4430 495
4431 2785
4432 1094
4433 495
4434 495
4435 686
4436 2298
4437 1980
4438 495
4439 1438
4440 495
4441 627
4442 2570
4443 823
4444 495
4445 495
4446 3062
4447 1762
4448 495
4449 495
4450 495
4451 495
4452 495
4453 2164
4454 2915
4455 495
4456 1687
4457 495
4458 1549
4459 1155
4460 1621
4461 1406
4462 1261
4463 495
4464 1421
4465 495
4466 703
4467 3131
4468 495
4469 495
4470 3111
4471 495
4472 495
4473 2392
4474 1456
4475 495
4476 495
4477 495
4478 639
4479 495
4480 3188
4481 495
4482 3108
4483 495
4484 1343
4485 1886
4486 1039
4487 1539
4488 3128
4489 1836
4490 1209
4491 516
4492 495
4493 727
4494 495
4495 495
4496 1447
4497 3113
4498 2378
4499 2311
4500 495
4501 1569
4502 2203
4503 615
4504 1824
4505 495
4506 1862
4507 495
4508 495
4509 987
4510 497
4511 2023
4512 497
4513 497
4514 2293
4515 497
4516 730
4517 929
4518 2390
4519 2854
4520 734
4521 884
4522 1191
4523 1388
4524 522
4525 1711
4526 501
4527 501
4528 504
4529 504
4530 2951
4531 587
4532 504
4533 504
4534 952
4535 504
4536 2174
4537 2280
4538 2650
4539 782
4540 978
4541 2816
4542 505
4543 505
4544 779
4545 711
4546 508
4547 508
4548 652
4549 1636
4550 508
4551 1601
4552 508
4553 508
4554 511
4555 1942
4556 3068
4557 512
4558 512
4559 3295
4560 886
4561 892
4562 3045
4563 2635
4564 2036
4565 1857
4566 2434
4567 514
4568 3203
4569 1844
4570 1689
4571 563
4572 2636
4573 515
4574 515
4575 515
4576 1783
4577 516
4578 2119
4579 517
4580 1868
4581 518
4582 518
4583 1701
4584 519
4585 519
4586 1843
4587 520
4588 520
4589 657
4590 630
4591 520
4592 1009
4593 520
4594 520
4595 3267
4596 521
4597 521
4598 522
4599 1251
4600 1367
4601 1370
4602 524
4603 1102
4604 1925
4605 525
4606 3150
4607 1662
4608 527
4609 1192
4610 2300
4611 670
4612 530
4613 530
4614 530
4615 1694
4616 534
4617 535
4618 2409
4619 2136
4620 709
4621 537
4622 558
4623 1307
4624 538
4625 1428
4626 540
4627 1822
4628 2953
4629 540
4630 540
4631 1570
4632 1071
4633 2345
4634 833
4635 919
4636 541
4637 541
4638 541
4639 541
4640 541
4641 541
4642 543
4643 3272
4644 543
4645 2964
4646 1150
4647 601
4648 543
4649 606
4650 543
4651 543
4652 543
4653 1832
4654 947
4655 544
4656 1141
4657 551
4658 551
4659 551
4660 3120
4661 585
4662 551
4663 1770
4664 1284
4665 1718
4666 551
4667 551
4668 1229
4669 626
4670 2966
4671 554
4672 554
4673 554
4674 2921
4675 555
4676 555
4677 555
4678 1531
4679 2417
4680 977
4681 2002
4682 735
4683 562
4684 562
4685 2488
4686 1127
4687 1208
4688 570
4689 1739
4690 570
4691 570
4692 1610
4693 948
4694 2802
4695 2686
4696 571
4697 2720
4698 574
4699 574
4700 1373
4701 578
4702 585
4703 1658
4704 1679
4705 586
4706 3191
4707 586
4708 3268
4709 586
4710 586
4711 586
4712 586
4713 587
4714 587
4715 587
4716 589
4717 2310
4718 589
4719 1391
4720 2098
4721 589
4722 589
4723 589
4724 1240
4725 589
4726 589
4727 590
4728 3204
4729 2162
4730 1364
4731 1168
4732 593
4733 708
4734 596
4735 891
4736 596
4737 596
4738 600
4739 2974
4740 1296
4741 2927
4742 795
4743 600
4744 600
4745 1036
4746 1612
4747 1038
4748 600
4749 600
4750 2532
4751 601
4752 601
4753 840
4754 601
4755 603
4756 2439
4757 688
4758 878
4759 1761
4760 771
4761 1605
4762 643
4763 2127
4764 2229
4765 613
4766 614
4767 614
4768 614
4769 619
4770 620
4771 622
4772 622
4773 624
4774 785
4775 625
4776 720
4777 626
4778 1598
4779 627
4780 628
4781 630
4782 2052
4783 2090
4784 3258
4785 1898
4786 768
4787 916
4788 631
4789 631
4790 1084
4791 964
4792 631
4793 1008
4794 2089
4795 632
4796 635
4797 636
4798 1161
4799 636
4800 637
4801 827
4802 2774
4803 819
4804 1580
4805 2469
4806 645
4807 662
4808 1941
4809 645
4810 645
4811 2029
4812 1866
4813 1255
4814 1288
4815 648
4816 648
4817 1567
4818 648
4819 648
4820 648
4821 829
4822 1348
4823 648
4824 648
4825 3030
4826 3077
4827 649
4828 936
4829 649
4830 650
4831 651
4832 2608
4833 2245
4834 1059
4835 2032
4836 2283
4837 3326
4838 658
4839 2103
4840 658
4841 2379
4842 658
4843 2152
4844 658
4845 946
4846 2287
4847 1800
4848 2400
4849 685
4850 658
4851 3206
4852 2126
4853 658
4854 658
4855 658
4856 658
4857 658
4858 658
4859 2473
4860 658
4861 1295
4862 1339
4863 658
4864 658
4865 658
4866 658
4867 1562
4868 658
4869 658
4870 1010
4871 1859
4872 1477
4873 1020
4874 658
4875 2561
4876 2780
4877 689
4878 2122
4879 3316
4880 658
4881 658
4882 2478
4883 658
4884 658
4885 2582
4886 1047
4887 1425
4888 658
4889 658
4890 1453
4891 658
4892 3281
4893 2565
4894 2933
4895 658
4896 820
4897 658
4898 2911
4899 658
4900 1227
4901 658
4902 658
4903 2583
4904 1870
4905 658
4906 658
4907 687
4908 1088
4909 658
4910 658
4911 1504
4912 658
4913 3190
4914 764
4915 658
4916 658
4917 2599
4918 1281
4919 2817
4920 658
4921 658
4922 898
4923 658
4924 658
4925 658
4926 658
4927 2621
4928 1287
4929 658
4930 1858
4931 2195
4932 1361
4933 934
4934 1631
4935 902
4936 658
4937 658
4938 2066
4939 658
4940 1427
4941 2269
4942 658
4943 990
4944 2271
4945 658
4946 658
4947 2749
4948 658
4949 932
4950 1640
4951 2215
4952 1669
4953 658
4954 658
4955 849
4956 1110
4957 658
4958 1400
4959 658
4960 1200
4961 658
4962 1093
4963 1727
4964 660
4965 660
4966 660
4967 2142
4968 662
4969 1169
4970 780
4971 662
4972 3226
4973 3195
4974 664
4975 664
4976 664
4977 2143
4978 2598
4979 664
4980 664
4981 664
4982 3038
4983 664
4984 692
4985 664
4986 665
4987 668
4988 671
4989 671
4990 2811
4991 671
4992 1107
4993 678
4994 834
4995 895
4996 682
4997 2559
4998 682
4999 682
5000 682
5001 682
5002 682
5003 2845
5004 3081
5005 1543
5006 685
5007 685
5008 2762
5009 685
5010 3269
5011 692
5012 692
5013 2810
5014 1411
5015 693
5016 1219
5017 695
5018 696
5019 698
5020 698
5021 698
5022 698
5023 1698
5024 701
5025 1594
5026 702
5027 702
5028 702
5029 702
5030 2855
5031 703
5032 1588
5033 703
5034 982
5035 703
5036 703
5037 703
5038 1991
5039 3087
5040 703
5041 2746
5042 3199
5043 707
5044 2413
5045 707
5046 1162
5047 2100
5048 707
5049 806
5050 707
5051 707
5052 707
5053 707
5054 2519
5055 2268
5056 1717
5057 709
5058 880
5059 2479
5060 710
5061 711
5062 1514
5063 3005
5064 2114
5065 1948
5066 715
5067 3345
5068 720
5069 721
5070 721
5071 721
5072 721
5073 2083
5074 724
5075 725
5076 727
5077 731
5078 1973
5079 731
5080 1744
5081 731
5082 1355
5083 731
5084 940
5085 1529
5086 2369
5087 732
5088 734
5089 736
5090 1101
5091 737
5092 737
5093 2415
5094 739
5095 739
5096 739
5097 740
5098 1520
5099 1551
5100 1353
5101 3322
5102 740
5103 740
5104 741
5105 746
5106 749
5107 1062
5108 2067
5109 2039
5110 3176
5111 2329
5112 758
5113 851
5114 758
5115 758
5116 758
5117 758
5118 759
5119 762
5120 762
5121 762
5122 1317
5123 2148
5124 2210
5125 2605
5126 1080
5127 764
5128 766
5129 766
5130 2771
5131 766
5132 852
5133 766
5134 2659
5135 766
5136 941
5137 1079
5138 766
5139 2177
5140 3194
5141 2546
5142 1602
5143 769
5144 1920
5145 2297
5146 1329
5147 773
5148 1187
5149 2279
5150 775
5151 2753
5152 2322
5153 776
5154 993
5155 3153
5156 2824
5157 777
5158 778
5159 780
5160 1081
5161 781
5162 782
5163 783
5164 783
5165 2074
5166 1471
5167 2056
5168 787
5169 787
5170 1235
5171 1280
5172 787
5173 787
5174 791
5175 2173
5176 791
5177 3207
5178 3022
5179 2626
5180 2247
5181 796
5182 1777
5183 2364
5184 2072
5185 802
5186 1767
5187 802
5188 803
5189 803
5190 3124
5191 951
5192 805
5193 805
5194 805
5195 1417
5196 805
5197 805
5198 805
5199 805
5200 805
5201 806
5202 806
5203 806
5204 806
5205 806
5206 806
5207 1604
5208 806
5209 2323
5210 806
5211 2819
5212 807
5213 1271
5214 1565
5215 810
5216 2708
5217 810
5218 1951
5219 1743
5220 2092
5221 2698
5222 811
5223 1350
5224 2414
5225 812
5226 2292
5227 813
5228 814
5229 814
5230 2852
5231 3069
5232 816
5233 1089
5234 816
5235 819
5236 819
5237 2562
5238 819
5239 2232
5240 819
5241 819
5242 819
5243 819
5244 1114
5245 830
5246 831
5247 831
5248 2421
5249 831
5250 1128
5251 1668
5252 831
5253 833
5254 833
5255 834
5256 1385
5257 2024
5258 838
5259 1185
5260 840
5261 2567
5262 3103
5263 2591
5264 1697
5265 970
5266 843
5267 847
5268 852
5269 852
5270 856
5271 857
5272 858
5273 862
5274 863
5275 3042
5276 991
5277 2897
5278 865
5279 865
5280 865
5281 2068
5282 1123
5283 1700
5284 865
5285 865
5286 865
5287 866
5288 2823
5289 2658
5290 867
5291 911
5292 867
5293 867
5294 1837
5295 869
5296 872
5297 1258
5298 1459
5299 881
5300 881
5301 882
5302 882
5303 883
5304 900
5305 1912
5306 3092
5307 887
5308 1765
5309 1015
5310 3055
5311 893
5312 1643
5313 2734
5314 1346
5315 2128
5316 908
5317 908
5318 988
5319 908
5320 908
5321 908
5322 908
5323 908
5324 2815
5325 1754
5326 2166
5327 909
5328 909
5329 1680
5330 912
5331 913
5332 1558
5333 1005
5334 913
5335 2702
5336 921
5337 922
5338 3152
5339 3261
5340 922
5341 1134
5342 923
5343 923
5344 923
5345 924
5346 1289
5347 927
5348 2342
5349 929
5350 2781
5351 933
5352 2695
5353 3340
5354 935
5355 3048
5356 937
5357 2404
5358 1619
5359 2908
5360 1756
5361 1250
5362 1422
5363 1590
5364 944
5365 944
5366 2086
5367 2537
5368 944
5369 944
5370 947
5371 947
5372 2633
5373 950
5374 951
5375 2383
5376 952
5377 2116
5378 952
5379 953
5380 955
5381 955
5382 1646
5383 2249
5384 963
5385 2035
5386 963
5387 1503
5388 967
5389 1109
5390 967
5391 967
5392 2555
5393 967
5394 967
5395 967
5396 967
5397 968
5398 1638
5399 1092
5400 970
5401 2324
5402 971
5403 2671
5404 3037
5405 2918
5406 1049
5407 973
5408 2738
5409 1547
5410 973
5411 2147
5412 980
5413 1945
5414 1308
5415 2285
5416 982
5417 2848
5418 2296
5419 982
5420 2115
5421 2130
5422 2256
5423 982
5424 2081
5425 982
5426 983
5427 985
5428 3117
5429 1853
5430 1125
5431 3297
5432 989
5433 1012
5434 2099
5435 998
5436 1098
5437 1203
5438 999
5439 1000
5440 1001
5441 1002
5442 1003
5443 1003
5444 2062
5445 1009
5446 1009
5447 1009
5448 2880
5449 1026
5450 1011
5451 1661
5452 1011
5453 1011
5454 2822
5455 2575
5456 1011
5457 1011
5458 2221
5459 1012
5460 1012
5461 1013
5462 3341
5463 1013
5464 1013
5465 1014
5466 1014
5467 1018
5468 1276
5469 1018
5470 1018
5471 1460
5472 1018
5473 1018
5474 1337
5475 1018
5476 1018
5477 1215
5478 1018
5479 1018
5480 3184
5481 1018
5482 1020
5483 1020
5484 1160
5485 1024
5486 1025
5487 1025
5488 2446
5489 1028
5490 2117
5491 1028
5492 2995
5493 1032
5494 1032
5495 1166
5496 1510
5497 1429
5498 2262
5499 1091
5500 1042
5501 1042
5502 1042
5503 1042
5504 1042
5505 2101
5506 2527
5507 1043
5508 1239
5509 2349
5510 1238
5511 1045
5512 1045
5513 1111
5514 1045
5515 1413
5516 1045
5517 1045
5518 1045
5519 3303
5520 1045
5521 1045
5522 2370
5523 1045
5524 1045
5525 1045
5526 1045
5527 1170
5528 1045
5529 1045
5530 2928
5531 2493
5532 2185
5533 1045
5534 1045
5535 1046
5536 2724
5537 1051
5538 2026
5539 1468
5540 2588
5541 1673
5542 1052
5543 2020
5544 1065
5545 1067
5546 1068
5547 1984
5548 1068
5549 1068
5550 1068
5551 1068
5552 2552
5553 2574
5554 2047
5555 1086
5556 1071
5557 1073
5558 1918
5559 2078
5560 1532
5561 2150
5562 2868
5563 1585
5564 1079
5565 1080
5566 1080
5567 3225
5568 2850
5569 1084
5570 1416
5571 1084
5572 1084
5573 1084
5574 2989
5575 1085
5576 1085
5577 1892
5578 1086
5579 1086
5580 2851
5581 3011
5582 1087
5583 1088
5584 1088
5585 1088
5586 1088
5587 1091
5588 1091
5589 1093
5590 3256
5591 1094
5592 1300
5593 1097
5594 1097
5595 3002
5596 1097
5597 2860
5598 1099
5599 2211
5600 2876
5601 1102
5602 1102
5603 1102
5604 1104
5605 1106
5606 2690
5607 1111
5608 1253
5609 1114
5610 1114
5611 1114
5612 1116
5613 1117
5614 2912
5615 2041
5616 3071
5617 3035
5618 1120
5619 2358
5620 1122
5621 1123
5622 1123
5623 1123
5624 1865
5625 1123
5626 2683
5627 1328
5628 2535
5629 1126
5630 1128
5631 1128
5632 3179
5633 1135
5634 1424
5635 1141
5636 1141
5637 2634
5638 1141
5639 1141
5640 1141
5641 1904
5642 1142
5643 1142
5644 1142
5645 2401
5646 1142
5647 1144
5648 1144
5649 1145
5650 2661
5651 1151
5652 1151
5653 2182
5654 1326
5655 1151
5656 1151
5657 1190
5658 1154
5659 1154
5660 3012
5661 2692
5662 1155
5663 1158
5664 1379
5665 1158
5666 1158
5667 1158
5668 1158
5669 2820
5670 2998
5671 1158
5672 1806
5673 1707
5674 1158
5675 1162
5676 2347
5677 1162
5678 1162
5679 1953
5680 1747
5681 1166
5682 1392
5683 1566
5684 1167
5685 1167
5686 1578
5687 1170
5688 2926
5689 1170
5690 1170
5691 1171
5692 1171
5693 2504
5694 1171
5695 1376
5696 2382
5697 1171
5698 1171
5699 1178
5700 1976
5701 1171
5702 1262
5703 1415
5704 2385
5705 2440
5706 2290
5707 1171
5708 1171
5709 1298
5710 1616
5711 1171
5712 1171
5713 1999
5714 1171
5715 1171
5716 1171
5717 1171
5718 1171
5719 1172
5720 3052
5721 1171
5722 1171
5723 1171
5724 1171
5725 2718
5726 1171
5727 1171
5728 3157
5729 2314
5730 1171
5731 1394
5732 1171
5733 1171
5734 1171
5735 1171
5736 1171
5737 2365
5738 1527
5739 1334
5740 1171
5741 1901
5742 1172
5743 1172
5744 2984
5745 2818
5746 1981
5747 1174
5748 1174
5749 1174
5750 1174
5751 1174
5752 1174
5753 1174
5754 2281
5755 1180
5756 1180
5757 2907
5758 1812
5759 1180
5760 1183
5761 1183
5762 3236
5763 2704
5764 1183
5765 1393
5766 1183
5767 1183
5768 1183
5769 2530
5770 1464
5771 1183
5772 1185
5773 3197
5774 1187
5775 1810
5776 1488
5777 1884
5778 1194
5779 1494
5780 1194
5781 1194
5782 1970
5783 1199
5784 1724
5785 1995
5786 2231
5787 1203
5788 3074
5789 2955
5790 1210
5791 2942
5792 1210
5793 1210
5794 1210
5795 1210
5796 1713
5797 1653
5798 1210
5799 1210
5800 1210
5801 2713
5802 2700
5803 1210
5804 1211
5805 1213
5806 1213
5807 2471
5808 1216
5809 3235
5810 1217
5811 1218
5812 1218
5813 1338
5814 1222
5815 3229
5816 1222
5817 2542
5818 2877
5819 1222
5820 2523
5821 1222
5822 1222
5823 1223
5824 1223
5825 1975
5826 1759
5827 1223
5828 1223
5829 1223
5830 2154
5831 1223
5832 1223
5833 1223
5834 1223
5835 1223
5836 1223
5837 2236
5838 1402
5839 1223
5840 1223
5841 2516
5842 1224
5843 1649
5844 1229
5845 1232
5846 1235
5847 1235
5848 1239
5849 1239
5850 1239
5851 1537
5852 1240
5853 1240
5854 2930
5855 1240
5856 1240
5857 2910
5858 1240
5859 1241
5860 1241
5861 1362
5862 2766
5863 1245
5864 1246
5865 2747
5866 1249
5867 3129
5868 1647
5869 1253
5870 2752
5871 1253
5872 2609
5873 2013
5874 1437
5875 1257
5876 1257
5877 1257
5878 1257
5879 1785
5880 1257
5881 1257
5882 1644
5883 1257
5884 1645
5885 1257
5886 1257
5887 1257
5888 1257
5889 1270
5890 1257
5891 1266
5892 1292
5893 1257
5894 1257
5895 1579
5896 1257
5897 1257
5898 1257
5899 2510
5900 2545
5901 1257
5902 1257
5903 1257
5904 1257
5905 1257
5906 1257
5907 1257
5908 1257
5909 1257
5910 1258
5911 1258
5912 2513
5913 1627
5914 1258
5915 1258
5916 2071
5917 1259
5918 1979
5919 1259
5920 1261
5921 2315
5922 1656
5923 1265
5924 1265
5925 1265
5926 1681
5927 1265
5928 1823
5929 1266
5930 3102
5931 2418
5932 3159
5933 1270
5934 1271
5935 1454
5936 2794
5937 1271
5938 1271
5939 1557
5940 2237
5941 1276
5942 1752
5943 1276
5944 1276
5945 2106
5946 2010
5947 1279
5948 1279
5949 1347
5950 3232
5951 3049
5952 2941
5953 1787
5954 1279
5955 1279
5956 1279
5957 2509
5958 1279
5959 1279
5960 1279
5961 1279
5962 1552
5963 2030
5964 1279
5965 1279
5966 1279
5967 1378
5968 1279
5969 1332
5970 1279
5971 1279
5972 2864
5973 1280
5974 1281
5975 1345
5976 1286
5977 1286
5978 1286
5979 1289
5980 2895
5981 1289
5982 1290
5983 1587
5984 1290
5985 1291
5986 1291
5987 2306
5988 1291
5989 1292
5990 1742
5991 1835
5992 1297
5993 3106
5994 1299
5995 2994
5996 2557
5997 1300
5998 2411
5999 1303
6000 2141
6001 1809
6002 1303
6003 1303
6004 1534
6005 3321
6006 1304
6007 1655
6008 1306
6009 2054
6010 1307
6011 1307
6012 3221
6013 1308
6014 1308
6015 1308
6016 1308
6017 1309
6018 1311
6019 1311
6020 1978
6021 2286
6022 3115
6023 1436
6024 1312
6025 1312
6026 1312
6027 1511
6028 1583
6029 2402
6030 1317
6031 1706
6032 1318
6033 1318
6034 1318
6035 1318
6036 2654
6037 1318
6038 1992
6039 1483
6040 1322
6041 1322
6042 1325
6043 1325
6044 1733
6045 3218
6046 1327
6047 1327
6048 1327
6049 1328
6050 2923
6051 2706
6052 1330
6053 1331
6054 1705
6055 1331
6056 1333
6057 1333
6058 1335
6059 1335
6060 1335
6061 1337
6062 2144
6063 1339
6064 1339
6065 1418
6066 1341
6067 1341
6068 1618
6069 1345
6070 1346
6071 1346
6072 1914
6073 1346
6074 1346
6075 1666
6076 2199
6077 1347
6078 1347
6079 1348
6080 1348
6081 2186
6082 2795
6083 3300
6084 1664
6085 1353
6086 1354
6087 1714
6088 1354
6089 1354
6090 1354
6091 1355
6092 1361
6093 1367
6094 3299
6095 1890
6096 1372
6097 1375
6098 3066
6099 1377
6100 1377
6101 1377
6102 1380
6103 1382
6104 2646
6105 1384
6106 1386
6107 1778
6108 3174
6109 2208
6110 1393
6111 1522
6112 1852
6113 1393
6114 1393
6115 1393
6116 3208
6117 1397
6118 1848
6119 1397
6120 1398
6121 1399
6122 1399
6123 1399
6124 2821
6125 3142
6126 3198
6127 1399
6128 1399
6129 1399
6130 1399
6131 1399
6132 1400
6133 1400
6134 2031
6135 1401
6136 1401
6137 1401
6138 3177
6139 1402
6140 1403
6141 1403
6142 1404
6143 1407
6144 1408
6145 1408
6146 1408
6147 1408
6148 1409
6149 1409
6150 1410
6151 1411
6152 1411
6153 1411
6154 1411
6155 1413
6156 1419
6157 1419
6158 1419
6159 1420
6160 1420
6161 1421
6162 1421
6163 1422
6164 1422
6165 1427
6166 1427
6167 1427
6168 1615
6169 2841
6170 3189
6171 1427
6172 1427
6173 1427
6174 1427
6175 1965
6176 2983
6177 1432
6178 1434
6179 1931
6180 1434
6181 1871
6182 2507
6183 1440
6184 1440
6185 1440
6186 1441
6187 1441
6188 1441
6189 2461
6190 1441
6191 2387
6192 3259
6193 1624
6194 1441
6195 1441
6196 1441
6197 2944
6198 1441
6199 1441
6200 1441
6201 3248
6202 1441
6203 1441
6204 2168
6205 1444
6206 1444
6207 1444
6208 1444
6209 3241
6210 1444
6211 1444
6212 2077
6213 1444
6214 1444
6215 1444
6216 1444
6217 1444
6218 2304
6219 1444
6220 1444
6221 2963
6222 2913
6223 1445
6224 2675
6225 2789
6226 1445
6227 2931
6228 1445
6229 1445
6230 1445
6231 1445
6232 1446
6233 1446
6234 1446
6235 1446
6236 1446
6237 3137
6238 1447
6239 1453
6240 1453
6241 1453
6242 1453
6243 1487
6244 1500
6245 1453
6246 1453
6247 2254
6248 1453
6249 1453
6250 1561
6251 1465
6252 2171
6253 1455
6254 1964
6255 1456
6256 1457
6257 1460
6258 1460
6259 1460
6260 1460
6261 1693
6262 2050
6263 1460
6264 1461
6265 2763
6266 2459
6267 1574
6268 3284
6269 1468
6270 1821
6271 1470
6272 1470
6273 1470
6274 2388
6275 1470
6276 1471
6277 3333
6278 1485
6279 1471
6280 1471
6281 1476
6282 3318
6283 1476
6284 1476
6285 1476
6286 2526
6287 1476
6288 1867
6289 1476
6290 1476
6291 1476
6292 1477
6293 1477
6294 1478
6295 1478
6296 1479
6297 1479
6298 1725
6299 2462
6300 2623
6301 1479
6302 1480
6303 1481
6304 2677
6305 1482
6306 2712
6307 1484
6308 1485
6309 1485
6310 2380
6311 1485
6312 3305
6313 1487
6314 1487
6315 1487
6316 1488
6317 1488
6318 1492
6319 1492
6320 1492
6321 1492
6322 2350
6323 1492
6324 1492
6325 1492
6326 3146
6327 1492
6328 1492
6329 1492
6330 2867
6331 1492
6332 1492
6333 1492
6334 1683
6335 1492
6336 1492
6337 1670
6338 1492
6339 2264
6340 1492
6341 1492
6342 1493
6343 1493
6344 1493
6345 2739
6346 2606
6347 1496
6348 1497
6349 1497
6350 1497
6351 2853
6352 1497
6353 1497
6354 1811
6355 1497
6356 2384
6357 2121
6358 1497
6359 1497
6360 1497
6361 1497
6362 1497
6363 2429
6364 1497
6365 1497
6366 2890
6367 1497
6368 2723
6369 1497
6370 1497
6371 1987
6372 1498
6373 1813
6374 1498
6375 2305
6376 1498
6377 1498
6378 1498
6379 1498
6380 2001
6381 1499
6382 1499
6383 1500
6384 1501
6385 1501
6386 1501
6387 1501
6388 1688
6389 1503
6390 3056
6391 3292
6392 2978
6393 1889
6394 1504
6395 1505
6396 1505
6397 1508
6398 1513
6399 1508
6400 1623
6401 2778
6402 2699
6403 1734
6404 1509
6405 1509
6406 3231
6407 1663
6408 1513
6409 1513
6410 2938
6411 2863
6412 1515
6413 1515
6414 3329
6415 1518
6416 1518
6417 2371
6418 1518
6419 1519
6420 2312
6421 1519
6422 1712
6423 1521
6424 1523
6425 1524
6426 1524
6427 1524
6428 2328
6429 1525
6430 1528
6431 1528
6432 1529
6433 1530
6434 1530
6435 2452
6436 1530
6437 1805
6438 1533
6439 2040
6440 1536
6441 3138
6442 2207
6443 3047
6444 2475
6445 1536
6446 1536
6447 1536
6448 1536
6449 1537
6450 1537
6451 2873
6452 1539
6453 1659
6454 1540
6455 1540
6456 1540
6457 2463
6458 1540
6459 2201
6460 1540
6461 1540
6462 1540
6463 3249
6464 1540
6465 1540
6466 3001
6467 1540
6468 2869
6469 1540
6470 1540
6471 1540
6472 1541
6473 1541
6474 1541
6475 1541
6476 1541
6477 2082
6478 1541
6479 1541
6480 1541
6481 1541
6482 1541
6483 1541
6484 1541
6485 2343
6486 1541
6487 2614
6488 1719
6489 3222
6490 1541
6491 1541
6492 1950
6493 1541
6494 2748
6495 1541
6496 1541
6497 1541
6498 1541
6499 1541
6500 1541
6501 1541
6502 1541
6503 2544
6504 1541
6505 1541
6506 1541
6507 1541
6508 1541
6509 1541
6510 1541
6511 1541
6512 1541
6513 2883
6514 1543
6515 2856
6516 1545
6517 1546
6518 1546
6519 1548
6520 2710
6521 2218
6522 1548
6523 1549
6524 1551
6525 2592
6526 1559
6527 2093
6528 1562
6529 1563
6530 1563
6531 2395
6532 1563
6533 1753
6534 1563
6535 1563
6536 1563
6537 1563
6538 1564
6539 2467
6540 1564
6541 1564
6542 1564
6543 1564
6544 1564
6545 1564
6546 3020
6547 1564
6548 1564
6549 1564
6550 2003
6551 1564
6552 1567
6553 2858
6554 1581
6555 1567
6556 1567
6557 1567
6558 2965
6559 1568
6560 1776
6561 1568
6562 1568
6563 2206
6564 2641
6565 1568
6566 1569
6567 1569
6568 1573
6569 1575
6570 3239
6571 1629
6572 1577
6573 1577
6574 2260
6575 1577
6576 1577
6577 1577
6578 2991
6579 1579
6580 1579
6581 1581
6582 1581
6583 1581
6584 1729
6585 1582
6586 1583
6587 1583
6588 2934
6589 2220
6590 1584
6591 1584
6592 1584
6593 2631
6594 1584
6595 1585
6596 1672
6597 3155
6598 1595
6599 1595
6600 2426
6601 1598
6602 1598
6603 1599
6604 1599
6605 1599
6606 1599
6607 1599
6608 1599
6609 1600
6610 1600
6611 1600
6612 1600
6613 2772
6614 1600
6615 1600
6616 1600
6617 1600
6618 1600
6619 1600
6620 1803
6621 1600
6622 1600
6623 1600
6624 1600
6625 1600
6626 2529
6627 1604
6628 1604
6629 2715
6630 1604
6631 1606
6632 1607
6633 1607
6634 2372
6635 1607
6636 1607
6637 2566
6638 1609
6639 1609
6640 1609
6641 2282
6642 1609
6643 1891
6644 1922
6645 1609
6646 3219
6647 1609
6648 2216
6649 1609
6650 1609
6651 1609
6652 1609
6653 1609
6654 1609
6655 1609
6656 2736
6657 1609
6658 1609
6659 1609
6660 1609
6661 1609
6662 1609
6663 3003
6664 1874
6665 2460
6666 1609
6667 2761
6668 2109
6669 1609
6670 1609
6671 1609
6672 1974
6673 1609
6674 1609
6675 2123
6676 1609
6677 1609
6678 1788
6679 1657
6680 1609
6681 1609
6682 3039
6683 1609
6684 1609
6685 2045
6686 2945
6687 1611
6688 1611
6689 1611
6690 1611
6691 1611
6692 1611
6693 3173
6694 1613
6695 3211
6696 1614
6697 1614
6698 1614
6699 1614
6700 1617
6701 1620
6702 1620
6703 2666
6704 1621
6705 1622
6706 1625
6707 1710
6708 1626
6709 2751
6710 2514
6711 1626
6712 2693
6713 1627
6714 1627
6715 1627
6716 3290
6717 1627
6718 1627
6719 2012
6720 2274
6721 1801
6722 1634
6723 2428
6724 1634
6725 1634
6726 2742
6727 1634
6728 1636
6729 1636
6730 1636
6731 1636
6732 1636
6733 2472
6734 1637
6735 1637
6736 1637
6737 1637
6738 2028
6739 1638
6740 1638
6741 1638
6742 1641
6743 1641
6744 1644
6745 1644
6746 1644
6747 1644
6748 1644
6749 1646
6750 2351
6751 1722
6752 1646
6753 2649
6754 1651
6755 1735
6756 1651
6757 2354
6758 3015
6759 1651
6760 1674
6761 2451
6762 1651
6763 1651
6764 1651
6765 1651
6766 1651
6767 1651
6768 1651
6769 1651
6770 1651
6771 1651
6772 3324
6773 1651
6774 2449
6775 1651
6776 1651
6777 1651
6778 1651
6779 1651
6780 1651
6781 1653
6782 1653
6783 1653
6784 1930
6785 1656
6786 1656
6787 1656
6788 3122
6789 2549
6790 1656
6791 1656
6792 1656
6793 1656
6794 1656
6795 2183
6796 2627
6797 1656
6798 1656
6799 1656
6800 1656
6801 1656
6802 1656
6803 1656
6804 1656
6805 1656
6806 1656
6807 2004
6808 1656
6809 1656
6810 2307
6811 1656
6812 1656
6813 1656
6814 1656
6815 1656
6816 1656
6817 1656
6818 2645
6819 1656
6820 1656
6821 1656
6822 2435
6823 1656
6824 1656
6825 1656
6826 1676
6827 1656
6828 2129
6829 1656
6830 1656
6831 1656
6832 1895
6833 1657
6834 2239
6835 1661
6836 1663
6837 1663
6838 1663
6839 1663
6840 1663
6841 1663
6842 2828
6843 1664
6844 1664
6845 1664
6846 1664
6847 1664
6848 1664
6849 1664
6850 2871
6851 1664
6852 2952
6853 1672
6854 1674
6855 1846
6856 1676
6857 1677
6858 1677
6859 3082
6860 1679
6861 1680
6862 1682
6863 1685
6864 1685
6865 2079
6866 2005
6867 2512
6868 1691
6869 1692
6870 1693
6871 1693
6872 2034
6873 2924
6874 1693
6875 2266
6876 1699
6877 1699
6878 2361
6879 2075
6880 1706
6881 2318
6882 1713
6883 1715
6884 3156
6885 2520
6886 1715
6887 1715
6888 1715
6889 2161
6890 1716
6891 2976
6892 1838
6893 1719
6894 1719
6895 1720
6896 2294
6897 1721
6898 1721
6899 1725
6900 1725
6901 1725
6902 2396
6903 2499
6904 1826
6905 2714
6906 1727
6907 1728
6908 1728
6909 1728
6910 1728
6911 1728
6912 3132
6913 1728
6914 2084
6915 2014
6916 1729
6917 1729
6918 1729
6919 1729
6920 1729
6921 1977
6922 2745
6923 1729
6924 1729
6925 1729
6926 1729
6927 1729
6928 1729
6929 1888
6930 1729
6931 1729
6932 2787
6933 2190
6934 2238
6935 1731
6936 1734
6937 1734
6938 1734
6939 1735
6940 2790
6941 2061
6942 1927
6943 2295
6944 1737
6945 2064
6946 1737
6947 1738
6948 1739
6949 1740
6950 2827
6951 2694
6952 2725
6953 1741
6954 1928
6955 3079
6956 1742
6957 1742
6958 2431
6959 1744
6960 2832
6961 2425
6962 1747
6963 1747
6964 1747
6965 1747
6966 1747
6967 2840
6968 2665
6969 1753
6970 1753
6971 1753
6972 1753
6973 2253
6974 1756
6975 2554
6976 1756
6977 1760
6978 1760
6979 1760
6980 1760
6981 2230
6982 1760
6983 1760
6984 1760
6985 3143
6986 3036
6987 1761
6988 1761
6989 2547
6990 1761
6991 1761
6992 1761
6993 1761
6994 1761
6995 2563
6996 1765
6997 1765
6998 1765
6999 1765
7000 1766
7001 1766
7002 1766
7003 2728
7004 1768
7005 1769
7006 1769
7007 1769
7008 1769
7009 2590
7010 1771
7011 1777
7012 1777
7013 1779
7014 1780
7015 1782
7016 1783
7017 2021
7018 1783
7019 2334
7020 2070
7021 2302
7022 2019
7023 1785
7024 1785
7025 1785
7026 1785
7027 2689
7028 1786
7029 1786
7030 1786
7031 2577
7032 1789
7033 2179
7034 1789
7035 1789
7036 2776
7037 1790
7038 1790
7039 1790
7040 1791
7041 1792
7042 1792
7043 1854
7044 1794
7045 1794
7046 1794
7047 1794
7048 1794
7049 1794
7050 2611
7051 2500
7052 3067
7053 1795
7054 1795
7055 1795
7056 1795
7057 1795
7058 2406
7059 1877
7060 1795
7061 1795
7062 1795
7063 1797
7064 1797
7065 1800
7066 1801
7067 1801
7068 1801
7069 1803
7070 1803
7071 3323
7072 2922
7073 2022
7074 1803
7075 1803
7076 1803
7077 1803
7078 1803
7079 1803
7080 3024
7081 3105
7082 2943
7083 1803
7084 2454
7085 1803
7086 2572
7087 1803
7088 1803
7089 2228
7090 1803
7091 1803
7092 1803
7093 3000
7094 1803
7095 1803
7096 1803
7097 1803
7098 1803
7099 2172
7100 3257
7101 1803
7102 1803
7103 2857
7104 2133
7105 1803
7106 2662
7107 1803
7108 2888
7109 1803
7110 1803
7111 1807
7112 2765
7113 1810
7114 1810
7115 1810
7116 1810
7117 1810
7118 3018
7119 1810
7120 1810
7121 1811
7122 1811
7123 2837
7124 3275
7125 1811
7126 2184
7127 2914
7128 1811
7129 1811
7130 1811
7131 1811
7132 1811
7133 1812
7134 1816
7135 1817
7136 2196
7137 1819
7138 1820
7139 1821
7140 1823
7141 1823
7142 1823
7143 2501
7144 1823
7145 1823
7146 1823
7147 1823
7148 1823
7149 1823
7150 1823
7151 1962
7152 1823
7153 1823
7154 1823
7155 1823
7156 2793
7157 1823
7158 2584
7159 1823
7160 2335
7161 1823
7162 2685
7163 1823
7164 1823
7165 1823
7166 2602
7167 1823
7168 1823
7169 1893
7170 1823
7171 2993
7172 3209
7173 1823
7174 1823
7175 1823
7176 1823
7177 1823
7178 1823
7179 1823
7180 1823
7181 1823
7182 2669
7183 2367
7184 1826
7185 3234
7186 3163
7187 1828
7188 1828
7189 1828
7190 1829
7191 1829
7192 1830
7193 1830
7194 1832
7195 2336
7196 1832
7197 1832
7198 1832
7199 1883
7200 1832
7201 1832
7202 1832
7203 1832
7204 1834
7205 2105
7206 1835
7207 1835
7208 1835
7209 1835
7210 1835
7211 1835
7212 1835
7213 1835
7214 1835
7215 2569
7216 1835
7217 2140
7218 1835
7219 2259
7220 1835
7221 2696
7222 1839
7223 3076
7224 1840
7225 1840
7226 1843
7227 1843
7228 3306
7229 1843
7230 1843
7231 1843
7232 2204
7233 1843
7234 1844
7235 3279
7236 1845
7237 1847
7238 1847
7239 1847
7240 1849
7241 1853
7242 1853
7243 3093
7244 1854
7245 1856
7246 2644
7247 1861
7248 1861
7249 1865
7250 1865
7251 1866
7252 1866
7253 2550
7254 1866
7255 1868
7256 1868
7257 1868
7258 1868
7259 1868
7260 1868
7261 1868
7262 1869
7263 1869
7264 1870
7265 1871
7266 1971
7267 1876
7268 1878
7269 2025
7270 1878
7271 1878
7272 1878
7273 1878
7274 1881
7275 1881
7276 1881
7277 1888
7278 1888
7279 1893
7280 1893
7281 1893
7282 1896
7283 1896
7284 2643
7285 1899
7286 1899
7287 1899
7288 1899
7289 1899
7290 1899
7291 3031
7292 1899
7293 1899
7294 3078
7295 1899
7296 2063
7297 1901
7298 1902
7299 1902
7300 1902
7301 1902
7302 1904
7303 1904
7304 1904
7305 1904
7306 1904
7307 2617
7308 1907
7309 1907
7310 1909
7311 1909
7312 3091
7313 1983
7314 1911
7315 2444
7316 1912
7317 1915
7318 1920
7319 1921
7320 1922
7321 1923
7322 1924
7323 3130
7324 1924
7325 1924
7326 1924
7327 1924
7328 1924
7329 1924
7330 2108
7331 1924
7332 2422
7333 1925
7334 1925
7335 1934
7336 2132
7337 1926
7338 1926
7339 2798
7340 1926
7341 1926
7342 1926
7343 1926
7344 1926
7345 1926
7346 2970
7347 1926
7348 1926
7349 1926
7350 1926
7351 2160
7352 1931
7353 1932
7354 1932
7355 1933
7356 1933
7357 1938
7358 1938
7359 3245
7360 1938
7361 1938
7362 1938
7363 1938
7364 3289
7365 1942
7366 1942
7367 1946
7368 1946
7369 2697
7370 1951
7371 1951
7372 2476
7373 1951
7374 1951
7375 3151
7376 3342
7377 1952
7378 2065
7379 1952
7380 1952
7381 1952
7382 1952
7383 1952
7384 1952
7385 1952
7386 1955
7387 1956
7388 1961
7389 1963
7390 1963
7391 1964
7392 1965
7393 1967
7394 1967
7395 3160
7396 2601
7397 2325
7398 1971
7399 2102
7400 1971
7401 1972
7402 1973
7403 1975
7404 1975
7405 1976
7406 1976
7407 3260
7408 1980
7409 1981
7410 1982
7411 1984
7412 1986
7413 1987
7414 1987
7415 1987
7416 1987
7417 2891
7418 1991
7419 2717
7420 3057
7421 1993
7422 1993
7423 1997
7424 1997
7425 1997
7426 1997
7427 1998
7428 3170
7429 1998
7430 1999
7431 1999
7432 2000
7433 2278
7434 2729
7435 2004
7436 2004
7437 2457
7438 2004
7439 2275
7440 3097
7441 2007
7442 2007
7443 2008
7444 2010
7445 2010
7446 2251
7447 2013
7448 2015
7449 2015
7450 2640
7451 2886
7452 2348
7453 2017
7454 2017
7455 2017
7456 2017
7457 2017
7458 3334
7459 2017
7460 2017
7461 2017
7462 2017
7463 2017
7464 2017
7465 2017
7466 2017
7467 3089
7468 2017
7469 2017
7470 2017
7471 2017
7472 2882
7473 2017
7474 2017
7475 2017
7476 2017
7477 2017
7478 2017
7479 2017
7480 2159
7481 2107
7482 2017
7483 2017
7484 2017
7485 2017
7486 2017
7487 2017
7488 2419
7489 2017
7490 2017
7491 2624
7492 2097
7493 2017
7494 2017
7495 2651
7496 2495
7497 2017
7498 2017
7499 2017
7500 2017
7501 2017
7502 2017
7503 2017
7504 2797
7505 2783
7506 2017
7507 2977
7508 2017
7509 2017
7510 2017
7511 2017
7512 2332
7513 2017
7514 2359
7515 2999
7516 2017
7517 2017
7518 3127
7519 2017
7520 2020
7521 2025
7522 2025
7523 2025
7524 2030
7525 2134
7526 2033
7527 2252
7528 2033
7529 2033
7530 2622
7531 2935
7532 2035
7533 2035
7534 2597
7535 2038
7536 2038
7537 2039
7538 2041
7539 2044
7540 2045
7541 2045
7542 2045
7543 2045
7544 2403
7545 2357
7546 2046
7547 2046
7548 2046
7549 2050
7550 2050
7551 2050
7552 2050
7553 2051
7554 2051
7555 2051
7556 2052
7557 2052
7558 2052
7559 2060
7560 2060
7561 2062
7562 2062
7563 2063
7564 2066
7565 2066
7566 2070
7567 2070
7568 2070
7569 2070
7570 2070
7571 3309
7572 2070
7573 2074
7574 2074
7575 2074
7576 2076
7577 2076
7578 2881
7579 3212
7580 2076
7581 2076
7582 2386
7583 2076
7584 2076
7585 2076
7586 2076
7587 2076
7588 2076
7589 2076
7590 2474
7591 2076
7592 2594
7593 2076
7594 2576
7595 2076
7596 2180
7597 2585
7598 2076
7599 2079
7600 2079
7601 2080
7602 2080
7603 2082
7604 2082
7605 2082
7606 2082
7607 2082
7608 2082
7609 3007
7610 2082
7611 2082
7612 2082
7613 2082
7614 2082
7615 2082
7616 2082
7617 2082
7618 2082
7619 2082
7620 3343
7621 2082
7622 2082
7623 3040
7624 2212
7625 2839
7626 2082
7627 3021
7628 2082
7629 2082
7630 2082
7631 2085
7632 2085
7633 2085
7634 3148
7635 2085
7636 2740
7637 2088
7638 2088
7639 2947
7640 2096
7641 2104
7642 2093
7643 2093
7644 2094
7645 2095
7646 2095
7647 2097
7648 2102
7649 2102
7650 2102
7651 2102
7652 2102
7653 2423
7654 2102
7655 2102
7656 2102
7657 2234
7658 2102
7659 2102
7660 2524
7661 2102
7662 2102
7663 2102
7664 2355
7665 2103
7666 2104
7667 2104
7668 2104
7669 2104
7670 2202
7671 2104
7672 2104
7673 2104
7674 2104
7675 2105
7676 2105
7677 2106
7678 2106
7679 2106
7680 2107
7681 2109
7682 2109
7683 2109
7684 2673
7685 2109
7686 2109
7687 2109
7688 2110
7689 2110
7690 2110
7691 2110
7692 2110
7693 2110
7694 2110
7695 2775
7696 2110
7697 2110
7698 2110
7699 2110
7700 3006
7701 2110
7702 2110
7703 2398
7704 2110
7705 3178
7706 2110
7707 2110
7708 2506
7709 2110
7710 2110
7711 2110
7712 2110
7713 3187
7714 2110
7715 2110
7716 2110
7717 2110
7718 2110
7719 2110
7720 2110
7721 2110
7722 2679
7723 3050
7724 2110
7725 2110
7726 2110
7727 2110
7728 3043
7729 2110
7730 2110
7731 2642
7732 3271
7733 2110
7734 2110
7735 2110
7736 2110
7737 2110
7738 2539
7739 2110
7740 2110
7741 2110
7742 3213
7743 2110
7744 2111
7745 2111
7746 2111
7747 2111
7748 2111
7749 2112
7750 2737
7751 2112
7752 2338
7753 2135
7754 2115
7755 2115
7756 2118
7757 2119
7758 2119
7759 2120
7760 2122
7761 2130
7762 2130
7763 2130
7764 2130
7765 2130
7766 2270
7767 2130
7768 2773
7769 3304
7770 2132
7771 2132
7772 3065
7773 2132
7774 2132
7775 2132
7776 2132
7777 2132
7778 3083
7779 2133
7780 2433
7781 2133
7782 2133
7783 2133
7784 2133
7785 2134
7786 2134
7787 2134
7788 2227
7789 2833
7790 2138
7791 2405
7792 2538
7793 2878
7794 2139
7795 2141
7796 2142
7797 2142
7798 2142
7799 2142
7800 2142
7801 2142
7802 2142
7803 2142
7804 2142
7805 2142
7806 2142
7807 2142
7808 2865
7809 2142
7810 2142
7811 2142
7812 2142
7813 3215
7814 2142
7815 2142
7816 2142
7817 2142
7818 2142
7819 2142
7820 2142
7821 2142
7822 3161
7823 2205
7824 2142
7825 2142
7826 2142
7827 2142
7828 2142
7829 2142
7830 2142
7831 2142
7832 2142
7833 2142
7834 2142
7835 2481
7836 2142
7837 2595
7838 2142
7839 2142
7840 2142
7841 2142
7842 2142
7843 2142
7844 2142
7845 2142
7846 2508
7847 2142
7848 2142
7849 2142
7850 2142
7851 2142
7852 2200
7853 2142
7854 2142
7855 2143
7856 2144
7857 2144
7858 2145
7859 2655
7860 2145
7861 2145
7862 2145
7863 2145
7864 2146
7865 2680
7866 2149
7867 2150
7868 2150
7869 2150
7870 2150
7871 3283
7872 2150
7873 2152
7874 2152
7875 2152
7876 2152
7877 2152
7878 2152
7879 2152
7880 2153
7881 2154
7882 2154
7883 2154
7884 2154
7885 3233
7886 2580
7887 2159
7888 2159
7889 2159
7890 2160
7891 2160
7892 2289
7893 2163
7894 2164
7895 2164
7896 2166
7897 2167
7898 2167
7899 2167
7900 2167
7901 2167
7902 2167
7903 2168
7904 2168
7905 2168
7906 2169
7907 2172
7908 2172
7909 2172
7910 2172
7911 2172
7912 2174
7913 2174
7914 2177
7915 2242
7916 2182
7917 2183
7918 2184
7919 2184
7920 3085
7921 2184
7922 2612
7923 2185
7924 2185
7925 2185
7926 2185
7927 2185
7928 2185
7929 2185
7930 2188
7931 2188
7932 2346
7933 2188
7934 2190
7935 2190
7936 2191
7937 2191
7938 2191
7939 2193
7940 2195
7941 3287
7942 2195
7943 2196
7944 2197
7945 2197
7946 3162
7947 2197
7948 2198
7949 2200
7950 2203
7951 2208
7952 2208
7953 2208
7954 2208
7955 2208
7956 3223
7957 2209
7958 2211
7959 2360
7960 3112
7961 2211
7962 2211
7963 2212
7964 3298
7965 2214
7966 2258
7967 2217
7968 2217
7969 2217
7970 2219
7971 2219
7972 2219
7973 2220
7974 2220
7975 2220
7976 2220
7977 3196
7978 2220
7979 2620
7980 2220
7981 2220
7982 2220
7983 2220
7984 2220
7985 2220
7986 2221
7987 2221
7988 3116
7989 2826
7990 2223
7991 2223
7992 2223
7993 2224
7994 2224
7995 2224
7996 2600
7997 2229
7998 2229
7999 2231
8000 2502
8001 2233
8002 2233
8003 2233
8004 2233
8005 2233
8006 2236
8007 2236
8008 2236
8009 2236
8010 2236
8011 2238
8012 2240
8013 2240
8014 2242
8015 2844
8016 2245
8017 2245
8018 2245
8019 2245
8020 2245
8021 2245
8022 2245
8023 2245
8024 2247
8025 2247
8026 2248
8027 2249
8028 2249
8029 3070
8030 2250
8031 2250
8032 2254
8033 2263
8034 2263
8035 2263
8036 2264
8037 2391
8038 2808
8039 2269
8040 2936
8041 2274
8042 2274
8043 2274
8044 2275
8045 2275
8046 2275
8047 2812
8048 2275
8049 2275
8050 3228
8051 3186
8052 2275
8053 2275
8054 2275
8055 2277
8056 2277
8057 2277
8058 2277
8059 2556
8060 2277
8061 2277
8062 2277
8063 2277
8064 2277
8065 2277
8066 2277
8067 2277
8068 2277
8069 2277
8070 2505
8071 2735
8072 2277
8073 2277
8074 2277
8075 2638
8076 2277
8077 2277
8078 2277
8079 2277
8080 3344
8081 2277
8082 3168
8083 2277
8084 2277
8085 2277
8086 2277
8087 2277
8088 2277
8089 2277
8090 2277
8091 2277
8092 2899
8093 2277
8094 2278
8095 2279
8096 2280
8097 2282
8098 2282
8099 2321
8100 2285
8101 2285
8102 2285
8103 2285
8104 2285
8105 2285
8106 3214
8107 2285
8108 2285
8109 2285
8110 2285
8111 2870
8112 2285
8113 2285
8114 2285
8115 2285
8116 2285
8117 2285
8118 2285
8119 2586
8120 2285
8121 2652
8122 2456
8123 2285
8124 2285
8125 2285
8126 2285
8127 2285
8128 2285
8129 2285
8130 2285
8131 2285
8132 2285
8133 2285
8134 2285
8135 2719
8136 2285
8137 2285
8138 2285
8139 2285
8140 2285
8141 2285
8142 2607
8143 2288
8144 2289
8145 3202
8146 2291
8147 2291
8148 2961
8149 2292
8150 2292
8151 2293
8152 2758
8153 2293
8154 2293
8155 2293
8156 2293
8157 2293
8158 2293
8159 2294
8160 2295
8161 3104
8162 2296
8163 2296
8164 2296
8165 2784
8166 2297
8167 2300
8168 2301
8169 2301
8170 2302
8171 2660
8172 2302
8173 2305
8174 2305
8175 2305
8176 2305
8177 3171
8178 2309
8179 2309
8180 2309
8181 2309
8182 2629
8183 2309
8184 2310
8185 2312
8186 2312
8187 2312
8188 2312
8189 2430
8190 2314
8191 2314
8192 2314
8193 2314
8194 2316
8195 2316
8196 2316
8197 2316
8198 2996
8199 2317
8200 2317
8201 2317
8202 2711
8203 2317
8204 2593
8205 2317
8206 3296
8207 2317
8208 2375
8209 2317
8210 3147
8211 2317
8212 2317
8213 2317
8214 2317
8215 2317
8216 2317
8217 2317
8218 2317
8219 2317
8220 2317
8221 2317
8222 2317
8223 2317
8224 2317
8225 2317
8226 2317
8227 2317
8228 2317
8229 3139
8230 2317
8231 2317
8232 2317
8233 2318
8234 2709
8235 2319
8236 2320
8237 2531
8238 2322
8239 3266
8240 2322
8241 2322
8242 2691
8243 2322
8244 2322
8245 2322
8246 2949
8247 2322
8248 2322
8249 2322
8250 2322
8251 2328
8252 2328
8253 2328
8254 2328
8255 2328
8256 2484
8257 2329
8258 2329
8259 2329
8260 2731
8261 2329
8262 2330
8263 2330
8264 2331
8265 3061
8266 2332
8267 2332
8268 2332
8269 2982
8270 2333
8271 2333
8272 2333
8273 2534
8274 2333
8275 2333
8276 2333
8277 2333
8278 2333
8279 2333
8280 2333
8281 2333
8282 3311
8283 2338
8284 2338
8285 2338
8286 2896
8287 2338
8288 2338
8289 2338
8290 2338
8291 2338
8292 2338
8293 2338
8294 2338
8295 2573
8296 2339
8297 2339
8298 2339
8299 2721
8300 2340
8301 2340
8302 2437
8303 2340
8304 2343
8305 2343
8306 2344
8307 2344
8308 2344
8309 2346
8310 3033
8311 2346
8312 2346
8313 3044
8314 2346
8315 2346
8316 2346
8317 2346
8318 2346
8319 2703
8320 2346
8321 2346
8322 2346
8323 2346
8324 2346
8325 2674
8326 2349
8327 2349
8328 2453
8329 2353
8330 2355
8331 2355
8332 2355
8333 2355
8334 2355
8335 2355
8336 2356
8337 2356
8338 2436
8339 2835
8340 2358
8341 2358
8342 2358
8343 2359
8344 2805
8345 2732
8346 2359
8347 2359
8348 2359
8349 2359
8350 2361
8351 2362
8352 2362
8353 2365
8354 2368
8355 2369
8356 2369
8357 2369
8358 2369
8359 2369
8360 2369
8361 2369
8362 2369
8363 2369
8364 3166
8365 3310
8366 2369
8367 2369
8368 2369
8369 2370
8370 2371
8371 2969
8372 2373
8373 2553
8374 2375
8375 2375
8376 2375
8377 2741
8378 2379
8379 2379
8380 2379
8381 3282
8382 2381
8383 2381
8384 2381
8385 2381
8386 2382
8387 2382
8388 2384
8389 2385
8390 2385
8391 2387
8392 2390
8393 2390
8394 2399
8395 2392
8396 2392
8397 2885
8398 2392
8399 2392
8400 2392
8401 2630
8402 2392
8403 2392
8404 3294
8405 2980
8406 2392
8407 2392
8408 2392
8409 2392
8410 2392
8411 2392
8412 3252
8413 2427
8414 2392
8415 2392
8416 2392
8417 2743
8418 2392
8419 2393
8420 2393
8421 2954
8422 2393
8423 2396
8424 2397
8425 2397
8426 2397
8427 2402
8428 2402
8429 2402
8430 2402
8431 2402
8432 2581
8433 2402
8434 2402
8435 2402
8436 2402
8437 3227
8438 2402
8439 2402
8440 2402
8441 2402
8442 2402
8443 2402
8444 2402
8445 2402
8446 2403
8447 2403
8448 2403
8449 2403
8450 2404
8451 2404
8452 2404
8453 2404
8454 3185
8455 3133
8456 2404
8457 2404
8458 2404
8459 2768
8460 2404
8461 2404
8462 2405
8463 2406
8464 2406
8465 2409
8466 2411
8467 2413
8468 2413
8469 2898
8470 2416
8471 3054
8472 2418
8473 2418
8474 2420
8475 2422
8476 2847
8477 2423
8478 2424
8479 2425
8480 2455
8481 2426
8482 2426
8483 2427
8484 2427
8485 2427
8486 2427
8487 2427
8488 2427
8489 2604
8490 2429
8491 2866
8492 2429
8493 2429
8494 2430
8495 3277
8496 2434
8497 2435
8498 2435
8499 2436
8500 2436
8501 2436
8502 2436
8503 2436
8504 2436
8505 3255
8506 2436
8507 2436
8508 2437
8509 2437
8510 3017
8511 2437
8512 2437
8513 2437
8514 2437
8515 3051
8516 3041
8517 2442
8518 2442
8519 2442
8520 2443
8521 2445
8522 2445
8523 3009
8524 2446
8525 2447
8526 2447
8527 2929
8528 2447
8529 2447
8530 2447
8531 2447
8532 2448
8533 2450
8534 2453
8535 2454
8536 2458
8537 2458
8538 2458
8539 2461
8540 2461
8541 2461
8542 2461
8543 2461
8544 2463
8545 2463
8546 2465
8547 2466
8548 2466
8549 2779
8550 2466
8551 2831
8552 2466
8553 2466
8554 2466
8555 2466
8556 2782
8557 2466
8558 2467
8559 2467
8560 2467
8561 2467
8562 2543
8563 2473
8564 2479
8565 2480
8566 2663
8567 3265
8568 2484
8569 2484
8570 2484
8571 3075
8572 2484
8573 2484
8574 2484
8575 2484
8576 2484
8577 2484
8578 2484
8579 2484
8580 2484
8581 2484
8582 2484
8583 2484
8584 2484
8585 2484
8586 2484
8587 2484
8588 2484
8589 2484
8590 2484
8591 2484
8592 3059
8593 2484
8594 2484
8595 2484
8596 2484
8597 2484
8598 2484
8599 2485
8600 2485
8601 3149
8602 2485
8603 2485
8604 2485
8605 2486
8606 2487
8607 3140
8608 2489
8609 2489
8610 2490
8611 2861
8612 2490
8613 3302
8614 2490
8615 2490
8616 2491
8617 2491
8618 2492
8619 2494
8620 2494
8621 2494
8622 2497
8623 2498
8624 2498
8625 2498
8626 2498
8627 2498
8628 2498
8629 2992
8630 2498
8631 2500
8632 2500
8633 2501
8634 2501
8635 2829
8636 2501
8637 2501
8638 2501
8639 2501
8640 2501
8641 2501
8642 2501
8643 2501
8644 2501
8645 2501
8646 2501
8647 3063
8648 2501
8649 2501
8650 2501
8651 2501
8652 3141
8653 2505
8654 2505
8655 2505
8656 2507
8657 2517
8658 2509
8659 2509
8660 3014
8661 2509
8662 2509
8663 2509
8664 2509
8665 3192
8666 2509
8667 2509
8668 2509
8669 2509
8670 2509
8671 2509
8672 2509
8673 2509
8674 2510
8675 2510
8676 2510
8677 2510
8678 2510
8679 2510
8680 2512
8681 2512
8682 2512
8683 2512
8684 2518
8685 2518
8686 2519
8687 2519
8688 2521
8689 3119
8690 2521
8691 2521
8692 2522
8693 2522
8694 2525
8695 2527
8696 2528
8697 2531
8698 2531
8699 2531
8700 2531
8701 2531
8702 2531
8703 2533
8704 2534
8705 2535
8706 2733
8707 2535
8708 2535
8709 2535
8710 2535
8711 2806
8712 2545
8713 2545
8714 2545
8715 2545
8716 2546
8717 2546
8718 2546
8719 2548
8720 2548
8721 2549
8722 2549
8723 2549
8724 3273
8725 2549
8726 2549
8727 2549
8728 3291
8729 3315
8730 2549
8731 2550
8732 2948
8733 2554
8734 2556
8735 2558
8736 2558
8737 2559
8738 2559
8739 2559
8740 2565
8741 2565
8742 2567
8743 2567
8744 2619
8745 2569
8746 2575
8747 2576
8748 2580
8749 2582
8750 2583
8751 2672
8752 2584
8753 2586
8754 2586
8755 2586
8756 3339
8757 2588
8758 2843
8759 2592
8760 2592
8761 2592
8762 2592
8763 2594
8764 2625
8765 2594
8766 2594
8767 2595
8768 2597
8769 2597
8770 2597
8771 2597
8772 2599
8773 2599
8774 2656
8775 2600
8776 2600
8777 3181
8778 2601
8779 2602
8780 2602
8781 3280
8782 2607
8783 2607
8784 2607
8785 2607
8786 2607
8787 2607
8788 2859
8789 3144
8790 2607
8791 2607
8792 3088
8793 2608
8794 2613
8795 2613
8796 2613
8797 2613
8798 2614
8799 2614
8800 2614
8801 2614
8802 2615
8803 2616
8804 2616
8805 2616
8806 2616
8807 2616
8808 2616
8809 2616
8810 2616
8811 2617
8812 2617
8813 2730
8814 2619
8815 2619
8816 2619
8817 2620
8818 2622
8819 2626
8820 2626
8821 2626
8822 2630
8823 2631
8824 2631
8825 2631
8826 2631
8827 2632
8828 2632
8829 2634
8830 2639
8831 2641
8832 2988
8833 2641
8834 2641
8835 2641
8836 2641
8837 2641
8838 2641
8839 2641
8840 2641
8841 2641
8842 2641
8843 2750
8844 2641
8845 2641
8846 2641
8847 2641
8848 2641
8849 2641
8850 2641
8851 2641
8852 2909
8853 2643
8854 2644
8855 2813
8856 2648
8857 2648
8858 2648
8859 3027
8860 2655
8861 2657
8862 2657
8863 2657
8864 3080
8865 2659
8866 3169
8867 3250
8868 2660
8869 2666
8870 2971
8871 2666
8872 2666
8873 2900
8874 2667
8875 2667
8876 3330
8877 2671
8878 2671
8879 2671
8880 2671
8881 2671
8882 2674
8883 2676
8884 2676
8885 2677
8886 2677
8887 2680
8888 2682
8889 2682
8890 2683
8891 2685
8892 2685
8893 2685
8894 2685
8895 2685
8896 2685
8897 2685
8898 3238
8899 2685
8900 2685
8901 2685
8902 2685
8903 2685
8904 3046
8905 2685
8906 2685
8907 2685
8908 2685
8909 2685
8910 2685
8911 2685
8912 2685
8913 2685
8914 2685
8915 2685
8916 2892
8917 2686
8918 2687
8919 2693
8920 2894
8921 2696
8922 2696
8923 2699
8924 2700
8925 2700
8926 2701
8927 2702
8928 2702
8929 2702
8930 2702
8931 2704
8932 2707
8933 2874
8934 2708
8935 2711
8936 2711
8937 2713
8938 2715
8939 2715
8940 2715
8941 2719
8942 2721
8943 2723
8944 2723
8945 2723
8946 2724
8947 2724
8948 2724
8949 2724
8950 2724
8951 2724
8952 2724
8953 2724
8954 2724
8955 2724
8956 2726
8957 2726
8958 2726
8959 2728
8960 3013
8961 2733
8962 2733
8963 2733
8964 2733
8965 2904
8966 2733
8967 2735
8968 2735
8969 2740
8970 2740
8971 2740
8972 2740
8973 2740
8974 2740
8975 2740
8976 2740
8977 2740
8978 2906
8979 2740
8980 2743
8981 2749
8982 2749
8983 2749
8984 3216
8985 2753
8986 2767
8987 2756
8988 2757
8989 2757
8990 2758
8991 2759
8992 2759
8993 2759
8994 2759
8995 2760
8996 2979
8997 2766
8998 2766
8999 2769
9000 2769
9001 2769
9002 2769
9003 2769
9004 2770
9005 3270
9006 2774
9007 2774
9008 2774
9009 2774
9010 2774
9011 2774
9012 2774
9013 2774
9014 2774
9015 2774
9016 2775
9017 2776
9018 2776
9019 2776
9020 2776
9021 2776
9022 2776
9023 2776
9024 2776
9025 2776
9026 2776
9027 2776
9028 2776
9029 2779
9030 2779
9031 2780
9032 2783
9033 2786
9034 2786
9035 2787
9036 2787
9037 2787
9038 2787
9039 2787
9040 2787
9041 2787
9042 2788
9043 2790
9044 2791
9045 2792
9046 3220
9047 2796
9048 2796
9049 2796
9050 2796
9051 2796
9052 2800
9053 2800
9054 2800
9055 2800
9056 2800
9057 2801
9058 2802
9059 2803
9060 2803
9061 2803
9062 2803
9063 2803
9064 2803
9065 2803
9066 2803
9067 2803
9068 2805
9069 2805
9070 3098
9071 2960
9072 2807
9073 2808
9074 2808
9075 2809
9076 3285
9077 2810
9078 2810
9079 3008
9080 2814
9081 2817
9082 2862
9083 2817
9084 2817
9085 2817
9086 2817
9087 3288
9088 2817
9089 2817
9090 2817
9091 2817
9092 3034
9093 3100
9094 2817
9095 2817
9096 2818
9097 2819
9098 2819
9099 2819
9100 2819
9101 2819
9102 2821
9103 2987
9104 2821
9105 2821
9106 2821
9107 2822
9108 2822
9109 2822
9110 2823
9111 2823
9112 2823
9113 2823
9114 2823
9115 2823
9116 2823
9117 2823
9118 2823
9119 2823
9120 2828
9121 2828
9122 3276
9123 2828
9124 2828
9125 2828
9126 2829
9127 2829
9128 2829
9129 2829
9130 2829
9131 2829
9132 2829
9133 2919
9134 2829
9135 3154
9136 2829
9137 2829
9138 2831
9139 2832
9140 2832
9141 2832
9142 2832
9143 2832
9144 2833
9145 2833
9146 2834
9147 2834
9148 2834
9149 2834
9150 2834
9151 2834
9152 2834
9153 2835
9154 2835
9155 2835
9156 2835
9157 2835
9158 2835
9159 2901
9160 2835
9161 2836
9162 2839
9163 2840
9164 2840
9165 2842
9166 2843
9167 2843
9168 2843
9169 2843
9170 2845
9171 2847
9172 2847
9173 2847
9174 2847
9175 2847
9176 2847
9177 2847
9178 2847
9179 2847
9180 2847
9181 2848
9182 2848
9183 2848
9184 2848
9185 2850
9186 2853
9187 2853
9188 2853
9189 2853
9190 2853
9191 2853
9192 2853
9193 2853
9194 2853
9195 2853
9196 2853
9197 2854
9198 2854
9199 2854
9200 2854
9201 2857
9202 2857
9203 2861
9204 2862
9205 2866
9206 2866
9207 2866
9208 2866
9209 2866
9210 2866
9211 2866
9212 3335
9213 2868
9214 2870
9215 2874
9216 2875
9217 3064
9218 2882
9219 2882
9220 3312
9221 2882
9222 2882
9223 2883
9224 3101
9225 2885
9226 2885
9227 3254
9228 2972
9229 2886
9230 3201
9231 2886
9232 2888
9233 2888
9234 2888
9235 2888
9236 2888
9237 2888
9238 2888
9239 2889
9240 2889
9241 2895
9242 2895
9243 2895
9244 2897
9245 2903
9246 3126
9247 2904
9248 3072
9249 2905
9250 2905
9251 2906
9252 2908
9253 2913
9254 2914
9255 2919
9256 2921
9257 2922
9258 2922
9259 2922
9260 2924
9261 2925
9262 2925
9263 2925
9264 2925
9265 2925
9266 2925
9267 2925
9268 2927
9269 2930
9270 2931
9271 2931
9272 2931
9273 2937
9274 2938
9275 2938
9276 2938
9277 2938
9278 2938
9279 2940
9280 2940
9281 2940
9282 2940
9283 2940
9284 2940
9285 2940
9286 2940
9287 2940
9288 2941
9289 2941
9290 2943
9291 2946
9292 2946
9293 2946
9294 2954
9295 2954
9296 2955
9297 3125
9298 2957
9299 2957
9300 2957
9301 2960
9302 2960
9303 2964
9304 2964
9305 2964
9306 2965
9307 2965
9308 2965
9309 2965
9310 2965
9311 2965
9312 2965
9313 2965
9314 2967
9315 2967
9316 2970
9317 3107
9318 2971
9319 2973
9320 2973
9321 2974
9322 2974
9323 2974
9324 2974
9325 2974
9326 2974
9327 2974
9328 2974
9329 2974
9330 2974
9331 2974
9332 2974
9333 2974
9334 2974
9335 2976
9336 2976
9337 2976
9338 2976
9339 2976
9340 2976
9341 2976
9342 2976
9343 2976
9344 2976
9345 2977
9346 2977
9347 2977
9348 2977
9349 2978
9350 2982
9351 2982
9352 2983
9353 2983
9354 2984
9355 2984
9356 2987
9357 2989
9358 2989
9359 2990
9360 2992
9361 2998
9362 2998
9363 2998
9364 2998
9365 2998
9366 2998
9367 3002
9368 3002
9369 3002
9370 3002
9371 3002
9372 3002
9373 3002
9374 3002
9375 3002
9376 3002
9377 3002
9378 3002
9379 3002
9380 3002
9381 3002
9382 3164
9383 3004
9384 3004
9385 3004
9386 3004
9387 3004
9388 3006
9389 3006
9390 3007
9391 3007
9392 3007
9393 3167
9394 3010
9395 3010
9396 3327
9397 3010
9398 3010
9399 3010
9400 3010
9401 3010
9402 3010
9403 3010
9404 3012
9405 3012
9406 3014
9407 3014
9408 3230
9409 3016
9410 3016
9411 3017
9412 3017
9413 3018
9414 3021
9415 3031
9416 3031
9417 3031
9418 3032
9419 3036
9420 3036
9421 3036
9422 3036
9423 3037
9424 3038
9425 3039
9426 3040
9427 3041
9428 3041
9429 3041
9430 3042
9431 3044
9432 3047
9433 3047
9434 3328
9435 3047
9436 3047
9437 3048
9438 3048
9439 3048
9440 3048
9441 3049
9442 3165
9443 3051
9444 3052
9445 3053
9446 3052
9447 3053
9448 3073
9449 3054
9450 3054
9451 3054
9452 3055
9453 3057
9454 3057
9455 3242
9456 3062
9457 3063
9458 3063
9459 3063
9460 3063
9461 3063
9462 3063
9463 3063
9464 3063
9465 3063
9466 3063
9467 3063
9468 3063
9469 3063
9470 3065
9471 3065
9472 3065
9473 3067
9474 3067
9475 3067
9476 3067
9477 3136
9478 3067
9479 3067
9480 3067
9481 3158
9482 3109
9483 3067
9484 3067
9485 3067
9486 3067
9487 3067
9488 3067
9489 3067
9490 3067
9491 3067
9492 3067
9493 3067
9494 3067
9495 3067
9496 3067
9497 3067
9498 3067
9499 3067
9500 3067
9501 3067
9502 3067
9503 3067
9504 3067
9505 3067
9506 3067
9507 3067
9508 3135
9509 3067
9510 3067
9511 3067
9512 3067
9513 3067
9514 3067
9515 3067
9516 3067
9517 3067
9518 3067
9519 3067
9520 3067
9521 3067
9522 3067
9523 3067
9524 3067
9525 3067
9526 3067
9527 3110
9528 3067
9529 3067
9530 3067
9531 3067
9532 3067
9533 3067
9534 3067
9535 3114
9536 3067
9537 3067
9538 3067
9539 3067
9540 3067
9541 3067
9542 3067
9543 3067
9544 3067
9545 3067
9546 3067
9547 3067
9548 3067
9549 3067
9550 3067
9551 3067
9552 3067
9553 3067
9554 3067
9555 3067
9556 3067
9557 3067
9558 3067
9559 3067
9560 3067
9561 3067
9562 3067
9563 3067
9564 3067
9565 3067
9566 3067
9567 3067
9568 3067
9569 3067
9570 3067
9571 3067
9572 3067
9573 3067
9574 3067
9575 3331
9576 3067
9577 3067
9578 3067
9579 3067
9580 3067
9581 3067
9582 3183
9583 3067
9584 3067
9585 3067
9586 3067
9587 3067
9588 3067
9589 3067
9590 3067
9591 3067
9592 3067
9593 3067
9594 3067
9595 3067
9596 3067
9597 3067
9598 3067
9599 3067
9600 3068
9601 3307
9602 3068
9603 3068
9604 3069
9605 3069
9606 3069
9607 3069
9608 3069
9609 3077
9610 3077
9611 3078
9612 3078
9613 3080
9614 3080
9615 3080
9616 3081
9617 3081
9618 3081
9619 3083
9620 3083
9621 3084
9622 3084
9623 3084
9624 3086
9625 3087
9626 3087
9627 3088
9628 3088
9629 3088
9630 3090
9631 3090
9632 3090
9633 3090
9634 3090
9635 3091
9636 3094
9637 3094
9638 3094
9639 3098
9640 3098
9641 3099
9642 3101
9643 3101
9644 3106
9645 3106
9646 3109
9647 3109
9648 3109
9649 3109
9650 3109
9651 3110
9652 3111
9653 3111
9654 3115
9655 3116
9656 3116
9657 3116
9658 3116
9659 3117
9660 3120
9661 3121
9662 3121
9663 3121
9664 3121
9665 3124
9666 3126
9667 3126
9668 3126
9669 3126
9670 3127
9671 3129
9672 3129
9673 3129
9674 3129
9675 3129
9676 3129
9677 3129
9678 3129
9679 3129
9680 3132
9681 3132
9682 3308
9683 3134
9684 3135
9685 3135
9686 3135
9687 3135
9688 3135
9689 3135
9690 3135
9691 3135
9692 3135
9693 3135
9694 3135
9695 3135
9696 3135
9697 3135
9698 3135
9699 3135
9700 3135
9701 3135
9702 3135
9703 3135
9704 3138
9705 3338
9706 3140
9707 3140
9708 3278
9709 3140
9710 3140
9711 3140
9712 3140
9713 3140
9714 3140
9715 3140
9716 3140
9717 3140
9718 3140
9719 3140
9720 3147
9721 3148
9722 3148
9723 3148
9724 3150
9725 3150
9726 3151
9727 3151
9728 3151
9729 3160
9730 3164
9731 3167
9732 3167
9733 3171
9734 3171
9735 3171
9736 3174
9737 3178
9738 3178
9739 3178
9740 3179
9741 3179
9742 3180
9743 3185
9744 3186
9745 3186
9746 3186
9747 3186
9748 3194
9749 3194
9750 3194
9751 3194
9752 3194
9753 3194
9754 3194
9755 3195
9756 3196
9757 3210
9758 3204
9759 3205
9760 3205
9761 3205
9762 3208
9763 3209
9764 3210
9765 3211
9766 3212
9767 3215
9768 3215
9769 3215
9770 3216
9771 3216
9772 3220
9773 3221
9774 3221
9775 3221
9776 3221
9777 3221
9778 3222
9779 3222
9780 3224
9781 3224
9782 3225
9783 3226
9784 3228
9785 3230
9786 3231
9787 3232
9788 3232
9789 3232
9790 3232
9791 3232
9792 3232
9793 3232
9794 3232
9795 3232
9796 3232
9797 3234
9798 3234
9799 3234
9800 3235
9801 3236
9802 3236
9803 3236
9804 3274
9805 3236
9806 3236
9807 3236
9808 3236
9809 3236
9810 3236
9811 3236
9812 3236
9813 3236
9814 3236
9815 3237
9816 3237
9817 3238
9818 3246
9819 3238
9820 3241
9821 3241
9822 3241
9823 3241
9824 3241
9825 3241
9826 3241
9827 3241
9828 3264
9829 3241
9830 3243
9831 3243
9832 3245
9833 3245
9834 3245
9835 3245
9836 3245
9837 3245
9838 3245
9839 3246
9840 3251
9841 3251
9842 3251
9843 3251
9844 3251
9845 3251
9846 3251
9847 3251
9848 3251
9849 3252
9850 3252
9851 3252
9852 3252
9853 3253
9854 3253
9855 3254
9856 3256
9857 3257
9858 3259
9859 3259
9860 3336
9861 3261
9862 3261
9863 3261
9864 3266
9865 3267
9866 3267
9867 3268
9868 3268
9869 3268
9870 3273
9871 3273
9872 3273
9873 3278
9874 3278
9875 3278
9876 3279
9877 3279
9878 3279
9879 3279
9880 3279
9881 3279
9882 3279
9883 3279
9884 3279
9885 3279
9886 3279
9887 3279
9888 3279
9889 3279
9890 3279
9891 3279
9892 3279
9893 3279
9894 3279
9895 3279
9896 3279
9897 3279
9898 3280
9899 3281
9900 3281
9901 3282
9902 3283
9903 3285
9904 3285
9905 3286
9906 3287
9907 3290
9908 3290
9909 3294
9910 3294
9911 3294
9912 3294
9913 3294
9914 3294
9915 3332
9916 3294
9917 3294
9918 3294
9919 3294
9920 3294
9921 3295
9922 3295
9923 3295
9924 3295
9925 3295
9926 3295
9927 3295
9928 3295
9929 3295
9930 3295
9931 3297
9932 3301
9933 3301
9934 3302
9935 3302
9936 3304
9937 3304
9938 3304
9939 3304
9940 3304
9941 3305
9942 3307
9943 3307
9944 3307
9945 3307
9946 3307
9947 3309
9948 3313
9949 3314
9950 3314
9951 3314
9952 3314
9953 3314
9954 3317
9955 3317
9956 3317
9957 3317
9958 3317
9959 3323
9960 3323
9961 3324
9962 3324
9963 3324
9964 3324
9965 3324
9966 3324
9967 3324
9968 3325
9969 3325
9970 3327
9971 3328
9972 3330
9973 3330
9974 3331
9975 3331
9976 3333
9977 3333
9978 3334
9979 3334
9980 3334
9981 3334
9982 3334
9983 3334
9984 3334
9985 3334
9986 3337
9987 3337
9988 3338
9989 3344
9990 3344
9991 3345
9992 3345
9993 3345
9994 3345
9995 3345
9996 3345
9997 3345
9998 3345
9999 3345
