10000 9999
1 0
2 0
3 1
4 3
5 4
6 5
7 6
8 7
9 8
10 6
11 8
12 8
13 11
14 6
15 8
16 14
17 7
18 10
19 6
20 8
21 8
22 20
23 19
24 13
25 18
26 16
27 6
28 21
29 6
30 6
31 8
32 28
33 8
34 6
35 18
36 32
37 15
38 21
39 36
40 8
41 22
42 25
43 34
44 35
45 4
46 44
47 44
48 42
49 8
50 44
51 8
52 39
53 8
54 35
55 53
56 9
57 43
58 57
59 39
60 44
61 44
62 49
63 58
64 10
65 63
66 36
67 54
68 52
69 65
70 43
71 6
72 65
73 72
74 51
75 59
76 41
77 45
78 51
79 8
80 76
81 6
82 81
83 81
84 76
85 81
86 54
87 81
88 51
89 45
90 81
91 90
92 73
93 36
94 81
95 81
96 30
97 81
98 81
99 96
100 57
101 81
102 28
103 48
104 81
105 104
106 99
107 89
108 60
109 43
110 81
111 21
112 26
113 3
114 81
115 35
116 35
117 113
118 81
119 66
120 102
121 120
122 4
123 100
124 81
125 17
126 89
127 69
128 12
129 44
130 81
131 81
132 114
133 124
134 112
135 124
136 124
137 87
138 81
139 44
140 8
141 127
142 92
143 114
144 85
145 132
146 109
147 65
148 34
149 49
150 51
151 89
152 38
153 81
154 153
155 123
156 118
157 46
158 123
159 44
160 159
161 8
162 66
163 73
164 153
165 142
166 144
167 25
168 95
169 59
170 114
171 81
172 118
173 167
174 73
175 139
176 104
177 111
178 34
179 175
180 119
181 37
182 168
183 149
184 116
185 176
186 118
187 175
188 128
189 51
190 123
191 11
192 40
193 182
194 114
195 140
196 39
197 175
198 152
199 115
200 29
201 141
202 184
203 196
204 175
205 179
206 205
207 111
208 84
209 178
210 33
211 123
212 175
213 123
214 184
215 179
216 81
217 211
218 128
219 36
220 171
221 127
222 30
223 197
224 143
225 175
226 193
227 101
228 81
229 109
230 215
231 211
232 160
233 192
234 73
235 182
236 175
237 92
238 143
239 135
240 205
241 205
242 198
243 56
244 203
245 156
246 118
247 123
248 246
249 89
250 200
251 134
252 179
253 81
254 74
255 202
256 51
257 91
258 51
259 173
260 104
261 113
262 92
263 130
264 81
265 221
266 154
267 175
268 104
269 239
270 103
271 134
272 231
273 81
274 251
275 123
276 267
277 248
278 162
279 67
280 81
281 206
282 237
283 34
284 84
285 207
286 199
287 178
288 274
289 109
290 44
291 231
292 164
293 273
294 125
295 118
296 270
297 258
298 168
299 127
300 128
301 214
302 105
303 268
304 290
305 141
306 180
307 202
308 83
309 81
310 275
311 175
312 29
313 267
314 166
315 124
316 195
317 230
318 44
319 255
320 206
321 216
322 272
323 89
324 304
325 270
326 149
327 123
328 310
329 137
330 327
331 239
332 289
333 268
334 40
335 29
336 301
337 312
338 275
339 143
340 114
341 255
342 313
343 306
344 70
345 106
346 221
347 193
348 308
349 293
350 175
351 350
352 332
353 150
354 160
355 111
356 4
357 333
358 81
359 81
360 193
361 8
362 350
363 156
364 252
365 158
366 104
367 155
368 166
369 333
370 232
371 350
372 81
373 157
374 118
375 81
376 178
377 81
378 193
379 136
380 114
381 265
382 178
383 350
384 372
385 111
386 70
387 334
388 255
389 47
390 350
391 205
392 350
393 152
394 169
395 310
396 324
397 64
398 166
399 8
400 314
401 394
402 301
403 165
404 371
405 104
406 205
407 222
408 268
409 169
410 61
411 226
412 123
413 216
414 252
415 104
416 143
417 124
418 275
419 330
420 373
421 57
422 299
423 336
424 146
425 333
426 193
427 315
428 282
429 350
430 128
431 416
432 413
433 8
434 292
435 205
436 168
437 34
438 418
439 310
440 297
441 205
442 138
443 92
444 239
445 104
446 65
447 330
448 90
449 184
450 404
451 180
452 420
453 380
454 426
455 404
456 151
457 437
458 70
459 163
460 373
461 298
462 366
463 350
464 66
465 255
466 336
467 230
468 269
469 310
470 310
471 330
472 333
473 81
474 350
475 350
476 409
477 350
478 338
479 364
480 479
481 124
482 323
483 21
484 428
485 367
486 205
487 231
488 296
489 254
490 384
491 350
492 404
493 414
494 92
495 260
496 185
497 271
498 124
499 404
500 374
501 496
502 467
503 191
504 215
505 380
506 205
507 123
508 350
509 333
510 498
511 355
512 267
513 359
514 499
515 235
516 350
517 305
518 474
519 411
520 328
521 467
522 323
523 44
524 307
525 368
526 333
527 461
528 469
529 333
530 454
531 350
532 212
533 175
534 310
535 455
536 380
537 353
538 505
539 276
540 357
541 424
542 182
543 350
544 454
545 333
546 399
547 546
548 160
549 288
550 244
551 390
552 160
553 373
554 351
555 350
556 209
557 285
558 505
559 526
560 543
561 271
562 513
563 459
564 229
565 364
566 327
567 412
568 383
569 403
570 272
571 515
572 248
573 255
574 92
575 371
576 299
577 100
578 350
579 543
580 508
581 136
582 397
583 359
584 287
585 505
586 427
587 318
588 289
589 575
590 433
591 409
592 292
593 419
594 257
595 462
596 259
597 545
598 358
599 193
600 483
601 380
602 166
603 256
604 396
605 498
606 350
607 404
608 475
609 87
610 392
611 147
612 193
613 451
614 160
615 401
616 414
617 195
618 359
619 602
620 619
621 268
622 321
623 89
624 505
625 123
626 498
627 376
628 563
629 400
630 440
631 255
632 216
633 205
634 310
635 563
636 350
637 350
638 368
639 455
640 462
641 81
642 160
643 368
644 81
645 123
646 81
647 632
648 51
649 205
650 444
651 333
652 54
653 80
654 160
655 303
656 205
657 463
658 626
659 268
660 520
661 397
662 113
663 409
664 488
665 570
666 449
667 467
668 635
669 350
670 198
671 530
672 267
673 310
674 654
675 390
676 515
677 599
678 104
679 423
680 503
681 632
682 523
683 679
684 649
685 372
686 485
687 388
688 255
689 467
690 646
691 591
692 534
693 252
694 312
695 59
696 632
697 396
698 574
699 505
700 234
701 255
702 160
703 564
704 369
705 693
706 510
707 488
708 388
709 498
710 231
711 325
712 563
713 597
714 376
715 295
716 708
717 703
718 166
719 376
720 166
721 133
722 336
723 422
724 421
725 537
726 205
727 596
728 467
729 294
730 444
731 376
732 540
733 476
734 478
735 649
736 350
737 571
738 404
739 310
740 345
741 8
742 279
743 175
744 478
745 554
746 465
747 335
748 190
749 420
750 426
751 586
752 174
753 728
754 247
755 449
756 627
757 694
758 607
759 275
760 346
761 352
762 633
763 268
764 425
765 563
766 500
767 205
768 280
769 440
770 332
771 157
772 557
773 219
774 741
775 599
776 509
777 743
778 701
779 136
780 213
781 778
782 453
783 754
784 649
785 4
786 783
787 754
788 237
789 704
790 396
791 703
792 767
793 495
794 175
795 783
796 703
797 288
798 636
799 275
800 262
801 783
802 646
803 602
804 791
805 445
806 451
807 292
808 6
809 316
810 275
811 106
812 783
813 702
814 512
815 781
816 473
817 292
818 263
819 449
820 544
821 395
822 673
823 772
824 675
825 801
826 492
827 681
828 588
829 604
830 512
831 175
832 267
833 205
834 92
835 730
836 742
837 438
838 357
839 550
840 139
841 89
842 718
843 466
844 632
845 205
846 688
847 483
848 757
849 267
850 778
851 544
852 664
853 627
854 796
855 725
856 783
857 837
858 350
859 229
860 31
861 783
862 854
863 839
864 783
865 505
866 363
867 411
868 44
869 505
870 131
871 296
872 439
873 794
874 493
875 614
876 754
877 333
878 841
879 783
880 682
881 812
882 646
883 279
884 554
885 747
886 350
887 490
888 887
889 477
890 676
891 778
892 263
893 505
894 846
895 779
896 512
897 253
898 754
899 403
900 887
901 246
902 753
903 861
904 128
905 755
906 849
907 780
908 310
909 231
910 553
911 887
912 791
913 887
914 310
915 887
916 436
917 825
918 205
919 649
920 267
921 778
922 352
923 649
924 778
925 920
926 470
927 635
928 646
929 301
930 423
931 192
932 887
933 865
934 849
935 816
936 758
937 783
938 928
939 691
940 528
941 35
942 156
943 52
944 221
945 887
946 545
947 600
948 921
949 706
950 216
951 697
952 917
953 861
954 300
955 371
956 887
957 827
958 699
959 887
960 292
961 486
962 756
963 573
964 833
965 783
966 887
967 349
968 181
969 884
970 457
971 797
972 94
973 451
974 52
975 629
976 358
977 570
978 284
979 843
980 86
981 478
982 536
983 817
984 887
985 636
986 498
987 218
988 583
989 864
990 929
991 218
992 322
993 891
994 923
995 674
996 825
997 402
998 206
999 752
1000 505
1001 887
1002 205
1003 741
1004 887
1005 649
1006 648
1007 980
1008 622
1009 778
1010 284
1011 891
1012 358
1013 189
1014 646
1015 297
1016 933
1017 898
1018 170
1019 825
1020 948
1021 663
1022 974
1023 718
1024 744
1025 241
1026 267
1027 850
1028 686
1029 856
1030 965
1031 516
1032 166
1033 8
1034 887
1035 160
1036 444
1037 929
1038 887
1039 383
1040 706
1041 356
1042 720
1043 516
1044 195
1045 310
1046 531
1047 444
1048 350
1049 1032
1050 974
1051 783
1052 578
1053 935
1054 682
1055 887
1056 175
1057 149
1058 664
1059 879
1060 644
1061 1060
1062 160
1063 225
1064 997
1065 143
1066 255
1067 778
1068 1000
1069 143
1070 949
1071 149
1072 529
1073 1011
1074 925
1075 861
1076 778
1077 1005
1078 701
1079 887
1080 831
1081 778
1082 871
1083 123
1084 1000
1085 694
1086 966
1087 8
1088 887
1089 97
1090 300
1091 1002
1092 720
1093 1009
1094 920
1095 1072
1096 924
1097 246
1098 1066
1099 195
1100 783
1101 648
1102 369
1103 940
1104 628
1105 732
1106 208
1107 458
1108 680
1109 1030
1110 1105
1111 81
1112 505
1113 796
1114 936
1115 946
1116 1056
1117 778
1118 1094
1119 690
1120 853
1121 649
1122 723
1123 685
1124 1075
1125 1055
1126 646
1127 714
1128 282
1129 548
1130 269
1131 969
1132 608
1133 970
1134 1019
1135 1061
1136 980
1137 787
1138 830
1139 864
1140 646
1141 310
1142 710
1143 985
1144 887
1145 359
1146 485
1147 635
1148 1086
1149 1052
1150 1091
1151 507
1152 872
1153 1082
1154 951
1155 796
1156 210
1157 1082
1158 1072
1159 727
1160 547
1161 970
1162 362
1163 778
1164 1141
1165 193
1166 698
1167 1148
1168 974
1169 512
1170 632
1171 1082
1172 807
1173 467
1174 1149
1175 959
1176 861
1177 255
1178 963
1179 936
1180 323
1181 1168
1182 746
1183 613
1184 1121
1185 1082
1186 1098
1187 518
1188 761
1189 1154
1190 572
1191 1046
1192 846
1193 538
1194 887
1195 1185
1196 114
1197 778
1198 1055
1199 1066
1200 1082
1201 1072
1202 898
1203 862
1204 952
1205 1082
1206 644
1207 781
1208 1160
1209 905
1210 760
1211 1046
1212 514
1213 873
1214 1199
1215 716
1216 961
1217 1183
1218 270
1219 504
1220 1066
1221 887
1222 887
1223 887
1224 967
1225 127
1226 921
1227 943
1228 713
1229 781
1230 589
1231 887
1232 1229
1233 929
1234 310
1235 1185
1236 470
1237 1000
1238 971
1239 192
1240 1163
1241 1072
1242 859
1243 1232
1244 1077
1245 1066
1246 1069
1247 1096
1248 311
1249 1238
1250 783
1251 815
1252 1186
1253 1240
1254 887
1255 984
1256 1054
1257 406
1258 1224
1259 760
1260 1238
1261 1006
1262 795
1263 783
1264 772
1265 646
1266 499
1267 974
1268 1135
1269 1170
1270 921
1271 267
1272 1108
1273 1240
1274 96
1275 925
1276 255
1277 902
1278 1066
1279 796
1280 498
1281 154
1282 1275
1283 830
1284 725
1285 949
1286 1066
1287 862
1288 1069
1289 91
1290 703
1291 166
1292 754
1293 195
1294 834
1295 255
1296 523
1297 1273
1298 1163
1299 941
1300 1295
1301 1082
1302 969
1303 1079
1304 1007
1305 935
1306 810
1307 1238
1308 320
1309 240
1310 1284
1311 1082
1312 1147
1313 81
1314 1109
1315 999
1316 887
1317 783
1318 149
1319 400
1320 720
1321 829
1322 1205
1323 1263
1324 1310
1325 521
1326 789
1327 791
1328 1082
1329 771
1330 918
1331 1093
1332 850
1333 630
1334 1162
1335 872
1336 1156
1337 314
1338 401
1339 651
1340 324
1341 489
1342 783
1343 1163
1344 286
1345 270
1346 1145
1347 821
1348 648
1349 1213
1350 1035
1351 679
1352 703
1353 527
1354 620
1355 168
1356 970
1357 1311
1358 719
1359 1066
1360 268
1361 598
1362 333
1363 124
1364 621
1365 64
1366 880
1367 987
1368 365
1369 1214
1370 1166
1371 652
1372 688
1373 887
1374 1250
1375 467
1376 1351
1377 1217
1378 535
1379 796
1380 837
1381 311
1382 82
1383 1225
1384 1000
1385 1175
1386 970
1387 333
1388 1066
1389 513
1390 858
1391 1266
1392 1163
1393 139
1394 823
1395 847
1396 783
1397 887
1398 627
1399 1177
1400 868
1401 1072
1402 1289
1403 1238
1404 1394
1405 921
1406 803
1407 501
1408 440
1409 1204
1410 1245
1411 884
1412 809
1413 918
1414 1290
1415 1066
1416 1329
1417 783
1418 350
1419 1238
1420 1082
1421 1304
1422 1089
1423 1082
1424 1136
1425 1290
1426 855
1427 8
1428 1007
1429 81
1430 1224
1431 880
1432 783
1433 980
1434 668
1435 1004
1436 887
1437 761
1438 487
1439 783
1440 887
1441 1185
1442 921
1443 1422
1444 887
1445 887
1446 435
1447 1007
1448 1261
1449 884
1450 1380
1451 925
1452 310
1453 1319
1454 1379
1455 906
1456 705
1457 1066
1458 360
1459 1407
1460 71
1461 754
1462 1407
1463 974
1464 1152
1465 639
1466 1041
1467 1380
1468 754
1469 1000
1470 850
1471 887
1472 267
1473 935
1474 778
1475 979
1476 21
1477 686
1478 1021
1479 1063
1480 1224
1481 817
1482 449
1483 833
1484 193
1485 921
1486 1482
1487 110
1488 560
1489 1082
1490 248
1491 1303
1492 656
1493 1377
1494 524
1495 1304
1496 1423
1497 742
1498 773
1499 1167
1500 927
1501 811
1502 1187
1503 683
1504 1306
1505 1078
1506 709
1507 646
1508 828
1509 1379
1510 925
1511 1021
1512 1412
1513 666
1514 867
1515 1015
1516 1066
1517 1005
1518 1475
1519 555
1520 310
1521 896
1522 825
1523 887
1524 1312
1525 1378
1526 974
1527 909
1528 371
1529 887
1530 610
1531 613
1532 24
1533 1000
1534 1075
1535 783
1536 887
1537 1289
1538 1198
1539 879
1540 865
1541 1460
1542 1301
1543 1287
1544 1315
1545 1304
1546 778
1547 783
1548 1187
1549 889
1550 797
1551 1450
1552 1195
1553 195
1554 1066
1555 793
1556 1304
1557 440
1558 880
1559 738
1560 1337
1561 1140
1562 1516
1563 312
1564 1134
1565 126
1566 507
1567 201
1568 1402
1569 170
1570 1458
1571 1060
1572 1304
1573 1521
1574 275
1575 1238
1576 1307
1577 865
1578 270
1579 268
1580 1372
1581 1324
1582 1046
1583 970
1584 946
1585 1039
1586 1000
1587 1304
1588 1329
1589 1523
1590 1203
1591 340
1592 336
1593 1027
1594 1322
1595 1169
1596 1014
1597 440
1598 1511
1599 512
1600 143
1601 310
1602 315
1603 636
1604 1557
1605 1148
1606 1145
1607 648
1608 970
1609 785
1610 313
1611 748
1612 1195
1613 1199
1614 640
1615 481
1616 1280
1617 813
1618 648
1619 1551
1620 1419
1621 783
1622 275
1623 786
1624 1507
1625 725
1626 1290
1627 1540
1628 1622
1629 929
1630 468
1631 1269
1632 1082
1633 1087
1634 1082
1635 292
1636 1219
1637 790
1638 1464
1639 778
1640 641
1641 1490
1642 1166
1643 1189
1644 309
1645 942
1646 887
1647 1192
1648 435
1649 498
1650 1149
1651 778
1652 947
1653 205
1654 1652
1655 778
1656 896
1657 315
1658 664
1659 1412
1660 1582
1661 1207
1662 255
1663 435
1664 350
1665 704
1666 205
1667 1399
1668 275
1669 193
1670 1551
1671 1543
1672 205
1673 1020
1674 843
1675 1125
1676 1038
1677 1557
1678 970
1679 842
1680 370
1681 1603
1682 820
1683 1082
1684 1332
1685 1637
1686 200
1687 891
1688 938
1689 664
1690 1520
1691 1576
1692 1380
1693 755
1694 1450
1695 319
1696 1319
1697 440
1698 637
1699 1303
1700 897
1701 1238
1702 1464
1703 1074
1704 887
1705 1141
1706 1283
1707 927
1708 470
1709 1581
1710 888
1711 972
1712 311
1713 1000
1714 1566
1715 778
1716 999
1717 1143
1718 312
1719 1323
1720 974
1721 741
1722 1319
1723 297
1724 1082
1725 910
1726 1722
1727 1637
1728 1251
1729 941
1730 1615
1731 788
1732 926
1733 778
1734 1193
1735 649
1736 866
1737 1663
1738 1153
1739 1467
1740 970
1741 1289
1742 1673
1743 1561
1744 843
1745 301
1746 1494
1747 135
1748 1379
1749 1428
1750 880
1751 1748
1752 188
1753 754
1754 1407
1755 1149
1756 854
1757 1409
1758 1493
1759 1341
1760 1245
1761 386
1762 1495
1763 974
1764 974
1765 898
1766 1018
1767 1551
1768 1273
1769 636
1770 1537
1771 1240
1772 1230
1773 1449
1774 1102
1775 1425
1776 1021
1777 1531
1778 1029
1779 887
1780 974
1781 1021
1782 1311
1783 402
1784 1393
1785 1290
1786 843
1787 1165
1788 1417
1789 1743
1790 1731
1791 653
1792 1304
1793 1322
1794 1231
1795 1637
1796 1398
1797 648
1798 778
1799 1035
1800 805
1801 1637
1802 1660
1803 778
1804 1162
1805 469
1806 851
1807 1531
1808 884
1809 1557
1810 783
1811 1531
1812 279
1813 1149
1814 776
1815 889
1816 1653
1817 664
1818 887
1819 1055
1820 783
1821 1637
1822 1748
1823 1339
1824 843
1825 648
1826 1794
1827 1304
1828 616
1829 674
1830 437
1831 1041
1832 1662
1833 1217
1834 1206
1835 498
1836 448
1837 1416
1838 1170
1839 1627
1840 1301
1841 291
1842 1000
1843 553
1844 1079
1845 939
1846 312
1847 974
1848 1393
1849 527
1850 635
1851 1603
1852 1089
1853 1735
1854 896
1855 1056
1856 1311
1857 436
1858 821
1859 655
1860 1073
1861 1280
1862 778
1863 1848
1864 1406
1865 1154
1866 1637
1867 297
1868 715
1869 813
1870 1543
1871 1633
1872 1476
1873 310
1874 1495
1875 971
1876 1349
1877 1418
1878 1210
1879 1066
1880 1017
1881 1601
1882 1583
1883 1496
1884 1195
1885 548
1886 1447
1887 1551
1888 1693
1889 79
1890 505
1891 1101
1892 1548
1893 1147
1894 451
1895 1170
1896 812
1897 1689
1898 1880
1899 1348
1900 1842
1901 662
1902 1082
1903 1495
1904 1006
1905 1024
1906 1805
1907 1632
1908 1690
1909 454
1910 806
1911 403
1912 1633
1913 299
1914 532
1915 945
1916 796
1917 336
1918 793
1919 1725
1920 1543
1921 1035
1922 331
1923 1327
1924 648
1925 1887
1926 887
1927 692
1928 1749
1929 1531
1930 1499
1931 286
1932 1622
1933 1853
1934 1053
1935 512
1936 350
1937 1729
1938 1082
1939 333
1940 1644
1941 498
1942 1152
1943 1637
1944 1810
1945 706
1946 1154
1947 1098
1948 1628
1949 1455
1950 1004
1951 1188
1952 1860
1953 1647
1954 1557
1955 453
1956 1766
1957 1637
1958 1119
1959 1413
1960 1748
1961 1197
1962 1065
1963 175
1964 123
1965 1619
1966 1782
1967 1740
1968 310
1969 1240
1970 574
1971 1472
1972 632
1973 1172
1974 311
1975 1127
1976 1274
1977 978
1978 1156
1979 1417
1980 949
1981 1290
1982 1038
1983 1828
1984 1082
1985 632
1986 283
1987 995
1988 1595
1989 1914
1990 839
1991 1634
1992 435
1993 1519
1994 205
1995 1005
1996 1240
1997 763
1998 884
1999 1022
2000 592
2001 1739
2002 311
2003 1580
2004 1149
2005 723
2006 632
2007 967
2008 380
2009 828
2010 835
2011 78
2012 1837
2013 443
2014 332
2015 1238
2016 1838
2017 556
2018 783
2019 703
2020 1998
2021 969
2022 1046
2023 1182
2024 1170
2025 160
2026 1388
2027 702
2028 849
2029 1368
2030 1551
2031 623
2032 1116
2033 1052
2034 1465
2035 1766
2036 1905
2037 228
2038 1135
2039 1442
2040 1897
2041 1463
2042 1409
2043 1676
2044 1839
2045 1750
2046 1843
2047 884
2048 1825
2049 1197
2050 1187
2051 842
2052 1163
2053 681
2054 1304
2055 471
2056 872
2057 2014
2058 995
2059 1114
2060 818
2061 123
2062 1637
2063 949
2064 1426
2065 897
2066 1454
2067 1186
2068 78
2069 1420
2070 1020
2071 199
2072 439
2073 1187
2074 615
2075 800
2076 1221
2077 891
2078 2076
2079 649
2080 887
2081 1140
2082 934
2083 1905
2084 1637
2085 848
2086 1491
2087 1906
2088 2029
2089 1551
2090 1400
2091 1978
2092 850
2093 1209
2094 1478
2095 1000
2096 993
2097 1448
2098 837
2099 942
2100 350
2101 1998
2102 506
2103 2008
2104 1027
2105 1427
2106 1682
2107 754
2108 848
2109 297
2110 1867
2111 1838
2112 1294
2113 1858
2114 1958
2115 796
2116 1094
2117 1448
2118 1249
2119 2107
2120 2105
2121 1005
2122 1756
2123 1980
2124 1135
2125 542
2126 1844
2127 538
2128 875
2129 2054
2130 1154
2131 1670
2132 2031
2133 2010
2134 310
2135 1665
2136 1902
2137 332
2138 271
2139 1990
2140 918
2141 1000
2142 2105
2143 350
2144 1820
2145 1545
2146 1400
2147 1871
2148 1748
2149 1622
2150 1596
2151 1317
2152 1040
2153 2077
2154 887
2155 2031
2156 1082
2157 865
2158 1764
2159 1995
2160 501
2161 1121
2162 1066
2163 1763
2164 1897
2165 2105
2166 1323
2167 1521
2168 2105
2169 1306
2170 1264
2171 861
2172 2141
2173 1559
2174 887
2175 974
2176 1379
2177 884
2178 1028
2179 2053
2180 1990
2181 124
2182 1982
2183 783
2184 364
2185 798
2186 255
2187 764
2188 1795
2189 81
2190 1769
2191 2105
2192 1166
2193 1380
2194 1023
2195 980
2196 1111
2197 887
2198 2077
2199 2082
2200 925
2201 1727
2202 160
2203 651
2204 1481
2205 1897
2206 482
2207 212
2208 1897
2209 306
2210 778
2211 1150
2212 563
2213 2159
2214 1473
2215 1925
2216 778
2217 894
2218 2105
2219 1937
2220 1066
2221 2198
2222 2105
2223 1021
2224 541
2225 1363
2226 245
2227 1820
2228 1625
2229 2159
2230 460
2231 430
2232 1897
2233 350
2234 1743
2235 2142
2236 577
2237 1400
2238 236
2239 2206
2240 1359
2241 2028
2242 434
2243 559
2244 2178
2245 1980
2246 446
2247 2065
2248 2039
2249 1723
2250 1637
2251 1802
2252 849
2253 123
2254 598
2255 333
2256 1154
2257 846
2258 1251
2259 92
2260 469
2261 1384
2262 310
2263 2019
2264 1021
2265 1929
2266 2234
2267 753
2268 573
2269 1280
2270 1727
2271 638
2272 1998
2273 2105
2274 1989
2275 44
2276 2031
2277 2045
2278 2139
2279 1072
2280 386
2281 1773
2282 1495
2283 1347
2284 1170
2285 1066
2286 1374
2287 2043
2288 754
2289 369
2290 2140
2291 969
2292 1915
2293 1950
2294 2105
2295 1142
2296 1179
2297 1406
2298 2132
2299 2113
2300 1900
2301 2105
2302 2243
2303 2243
2304 1833
2305 1043
2306 1638
2307 719
2308 355
2309 1897
2310 350
2311 1066
2312 1491
2313 1224
2314 1066
2315 2139
2316 543
2317 665
2318 754
2319 2098
2320 1855
2321 1557
2322 2105
2323 1843
2324 350
2325 1524
2326 839
2327 2105
2328 541
2329 2302
2330 156
2331 1576
2332 1843
2333 887
2334 1082
2335 347
2336 1994
2337 757
2338 2251
2339 1410
2340 2264
2341 1450
2342 2324
2343 1905
2344 991
2345 528
2346 1500
2347 887
2348 1402
2349 1247
2350 2077
2351 1980
2352 1754
2353 2064
2354 1288
2355 2058
2356 1025
2357 931
2358 2249
2359 1059
2360 2234
2361 2223
2362 754
2363 952
2364 1904
2365 762
2366 2174
2367 821
2368 2176
2369 1286
2370 711
2371 1833
2372 1815
2373 1692
2374 935
2375 1134
2376 1748
2377 1781
2378 887
2379 2122
2380 1872
2381 1066
2382 1280
2383 747
2384 2277
2385 1937
2386 2286
2387 1268
2388 2099
2389 2102
2390 2136
2391 1709
2392 479
2393 693
2394 2105
2395 1637
2396 312
2397 1147
2398 1005
2399 2340
2400 2397
2401 1628
2402 2382
2403 2375
2404 1732
2405 223
2406 2400
2407 1082
2408 2293
2409 348
2410 1551
2411 918
2412 1623
2413 1704
2414 450
2415 1066
2416 454
2417 2105
2418 663
2419 1196
2420 1838
2421 503
2422 1164
2423 1776
2424 512
2425 62
2426 333
2427 2294
2428 1355
2429 2301
2430 2095
2431 2134
2432 2105
2433 1926
2434 1066
2435 1519
2436 1030
2437 754
2438 1170
2439 1589
2440 1344
2441 1627
2442 362
2443 2333
2444 778
2445 1149
2446 2210
2447 2043
2448 2141
2449 638
2450 511
2451 1855
2452 1301
2453 1306
2454 889
2455 2282
2456 565
2457 1768
2458 1536
2459 778
2460 2214
2461 1737
2462 1322
2463 843
2464 1706
2465 264
2466 974
2467 754
2468 8
2469 182
2470 1300
2471 2013
2472 2221
2473 1637
2474 1766
2475 1637
2476 2251
2477 2282
2478 754
2479 2283
2480 1119
2481 1551
2482 593
2483 1484
2484 978
2485 1478
2486 1286
2487 2118
2488 1353
2489 1225
2490 1000
2491 1426
2492 2235
2493 1454
2494 2333
2495 2137
2496 156
2497 1379
2498 278
2499 778
2500 705
2501 498
2502 350
2503 1767
2504 1263
2505 2364
2506 123
2507 1035
2508 1899
2509 2243
2510 1530
2511 887
2512 2122
2513 2122
2514 1551
2515 2409
2516 740
2517 754
2518 2509
2519 2139
2520 2476
2521 1469
2522 2486
2523 303
2524 1389
2525 1976
2526 911
2527 2021
2528 1565
2529 2062
2530 1304
2531 748
2532 918
2533 2360
2534 1661
2535 1766
2536 1443
2537 735
2538 1546
2539 455
2540 1952
2541 280
2542 129
2543 2105
2544 1346
2545 1551
2546 482
2547 415
2548 940
2549 2187
2550 2171
2551 2187
2552 2406
2553 2533
2554 104
2555 940
2556 1008
2557 1637
2558 2397
2559 2279
2560 2165
2561 1209
2562 1946
2563 2371
2564 2301
2565 636
2566 646
2567 2334
2568 2206
2569 693
2570 645
2571 2021
2572 241
2573 1104
2574 1914
2575 2206
2576 212
2577 887
2578 1049
2579 2558
2580 864
2581 2213
2582 2080
2583 788
2584 1481
2585 627
2586 993
2587 783
2588 2301
2589 2325
2590 2360
2591 2003
2592 1817
2593 2466
2594 1391
2595 1827
2596 796
2597 2098
2598 2444
2599 1535
2600 1408
2601 1072
2602 1334
2603 2506
2604 1481
2605 2005
2606 2526
2607 801
2608 722
2609 1719
2610 936
2611 369
2612 2105
2613 2506
2614 1066
2615 2301
2616 887
2617 1457
2618 1040
2619 2243
2620 2105
2621 2348
2622 1017
2623 766
2624 2293
2625 850
2626 2406
2627 1855
2628 2541
2629 1044
2630 2142
2631 2611
2632 2602
2633 783
2634 1000
2635 1066
2636 242
2637 1507
2638 2103
2639 505
2640 1748
2641 725
2642 2574
2643 2218
2644 1868
2645 2578
2646 2027
2647 2105
2648 887
2649 1997
2650 1853
2651 1774
2652 2142
2653 1490
2654 143
2655 2105
2656 648
2657 355
2658 2292
2659 1636
2660 2141
2661 1993
2662 1675
2663 2308
2664 2064
2665 2540
2666 1327
2667 2559
2668 140
2669 980
2670 498
2671 2660
2672 2333
2673 1376
2674 1031
2675 2071
2676 1551
2677 2080
2678 2123
2679 2122
2680 887
2681 2665
2682 1163
2683 1054
2684 1320
2685 1187
2686 1601
2687 2119
2688 447
2689 2034
2690 1914
2691 2105
2692 1657
2693 1473
2694 2428
2695 2219
2696 1100
2697 607
2698 2629
2699 2334
2700 969
2701 1807
2702 2555
2703 2223
2704 2105
2705 1846
2706 705
2707 778
2708 1082
2709 1066
2710 2004
2711 1826
2712 2334
2713 1525
2714 1735
2715 633
2716 706
2717 2389
2718 96
2719 1246
2720 2107
2721 2139
2722 1286
2723 1672
2724 1436
2725 2206
2726 1920
2727 646
2728 2421
2729 1304
2730 2453
2731 2531
2732 2616
2733 1097
2734 1607
2735 2297
2736 1897
2737 935
2738 2044
2739 840
2740 2629
2741 1154
2742 2550
2743 1642
2744 1286
2745 2122
2746 2531
2747 2136
2748 2397
2749 2271
2750 2187
2751 1238
2752 778
2753 250
2754 778
2755 1680
2756 1759
2757 1139
2758 1869
2759 2620
2760 2547
2761 889
2762 838
2763 2705
2764 2629
2765 609
2766 1900
2767 488
2768 1245
2769 1691
2770 1551
2771 1748
2772 2665
2773 1547
2774 2716
2775 77
2776 2611
2777 2122
2778 1897
2779 588
2780 1637
2781 1190
2782 549
2783 2367
2784 2183
2785 1240
2786 1259
2787 390
2788 2487
2789 2064
2790 682
2791 1047
2792 1402
2793 555
2794 2105
2795 2651
2796 1258
2797 1666
2798 2529
2799 2067
2800 1678
2801 585
2802 762
2803 1907
2804 2122
2805 302
2806 23
2807 1235
2808 1661
2809 1748
2810 780
2811 1624
2812 2399
2813 1036
2814 2334
2815 2224
2816 2666
2817 2105
2818 2206
2819 2180
2820 1304
2821 2711
2822 1301
2823 1748
2824 2558
2825 2716
2826 1611
2827 205
2828 333
2829 1897
2830 365
2831 796
2832 342
2833 2154
2834 833
2835 1000
2836 1533
2837 777
2838 350
2839 2408
2840 2584
2841 1587
2842 741
2843 921
2844 2384
2845 337
2846 1323
2847 1126
2848 1154
2849 2416
2850 2800
2851 2122
2852 485
2853 1654
2854 1637
2855 2100
2856 1240
2857 407
2858 1805
2859 1576
2860 1723
2861 778
2862 386
2863 2313
2864 2568
2865 1301
2866 974
2867 54
2868 268
2869 920
2870 195
2871 2067
2872 2281
2873 1532
2874 1304
2875 1108
2876 1290
2877 2537
2878 974
2879 678
2880 1238
2881 1402
2882 2547
2883 2187
2884 275
2885 892
2886 2750
2887 2105
2888 2139
2889 1941
2890 1853
2891 432
2892 1838
2893 1124
2894 2629
2895 1681
2896 2290
2897 2105
2898 1363
2899 1238
2900 754
2901 844
2902 2333
2903 2286
2904 2463
2905 1187
2906 1304
2907 836
2908 2633
2909 310
2910 1238
2911 1847
2912 2227
2913 94
2914 1572
2915 1228
2916 1117
2917 1974
2918 2506
2919 1148
2920 2543
2921 1825
2922 1983
2923 669
2924 2292
2925 2588
2926 1442
2927 974
2928 2629
2929 350
2930 1046
2931 139
2932 243
2933 517
2934 2478
2935 2620
2936 2330
2937 1551
2938 2141
2939 717
2940 2722
2941 2935
2942 1009
2943 1290
2944 2394
2945 286
2946 2705
2947 1402
2948 1835
2949 2333
2950 1086
2951 1735
2952 2743
2953 1304
2954 2321
2955 2105
2956 843
2957 1897
2958 1806
2959 1082
2960 2659
2961 2206
2962 1343
2963 1210
2964 2687
2965 1238
2966 310
2967 1431
2968 2397
2969 2012
2970 2615
2971 1251
2972 2926
2973 684
2974 912
2975 1664
2976 2872
2977 991
2978 2959
2979 1897
2980 1897
2981 2629
2982 1573
2983 350
2984 2040
2985 391
2986 94
2987 825
2988 741
2989 2432
2990 1576
2991 1950
2992 928
2993 2264
2994 1924
2995 765
2996 1744
2997 498
2998 2608
2999 754
3000 2369
3001 867
3002 1352
3003 2356
3004 2726
3005 1650
3006 2905
3007 891
3008 1849
3009 751
3010 1981
3011 1835
3012 1902
3013 2427
3014 2720
3015 2406
3016 2429
3017 2043
3018 2613
3019 2799
3020 2762
3021 2473
3022 760
3023 1821
3024 2286
3025 375
3026 1551
3027 2325
3028 2107
3029 1327
3030 179
3031 2910
3032 362
3033 2990
3034 1056
3035 1290
3036 1735
3037 1693
3038 92
3039 2624
3040 2292
3041 2105
3042 1526
3043 1819
3044 2958
3045 582
3046 649
3047 1702
3048 2255
3049 1085
3050 2265
3051 2666
3052 2286
3053 2877
3054 2346
3055 2856
3056 1921
3057 2788
3058 1056
3059 1754
3060 1670
3061 1290
3062 252
3063 2795
3064 2122
3065 646
3066 557
3067 1169
3068 843
3069 2982
3070 2211
3071 638
3072 198
3073 2643
3074 2397
3075 2401
3076 2214
3077 1893
3078 1767
3079 1637
3080 1159
3081 1899
3082 2139
3083 1835
3084 974
3085 2613
3086 2638
3087 2843
3088 2301
3089 2568
3090 2569
3091 783
3092 330
3093 1315
3094 1877
3095 797
3096 2384
3097 3035
3098 2466
3099 2105
3100 2946
3101 1853
3102 2449
3103 1966
3104 525
3105 1238
3106 2270
3107 2180
3108 107
3109 2623
3110 2806
3111 2217
3112 1915
3113 712
3114 2122
3115 2095
3116 2073
3117 1140
3118 1271
3119 1929
3120 2629
3121 2122
3122 2636
3123 2022
3124 2520
3125 1637
3126 1980
3127 205
3128 2924
3129 1948
3130 887
3131 333
3132 928
3133 1379
3134 822
3135 3121
3136 2897
3137 1449
3138 1791
3139 935
3140 737
3141 2035
3142 2736
3143 1576
3144 2441
3145 2105
3146 3023
3147 543
3148 389
3149 646
3150 1066
3151 350
3152 2779
3153 795
3154 2470
3155 1170
3156 2706
3157 1653
3158 2916
3159 2105
3160 881
3161 2823
3162 1710
3163 2019
3164 1970
3165 2105
3166 2369
3167 1894
3168 2625
3169 2767
3170 1385
3171 98
3172 778
3173 3167
3174 823
3175 887
3176 2265
3177 1195
3178 566
3179 2538
3180 1543
3181 2854
3182 2698
3183 820
3184 2145
3185 1021
3186 2678
3187 1990
3188 629
3189 1200
3190 1426
3191 1148
3192 2284
3193 2960
3194 1146
3195 2844
3196 1875
3197 2959
3198 2095
3199 2701
3200 175
3201 1659
3202 2837
3203 3151
3204 1163
3205 2552
3206 1756
3207 2629
3208 2239
3209 1907
3210 741
3211 2329
3212 2535
3213 1491
3214 2346
3215 1304
3216 981
3217 1801
3218 449
3219 3203
3220 2149
3221 2105
3222 2917
3223 2048
3224 2105
3225 2711
3226 2311
3227 39
3228 1934
3229 2334
3230 2858
3231 3203
3232 1998
3233 1735
3234 3171
3235 2980
3236 660
3237 2846
3238 402
3239 2956
3240 2780
3241 3146
3242 1843
3243 3136
3244 194
3245 2710
3246 3043
3247 1282
3248 1693
3249 1319
3250 1735
3251 1993
3252 3163
3253 3147
3254 1749
3255 2629
3256 2920
3257 2634
3258 3147
3259 2397
3260 1448
3261 2053
3262 3199
3263 2610
3264 2388
3265 1728
3266 3235
3267 2722
3268 3013
3269 2202
3270 3069
3271 3066
3272 3067
3273 2138
3274 1280
3275 1544
3276 451
3277 2790
3278 2983
3279 1543
3280 1551
3281 1470
3282 2664
3283 3097
3284 1315
3285 2105
3286 2666
3287 1153
3288 1141
3289 3085
3290 832
3291 2878
3292 1432
3293 1290
3294 2206
3295 249
3296 2770
3297 1066
3298 2835
3299 3186
3300 1907
3301 732
3302 754
3303 1905
3304 2858
3305 1520
3306 255
3307 350
3308 2806
3309 2331
3310 2397
3311 2727
3312 1749
3313 207
3314 1831
3315 280
3316 2634
3317 664
3318 2142
3319 1010
3320 2200
3321 3252
3322 2163
3323 2105
3324 808
3325 2
3326 113
3327 2775
3328 122
3329 1466
3330 785
3331 2017
3332 797
3333 1460
3334 128
3335 646
3336 397
3337 2857
3338 1563
3339 2806
3340 27
3341 294
3342 2873
3343 55
3344 161
3345 140
3346 2468
3347 1106
3348 121
3349 1208
3350 361
3351 2932
3352 1003
3353 1071
3354 37
3355 1889
3356 1087
3357 1427
3358 233
3359 590
3360 1033
3361 1978
3362 860
3363 489
3364 727
3365 10
3366 503
3367 11
3368 18
3369 184
3370 2853
3371 3072
3372 177
3373 1476
3374 21
3375 48
3376 93
3377 885
3378 1686
3379 2516
3380 148
3381 1986
3382 2236
3383 1583
3384 2071
3385 587
3386 1299
3387 1371
3388 1498
3389 3276
3390 75
3391 968
3392 839
3393 3227
3394 68
3395 387
3396 289
3397 344
3398 44
3399 2230
3400 868
3401 2542
3402 160
3403 523
3404 410
3405 1393
3406 1340
3407 3148
3408 50
3409 108
3410 2275
3411 89
3412 325
3413 2425
3414 51
3415 1013
3416 297
3417 88
3418 1426
3419 2011
3420 603
3421 1891
3422 1050
3423 1227
3424 54
3425 2867
3426 980
3427 836
3428 57
3429 58
3430 724
3431 65
3432 695
3433 409
3434 1365
3435 64
3436 65
3437 2246
3438 147
3439 73
3440 381
3441 464
3442 66
3443 2498
3444 1107
3445 2280
3446 70
3447 700
3448 563
3449 428
3450 1716
3451 80
3452 2068
3453 653
3454 976
3455 2037
3456 2986
3457 216
3458 2065
3459 2465
3460 1111
3461 1123
3462 2628
3463 3188
3464 114
3465 1487
3466 3025
3467 81
3468 721
3469 2544
3470 377
3471 81
3472 1313
3473 870
3474 2469
3475 227
3476 1473
3477 2189
3478 97
3479 442
3480 1940
3481 1429
3482 81
3483 1640
3484 1741
3485 2060
3486 1382
3487 1268
3488 2879
3489 81
3490 81
3491 3171
3492 220
3493 81
3494 172
3495 1281
3496 308
3497 329
3498 293
3499 81
3500 1010
3501 2765
3502 87
3503 89
3504 89
3505 878
3506 3108
3507 2132
3508 2528
3509 1180
3510 89
3511 3295
3512 456
3513 1836
3514 594
3515 443
3516 834
3517 3038
3518 569
3519 494
3520 2259
3521 1166
3522 2075
3523 92
3524 92
3525 92
3526 2913
3527 1711
3528 95
3529 1274
3530 2718
3531 1852
3532 2531
3533 1579
3534 104
3535 2554
3536 415
3537 1555
3538 104
3539 2805
3540 496
3541 366
3542 405
3543 805
3544 1501
3545 2328
3546 109
3547 703
3548 2450
3549 1404
3550 385
3551 662
3552 113
3553 113
3554 117
3555 261
3556 3244
3557 1591
3558 143
3559 2419
3560 114
3561 3086
3562 145
3563 114
3564 114
3565 1569
3566 186
3567 2623
3568 901
3569 2496
3570 2644
3571 122
3572 367
3573 907
3574 567
3575 1083
3576 2613
3577 2061
3578 2088
3579 123
3580 625
3581 247
3582 3178
3583 2253
3584 2570
3585 1964
3586 275
3587 507
3588 231
3589 1747
3590 586
3591 124
3592 1280
3593 1363
3594 417
3595 124
3596 1615
3597 124
3598 2181
3599 581
3600 126
3601 141
3602 127
3603 576
3604 1383
3605 128
3606 1752
3607 128
3608 904
3609 954
3610 218
3611 430
3612 134
3613 134
3614 497
3615 239
3616 895
3617 379
3618 175
3619 2739
3620 2931
3621 617
3622 2668
3623 2933
3624 1567
3625 142
3626 1065
3627 2654
3628 1600
3629 143
3630 431
3631 339
3632 1069
3633 238
3634 224
3635 143
3636 611
3637 183
3638 1318
3639 326
3640 149
3641 1057
3642 393
3643 153
3644 153
3645 292
3646 266
3647 154
3648 1736
3649 2330
3650 2099
3651 245
3652 157
3653 157
3654 1416
3655 158
3656 160
3657 354
3658 1129
3659 1035
3660 3269
3661 2755
3662 1987
3663 552
3664 160
3665 160
3666 2025
3667 160
3668 1062
3669 1869
3670 2128
3671 642
3672 3071
3673 619
3674 166
3675 1032
3676 166
3677 1291
3678 398
3679 2194
3680 166
3681 720
3682 461
3683 916
3684 1355
3685 2074
3686 2474
3687 1381
3688 175
3689 267
3690 175
3691 1855
3692 1479
3693 1963
3694 3030
3695 175
3696 2405
3697 1080
3698 3202
3699 175
3700 1349
3701 1519
3702 175
3703 2238
3704 175
3705 2207
3706 533
3707 187
3708 3200
3709 204
3710 177
3711 584
3712 382
3713 1975
3714 178
3715 179
3716 2960
3717 252
3718 205
3719 343
3720 890
3721 1669
3722 182
3723 2125
3724 184
3725 449
3726 1746
3727 3238
3728 1239
3729 192
3730 931
3731 192
3732 2849
3733 612
3734 360
3735 2483
3736 2335
3737 378
3738 1787
3739 193
3740 775
3741 867
3742 2870
3743 195
3744 2629
3745 1553
3746 1293
3747 3201
3748 1099
3749 3122
3750 670
3751 1931
3752 199
3753 2753
3754 465
3755 205
3756 206
3757 845
3758 205
3759 2797
3760 1737
3761 2572
3762 1492
3763 2336
3764 1216
3765 1309
3766 1672
3767 2827
3768 1257
3769 205
3770 3157
3771 918
3772 767
3773 205
3774 649
3775 205
3776 762
3777 2389
3778 205
3779 205
3780 2985
3781 3070
3782 3127
3783 441
3784 726
3785 833
3786 281
3787 1308
3788 998
3789 206
3790 3313
3791 208
3792 217
3793 1989
3794 212
3795 2576
3796 1375
3797 1972
3798 216
3799 1008
3800 2891
3801 950
3802 2344
3803 1367
3804 220
3805 944
3806 221
3807 1210
3808 1242
3809 317
3810 977
3811 1142
3812 1527
3813 1841
3814 231
3815 1438
3816 2583
3817 238
3818 1630
3819 2791
3820 1922
3821 1025
3822 241
3823 2226
3824 2733
3825 246
3826 248
3827 3028
3828 1641
3829 277
3830 1190
3831 3090
3832 252
3833 252
3834 874
3835 2184
3836 252
3837 252
3838 252
3839 3062
3840 255
3841 255
3842 688
3843 631
3844 1066
3845 255
3846 3306
3847 1667
3848 255
3849 1295
3850 1695
3851 2268
3852 1832
3853 341
3854 701
3855 1276
3856 255
3857 388
3858 2186
3859 255
3860 262
3861 892
3862 267
3863 1949
3864 267
3865 3118
3866 3290
3867 267
3868 276
3869 920
3870 512
3871 2832
3872 267
3873 267
3874 1472
3875 672
3876 1026
3877 1360
3878 408
3879 1364
3880 268
3881 2868
3882 1387
3883 763
3884 659
3885 2523
3886 1130
3887 269
3888 1578
3889 1345
3890 1218
3891 871
3892 561
3893 3273
3894 992
3895 2453
3896 275
3897 275
3898 1622
3899 1668
3900 275
3901 338
3902 857
3903 275
3904 2884
3905 2966
3906 275
3907 275
3908 275
3909 1574
3910 275
3911 799
3912 759
3913 275
3914 539
3915 279
3916 1812
3917 883
3918 279
3919 768
3920 3315
3921 1128
3922 978
3923 284
3924 2440
3925 2945
3926 2782
3927 588
3928 2057
3929 292
3930 2242
3931 983
3932 960
3933 2000
3934 292
3935 1635
3936 1973
3937 292
3938 1430
3939 729
3940 294
3941 3169
3942 297
3943 1515
3944 2109
3945 1723
3946 2110
3947 1697
3948 297
3949 298
3950 1913
3951 299
3952 2605
3953 299
3954 1090
3955 301
3956 301
3957 1592
3958 1745
3959 929
3960 302
3961 302
3962 302
3963 302
3964 303
3965 1859
3966 2209
3967 2515
3968 308
3969 1968
3970 634
3971 1732
3972 1908
3973 2686
3974 310
3975 1927
3976 914
3977 2262
3978 1045
3979 395
3980 310
3981 310
3982 310
3983 1942
3984 469
3985 2909
3986 1452
3987 660
3988 908
3989 822
3990 1234
3991 1141
3992 1873
3993 739
3994 2134
3995 311
3996 2002
3997 1248
3998 1974
3999 1712
4000 312
4001 312
4002 1718
4003 2845
4004 2396
4005 1085
4006 2705
4007 1610
4008 1560
4009 1602
4010 1657
4011 323
4012 482
4013 323
4014 522
4015 323
4016 396
4017 2370
4018 326
4019 330
4020 2688
4021 2055
4022 3092
4023 2482
4024 332
4025 922
4026 332
4027 770
4028 2495
4029 333
4030 333
4031 1939
4032 333
4033 2187
4034 1362
4035 357
4036 333
4037 333
4038 1814
4039 877
4040 2828
4041 2426
4042 472
4043 2135
4044 946
4045 3131
4046 333
4047 2279
4048 333
4049 333
4050 2255
4051 1823
4052 333
4053 2243
4054 336
4055 336
4056 722
4057 843
4058 1917
4059 1503
4060 336
4061 336
4062 336
4063 478
4064 606
4065 350
4066 2233
4067 2923
4068 2502
4069 350
4070 1390
4071 1378
4072 2143
4073 429
4074 2929
4075 350
4076 2838
4077 1191
4078 2100
4079 1048
4080 2033
4081 1549
4082 350
4083 886
4084 1132
4085 1585
4086 3151
4087 350
4088 1418
4089 518
4090 3147
4091 657
4092 2310
4093 1043
4094 350
4095 350
4096 350
4097 1698
4098 491
4099 580
4100 2342
4101 350
4102 350
4103 1936
4104 1717
4105 2983
4106 551
4107 745
4108 350
4109 1664
4110 3307
4111 610
4112 3032
4113 350
4114 736
4115 352
4116 1188
4117 2657
4118 2663
4119 357
4120 357
4121 838
4122 732
4123 357
4124 1012
4125 598
4126 618
4127 359
4128 513
4129 988
4130 1570
4131 2632
4132 2442
4133 479
4134 2456
4135 2830
4136 365
4137 595
4138 485
4139 367
4140 367
4141 643
4142 3104
4143 1102
4144 2611
4145 2289
4146 955
4147 1528
4148 575
4149 490
4150 749
4151 1919
4152 373
4153 1796
4154 719
4155 731
4156 376
4157 379
4158 379
4159 1955
4160 982
4161 380
4162 699
4163 601
4164 568
4165 2862
4166 1761
4167 687
4168 388
4169 1215
4170 2787
4171 390
4172 675
4173 390
4174 2299
4175 951
4176 396
4177 1321
4178 1637
4179 3045
4180 661
4181 1726
4182 400
4183 401
4184 1338
4185 1783
4186 402
4187 1064
4188 402
4189 402
4190 403
4191 403
4192 1911
4193 403
4194 899
4195 1559
4196 1212
4197 2414
4198 492
4199 2697
4200 405
4201 406
4202 406
4203 409
4204 733
4205 939
4206 1598
4207 410
4208 410
4209 519
4210 412
4211 1828
4212 2547
4213 418
4214 418
4215 420
4216 452
4217 422
4218 422
4219 930
4220 425
4221 750
4222 426
4223 428
4224 428
4225 484
4226 2231
4227 430
4228 434
4229 1648
4230 1992
4231 435
4232 1446
4233 436
4234 1857
4235 436
4236 1830
4237 437
4238 2072
4239 2600
4240 1597
4241 769
4242 630
4243 1557
4244 442
4245 2013
4246 444
4247 2813
4248 650
4249 2133
4250 446
4251 819
4252 3218
4253 1513
4254 755
4255 1482
4256 613
4257 451
4258 1910
4259 973
4260 3173
4261 782
4262 454
4263 1909
4264 2958
4265 454
4266 671
4267 639
4268 455
4269 455
4270 455
4271 2539
4272 456
4273 458
4274 459
4275 2488
4276 462
4277 1614
4278 2023
4279 466
4280 1173
4281 667
4282 467
4283 689
4284 1325
4285 1277
4286 502
4287 467
4288 467
4289 2260
4290 469
4291 469
4292 528
4293 1805
4294 1236
4295 1708
4296 472
4297 474
4298 478
4299 734
4300 3216
4301 3303
4302 2392
4303 480
4304 479
4305 479
4306 2546
4307 2818
4308 482
4309 1395
4310 3194
4311 485
4312 2178
4313 2852
4314 488
4315 488
4316 1658
4317 488
4318 707
4319 1759
4320 489
4321 887
4322 826
4323 496
4324 1462
4325 498
4326 498
4327 1649
4328 498
4329 2889
4330 986
4331 498
4332 498
4333 1506
4334 605
4335 2501
4336 3011
4337 2670
4338 626
4339 706
4340 2997
4341 2594
4342 499
4343 501
4344 2160
4345 2421
4346 2875
4347 865
4348 893
4349 1000
4350 1890
4351 505
4352 505
4353 558
4354 2639
4355 505
4356 505
4357 1193
4358 2801
4359 869
4360 1112
4361 624
4362 507
4363 1566
4364 507
4365 1151
4366 3067
4367 2424
4368 1599
4369 512
4370 814
4371 512
4372 512
4373 1935
4374 512
4375 1656
4376 512
4377 1138
4378 513
4379 2524
4380 562
4381 513
4382 3140
4383 2674
4384 516
4385 1892
4386 519
4387 522
4388 523
4389 682
4390 523
4391 1296
4392 3008
4393 2345
4394 940
4395 528
4396 529
4397 538
4398 2127
4399 541
4400 2815
4401 542
4402 1488
4403 579
4404 2316
4405 3183
4406 2915
4407 545
4408 1885
4409 550
4410 551
4411 552
4412 553
4413 1843
4414 553
4415 1808
4416 2793
4417 555
4418 555
4419 3271
4420 2573
4421 2212
4422 3113
4423 563
4424 635
4425 2995
4426 564
4427 568
4428 2317
4429 963
4430 1970
4431 574
4432 574
4433 1772
4434 575
4435 582
4436 582
4437 582
4438 582
4439 585
4440 3009
4441 1508
4442 2779
4443 592
4444 593
4445 594
4446 596
4447 598
4448 598
4449 1361
4450 598
4451 598
4452 598
4453 2254
4454 677
4455 2735
4456 605
4457 1179
4458 609
4459 2510
4460 610
4461 611
4462 611
4463 611
4464 611
4465 612
4466 1811
4467 613
4468 1217
4469 613
4470 1354
4471 619
4472 622
4473 624
4474 624
4475 624
4476 658
4477 626
4478 2585
4479 627
4480 962
4481 1120
4482 975
4483 629
4484 629
4485 630
4486 1333
4487 631
4488 632
4489 1170
4490 2006
4491 632
4492 632
4493 632
4494 957
4495 2901
4496 696
4497 1985
4498 647
4499 632
4500 633
4501 2715
4502 1850
4503 927
4504 1434
4505 2397
4506 635
4507 635
4508 2190
4509 1681
4510 636
4511 636
4512 636
4513 636
4514 2185
4515 636
4516 2565
4517 638
4518 2749
4519 3102
4520 2689
4521 640
4522 643
4523 643
4524 643
4525 1834
4526 644
4527 646
4528 646
4529 3149
4530 2566
4531 646
4532 646
4533 1265
4534 882
4535 2727
4536 1140
4537 646
4538 1126
4539 1507
4540 2992
4541 646
4542 646
4543 802
4544 2150
4545 2480
4546 3065
4547 648
4548 648
4549 2921
4550 648
4551 648
4552 648
4553 648
4554 1797
4555 648
4556 648
4557 1618
4558 648
4559 1607
4560 648
4561 2656
4562 1006
4563 2994
4564 1899
4565 1735
4566 2161
4567 2973
4568 649
4569 923
4570 3046
4571 919
4572 2877
4573 1517
4574 784
4575 2079
4576 2203
4577 651
4578 1791
4579 655
4580 657
4581 3236
4582 660
4583 660
4584 661
4585 661
4586 661
4587 661
4588 661
4589 1901
4590 2418
4591 852
4592 664
4593 664
4594 1897
4595 664
4596 664
4597 1058
4598 664
4599 1817
4600 3317
4601 668
4602 1829
4603 824
4604 676
4605 679
4606 1351
4607 680
4608 2053
4609 682
4610 682
4611 682
4612 682
4613 2683
4614 682
4615 682
4616 1750
4617 3277
4618 1477
4619 1372
4620 1953
4621 693
4622 2393
4623 2500
4624 2337
4625 958
4626 1505
4627 2754
4628 702
4629 2646
4630 1923
4631 703
4632 703
4633 703
4634 2263
4635 703
4636 2831
4637 1981
4638 717
4639 1352
4640 703
4641 704
4642 1326
4643 704
4644 704
4645 2706
4646 1456
4647 706
4648 2716
4649 2618
4650 706
4651 706
4652 706
4653 1945
4654 949
4655 2939
4656 717
4657 2051
4658 719
4659 2307
4660 719
4661 1358
4662 719
4663 720
4664 720
4665 720
4666 720
4667 720
4668 1092
4669 720
4670 1042
4671 720
4672 2684
4673 720
4674 721
4675 721
4676 722
4677 2998
4678 722
4679 722
4680 722
4681 722
4682 723
4683 1122
4684 725
4685 2228
4686 725
4687 2641
4688 725
4689 725
4690 725
4691 725
4692 725
4693 1324
4694 726
4695 3080
4696 731
4697 732
4698 732
4699 1105
4700 732
4701 3301
4702 2842
4703 741
4704 3210
4705 774
4706 1721
4707 2988
4708 742
4709 1497
4710 747
4711 2383
4712 747
4713 2826
4714 2267
4715 754
4716 2318
4717 754
4718 754
4719 2999
4720 754
4721 2288
4722 754
4723 754
4724 754
4725 754
4726 754
4727 754
4728 2478
4729 754
4730 2362
4731 754
4732 754
4733 1753
4734 754
4735 754
4736 754
4737 754
4738 754
4739 754
4740 2467
4741 754
4742 754
4743 2900
4744 1137
4745 754
4746 876
4747 783
4748 2517
4749 754
4750 754
4751 2437
4752 3302
4753 1468
4754 1292
4755 754
4756 898
4757 1461
4758 1209
4759 1693
4760 756
4761 2085
4762 760
4763 3022
4764 1259
4765 1437
4766 2802
4767 2365
4768 2649
4769 764
4770 792
4771 2170
4772 774
4773 774
4774 774
4775 778
4776 778
4777 778
4778 1020
4779 778
4780 778
4781 778
4782 1715
4783 778
4784 1733
4785 1331
4786 2446
4787 2216
4788 778
4789 2444
4790 778
4791 778
4792 1067
4793 778
4794 778
4795 1651
4796 2752
4797 778
4798 2499
4799 778
4800 2861
4801 778
4802 1474
4803 3172
4804 778
4805 778
4806 778
4807 778
4808 778
4809 778
4810 1081
4811 778
4812 1798
4813 2258
4814 2707
4815 778
4816 778
4817 778
4818 1803
4819 778
4820 778
4821 1076
4822 1639
4823 778
4824 1961
4825 778
4826 778
4827 891
4828 778
4829 1862
4830 778
4831 2459
4832 1655
4833 924
4834 778
4835 2962
4836 778
4837 778
4838 778
4839 1684
4840 778
4841 778
4842 1546
4843 1117
4844 2810
4845 781
4846 1243
4847 1207
4848 782
4849 825
4850 965
4851 1417
4852 2018
4853 783
4854 783
4855 783
4856 1896
4857 937
4858 783
4859 783
4860 783
4861 783
4862 783
4863 2784
4864 783
4865 783
4866 783
4867 1051
4868 783
4869 864
4870 1342
4871 783
4872 783
4873 783
4874 783
4875 786
4876 2587
4877 783
4878 2696
4879 783
4880 783
4881 1317
4882 1059
4883 783
4884 783
4885 2912
4886 783
4887 783
4888 1323
4889 3024
4890 1944
4891 783
4892 783
4893 783
4894 861
4895 1396
4896 783
4897 783
4898 1439
4899 783
4900 2633
4901 1262
4902 783
4903 1029
4904 1432
4905 2599
4906 1621
4907 3091
4908 2773
4909 783
4910 785
4911 1609
4912 785
4913 2412
4914 787
4915 788
4916 788
4917 1731
4918 788
4919 788
4920 789
4921 912
4922 804
4923 792
4924 1918
4925 793
4926 3153
4927 795
4928 796
4929 796
4930 1113
4931 2115
4932 2596
4933 796
4934 1155
4935 796
4936 1916
4937 1748
4938 796
4939 2513
4940 1279
4941 796
4942 797
4943 797
4944 797
4945 797
4946 797
4947 3095
4948 797
4949 1550
4950 3196
4951 797
4952 798
4953 2607
4954 802
4955 803
4956 805
4957 1800
4958 805
4959 806
4960 809
4961 811
4962 3160
4963 812
4964 812
4965 813
4966 1617
4967 2604
4968 820
4969 1682
4970 1347
4971 821
4972 2783
4973 3134
4974 3174
4975 823
4976 1409
4977 2987
4978 996
4979 825
4980 2403
4981 1522
4982 827
4983 827
4984 2009
4985 828
4986 2464
4987 964
4988 833
4989 2834
4990 1483
4991 2112
4992 2907
4993 837
4994 1380
4995 2597
4996 837
4997 837
4998 2762
4999 2180
5000 839
5001 2326
5002 839
5003 863
5004 842
5005 1679
5006 843
5007 3239
5008 843
5009 843
5010 1786
5011 3068
5012 843
5013 843
5014 979
5015 2463
5016 1744
5017 843
5018 1674
5019 1824
5020 843
5021 3111
5022 846
5023 2257
5024 2108
5025 848
5026 2252
5027 849
5028 849
5029 934
5030 849
5031 849
5032 2241
5033 849
5034 849
5035 2092
5036 850
5037 3168
5038 3281
5039 850
5040 850
5041 1593
5042 1543
5043 861
5044 2742
5045 953
5046 861
5047 1176
5048 861
5049 861
5050 903
5051 861
5052 1075
5053 1203
5054 863
5055 864
5056 989
5057 864
5058 2580
5059 1139
5060 933
5061 2157
5062 2441
5063 865
5064 865
5065 1577
5066 866
5067 1514
5068 867
5069 867
5070 3001
5071 868
5072 868
5073 1400
5074 2156
5075 872
5076 1335
5077 2056
5078 872
5079 872
5080 875
5081 875
5082 878
5083 878
5084 1539
5085 879
5086 879
5087 880
5088 1431
5089 1558
5090 1366
5091 880
5092 880
5093 1411
5094 3137
5095 2047
5096 884
5097 2291
5098 2177
5099 1998
5100 884
5101 887
5102 887
5103 1001
5104 887
5105 1194
5106 887
5107 887
5108 887
5109 1088
5110 2680
5111 887
5112 1055
5113 1385
5114 887
5115 887
5116 2433
5117 887
5118 887
5119 1004
5120 887
5121 887
5122 887
5123 887
5124 1222
5125 887
5126 887
5127 1471
5128 887
5129 887
5130 1254
5131 1436
5132 887
5133 2511
5134 887
5135 887
5136 887
5137 887
5138 956
5139 887
5140 2577
5141 1529
5142 932
5143 1440
5144 887
5145 887
5146 1397
5147 1445
5148 887
5149 887
5150 887
5151 984
5152 3175
5153 2378
5154 1536
5155 887
5156 1034
5157 1144
5158 887
5159 887
5160 1699
5161 887
5162 1444
5163 3162
5164 2677
5165 887
5166 887
5167 2732
5168 887
5169 887
5170 3130
5171 887
5172 1779
5173 887
5174 887
5175 887
5176 2333
5177 915
5178 2648
5179 887
5180 887
5181 1221
5182 887
5183 887
5184 1818
5185 2950
5186 1704
5187 887
5188 887
5189 887
5190 2197
5191 887
5192 887
5193 2833
5194 1373
5195 2526
5196 2174
5197 1646
5198 945
5199 2182
5200 2347
5201 1589
5202 1223
5203 887
5204 3225
5205 1316
5206 900
5207 887
5208 913
5209 887
5210 887
5211 2454
5212 2761
5213 1815
5214 889
5215 889
5216 889
5217 889
5218 889
5219 889
5220 889
5221 1011
5222 3007
5223 2077
5224 2586
5225 891
5226 891
5227 1687
5228 891
5229 892
5230 2885
5231 893
5232 2167
5233 1854
5234 896
5235 896
5236 1700
5237 1765
5238 1017
5239 1202
5240 899
5241 900
5242 901
5243 906
5244 2974
5245 914
5246 2411
5247 1413
5248 1330
5249 918
5250 918
5251 2532
5252 2896
5253 918
5254 1275
5255 920
5256 2116
5257 2869
5258 920
5259 921
5260 1442
5261 921
5262 3087
5263 921
5264 1226
5265 1270
5266 1485
5267 1405
5268 994
5269 924
5270 2349
5271 925
5272 925
5273 925
5274 925
5275 925
5276 1451
5277 1510
5278 3320
5279 1703
5280 925
5281 1707
5282 1500
5283 927
5284 928
5285 3132
5286 928
5287 1688
5288 929
5289 929
5290 929
5291 1629
5292 1037
5293 990
5294 929
5295 1233
5296 929
5297 2357
5298 1016
5299 2082
5300 935
5301 935
5302 935
5303 1305
5304 2737
5305 935
5306 935
5307 935
5308 3139
5309 1934
5310 935
5311 2374
5312 1114
5313 2610
5314 936
5315 937
5316 937
5317 1845
5318 2555
5319 2548
5320 940
5321 940
5322 1103
5323 940
5324 1729
5325 942
5326 1645
5327 942
5328 945
5329 945
5330 945
5331 1915
5332 1115
5333 1584
5334 949
5335 949
5336 949
5337 1285
5338 1070
5339 2123
5340 949
5341 949
5342 949
5343 2063
5344 949
5345 949
5346 1154
5347 951
5348 952
5349 2363
5350 953
5351 953
5352 953
5353 958
5354 963
5355 1178
5356 1314
5357 965
5358 966
5359 967
5360 2007
5361 969
5362 1302
5363 969
5364 969
5365 969
5366 1131
5367 969
5368 2700
5369 2527
5370 969
5371 1386
5372 1356
5373 970
5374 970
5375 1608
5376 970
5377 970
5378 1161
5379 970
5380 970
5381 970
5382 970
5383 1967
5384 970
5385 970
5386 1133
5387 2800
5388 970
5389 1249
5390 971
5391 3322
5392 974
5393 1463
5394 974
5395 974
5396 974
5397 3084
5398 1168
5399 974
5400 3042
5401 2866
5402 1720
5403 974
5404 974
5405 974
5406 974
5407 2593
5408 974
5409 974
5410 974
5411 1267
5412 974
5413 2927
5414 974
5415 974
5416 974
5417 974
5418 1780
5419 974
5420 974
5421 974
5422 1764
5423 974
5424 974
5425 974
5426 974
5427 974
5428 1999
5429 974
5430 974
5431 2911
5432 2175
5433 3291
5434 974
5435 975
5436 976
5437 977
5438 977
5439 2484
5440 1977
5441 1475
5442 2669
5443 980
5444 980
5445 1424
5446 980
5447 980
5448 980
5449 1007
5450 980
5451 2195
5452 980
5453 1433
5454 982
5455 1255
5456 988
5457 990
5458 2977
5459 992
5460 2096
5461 995
5462 2355
5463 1315
5464 999
5465 999
5466 1084
5467 3316
5468 1237
5469 1068
5470 2141
5471 1000
5472 1586
5473 1000
5474 1533
5475 1000
5476 2095
5477 1384
5478 1000
5479 1000
5480 2490
5481 1000
5482 1000
5483 1713
5484 1000
5485 1842
5486 2521
5487 3298
5488 1000
5489 1001
5490 1001
5491 1001
5492 2293
5493 1435
5494 1004
5495 2121
5496 1005
5497 1995
5498 1005
5499 1005
5500 1005
5501 1005
5502 1005
5503 2398
5504 1005
5505 1005
5506 1005
5507 1244
5508 1005
5509 1448
5510 1904
5511 3254
5512 2906
5513 1007
5514 1447
5515 1007
5516 1007
5517 1007
5518 2556
5519 2942
5520 1010
5521 3319
5522 1952
5523 1012
5524 1017
5525 2622
5526 1898
5527 1017
5528 1017
5529 1017
5530 1017
5531 1017
5532 1017
5533 1017
5534 1018
5535 2070
5536 1742
5537 1021
5538 1021
5539 1021
5540 2423
5541 1021
5542 1021
5543 2264
5544 1021
5545 1478
5546 3185
5547 1021
5548 1021
5549 1781
5550 2223
5551 1022
5552 2356
5553 1025
5554 1025
5555 2104
5556 1028
5557 1029
5558 1778
5559 1029
5560 1029
5561 1030
5562 1030
5563 2436
5564 1030
5565 2645
5566 1033
5567 2507
5568 1350
5569 1799
5570 3056
5571 1035
5572 1035
5573 1035
5574 1036
5575 1036
5576 1038
5577 1038
5578 2043
5579 1040
5580 1040
5581 2152
5582 3314
5583 1043
5584 1043
5585 1043
5586 1043
5587 2305
5588 1045
5589 3123
5590 1211
5591 1046
5592 2930
5593 1046
5594 1660
5595 1046
5596 1047
5597 1048
5598 1051
5599 1149
5600 1054
5601 1256
5602 1055
5603 1055
5604 1538
5605 1055
5606 1055
5607 1125
5608 1055
5609 1819
5610 2032
5611 3034
5612 1056
5613 3058
5614 1056
5615 1057
5616 2359
5617 1060
5618 1571
5619 1064
5620 1065
5621 1962
5622 1245
5623 1879
5624 1066
5625 2285
5626 1066
5627 2162
5628 1066
5629 1066
5630 1066
5631 1554
5632 2434
5633 2026
5634 2415
5635 1415
5636 1516
5637 1220
5638 2381
5639 2240
5640 1066
5641 1066
5642 1199
5643 1278
5644 2617
5645 3297
5646 1066
5647 1066
5648 2220
5649 2614
5650 1066
5651 3150
5652 1947
5653 1066
5654 1066
5655 3226
5656 2709
5657 1066
5658 2314
5659 1066
5660 1066
5661 1066
5662 1066
5663 2635
5664 1066
5665 1286
5666 1066
5667 1066
5668 1066
5669 1066
5670 2354
5671 2719
5672 1070
5673 1401
5674 1201
5675 1095
5676 1072
5677 1241
5678 2601
5679 1158
5680 1072
5681 1072
5682 1075
5683 1075
5684 1075
5685 1534
5686 1075
5687 2893
5688 1077
5689 1079
5690 1079
5691 1844
5692 1082
5693 1082
5694 2978
5695 1938
5696 1082
5697 1082
5698 1082
5699 1489
5700 1082
5701 1991
5702 1082
5703 1984
5704 1683
5705 1738
5706 1082
5707 1082
5708 3189
5709 2069
5710 1902
5711 1632
5712 1171
5713 1082
5714 2708
5715 1328
5716 1357
5717 1793
5718 1301
5719 1423
5720 1082
5721 1157
5722 1185
5723 1724
5724 1082
5725 3229
5726 1082
5727 1082
5728 2407
5729 3049
5730 1148
5731 1633
5732 1443
5733 1089
5734 1091
5735 1091
5736 1094
5737 1118
5738 1186
5739 1098
5740 1098
5741 1101
5742 1774
5743 1103
5744 1110
5745 1105
5746 1105
5747 1272
5748 1109
5749 2196
5750 1112
5751 1113
5752 1113
5753 2059
5754 1116
5755 1116
5756 1116
5757 3158
5758 1118
5759 2114
5760 1119
5761 1121
5762 1184
5763 1122
5764 2662
5765 1126
5766 2847
5767 1126
5768 1127
5769 1127
5770 1129
5771 1132
5772 1134
5773 1134
5774 1134
5775 1564
5776 1134
5777 2124
5778 1135
5779 2038
5780 2757
5781 1561
5782 2081
5783 3117
5784 1141
5785 1141
5786 1141
5787 1141
5788 1705
5789 2422
5790 1141
5791 1141
5792 1141
5793 3288
5794 2295
5795 1142
5796 1606
5797 1146
5798 1147
5799 3077
5800 1524
5801 3191
5802 2919
5803 1605
5804 1930
5805 1149
5806 1149
5807 1149
5808 3245
5809 2445
5810 1813
5811 1149
5812 1755
5813 1174
5814 1149
5815 3005
5816 1150
5817 1152
5818 3047
5819 1152
5820 3287
5821 2741
5822 2130
5823 2256
5824 2848
5825 1154
5826 1946
5827 1865
5828 1189
5829 1336
5830 1157
5831 1804
5832 2682
5833 1163
5834 1163
5835 1163
5836 1163
5837 1163
5838 1163
5839 1163
5840 2052
5841 3204
5842 1392
5843 1163
5844 1298
5845 1163
5846 1240
5847 1165
5848 2192
5849 1370
5850 1166
5851 1166
5852 1166
5853 2743
5854 1167
5855 1181
5856 1988
5857 1631
5858 2438
5859 1170
5860 3155
5861 1895
5862 1170
5863 1170
5864 1170
5865 1838
5866 2024
5867 2284
5868 1170
5869 1171
5870 1173
5871 1174
5872 2296
5873 1179
5874 1179
5875 1184
5876 1184
5877 1184
5878 1185
5879 1185
5880 2807
5881 1441
5882 1195
5883 1186
5884 1252
5885 1186
5886 1186
5887 1186
5888 2067
5889 1186
5890 1187
5891 3116
5892 2685
5893 1502
5894 3006
5895 2050
5896 1187
5897 1187
5898 1187
5899 1951
5900 1188
5901 1643
5902 1190
5903 2781
5904 1734
5905 1193
5906 1612
5907 1195
5908 1195
5909 1884
5910 3177
5911 1552
5912 1197
5913 1197
5914 2049
5915 1613
5916 1369
5917 1590
5918 1203
5919 2534
5920 2561
5921 1209
5922 1209
5923 2093
5924 1878
5925 1210
5926 2963
5927 1213
5928 1377
5929 1833
5930 1218
5931 2076
5932 1221
5933 1224
5934 1224
5935 2863
5936 1224
5937 1224
5938 1224
5939 1480
5940 1224
5941 1224
5942 1224
5943 1224
5944 1224
5945 1224
5946 1224
5947 1258
5948 2489
5949 1228
5950 1228
5951 1230
5952 1230
5953 1238
5954 2880
5955 1238
5956 2965
5957 1260
5958 1238
5959 1238
5960 1238
5961 1575
5962 1238
5963 1576
5964 1238
5965 1238
5966 2910
5967 1238
5968 1238
5969 1620
5970 1701
5971 2015
5972 1238
5973 2751
5974 1238
5975 1403
5976 3105
5977 1238
5978 2899
5979 1239
5980 1239
5981 2785
5982 1240
5983 1240
5984 1240
5985 1240
5986 2856
5987 1240
5988 1996
5989 1240
5990 1240
5991 1969
5992 1240
5993 1297
5994 1240
5995 1240
5996 1253
5997 1771
5998 1240
5999 1242
6000 1242
6001 1245
6002 1245
6003 2768
6004 1245
6005 1245
6006 1760
6007 1245
6008 1245
6009 1245
6010 1410
6011 1248
6012 2788
6013 1249
6014 3265
6015 2971
6016 1251
6017 1252
6018 1257
6019 1258
6020 2796
6021 2786
6022 1260
6023 1263
6024 2504
6025 1263
6026 1263
6027 2387
6028 1269
6029 1272
6030 1273
6031 1768
6032 1274
6033 2525
6034 1275
6035 1275
6036 1275
6037 1282
6038 1275
6039 3274
6040 1280
6041 1861
6042 1280
6043 2382
6044 2269
6045 1280
6046 1616
6047 3247
6048 1284
6049 2722
6050 2486
6051 1286
6052 2744
6053 3000
6054 1288
6055 1288
6056 1288
6057 1289
6058 1289
6059 1289
6060 1289
6061 1289
6062 1770
6063 1289
6064 1289
6065 1568
6066 1785
6067 1414
6068 3293
6069 1290
6070 1290
6071 1290
6072 3283
6073 1290
6074 3061
6075 1290
6076 2943
6077 1290
6078 1290
6079 1626
6080 2876
6081 1290
6082 1775
6083 1290
6084 1290
6085 1290
6086 1290
6087 1290
6088 1290
6089 1292
6090 1292
6091 1293
6092 1295
6093 3154
6094 1296
6095 1297
6096 1299
6097 2822
6098 1301
6099 2452
6100 1301
6101 1301
6102 1301
6103 1542
6104 1840
6105 2865
6106 1301
6107 3213
6108 2129
6109 1304
6110 2953
6111 1304
6112 1304
6113 1304
6114 1421
6115 1304
6116 1304
6117 1792
6118 3215
6119 1556
6120 1304
6121 1304
6122 1495
6123 1827
6124 2530
6125 1304
6126 2145
6127 2729
6128 1304
6129 2874
6130 1572
6131 1304
6132 1304
6133 1304
6134 2820
6135 2841
6136 1504
6137 1306
6138 2169
6139 1311
6140 3103
6141 1856
6142 3284
6143 3093
6144 1315
6145 1315
6146 1544
6147 1315
6148 2151
6149 1317
6150 1318
6151 1318
6152 1319
6153 1319
6154 1319
6155 1319
6156 1319
6157 1319
6158 1319
6159 1696
6160 1453
6161 1319
6162 1319
6163 3249
6164 1319
6165 1319
6166 1322
6167 1322
6168 1594
6169 1322
6170 1322
6171 1322
6172 1322
6173 1322
6174 1322
6175 1322
6176 2462
6177 1323
6178 2166
6179 2846
6180 1323
6181 1323
6182 2609
6183 1324
6184 1324
6185 1581
6186 2666
6187 3029
6188 1327
6189 1327
6190 1328
6191 1328
6192 1329
6193 1329
6194 1588
6195 1330
6196 1337
6197 1339
6198 1342
6199 1342
6200 1343
6201 1343
6202 1344
6203 1344
6204 1344
6205 1344
6206 2283
6207 1876
6208 1350
6209 1376
6210 3002
6211 1355
6212 1355
6213 1355
6214 1355
6215 2428
6216 1355
6217 1358
6218 1363
6219 2898
6220 1363
6221 1363
6222 2225
6223 1366
6224 1368
6225 1370
6226 2591
6227 1373
6228 1374
6229 1375
6230 2673
6231 1376
6232 1376
6233 1493
6234 2713
6235 1379
6236 1379
6237 1379
6238 2066
6239 1509
6240 1379
6241 3133
6242 1379
6243 1379
6244 2176
6245 2497
6246 1379
6247 1379
6248 1379
6249 1379
6250 1450
6251 2193
6252 1380
6253 1380
6254 2001
6255 2373
6256 1382
6257 2261
6258 1384
6259 1384
6260 1385
6261 3170
6262 1386
6263 1386
6264 1389
6265 1389
6266 1390
6267 1390
6268 1390
6269 1390
6270 1863
6271 1784
6272 1393
6273 1393
6274 1395
6275 1395
6276 1395
6277 1397
6278 1399
6279 2146
6280 2090
6281 1400
6282 2237
6283 1402
6284 1402
6285 1402
6286 1402
6287 1402
6288 1402
6289 1402
6290 2792
6291 1402
6292 2947
6293 2881
6294 1402
6295 1402
6296 1402
6297 2621
6298 1402
6299 1406
6300 1406
6301 1864
6302 1406
6303 1406
6304 1407
6305 1459
6306 1754
6307 1407
6308 1407
6309 1757
6310 1409
6311 1409
6312 1409
6313 2042
6314 1409
6315 1410
6316 1410
6317 1410
6318 2339
6319 1411
6320 1512
6321 1959
6322 2969
6323 1417
6324 1417
6325 1979
6326 1417
6327 1788
6328 1417
6329 1877
6330 1421
6331 1883
6332 1424
6333 1424
6334 3190
6335 1426
6336 2064
6337 1426
6338 2491
6339 1426
6340 1426
6341 1426
6342 1426
6343 1426
6344 1427
6345 2105
6346 1427
6347 1428
6348 2967
6349 1431
6350 1431
6351 1432
6352 3292
6353 1432
6354 1436
6355 2724
6356 1436
6357 1437
6358 1439
6359 1441
6360 1441
6361 1441
6362 1441
6363 1442
6364 2972
6365 1442
6366 2248
6367 1442
6368 1443
6369 1443
6370 1443
6371 1443
6372 2536
6373 1447
6374 1886
6375 1447
6376 3260
6377 1448
6378 1448
6379 1448
6380 2097
6381 1448
6382 1448
6383 2117
6384 1448
6385 1448
6386 2281
6387 1449
6388 1449
6389 1449
6390 1449
6391 1965
6392 1450
6393 1694
6394 2341
6395 1450
6396 1450
6397 1451
6398 2493
6399 1458
6400 1541
6401 2041
6402 2306
6403 1466
6404 1466
6405 1471
6406 1971
6407 1472
6408 1472
6409 2693
6410 2460
6411 1473
6412 1518
6413 1475
6414 1872
6415 1476
6416 1476
6417 1476
6418 1477
6419 1478
6420 2094
6421 1478
6422 2485
6423 1480
6424 1480
6425 2840
6426 1481
6427 2204
6428 1486
6429 1482
6430 1483
6431 1487
6432 1488
6433 1489
6434 2653
6435 1490
6436 2086
6437 1491
6438 2312
6439 1491
6440 1492
6441 1492
6442 1492
6443 1758
6444 1493
6445 1494
6446 1874
6447 2282
6448 1903
6449 1495
6450 1762
6451 1497
6452 1497
6453 1497
6454 1497
6455 1497
6456 1497
6457 1498
6458 1498
6459 1498
6460 1499
6461 3054
6462 1500
6463 1500
6464 1500
6465 1501
6466 1501
6467 1504
6468 2637
6469 1624
6470 1510
6471 1510
6472 1511
6473 1512
6474 1512
6475 1512
6476 1512
6477 1512
6478 1512
6479 1512
6480 1512
6481 1512
6482 1515
6483 1562
6484 1517
6485 1519
6486 3251
6487 2435
6488 1519
6489 1520
6490 3305
6491 2982
6492 1521
6493 1522
6494 2325
6495 1525
6496 1531
6497 3199
6498 1531
6499 1777
6500 1531
6501 1531
6502 1531
6503 1531
6504 1531
6505 1531
6506 1531
6507 3050
6508 1531
6509 1532
6510 1533
6511 2836
6512 1533
6513 2458
6514 1540
6515 1541
6516 1541
6517 2726
6518 1543
6519 1870
6520 3279
6521 1543
6522 1671
6523 1543
6524 3180
6525 3275
6526 1546
6527 3179
6528 1548
6529 1549
6530 1549
6531 1549
6532 1549
6533 1549
6534 2089
6535 1551
6536 3296
6537 1551
6538 1551
6539 2131
6540 1551
6541 1551
6542 1551
6543 1551
6544 1551
6545 2481
6546 1551
6547 2676
6548 1887
6549 1551
6550 1551
6551 1551
6552 1551
6553 2545
6554 1551
6555 1551
6556 1551
6557 1551
6558 2937
6559 1551
6560 3026
6561 3280
6562 1551
6563 3078
6564 2514
6565 2410
6566 2030
6567 1557
6568 1557
6569 1809
6570 1557
6571 1557
6572 1557
6573 1557
6574 1557
6575 1557
6576 1557
6577 2321
6578 1557
6579 1557
6580 1557
6581 1954
6582 1557
6583 1604
6584 1557
6585 1557
6586 1557
6587 1557
6588 1557
6589 1557
6590 1557
6591 1677
6592 2173
6593 1560
6594 2360
6595 1561
6596 1562
6597 1562
6598 1562
6599 1564
6600 1565
6601 1565
6602 1566
6603 1714
6604 1569
6605 1569
6606 2914
6607 1576
6608 1576
6609 1576
6610 1576
6611 3033
6612 1576
6613 1576
6614 3143
6615 1576
6616 1576
6617 1576
6618 3309
6619 1576
6620 1576
6621 2859
6622 1576
6623 2769
6624 1578
6625 1578
6626 1579
6627 1579
6628 1580
6629 1580
6630 1580
6631 1581
6632 1709
6633 1582
6634 1882
6635 1588
6636 2439
6637 1592
6638 1600
6639 1881
6640 1602
6641 1602
6642 1603
6643 1851
6644 1603
6645 1603
6646 1605
6647 2734
6648 1608
6649 1608
6650 1608
6651 1608
6652 1608
6653 1608
6654 1608
6655 1609
6656 1610
6657 1614
6658 1615
6659 1615
6660 1730
6661 1620
6662 1622
6663 3220
6664 1622
6665 1622
6666 1932
6667 1948
6668 1623
6669 1624
6670 2811
6671 1624
6672 1624
6673 1839
6674 1628
6675 2401
6676 1628
6677 1629
6678 1631
6679 1631
6680 1632
6681 1907
6682 1632
6683 1633
6684 1633
6685 1633
6686 1633
6687 1633
6688 1871
6689 1633
6690 1912
6691 1635
6692 1635
6693 1635
6694 1635
6695 1635
6696 1635
6697 1635
6698 1635
6699 1636
6700 3146
6701 1637
6702 1637
6703 1637
6704 1637
6705 2062
6706 3125
6707 2395
6708 1637
6709 2854
6710 2473
6711 2475
6712 1637
6713 1637
6714 1637
6715 1637
6716 1637
6717 1637
6718 2084
6719 1637
6720 1637
6721 2250
6722 1637
6723 1637
6724 1866
6725 2557
6726 1637
6727 1637
6728 1637
6729 1637
6730 1637
6731 1727
6732 1637
6733 1637
6734 1637
6735 1637
6736 1685
6737 1637
6738 1637
6739 3240
6740 1795
6741 1637
6742 1637
6743 1637
6744 1637
6745 1943
6746 1801
6747 1957
6748 1637
6749 1637
6750 3079
6751 1637
6752 1638
6753 1639
6754 1645
6755 1648
6756 1651
6757 1653
6758 1653
6759 1653
6760 1816
6761 2692
6762 1659
6763 1659
6764 2338
6765 2808
6766 1661
6767 1662
6768 1662
6769 1663
6770 1663
6771 2975
6772 1665
6773 1666
6774 1670
6775 3060
6776 2723
6777 1677
6778 1680
6779 1680
6780 2895
6781 1682
6782 2106
6783 1682
6784 1685
6785 1686
6786 1687
6787 1692
6788 3248
6789 1693
6790 1888
6791 1693
6792 1693
6793 3037
6794 1693
6795 1694
6796 1695
6797 1695
6798 1699
6799 1704
6800 1704
6801 2413
6802 1704
6803 1705
6804 1705
6805 1705
6806 1705
6807 1705
6808 1705
6809 1705
6810 1708
6811 2391
6812 1709
6813 1711
6814 1712
6815 1716
6816 1718
6817 1720
6818 1720
6819 1723
6820 1723
6821 2358
6822 2860
6823 1727
6824 2201
6825 2270
6826 1728
6827 1728
6828 1728
6829 1937
6830 1729
6831 1729
6832 1729
6833 1730
6834 1790
6835 1732
6836 1732
6837 1732
6838 1732
6839 1732
6840 1732
6841 1732
6842 1732
6843 1732
6844 1732
6845 1732
6846 1732
6847 1732
6848 1732
6849 2404
6850 1732
6851 1734
6852 1734
6853 1734
6854 1735
6855 1735
6856 1735
6857 1735
6858 1735
6859 1735
6860 1735
6861 2650
6862 1735
6863 1735
6864 1735
6865 3250
6866 2714
6867 1735
6868 3233
6869 2951
6870 1735
6871 3036
6872 1735
6873 1735
6874 1735
6875 1735
6876 1735
6877 1735
6878 1735
6879 1735
6880 1735
6881 1735
6882 1736
6883 2461
6884 1739
6885 1740
6886 1789
6887 1743
6888 1743
6889 1743
6890 2996
6891 1745
6892 1745
6893 1747
6894 1747
6895 1748
6896 2771
6897 2823
6898 1748
6899 1751
6900 1748
6901 2640
6902 1748
6903 1748
6904 1960
6905 1748
6906 1748
6907 1748
6908 1748
6909 1748
6910 1748
6911 1748
6912 1748
6913 2809
6914 1748
6915 1748
6916 1748
6917 1748
6918 2376
6919 1748
6920 1748
6921 1748
6922 1822
6923 1748
6924 1748
6925 1748
6926 2148
6927 1928
6928 1749
6929 3312
6930 1749
6931 1749
6932 2045
6933 1751
6934 1751
6935 1754
6936 3059
6937 1754
6938 2352
6939 1754
6940 1756
6941 3206
6942 2756
6943 1759
6944 1761
6945 1761
6946 1761
6947 1764
6948 2158
6949 1956
6950 3141
6951 1766
6952 3212
6953 1766
6954 1766
6955 1766
6956 2503
6957 2457
6958 1768
6959 1768
6960 1770
6961 2795
6962 1776
6963 1778
6964 1780
6965 1780
6966 2377
6967 1781
6968 1781
6969 1781
6970 1781
6971 1781
6972 1785
6973 1785
6974 1785
6975 1785
6976 1786
6977 1786
6978 1787
6979 1788
6980 1791
6981 3138
6982 1791
6983 1792
6984 1793
6985 1793
6986 2188
6987 1795
6988 1801
6989 1801
6990 3217
6991 1804
6992 1804
6993 1804
6994 1804
6995 1804
6996 1804
6997 1804
6998 1804
6999 1804
7000 1804
7001 1805
7002 2858
7003 1805
7004 1805
7005 1805
7006 2087
7007 1805
7008 1808
7009 1808
7010 1809
7011 1810
7012 1810
7013 1812
7014 1813
7015 1813
7016 2372
7017 1815
7018 1816
7019 1817
7020 1817
7021 2592
7022 1819
7023 1819
7024 1819
7025 1819
7026 1819
7027 3246
7028 1819
7029 2144
7030 1821
7031 1821
7032 1821
7033 1822
7034 1825
7035 3223
7036 1825
7037 1825
7038 1826
7039 1827
7040 1827
7041 1827
7042 1827
7043 2595
7044 1828
7045 2922
7046 1832
7047 1833
7048 1833
7049 1833
7050 1833
7051 1833
7052 2563
7053 1833
7054 1833
7055 2304
7056 1833
7057 2948
7058 1835
7059 3083
7060 1835
7061 1835
7062 1835
7063 1836
7064 1837
7065 1838
7066 2420
7067 2111
7068 2016
7069 1838
7070 1838
7071 2892
7072 1838
7073 1839
7074 1839
7075 2044
7076 1839
7077 1839
7078 1839
7079 1840
7080 1842
7081 1842
7082 1842
7083 2766
7084 1842
7085 1842
7086 1842
7087 1842
7088 2332
7089 3242
7090 1843
7091 1843
7092 1843
7093 1843
7094 2323
7095 1843
7096 1843
7097 1843
7098 1843
7099 1843
7100 2046
7101 1843
7102 1843
7103 1843
7104 1843
7105 1843
7106 2126
7107 1847
7108 1849
7109 1849
7110 1851
7111 1853
7112 1933
7113 1853
7114 1853
7115 1853
7116 1853
7117 1853
7118 1853
7119 2890
7120 3101
7121 1853
7122 1855
7123 1855
7124 2320
7125 1855
7126 1855
7127 2627
7128 2451
7129 1855
7130 1855
7131 1856
7132 1867
7133 1867
7134 1868
7135 1868
7136 1868
7137 1869
7138 1869
7139 2758
7140 1869
7141 1869
7142 1870
7143 1870
7144 2147
7145 1872
7146 1872
7147 2380
7148 1872
7149 1873
7150 1873
7151 1875
7152 1876
7153 1876
7154 1876
7155 1876
7156 1877
7157 1877
7158 3094
7159 1877
7160 1880
7161 1882
7162 1882
7163 1882
7164 1884
7165 1885
7166 1885
7167 1887
7168 1887
7169 1887
7170 2215
7171 1887
7172 1893
7173 1894
7174 1896
7175 2205
7176 1897
7177 2829
7178 1897
7179 1897
7180 2309
7181 1897
7182 2232
7183 1897
7184 2980
7185 1897
7186 1897
7187 1897
7188 1897
7189 1897
7190 2979
7191 1897
7192 1897
7193 1897
7194 1897
7195 1897
7196 1897
7197 1897
7198 2164
7199 1897
7200 1897
7201 3142
7202 1897
7203 1897
7204 2778
7205 1897
7206 1897
7207 1897
7208 1897
7209 1897
7210 1897
7211 1897
7212 1897
7213 1897
7214 1897
7215 1897
7216 1897
7217 1897
7218 1897
7219 1897
7220 2957
7221 1897
7222 2208
7223 1897
7224 1897
7225 2040
7226 1897
7227 1897
7228 1897
7229 1897
7230 1897
7231 1898
7232 1898
7233 1898
7234 1898
7235 1899
7236 1899
7237 1899
7238 1899
7239 2508
7240 1899
7241 1899
7242 3081
7243 1899
7244 2300
7245 1901
7246 1901
7247 2136
7248 3012
7249 1902
7250 1902
7251 1902
7252 1902
7253 1904
7254 2364
7255 1904
7256 2083
7257 1905
7258 2343
7259 1905
7260 1905
7261 2036
7262 1905
7263 1906
7264 1907
7265 1907
7266 1907
7267 3300
7268 3209
7269 1907
7270 1907
7271 1907
7272 1907
7273 2803
7274 1907
7275 1907
7276 1907
7277 1907
7278 1907
7279 1907
7280 1907
7281 1907
7282 1907
7283 1908
7284 1908
7285 1908
7286 1908
7287 1908
7288 1908
7289 1908
7290 1908
7291 1909
7292 1913
7293 2574
7294 1914
7295 2690
7296 1915
7297 3112
7298 1915
7299 1915
7300 1915
7301 2658
7302 1915
7303 1915
7304 1915
7305 1916
7306 1918
7307 1920
7308 1920
7309 1920
7310 1921
7311 1924
7312 1924
7313 1924
7314 1924
7315 1928
7316 1928
7317 1929
7318 3119
7319 1931
7320 1933
7321 1933
7322 3228
7323 1934
7324 1934
7325 1935
7326 1935
7327 1935
7328 1935
7329 1935
7330 1936
7331 1936
7332 1937
7333 2385
7334 1937
7335 2219
7336 1939
7337 1939
7338 1939
7339 1939
7340 1939
7341 1940
7342 1940
7343 1940
7344 1940
7345 1941
7346 1941
7347 1946
7348 2562
7349 1946
7350 1946
7351 1946
7352 1946
7353 1947
7354 3129
7355 1948
7356 1949
7357 2991
7358 1950
7359 1950
7360 1950
7361 2540
7362 1956
7363 1960
7364 1960
7365 1960
7366 1961
7367 1962
7368 3164
7369 1970
7370 1974
7371 3222
7372 1975
7373 1977
7374 1978
7375 1978
7376 2091
7377 3126
7378 1980
7379 2245
7380 2351
7381 1980
7382 3010
7383 1982
7384 1982
7385 1986
7386 1988
7387 1989
7388 1989
7389 2274
7390 3187
7391 1990
7392 2139
7393 1992
7394 1992
7395 2661
7396 2581
7397 1996
7398 1997
7399 1997
7400 1997
7401 1997
7402 1997
7403 1998
7404 1998
7405 1998
7406 2272
7407 1998
7408 1998
7409 2101
7410 1998
7411 1998
7412 1998
7413 1998
7414 1998
7415 1998
7416 1998
7417 1998
7418 1998
7419 1998
7420 1998
7421 2020
7422 1998
7423 1998
7424 1998
7425 1998
7426 1998
7427 1998
7428 3232
7429 1998
7430 1998
7431 1998
7432 1998
7433 1998
7434 1998
7435 1998
7436 1998
7437 1998
7438 1998
7439 1998
7440 1998
7441 1998
7442 1998
7443 1998
7444 2000
7445 2000
7446 2000
7447 2009
7448 2012
7449 2012
7450 2013
7451 2471
7452 2013
7453 2013
7454 2013
7455 2018
7456 3163
7457 2020
7458 2020
7459 2021
7460 2571
7461 2155
7462 2031
7463 2031
7464 2276
7465 2034
7466 2034
7467 2034
7468 2039
7469 2984
7470 2041
7471 2042
7472 2042
7473 3017
7474 2043
7475 2287
7476 2447
7477 2044
7478 2044
7479 2738
7480 2045
7481 2045
7482 2844
7483 2047
7484 2050
7485 2050
7486 2052
7487 2053
7488 2053
7489 2179
7490 3261
7491 2053
7492 2053
7493 2053
7494 2053
7495 2059
7496 2061
7497 2061
7498 2798
7499 2064
7500 2064
7501 2064
7502 2064
7503 2064
7504 2064
7505 2064
7506 2353
7507 2789
7508 2064
7509 2064
7510 2064
7511 3282
7512 2064
7513 2065
7514 2065
7515 2065
7516 2247
7517 2065
7518 2065
7519 2066
7520 2067
7521 2871
7522 2067
7523 2067
7524 3019
7525 2071
7526 2071
7527 2675
7528 2071
7529 2078
7530 2077
7531 2077
7532 2077
7533 2077
7534 2077
7535 2077
7536 2077
7537 2077
7538 2077
7539 2350
7540 2153
7541 2198
7542 2080
7543 2080
7544 2582
7545 2082
7546 2082
7547 2082
7548 2199
7549 2082
7550 2087
7551 2089
7552 2089
7553 2089
7554 2089
7555 2092
7556 2095
7557 2095
7558 2095
7559 3115
7560 2095
7561 2095
7562 3198
7563 2095
7564 2095
7565 2430
7566 2095
7567 2095
7568 2095
7569 2098
7570 2098
7571 2098
7572 2319
7573 2098
7574 2099
7575 2388
7576 2100
7577 2855
7578 2100
7579 2102
7580 2327
7581 2105
7582 2105
7583 2105
7584 2105
7585 2105
7586 2643
7587 2105
7588 3136
7589 2105
7590 2105
7591 2105
7592 2105
7593 2105
7594 2105
7595 2105
7596 2970
7597 2105
7598 2105
7599 2105
7600 2105
7601 2105
7602 2105
7603 2105
7604 2105
7605 2105
7606 2105
7607 2105
7608 3256
7609 2105
7610 2105
7611 2105
7612 2691
7613 2105
7614 2105
7615 2105
7616 2817
7617 2105
7618 2105
7619 2105
7620 2105
7621 3145
7622 2105
7623 2105
7624 2105
7625 2105
7626 2105
7627 2105
7628 2105
7629 2105
7630 2105
7631 2105
7632 2105
7633 2105
7634 2105
7635 2105
7636 2105
7637 2105
7638 2105
7639 2105
7640 2105
7641 2322
7642 2955
7643 3099
7644 2105
7645 2105
7646 2105
7647 2105
7648 2105
7649 2105
7650 2105
7651 2105
7652 2105
7653 2105
7654 2273
7655 2105
7656 3221
7657 2105
7658 2165
7659 2105
7660 2105
7661 2704
7662 3041
7663 2105
7664 2989
7665 3323
7666 2105
7667 2394
7668 2105
7669 2105
7670 2105
7671 2105
7672 2105
7673 2105
7674 2105
7675 2168
7676 2887
7677 2105
7678 2105
7679 2105
7680 2105
7681 2105
7682 2105
7683 2120
7684 2105
7685 2105
7686 2105
7687 2105
7688 2417
7689 2105
7690 2647
7691 2105
7692 2105
7693 2105
7694 2105
7695 2105
7696 2105
7697 2105
7698 2105
7699 2105
7700 2105
7701 2105
7702 2105
7703 2105
7704 2105
7705 2105
7706 2105
7707 2105
7708 2105
7709 2105
7710 2105
7711 2105
7712 2105
7713 2105
7714 2222
7715 2105
7716 2105
7717 2105
7718 2655
7719 2105
7720 2105
7721 2105
7722 2105
7723 2105
7724 2105
7725 2191
7726 2105
7727 2105
7728 2105
7729 2105
7730 2105
7731 3159
7732 2105
7733 2105
7734 2105
7735 2105
7736 2105
7737 2105
7738 2105
7739 2142
7740 2105
7741 2105
7742 3268
7743 2105
7744 2105
7745 2105
7746 2105
7747 2105
7748 2105
7749 2105
7750 2105
7751 2105
7752 2105
7753 3224
7754 2105
7755 2105
7756 2105
7757 2105
7758 2105
7759 2105
7760 2105
7761 2794
7762 2105
7763 2105
7764 2105
7765 2105
7766 2620
7767 3165
7768 2105
7769 2105
7770 2105
7771 2105
7772 2105
7773 2105
7774 2612
7775 2105
7776 2105
7777 3285
7778 2105
7779 2105
7780 2105
7781 2105
7782 2105
7783 2105
7784 2105
7785 2105
7786 3014
7787 2107
7788 2107
7789 2107
7790 2687
7791 2107
7792 2108
7793 2111
7794 2116
7795 2116
7796 2117
7797 2117
7798 2120
7799 2120
7800 2120
7801 2122
7802 2122
7803 2122
7804 2122
7805 2122
7806 2122
7807 2122
7808 2122
7809 2745
7810 2122
7811 2804
7812 2122
7813 2122
7814 2379
7815 2122
7816 2122
7817 2679
7818 2512
7819 2122
7820 3064
7821 2122
7822 2122
7823 2122
7824 3114
7825 2122
7826 2122
7827 2122
7828 2122
7829 2851
7830 2122
7831 2777
7832 2122
7833 2122
7834 2122
7835 3121
7836 2122
7837 2122
7838 2122
7839 2122
7840 2122
7841 2122
7842 2122
7843 2122
7844 2122
7845 2122
7846 2123
7847 2123
7848 3299
7849 2124
7850 2124
7851 2125
7852 2128
7853 2131
7854 2132
7855 2132
7856 2298
7857 2133
7858 2134
7859 2431
7860 2134
7861 2136
7862 2136
7863 2136
7864 2136
7865 2136
7866 2136
7867 2136
7868 2136
7869 2390
7870 2747
7871 3082
7872 2139
7873 2139
7874 2139
7875 2139
7876 2139
7877 2139
7878 2888
7879 2315
7880 2139
7881 2139
7882 2139
7883 2139
7884 2139
7885 2139
7886 2139
7887 2139
7888 2139
7889 2139
7890 2139
7891 2139
7892 2139
7893 2139
7894 2519
7895 2139
7896 2721
7897 2139
7898 2139
7899 2139
7900 2139
7901 2139
7902 2139
7903 2139
7904 2139
7905 2139
7906 2139
7907 2139
7908 2139
7909 2139
7910 2139
7911 2139
7912 2139
7913 2139
7914 2139
7915 2139
7916 2139
7917 2139
7918 2139
7919 2139
7920 2139
7921 2139
7922 2139
7923 2139
7924 2278
7925 2139
7926 2139
7927 2139
7928 2139
7929 2139
7930 2139
7931 2140
7932 2448
7933 2938
7934 2671
7935 2141
7936 2172
7937 2141
7938 3318
7939 2142
7940 2630
7941 2142
7942 2652
7943 2492
7944 2142
7945 3184
7946 2151
7947 2156
7948 2157
7949 2229
7950 2161
7951 2161
7952 2161
7953 2162
7954 2162
7955 2560
7956 2166
7957 2170
7958 2170
7959 2170
7960 2170
7961 2171
7962 2171
7963 2171
7964 2172
7965 2174
7966 2174
7967 2174
7968 2366
7969 2175
7970 2368
7971 2176
7972 2176
7973 2178
7974 2244
7975 2178
7976 2179
7977 2819
7978 2180
7979 3107
7980 2181
7981 2182
7982 2182
7983 2182
7984 2182
7985 2182
7986 2184
7987 2187
7988 2549
7989 2187
7990 2886
7991 2187
7992 2883
7993 2187
7994 2187
7995 2187
7996 2187
7997 2551
7998 2191
7999 2191
8000 2191
8001 2197
8002 2221
8003 2202
8004 2202
8005 2203
8006 2206
8007 2206
8008 2206
8009 2206
8010 2206
8011 2206
8012 3294
8013 2206
8014 2961
8015 2206
8016 2206
8017 2725
8018 3208
8019 3089
8020 2575
8021 2208
8022 2208
8023 2209
8024 2209
8025 2212
8026 2213
8027 2214
8028 2214
8029 2214
8030 2214
8031 2214
8032 2214
8033 2214
8034 2214
8035 3076
8036 2214
8037 2215
8038 2215
8039 2217
8040 2217
8041 2217
8042 2217
8043 2219
8044 2219
8045 2219
8046 2219
8047 2219
8048 2219
8049 2219
8050 2219
8051 2219
8052 2219
8053 2695
8054 2221
8055 2472
8056 2221
8057 2703
8058 2223
8059 2223
8060 2223
8061 2223
8062 2223
8063 2361
8064 2223
8065 2223
8066 2225
8067 2225
8068 2225
8069 2225
8070 2229
8071 2234
8072 2234
8073 2234
8074 2266
8075 2234
8076 2234
8077 2235
8078 2236
8079 2236
8080 2236
8081 2236
8082 2236
8083 2236
8084 2236
8085 2236
8086 2237
8087 2238
8088 2238
8089 2238
8090 2238
8091 2238
8092 2238
8093 2238
8094 2238
8095 2238
8096 2238
8097 2241
8098 2241
8099 2241
8100 2241
8101 2241
8102 2242
8103 2243
8104 2243
8105 2243
8106 2303
8107 2243
8108 2243
8109 2619
8110 2243
8111 2518
8112 3211
8113 2243
8114 2243
8115 2243
8116 2243
8117 2247
8118 2247
8119 2249
8120 2250
8121 2250
8122 2251
8123 2520
8124 2255
8125 3048
8126 2260
8127 2260
8128 2260
8129 2262
8130 2262
8131 2263
8132 2263
8133 2263
8134 2263
8135 2263
8136 2263
8137 2263
8138 2263
8139 2263
8140 2264
8141 2993
8142 2264
8143 2264
8144 2340
8145 3176
8146 2266
8147 2267
8148 2269
8149 3106
8150 2270
8151 2270
8152 2275
8153 2276
8154 2276
8155 2277
8156 2279
8157 2279
8158 2667
8159 2976
8160 2282
8161 2282
8162 2282
8163 2455
8164 2282
8165 2282
8166 2477
8167 2282
8168 2282
8169 2283
8170 2283
8171 2479
8172 3192
8173 2903
8174 3052
8175 2286
8176 2286
8177 2286
8178 2286
8179 2386
8180 2288
8181 2290
8182 2290
8183 2290
8184 2290
8185 2924
8186 2292
8187 2292
8188 2292
8189 3040
8190 2292
8191 2293
8192 2408
8193 2293
8194 2624
8195 2293
8196 2293
8197 2293
8198 2293
8199 2295
8200 2295
8201 2296
8202 2296
8203 2300
8204 2300
8205 2300
8206 2300
8207 2300
8208 2300
8209 2300
8210 2300
8211 2301
8212 2301
8213 2925
8214 3088
8215 2301
8216 2301
8217 2301
8218 2564
8219 2429
8220 2304
8221 2308
8222 2308
8223 2308
8224 2310
8225 2310
8226 2311
8227 2313
8228 2313
8229 2317
8230 2317
8231 2318
8232 2319
8233 2954
8234 2321
8235 2321
8236 2321
8237 2322
8238 2322
8239 2323
8240 2323
8241 2589
8242 3027
8243 2325
8244 2330
8245 2330
8246 2936
8247 2494
8248 2443
8249 2333
8250 2902
8251 2333
8252 2949
8253 2333
8254 2333
8255 2333
8256 2333
8257 2333
8258 2333
8259 2333
8260 2333
8261 2333
8262 2333
8263 2672
8264 2334
8265 2334
8266 2334
8267 2334
8268 2334
8269 2699
8270 2334
8271 2334
8272 2334
8273 2334
8274 2334
8275 2567
8276 2334
8277 2814
8278 2712
8279 2334
8280 2334
8281 2335
8282 2336
8283 2336
8284 2337
8285 2340
8286 2812
8287 2343
8288 2346
8289 2346
8290 3214
8291 2349
8292 2350
8293 2350
8294 2351
8295 2351
8296 2351
8297 2351
8298 2352
8299 2353
8300 2354
8301 2355
8302 3003
8303 2356
8304 2358
8305 2358
8306 2358
8307 2359
8308 2359
8309 2360
8310 2590
8311 2360
8312 2533
8313 2361
8314 2361
8315 2361
8316 2361
8317 2362
8318 2362
8319 2364
8320 2364
8321 2364
8322 2505
8323 2364
8324 2364
8325 2365
8326 2366
8327 2367
8328 3166
8329 2369
8330 2371
8331 2372
8332 2375
8333 2376
8334 2379
8335 2379
8336 2379
8337 2379
8338 2379
8339 2379
8340 2379
8341 2379
8342 2379
8343 2379
8344 2380
8345 2380
8346 2402
8347 2384
8348 3096
8349 2384
8350 2384
8351 2384
8352 2384
8353 2384
8354 2384
8355 2384
8356 2384
8357 2384
8358 2385
8359 3264
8360 2389
8361 2717
8362 2389
8363 2389
8364 2389
8365 2391
8366 2391
8367 2391
8368 2391
8369 2391
8370 2391
8371 2391
8372 2392
8373 2944
8374 2396
8375 3259
8376 3074
8377 2397
8378 2748
8379 3310
8380 2397
8381 2397
8382 2397
8383 2397
8384 2397
8385 2397
8386 2397
8387 2397
8388 2397
8389 2397
8390 2824
8391 2397
8392 2397
8393 2397
8394 2397
8395 2397
8396 2397
8397 2397
8398 2968
8399 2397
8400 2397
8401 2397
8402 2397
8403 2406
8404 2397
8405 2397
8406 2397
8407 2397
8408 2397
8409 2397
8410 2397
8411 2397
8412 2397
8413 2397
8414 2398
8415 2398
8416 2398
8417 3075
8418 2403
8419 2404
8420 2406
8421 3205
8422 2406
8423 2626
8424 3015
8425 2406
8426 2406
8427 2839
8428 2410
8429 2412
8430 2414
8431 2414
8432 2414
8433 2414
8434 2414
8435 2418
8436 2418
8437 2418
8438 2418
8439 2421
8440 2421
8441 2728
8442 2424
8443 2424
8444 2694
8445 2429
8446 3016
8447 2429
8448 2429
8449 2432
8450 2433
8451 2441
8452 3144
8453 2441
8454 2441
8455 2441
8456 2441
8457 2443
8458 2443
8459 2443
8460 2444
8461 2598
8462 2448
8463 2448
8464 2450
8465 2453
8466 2453
8467 2730
8468 2453
8469 2453
8470 2453
8471 2453
8472 2453
8473 2458
8474 2460
8475 2904
8476 3098
8477 2469
8478 2469
8479 2469
8480 2469
8481 3021
8482 2474
8483 2474
8484 2474
8485 2474
8486 2474
8487 2478
8488 2478
8489 2478
8490 2478
8491 2934
8492 2478
8493 2478
8494 2478
8495 2479
8496 2479
8497 2479
8498 2479
8499 2479
8500 2479
8501 2479
8502 2479
8503 2479
8504 2480
8505 2480
8506 2480
8507 2480
8508 2480
8509 2480
8510 2483
8511 2483
8512 2486
8513 2486
8514 2486
8515 2486
8516 2486
8517 2522
8518 2486
8519 2486
8520 2486
8521 2486
8522 2488
8523 2491
8524 2491
8525 2491
8526 2491
8527 2495
8528 2495
8529 2495
8530 2495
8531 2495
8532 2496
8533 2498
8534 2501
8535 2503
8536 2503
8537 2506
8538 2506
8539 2506
8540 2506
8541 2918
8542 2506
8543 2506
8544 2603
8545 2506
8546 2506
8547 2506
8548 2506
8549 2506
8550 2506
8551 2506
8552 2507
8553 2508
8554 2508
8555 2508
8556 2508
8557 2511
8558 2511
8559 2512
8560 2512
8561 2512
8562 2514
8563 2514
8564 2515
8565 2515
8566 2515
8567 2515
8568 2517
8569 2518
8570 2519
8571 2520
8572 2520
8573 2520
8574 3124
8575 2520
8576 2521
8577 2524
8578 2524
8579 2524
8580 2524
8581 2524
8582 2525
8583 2526
8584 2606
8585 2526
8586 2526
8587 2531
8588 2531
8589 2531
8590 2746
8591 2731
8592 2533
8593 2553
8594 2536
8595 2537
8596 2540
8597 2540
8598 2540
8599 2665
8600 2540
8601 2545
8602 2545
8603 2545
8604 2545
8605 2547
8606 2882
8607 2547
8608 2547
8609 2547
8610 2547
8611 2547
8612 2547
8613 2547
8614 2547
8615 2547
8616 2547
8617 2547
8618 2760
8619 2547
8620 2547
8621 2547
8622 2548
8623 2550
8624 2550
8625 2550
8626 2550
8627 2555
8628 2702
8629 2555
8630 2555
8631 2556
8632 2557
8633 2557
8634 2557
8635 2579
8636 2562
8637 2562
8638 2562
8639 2562
8640 2562
8641 2562
8642 2562
8643 2564
8644 2564
8645 2565
8646 2565
8647 2565
8648 2568
8649 2568
8650 2568
8651 2864
8652 2568
8653 2570
8654 2570
8655 2570
8656 2572
8657 2642
8658 2574
8659 2574
8660 2574
8661 2576
8662 2580
8663 2580
8664 2580
8665 2580
8666 2580
8667 2580
8668 2580
8669 2583
8670 2583
8671 2587
8672 2587
8673 2590
8674 2591
8675 2591
8676 2592
8677 2592
8678 2593
8679 2595
8680 2596
8681 2596
8682 2596
8683 2596
8684 2596
8685 2600
8686 2600
8687 2600
8688 2603
8689 2603
8690 2608
8691 2608
8692 2608
8693 2608
8694 2608
8695 2608
8696 3263
8697 2611
8698 2776
8699 2631
8700 2612
8701 2613
8702 2613
8703 2613
8704 2613
8705 3018
8706 3085
8707 2615
8708 2616
8709 2616
8710 2616
8711 2616
8712 2616
8713 2616
8714 2616
8715 2619
8716 2941
8717 2620
8718 2620
8719 2620
8720 2759
8721 2620
8722 2620
8723 2620
8724 2620
8725 2620
8726 2621
8727 2623
8728 2623
8729 2623
8730 2623
8731 3109
8732 2624
8733 3039
8734 2624
8735 2624
8736 2624
8737 2624
8738 2624
8739 2624
8740 2624
8741 2624
8742 2626
8743 2629
8744 2894
8745 2629
8746 2629
8747 3207
8748 2629
8749 2629
8750 2981
8751 2928
8752 2629
8753 2629
8754 2629
8755 2629
8756 2629
8757 2629
8758 2629
8759 2629
8760 2629
8761 2629
8762 2629
8763 2629
8764 2629
8765 2629
8766 2629
8767 2629
8768 2629
8769 2764
8770 2629
8771 2629
8772 2740
8773 2629
8774 2629
8775 2629
8776 2629
8777 2629
8778 2629
8779 2629
8780 2629
8781 2629
8782 3182
8783 2629
8784 2629
8785 2629
8786 2629
8787 2629
8788 2629
8789 2629
8790 2629
8791 2629
8792 2629
8793 2629
8794 2629
8795 2629
8796 2629
8797 2629
8798 2629
8799 2629
8800 2629
8801 2629
8802 2629
8803 3255
8804 2629
8805 2629
8806 2629
8807 2629
8808 2629
8809 2629
8810 2629
8811 2629
8812 2629
8813 2629
8814 2629
8815 2629
8816 2629
8817 2629
8818 2629
8819 2629
8820 2629
8821 2629
8822 2629
8823 2629
8824 2629
8825 2629
8826 2629
8827 2629
8828 3120
8829 2629
8830 2630
8831 2633
8832 2633
8833 2908
8834 2633
8835 2633
8836 2634
8837 3257
8838 2634
8839 2634
8840 2634
8841 2634
8842 2634
8843 2634
8844 2634
8845 2635
8846 2636
8847 2638
8848 2638
8849 2638
8850 2638
8851 2638
8852 2641
8853 2641
8854 2642
8855 2642
8856 3073
8857 2643
8858 2649
8859 2651
8860 2654
8861 2656
8862 2658
8863 2658
8864 2658
8865 2658
8866 2658
8867 2659
8868 2659
8869 2659
8870 2659
8871 2661
8872 2661
8873 2661
8874 2663
8875 2663
8876 2663
8877 2663
8878 2663
8879 2665
8880 2772
8881 2681
8882 2665
8883 3051
8884 2666
8885 2666
8886 3286
8887 2666
8888 2816
8889 2672
8890 2674
8891 2674
8892 2675
8893 2675
8894 2675
8895 2681
8896 2683
8897 2686
8898 2687
8899 2964
8900 2687
8901 2689
8902 2689
8903 2692
8904 2693
8905 2693
8906 2696
8907 2697
8908 2700
8909 2700
8910 2700
8911 2703
8912 2704
8913 2704
8914 2704
8915 2704
8916 2704
8917 2704
8918 2704
8919 2704
8920 2704
8921 2704
8922 2704
8923 2705
8924 2705
8925 2705
8926 2705
8927 2705
8928 2705
8929 2705
8930 2705
8931 2946
8932 2705
8933 2705
8934 2763
8935 2705
8936 2705
8937 2705
8938 2705
8939 2705
8940 2706
8941 3156
8942 2707
8943 2708
8944 2710
8945 2821
8946 2711
8947 2715
8948 2715
8949 2715
8950 2716
8951 2825
8952 2716
8953 2716
8954 2774
8955 2721
8956 2722
8957 2722
8958 2940
8959 2722
8960 2722
8961 2722
8962 2722
8963 2722
8964 2722
8965 2722
8966 2722
8967 2722
8968 2722
8969 2722
8970 2722
8971 2722
8972 3267
8973 2722
8974 2722
8975 2722
8976 2722
8977 2722
8978 2722
8979 2724
8980 3004
8981 2727
8982 3311
8983 2728
8984 2730
8985 2730
8986 2730
8987 2730
8988 2730
8989 2730
8990 2730
8991 2730
8992 2731
8993 2731
8994 2732
8995 2733
8996 2733
8997 2734
8998 2735
8999 2735
9000 2736
9001 2738
9002 2738
9003 2741
9004 2741
9005 2741
9006 2741
9007 2741
9008 2741
9009 2743
9010 2743
9011 2743
9012 2743
9013 2743
9014 2952
9015 2743
9016 2743
9017 2743
9018 2743
9019 2747
9020 2748
9021 2748
9022 2748
9023 2748
9024 2748
9025 2748
9026 2748
9027 2750
9028 2751
9029 2751
9030 2752
9031 2760
9032 2761
9033 3020
9034 2762
9035 2762
9036 2762
9037 2762
9038 2762
9039 2762
9040 2762
9041 2762
9042 2763
9043 2765
9044 2768
9045 2769
9046 2770
9047 2770
9048 2770
9049 2771
9050 2771
9051 2771
9052 2771
9053 2771
9054 2773
9055 2775
9056 2778
9057 2778
9058 2778
9059 2778
9060 3152
9061 2780
9062 2780
9063 2781
9064 2781
9065 2783
9066 2783
9067 2785
9068 2785
9069 2787
9070 3057
9071 2789
9072 2789
9073 2791
9074 2794
9075 2794
9076 2794
9077 2794
9078 2794
9079 2795
9080 2795
9081 3063
9082 2795
9083 2795
9084 2796
9085 2799
9086 2799
9087 2799
9088 2799
9089 2799
9090 2850
9091 2800
9092 2801
9093 2801
9094 2801
9095 2805
9096 2806
9097 2806
9098 3110
9099 2806
9100 3308
9101 2806
9102 2806
9103 2806
9104 2806
9105 2806
9106 2806
9107 2806
9108 2806
9109 2806
9110 2807
9111 2810
9112 2810
9113 2811
9114 2815
9115 2815
9116 2816
9117 2817
9118 2819
9119 2822
9120 2822
9121 2822
9122 2822
9123 2822
9124 3161
9125 2823
9126 2826
9127 2826
9128 2827
9129 2827
9130 2827
9131 2827
9132 2827
9133 2829
9134 2829
9135 2829
9136 2831
9137 2831
9138 2831
9139 2833
9140 2834
9141 2834
9142 2835
9143 2835
9144 2836
9145 2836
9146 2836
9147 2836
9148 2839
9149 2842
9150 2842
9151 2844
9152 2844
9153 2844
9154 2844
9155 3195
9156 2844
9157 2846
9158 3237
9159 2846
9160 3181
9161 2856
9162 2856
9163 2856
9164 3055
9165 2856
9166 2856
9167 2856
9168 2857
9169 2857
9170 2858
9171 2858
9172 2858
9173 2858
9174 3230
9175 2858
9176 2858
9177 2858
9178 2858
9179 2858
9180 2858
9181 2858
9182 3304
9183 2858
9184 2858
9185 2858
9186 2858
9187 2858
9188 2858
9189 2858
9190 2858
9191 2858
9192 2858
9193 2860
9194 2864
9195 2864
9196 2864
9197 2865
9198 2868
9199 2868
9200 2868
9201 2869
9202 2869
9203 2874
9204 2875
9205 2875
9206 3053
9207 2877
9208 2877
9209 2877
9210 2880
9211 2880
9212 2880
9213 2882
9214 2882
9215 2883
9216 2883
9217 2883
9218 2883
9219 2884
9220 2885
9221 2887
9222 2888
9223 2891
9224 2891
9225 2891
9226 2894
9227 2894
9228 2894
9229 2897
9230 2899
9231 2900
9232 2900
9233 2906
9234 2906
9235 2910
9236 2910
9237 2910
9238 2910
9239 2910
9240 2910
9241 2910
9242 2910
9243 2910
9244 3031
9245 2911
9246 2915
9247 2915
9248 2915
9249 2916
9250 2916
9251 2916
9252 2916
9253 2916
9254 2916
9255 2918
9256 2918
9257 2918
9258 2918
9259 2918
9260 2918
9261 2918
9262 2918
9263 2920
9264 2920
9265 2921
9266 2922
9267 2924
9268 3128
9269 2924
9270 2924
9271 2924
9272 2926
9273 2926
9274 2926
9275 2927
9276 2935
9277 2935
9278 2945
9279 2945
9280 2946
9281 3100
9282 2946
9283 2947
9284 2947
9285 2951
9286 2951
9287 2951
9288 2952
9289 2952
9290 2952
9291 2952
9292 2952
9293 2952
9294 2952
9295 2953
9296 2953
9297 2956
9298 2956
9299 2956
9300 2956
9301 2956
9302 2958
9303 2958
9304 2958
9305 2958
9306 2958
9307 2958
9308 2958
9309 3044
9310 2958
9311 2958
9312 2958
9313 2958
9314 2958
9315 2958
9316 2958
9317 2958
9318 2958
9319 2958
9320 2958
9321 2958
9322 2958
9323 2958
9324 2958
9325 2959
9326 2959
9327 3197
9328 2959
9329 2959
9330 2959
9331 2960
9332 2960
9333 2960
9334 3193
9335 2960
9336 2961
9337 2961
9338 2961
9339 2961
9340 2961
9341 2961
9342 2963
9343 2963
9344 2964
9345 2964
9346 2965
9347 2967
9348 2967
9349 2968
9350 2968
9351 2968
9352 2969
9353 2969
9354 2970
9355 2970
9356 2970
9357 2970
9358 2971
9359 2973
9360 2976
9361 2976
9362 2976
9363 2976
9364 2976
9365 2976
9366 2976
9367 2976
9368 2976
9369 2977
9370 2978
9371 2980
9372 2980
9373 2980
9374 2980
9375 2980
9376 2980
9377 2980
9378 3235
9379 2981
9380 2981
9381 3270
9382 2982
9383 3278
9384 2986
9385 2987
9386 2988
9387 2988
9388 2988
9389 2988
9390 2990
9391 2990
9392 2993
9393 2993
9394 2995
9395 2995
9396 2995
9397 2996
9398 2996
9399 2996
9400 2996
9401 2996
9402 2997
9403 2997
9404 2998
9405 2998
9406 2998
9407 2999
9408 2999
9409 3000
9410 3002
9411 3003
9412 3005
9413 3005
9414 3008
9415 3008
9416 3009
9417 3011
9418 3012
9419 3013
9420 3015
9421 3015
9422 3015
9423 3015
9424 3015
9425 3015
9426 3015
9427 3015
9428 3015
9429 3015
9430 3015
9431 3015
9432 3015
9433 3015
9434 3015
9435 3015
9436 3015
9437 3015
9438 3015
9439 3015
9440 3015
9441 3015
9442 3015
9443 3015
9444 3015
9445 3015
9446 3016
9447 3016
9448 3018
9449 3019
9450 3021
9451 3021
9452 3021
9453 3022
9454 3024
9455 3025
9456 3027
9457 3027
9458 3028
9459 3028
9460 3029
9461 3030
9462 3031
9463 3032
9464 3032
9465 3033
9466 3034
9467 3034
9468 3034
9469 3034
9470 3035
9471 3036
9472 3038
9473 3038
9474 3038
9475 3038
9476 3038
9477 3038
9478 3038
9479 3040
9480 3042
9481 3042
9482 3042
9483 3043
9484 3044
9485 3046
9486 3047
9487 3047
9488 3047
9489 3047
9490 3047
9491 3047
9492 3047
9493 3047
9494 3047
9495 3047
9496 3047
9497 3047
9498 3047
9499 3047
9500 3049
9501 3049
9502 3050
9503 3050
9504 3051
9505 3053
9506 3054
9507 3054
9508 3054
9509 3054
9510 3054
9511 3054
9512 3054
9513 3054
9514 3054
9515 3054
9516 3054
9517 3054
9518 3054
9519 3054
9520 3054
9521 3058
9522 3061
9523 3061
9524 3061
9525 3061
9526 3062
9527 3063
9528 3064
9529 3272
9530 3067
9531 3070
9532 3070
9533 3078
9534 3078
9535 3078
9536 3082
9537 3084
9538 3289
9539 3085
9540 3086
9541 3087
9542 3089
9543 3089
9544 3091
9545 3093
9546 3093
9547 3093
9548 3093
9549 3093
9550 3093
9551 3093
9552 3093
9553 3093
9554 3093
9555 3093
9556 3093
9557 3093
9558 3093
9559 3093
9560 3093
9561 3093
9562 3093
9563 3097
9564 3097
9565 3097
9566 3099
9567 3103
9568 3103
9569 3103
9570 3103
9571 3103
9572 3103
9573 3103
9574 3103
9575 3104
9576 3104
9577 3104
9578 3104
9579 3104
9580 3104
9581 3104
9582 3104
9583 3104
9584 3104
9585 3104
9586 3104
9587 3104
9588 3104
9589 3104
9590 3105
9591 3108
9592 3112
9593 3112
9594 3113
9595 3113
9596 3113
9597 3113
9598 3114
9599 3114
9600 3114
9601 3119
9602 3120
9603 3120
9604 3121
9605 3121
9606 3121
9607 3121
9608 3121
9609 3135
9610 3121
9611 3121
9612 3121
9613 3123
9614 3124
9615 3128
9616 3128
9617 3128
9618 3128
9619 3134
9620 3134
9621 3136
9622 3136
9623 3136
9624 3243
9625 3136
9626 3136
9627 3136
9628 3136
9629 3136
9630 3136
9631 3136
9632 3136
9633 3136
9634 3136
9635 3136
9636 3136
9637 3136
9638 3137
9639 3137
9640 3138
9641 3138
9642 3140
9643 3142
9644 3142
9645 3142
9646 3142
9647 3142
9648 3146
9649 3146
9650 3146
9651 3241
9652 3146
9653 3146
9654 3146
9655 3146
9656 3146
9657 3146
9658 3146
9659 3147
9660 3147
9661 3147
9662 3147
9663 3258
9664 3147
9665 3147
9666 3147
9667 3147
9668 3147
9669 3147
9670 3147
9671 3147
9672 3147
9673 3147
9674 3147
9675 3147
9676 3253
9677 3147
9678 3147
9679 3147
9680 3147
9681 3147
9682 3147
9683 3147
9684 3147
9685 3147
9686 3147
9687 3147
9688 3147
9689 3147
9690 3147
9691 3147
9692 3147
9693 3147
9694 3147
9695 3147
9696 3147
9697 3147
9698 3147
9699 3147
9700 3147
9701 3147
9702 3147
9703 3147
9704 3147
9705 3147
9706 3147
9707 3147
9708 3147
9709 3147
9710 3147
9711 3147
9712 3147
9713 3147
9714 3147
9715 3147
9716 3147
9717 3147
9718 3147
9719 3147
9720 3147
9721 3147
9722 3147
9723 3147
9724 3147
9725 3147
9726 3147
9727 3147
9728 3147
9729 3147
9730 3147
9731 3147
9732 3147
9733 3148
9734 3151
9735 3231
9736 3153
9737 3153
9738 3155
9739 3157
9740 3157
9741 3161
9742 3161
9743 3252
9744 3165
9745 3166
9746 3167
9747 3167
9748 3168
9749 3168
9750 3168
9751 3168
9752 3168
9753 3169
9754 3169
9755 3169
9756 3234
9757 3171
9758 3171
9759 3171
9760 3171
9761 3172
9762 3172
9763 3172
9764 3176
9765 3177
9766 3177
9767 3178
9768 3178
9769 3178
9770 3180
9771 3180
9772 3182
9773 3187
9774 3187
9775 3187
9776 3187
9777 3189
9778 3191
9779 3192
9780 3199
9781 3199
9782 3262
9783 3199
9784 3199
9785 3199
9786 3199
9787 3199
9788 3199
9789 3202
9790 3203
9791 3219
9792 3203
9793 3203
9794 3203
9795 3203
9796 3203
9797 3207
9798 3209
9799 3209
9800 3211
9801 3211
9802 3211
9803 3212
9804 3213
9805 3215
9806 3215
9807 3216
9808 3220
9809 3220
9810 3220
9811 3220
9812 3220
9813 3220
9814 3220
9815 3220
9816 3220
9817 3220
9818 3220
9819 3220
9820 3221
9821 3221
9822 3222
9823 3226
9824 3228
9825 3232
9826 3233
9827 3235
9828 3235
9829 3235
9830 3266
9831 3235
9832 3237
9833 3237
9834 3237
9835 3237
9836 3238
9837 3238
9838 3238
9839 3241
9840 3241
9841 3244
9842 3247
9843 3247
9844 3249
9845 3249
9846 3249
9847 3249
9848 3249
9849 3249
9850 3249
9851 3249
9852 3252
9853 3321
9854 3252
9855 3252
9856 3253
9857 3254
9858 3256
9859 3259
9860 3260
9861 3260
9862 3260
9863 3260
9864 3261
9865 3262
9866 3262
9867 3262
9868 3262
9869 3262
9870 3262
9871 3262
9872 3262
9873 3262
9874 3262
9875 3262
9876 3262
9877 3262
9878 3262
9879 3262
9880 3262
9881 3262
9882 3262
9883 3262
9884 3262
9885 3262
9886 3262
9887 3262
9888 3262
9889 3262
9890 3262
9891 3262
9892 3263
9893 3263
9894 3263
9895 3263
9896 3263
9897 3263
9898 3263
9899 3263
9900 3263
9901 3264
9902 3265
9903 3269
9904 3269
9905 3270
9906 3270
9907 3270
9908 3270
9909 3270
9910 3270
9911 3272
9912 3272
9913 3274
9914 3274
9915 3274
9916 3274
9917 3274
9918 3277
9919 3278
9920 3279
9921 3280
9922 3280
9923 3281
9924 3281
9925 3282
9926 3282
9927 3282
9928 3282
9929 3282
9930 3282
9931 3286
9932 3288
9933 3288
9934 3288
9935 3288
9936 3288
9937 3288
9938 3288
9939 3288
9940 3288
9941 3288
9942 3288
9943 3291
9944 3291
9945 3292
9946 3292
9947 3292
9948 3293
9949 3293
9950 3293
9951 3293
9952 3293
9953 3293
9954 3293
9955 3293
9956 3296
9957 3296
9958 3298
9959 3298
9960 3298
9961 3298
9962 3298
9963 3298
9964 3298
9965 3298
9966 3299
9967 3300
9968 3302
9969 3302
9970 3302
9971 3304
9972 3306
9973 3307
9974 3309
9975 3316
9976 3316
9977 3317
9978 3317
9979 3317
9980 3318
9981 3318
9982 3318
9983 3318
9984 3319
9985 3320
9986 3320
9987 3320
9988 3320
9989 3321
9990 3321
9991 3322
9992 3322
9993 3322
9994 3322
9995 3322
9996 3322
9997 3322
9998 3323
9999 3323
