10000 9999
1 0
2 0
3 2
4 1
5 3
6 5
7 5
8 5
9 7
10 9
11 4
12 5
13 8
14 9
15 13
16 8
17 14
18 12
19 13
20 2
21 11
22 16
23 19
24 19
25 21
26 17
27 16
28 19
29 20
30 3
31 22
32 13
33 25
34 31
35 23
36 33
37 24
38 30
39 32
40 26
41 33
42 13
43 12
44 10
45 24
46 43
47 33
48 19
49 48
50 48
51 48
52 35
53 45
54 42
55 47
56 16
57 33
58 40
59 48
60 16
61 8
62 45
63 33
64 53
65 31
66 55
67 29
68 59
69 48
70 60
71 58
72 60
73 12
74 20
75 72
76 74
77 64
78 36
79 77
80 72
81 72
82 51
83 33
84 72
85 58
86 72
87 78
88 58
89 41
90 21
91 20
92 72
93 56
94 72
95 65
96 72
97 24
98 92
99 93
100 76
101 24
102 54
103 92
104 48
105 101
106 56
107 68
108 12
109 92
110 84
111 18
112 74
113 109
114 65
115 101
116 111
117 63
118 99
119 118
120 58
121 110
122 34
123 48
124 118
125 88
126 120
127 107
128 72
129 118
130 44
131 112
132 118
133 80
134 131
135 124
136 63
137 55
138 130
139 118
140 91
141 54
142 104
143 48
144 72
145 68
146 118
147 138
148 24
149 12
150 60
151 30
152 74
153 131
154 148
155 143
156 104
157 72
158 136
159 33
160 60
161 144
162 107
163 151
164 150
165 141
166 100
167 152
168 103
169 141
170 50
171 118
172 72
173 56
174 54
175 81
176 54
177 72
178 159
179 89
180 159
181 68
182 138
183 113
184 179
185 172
186 118
187 182
188 118
189 166
190 118
191 118
192 97
193 176
194 147
195 49
196 24
197 145
198 192
199 115
200 149
201 89
202 63
203 110
204 176
205 153
206 178
207 119
208 118
209 12
210 118
211 118
212 71
213 118
214 72
215 72
216 52
217 183
218 182
219 191
220 190
221 82
222 117
223 197
224 48
225 89
226 218
227 163
228 93
229 192
230 217
231 179
232 196
233 72
234 208
235 118
236 143
237 185
238 229
239 197
240 97
241 196
242 75
243 160
244 60
245 181
246 118
247 94
248 157
249 180
250 118
251 175
252 197
253 172
254 89
255 119
256 193
257 82
258 211
259 233
260 247
261 74
262 57
263 185
264 157
265 239
266 234
267 172
268 173
269 118
270 257
271 197
272 202
273 260
274 179
275 118
276 19
277 39
278 140
279 125
280 223
281 196
282 184
283 260
284 118
285 256
286 118
287 227
288 160
289 272
290 124
291 156
292 189
293 101
294 225
295 183
296 185
297 127
298 259
299 98
300 174
301 299
302 66
303 107
304 259
305 297
306 269
307 129
308 94
309 275
310 277
311 118
312 117
313 234
314 69
315 170
316 118
317 139
318 295
319 204
320 178
321 277
322 248
323 128
324 146
325 295
326 251
327 224
328 320
329 131
330 144
331 223
332 214
333 214
334 277
335 252
336 196
337 232
338 97
339 260
340 226
341 277
342 275
343 339
344 72
345 110
346 162
347 101
348 118
349 281
350 344
351 252
352 298
353 335
354 351
355 206
356 151
357 327
358 230
359 111
360 118
361 257
362 48
363 283
364 306
365 323
366 205
367 196
368 262
369 118
370 199
371 230
372 28
373 68
374 363
375 296
376 369
377 354
378 352
379 359
380 320
381 307
382 343
383 72
384 24
385 21
386 299
387 380
388 156
389 134
390 293
391 190
392 354
393 320
394 385
395 344
396 348
397 160
398 363
399 305
400 356
401 221
402 127
403 203
404 385
405 72
406 374
407 121
408 156
409 327
410 385
411 285
412 399
413 349
414 299
415 171
416 282
417 295
418 281
419 167
420 254
421 374
422 78
423 122
424 306
425 107
426 299
427 385
428 46
429 246
430 320
431 158
432 195
433 258
434 55
435 92
436 411
437 345
438 366
439 437
440 74
441 234
442 387
443 424
444 370
445 423
446 203
447 118
448 97
449 363
450 340
451 120
452 390
453 311
454 276
455 79
456 248
457 448
458 336
459 363
460 458
461 376
462 374
463 425
464 311
465 424
466 439
467 292
468 250
469 458
470 434
471 431
472 48
473 60
474 419
475 299
476 457
477 379
478 274
479 255
480 179
481 74
482 319
483 283
484 277
485 192
486 234
487 163
488 72
489 452
490 49
491 234
492 436
493 309
494 379
495 235
496 418
497 410
498 341
499 105
500 229
501 454
502 41
503 19
504 472
505 219
506 452
507 450
508 316
509 266
510 357
511 385
512 385
513 469
514 250
515 363
516 179
517 464
518 294
519 294
520 294
521 385
522 453
523 469
524 199
525 92
526 374
527 157
528 431
529 515
530 213
531 499
532 201
533 199
534 222
535 303
536 381
537 272
538 188
539 163
540 443
541 106
542 537
543 150
544 525
545 543
546 286
547 419
548 197
549 126
550 401
551 307
552 537
553 406
554 142
555 346
556 370
557 206
558 363
559 273
560 438
561 529
562 160
563 409
564 338
565 553
566 46
567 438
568 363
569 501
570 258
571 460
572 484
573 374
574 420
575 539
576 421
577 385
578 546
579 573
580 465
581 251
582 131
583 216
584 378
585 526
586 60
587 566
588 537
589 385
590 271
591 532
592 64
593 257
594 421
595 48
596 196
597 428
598 331
599 460
600 480
601 216
602 354
603 199
604 237
605 120
606 528
607 573
608 535
609 569
610 340
611 363
612 603
613 586
614 459
615 250
616 341
617 259
618 550
619 194
620 144
621 615
622 338
623 163
624 385
625 428
626 560
627 554
628 363
629 373
630 385
631 233
632 565
633 311
634 342
635 282
636 339
637 24
638 544
639 385
640 118
641 293
642 573
643 319
644 120
645 323
646 573
647 338
648 277
649 428
650 622
651 602
652 573
653 300
654 196
655 398
656 410
657 555
658 563
659 610
660 196
661 535
662 289
663 583
664 525
665 207
666 338
667 375
668 71
669 228
670 358
671 507
672 476
673 543
674 299
675 193
676 15
677 646
678 529
679 675
680 533
681 671
682 429
683 351
684 498
685 90
686 458
687 135
688 101
689 458
690 354
691 602
692 563
693 340
694 289
695 118
696 504
697 649
698 663
699 471
700 679
701 338
702 652
703 556
704 575
705 380
706 118
707 63
708 466
709 372
710 603
711 684
712 172
713 709
714 590
715 327
716 530
717 599
718 321
719 112
720 573
721 500
722 306
723 114
724 309
725 419
726 37
727 720
728 499
729 363
730 78
731 452
732 182
733 251
734 566
735 506
736 170
737 272
738 320
739 597
740 272
741 631
742 458
743 89
744 198
745 432
746 550
747 86
748 736
749 542
750 68
751 652
752 299
753 385
754 245
755 432
756 559
757 301
758 438
759 573
760 589
761 349
762 33
763 589
764 652
765 684
766 162
767 736
768 573
769 570
770 563
771 645
772 385
773 738
774 505
775 684
776 573
777 55
778 629
779 338
780 696
781 392
782 658
783 586
784 563
785 667
786 209
787 428
788 495
789 338
790 705
791 524
792 728
793 573
794 478
795 484
796 485
797 774
798 690
799 288
800 622
801 338
802 377
803 381
804 779
805 157
806 756
807 795
808 639
809 759
810 683
811 653
812 153
813 299
814 682
815 368
816 685
817 717
818 610
819 94
820 192
821 206
822 602
823 527
824 537
825 649
826 507
827 739
828 447
829 539
830 410
831 721
832 765
833 831
834 118
835 649
836 605
837 565
838 797
839 573
840 168
841 312
842 385
843 122
844 659
845 354
846 119
847 620
848 520
849 331
850 519
851 192
852 499
853 743
854 575
855 238
856 398
857 332
858 521
859 413
860 537
861 458
862 676
863 639
864 277
865 765
866 696
867 374
868 699
869 209
870 225
871 426
872 714
873 572
874 385
875 573
876 779
877 774
878 472
879 779
880 477
881 24
882 410
883 384
884 638
885 15
886 646
887 283
888 527
889 482
890 768
891 472
892 565
893 329
894 831
895 696
896 573
897 484
898 691
899 682
900 374
901 462
902 336
903 681
904 64
905 762
906 483
907 609
908 452
909 837
910 902
911 811
912 569
913 732
914 839
915 873
916 672
917 842
918 722
919 596
920 371
921 403
922 573
923 512
924 696
925 736
926 892
927 856
928 855
929 842
930 573
931 580
932 537
933 623
934 216
935 649
936 114
937 330
938 118
939 663
940 816
941 655
942 654
943 663
944 909
945 854
946 736
947 709
948 907
949 647
950 361
951 828
952 803
953 765
954 610
955 363
956 743
957 479
958 917
959 749
960 315
961 363
962 939
963 490
964 206
965 602
966 792
967 460
968 768
969 397
970 338
971 618
972 801
973 845
974 633
975 359
976 640
977 892
978 974
979 962
980 347
981 33
982 674
983 31
984 667
985 855
986 396
987 879
988 573
989 356
990 338
991 168
992 972
993 231
994 470
995 946
996 586
997 972
998 995
999 436
1000 936
1001 893
1002 466
1003 410
1004 661
1005 473
1006 872
1007 375
1008 831
1009 982
1010 376
1011 144
1012 985
1013 746
1014 1001
1015 568
1016 887
1017 563
1018 626
1019 304
1020 988
1021 974
1022 234
1023 795
1024 808
1025 386
1026 952
1027 107
1028 288
1029 385
1030 880
1031 631
1032 628
1033 574
1034 910
1035 944
1036 46
1037 803
1038 338
1039 774
1040 767
1041 680
1042 931
1043 942
1044 941
1045 795
1046 811
1047 963
1048 840
1049 749
1050 398
1051 913
1052 734
1053 261
1054 811
1055 852
1056 912
1057 1052
1058 511
1059 970
1060 730
1061 941
1062 31
1063 1016
1064 715
1065 832
1066 459
1067 290
1068 795
1069 355
1070 696
1071 765
1072 547
1073 321
1074 678
1075 1030
1076 139
1077 523
1078 985
1079 672
1080 329
1081 879
1082 382
1083 733
1084 1071
1085 774
1086 987
1087 973
1088 581
1089 201
1090 802
1091 792
1092 63
1093 573
1094 385
1095 646
1096 774
1097 884
1098 222
1099 961
1100 395
1101 934
1102 842
1103 872
1104 43
1105 283
1106 879
1107 1025
1108 561
1109 1036
1110 815
1111 331
1112 892
1113 774
1114 1112
1115 314
1116 253
1117 273
1118 48
1119 631
1120 811
1121 342
1122 995
1123 255
1124 350
1125 564
1126 962
1127 899
1128 1057
1129 873
1130 838
1131 1058
1132 916
1133 640
1134 695
1135 639
1136 1020
1137 962
1138 145
1139 623
1140 1080
1141 463
1142 124
1143 979
1144 352
1145 995
1146 1053
1147 737
1148 606
1149 929
1150 308
1151 848
1152 900
1153 623
1154 1030
1155 491
1156 1013
1157 1108
1158 146
1159 534
1160 356
1161 837
1162 898
1163 906
1164 774
1165 837
1166 251
1167 160
1168 385
1169 663
1170 329
1171 641
1172 1141
1173 30
1174 1133
1175 516
1176 900
1177 123
1178 687
1179 295
1180 317
1181 958
1182 1076
1183 1157
1184 1019
1185 692
1186 374
1187 431
1188 831
1189 649
1190 951
1191 634
1192 537
1193 894
1194 212
1195 440
1196 335
1197 385
1198 748
1199 900
1200 291
1201 278
1202 872
1203 678
1204 374
1205 863
1206 1010
1207 962
1208 1172
1209 1099
1210 695
1211 764
1212 853
1213 741
1214 455
1215 848
1216 649
1217 1042
1218 975
1219 935
1220 932
1221 1133
1222 811
1223 796
1224 831
1225 729
1226 537
1227 962
1228 848
1229 541
1230 1127
1231 694
1232 876
1233 490
1234 1148
1235 990
1236 296
1237 972
1238 873
1239 451
1240 1120
1241 949
1242 630
1243 643
1244 916
1245 658
1246 385
1247 965
1248 765
1249 264
1250 1100
1251 1001
1252 118
1253 706
1254 835
1255 740
1256 525
1257 1071
1258 772
1259 532
1260 615
1261 656
1262 1103
1263 1108
1264 701
1265 900
1266 206
1267 879
1268 1042
1269 1202
1270 537
1271 1215
1272 602
1273 385
1274 909
1275 872
1276 991
1277 891
1278 361
1279 228
1280 1171
1281 1121
1282 1278
1283 491
1284 1080
1285 1278
1286 1054
1287 342
1288 625
1289 573
1290 586
1291 338
1292 682
1293 350
1294 545
1295 1143
1296 514
1297 1127
1298 803
1299 1135
1300 951
1301 578
1302 753
1303 1194
1304 38
1305 695
1306 1053
1307 478
1308 831
1309 1166
1310 1011
1311 177
1312 974
1313 300
1314 701
1315 757
1316 377
1317 375
1318 1254
1319 1108
1320 1293
1321 879
1322 573
1323 631
1324 1278
1325 1208
1326 625
1327 769
1328 1112
1329 67
1330 1290
1331 777
1332 1313
1333 573
1334 639
1335 831
1336 1031
1337 196
1338 1278
1339 474
1340 962
1341 1162
1342 880
1343 941
1344 1154
1345 538
1346 1317
1347 945
1348 557
1349 1167
1350 879
1351 720
1352 446
1353 63
1354 1266
1355 164
1356 1193
1357 878
1358 449
1359 1278
1360 588
1361 1104
1362 900
1363 1127
1364 622
1365 1082
1366 890
1367 766
1368 765
1369 608
1370 1114
1371 655
1372 438
1373 666
1374 92
1375 821
1376 1106
1377 927
1378 385
1379 1183
1380 1290
1381 1245
1382 1127
1383 950
1384 977
1385 156
1386 921
1387 573
1388 942
1389 1357
1390 1290
1391 646
1392 708
1393 869
1394 258
1395 674
1396 1366
1397 795
1398 622
1399 518
1400 1170
1401 1201
1402 515
1403 537
1404 945
1405 923
1406 1378
1407 136
1408 393
1409 897
1410 722
1411 1108
1412 954
1413 915
1414 1139
1415 962
1416 310
1417 461
1418 1234
1419 1121
1420 68
1421 794
1422 1414
1423 680
1424 900
1425 969
1426 744
1427 159
1428 1167
1429 1354
1430 770
1431 849
1432 716
1433 1079
1434 962
1435 1228
1436 825
1437 914
1438 1290
1439 995
1440 1262
1441 1001
1442 1368
1443 375
1444 1005
1445 623
1446 295
1447 1197
1448 405
1449 1290
1450 1427
1451 442
1452 635
1453 1359
1454 1050
1455 797
1456 898
1457 960
1458 1222
1459 419
1460 1242
1461 1428
1462 1321
1463 951
1464 1396
1465 789
1466 1394
1467 1278
1468 363
1469 1248
1470 853
1471 682
1472 894
1473 1182
1474 1127
1475 1231
1476 573
1477 1147
1478 389
1479 1263
1480 1278
1481 1174
1482 1201
1483 882
1484 928
1485 1293
1486 826
1487 1434
1488 1254
1489 1076
1490 537
1491 1007
1492 1397
1493 1224
1494 495
1495 458
1496 820
1497 1053
1498 826
1499 488
1500 524
1501 1134
1502 1180
1503 852
1504 1366
1505 1342
1506 1108
1507 1130
1508 640
1509 635
1510 639
1511 1101
1512 1375
1513 1493
1514 323
1515 1290
1516 1380
1517 214
1518 397
1519 1172
1520 1320
1521 1441
1522 375
1523 850
1524 1431
1525 389
1526 1411
1527 1290
1528 873
1529 928
1530 804
1531 655
1532 986
1533 1251
1534 1488
1535 1480
1536 1278
1537 666
1538 363
1539 971
1540 722
1541 1258
1542 1278
1543 1481
1544 1116
1545 91
1546 1389
1547 263
1548 774
1549 452
1550 289
1551 1048
1552 1133
1553 631
1554 512
1555 392
1556 1366
1557 892
1558 1108
1559 843
1560 1106
1561 862
1562 367
1563 1505
1564 1490
1565 87
1566 833
1567 497
1568 1109
1569 1476
1570 778
1571 855
1572 1278
1573 842
1574 1222
1575 1302
1576 962
1577 1357
1578 192
1579 673
1580 1488
1581 1067
1582 744
1583 646
1584 537
1585 1375
1586 352
1587 831
1588 831
1589 1278
1590 1214
1591 1552
1592 799
1593 1036
1594 1254
1595 1488
1596 900
1597 563
1598 970
1599 1461
1600 1404
1601 1541
1602 419
1603 1420
1604 1442
1605 1478
1606 786
1607 958
1608 958
1609 1219
1610 1491
1611 993
1612 1381
1613 1290
1614 1611
1615 385
1616 1107
1617 872
1618 183
1619 1246
1620 581
1621 1224
1622 139
1623 1366
1624 1051
1625 1148
1626 1214
1627 573
1628 1167
1629 825
1630 640
1631 1475
1632 879
1633 1327
1634 914
1635 567
1636 774
1637 1487
1638 1200
1639 1112
1640 1137
1641 1240
1642 1630
1643 920
1644 604
1645 1519
1646 846
1647 444
1648 937
1649 836
1650 537
1651 179
1652 1201
1653 1488
1654 1276
1655 1036
1656 961
1657 573
1658 1019
1659 1597
1660 1301
1661 1175
1662 751
1663 1178
1664 1113
1665 774
1666 1150
1667 1343
1668 873
1669 972
1670 787
1671 1594
1672 972
1673 1349
1674 1290
1675 943
1676 830
1677 250
1678 975
1679 1033
1680 1222
1681 928
1682 1288
1683 1260
1684 1342
1685 879
1686 833
1687 525
1688 817
1689 1309
1690 726
1691 263
1692 584
1693 374
1694 1570
1695 163
1696 1570
1697 1126
1698 1679
1699 890
1700 1484
1701 958
1702 670
1703 1409
1704 1467
1705 1152
1706 637
1707 1611
1708 995
1709 1290
1710 1556
1711 736
1712 1278
1713 1463
1714 1676
1715 623
1716 160
1717 1373
1718 879
1719 1207
1720 1665
1721 1490
1722 1319
1723 743
1724 826
1725 417
1726 1278
1727 1594
1728 384
1729 1320
1730 1085
1731 1307
1732 872
1733 1311
1734 1532
1735 1415
1736 1185
1737 1405
1738 1641
1739 1676
1740 1290
1741 1672
1742 1488
1743 245
1744 1082
1745 1488
1746 1148
1747 853
1748 812
1749 1519
1750 1619
1751 1158
1752 338
1753 982
1754 261
1755 696
1756 145
1757 341
1758 942
1759 1553
1760 1378
1761 1222
1762 1234
1763 1483
1764 1709
1765 1548
1766 868
1767 1715
1768 1194
1769 639
1770 1052
1771 1561
1772 1085
1773 111
1774 1082
1775 1620
1776 363
1777 1278
1778 902
1779 459
1780 1541
1781 1224
1782 847
1783 1055
1784 695
1785 1053
1786 1016
1787 1278
1788 1290
1789 180
1790 992
1791 1278
1792 343
1793 1193
1794 1619
1795 666
1796 1018
1797 1714
1798 302
1799 537
1800 1277
1801 1156
1802 299
1803 323
1804 792
1805 1261
1806 1378
1807 1046
1808 1515
1809 1648
1810 139
1811 1594
1812 1290
1813 1246
1814 1541
1815 1768
1816 1666
1817 1372
1818 779
1819 1282
1820 1541
1821 802
1822 1762
1823 995
1824 1069
1825 799
1826 1143
1827 1716
1828 375
1829 1143
1830 1611
1831 1243
1832 962
1833 1647
1834 1290
1835 1594
1836 1541
1837 879
1838 984
1839 1678
1840 1366
1841 673
1842 274
1843 1812
1844 1290
1845 1108
1846 973
1847 1047
1848 1374
1849 696
1850 1371
1851 1710
1852 1290
1853 697
1854 27
1855 1451
1856 1253
1857 1854
1858 1071
1859 1133
1860 1652
1861 1643
1862 187
1863 1541
1864 656
1865 1817
1866 477
1867 234
1868 1453
1869 779
1870 1612
1871 822
1872 1278
1873 1127
1874 433
1875 618
1876 1616
1877 456
1878 1810
1879 1838
1880 1420
1881 779
1882 1756
1883 1278
1884 872
1885 1593
1886 1136
1887 573
1888 1278
1889 774
1890 1581
1891 1121
1892 821
1893 967
1894 307
1895 1475
1896 1278
1897 1320
1898 1234
1899 1179
1900 1753
1901 986
1902 917
1903 1123
1904 1350
1905 1434
1906 1045
1907 1862
1908 1326
1909 1541
1910 118
1911 820
1912 1328
1913 1908
1914 373
1915 1224
1916 1618
1917 1278
1918 1693
1919 1366
1920 88
1921 1219
1922 1513
1923 187
1924 1918
1925 809
1926 735
1927 1611
1928 1206
1929 1541
1930 458
1931 1055
1932 667
1933 245
1934 1047
1935 444
1936 1855
1937 900
1938 1257
1939 1780
1940 1597
1941 623
1942 1789
1943 1278
1944 656
1945 1370
1946 1091
1947 499
1948 628
1949 1672
1950 1127
1951 962
1952 1597
1953 837
1954 743
1955 1770
1956 1874
1957 1090
1958 249
1959 399
1960 512
1961 1676
1962 1111
1963 836
1964 1192
1965 299
1966 1231
1967 1322
1968 1756
1969 1919
1970 1783
1971 159
1972 1155
1973 1544
1974 879
1975 765
1976 1374
1977 744
1978 714
1979 1401
1980 280
1981 1022
1982 1278
1983 462
1984 313
1985 1595
1986 1860
1987 1855
1988 743
1989 727
1990 197
1991 1785
1992 1399
1993 1290
1994 831
1995 1798
1996 1689
1997 1100
1998 1082
1999 623
2000 1316
2001 887
2002 1538
2003 1854
2004 289
2005 1374
2006 1656
2007 1359
2008 866
2009 1488
2010 1606
2011 700
2012 1408
2013 1444
2014 1650
2015 1249
2016 603
2017 1770
2018 1359
2019 972
2020 1832
2021 1059
2022 899
2023 625
2024 365
2025 1004
2026 1323
2027 1803
2028 1981
2029 1600
2030 136
2031 1606
2032 1142
2033 1018
2034 991
2035 1119
2036 1982
2037 1989
2038 1300
2039 879
2040 842
2041 1918
2042 289
2043 1279
2044 1541
2045 598
2046 1470
2047 1187
2048 1880
2049 989
2050 1278
2051 986
2052 1329
2053 1222
2054 640
2055 385
2056 1366
2057 909
2058 2046
2059 953
2060 264
2061 1899
2062 674
2063 987
2064 374
2065 987
2066 855
2067 1777
2068 698
2069 1900
2070 1051
2071 1096
2072 1667
2073 2012
2074 736
2075 1487
2076 1375
2077 490
2078 722
2079 1888
2080 1427
2081 709
2082 200
2083 1940
2084 1087
2085 1842
2086 1813
2087 1533
2088 1225
2089 1123
2090 2064
2091 1221
2092 1403
2093 1290
2094 1307
2095 1278
2096 1396
2097 1290
2098 92
2099 1689
2100 1224
2101 1736
2102 1940
2103 1449
2104 649
2105 1302
2106 1293
2107 1708
2108 1676
2109 1503
2110 1286
2111 916
2112 1545
2113 2089
2114 2088
2115 949
2116 441
2117 999
2118 591
2119 385
2120 563
2121 397
2122 1278
2123 1461
2124 1403
2125 879
2126 1848
2127 1809
2128 701
2129 1009
2130 1631
2131 1611
2132 966
2133 1278
2134 995
2135 265
2136 2056
2137 573
2138 1976
2139 693
2140 356
2141 1748
2142 1858
2143 2050
2144 573
2145 1879
2146 837
2147 2114
2148 499
2149 1804
2150 1222
2151 1279
2152 1870
2153 1415
2154 1408
2155 1931
2156 905
2157 1488
2158 618
2159 1278
2160 938
2161 1308
2162 475
2163 595
2164 1564
2165 1672
2166 1936
2167 1075
2168 2012
2169 1908
2170 639
2171 1200
2172 134
2173 2150
2174 1278
2175 1478
2176 1227
2177 1770
2178 752
2179 1615
2180 762
2181 1106
2182 1251
2183 2130
2184 2157
2185 1492
2186 1682
2187 1864
2188 1059
2189 1410
2190 1756
2191 398
2192 1108
2193 1547
2194 894
2195 1724
2196 1415
2197 879
2198 2195
2199 1919
2200 1993
2201 1703
2202 1672
2203 1121
2204 1570
2205 997
2206 1918
2207 190
2208 1246
2209 1278
2210 598
2211 995
2212 674
2213 1919
2214 573
2215 1597
2216 1455
2217 1463
2218 215
2219 791
2220 1224
2221 2208
2222 1095
2223 1657
2224 867
2225 1171
2226 1359
2227 1488
2228 843
2229 1256
2230 687
2231 1672
2232 1495
2233 1379
2234 1400
2235 1364
2236 1755
2237 125
2238 1940
2239 1090
2240 842
2241 2196
2242 1277
2243 1920
2244 1619
2245 353
2246 1870
2247 1133
2248 1053
2249 2113
2250 1475
2251 1597
2252 1777
2253 1532
2254 1905
2255 774
2256 2178
2257 1194
2258 1278
2259 975
2260 765
2261 938
2262 1496
2263 1130
2264 2061
2265 1278
2266 2126
2267 1541
2268 573
2269 1591
2270 1524
2271 1259
2272 1445
2273 1853
2274 1975
2275 196
2276 1614
2277 1551
2278 1853
2279 1395
2280 573
2281 394
2282 1581
2283 1747
2284 751
2285 1704
2286 2270
2287 855
2288 439
2289 1935
2290 1137
2291 974
2292 1587
2293 1796
2294 736
2295 1946
2296 706
2297 1756
2298 1148
2299 1301
2300 1806
2301 2113
2302 779
2303 2202
2304 928
2305 1597
2306 1133
2307 2037
2308 1149
2309 1250
2310 936
2311 1293
2312 1642
2313 1375
2314 1278
2315 1303
2316 2196
2317 648
2318 1743
2319 2079
2320 1217
2321 1240
2322 415
2323 2294
2324 1953
2325 1525
2326 1488
2327 888
2328 270
2329 922
2330 2001
2331 338
2332 537
2333 2068
2334 972
2335 1114
2336 2022
2337 2109
2338 1532
2339 1918
2340 1218
2341 1097
2342 363
2343 831
2344 1257
2345 1541
2346 962
2347 385
2348 1556
2349 1427
2350 541
2351 811
2352 1762
2353 1240
2354 831
2355 1546
2356 2023
2357 266
2358 1572
2359 1766
2360 744
2361 942
2362 1858
2363 2232
2364 1047
2365 610
2366 1611
2367 774
2368 287
2369 736
2370 2265
2371 1433
2372 2209
2373 1084
2374 2047
2375 1290
2376 978
2377 1290
2378 397
2379 1594
2380 1785
2381 1302
2382 1408
2383 1762
2384 2204
2385 1580
2386 2037
2387 120
2388 1188
2389 1701
2390 886
2391 1278
2392 2303
2393 2349
2394 1545
2395 1849
2396 2362
2397 374
2398 1320
2399 1668
2400 2256
2401 1827
2402 1853
2403 2310
2404 2276
2405 1929
2406 385
2407 1665
2408 837
2409 458
2410 1708
2411 1858
2412 1829
2413 385
2414 1315
2415 811
2416 1360
2417 957
2418 1652
2419 872
2420 1016
2421 1632
2422 576
2423 2131
2424 1987
2425 1842
2426 1886
2427 2170
2428 1542
2429 1551
2430 1475
2431 1278
2432 2182
2433 1928
2434 2125
2435 1026
2436 2196
2437 1417
2438 2276
2439 1596
2440 254
2441 2012
2442 928
2443 1375
2444 1735
2445 1587
2446 2316
2447 1541
2448 1645
2449 1541
2450 984
2451 1278
2452 1366
2453 385
2454 1106
2455 2001
2456 936
2457 2133
2458 2308
2459 1688
2460 2035
2461 2410
2462 2171
2463 2429
2464 2348
2465 1920
2466 1672
2467 2093
2468 2315
2469 299
2470 1222
2471 2029
2472 1925
2473 928
2474 586
2475 1887
2476 2066
2477 1810
2478 2182
2479 2227
2480 2227
2481 1412
2482 1435
2483 2032
2484 1812
2485 1672
2486 995
2487 2272
2488 1696
2489 2079
2490 1196
2491 1224
2492 1573
2493 1135
2494 1747
2495 2115
2496 1687
2497 2482
2498 2475
2499 2379
2500 2295
2501 2478
2502 1812
2503 2195
2504 487
2505 1552
2506 1135
2507 2355
2508 1450
2509 2471
2510 1025
2511 2223
2512 1406
2513 1337
2514 299
2515 2496
2516 2236
2517 760
2518 573
2519 2021
2520 902
2521 1507
2522 1541
2523 2030
2524 1760
2525 962
2526 1647
2527 2365
2528 1507
2529 1983
2530 1952
2531 1784
2532 616
2533 2499
2534 2429
2535 1122
2536 2046
2537 2227
2538 1231
2539 2269
2540 398
2541 1320
2542 1127
2543 2132
2544 2429
2545 1831
2546 1801
2547 371
2548 299
2549 2045
2550 2203
2551 2002
2552 1973
2553 779
2554 2196
2555 1684
2556 1810
2557 1680
2558 1557
2559 1344
2560 684
2561 1213
2562 1863
2563 1644
2564 1039
2565 340
2566 1465
2567 2203
2568 1891
2569 1916
2570 936
2571 1973
2572 2225
2573 1427
2574 823
2575 1071
2576 1278
2577 2169
2578 1278
2579 1127
2580 1813
2581 160
2582 1760
2583 1485
2584 2571
2585 1676
2586 1488
2587 2580
2588 1541
2589 2097
2590 672
2591 1691
2592 2459
2593 2378
2594 1290
2595 1194
2596 1793
2597 607
2598 1290
2599 2531
2600 1940
2601 1781
2602 1927
2603 2539
2604 2377
2605 2588
2606 74
2607 1183
2608 1034
2609 2135
2610 1812
2611 1488
2612 445
2613 1940
2614 1507
2615 68
2616 1925
2617 989
2618 2325
2619 2386
2620 1240
2621 1293
2622 2128
2623 2182
2624 623
2625 1252
2626 1948
2627 637
2628 1952
2629 829
2630 2196
2631 2117
2632 1679
2633 129
2634 1300
2635 1777
2636 208
2637 1290
2638 784
2639 1810
2640 426
2641 1557
2642 1672
2643 1536
2644 1388
2645 2427
2646 2533
2647 1555
2648 2423
2649 1541
2650 696
2651 2170
2652 360
2653 1942
2654 2296
2655 1544
2656 707
2657 2422
2658 1723
2659 2583
2660 1826
2661 2115
2662 1908
2663 2456
2664 1116
2665 1290
2666 2121
2667 2504
2668 2052
2669 2167
2670 2101
2671 718
2672 1572
2673 1723
2674 2603
2675 2294
2676 623
2677 2000
2678 2601
2679 1541
2680 492
2681 1364
2682 419
2683 1813
2684 2276
2685 2545
2686 870
2687 830
2688 568
2689 2144
2690 2545
2691 782
2692 2293
2693 2193
2694 1903
2695 2162
2696 1597
2697 1870
2698 2281
2699 1278
2700 1739
2701 1204
2702 2059
2703 2059
2704 1979
2705 2442
2706 2459
2707 1469
2708 939
2709 1819
2710 912
2711 959
2712 2272
2713 431
2714 2191
2715 1695
2716 1970
2717 1672
2718 2276
2719 1994
2720 1219
2721 481
2722 1463
2723 1760
2724 404
2725 1892
2726 1805
2727 885
2728 776
2729 2182
2730 2552
2731 385
2732 2639
2733 1594
2734 1513
2735 1488
2736 1290
2737 1034
2738 2045
2739 2695
2740 2553
2741 785
2742 2220
2743 2529
2744 956
2745 1953
2746 1550
2747 1406
2748 466
2749 962
2750 543
2751 2383
2752 2735
2753 1142
2754 59
2755 1552
2756 164
2757 2608
2758 1115
2759 1290
2760 666
2761 2178
2762 1451
2763 1772
2764 2507
2765 1951
2766 972
2767 1103
2768 2545
2769 1301
2770 2330
2771 359
2772 2037
2773 969
2774 1522
2775 658
2776 1224
2777 2093
2778 2438
2779 573
2780 2427
2781 2193
2782 2715
2783 765
2784 2150
2785 2128
2786 1473
2787 1738
2788 2530
2789 206
2790 2384
2791 116
2792 1629
2793 646
2794 1065
2795 2390
2796 1541
2797 2628
2798 2170
2799 385
2800 814
2801 2530
2802 2478
2803 2418
2804 852
2805 2126
2806 480
2807 2132
2808 639
2809 2535
2810 331
2811 2283
2812 2599
2813 537
2814 214
2815 2163
2816 2603
2817 2677
2818 1396
2819 1420
2820 1562
2821 2220
2822 2553
2823 2603
2824 2018
2825 972
2826 1216
2827 1100
2828 1870
2829 2530
2830 1494
2831 1283
2832 2196
2833 1541
2834 1106
2835 374
2836 851
2837 1590
2838 663
2839 1672
2840 2329
2841 2346
2842 2472
2843 1787
2844 2162
2845 2692
2846 1442
2847 639
2848 1415
2849 2116
2850 779
2851 2812
2852 1144
2853 2659
2854 1359
2855 1121
2856 2677
2857 1278
2858 2692
2859 2429
2860 2679
2861 1456
2862 2325
2863 2233
2864 1280
2865 1716
2866 2836
2867 2184
2868 1247
2869 1793
2870 1151
2871 1449
2872 269
2873 2429
2874 2705
2875 2052
2876 1245
2877 537
2878 2664
2879 1652
2880 1043
2881 1684
2882 1611
2883 2417
2884 2199
2885 1461
2886 2851
2887 2883
2888 2512
2889 173
2890 2715
2891 1858
2892 1375
2893 2037
2894 2801
2895 1516
2896 2341
2897 157
2898 2325
2899 95
2900 489
2901 1498
2902 1871
2903 95
2904 2196
2905 2647
2906 1055
2907 1741
2908 2616
2909 1840
2910 2477
2911 1760
2912 1858
2913 2048
2914 1983
2915 2389
2916 2561
2917 2650
2918 452
2919 1497
2920 2156
2921 1810
2922 2891
2923 1442
2924 24
2925 1374
2926 508
2927 1997
2928 2721
2929 1348
2930 879
2931 219
2932 2708
2933 198
2934 418
2935 1278
2936 2308
2937 480
2938 2902
2939 2263
2940 337
2941 613
2942 2409
2943 1047
2944 533
2945 318
2946 1666
2947 472
2948 2913
2949 2498
2950 1224
2951 2046
2952 2603
2953 1864
2954 2736
2955 2715
2956 711
2957 995
2958 2309
2959 1491
2960 2280
2961 2429
2962 1340
2963 974
2964 2277
2965 759
2966 2281
2967 2715
2968 1304
2969 2841
2970 2249
2971 581
2972 1251
2973 2893
2974 1992
2975 2893
2976 2522
2977 774
2978 1708
2979 541
2980 1541
2981 2603
2982 1652
2983 2812
2984 1983
2985 2912
2986 2931
2987 2244
2988 1112
2989 2601
2990 1012
2991 2166
2992 1375
2993 1490
2994 622
2995 2009
2996 55
2997 1541
2998 2196
2999 2178
3000 2716
3001 2494
3002 1685
3003 2467
3004 872
3005 2533
3006 1793
3007 2429
3008 2128
3009 2358
3010 576
3011 2239
3012 2809
3013 761
3014 1368
3015 2937
3016 3000
3017 1320
3018 974
3019 2032
3020 2055
3021 862
3022 2608
3023 1610
3024 1557
3025 2598
3026 1155
3027 2121
3028 1597
3029 1421
3030 1290
3031 686
3032 1111
3033 1224
3034 1278
3035 1366
3036 2893
3037 1583
3038 1908
3039 2721
3040 2272
3041 2114
3042 1672
3043 1524
3044 1199
3045 2310
3046 2888
3047 1870
3048 1278
3049 349
3050 1986
3051 1278
3052 1052
3053 1541
3054 2589
3055 2700
3056 2603
3057 1584
3058 2234
3059 1998
3060 2196
3061 2966
3062 1810
3063 1225
3064 2345
3065 2662
3066 1373
3067 219
3068 957
3069 2950
3070 894
3071 1222
3072 1443
3073 2220
3074 2003
3075 1645
3076 774
3077 2534
3078 410
3079 1652
3080 983
3081 1261
3082 1269
3083 2730
3084 2449
3085 3068
3086 3068
3087 2691
3088 1376
3089 1710
3090 958
3091 2603
3092 2448
3093 3073
3094 2753
3095 2334
3096 1649
3097 1320
3098 1681
3099 2857
3100 367
3101 2120
3102 374
3103 347
3104 2546
3105 3068
3106 3092
3107 2571
3108 2655
3109 1016
3110 2108
3111 1278
3112 1304
3113 1083
3114 3068
3115 2527
3116 1127
3117 2397
3118 3094
3119 2003
3120 2750
3121 563
3122 1986
3123 2418
3124 2562
3125 1475
3126 1461
3127 1889
3128 947
3129 930
3130 925
3131 3068
3132 1823
3133 1798
3134 1461
3135 2344
3136 1257
3137 1870
3138 2406
3139 2441
3140 2022
3141 1290
3142 1278
3143 2277
3144 2461
3145 675
3146 2984
3147 1508
3148 2751
3149 2182
3150 3143
3151 2826
3152 1317
3153 2539
3154 1963
3155 1932
3156 2715
3157 1984
3158 2808
3159 2807
3160 602
3161 1106
3162 1442
3163 2119
3164 2272
3165 2291
3166 3027
3167 2438
3168 3104
3169 3068
3170 1965
3171 2304
3172 2926
3173 2854
3174 1557
3175 2851
3176 2715
3177 2220
3178 2912
3179 2196
3180 1203
3181 2739
3182 1165
3183 3036
3184 1677
3185 663
3186 2654
3187 909
3188 2012
3189 2618
3190 1788
3191 1453
3192 2196
3193 2442
3194 2043
3195 2171
3196 3136
3197 2677
3198 2337
3199 2193
3200 2028
3201 2715
3202 3152
3203 2228
3204 625
3205 1368
3206 665
3207 1842
3208 3111
3209 1037
3210 1295
3211 2074
3212 2252
3213 1847
3214 2471
3215 3122
3216 359
3217 569
3218 2824
3219 750
3220 1753
3221 3042
3222 972
3223 1925
3224 1940
3225 1781
3226 1847
3227 3014
3228 2721
3229 2326
3230 868
3231 803
3232 2605
3233 133
3234 1908
3235 2329
3236 1044
3237 2121
3238 2964
3239 2690
3240 1239
3241 2959
3242 1294
3243 2601
3244 1248
3245 2643
3246 2177
3247 1774
3248 2185
3249 1103
3250 240
3251 774
3252 2715
3253 3068
3254 537
3255 2150
3256 1858
3257 2945
3258 1984
3259 713
3260 1906
3261 2603
3262 724
3263 2017
3264 1193
3265 1521
3266 1224
3267 2616
3268 942
3269 385
3270 2196
3271 900
3272 1788
3273 938
3274 3139
3275 1232
3276 2551
3277 1294
3278 3254
3279 2375
3280 2389
3281 2452
3282 3078
3283 2422
3284 1672
3285 3258
3286 3020
3287 2978
3288 3025
3289 1129
3290 1594
3291 349
3292 942
3293 2775
3294 569
3295 3207
3296 879
3297 3229
3298 3254
3299 2388
3300 3254
3301 818
3302 3254
3303 1475
3304 2053
3305 1524
3306 1507
3307 2769
3308 2984
3309 1234
3310 1619
3311 837
3312 3068
3313 1530
3314 2598
3315 1655
3316 2815
3317 1752
3318 3223
3319 2429
3320 3311
3321 289
3322 2651
3323 2918
3324 862
3325 685
3326 67
3327 163
3328 6
3329 85
3330 200
3331 61
3332 3119
3333 2070
3334 2791
3335 1361
3336 73
3337 1393
3338 108
3339 277
3340 2081
3341 102
3342 2727
3343 93
3344 244
3345 2456
3346 241
3347 1177
3348 503
3349 2710
3350 1511
3351 2112
3352 481
3353 1331
3354 404
3355 2924
3356 154
3357 1690
3358 881
3359 883
3360 64
3361 637
3362 3250
3363 688
3364 27
3365 1173
3366 3112
3367 2228
3368 1062
3369 3080
3370 2180
3371 2440
3372 83
3373 33
3374 1092
3375 981
3376 1450
3377 422
3378 815
3379 39
3380 502
3381 42
3382 587
3383 44
3384 62
3385 597
3386 1568
3387 362
3388 2758
3389 236
3390 104
3391 1875
3392 1118
3393 472
3394 1934
3395 2815
3396 1457
3397 1064
3398 2318
3399 755
3400 52
3401 169
3402 2110
3403 2545
3404 1798
3405 137
3406 2996
3407 994
3408 2889
3409 2979
3410 668
3411 2387
3412 2243
3413 2754
3414 59
3415 70
3416 1355
3417 857
3418 2941
3419 473
3420 562
3421 1098
3422 860
3423 2523
3424 1353
3425 2656
3426 904
3427 64
3428 1626
3429 592
3430 2899
3431 65
3432 2052
3433 1914
3434 2025
3435 2948
3436 750
3437 2297
3438 2615
3439 71
3440 2468
3441 242
3442 72
3443 383
3444 805
3445 260
3446 96
3447 2127
3448 3233
3449 747
3450 488
3451 2024
3452 712
3453 1293
3454 1448
3455 175
3456 1352
3457 1733
3458 1213
3459 2218
3460 2098
3461 1072
3462 2606
3463 1195
3464 1053
3465 719
3466 467
3467 74
3468 1060
3469 1565
3470 81
3471 1278
3472 84
3473 87
3474 2237
3475 1089
3476 1651
3477 1954
3478 225
3479 1201
3480 1374
3481 2640
3482 2229
3483 2429
3484 2569
3485 435
3486 92
3487 669
3488 1432
3489 819
3490 1150
3491 2903
3492 97
3493 972
3494 97
3495 796
3496 2590
3497 524
3498 531
3499 2572
3500 3103
3501 627
3502 104
3503 408
3504 104
3505 107
3506 1027
3507 657
3508 402
3509 1645
3510 345
3511 407
3512 110
3513 975
3514 111
3515 1773
3516 1170
3517 723
3518 841
3519 118
3520 1345
3521 284
3522 2433
3523 2217
3524 2051
3525 118
3526 119
3527 118
3528 286
3529 1910
3530 1494
3531 706
3532 250
3533 551
3534 118
3535 2926
3536 1067
3537 1633
3538 1751
3539 1622
3540 3273
3541 3262
3542 834
3543 1867
3544 2625
3545 2322
3546 210
3547 186
3548 132
3549 2652
3550 118
3551 2531
3552 522
3553 118
3554 219
3555 640
3556 118
3557 2872
3558 429
3559 220
3560 1123
3561 1646
3562 3206
3563 644
3564 3240
3565 120
3566 836
3567 549
3568 2612
3569 3019
3570 2230
3571 279
3572 125
3573 412
3574 128
3575 128
3576 2633
3577 582
3578 131
3579 131
3580 2172
3581 1635
3582 132
3583 1478
3584 1407
3585 431
3586 619
3587 1810
3588 1502
3589 2786
3590 165
3591 155
3592 847
3593 1011
3594 161
3595 714
3596 1138
3597 324
3598 543
3599 356
3600 812
3601 1638
3602 388
3603 1385
3604 456
3605 823
3606 157
3607 2897
3608 157
3609 2060
3610 328
3611 159
3612 1958
3613 1971
3614 243
3615 1673
3616 1028
3617 160
3618 2581
3619 2865
3620 160
3621 160
3622 160
3623 1518
3624 766
3625 2667
3626 1695
3627 1445
3628 2029
3629 2368
3630 2756
3631 991
3632 2294
3633 267
3634 2693
3635 1116
3636 268
3637 174
3638 2971
3639 285
3640 178
3641 1429
3642 2425
3643 416
3644 1661
3645 2806
3646 1611
3647 1942
3648 181
3649 2139
3650 1862
3651 325
3652 217
3653 1346
3654 1644
3655 1923
3656 2207
3657 391
3658 190
3659 192
3660 2866
3661 1426
3662 820
3663 1578
3664 1588
3665 192
3666 2011
3667 2940
3668 660
3669 196
3670 196
3671 196
3672 349
3673 596
3674 1337
3675 3100
3676 942
3677 2275
3678 2520
3679 548
3680 1990
3681 2490
3682 849
3683 2135
3684 2933
3685 533
3686 603
3687 370
3688 199
3689 2082
3690 2271
3691 1386
3692 205
3693 1824
3694 821
3695 2789
3696 2929
3697 206
3698 964
3699 2636
3700 1606
3701 212
3702 2814
3703 1517
3704 333
3705 601
3706 1169
3707 2547
3708 3067
3709 2931
3710 2977
3711 1159
3712 1980
3713 294
3714 2686
3715 2043
3716 228
3717 229
3718 855
3719 229
3720 1702
3721 304
3722 313
3723 486
3724 1972
3725 1022
3726 234
3727 2849
3728 509
3729 237
3730 242
3731 243
3732 754
3733 1933
3734 322
3735 248
3736 249
3737 250
3738 3184
3739 468
3740 250
3741 1296
3742 250
3743 1683
3744 326
3745 1166
3746 251
3747 3113
3748 810
3749 420
3750 479
3751 593
3752 2328
3753 258
3754 1874
3755 1466
3756 617
3757 298
3758 1365
3759 283
3760 1117
3761 1754
3762 2591
3763 263
3764 264
3765 2015
3766 2357
3767 266
3768 269
3769 722
3770 1477
3771 1255
3772 289
3773 806
3774 478
3775 342
3776 864
3777 873
3778 277
3779 1757
3780 334
3781 321
3782 2317
3783 1416
3784 2934
3785 1452
3786 1105
3787 1779
3788 1163
3789 2455
3790 285
3791 2117
3792 1660
3793 286
3794 288
3795 288
3796 1592
3797 289
3798 289
3799 2042
3800 289
3801 3321
3802 694
3803 2004
3804 662
3805 2746
3806 291
3807 292
3808 452
3809 2870
3810 1523
3811 518
3812 295
3813 2061
3814 1725
3815 295
3816 2945
3817 1446
3818 1236
3819 297
3820 1586
3821 414
3822 2739
3823 813
3824 299
3825 1315
3826 2514
3827 299
3828 1802
3829 2469
3830 1965
3831 1025
3832 2212
3833 2548
3834 2256
3835 299
3836 1332
3837 1184
3838 364
3839 540
3840 306
3841 536
3842 1894
3843 493
3844 309
3845 974
3846 517
3847 313
3848 3157
3849 317
3850 889
3851 430
3852 1855
3853 320
3854 2382
3855 773
3856 320
3857 1073
3858 2671
3859 1514
3860 645
3861 1803
3862 325
3863 510
3864 1017
3865 1140
3866 893
3867 3032
3868 2810
3869 2045
3870 2245
3871 335
3872 335
3873 335
3874 336
3875 3031
3876 336
3877 338
3878 2331
3879 338
3880 1038
3881 2566
3882 1717
3883 1291
3884 338
3885 701
3886 338
3887 1235
3888 338
3889 650
3890 338
3891 338
3892 338
3893 970
3894 779
3895 338
3896 564
3897 338
3898 338
3899 3317
3900 338
3901 338
3902 338
3903 1241
3904 338
3905 636
3906 2565
3907 507
3908 844
3909 2532
3910 684
3911 1121
3912 1191
3913 1287
3914 1792
3915 1100
3916 1392
3917 345
3918 345
3919 980
3920 349
3921 3049
3922 3291
3923 349
3924 3013
3925 859
3926 1124
3927 1846
3928 2852
3929 1692
3930 2239
3931 392
3932 602
3933 798
3934 355
3935 355
3936 356
3937 400
3938 989
3939 1160
3940 2140
3941 357
3942 3216
3943 359
3944 2771
3945 379
3946 1383
3947 462
3948 363
3949 363
3950 1209
3951 363
3952 3063
3953 363
3954 363
3955 363
3956 611
3957 1468
3958 515
3959 363
3960 558
3961 398
3962 1358
3963 1776
3964 1948
3965 363
3966 2342
3967 363
3968 1015
3969 955
3970 363
3971 1538
3972 363
3973 363
3974 363
3975 365
3976 2820
3977 444
3978 370
3979 370
3980 703
3981 371
3982 1643
3983 1570
3984 2701
3985 585
3986 573
3987 900
3988 2397
3989 421
3990 374
3991 2064
3992 406
3993 1186
3994 3102
3995 867
3996 2835
3997 1918
3998 374
3999 1828
4000 375
4001 375
4002 3072
4003 1522
4004 375
4005 3023
4006 375
4007 667
4008 2437
4009 1316
4010 378
4011 379
4012 494
4013 1866
4014 790
4015 803
4016 383
4017 383
4018 1728
4019 2731
4020 385
4021 639
4022 763
4023 1378
4024 427
4025 385
4026 1615
4027 1460
4028 1246
4029 1805
4030 2055
4031 1273
4032 385
4033 521
4034 1094
4035 2040
4036 385
4037 2347
4038 2406
4039 3269
4040 385
4041 3163
4042 512
4043 874
4044 577
4045 385
4046 385
4047 1258
4048 1197
4049 385
4050 1168
4051 385
4052 2799
4053 385
4054 385
4055 753
4056 1029
4057 2453
4058 385
4059 385
4060 1058
4061 2413
4062 2966
4063 624
4064 385
4065 387
4066 388
4067 388
4068 1525
4069 390
4070 781
4071 2905
4072 1425
4073 2593
4074 2121
4075 397
4076 2191
4077 398
4078 941
4079 2540
4080 398
4081 1377
4082 1050
4083 1959
4084 2724
4085 406
4086 892
4087 408
4088 882
4089 410
4090 3282
4091 1676
4092 1003
4093 1567
4094 410
4095 496
4096 419
4097 1602
4098 419
4099 2682
4100 419
4101 725
4102 419
4103 1339
4104 1459
4105 420
4106 1698
4107 594
4108 2422
4109 2320
4110 424
4111 871
4112 2104
4113 428
4114 2356
4115 787
4116 429
4117 429
4118 682
4119 2713
4120 2359
4121 606
4122 2374
4123 745
4124 434
4125 434
4126 2680
4127 438
4128 758
4129 438
4130 1817
4131 2293
4132 2288
4133 440
4134 1935
4135 1647
4136 452
4137 1549
4138 452
4139 908
4140 735
4141 731
4142 2900
4143 2918
4144 452
4145 456
4146 1877
4147 742
4148 2942
4149 689
4150 2232
4151 1077
4152 861
4153 2459
4154 458
4155 458
4156 458
4157 1930
4158 614
4159 1066
4160 460
4161 460
4162 1893
4163 460
4164 571
4165 462
4166 901
4167 462
4168 2914
4169 2748
4170 1002
4171 466
4172 513
4173 469
4174 470
4175 924
4176 2947
4177 2242
4178 878
4179 472
4180 1444
4181 1563
4182 3029
4183 478
4184 2094
4185 957
4186 480
4187 600
4188 2937
4189 480
4190 480
4191 2721
4192 897
4193 484
4194 484
4195 3260
4196 484
4197 484
4198 1499
4199 488
4200 1233
4201 2077
4202 1283
4203 494
4204 494
4205 788
4206 497
4207 497
4208 852
4209 2148
4210 1947
4211 499
4212 499
4213 499
4214 499
4215 499
4216 2543
4217 499
4218 502
4219 504
4220 507
4221 826
4222 671
4223 511
4224 511
4225 1554
4226 1960
4227 923
4228 515
4229 1402
4230 529
4231 1992
4232 520
4233 858
4234 521
4235 522
4236 1500
4237 2219
4238 2515
4239 525
4240 664
4241 525
4242 1097
4243 2327
4244 3180
4245 529
4246 561
4247 532
4248 2118
4249 2944
4250 1041
4251 535
4252 1369
4253 535
4254 535
4255 537
4256 1964
4257 1799
4258 537
4259 1403
4260 824
4261 537
4262 537
4263 2014
4264 2813
4265 537
4266 552
4267 537
4268 537
4269 1220
4270 1490
4271 2332
4272 537
4273 1226
4274 3254
4275 537
4276 537
4277 537
4278 1049
4279 537
4280 3057
4281 537
4282 537
4283 537
4284 2877
4285 1270
4286 1360
4287 2629
4288 1229
4289 2350
4290 2750
4291 3242
4292 1579
4293 543
4294 545
4295 550
4296 1156
4297 550
4298 551
4299 553
4300 553
4301 559
4302 559
4303 1506
4304 561
4305 1185
4306 2120
4307 3293
4308 563
4309 3121
4310 563
4311 2638
4312 2788
4313 563
4314 1430
4315 1125
4316 837
4317 565
4318 632
4319 3052
4320 2688
4321 568
4322 569
4323 3294
4324 948
4325 569
4326 3217
4327 569
4328 1211
4329 573
4330 1627
4331 1093
4332 573
4333 2223
4334 3318
4335 1333
4336 573
4337 573
4338 2268
4339 875
4340 2518
4341 720
4342 1387
4343 573
4344 2137
4345 573
4346 573
4347 573
4348 573
4349 2728
4350 2214
4351 896
4352 573
4353 968
4354 1569
4355 3129
4356 573
4357 1634
4358 573
4359 2426
4360 573
4361 579
4362 2779
4363 2498
4364 1289
4365 2960
4366 1967
4367 2144
4368 793
4369 2597
4370 922
4371 642
4372 2793
4373 704
4374 576
4375 576
4376 3010
4377 578
4378 580
4379 581
4380 581
4381 1775
4382 581
4383 1088
4384 996
4385 2474
4386 1290
4387 783
4388 587
4389 2517
4390 919
4391 827
4392 598
4393 2210
4394 602
4395 1272
4396 2868
4397 651
4398 602
4399 602
4400 3160
4401 898
4402 2902
4403 602
4404 612
4405 603
4406 2016
4407 710
4408 1418
4409 609
4410 609
4411 3115
4412 3301
4413 954
4414 610
4415 621
4416 2158
4417 618
4418 1539
4419 622
4420 622
4421 800
4422 622
4423 2994
4424 2235
4425 1398
4426 1941
4427 623
4428 623
4429 623
4430 1999
4431 2676
4432 1767
4433 623
4434 933
4435 1153
4436 623
4437 1422
4438 2624
4439 623
4440 623
4441 624
4442 2186
4443 3204
4444 1908
4445 626
4446 1032
4447 2026
4448 1031
4449 1759
4450 2460
4451 633
4452 1509
4453 637
4454 1706
4455 2627
4456 808
4457 1334
4458 1135
4459 1510
4460 2847
4461 2170
4462 639
4463 1205
4464 2808
4465 1769
4466 1642
4467 3147
4468 2054
4469 640
4470 640
4471 640
4472 2091
4473 976
4474 640
4475 642
4476 771
4477 646
4478 1583
4479 2222
4480 1391
4481 2795
4482 677
4483 646
4484 647
4485 649
4486 3151
4487 1219
4488 649
4489 2278
4490 1254
4491 2792
4492 1189
4493 650
4494 702
4495 751
4496 1531
4497 1850
4498 1944
4499 2953
4500 1245
4501 658
4502 782
4503 661
4504 662
4505 2838
4506 3185
4507 2068
4508 1675
4509 1227
4510 2760
4511 1537
4512 1795
4513 1932
4514 2741
4515 2450
4516 667
4517 671
4518 903
4519 1244
4520 2371
4521 1841
4522 2062
4523 1395
4524 1753
4525 3145
4526 675
4527 676
4528 1074
4529 678
4530 1423
4531 1471
4532 2336
4533 1292
4534 2800
4535 682
4536 2560
4537 3244
4538 684
4539 775
4540 2956
4541 940
4542 685
4543 687
4544 687
4545 1178
4546 691
4547 691
4548 1966
4549 1210
4550 1134
4551 695
4552 1305
4553 696
4554 696
4555 2516
4556 696
4557 866
4558 1070
4559 696
4560 696
4561 1849
4562 895
4563 696
4564 696
4565 780
4566 696
4567 696
4568 2650
4569 701
4570 701
4571 2128
4572 1314
4573 1264
4574 701
4575 701
4576 701
4577 701
4578 703
4579 703
4580 703
4581 705
4582 706
4583 2654
4584 1856
4585 3128
4586 3259
4587 1269
4588 1978
4589 715
4590 717
4591 720
4592 720
4593 720
4594 720
4595 720
4596 720
4597 1351
4598 727
4599 2189
4600 1540
4601 2078
4602 722
4603 722
4604 918
4605 726
4606 1989
4607 727
4608 733
4609 734
4610 1926
4611 735
4612 2369
4613 1040
4614 1198
4615 995
4616 2074
4617 3130
4618 1711
4619 736
4620 736
4621 737
4622 740
4623 741
4624 742
4625 742
4626 742
4627 743
4628 743
4629 1988
4630 743
4631 743
4632 956
4633 2673
4634 743
4635 1212
4636 743
4637 1977
4638 744
4639 744
4640 1582
4641 2360
4642 748
4643 2711
4644 749
4645 749
4646 3219
4647 751
4648 751
4649 2284
4650 1662
4651 751
4652 751
4653 753
4654 753
4655 1302
4656 759
4657 2965
4658 905
4659 764
4660 2260
4661 865
4662 2783
4663 765
4664 1368
4665 2373
4666 765
4667 765
4668 765
4669 765
4670 765
4671 953
4672 1065
4673 2274
4674 1367
4675 1366
4676 772
4677 774
4678 774
4679 3127
4680 1664
4681 1507
4682 774
4683 774
4684 1665
4685 1636
4686 877
4687 1730
4688 1164
4689 2071
4690 2255
4691 3251
4692 1765
4693 774
4694 774
4695 2564
4696 774
4697 774
4698 3076
4699 2367
4700 777
4701 777
4702 779
4703 2850
4704 1818
4705 779
4706 1881
4707 1232
4708 2302
4709 3313
4710 1869
4711 1685
4712 2740
4713 3087
4714 786
4715 1670
4716 788
4717 1091
4718 792
4719 2149
4720 795
4721 1068
4722 3248
4723 807
4724 1023
4725 795
4726 795
4727 1223
4728 2216
4729 1825
4730 801
4731 1821
4732 803
4733 3231
4734 803
4735 1298
4736 2435
4737 1037
4738 803
4739 1024
4740 810
4741 811
4742 2415
4743 811
4744 1240
4745 811
4746 811
4747 1046
4748 811
4749 911
4750 811
4751 811
4752 2351
4753 1222
4754 811
4755 811
4756 811
4757 811
4758 811
4759 1748
4760 813
4761 813
4762 813
4763 1110
4764 815
4765 816
4766 2262
4767 820
4768 1911
4769 1375
4770 2725
4771 823
4772 2574
4773 823
4774 1436
4775 826
4776 2901
4777 1724
4778 1486
4779 830
4780 2687
4781 2354
4782 1335
4783 1686
4784 831
4785 2343
4786 1308
4787 831
4788 831
4789 3299
4790 831
4791 1008
4792 831
4793 831
4794 831
4795 1587
4796 3070
4797 1994
4798 1224
4799 1566
4800 835
4801 3154
4802 836
4803 1649
4804 1161
4805 1953
4806 2408
4807 2146
4808 837
4809 837
4810 3311
4811 3187
4812 1165
4813 837
4814 842
4815 842
4816 1902
4817 842
4818 2492
4819 1102
4820 842
4821 2240
4822 2308
4823 842
4824 842
4825 1559
4826 843
4827 846
4828 1782
4829 2497
4830 1215
4831 848
4832 3305
4833 851
4834 852
4835 852
4836 2804
4837 1503
4838 852
4839 1055
4840 853
4841 2494
4842 2046
4843 855
4844 855
4845 2476
4846 1571
4847 928
4848 2287
4849 985
4850 856
4851 3021
4852 1561
4853 2008
4854 866
4855 867
4856 2224
4857 3230
4858 870
4859 870
4860 870
4861 1006
4862 3004
4863 1103
4864 1884
4865 1732
4866 1275
4867 872
4868 2419
4869 1617
4870 872
4871 3289
4872 1238
4873 873
4874 1413
4875 873
4876 1528
4877 873
4878 1668
4879 875
4880 878
4881 1357
4882 878
4883 878
4884 2434
4885 1106
4886 879
4887 879
4888 1974
4889 2930
4890 879
4891 879
4892 2039
4893 1081
4894 1632
4895 879
4896 3296
4897 1462
4898 1718
4899 879
4900 2065
4901 2197
4902 1904
4903 1837
4904 879
4905 879
4906 1267
4907 2167
4908 880
4909 1483
4910 886
4911 2420
4912 889
4913 889
4914 1699
4915 891
4916 892
4917 892
4918 892
4919 1112
4920 926
4921 1557
4922 1384
4923 892
4924 1001
4925 893
4926 894
4927 1472
4928 1193
4929 894
4930 2194
4931 894
4932 894
4933 894
4934 894
4935 894
4936 2201
4937 898
4938 1341
4939 2861
4940 1127
4941 900
4942 1362
4943 1176
4944 1424
4945 1265
4946 900
4947 900
4948 900
4949 900
4950 2439
4951 900
4952 1199
4953 1937
4954 1705
4955 3271
4956 901
4957 1034
4958 1778
4959 2156
4960 909
4961 2057
4962 1274
4963 1035
4964 909
4965 911
4966 1056
4967 1437
4968 1132
4969 916
4970 916
4971 2111
4972 916
4973 958
4974 917
4975 919
4976 2840
4977 1405
4978 3193
4979 928
4980 1681
4981 3171
4982 2473
4983 1529
4984 1700
4985 929
4986 933
4987 935
4988 2570
4989 1000
4990 2310
4991 2261
4992 2160
4993 938
4994 2708
4995 939
4996 939
4997 939
4998 939
4999 3236
5000 1343
5001 1061
5002 942
5003 2880
5004 3292
5005 1388
5006 942
5007 942
5008 1758
5009 3268
5010 2361
5011 942
5012 944
5013 944
5014 1347
5015 945
5016 949
5017 2115
5018 2634
5019 951
5020 1190
5021 2059
5022 2481
5023 2744
5024 956
5025 3068
5026 957
5027 2417
5028 958
5029 1181
5030 1608
5031 3090
5032 958
5033 958
5034 958
5035 1607
5036 2389
5037 960
5038 2006
5039 1951
5040 962
5041 1697
5042 979
5043 962
5044 1637
5045 1415
5046 962
5047 2525
5048 1576
5049 2290
5050 962
5051 1340
5052 962
5053 2020
5054 1207
5055 962
5056 962
5057 962
5058 962
5059 962
5060 962
5061 962
5062 2749
5063 2841
5064 962
5065 963
5066 963
5067 963
5068 963
5069 2773
5070 1598
5071 1059
5072 970
5073 2825
5074 2766
5075 1672
5076 1237
5077 1790
5078 2019
5079 972
5080 972
5081 972
5082 972
5083 972
5084 3095
5085 3222
5086 1669
5087 2205
5088 2084
5089 973
5090 974
5091 974
5092 1021
5093 1312
5094 974
5095 2291
5096 974
5097 2376
5098 974
5099 3018
5100 974
5101 2963
5102 974
5103 974
5104 974
5105 974
5106 2340
5107 1839
5108 2259
5109 975
5110 979
5111 1143
5112 979
5113 979
5114 2129
5115 984
5116 1838
5117 1078
5118 1012
5119 985
5120 986
5121 986
5122 1901
5123 986
5124 1532
5125 987
5126 987
5127 1086
5128 987
5129 987
5130 2063
5131 2049
5132 2617
5133 990
5134 990
5135 991
5136 2034
5137 991
5138 1654
5139 995
5140 2486
5141 2809
5142 1145
5143 995
5144 995
5145 2134
5146 995
5147 2211
5148 998
5149 3132
5150 2957
5151 1708
5152 995
5153 995
5154 995
5155 1439
5156 1000
5157 1251
5158 1014
5159 1001
5160 3265
5161 1001
5162 1005
5163 1005
5164 1007
5165 1310
5166 2990
5167 1012
5168 1013
5169 1016
5170 3109
5171 1063
5172 1786
5173 1016
5174 2033
5175 1658
5176 1021
5177 1981
5178 1024
5179 1025
5180 1025
5181 1107
5182 1025
5183 2510
5184 1027
5185 1027
5186 1027
5187 1028
5188 1030
5189 1030
5190 2559
5191 1030
5192 1336
5193 2737
5194 1034
5195 2608
5196 1655
5197 1885
5198 1036
5199 1037
5200 3209
5201 1040
5202 1268
5203 1046
5204 1807
5205 1047
5206 2364
5207 3213
5208 2943
5209 1047
5210 1050
5211 1050
5212 1050
5213 1050
5214 1454
5215 1624
5216 2177
5217 1128
5218 2919
5219 1053
5220 1053
5221 1053
5222 1146
5223 1053
5224 2248
5225 1785
5226 1306
5227 1053
5228 1054
5229 1055
5230 1055
5231 2716
5232 1055
5233 1931
5234 2906
5235 1131
5236 1059
5237 1059
5238 2021
5239 1059
5240 2188
5241 1065
5242 1065
5243 1065
5244 2794
5245 1066
5246 2282
5247 1068
5248 1071
5249 1071
5250 2396
5251 2344
5252 1071
5253 2575
5254 1489
5255 1076
5256 1076
5257 1078
5258 1080
5259 1284
5260 3059
5261 1774
5262 1744
5263 2763
5264 1086
5265 1957
5266 1946
5267 1091
5268 1091
5269 1091
5270 1094
5271 1095
5272 2896
5273 2827
5274 1250
5275 2927
5276 1101
5277 3249
5278 1440
5279 2767
5280 1106
5281 1560
5282 1106
5283 2181
5284 2834
5285 3161
5286 1106
5287 2454
5288 1106
5289 1376
5290 1106
5291 1616
5292 1107
5293 1107
5294 1722
5295 1108
5296 1108
5297 1108
5298 1845
5299 1526
5300 1108
5301 1157
5302 1479
5303 2192
5304 1558
5305 1110
5306 1962
5307 1639
5308 2988
5309 1945
5310 1328
5311 1114
5312 1114
5313 1114
5314 2335
5315 1114
5316 1115
5317 1544
5318 1116
5319 2878
5320 1118
5321 1118
5322 1121
5323 2568
5324 2550
5325 1121
5326 1121
5327 1121
5328 1121
5329 1419
5330 1281
5331 2855
5332 1121
5333 2089
5334 2694
5335 1123
5336 1123
5337 1123
5338 1123
5339 1950
5340 1127
5341 1474
5342 1127
5343 2579
5344 1363
5345 1873
5346 1127
5347 1127
5348 1127
5349 1382
5350 3116
5351 1127
5352 1127
5353 1127
5354 2542
5355 1127
5356 1127
5357 1127
5358 1127
5359 1127
5360 1127
5361 1127
5362 1230
5363 1297
5364 2263
5365 1543
5366 2755
5367 1859
5368 2306
5369 1133
5370 2247
5371 1133
5372 1133
5373 1133
5374 1133
5375 1133
5376 1501
5377 1135
5378 1299
5379 2493
5380 2506
5381 1640
5382 1139
5383 1142
5384 3094
5385 1143
5386 1826
5387 1143
5388 2412
5389 1143
5390 1143
5391 3210
5392 1148
5393 1148
5394 2298
5395 1148
5396 1625
5397 1148
5398 1746
5399 1666
5400 1150
5401 1151
5402 1154
5403 1154
5404 1155
5405 3026
5406 1155
5407 1155
5408 1156
5409 3168
5410 1157
5411 1157
5412 2607
5413 3182
5414 1165
5415 1165
5416 1165
5417 1165
5418 1165
5419 1165
5420 1165
5421 1165
5422 1165
5423 2099
5424 1628
5425 1461
5426 1167
5427 1170
5428 1400
5429 1171
5430 2864
5431 1325
5432 1174
5433 1178
5434 1663
5435 1179
5436 1183
5437 1183
5438 2233
5439 2670
5440 1191
5441 3264
5442 3006
5443 1356
5444 1193
5445 2595
5446 1815
5447 1194
5448 1194
5449 1194
5450 1194
5451 2257
5452 1194
5453 1194
5454 1197
5455 1447
5456 3044
5457 1200
5458 2171
5459 1201
5460 1482
5461 2803
5462 2704
5463 1201
5464 1719
5465 1210
5466 1211
5467 2561
5468 1214
5469 1214
5470 1214
5471 1590
5472 1271
5473 1921
5474 1219
5475 1609
5476 2720
5477 1574
5478 1761
5479 1458
5480 1222
5481 1222
5482 3304
5483 1222
5484 2557
5485 1222
5486 1222
5487 1222
5488 2470
5489 1222
5490 3071
5491 1222
5492 2150
5493 1222
5494 1223
5495 1223
5496 1223
5497 1223
5498 1223
5499 1621
5500 1224
5501 1224
5502 1493
5503 2776
5504 1224
5505 2100
5506 3033
5507 3073
5508 1224
5509 1224
5510 3266
5511 1781
5512 1224
5513 1224
5514 2950
5515 1224
5516 2491
5517 1224
5518 1915
5519 1224
5520 1224
5521 2088
5522 1226
5523 2176
5524 1475
5525 1231
5526 2538
5527 1231
5528 1232
5529 1232
5530 3275
5531 1762
5532 3309
5533 1898
5534 1234
5535 1234
5536 1239
5537 1239
5538 1240
5539 2353
5540 1641
5541 2620
5542 1240
5543 1240
5544 1240
5545 2321
5546 1241
5547 1242
5548 1243
5549 1244
5550 1244
5551 1245
5552 1245
5553 2876
5554 1245
5555 1870
5556 1245
5557 1245
5558 1245
5559 1246
5560 2086
5561 1246
5562 1246
5563 1246
5564 2244
5565 1246
5566 1246
5567 1246
5568 1246
5569 2221
5570 1246
5571 1248
5572 1248
5573 2707
5574 1250
5575 2958
5576 1250
5577 2087
5578 2972
5579 1251
5580 2182
5581 1252
5582 1252
5583 1594
5584 2326
5585 1254
5586 1254
5587 1254
5588 1254
5589 1318
5590 1254
5591 1254
5592 1938
5593 3136
5594 1257
5595 1258
5596 1258
5597 2860
5598 1258
5599 1258
5600 1261
5601 3081
5602 1261
5603 3082
5604 1274
5605 1277
5606 1800
5607 1278
5608 1278
5609 2122
5610 1278
5611 1278
5612 1278
5613 2319
5614 2576
5615 1278
5616 1278
5617 1278
5618 1278
5619 1896
5620 2050
5621 1278
5622 1338
5623 1278
5624 1278
5625 1278
5626 1285
5627 3048
5628 1278
5629 2095
5630 2457
5631 1872
5632 1278
5633 2578
5634 1542
5635 1324
5636 1917
5637 1278
5638 1278
5639 1278
5640 1278
5641 2643
5642 1278
5643 1278
5644 1278
5645 2258
5646 2159
5647 1278
5648 1278
5649 3034
5650 1278
5651 1278
5652 1278
5653 1480
5654 1278
5655 3208
5656 1359
5657 1589
5658 1278
5659 1278
5660 1278
5661 1278
5662 1278
5663 1278
5664 1278
5665 1278
5666 2372
5667 1278
5668 1726
5669 1278
5670 1278
5671 2174
5672 1278
5673 2672
5674 1278
5675 1943
5676 1278
5677 2391
5678 1278
5679 1278
5680 1278
5681 1278
5682 3142
5683 1278
5684 1278
5685 1278
5686 1278
5687 1278
5688 1278
5689 1777
5690 1278
5691 1704
5692 1278
5693 3099
5694 1278
5695 1278
5696 2265
5697 1278
5698 2709
5699 1787
5700 1712
5701 2314
5702 2431
5703 2036
5704 1278
5705 3051
5706 2699
5707 1883
5708 1278
5709 1278
5710 2451
5711 1278
5712 1278
5713 1278
5714 2935
5715 1791
5716 1278
5717 2151
5718 1279
5719 1279
5720 1279
5721 1279
5722 2831
5723 1286
5724 1287
5725 2759
5726 1290
5727 1290
5728 1290
5729 1290
5730 1290
5731 1290
5732 1290
5733 2736
5734 3272
5735 2375
5736 1740
5737 1290
5738 1290
5739 1290
5740 1290
5741 1290
5742 1290
5743 2665
5744 1290
5745 1290
5746 1290
5747 1674
5748 1330
5749 2200
5750 2594
5751 1290
5752 2637
5753 1438
5754 1852
5755 1527
5756 1449
5757 1290
5758 1812
5759 1390
5760 1844
5761 1290
5762 1290
5763 1515
5764 1834
5765 1764
5766 1290
5767 3054
5768 1290
5769 1290
5770 1380
5771 1290
5772 2093
5773 1290
5774 3141
5775 1290
5776 1290
5777 1290
5778 1290
5779 3030
5780 1290
5781 1290
5782 2598
5783 2377
5784 1613
5785 2311
5786 2583
5787 1293
5788 2621
5789 1293
5790 1293
5791 1293
5792 1320
5793 1293
5794 2106
5795 1293
5796 3277
5797 1295
5798 1300
5799 2038
5800 1301
5801 2299
5802 3307
5803 1301
5804 1575
5805 1302
5806 1302
5807 2381
5808 1302
5809 1302
5810 2105
5811 2968
5812 1305
5813 1307
5814 1731
5815 1307
5816 1308
5817 1308
5818 2161
5819 1308
5820 1309
5821 1309
5822 1312
5823 2414
5824 1315
5825 2677
5826 1317
5827 1317
5828 3152
5829 1317
5830 1317
5831 1320
5832 1320
5833 1320
5834 2541
5835 1320
5836 1520
5837 1729
5838 1320
5839 1320
5840 3097
5841 3017
5842 2398
5843 1897
5844 1320
5845 1320
5846 1326
5847 1912
5848 1337
5849 1337
5850 1337
5851 2513
5852 1337
5853 1339
5854 1340
5855 2962
5856 1341
5857 1684
5858 1667
5859 1352
5860 1577
5861 2507
5862 2007
5863 3173
5864 2226
5865 2824
5866 1453
5867 2416
5868 1360
5869 1361
5870 1362
5871 2681
5872 1464
5873 1366
5874 1366
5875 1366
5876 1623
5877 1366
5878 1366
5879 1366
5880 3281
5881 3035
5882 1366
5883 1919
5884 1366
5885 2136
5886 1366
5887 2348
5888 1366
5889 2909
5890 1504
5891 3014
5892 1368
5893 1368
5894 1368
5895 1442
5896 3205
5897 1370
5898 1370
5899 3066
5900 1373
5901 2925
5902 1374
5903 1976
5904 1374
5905 2805
5906 2005
5907 1585
5908 1375
5909 1512
5910 1375
5911 1375
5912 1375
5913 1375
5914 2076
5915 1375
5916 1375
5917 2443
5918 2992
5919 2313
5920 1375
5921 2892
5922 1375
5923 3088
5924 1378
5925 1378
5926 1760
5927 2300
5928 1378
5929 1406
5930 1378
5931 1378
5932 1379
5933 1379
5934 2895
5935 1381
5936 1382
5937 1382
5938 1383
5939 1385
5940 1386
5941 2644
5942 1388
5943 1393
5944 1394
5945 1394
5946 1395
5947 1395
5948 2279
5949 1395
5950 1396
5951 2096
5952 1396
5953 2818
5954 1396
5955 1397
5956 3058
5957 1400
5958 1400
5959 2124
5960 1403
5961 1403
5962 2092
5963 1403
5964 1405
5965 1737
5966 2747
5967 2512
5968 1406
5969 1408
5970 2154
5971 1408
5972 1408
5973 2012
5974 2848
5975 1415
5976 1415
5977 1415
5978 1415
5979 1735
5980 1415
5981 2196
5982 1415
5983 1415
5984 1415
5985 2153
5986 1415
5987 1415
5988 1415
5989 1420
5990 1603
5991 2819
5992 1424
5993 1425
5994 1426
5995 1427
5996 1427
5997 1427
5998 1427
5999 1427
6000 2349
6001 2573
6002 1427
6003 1427
6004 2080
6005 1428
6006 1429
6007 1429
6008 1429
6009 1431
6010 1433
6011 1434
6012 2254
6013 1434
6014 1435
6015 1435
6016 1438
6017 1438
6018 1438
6019 1440
6020 1440
6021 1442
6022 2923
6023 1442
6024 1442
6025 2846
6026 1442
6027 1604
6028 3162
6029 1442
6030 1442
6031 1442
6032 1442
6033 1442
6034 1442
6035 1442
6036 1442
6037 1442
6038 1444
6039 2013
6040 1445
6041 2272
6042 1448
6043 1449
6044 2871
6045 1449
6046 2103
6047 1450
6048 2508
6049 2762
6050 1451
6051 1452
6052 1453
6053 3191
6054 1868
6055 1599
6056 2885
6057 2123
6058 3134
6059 3126
6060 1461
6061 1461
6062 1713
6063 1463
6064 1463
6065 2722
6066 1464
6067 1470
6068 1470
6069 1473
6070 3303
6071 2183
6072 1895
6073 2430
6074 1475
6075 2250
6076 3125
6077 1476
6078 1476
6079 1605
6080 2175
6081 1478
6082 1480
6083 1535
6084 1763
6085 1485
6086 1485
6087 2075
6088 1488
6089 1653
6090 1488
6091 1488
6092 1488
6093 1595
6094 2227
6095 1488
6096 1488
6097 1534
6098 1488
6099 2995
6100 1488
6101 1488
6102 1488
6103 1488
6104 1488
6105 2157
6106 1488
6107 1488
6108 1488
6109 1488
6110 1742
6111 1488
6112 1488
6113 1488
6114 2611
6115 1488
6116 1488
6117 2735
6118 1488
6119 1488
6120 1488
6121 1488
6122 1488
6123 1488
6124 1488
6125 2586
6126 1488
6127 1488
6128 1488
6129 1745
6130 2385
6131 1489
6132 2993
6133 1490
6134 1721
6135 2164
6136 1491
6137 2959
6138 1491
6139 1491
6140 1491
6141 2734
6142 1494
6143 1494
6144 1494
6145 2830
6146 1494
6147 1494
6148 1494
6149 1499
6150 1499
6151 1499
6152 1499
6153 1499
6154 1499
6155 1500
6156 1502
6157 1502
6158 1503
6159 2109
6160 2521
6161 1507
6162 1507
6163 1507
6164 1507
6165 2614
6166 1507
6167 1507
6168 1507
6169 1507
6170 3306
6171 1507
6172 1507
6173 1507
6174 2528
6175 1507
6176 1510
6177 1511
6178 1513
6179 1513
6180 1513
6181 1513
6182 1513
6183 1513
6184 1513
6185 1513
6186 1513
6187 1922
6188 1513
6189 1808
6190 1516
6191 1517
6192 1518
6193 1749
6194 1521
6195 1522
6196 1522
6197 2774
6198 1523
6199 3043
6200 1524
6201 1524
6202 1524
6203 1524
6204 2286
6205 1524
6206 1524
6207 2325
6208 1526
6209 1527
6210 1532
6211 1734
6212 1532
6213 2253
6214 1532
6215 2338
6216 1532
6217 1532
6218 1532
6219 1532
6220 1532
6221 1536
6222 1538
6223 3276
6224 1538
6225 1538
6226 3064
6227 1541
6228 1814
6229 1541
6230 1541
6231 1541
6232 1541
6233 1541
6234 1541
6235 1541
6236 1541
6237 1541
6238 1541
6239 1541
6240 2997
6241 2796
6242 1541
6243 1541
6244 1601
6245 2649
6246 1909
6247 1541
6248 1541
6249 1836
6250 2267
6251 3232
6252 1541
6253 1541
6254 3053
6255 1541
6256 2405
6257 1541
6258 1541
6259 1541
6260 1541
6261 1541
6262 1541
6263 1541
6264 1541
6265 1541
6266 1541
6267 2522
6268 1541
6269 1541
6270 3084
6271 1541
6272 1541
6273 1541
6274 1541
6275 1939
6276 2044
6277 2833
6278 1820
6279 1541
6280 1541
6281 1541
6282 1541
6283 1541
6284 1541
6285 1541
6286 1541
6287 1541
6288 1541
6289 1541
6290 1541
6291 1541
6292 1541
6293 1541
6294 1541
6295 1541
6296 2447
6297 2980
6298 1541
6299 3124
6300 1542
6301 2428
6302 1544
6303 1544
6304 1544
6305 2571
6306 1544
6307 2655
6308 1544
6309 2394
6310 1548
6311 1548
6312 2277
6313 1551
6314 1551
6315 3153
6316 2505
6317 1554
6318 1554
6319 1554
6320 1710
6321 1556
6322 1557
6323 3024
6324 1557
6325 1557
6326 1557
6327 2641
6328 1557
6329 1557
6330 2558
6331 3174
6332 1771
6333 1561
6334 1562
6335 1563
6336 1569
6337 1570
6338 1694
6339 1570
6340 1570
6341 1570
6342 1570
6343 1696
6344 2204
6345 1570
6346 1571
6347 3009
6348 1573
6349 1573
6350 1573
6351 1573
6352 1574
6353 1575
6354 1577
6355 1579
6356 1580
6357 1581
6358 1890
6359 1581
6360 3037
6361 1584
6362 2445
6363 1587
6364 1587
6365 1587
6366 1587
6367 2292
6368 1587
6369 1587
6370 1587
6371 1589
6372 2837
6373 1592
6374 1592
6375 1593
6376 1593
6377 1594
6378 1835
6379 1594
6380 1594
6381 2733
6382 1594
6383 1594
6384 1594
6385 1727
6386 2499
6387 1594
6388 1594
6389 1594
6390 1671
6391 3290
6392 1811
6393 1594
6394 1985
6395 1595
6396 1597
6397 1659
6398 1597
6399 1597
6400 1940
6401 1597
6402 1597
6403 1597
6404 2305
6405 1597
6406 2215
6407 1597
6408 3028
6409 1597
6410 1597
6411 2251
6412 2696
6413 1597
6414 1597
6415 1597
6416 1598
6417 1598
6418 1598
6419 1599
6420 1599
6421 1599
6422 1603
6423 1603
6424 1605
6425 1606
6426 1606
6427 2010
6428 2031
6429 1606
6430 1606
6431 1606
6432 1606
6433 1609
6434 1609
6435 1609
6436 1609
6437 1609
6438 1611
6439 1611
6440 1611
6441 1611
6442 1611
6443 1611
6444 1611
6445 1611
6446 2423
6447 1611
6448 2718
6449 1611
6450 1611
6451 1830
6452 2602
6453 1611
6454 2366
6455 1611
6456 2882
6457 1707
6458 1611
6459 1611
6460 1611
6461 1614
6462 2179
6463 1615
6464 1615
6465 1876
6466 1619
6467 1619
6468 1619
6469 1619
6470 1794
6471 3310
6472 1619
6473 1619
6474 1619
6475 1750
6476 1622
6477 1623
6478 1624
6479 1629
6480 1630
6481 1630
6482 1630
6483 1630
6484 1632
6485 2421
6486 1632
6487 1635
6488 1635
6489 1635
6490 1635
6491 1635
6492 1635
6493 1640
6494 2787
6495 1641
6496 2312
6497 1861
6498 1643
6499 1643
6500 2563
6501 2448
6502 3075
6503 1647
6504 1647
6505 2526
6506 1647
6507 1647
6508 1833
6509 1647
6510 1647
6511 1647
6512 1648
6513 3096
6514 1651
6515 1651
6516 1860
6517 3079
6518 1652
6519 1652
6520 1652
6521 2879
6522 1652
6523 2982
6524 1652
6525 3315
6526 1655
6527 1657
6528 1658
6529 1662
6530 1662
6531 1662
6532 1663
6533 1663
6534 2407
6535 1720
6536 1665
6537 1816
6538 2946
6539 1666
6540 2072
6541 1667
6542 1667
6543 1667
6544 2399
6545 1671
6546 1671
6547 1672
6548 1672
6549 1672
6550 1672
6551 2165
6552 1672
6553 1672
6554 1672
6555 2466
6556 1672
6557 1949
6558 2231
6559 3221
6560 3284
6561 1672
6562 1672
6563 1672
6564 1672
6565 1672
6566 2839
6567 1672
6568 1672
6569 1672
6570 1672
6571 2202
6572 1672
6573 1672
6574 1672
6575 2717
6576 1672
6577 1672
6578 2642
6579 1672
6580 2907
6581 1672
6582 1672
6583 1672
6584 1672
6585 2485
6586 1672
6587 1672
6588 1672
6589 1672
6590 1672
6591 1673
6592 2585
6593 1676
6594 2700
6595 1676
6596 1961
6597 1797
6598 2108
6599 1676
6600 1676
6601 1678
6602 1678
6603 2632
6604 1679
6605 1681
6606 3098
6607 2881
6608 1684
6609 2555
6610 3002
6611 1689
6612 1996
6613 1690
6614 1690
6615 1690
6616 1690
6617 1692
6618 2715
6619 1695
6620 1695
6621 1695
6622 1696
6623 2488
6624 1696
6625 1696
6626 1696
6627 1698
6628 1698
6629 1699
6630 1699
6631 1702
6632 1704
6633 1704
6634 1704
6635 2285
6636 1704
6637 1705
6638 2107
6639 1708
6640 3144
6641 2978
6642 1708
6643 1710
6644 1710
6645 1710
6646 1710
6647 1851
6648 1710
6649 3089
6650 1712
6651 2401
6652 1717
6653 1720
6654 1722
6655 1722
6656 2658
6657 1723
6658 1724
6659 2195
6660 1725
6661 1726
6662 1727
6663 1727
6664 1728
6665 1728
6666 2444
6667 1735
6668 1736
6669 1737
6670 1737
6671 1739
6672 1741
6673 1742
6674 1747
6675 2811
6676 2141
6677 1752
6678 3220
6679 1900
6680 1755
6681 1755
6682 1755
6683 1756
6684 2190
6685 1882
6686 1968
6687 1756
6688 1758
6689 1758
6690 1758
6691 1760
6692 1760
6693 1760
6694 1760
6695 1760
6696 1760
6697 2524
6698 2911
6699 2723
6700 1760
6701 1760
6702 1760
6703 1760
6704 2582
6705 1760
6706 1761
6707 1761
6708 1761
6709 1762
6710 1762
6711 1762
6712 1822
6713 1762
6714 2352
6715 1762
6716 2383
6717 1765
6718 1765
6719 1765
6720 1767
6721 1770
6722 1770
6723 3263
6724 1955
6725 1771
6726 1772
6727 1773
6728 3247
6729 1776
6730 2067
6731 1777
6732 1777
6733 1777
6734 1777
6735 1777
6736 1777
6737 1777
6738 3212
6739 2635
6740 1777
6741 1777
6742 2601
6743 1781
6744 3225
6745 1785
6746 1991
6747 1785
6748 2380
6749 2843
6750 3190
6751 1788
6752 1790
6753 2596
6754 1793
6755 1793
6756 1793
6757 2869
6758 1793
6759 1793
6760 1793
6761 1793
6762 1793
6763 1793
6764 1793
6765 1793
6766 1793
6767 1794
6768 1794
6769 1796
6770 1796
6771 1798
6772 1798
6773 3133
6774 1798
6775 1995
6776 1798
6777 1799
6778 1799
6779 1800
6780 1802
6781 2027
6782 1804
6783 2726
6784 1805
6785 1806
6786 1808
6787 1808
6788 3062
6789 1810
6790 1878
6791 2732
6792 2556
6793 1810
6794 1810
6795 2921
6796 1810
6797 1810
6798 2910
6799 2610
6800 2484
6801 1843
6802 1812
6803 2502
6804 1812
6805 2683
6806 1813
6807 1813
6808 1813
6809 2587
6810 1813
6811 1813
6812 1813
6813 1814
6814 1815
6815 1817
6816 1817
6817 1865
6818 1817
6819 1818
6820 1825
6821 1826
6822 1826
6823 2660
6824 1826
6825 1828
6826 1832
6827 1834
6828 1834
6829 1838
6830 2145
6831 1839
6832 1839
6833 1842
6834 1842
6835 1842
6836 2085
6837 3207
6838 1842
6839 1845
6840 3226
6841 1849
6842 2395
6843 1851
6844 1851
6845 1851
6846 1851
6847 1851
6848 1851
6849 1851
6850 1851
6851 1851
6852 1851
6853 1852
6854 1853
6855 2402
6856 2273
6857 1854
6858 1857
6859 1855
6860 1855
6861 1855
6862 1855
6863 1855
6864 1855
6865 1987
6866 1855
6867 2991
6868 1856
6869 1858
6870 2891
6871 1858
6872 1858
6873 1858
6874 1858
6875 1858
6876 1858
6877 2142
6878 1858
6879 2411
6880 2912
6881 1858
6882 1858
6883 1858
6884 1858
6885 1858
6886 1858
6887 1858
6888 3256
6889 1858
6890 1858
6891 1858
6892 1858
6893 1858
6894 3215
6895 1861
6896 1861
6897 1862
6898 1907
6899 1862
6900 1863
6901 1863
6902 1864
6903 2187
6904 1864
6905 1865
6906 1865
6907 1865
6908 1867
6909 1867
6910 1868
6911 1870
6912 1870
6913 2246
6914 1870
6915 1870
6916 1870
6917 1870
6918 2152
6919 1870
6920 1870
6921 1870
6922 1870
6923 1870
6924 2697
6925 1870
6926 1870
6927 3137
6928 2828
6929 1870
6930 1870
6931 3047
6932 1870
6933 1870
6934 1871
6935 1871
6936 1873
6937 1956
6938 1874
6939 1875
6940 1877
6941 1880
6942 1881
6943 1882
6944 1883
6945 1884
6946 1888
6947 1891
6948 1892
6949 1900
6950 1900
6951 1900
6952 1900
6953 2069
6954 1904
6955 1905
6956 1905
6957 1908
6958 1908
6959 1908
6960 1908
6961 1908
6962 1908
6963 3234
6964 3038
6965 1908
6966 1908
6967 1908
6968 1908
6969 1908
6970 1908
6971 1913
6972 1908
6973 1908
6974 1908
6975 1908
6976 1908
6977 2169
6978 1908
6979 1908
6980 1908
6981 1908
6982 1908
6983 1908
6984 2662
6985 1908
6986 1908
6987 1908
6988 1908
6989 1908
6990 1917
6991 1917
6992 2206
6993 1924
6994 1918
6995 1918
6996 2339
6997 1918
6998 2041
6999 1918
7000 1918
7001 1919
7002 1919
7003 2884
7004 1919
7005 2213
7006 1919
7007 1919
7008 1919
7009 1919
7010 1919
7011 1919
7012 1969
7013 1919
7014 2465
7015 1921
7016 1924
7017 1924
7018 2472
7019 1925
7020 2908
7021 1925
7022 1926
7023 1929
7024 1929
7025 1929
7026 1931
7027 1931
7028 1931
7029 2155
7030 1931
7031 3155
7032 1935
7033 1935
7034 1935
7035 1935
7036 1935
7037 1935
7038 1935
7039 2289
7040 1935
7041 1935
7042 1935
7043 1935
7044 1935
7045 1936
7046 1939
7047 1939
7048 1939
7049 1939
7050 2600
7051 1940
7052 3224
7053 1940
7054 1940
7055 2083
7056 1940
7057 1940
7058 1940
7059 1940
7060 2613
7061 2102
7062 1940
7063 2238
7064 1942
7065 2653
7066 1942
7067 1942
7068 1943
7069 1943
7070 1943
7071 1944
7072 2295
7073 1946
7074 1947
7075 2626
7076 1948
7077 1948
7078 1948
7079 1948
7080 1949
7081 1951
7082 1951
7083 2765
7084 1951
7085 2628
7086 1953
7087 2745
7088 1953
7089 1953
7090 1953
7091 2324
7092 1954
7093 1958
7094 1958
7095 1960
7096 1962
7097 1965
7098 3170
7099 1966
7100 1970
7101 1972
7102 1972
7103 2730
7104 1973
7105 1976
7106 1976
7107 1976
7108 2138
7109 1980
7110 1980
7111 1980
7112 2028
7113 1982
7114 1982
7115 1983
7116 1983
7117 2529
7118 2984
7119 3258
7120 1984
7121 1984
7122 1984
7123 3050
7124 1986
7125 1986
7126 1986
7127 2424
7128 1987
7129 1987
7130 1987
7131 1987
7132 1988
7133 1988
7134 1988
7135 1988
7136 2037
7137 1989
7138 1989
7139 1989
7140 1989
7141 1991
7142 2974
7143 1994
7144 2719
7145 1994
7146 1994
7147 1994
7148 1994
7149 1994
7150 1994
7151 1994
7152 1994
7153 2330
7154 2001
7155 3074
7156 2008
7157 2011
7158 2012
7159 2012
7160 2012
7161 2012
7162 2012
7163 3274
7164 2073
7165 2012
7166 2012
7167 3188
7168 2012
7169 2012
7170 2168
7171 2012
7172 2013
7173 2013
7174 2013
7175 2013
7176 2014
7177 2014
7178 2014
7179 2014
7180 2015
7181 2016
7182 2017
7183 2017
7184 2018
7185 2519
7186 3140
7187 2024
7188 2024
7189 2024
7190 2024
7191 3200
7192 2509
7193 2029
7194 2029
7195 2483
7196 2034
7197 2036
7198 2036
7199 2772
7200 2037
7201 2893
7202 2307
7203 2037
7204 2037
7205 2037
7206 2386
7207 2037
7208 2037
7209 2038
7210 2038
7211 2038
7212 2038
7213 2039
7214 2040
7215 2040
7216 3194
7217 2043
7218 2738
7219 2549
7220 2046
7221 2046
7222 2951
7223 2046
7224 2046
7225 2046
7226 2046
7227 2058
7228 2046
7229 2046
7230 2536
7231 2046
7232 2046
7233 2046
7234 2046
7235 2046
7236 2046
7237 2046
7238 2046
7239 2046
7240 2046
7241 2046
7242 2046
7243 2047
7244 2050
7245 2050
7246 2143
7247 2050
7248 2668
7249 2052
7250 2875
7251 2052
7252 2052
7253 2053
7254 2053
7255 2054
7256 2054
7257 3286
7258 2055
7259 2056
7260 2702
7261 2703
7262 2264
7263 2061
7264 2061
7265 2063
7266 2064
7267 2090
7268 2333
7269 2068
7270 2069
7271 2071
7272 2071
7273 2073
7274 2074
7275 2074
7276 2074
7277 3211
7278 2074
7279 2077
7280 2489
7281 2082
7282 2082
7283 2083
7284 2084
7285 2084
7286 2084
7287 2084
7288 2084
7289 2084
7290 2086
7291 2086
7292 2086
7293 2086
7294 2087
7295 2114
7296 2089
7297 2113
7298 2089
7299 2089
7300 2089
7301 2089
7302 2090
7303 2777
7304 3003
7305 2093
7306 2094
7307 2094
7308 2094
7309 2097
7310 2097
7311 2099
7312 2099
7313 2101
7314 3110
7315 2109
7316 2109
7317 2109
7318 2109
7319 2109
7320 2109
7321 2337
7322 2109
7323 2109
7324 2111
7325 2111
7326 2111
7327 2112
7328 2113
7329 2113
7330 2113
7331 2249
7332 2301
7333 3041
7334 2114
7335 2147
7336 2114
7337 2114
7338 2661
7339 2495
7340 2116
7341 2116
7342 2117
7343 2631
7344 2117
7345 2117
7346 2119
7347 3101
7348 3166
7349 2121
7350 2121
7351 2666
7352 2121
7353 3237
7354 2121
7355 2121
7356 2121
7357 2121
7358 2121
7359 2121
7360 2121
7361 2121
7362 2125
7363 2125
7364 2266
7365 2128
7366 2128
7367 2128
7368 2785
7369 2128
7370 2128
7371 3008
7372 2622
7373 2128
7374 2128
7375 2128
7376 2129
7377 2129
7378 2131
7379 2132
7380 2132
7381 2132
7382 2132
7383 2807
7384 2132
7385 2132
7386 2132
7387 2132
7388 2132
7389 2132
7390 2132
7391 2132
7392 2132
7393 2132
7394 2132
7395 2132
7396 2132
7397 2133
7398 2134
7399 2134
7400 2134
7401 2609
7402 2135
7403 2135
7404 2135
7405 2135
7406 2135
7407 2135
7408 2135
7409 2138
7410 2138
7411 2139
7412 2143
7413 2143
7414 2689
7415 2150
7416 3255
7417 2150
7418 2784
7419 2150
7420 2150
7421 2150
7422 2150
7423 2150
7424 2173
7425 2150
7426 2150
7427 2150
7428 2150
7429 2150
7430 2150
7431 2150
7432 2150
7433 2151
7434 2152
7435 2152
7436 2152
7437 2152
7438 2152
7439 2153
7440 2920
7441 2156
7442 2156
7443 2156
7444 2156
7445 2156
7446 2156
7447 2156
7448 2156
7449 2156
7450 2157
7451 2867
7452 2157
7453 2161
7454 2161
7455 2162
7456 2162
7457 2162
7458 2844
7459 2162
7460 2165
7461 2165
7462 2165
7463 2669
7464 2167
7465 2167
7466 2167
7467 2577
7468 2170
7469 2427
7470 3322
7471 2798
7472 2462
7473 3195
7474 2174
7475 2176
7476 2177
7477 2177
7478 3246
7479 2177
7480 2177
7481 2177
7482 2177
7483 2177
7484 2177
7485 2999
7486 2178
7487 2178
7488 2761
7489 2178
7490 2179
7491 2182
7492 2182
7493 2182
7494 2729
7495 2182
7496 2182
7497 2182
7498 2182
7499 2182
7500 2182
7501 2182
7502 2182
7503 2182
7504 2182
7505 2478
7506 2182
7507 2182
7508 2182
7509 2432
7510 2182
7511 2623
7512 2182
7513 3149
7514 2182
7515 2182
7516 2182
7517 2184
7518 2184
7519 2184
7520 2185
7521 2185
7522 2186
7523 2186
7524 2187
7525 2187
7526 2187
7527 2187
7528 2187
7529 2714
7530 2192
7531 2192
7532 2192
7533 2193
7534 2193
7535 2193
7536 2193
7537 2193
7538 2193
7539 2781
7540 3199
7541 2193
7542 2193
7543 2193
7544 2193
7545 2193
7546 2193
7547 2193
7548 2193
7549 2193
7550 2195
7551 2198
7552 2503
7553 2196
7554 2196
7555 2196
7556 2196
7557 2196
7558 2904
7559 2196
7560 3060
7561 2630
7562 3192
7563 2196
7564 2196
7565 2196
7566 2196
7567 2998
7568 2196
7569 2196
7570 2196
7571 2196
7572 2196
7573 2196
7574 2196
7575 2196
7576 2832
7577 2196
7578 2196
7579 2196
7580 2196
7581 2196
7582 2196
7583 2446
7584 2196
7585 2196
7586 2196
7587 3270
7588 2196
7589 2241
7590 2196
7591 2436
7592 2196
7593 2196
7594 2196
7595 2196
7596 2196
7597 2196
7598 2196
7599 2196
7600 2196
7601 2196
7602 2196
7603 2196
7604 2196
7605 2196
7606 2196
7607 2196
7608 2196
7609 2196
7610 2196
7611 2196
7612 2196
7613 2196
7614 2554
7615 2196
7616 2196
7617 2196
7618 2196
7619 2196
7620 3179
7621 2196
7622 2201
7623 2202
7624 2202
7625 2392
7626 2203
7627 2203
7628 2567
7629 2203
7630 2203
7631 2203
7632 2204
7633 2204
7634 2790
7635 2204
7636 2207
7637 2207
7638 2207
7639 2207
7640 2207
7641 2207
7642 2207
7643 2207
7644 2207
7645 2207
7646 2208
7647 2212
7648 2218
7649 2219
7650 2742
7651 3177
7652 2220
7653 2220
7654 2821
7655 2511
7656 2223
7657 2224
7658 2226
7659 2226
7660 2226
7661 2227
7662 2227
7663 2227
7664 2227
7665 2227
7666 2227
7667 2479
7668 2227
7669 2537
7670 2227
7671 2227
7672 2227
7673 2227
7674 2227
7675 2227
7676 2480
7677 2227
7678 2227
7679 2227
7680 3203
7681 2228
7682 2229
7683 2231
7684 2232
7685 2232
7686 2363
7687 2232
7688 2232
7689 2232
7690 2232
7691 2863
7692 2238
7693 2238
7694 2238
7695 3011
7696 2241
7697 2244
7698 2244
7699 2987
7700 2244
7701 2244
7702 2246
7703 2246
7704 2247
7705 2248
7706 2970
7707 2250
7708 2253
7709 2400
7710 2257
7711 2260
7712 2260
7713 2261
7714 2263
7715 2939
7716 2264
7717 2264
7718 2370
7719 2266
7720 2266
7721 2266
7722 2269
7723 2271
7724 2272
7725 2272
7726 2272
7727 2272
7728 2272
7729 2487
7730 2272
7731 2272
7732 3040
7733 2272
7734 3164
7735 2272
7736 2272
7737 2712
7738 2272
7739 2272
7740 2272
7741 2273
7742 2273
7743 2273
7744 2276
7745 2276
7746 2276
7747 2684
7748 2404
7749 2276
7750 2438
7751 2276
7752 2964
7753 3143
7754 2279
7755 2280
7756 2280
7757 2280
7758 2280
7759 2280
7760 2280
7761 2280
7762 2280
7763 2281
7764 2281
7765 2698
7766 2283
7767 2284
7768 2287
7769 2287
7770 2288
7771 2288
7772 2289
7773 2289
7774 2289
7775 2289
7776 2289
7777 2289
7778 2290
7779 2291
7780 2291
7781 2291
7782 2291
7783 3165
7784 2292
7785 2292
7786 2692
7787 2293
7788 2294
7789 2294
7790 2294
7791 2294
7792 2294
7793 2294
7794 2294
7795 2323
7796 2294
7797 2675
7798 2500
7799 2296
7800 2297
7801 2298
7802 2298
7803 2303
7804 2305
7805 2308
7806 2308
7807 2936
7808 2458
7809 2309
7810 2309
7811 2309
7812 2309
7813 2309
7814 2309
7815 2309
7816 2309
7817 2309
7818 2310
7819 2403
7820 2310
7821 3045
7822 2310
7823 2310
7824 2310
7825 2312
7826 2313
7827 2313
7828 2313
7829 2316
7830 2319
7831 2319
7832 2319
7833 2324
7834 2618
7835 2862
7836 2898
7837 2325
7838 2326
7839 2326
7840 2326
7841 3229
7842 3235
7843 2329
7844 2330
7845 2770
7846 2330
7847 2330
7848 2335
7849 2335
7850 2335
7851 2335
7852 3198
7853 2339
7854 2339
7855 2342
7856 3135
7857 2344
7858 2344
7859 2344
7860 2344
7861 2347
7862 2347
7863 2464
7864 2348
7865 2348
7866 2348
7867 2348
7868 2393
7869 2352
7870 2356
7871 2359
7872 2363
7873 2366
7874 2371
7875 2371
7876 2373
7877 2374
7878 2375
7879 2375
7880 3279
7881 2375
7882 2604
7883 2377
7884 2377
7885 2382
7886 2382
7887 2383
7888 2383
7889 2383
7890 3148
7891 2383
7892 2383
7893 2619
7894 2388
7895 2388
7896 3280
7897 2915
7898 2389
7899 2389
7900 2389
7901 2391
7902 2392
7903 2392
7904 2393
7905 2393
7906 2394
7907 2394
7908 3117
7909 2398
7910 2404
7911 2404
7912 2404
7913 3138
7914 2408
7915 2408
7916 2408
7917 2408
7918 2408
7919 2409
7920 2409
7921 2409
7922 2409
7923 2409
7924 2409
7925 2413
7926 2413
7927 2417
7928 2883
7929 2417
7930 2417
7931 2417
7932 2417
7933 2417
7934 2417
7935 2418
7936 3123
7937 2418
7938 2418
7939 2418
7940 2420
7941 2422
7942 2422
7943 2422
7944 3283
7945 2422
7946 2657
7947 2422
7948 2422
7949 2422
7950 2423
7951 2648
7952 2423
7953 2424
7954 2424
7955 2424
7956 2426
7957 2645
7958 2427
7959 2780
7960 2429
7961 2429
7962 2429
7963 2429
7964 2544
7965 2429
7966 2429
7967 2429
7968 2429
7969 2429
7970 2429
7971 3319
7972 2429
7973 2429
7974 2429
7975 2429
7976 2429
7977 2961
7978 2429
7979 2429
7980 2429
7981 2429
7982 2429
7983 2429
7984 2429
7985 2429
7986 2429
7987 2429
7988 2429
7989 2429
7990 2859
7991 2429
7992 3007
7993 2429
7994 2429
7995 2429
7996 2429
7997 2463
7998 2429
7999 2429
8000 2429
8001 2429
8002 2429
8003 2873
8004 2429
8005 2534
8006 2429
8007 2429
8008 2429
8009 2429
8010 2429
8011 2429
8012 2429
8013 2429
8014 2429
8015 2429
8016 2430
8017 2430
8018 2430
8019 2433
8020 2435
8021 2438
8022 2438
8023 2778
8024 3167
8025 2705
8026 2444
8027 2446
8028 2448
8029 3092
8030 2448
8031 2448
8032 2451
8033 2451
8034 2453
8035 2454
8036 2454
8037 2454
8038 2454
8039 2454
8040 2454
8041 2456
8042 2663
8043 2456
8044 2456
8045 2457
8046 2457
8047 2459
8048 2592
8049 2459
8050 2706
8051 2459
8052 2461
8053 2461
8054 2465
8055 2465
8056 2467
8057 2467
8058 2470
8059 2471
8060 2471
8061 2471
8062 3214
8063 2471
8064 2842
8065 2475
8066 2477
8067 2478
8068 2478
8069 2478
8070 2478
8071 2478
8072 2478
8073 2802
8074 2501
8075 2478
8076 2478
8077 2478
8078 2478
8079 2478
8080 2478
8081 2478
8082 2478
8083 2478
8084 2479
8085 2480
8086 2482
8087 2482
8088 2483
8089 2485
8090 2485
8091 2487
8092 2487
8093 2487
8094 2487
8095 2490
8096 2490
8097 2490
8098 2490
8099 2490
8100 2492
8101 2493
8102 2493
8103 2493
8104 2493
8105 2493
8106 2493
8107 2493
8108 2493
8109 2493
8110 2493
8111 2493
8112 2493
8113 2493
8114 2493
8115 2493
8116 2494
8117 2494
8118 3001
8119 2494
8120 2494
8121 2496
8122 2497
8123 2498
8124 2498
8125 2949
8126 2498
8127 2498
8128 2533
8129 2500
8130 2500
8131 2502
8132 2503
8133 2503
8134 2506
8135 2507
8136 2764
8137 2507
8138 2507
8139 2507
8140 2507
8141 2507
8142 2507
8143 2508
8144 2510
8145 2510
8146 2510
8147 2511
8148 3046
8149 2512
8150 2512
8151 2512
8152 2513
8153 2517
8154 2518
8155 2520
8156 2520
8157 2521
8158 2976
8159 2522
8160 2523
8161 2525
8162 2525
8163 2529
8164 2529
8165 2743
8166 2529
8167 2529
8168 2529
8169 2529
8170 2529
8171 2529
8172 2529
8173 2529
8174 2529
8175 2529
8176 2529
8177 2530
8178 2530
8179 2530
8180 2829
8181 2530
8182 2530
8183 2530
8184 2894
8185 2530
8186 2530
8187 2530
8188 2530
8189 2530
8190 2530
8191 2530
8192 2530
8193 2530
8194 2530
8195 2530
8196 2530
8197 2530
8198 2530
8199 2530
8200 2530
8201 2530
8202 2530
8203 2531
8204 2599
8205 2533
8206 2533
8207 2533
8208 2533
8209 2646
8210 3005
8211 3077
8212 2534
8213 2535
8214 2537
8215 2538
8216 2603
8217 2541
8218 2541
8219 2541
8220 2543
8221 2543
8222 2543
8223 2544
8224 2544
8225 2545
8226 2545
8227 2545
8228 2545
8229 3239
8230 2685
8231 2545
8232 2545
8233 2545
8234 2545
8235 2545
8236 2768
8237 2545
8238 2545
8239 2545
8240 2545
8241 2545
8242 2545
8243 2547
8244 2547
8245 2550
8246 2550
8247 2551
8248 2552
8249 2552
8250 2552
8251 2553
8252 2553
8253 2553
8254 2553
8255 2553
8256 2553
8257 2553
8258 2822
8259 2553
8260 2553
8261 2555
8262 2555
8263 2561
8264 2916
8265 2562
8266 2562
8267 2564
8268 2567
8269 2567
8270 2568
8271 2568
8272 2568
8273 2568
8274 2568
8275 2568
8276 2571
8277 2571
8278 2571
8279 2571
8280 2571
8281 2571
8282 2571
8283 2571
8284 2571
8285 2571
8286 2571
8287 2584
8288 2571
8289 2571
8290 2571
8291 2571
8292 2571
8293 2571
8294 2571
8295 2571
8296 2571
8297 2571
8298 2571
8299 3107
8300 2571
8301 2571
8302 2571
8303 2573
8304 2573
8305 2573
8306 2574
8307 2575
8308 2575
8309 2576
8310 2581
8311 2582
8312 2659
8313 2584
8314 2589
8315 2589
8316 2590
8317 2590
8318 2591
8319 2592
8320 2594
8321 2595
8322 3314
8323 3288
8324 2598
8325 2599
8326 2599
8327 2599
8328 2599
8329 2812
8330 2678
8331 2989
8332 2601
8333 3243
8334 2602
8335 2603
8336 2603
8337 2603
8338 2603
8339 2603
8340 2603
8341 2952
8342 3056
8343 2823
8344 2603
8345 2603
8346 2981
8347 2603
8348 2603
8349 2603
8350 2603
8351 2603
8352 2603
8353 2603
8354 2603
8355 2603
8356 2816
8357 2603
8358 2603
8359 2603
8360 2603
8361 3091
8362 2603
8363 2603
8364 2603
8365 2674
8366 2603
8367 3261
8368 2603
8369 2603
8370 2603
8371 2603
8372 2604
8373 2605
8374 2607
8375 2608
8376 2757
8377 3022
8378 2608
8379 2608
8380 2608
8381 2608
8382 2608
8383 2608
8384 2608
8385 2608
8386 2608
8387 2608
8388 2615
8389 2616
8390 2616
8391 2616
8392 2616
8393 2616
8394 3267
8395 2617
8396 2617
8397 2618
8398 2618
8399 3189
8400 2619
8401 2619
8402 2626
8403 2628
8404 2628
8405 2628
8406 2628
8407 2628
8408 2628
8409 2628
8410 2797
8411 2632
8412 2632
8413 2634
8414 2634
8415 2634
8416 2635
8417 2639
8418 2643
8419 3245
8420 2643
8421 2643
8422 2643
8423 2643
8424 2643
8425 2643
8426 2643
8427 2643
8428 2643
8429 2643
8430 2647
8431 2647
8432 2647
8433 2647
8434 2647
8435 2650
8436 2650
8437 2650
8438 2650
8439 2917
8440 2650
8441 2651
8442 2651
8443 2651
8444 2652
8445 2654
8446 2654
8447 2654
8448 2654
8449 3186
8450 2654
8451 2654
8452 2655
8453 2655
8454 3108
8455 2853
8456 2660
8457 3065
8458 2665
8459 2665
8460 2665
8461 2667
8462 2669
8463 2677
8464 2677
8465 2677
8466 2677
8467 2677
8468 2677
8469 2677
8470 2677
8471 2677
8472 2677
8473 3197
8474 2677
8475 2677
8476 2677
8477 2677
8478 2677
8479 2677
8480 2817
8481 2677
8482 2677
8483 2677
8484 2677
8485 2856
8486 2679
8487 2679
8488 2679
8489 2681
8490 2682
8491 2683
8492 2687
8493 2687
8494 2688
8495 2689
8496 2858
8497 2692
8498 2692
8499 2845
8500 2692
8501 2692
8502 2693
8503 2696
8504 2697
8505 2698
8506 2699
8507 2699
8508 2700
8509 2700
8510 3055
8511 2702
8512 2874
8513 2708
8514 2708
8515 2708
8516 2932
8517 2708
8518 2708
8519 2708
8520 2708
8521 2708
8522 2708
8523 2712
8524 2715
8525 2715
8526 2715
8527 2890
8528 2715
8529 2715
8530 2715
8531 2715
8532 2715
8533 2715
8534 2715
8535 2715
8536 2967
8537 3156
8538 2955
8539 3252
8540 2715
8541 2715
8542 3176
8543 2715
8544 2715
8545 3201
8546 2715
8547 2782
8548 2715
8549 2715
8550 2715
8551 2715
8552 2715
8553 2715
8554 2715
8555 2716
8556 3016
8557 2716
8558 2717
8559 2717
8560 2717
8561 2720
8562 2720
8563 2720
8564 2720
8565 2720
8566 2720
8567 2721
8568 2721
8569 2721
8570 3228
8571 3039
8572 2721
8573 2721
8574 2721
8575 2721
8576 2928
8577 2722
8578 2722
8579 2722
8580 2722
8581 2722
8582 2722
8583 2726
8584 2727
8585 2730
8586 2730
8587 2730
8588 3083
8589 2730
8590 2730
8591 2730
8592 2730
8593 2730
8594 2730
8595 2734
8596 2752
8597 2735
8598 2735
8599 2736
8600 2736
8601 2954
8602 2736
8603 2736
8604 2739
8605 2739
8606 2739
8607 2739
8608 3181
8609 2740
8610 2740
8611 2741
8612 2743
8613 2743
8614 2743
8615 2743
8616 2746
8617 2748
8618 2748
8619 2748
8620 2748
8621 2749
8622 2750
8623 2750
8624 3120
8625 2750
8626 2753
8627 2753
8628 2753
8629 2753
8630 2753
8631 2753
8632 2753
8633 2753
8634 2755
8635 2755
8636 2755
8637 2755
8638 2758
8639 2758
8640 2758
8641 2759
8642 2762
8643 2766
8644 2766
8645 2768
8646 2768
8647 2768
8648 2768
8649 2768
8650 2768
8651 2769
8652 2769
8653 2770
8654 2771
8655 2772
8656 2773
8657 2773
8658 2774
8659 2774
8660 2774
8661 2775
8662 2777
8663 2777
8664 2777
8665 2777
8666 2777
8667 2778
8668 2780
8669 2782
8670 2782
8671 2783
8672 2788
8673 2789
8674 2790
8675 2790
8676 2790
8677 2792
8678 2792
8679 2792
8680 2792
8681 2792
8682 2792
8683 2792
8684 2792
8685 2792
8686 2792
8687 2797
8688 2797
8689 2802
8690 2807
8691 3159
8692 2807
8693 2807
8694 2807
8695 2807
8696 2807
8697 2807
8698 2807
8699 3158
8700 2808
8701 2808
8702 2809
8703 2809
8704 2809
8705 2809
8706 3012
8707 2810
8708 2810
8709 2810
8710 2810
8711 2810
8712 2810
8713 2810
8714 2810
8715 2810
8716 2810
8717 2810
8718 2810
8719 2811
8720 2811
8721 2812
8722 2812
8723 2983
8724 2851
8725 2814
8726 2815
8727 2815
8728 2815
8729 2815
8730 2815
8731 2815
8732 2815
8733 2815
8734 2815
8735 2815
8736 2815
8737 3316
8738 2815
8739 2815
8740 2816
8741 2818
8742 2820
8743 2820
8744 2820
8745 2820
8746 2824
8747 2824
8748 2824
8749 2824
8750 3218
8751 2824
8752 2824
8753 2824
8754 2824
8755 2825
8756 2826
8757 2826
8758 2828
8759 2832
8760 2832
8761 2832
8762 2833
8763 2834
8764 2841
8765 2841
8766 2841
8767 2841
8768 2841
8769 2841
8770 2969
8771 2841
8772 2841
8773 2841
8774 2841
8775 2843
8776 2843
8777 2843
8778 2845
8779 2846
8780 2848
8781 3175
8782 2851
8783 2851
8784 2851
8785 2886
8786 2856
8787 2856
8788 2856
8789 2856
8790 2856
8791 2859
8792 2861
8793 2862
8794 2862
8795 2863
8796 2863
8797 2865
8798 2868
8799 2870
8800 2873
8801 2874
8802 2874
8803 2874
8804 2874
8805 2874
8806 2874
8807 2874
8808 2875
8809 2875
8810 2875
8811 2875
8812 2875
8813 2875
8814 2875
8815 2877
8816 2877
8817 2877
8818 2882
8819 2882
8820 2882
8821 2882
8822 2882
8823 2887
8824 2883
8825 2883
8826 2883
8827 2883
8828 2883
8829 2883
8830 2883
8831 2883
8832 2888
8833 2888
8834 2922
8835 2891
8836 2892
8837 2893
8838 2893
8839 2893
8840 2893
8841 2893
8842 2893
8843 2893
8844 2893
8845 2893
8846 2893
8847 3183
8848 2893
8849 2893
8850 2893
8851 2893
8852 2893
8853 2893
8854 2893
8855 2893
8856 2893
8857 2893
8858 2893
8859 2893
8860 2893
8861 2893
8862 2893
8863 2893
8864 2893
8865 2893
8866 2893
8867 2893
8868 2893
8869 2893
8870 2893
8871 2973
8872 2893
8873 2893
8874 2893
8875 2975
8876 2893
8877 2893
8878 2893
8879 2893
8880 2893
8881 2893
8882 2893
8883 2893
8884 2893
8885 2894
8886 2894
8887 2896
8888 2898
8889 2938
8890 2903
8891 2903
8892 2906
8893 2908
8894 2908
8895 2908
8896 2910
8897 2910
8898 2910
8899 2912
8900 3178
8901 2985
8902 2913
8903 2914
8904 2914
8905 2914
8906 2914
8907 2918
8908 2918
8909 3323
8910 2918
8911 2919
8912 2919
8913 2920
8914 2922
8915 2922
8916 2924
8917 2925
8918 2925
8919 2925
8920 2925
8921 2925
8922 2925
8923 2925
8924 2925
8925 2925
8926 2925
8927 2925
8928 2925
8929 2925
8930 2925
8931 2926
8932 2926
8933 2926
8934 2926
8935 2926
8936 3172
8937 2926
8938 2926
8939 2926
8940 2926
8941 2926
8942 2928
8943 2986
8944 2934
8945 2934
8946 2934
8947 2934
8948 2934
8949 2934
8950 2934
8951 2934
8952 2934
8953 2934
8954 2934
8955 2934
8956 3015
8957 2937
8958 2937
8959 2937
8960 2941
8961 2941
8962 2943
8963 2945
8964 2945
8965 2945
8966 2945
8967 3257
8968 2945
8969 2945
8970 2945
8971 2945
8972 2945
8973 2948
8974 2950
8975 2950
8976 2950
8977 2950
8978 2950
8979 2950
8980 2950
8981 2950
8982 3069
8983 2950
8984 2955
8985 2956
8986 2956
8987 3241
8988 2961
8989 2961
8990 2961
8991 2961
8992 2961
8993 2961
8994 2961
8995 2961
8996 3238
8997 2964
8998 2964
8999 2964
9000 2964
9001 2964
9002 2964
9003 2964
9004 2966
9005 2966
9006 2966
9007 2966
9008 2966
9009 2966
9010 2966
9011 2966
9012 2966
9013 2966
9014 2966
9015 2966
9016 2966
9017 2966
9018 3061
9019 2967
9020 2967
9021 2968
9022 2968
9023 2968
9024 2968
9025 2969
9026 2969
9027 2969
9028 2969
9029 2971
9030 2976
9031 2976
9032 3287
9033 2978
9034 2978
9035 2979
9036 2979
9037 2979
9038 2979
9039 2981
9040 2981
9041 2981
9042 2981
9043 2981
9044 2981
9045 2983
9046 2983
9047 2983
9048 2983
9049 2983
9050 2984
9051 2984
9052 2984
9053 2984
9054 3146
9055 2984
9056 2984
9057 2984
9058 2984
9059 2984
9060 2984
9061 2984
9062 2984
9063 2984
9064 2984
9065 2984
9066 2984
9067 2984
9068 2984
9069 2984
9070 2984
9071 2984
9072 2984
9073 2984
9074 2984
9075 2984
9076 2984
9077 2984
9078 2984
9079 2984
9080 2984
9081 2984
9082 2984
9083 2984
9084 2984
9085 2984
9086 2984
9087 2984
9088 2984
9089 2984
9090 2984
9091 2984
9092 2984
9093 2984
9094 2984
9095 2984
9096 2984
9097 2984
9098 2984
9099 2984
9100 3308
9101 2990
9102 2991
9103 2991
9104 2993
9105 2994
9106 2994
9107 2994
9108 2994
9109 2994
9110 2995
9111 2995
9112 2995
9113 2995
9114 2995
9115 2995
9116 2995
9117 2995
9118 2995
9119 2996
9120 2997
9121 2997
9122 2999
9123 2999
9124 2999
9125 2999
9126 2999
9127 2999
9128 2999
9129 2999
9130 3003
9131 3007
9132 3007
9133 3007
9134 3007
9135 3009
9136 3009
9137 3010
9138 3010
9139 3010
9140 3010
9141 3010
9142 3013
9143 3013
9144 3013
9145 3014
9146 3014
9147 3014
9148 3227
9149 3016
9150 3016
9151 3016
9152 3016
9153 3017
9154 3018
9155 3018
9156 3018
9157 3018
9158 3018
9159 3018
9160 3018
9161 3018
9162 3019
9163 3019
9164 3019
9165 3019
9166 3019
9167 3019
9168 3019
9169 3019
9170 3019
9171 3019
9172 3020
9173 3020
9174 3021
9175 3021
9176 3026
9177 3026
9178 3027
9179 3027
9180 3027
9181 3027
9182 3028
9183 3028
9184 3028
9185 3028
9186 3028
9187 3028
9188 3028
9189 3028
9190 3028
9191 3029
9192 3030
9193 3035
9194 3035
9195 3035
9196 3036
9197 3036
9198 3040
9199 3041
9200 3044
9201 3046
9202 3046
9203 3047
9204 3047
9205 3047
9206 3047
9207 3048
9208 3048
9209 3048
9210 3048
9211 3050
9212 3051
9213 3053
9214 3053
9215 3053
9216 3056
9217 3056
9218 3056
9219 3056
9220 3056
9221 3056
9222 3056
9223 3056
9224 3057
9225 3057
9226 3058
9227 3059
9228 3059
9229 3059
9230 3059
9231 3059
9232 3059
9233 3059
9234 3068
9235 3131
9236 3068
9237 3068
9238 3068
9239 3068
9240 3068
9241 3068
9242 3068
9243 3068
9244 3068
9245 3068
9246 3068
9247 3068
9248 3068
9249 3068
9250 3068
9251 3068
9252 3068
9253 3068
9254 3068
9255 3068
9256 3068
9257 3068
9258 3068
9259 3068
9260 3068
9261 3068
9262 3068
9263 3068
9264 3114
9265 3068
9266 3068
9267 3068
9268 3068
9269 3068
9270 3068
9271 3068
9272 3068
9273 3068
9274 3068
9275 3086
9276 3068
9277 3312
9278 3068
9279 3068
9280 3068
9281 3068
9282 3068
9283 3068
9284 3068
9285 3068
9286 3068
9287 3068
9288 3068
9289 3068
9290 3068
9291 3068
9292 3068
9293 3068
9294 3068
9295 3068
9296 3068
9297 3085
9298 3068
9299 3068
9300 3068
9301 3068
9302 3068
9303 3068
9304 3068
9305 3068
9306 3068
9307 3068
9308 3068
9309 3068
9310 3068
9311 3068
9312 3068
9313 3068
9314 3068
9315 3068
9316 3068
9317 3068
9318 3068
9319 3068
9320 3068
9321 3068
9322 3068
9323 3068
9324 3068
9325 3068
9326 3068
9327 3068
9328 3068
9329 3068
9330 3068
9331 3068
9332 3068
9333 3068
9334 3068
9335 3068
9336 3068
9337 3068
9338 3068
9339 3068
9340 3068
9341 3068
9342 3068
9343 3068
9344 3068
9345 3068
9346 3068
9347 3068
9348 3068
9349 3068
9350 3068
9351 3068
9352 3068
9353 3068
9354 3068
9355 3068
9356 3068
9357 3068
9358 3068
9359 3068
9360 3068
9361 3068
9362 3068
9363 3068
9364 3068
9365 3068
9366 3068
9367 3169
9368 3068
9369 3068
9370 3068
9371 3068
9372 3068
9373 3068
9374 3068
9375 3068
9376 3068
9377 3068
9378 3068
9379 3068
9380 3068
9381 3068
9382 3068
9383 3068
9384 3068
9385 3068
9386 3068
9387 3068
9388 3068
9389 3068
9390 3068
9391 3068
9392 3068
9393 3105
9394 3068
9395 3068
9396 3068
9397 3068
9398 3068
9399 3068
9400 3068
9401 3068
9402 3068
9403 3068
9404 3068
9405 3068
9406 3068
9407 3068
9408 3068
9409 3068
9410 3068
9411 3068
9412 3068
9413 3068
9414 3068
9415 3068
9416 3068
9417 3068
9418 3068
9419 3068
9420 3068
9421 3068
9422 3068
9423 3068
9424 3068
9425 3068
9426 3068
9427 3068
9428 3068
9429 3068
9430 3068
9431 3253
9432 3068
9433 3068
9434 3068
9435 3068
9436 3068
9437 3068
9438 3068
9439 3068
9440 3069
9441 3069
9442 3069
9443 3069
9444 3070
9445 3071
9446 3071
9447 3073
9448 3093
9449 3074
9450 3075
9451 3075
9452 3076
9453 3082
9454 3088
9455 3091
9456 3091
9457 3092
9458 3092
9459 3106
9460 3093
9461 3118
9462 3095
9463 3095
9464 3095
9465 3095
9466 3095
9467 3095
9468 3095
9469 3095
9470 3095
9471 3095
9472 3096
9473 3096
9474 3096
9475 3096
9476 3096
9477 3097
9478 3097
9479 3097
9480 3097
9481 3097
9482 3097
9483 3098
9484 3098
9485 3099
9486 3099
9487 3099
9488 3105
9489 3105
9490 3107
9491 3112
9492 3112
9493 3113
9494 3113
9495 3114
9496 3115
9497 3117
9498 3117
9499 3120
9500 3122
9501 3122
9502 3123
9503 3123
9504 3125
9505 3128
9506 3128
9507 3129
9508 3131
9509 3134
9510 3134
9511 3196
9512 3136
9513 3136
9514 3136
9515 3136
9516 3136
9517 3141
9518 3141
9519 3150
9520 3143
9521 3143
9522 3143
9523 3143
9524 3143
9525 3143
9526 3143
9527 3143
9528 3143
9529 3143
9530 3145
9531 3145
9532 3147
9533 3149
9534 3151
9535 3202
9536 3153
9537 3153
9538 3153
9539 3153
9540 3153
9541 3153
9542 3153
9543 3153
9544 3157
9545 3160
9546 3162
9547 3163
9548 3163
9549 3163
9550 3163
9551 3164
9552 3166
9553 3166
9554 3166
9555 3167
9556 3167
9557 3167
9558 3167
9559 3168
9560 3168
9561 3168
9562 3168
9563 3168
9564 3168
9565 3168
9566 3168
9567 3175
9568 3175
9569 3175
9570 3175
9571 3178
9572 3180
9573 3181
9574 3182
9575 3186
9576 3186
9577 3186
9578 3186
9579 3186
9580 3188
9581 3188
9582 3188
9583 3188
9584 3190
9585 3191
9586 3191
9587 3191
9588 3191
9589 3192
9590 3192
9591 3192
9592 3192
9593 3192
9594 3193
9595 3195
9596 3195
9597 3195
9598 3195
9599 3198
9600 3198
9601 3199
9602 3199
9603 3199
9604 3202
9605 3204
9606 3205
9607 3205
9608 3207
9609 3207
9610 3207
9611 3207
9612 3207
9613 3207
9614 3207
9615 3207
9616 3207
9617 3207
9618 3207
9619 3207
9620 3207
9621 3295
9622 3207
9623 3207
9624 3207
9625 3207
9626 3207
9627 3207
9628 3207
9629 3207
9630 3207
9631 3207
9632 3207
9633 3207
9634 3207
9635 3207
9636 3207
9637 3207
9638 3207
9639 3207
9640 3207
9641 3207
9642 3207
9643 3207
9644 3207
9645 3207
9646 3207
9647 3207
9648 3207
9649 3207
9650 3207
9651 3207
9652 3207
9653 3207
9654 3207
9655 3207
9656 3207
9657 3207
9658 3207
9659 3207
9660 3212
9661 3212
9662 3213
9663 3213
9664 3214
9665 3214
9666 3214
9667 3214
9668 3215
9669 3215
9670 3215
9671 3215
9672 3215
9673 3215
9674 3217
9675 3221
9676 3221
9677 3221
9678 3221
9679 3222
9680 3222
9681 3225
9682 3225
9683 3225
9684 3228
9685 3228
9686 3228
9687 3228
9688 3228
9689 3297
9690 3230
9691 3231
9692 3233
9693 3233
9694 3234
9695 3234
9696 3234
9697 3235
9698 3235
9699 3235
9700 3237
9701 3237
9702 3238
9703 3239
9704 3239
9705 3239
9706 3239
9707 3239
9708 3239
9709 3239
9710 3240
9711 3240
9712 3244
9713 3244
9714 3244
9715 3244
9716 3244
9717 3244
9718 3244
9719 3248
9720 3250
9721 3250
9722 3250
9723 3250
9724 3250
9725 3250
9726 3250
9727 3251
9728 3252
9729 3252
9730 3254
9731 3254
9732 3254
9733 3254
9734 3254
9735 3254
9736 3254
9737 3254
9738 3254
9739 3254
9740 3254
9741 3254
9742 3254
9743 3278
9744 3254
9745 3254
9746 3254
9747 3254
9748 3254
9749 3254
9750 3254
9751 3254
9752 3254
9753 3254
9754 3254
9755 3254
9756 3254
9757 3254
9758 3254
9759 3254
9760 3254
9761 3254
9762 3254
9763 3254
9764 3254
9765 3254
9766 3254
9767 3298
9768 3254
9769 3254
9770 3254
9771 3300
9772 3254
9773 3254
9774 3254
9775 3254
9776 3254
9777 3254
9778 3254
9779 3254
9780 3254
9781 3254
9782 3254
9783 3254
9784 3254
9785 3254
9786 3254
9787 3254
9788 3254
9789 3254
9790 3254
9791 3254
9792 3254
9793 3254
9794 3254
9795 3254
9796 3254
9797 3254
9798 3254
9799 3254
9800 3302
9801 3254
9802 3254
9803 3254
9804 3254
9805 3254
9806 3254
9807 3254
9808 3254
9809 3254
9810 3254
9811 3254
9812 3254
9813 3254
9814 3254
9815 3254
9816 3254
9817 3257
9818 3258
9819 3258
9820 3258
9821 3258
9822 3258
9823 3258
9824 3258
9825 3285
9826 3258
9827 3258
9828 3258
9829 3258
9830 3258
9831 3258
9832 3258
9833 3258
9834 3258
9835 3258
9836 3258
9837 3258
9838 3258
9839 3258
9840 3258
9841 3258
9842 3258
9843 3258
9844 3258
9845 3258
9846 3258
9847 3258
9848 3258
9849 3258
9850 3258
9851 3258
9852 3258
9853 3258
9854 3258
9855 3258
9856 3258
9857 3258
9858 3258
9859 3258
9860 3258
9861 3258
9862 3258
9863 3258
9864 3258
9865 3258
9866 3258
9867 3258
9868 3258
9869 3258
9870 3258
9871 3258
9872 3258
9873 3258
9874 3258
9875 3258
9876 3258
9877 3258
9878 3258
9879 3264
9880 3264
9881 3264
9882 3264
9883 3264
9884 3264
9885 3264
9886 3264
9887 3267
9888 3268
9889 3269
9890 3270
9891 3271
9892 3271
9893 3271
9894 3272
9895 3273
9896 3273
9897 3273
9898 3273
9899 3274
9900 3274
9901 3280
9902 3280
9903 3283
9904 3286
9905 3288
9906 3289
9907 3289
9908 3291
9909 3292
9910 3292
9911 3292
9912 3292
9913 3292
9914 3292
9915 3292
9916 3292
9917 3292
9918 3292
9919 3292
9920 3292
9921 3293
9922 3295
9923 3296
9924 3299
9925 3299
9926 3299
9927 3299
9928 3299
9929 3301
9930 3301
9931 3301
9932 3303
9933 3304
9934 3304
9935 3304
9936 3306
9937 3306
9938 3306
9939 3307
9940 3307
9941 3307
9942 3307
9943 3307
9944 3307
9945 3307
9946 3307
9947 3307
9948 3307
9949 3307
9950 3307
9951 3307
9952 3307
9953 3307
9954 3307
9955 3307
9956 3307
9957 3307
9958 3307
9959 3307
9960 3307
9961 3307
9962 3307
9963 3307
9964 3307
9965 3307
9966 3307
9967 3307
9968 3307
9969 3307
9970 3307
9971 3307
9972 3307
9973 3307
9974 3307
9975 3307
9976 3307
9977 3307
9978 3310
9979 3310
9980 3311
9981 3320
9982 3312
9983 3314
9984 3314
9985 3315
9986 3315
9987 3315
9988 3316
9989 3317
9990 3318
9991 3319
9992 3320
9993 3320
9994 3322
9995 3322
9996 3322
9997 3322
9998 3322
9999 3322
