10000 9999
1 0
2 1
3 0
4 3
5 4
6 2
7 5
8 6
9 8
10 8
11 7
12 11
13 9
14 11
15 12
16 13
17 11
18 7
19 14
20 18
21 20
22 21
23 13
24 20
25 23
26 20
27 24
28 19
29 20
30 27
31 25
32 25
33 18
34 32
35 17
36 34
37 16
38 25
39 25
40 37
41 10
42 20
43 20
44 25
45 33
46 11
47 25
48 45
49 15
50 8
51 23
52 28
53 20
54 53
55 25
56 46
57 47
58 13
59 25
60 59
61 57
62 58
63 57
64 28
65 53
66 59
67 59
68 59
69 64
70 66
71 40
72 33
73 51
74 44
75 52
76 63
77 74
78 29
79 57
80 67
81 12
82 67
83 59
84 58
85 58
86 61
87 57
88 48
89 26
90 65
91 35
92 42
93 64
94 40
95 82
96 63
97 39
98 71
99 71
100 94
101 45
102 93
103 84
104 62
105 98
106 65
107 79
108 89
109 61
110 92
111 107
112 98
113 92
114 105
115 112
116 99
117 54
118 98
119 30
120 87
121 105
122 78
123 83
124 76
125 71
126 69
127 98
128 92
129 13
130 117
131 56
132 92
133 72
134 111
135 108
136 85
137 89
138 45
139 62
140 98
141 130
142 22
143 92
144 65
145 108
146 86
147 136
148 137
149 59
150 89
151 136
152 116
153 89
154 92
155 123
156 117
157 152
158 59
159 115
160 142
161 86
162 43
163 101
164 122
165 132
166 122
167 76
168 123
169 98
170 50
171 148
172 137
173 105
174 136
175 133
176 130
177 82
178 33
179 25
180 131
181 95
182 98
183 76
184 130
185 136
186 146
187 136
188 178
189 165
190 77
191 106
192 118
193 149
194 142
195 71
196 147
197 159
198 59
199 58
200 159
201 126
202 131
203 98
204 152
205 45
206 178
207 70
208 13
209 48
210 50
211 159
212 76
213 59
214 174
215 29
216 215
217 215
218 36
219 173
220 90
221 25
222 195
223 215
224 221
225 118
226 138
227 104
228 136
229 215
230 133
231 89
232 222
233 221
234 159
235 186
236 122
237 77
238 103
239 178
240 205
241 221
242 58
243 163
244 67
245 230
246 207
247 166
248 130
249 166
250 215
251 105
252 215
253 80
254 136
255 196
256 228
257 254
258 255
259 172
260 170
261 113
262 167
263 40
264 255
265 255
266 255
267 201
268 226
269 255
270 255
271 71
272 255
273 215
274 150
275 255
276 215
277 178
278 177
279 232
280 262
281 255
282 235
283 215
284 203
285 255
286 280
287 215
288 276
289 136
290 285
291 252
292 31
293 214
294 201
295 283
296 255
297 166
298 100
299 255
300 164
301 215
302 143
303 275
304 72
305 133
306 255
307 255
308 255
309 307
310 255
311 136
312 255
313 256
314 255
315 255
316 95
317 255
318 297
319 297
320 98
321 238
322 255
323 136
324 298
325 215
326 315
327 244
328 316
329 142
330 255
331 134
332 255
333 254
334 255
335 315
336 47
337 307
338 329
339 203
340 322
341 297
342 255
343 255
344 315
345 87
346 255
347 98
348 59
349 255
350 178
351 255
352 136
353 95
354 211
355 297
356 266
357 255
358 123
359 181
360 136
361 210
362 234
363 255
364 214
365 280
366 311
367 213
368 362
369 255
370 311
371 345
372 255
373 368
374 276
375 253
376 283
377 157
378 255
379 257
380 122
381 222
382 255
383 315
384 340
385 297
386 255
387 368
388 368
389 255
390 255
391 343
392 134
393 322
394 368
395 246
396 255
397 332
398 247
399 315
400 80
401 378
402 346
403 98
404 255
405 318
406 368
407 368
408 256
409 136
410 297
411 410
412 287
413 12
414 130
415 245
416 315
417 159
418 192
419 128
420 314
421 255
422 326
423 221
424 416
425 255
426 405
427 360
428 299
429 297
430 95
431 315
432 215
433 404
434 206
435 193
436 194
437 335
438 215
439 335
440 276
441 265
442 437
443 315
444 229
445 385
446 89
447 202
448 255
449 70
450 329
451 317
452 352
453 121
454 297
455 359
456 276
457 440
458 117
459 368
460 195
461 255
462 255
463 117
464 110
465 81
466 59
467 255
468 192
469 337
470 329
471 424
472 368
473 433
474 255
475 364
476 164
477 85
478 172
479 415
480 131
481 256
482 144
483 397
484 315
485 338
486 320
487 411
488 215
489 362
490 255
491 442
492 462
493 400
494 136
495 222
496 355
497 255
498 255
499 255
500 221
501 47
502 255
503 430
504 215
505 433
506 368
507 121
508 75
509 368
510 313
511 368
512 108
513 255
514 453
515 335
516 166
517 63
518 28
519 293
520 255
521 255
522 443
523 491
524 101
525 315
526 462
527 298
528 433
529 368
530 513
531 501
532 530
533 215
534 376
535 255
536 472
537 448
538 531
539 221
540 301
541 98
542 466
543 368
544 542
545 255
546 526
547 52
548 215
549 284
550 401
551 422
552 466
553 368
554 482
555 437
556 209
557 315
558 302
559 368
560 136
561 437
562 280
563 548
564 544
565 255
566 558
567 105
568 178
569 315
570 433
571 315
572 255
573 490
574 204
575 313
576 503
577 338
578 572
579 255
580 297
581 562
582 540
583 171
584 255
585 495
586 255
587 435
588 159
589 255
590 255
591 588
592 463
593 518
594 466
595 468
596 387
597 141
598 255
599 63
600 117
601 255
602 566
603 585
604 140
605 346
606 599
607 161
608 484
609 583
610 283
611 283
612 346
613 466
614 346
615 609
616 368
617 255
618 241
619 542
620 178
621 365
622 183
623 554
624 399
625 342
626 255
627 470
628 505
629 80
630 513
631 528
632 377
633 489
634 255
635 575
636 315
637 460
638 255
639 205
640 448
641 491
642 255
643 297
644 123
645 187
646 422
647 315
648 345
649 535
650 422
651 227
652 526
653 617
654 117
655 315
656 568
657 43
658 255
659 255
660 282
661 596
662 315
663 631
664 293
665 255
666 489
667 468
668 396
669 585
670 255
671 255
672 556
673 368
674 368
675 597
676 368
677 346
678 609
679 558
680 350
681 341
682 255
683 581
684 188
685 590
686 609
687 351
688 124
689 647
690 461
691 368
692 315
693 673
694 444
695 255
696 587
697 672
698 100
699 246
700 255
701 642
702 255
703 357
704 248
705 255
706 531
707 496
708 353
709 610
710 190
711 427
712 567
713 454
714 443
715 255
716 596
717 84
718 523
719 706
720 617
721 595
722 680
723 255
724 609
725 197
726 222
727 195
728 368
729 645
730 724
731 656
732 413
733 665
734 354
735 215
736 408
737 218
738 410
739 653
740 102
741 255
742 371
743 705
744 255
745 255
746 491
747 490
748 482
749 581
750 464
751 341
752 186
753 632
754 196
755 612
756 308
757 480
758 398
759 598
760 668
761 121
762 37
763 418
764 694
765 315
766 650
767 487
768 705
769 335
770 222
771 545
772 250
773 196
774 380
775 590
776 283
777 405
778 447
779 447
780 615
781 558
782 609
783 255
784 65
785 320
786 596
787 631
788 114
789 108
790 92
791 165
792 467
793 757
794 397
795 255
796 501
797 368
798 518
799 752
800 763
801 740
802 623
803 366
804 88
805 368
806 355
807 786
808 335
809 550
810 561
811 255
812 531
813 81
814 368
815 425
816 255
817 596
818 601
819 580
820 796
821 176
822 304
823 756
824 289
825 166
826 514
827 89
828 105
829 368
830 616
831 466
832 288
833 684
834 221
835 323
836 462
837 792
838 368
839 577
840 255
841 199
842 735
843 254
844 255
845 596
846 511
847 598
848 491
849 827
850 824
851 47
852 255
853 619
854 558
855 783
856 575
857 642
858 836
859 634
860 683
861 482
862 255
863 466
864 422
865 764
866 570
867 166
868 615
869 373
870 386
871 682
872 831
873 222
874 848
875 472
876 596
877 405
878 415
879 425
880 594
881 500
882 738
883 442
884 794
885 602
886 368
887 687
888 379
889 462
890 825
891 844
892 257
893 221
894 546
895 216
896 252
897 425
898 871
899 499
900 368
901 306
902 900
903 459
904 255
905 113
906 255
907 530
908 816
909 894
910 676
911 338
912 609
913 221
914 791
915 574
916 609
917 680
918 668
919 854
920 880
921 222
922 587
923 307
924 907
925 600
926 255
927 604
928 880
929 532
930 918
931 350
932 335
933 596
934 878
935 880
936 665
937 566
938 164
939 479
940 500
941 767
942 484
943 922
944 617
945 575
946 462
947 585
948 943
949 89
950 254
951 255
952 498
953 821
954 626
955 401
956 491
957 318
958 544
959 540
960 490
961 841
962 255
963 255
964 735
965 156
966 215
967 315
968 568
969 297
970 364
971 255
972 318
973 315
974 178
975 174
976 911
977 580
978 418
979 563
980 492
981 581
982 945
983 466
984 790
985 466
986 89
987 548
988 122
989 255
990 948
991 368
992 559
993 283
994 466
995 59
996 629
997 880
998 975
999 867
1000 811
1001 664
1002 235
1003 665
1004 581
1005 846
1006 255
1007 707
1008 954
1009 972
1010 819
1011 982
1012 581
1013 335
1014 583
1015 977
1016 108
1017 617
1018 1003
1019 389
1020 698
1021 182
1022 433
1023 368
1024 652
1025 609
1026 164
1027 925
1028 694
1029 976
1030 519
1031 727
1032 328
1033 122
1034 105
1035 747
1036 59
1037 636
1038 368
1039 490
1040 986
1041 1040
1042 253
1043 599
1044 609
1045 1005
1046 1018
1047 415
1048 368
1049 998
1050 500
1051 822
1052 98
1053 492
1054 763
1055 1023
1056 797
1057 804
1058 280
1059 315
1060 817
1061 617
1062 185
1063 108
1064 953
1065 879
1066 596
1067 591
1068 155
1069 1009
1070 425
1071 255
1072 710
1073 579
1074 624
1075 814
1076 687
1077 368
1078 488
1079 906
1080 244
1081 782
1082 558
1083 1077
1084 648
1085 69
1086 822
1087 815
1088 255
1089 255
1090 454
1091 541
1092 962
1093 66
1094 402
1095 942
1096 1085
1097 436
1098 449
1099 981
1100 1068
1101 979
1102 562
1103 368
1104 227
1105 732
1106 229
1107 255
1108 1068
1109 647
1110 826
1111 258
1112 1074
1113 1005
1114 123
1115 1060
1116 337
1117 596
1118 482
1119 335
1120 1068
1121 518
1122 917
1123 977
1124 743
1125 580
1126 413
1127 356
1128 581
1129 663
1130 290
1131 1068
1132 1023
1133 980
1134 179
1135 738
1136 741
1137 255
1138 402
1139 883
1140 315
1141 306
1142 822
1143 1069
1144 430
1145 1086
1146 368
1147 568
1148 995
1149 833
1150 200
1151 518
1152 192
1153 528
1154 799
1155 609
1156 813
1157 312
1158 734
1159 255
1160 432
1161 609
1162 131
1163 1005
1164 809
1165 1040
1166 677
1167 866
1168 304
1169 769
1170 884
1171 1067
1172 368
1173 413
1174 994
1175 999
1176 749
1177 280
1178 1005
1179 963
1180 518
1181 512
1182 98
1183 218
1184 76
1185 368
1186 443
1187 255
1188 787
1189 368
1190 440
1191 877
1192 1045
1193 1151
1194 576
1195 1167
1196 1131
1197 1151
1198 1101
1199 401
1200 638
1201 769
1202 1165
1203 20
1204 89
1205 208
1206 609
1207 667
1208 593
1209 918
1210 222
1211 807
1212 967
1213 1011
1214 442
1215 482
1216 967
1217 441
1218 368
1219 820
1220 1122
1221 1005
1222 967
1223 634
1224 797
1225 146
1226 581
1227 353
1228 1226
1229 867
1230 224
1231 1128
1232 845
1233 596
1234 255
1235 1152
1236 1060
1237 806
1238 822
1239 756
1240 105
1241 581
1242 867
1243 466
1244 1040
1245 964
1246 1116
1247 967
1248 880
1249 255
1250 463
1251 482
1252 1090
1253 255
1254 1101
1255 255
1256 596
1257 832
1258 560
1259 254
1260 889
1261 1165
1262 1040
1263 967
1264 531
1265 1028
1266 1069
1267 888
1268 263
1269 826
1270 1074
1271 346
1272 1226
1273 913
1274 96
1275 720
1276 1040
1277 484
1278 277
1279 1204
1280 839
1281 1204
1282 776
1283 222
1284 330
1285 1182
1286 188
1287 222
1288 282
1289 84
1290 1184
1291 1252
1292 881
1293 609
1294 1167
1295 1242
1296 452
1297 1222
1298 969
1299 937
1300 1072
1301 1165
1302 1244
1303 743
1304 1174
1305 674
1306 552
1307 314
1308 1161
1309 704
1310 617
1311 557
1312 1165
1313 1033
1314 344
1315 675
1316 1283
1317 255
1318 1008
1319 1186
1320 1226
1321 1133
1322 169
1323 841
1324 1168
1325 821
1326 843
1327 1055
1328 1226
1329 751
1330 1174
1331 778
1332 665
1333 123
1334 1256
1335 80
1336 122
1337 358
1338 136
1339 135
1340 1130
1341 1332
1342 1328
1343 1131
1344 963
1345 554
1346 1048
1347 269
1348 1036
1349 1307
1350 457
1351 1240
1352 612
1353 255
1354 255
1355 837
1356 49
1357 1324
1358 254
1359 455
1360 1180
1361 596
1362 920
1363 1098
1364 342
1365 280
1366 627
1367 315
1368 1015
1369 397
1370 318
1371 1099
1372 832
1373 852
1374 54
1375 261
1376 526
1377 596
1378 925
1379 1193
1380 131
1381 1106
1382 558
1383 1202
1384 1190
1385 255
1386 151
1387 686
1388 1355
1389 823
1390 98
1391 1286
1392 1068
1393 1148
1394 1349
1395 609
1396 776
1397 368
1398 422
1399 914
1400 822
1401 1305
1402 593
1403 220
1404 59
1405 1226
1406 1264
1407 1162
1408 967
1409 936
1410 1272
1411 368
1412 792
1413 1024
1414 637
1415 1333
1416 307
1417 581
1418 942
1419 1192
1420 283
1421 936
1422 1236
1423 617
1424 426
1425 899
1426 216
1427 1328
1428 609
1429 255
1430 407
1431 1226
1432 1190
1433 1283
1434 1165
1435 255
1436 1226
1437 793
1438 1195
1439 1193
1440 808
1441 315
1442 1406
1443 1377
1444 1237
1445 779
1446 1067
1447 1060
1448 863
1449 620
1450 581
1451 958
1452 692
1453 136
1454 430
1455 1143
1456 581
1457 1152
1458 521
1459 494
1460 756
1461 1417
1462 1380
1463 283
1464 1342
1465 631
1466 1007
1467 1133
1468 336
1469 1110
1470 379
1471 1303
1472 314
1473 970
1474 981
1475 819
1476 362
1477 1473
1478 1152
1479 967
1480 628
1481 1410
1482 684
1483 761
1484 677
1485 688
1486 1368
1487 1308
1488 523
1489 410
1490 1286
1491 763
1492 820
1493 251
1494 1047
1495 518
1496 544
1497 122
1498 1187
1499 247
1500 967
1501 1005
1502 42
1503 1415
1504 596
1505 1079
1506 1305
1507 1089
1508 466
1509 1050
1510 195
1511 1118
1512 1496
1513 1360
1514 156
1515 255
1516 623
1517 1499
1518 777
1519 735
1520 940
1521 1286
1522 395
1523 1055
1524 644
1525 821
1526 1443
1527 297
1528 1001
1529 937
1530 526
1531 591
1532 217
1533 1136
1534 1189
1535 880
1536 1068
1537 255
1538 1506
1539 1226
1540 397
1541 170
1542 1145
1543 1286
1544 315
1545 1097
1546 1397
1547 1314
1548 1417
1549 255
1550 546
1551 1539
1552 368
1553 482
1554 1040
1555 581
1556 1208
1557 1005
1558 1417
1559 1226
1560 809
1561 1422
1562 1249
1563 1226
1564 581
1565 1427
1566 1286
1567 294
1568 944
1569 956
1570 405
1571 263
1572 1492
1573 623
1574 888
1575 1308
1576 1286
1577 89
1578 41
1579 1165
1580 255
1581 255
1582 1074
1583 76
1584 1165
1585 1060
1586 1308
1587 1561
1588 283
1589 544
1590 1328
1591 1112
1592 1496
1593 1385
1594 988
1595 1235
1596 822
1597 255
1598 697
1599 1141
1600 425
1601 545
1602 1507
1603 896
1604 1515
1605 776
1606 1380
1607 368
1608 1157
1609 880
1610 741
1611 581
1612 89
1613 652
1614 1283
1615 1358
1616 403
1617 1283
1618 851
1619 798
1620 818
1621 1556
1622 159
1623 1014
1624 792
1625 752
1626 408
1627 663
1628 1313
1629 180
1630 1388
1631 518
1632 763
1633 1226
1634 1410
1635 368
1636 1279
1637 1195
1638 255
1639 1123
1640 581
1641 992
1642 1216
1643 1068
1644 889
1645 458
1646 422
1647 1634
1648 1169
1649 311
1650 773
1651 1128
1652 583
1653 280
1654 889
1655 707
1656 1374
1657 368
1658 792
1659 698
1660 1561
1661 1104
1662 1187
1663 472
1664 1038
1665 1600
1666 229
1667 1570
1668 1283
1669 1226
1670 1582
1671 840
1672 1005
1673 1005
1674 920
1675 1555
1676 1544
1677 381
1678 582
1679 1277
1680 1363
1681 1131
1682 647
1683 1305
1684 411
1685 967
1686 839
1687 771
1688 763
1689 967
1690 1034
1691 1361
1692 1088
1693 1165
1694 1581
1695 473
1696 760
1697 1658
1698 1176
1699 297
1700 936
1701 70
1702 694
1703 255
1704 1459
1705 1052
1706 192
1707 1634
1708 757
1709 59
1710 1432
1711 1107
1712 983
1713 1193
1714 1363
1715 59
1716 934
1717 596
1718 637
1719 1710
1720 761
1721 1356
1722 248
1723 1292
1724 712
1725 1276
1726 905
1727 1220
1728 1270
1729 1605
1730 1506
1731 285
1732 55
1733 732
1734 686
1735 880
1736 1410
1737 757
1738 922
1739 1349
1740 1076
1741 1252
1742 1329
1743 530
1744 1572
1745 437
1746 551
1747 1167
1748 1468
1749 744
1750 752
1751 691
1752 1180
1753 931
1754 1174
1755 680
1756 168
1757 1582
1758 1356
1759 225
1760 1068
1761 609
1762 215
1763 1005
1764 315
1765 852
1766 1427
1767 255
1768 1428
1769 949
1770 1186
1771 1356
1772 1192
1773 646
1774 891
1775 1069
1776 1747
1777 731
1778 1661
1779 282
1780 586
1781 1306
1782 741
1783 1550
1784 301
1785 1728
1786 1151
1787 1122
1788 1283
1789 1724
1790 587
1791 519
1792 578
1793 619
1794 402
1795 1619
1796 603
1797 1733
1798 1730
1799 1698
1800 1629
1801 1483
1802 925
1803 1004
1804 1165
1805 1667
1806 596
1807 1698
1808 732
1809 822
1810 517
1811 1226
1812 221
1813 1174
1814 1697
1815 1592
1816 590
1817 1577
1818 1341
1819 422
1820 327
1821 1161
1822 368
1823 1797
1824 1284
1825 1248
1826 1583
1827 1226
1828 1731
1829 596
1830 1226
1831 1054
1832 255
1833 255
1834 1710
1835 975
1836 1650
1837 623
1838 1763
1839 1634
1840 1178
1841 1200
1842 536
1843 635
1844 950
1845 361
1846 822
1847 227
1848 1358
1849 743
1850 1298
1851 984
1852 800
1853 1426
1854 676
1855 160
1856 834
1857 166
1858 1373
1859 906
1860 892
1861 1484
1862 1612
1863 1165
1864 1683
1865 967
1866 304
1867 282
1868 1489
1869 1226
1870 1611
1871 1176
1872 345
1873 558
1874 920
1875 1286
1876 637
1877 1180
1878 1026
1879 596
1880 1286
1881 1660
1882 1770
1883 822
1884 1141
1885 1765
1886 925
1887 1226
1888 1366
1889 1226
1890 619
1891 1446
1892 906
1893 942
1894 1710
1895 1332
1896 1226
1897 368
1898 368
1899 255
1900 1698
1901 1135
1902 295
1903 886
1904 362
1905 1874
1906 1842
1907 880
1908 1867
1909 1037
1910 1213
1911 1910
1912 596
1913 270
1914 410
1915 743
1916 415
1917 1519
1918 1801
1919 420
1920 955
1921 529
1922 1380
1923 424
1924 1832
1925 1286
1926 136
1927 616
1928 1165
1929 505
1930 516
1931 1296
1932 1176
1933 1151
1934 1332
1935 1275
1936 1815
1937 942
1938 915
1939 1907
1940 1005
1941 1610
1942 1867
1943 1825
1944 1710
1945 215
1946 583
1947 875
1948 1718
1949 1176
1950 753
1951 1199
1952 276
1953 759
1954 1539
1955 341
1956 1283
1957 1943
1958 1763
1959 1735
1960 483
1961 496
1962 1523
1963 502
1964 422
1965 1838
1966 759
1967 255
1968 1304
1969 293
1970 813
1971 1634
1972 634
1973 215
1974 581
1975 1649
1976 1320
1977 1376
1978 422
1979 925
1980 504
1981 1881
1982 1196
1983 255
1984 1349
1985 1226
1986 1165
1987 1283
1988 368
1989 1936
1990 117
1991 868
1992 1305
1993 1167
1994 1131
1995 922
1996 1612
1997 1710
1998 860
1999 315
2000 264
2001 48
2002 321
2003 1766
2004 1858
2005 1808
2006 1355
2007 215
2008 368
2009 454
2010 341
2011 1710
2012 973
2013 255
2014 1341
2015 389
2016 1070
2017 745
2018 1710
2019 255
2020 178
2021 255
2022 1407
2023 2019
2024 617
2025 771
2026 1910
2027 466
2028 1496
2029 1939
2030 1328
2031 1079
2032 482
2033 454
2034 1366
2035 1742
2036 254
2037 243
2038 924
2039 1456
2040 1758
2041 1867
2042 596
2043 1882
2044 1482
2045 1824
2046 1461
2047 2038
2048 518
2049 1705
2050 2037
2051 1226
2052 1676
2053 1651
2054 1003
2055 1902
2056 1814
2057 880
2058 1995
2059 1995
2060 1466
2061 1964
2062 1226
2063 1797
2064 1961
2065 212
2066 1979
2067 1226
2068 1015
2069 1974
2070 1536
2071 1358
2072 1421
2073 1645
2074 33
2075 880
2076 1091
2077 1238
2078 1131
2079 652
2080 1670
2081 2051
2082 1755
2083 1057
2084 1040
2085 755
2086 1262
2087 1923
2088 1855
2089 889
2090 1048
2091 1946
2092 1285
2093 1437
2094 315
2095 1496
2096 255
2097 1226
2098 729
2099 2015
2100 215
2101 1845
2102 1808
2103 1005
2104 255
2105 222
2106 818
2107 1160
2108 1862
2109 746
2110 650
2111 1843
2112 1638
2113 1518
2114 612
2115 954
2116 177
2117 1808
2118 1068
2119 1808
2120 1710
2121 1568
2122 1842
2123 1459
2124 1839
2125 2050
2126 609
2127 581
2128 1644
2129 1226
2130 609
2131 1260
2132 315
2133 1567
2134 1677
2135 1856
2136 731
2137 1143
2138 1399
2139 1246
2140 2082
2141 1356
2142 1981
2143 329
2144 1031
2145 1687
2146 1128
2147 596
2148 1368
2149 1386
2150 1775
2151 1952
2152 1193
2153 1368
2154 1793
2155 948
2156 467
2157 1715
2158 2051
2159 2051
2160 1634
2161 500
2162 957
2163 1955
2164 1877
2165 830
2166 1661
2167 1069
2168 967
2169 617
2170 668
2171 547
2172 1916
2173 2145
2174 1180
2175 905
2176 1410
2177 1808
2178 1231
2179 530
2180 1068
2181 1634
2182 1574
2183 1024
2184 1685
2185 925
2186 2121
2187 1179
2188 1368
2189 1136
2190 1784
2191 1618
2192 1979
2193 1180
2194 880
2195 1171
2196 1410
2197 1775
2198 1710
2199 1522
2200 1783
2201 423
2202 1719
2203 1226
2204 1072
2205 1812
2206 502
2207 347
2208 1515
2209 755
2210 1793
2211 1270
2212 1901
2213 1193
2214 1459
2215 1328
2216 252
2217 374
2218 1113
2219 1432
2220 2005
2221 148
2222 1034
2223 1993
2224 1358
2225 1675
2226 1461
2227 1975
2228 1711
2229 358
2230 215
2231 1715
2232 1139
2233 986
2234 1479
2235 1286
2236 1867
2237 601
2238 1944
2239 2012
2240 1092
2241 1165
2242 304
2243 115
2244 1651
2245 1085
2246 1920
2247 1393
2248 1605
2249 957
2250 1671
2251 1131
2252 925
2253 1482
2254 1199
2255 1710
2256 1005
2257 1867
2258 1808
2259 1703
2260 965
2261 2209
2262 372
2263 843
2264 1097
2265 735
2266 249
2267 925
2268 275
2269 1341
2270 2006
2271 1448
2272 986
2273 379
2274 1646
2275 368
2276 1163
2277 1904
2278 1079
2279 1141
2280 832
2281 1174
2282 2184
2283 1798
2284 368
2285 2193
2286 2186
2287 1454
2288 609
2289 490
2290 2209
2291 952
2292 1702
2293 1819
2294 1516
2295 2103
2296 1374
2297 240
2298 1753
2299 1365
2300 1104
2301 2122
2302 735
2303 1589
2304 2293
2305 2188
2306 1573
2307 548
2308 1418
2309 829
2310 2157
2311 1468
2312 910
2313 2062
2314 257
2315 1925
2316 1152
2317 2103
2318 960
2319 2023
2320 1544
2321 2003
2322 1969
2323 2217
2324 1003
2325 1585
2326 1804
2327 930
2328 2300
2329 1525
2330 2133
2331 2098
2332 2052
2333 1710
2334 433
2335 757
2336 2320
2337 1931
2338 1665
2339 2104
2340 1721
2341 2208
2342 609
2343 1015
2344 1079
2345 2096
2346 500
2347 91
2348 1068
2349 1068
2350 738
2351 738
2352 2135
2353 663
2354 490
2355 1082
2356 255
2357 920
2358 849
2359 2275
2360 2269
2361 622
2362 2055
2363 1916
2364 1434
2365 1597
2366 1691
2367 2146
2368 1607
2369 1351
2370 2002
2371 1329
2372 1348
2373 524
2374 1617
2375 2023
2376 2255
2377 1860
2378 1885
2379 491
2380 255
2381 633
2382 2208
2383 1551
2384 1382
2385 1151
2386 199
2387 1810
2388 1508
2389 1804
2390 1897
2391 1710
2392 2319
2393 1272
2394 880
2395 1634
2396 1483
2397 255
2398 1814
2399 1024
2400 1410
2401 1021
2402 2355
2403 546
2404 1737
2405 1180
2406 2387
2407 1539
2408 2321
2409 2170
2410 989
2411 1662
2412 1057
2413 2330
2414 1116
2415 2272
2416 757
2417 1468
2418 528
2419 1698
2420 2015
2421 685
2422 1582
2423 917
2424 1383
2425 2413
2426 1706
2427 1368
2428 1165
2429 1363
2430 1532
2431 2284
2432 1666
2433 315
2434 1226
2435 1781
2436 2172
2437 1021
2438 617
2439 933
2440 1072
2441 2426
2442 1562
2443 1813
2444 825
2445 1853
2446 783
2447 1911
2448 520
2449 540
2450 606
2451 1226
2452 1422
2453 1477
2454 2186
2455 1434
2456 1780
2457 1368
2458 1727
2459 1174
2460 1283
2461 1040
2462 1707
2463 1005
2464 925
2465 1924
2466 741
2467 1212
2468 1963
2469 1461
2470 1283
2471 1853
2472 1165
2473 1944
2474 1787
2475 2354
2476 2426
2477 1165
2478 1165
2479 1925
2480 2052
2481 1544
2482 1462
2483 89
2484 1426
2485 1358
2486 2081
2487 2403
2488 1767
2489 1482
2490 2143
2491 2353
2492 486
2493 1700
2494 1267
2495 1697
2496 411
2497 910
2498 1190
2499 471
2500 1799
2501 2426
2502 2450
2503 1775
2504 2470
2505 459
2506 676
2507 2041
2508 904
2509 315
2510 789
2511 851
2512 2321
2513 1921
2514 418
2515 1867
2516 2223
2517 1886
2518 1606
2519 705
2520 1165
2521 1357
2522 2103
2523 387
2524 2195
2525 881
2526 1062
2527 1515
2528 1104
2529 1065
2530 2238
2531 2446
2532 2281
2533 1822
2534 880
2535 2032
2536 2525
2537 1867
2538 1171
2539 1553
2540 1568
2541 801
2542 820
2543 711
2544 1499
2545 717
2546 757
2547 1924
2548 260
2549 2185
2550 369
2551 651
2552 2398
2553 1325
2554 592
2555 1055
2556 1465
2557 1119
2558 623
2559 2431
2560 2186
2561 641
2562 255
2563 1797
2564 2353
2565 2378
2566 1068
2567 689
2568 2419
2569 1986
2570 1005
2571 2426
2572 1074
2573 315
2574 1043
2575 2413
2576 2407
2577 313
2578 609
2579 1896
2580 761
2581 2454
2582 499
2583 1541
2584 1562
2585 420
2586 1691
2587 2243
2588 617
2589 1715
2590 2496
2591 1799
2592 293
2593 1469
2594 1181
2595 215
2596 502
2597 1021
2598 1810
2599 1341
2600 2393
2601 1253
2602 1068
2603 2525
2604 2410
2605 743
2606 1769
2607 732
2608 2302
2609 1502
2610 841
2611 2403
2612 1556
2613 2093
2614 735
2615 1735
2616 1737
2617 237
2618 1471
2619 674
2620 278
2621 1939
2622 715
2623 709
2624 668
2625 958
2626 2278
2627 1602
2628 1788
2629 1972
2630 522
2631 1165
2632 2286
2633 916
2634 335
2635 694
2636 607
2637 1684
2638 1627
2639 268
2640 1160
2641 2485
2642 1013
2643 1337
2644 2488
2645 1808
2646 2538
2647 733
2648 2322
2649 1226
2650 255
2651 2557
2652 1356
2653 1451
2654 2040
2655 2168
2656 1109
2657 1867
2658 1178
2659 2517
2660 2403
2661 1146
2662 1991
2663 2302
2664 1945
2665 1004
2666 1799
2667 1501
2668 595
2669 1461
2670 475
2671 2237
2672 315
2673 741
2674 2328
2675 1349
2676 1710
2677 177
2678 2506
2679 1265
2680 1625
2681 442
2682 1951
2683 2549
2684 673
2685 2044
2686 2639
2687 2457
2688 1104
2689 1700
2690 2341
2691 1910
2692 282
2693 2121
2694 451
2695 2387
2696 1226
2697 1867
2698 2211
2699 1635
2700 997
2701 2461
2702 1217
2703 2126
2704 1358
2705 2237
2706 1121
2707 1841
2708 2606
2709 1527
2710 898
2711 2425
2712 2589
2713 2149
2714 1651
2715 2244
2716 1440
2717 909
2718 1989
2719 1968
2720 1573
2721 283
2722 2334
2723 1757
2724 910
2725 2355
2726 1672
2727 1700
2728 1775
2729 880
2730 405
2731 1567
2732 352
2733 2618
2734 2627
2735 1165
2736 822
2737 1704
2738 2378
2739 2402
2740 1436
2741 703
2742 1379
2743 2669
2744 1644
2745 2714
2746 1701
2747 2366
2748 1455
2749 1068
2750 1367
2751 1853
2752 2295
2753 175
2754 2576
2755 657
2756 1779
2757 2560
2758 1363
2759 454
2760 1910
2761 2747
2762 1412
2763 119
2764 2353
2765 2573
2766 1524
2767 651
2768 1243
2769 1278
2770 2370
2771 1667
2772 683
2773 215
2774 1256
2775 1827
2776 2768
2777 1211
2778 1410
2779 2766
2780 2051
2781 1821
2782 2641
2783 2756
2784 2186
2785 2341
2786 963
2787 496
2788 497
2789 2643
2790 2378
2791 2745
2792 1024
2793 1867
2794 117
2795 2735
2796 1830
2797 899
2798 2141
2799 1531
2800 2129
2801 2186
2802 1402
2803 2052
2804 2690
2805 1016
2806 1567
2807 2176
2808 2134
2809 596
2810 967
2811 1068
2812 1518
2813 922
2814 2134
2815 2554
2816 1614
2817 2322
2818 2692
2819 1301
2820 315
2821 1610
2822 1812
2823 2361
2824 383
2825 2270
2826 1908
2827 1332
2828 2526
2829 1849
2830 2316
2831 598
2832 2469
2833 2813
2834 405
2835 1979
2836 2100
2837 2594
2838 2802
2839 1496
2840 1335
2841 2143
2842 2018
2843 2328
2844 617
2845 2144
2846 2453
2847 1151
2848 1823
2849 967
2850 1934
2851 524
2852 2616
2853 2359
2854 2186
2855 1825
2856 518
2857 1223
2858 2232
2859 382
2860 2356
2861 2644
2862 58
2863 990
2864 1572
2865 2419
2866 2070
2867 1634
2868 617
2869 792
2870 1544
2871 2626
2872 2863
2873 1744
2874 466
2875 1700
2876 2151
2877 2552
2878 2161
2879 2384
2880 1117
2881 637
2882 1151
2883 2416
2884 2525
2885 2303
2886 231
2887 585
2888 2124
2889 2884
2890 1111
2891 1061
2892 974
2893 1832
2894 1944
2895 1136
2896 1667
2897 971
2898 1226
2899 2186
2900 2352
2901 2193
2902 255
2903 2400
2904 222
2905 832
2906 1995
2907 1160
2908 880
2909 1975
2910 869
2911 2398
2912 2455
2913 368
2914 2691
2915 2254
2916 1808
2917 2050
2918 1916
2919 1371
2920 1573
2921 581
2922 713
2923 2811
2924 967
2925 2859
2926 2455
2927 2683
2928 2186
2929 2860
2930 1967
2931 2561
2932 2337
2933 2593
2934 2035
2935 2495
2936 2861
2937 2190
2938 1764
2939 822
2940 1719
2941 357
2942 2249
2943 2823
2944 2291
2945 731
2946 2444
2947 368
2948 2354
2949 1283
2950 215
2951 1283
2952 2355
2953 1461
2954 1756
2955 1308
2956 2143
2957 2425
2958 1410
2959 1544
2960 2062
2961 755
2962 1505
2963 2068
2964 1835
2965 2776
2966 2832
2967 2015
2968 2773
2969 2595
2970 2413
2971 543
2972 89
2973 950
2974 2398
2975 2850
2976 2912
2977 108
2978 2479
2979 2588
2980 2132
2981 2341
2982 2855
2983 1357
2984 2642
2985 524
2986 609
2987 1711
2988 1113
2989 2525
2990 1226
2991 2683
2992 1355
2993 2916
2994 1867
2995 1698
2996 2958
2997 2687
2998 1827
2999 2629
3000 2994
3001 2958
3002 2733
3003 2615
3004 2175
3005 2687
3006 2307
3007 626
3008 1226
3009 1383
3010 283
3011 2301
3012 852
3013 580
3014 2326
3015 2525
3016 925
3017 2181
3018 2897
3019 2916
3020 1055
3021 2345
3022 1681
3023 2602
3024 1068
3025 774
3026 2152
3027 315
3028 335
3029 2130
3030 2006
3031 2072
3032 1808
3033 1105
3034 2403
3035 2623
3036 2481
3037 255
3038 2319
3039 1783
3040 2885
3041 2310
3042 2179
3043 1510
3044 2946
3045 1688
3046 1171
3047 1860
3048 2186
3049 437
3050 1808
3051 1848
3052 2342
3053 1808
3054 2006
3055 2200
3056 2512
3057 1948
3058 414
3059 643
3060 851
3061 2353
3062 335
3063 1885
3064 929
3065 619
3066 2388
3067 1634
3068 2176
3069 661
3070 3057
3071 2217
3072 2775
3073 602
3074 2640
3075 2341
3076 1054
3077 974
3078 2409
3079 2406
3080 1283
3081 2847
3082 1167
3083 1902
3084 2941
3085 2550
3086 1940
3087 2716
3088 2903
3089 2700
3090 1377
3091 2927
3092 2203
3093 2479
3094 1327
3095 2864
3096 759
3097 1072
3098 1982
3099 3047
3100 925
3101 2055
3102 2583
3103 2948
3104 335
3105 2403
3106 2073
3107 2728
3108 437
3109 1791
3110 1522
3111 2960
3112 2824
3113 3112
3114 1380
3115 2773
3116 2516
3117 2229
3118 2697
3119 2333
3120 490
3121 1858
3122 2341
3123 566
3124 405
3125 1456
3126 1259
3127 368
3128 1122
3129 2039
3130 1507
3131 3111
3132 1151
3133 2006
3134 2134
3135 2338
3136 3121
3137 633
3138 496
3139 1802
3140 1544
3141 838
3142 3012
3143 1305
3144 1420
3145 1799
3146 1506
3147 1240
3148 454
3149 405
3150 2899
3151 2050
3152 1459
3153 1863
3154 1209
3155 1439
3156 2868
3157 3048
3158 2186
3159 788
3160 1928
3161 1029
3162 1136
3163 856
3164 905
3165 629
3166 1779
3167 1131
3168 3051
3169 2527
3170 2382
3171 2465
3172 757
3173 2328
3174 2628
3175 2863
3176 1757
3177 2211
3178 1512
3179 1700
3180 2748
3181 1165
3182 3115
3183 1305
3184 3051
3185 2714
3186 1639
3187 2591
3188 1989
3189 2057
3190 1339
3191 1999
3192 1617
3193 1600
3194 2145
3195 2642
3196 2631
3197 1781
3198 822
3199 2070
3200 1331
3201 2412
3202 3105
3203 2885
3204 2211
3205 626
3206 2669
3207 1060
3208 2724
3209 2444
3210 3000
3211 889
3212 2445
3213 2547
3214 2174
3215 402
3216 1544
3217 2888
3218 1792
3219 918
3220 1711
3221 2379
3222 2717
3223 2186
3224 2806
3225 2972
3226 1726
3227 1942
3228 1180
3229 1443
3230 2262
3231 1867
3232 3190
3233 2319
3234 3183
3235 3165
3236 1015
3237 1573
3238 1031
3239 735
3240 1682
3241 1506
3242 2593
3243 445
3244 2818
3245 1691
3246 1310
3247 1611
3248 1930
3249 3011
3250 1560
3251 2186
3252 1068
3253 2768
3254 1945
3255 948
3256 3065
3257 2137
3258 1605
3259 2683
3260 609
3261 2899
3262 166
3263 2812
3264 1978
3265 2186
3266 1303
3267 3233
3268 3111
3269 1393
3270 1150
3271 903
3272 315
3273 1286
3274 2998
3275 3166
3276 2554
3277 3111
3278 1991
3279 558
3280 2972
3281 3093
3282 2302
3283 315
3284 1797
3285 2524
3286 2802
3287 3037
3288 442
3289 2007
3290 792
3291 1547
3292 1816
3293 105
3294 2621
3295 2815
3296 3120
3297 2351
3298 735
3299 2839
3300 2268
3301 3210
3302 1459
3303 2203
3304 2269
3305 923
3306 2687
3307 3268
3308 2273
3309 2820
3310 581
3311 1867
3312 1808
3313 2387
3314 596
3315 752
3316 226
3317 384
3318 2896
3319 3156
3320 2533
3321 415
3322 2925
3323 1193
3324 16
3325 984
3326 465
3327 1578
3328 50
3329 2347
3330 1631
3331 2852
3332 1173
3333 1356
3334 1205
3335 242
3336 129
3337 51
3338 762
3339 2001
3340 1769
3341 2763
3342 53
3343 162
3344 164
3345 1545
3346 1203
3347 1230
3348 292
3349 1134
3350 1300
3351 97
3352 1732
3353 2191
3354 38
3355 25
3356 1183
3357 82
3358 2541
3359 2171
3360 1945
3361 1727
3362 2074
3363 305
3364 33
3365 324
3366 105
3367 1571
3368 1502
3369 657
3370 2297
3371 2373
3372 268
3373 47
3374 109
3375 531
3376 2311
3377 1598
3378 2083
3379 1541
3380 50
3381 1845
3382 73
3383 52
3384 508
3385 2296
3386 191
3387 53
3388 117
3389 120
3390 392
3391 1485
3392 84
3393 2862
3394 1323
3395 2551
3396 477
3397 348
3398 1068
3399 367
3400 2372
3401 2157
3402 1709
3403 995
3404 587
3405 158
3406 1404
3407 466
3408 68
3409 198
3410 1093
3411 60
3412 60
3413 2636
3414 139
3415 1274
3416 2574
3417 517
3418 267
3419 1553
3420 784
3421 1403
3422 449
3423 66
3424 66
3425 66
3426 244
3427 67
3428 67
3429 375
3430 67
3431 69
3432 1096
3433 2746
3434 1522
3435 125
3436 222
3437 271
3438 632
3439 71
3440 71
3441 72
3442 2242
3443 1290
3444 1241
3445 1826
3446 2065
3447 2823
3448 2617
3449 2840
3450 629
3451 493
3452 813
3453 1227
3454 82
3455 2677
3456 717
3457 1289
3458 2002
3459 85
3460 1453
3461 1225
3462 648
3463 89
3464 3225
3465 1204
3466 446
3467 274
3468 1996
3469 2483
3470 2886
3471 1040
3472 1817
3473 2358
3474 2221
3475 145
3476 153
3477 419
3478 92
3479 1375
3480 154
3481 92
3482 189
3483 750
3484 2879
3485 181
3486 430
3487 1032
3488 2092
3489 2514
3490 1322
3491 2492
3492 604
3493 339
3494 1390
3495 541
3496 1021
3497 2207
3498 1616
3499 127
3500 98
3501 98
3502 2049
3503 2587
3504 98
3505 698
3506 100
3507 2050
3508 828
3509 3159
3510 1724
3511 3293
3512 105
3513 1034
3514 1240
3515 1493
3516 507
3517 219
3518 107
3519 107
3520 107
3521 1339
3522 2510
3523 2977
3524 2805
3525 2837
3526 1063
3527 905
3528 1622
3529 117
3530 2260
3531 654
3532 2794
3533 1250
3534 3016
3535 3106
3536 1990
3537 184
3538 1759
3539 1483
3540 514
3541 1336
3542 1594
3543 122
3544 1628
3545 2266
3546 774
3547 236
3548 1497
3549 1503
3550 1114
3551 123
3552 2954
3553 2779
3554 2229
3555 129
3556 141
3557 3058
3558 176
3559 1722
3560 130
3561 131
3562 3200
3563 2482
3564 1629
3565 1407
3566 133
3567 415
3568 2753
3569 331
3570 134
3571 136
3572 835
3573 2098
3574 136
3575 1258
3576 754
3577 136
3578 333
3579 850
3580 2828
3581 136
3582 136
3583 803
3584 427
3585 1338
3586 736
3587 136
3588 174
3589 1926
3590 2149
3591 409
3592 2732
3593 1459
3594 478
3595 597
3596 141
3597 142
3598 2490
3599 2088
3600 1154
3601 171
3602 149
3603 915
3604 152
3605 156
3606 1514
3607 362
3608 2799
3609 725
3610 3270
3611 1158
3612 417
3613 1026
3614 164
3615 300
3616 938
3617 476
3618 791
3619 1857
3620 166
3621 3262
3622 3044
3623 3248
3624 758
3625 1295
3626 3243
3627 169
3628 169
3629 2548
3630 170
3631 780
3632 172
3633 259
3634 214
3635 975
3636 821
3637 2620
3638 2116
3639 177
3640 177
3641 178
3642 2892
3643 239
3644 1278
3645 434
3646 188
3647 2020
3648 968
3649 1449
3650 181
3651 1359
3652 1288
3653 2315
3654 188
3655 1482
3656 1457
3657 192
3658 192
3659 2668
3660 192
3661 2476
3662 1031
3663 1876
3664 3043
3665 255
3666 773
3667 2386
3668 1567
3669 549
3670 204
3671 204
3672 639
3673 208
3674 210
3675 211
3676 1969
3677 214
3678 1473
3679 214
3680 215
3681 215
3682 2230
3683 325
3684 1762
3685 215
3686 215
3687 438
3688 2836
3689 223
3690 3006
3691 215
3692 2950
3693 215
3694 504
3695 3289
3696 215
3697 273
3698 488
3699 412
3700 2430
3701 2216
3702 1420
3703 959
3704 1853
3705 215
3706 215
3707 215
3708 215
3709 215
3710 215
3711 215
3712 215
3713 533
3714 1350
3715 1160
3716 966
3717 215
3718 842
3719 2595
3720 772
3721 1106
3722 2773
3723 1973
3724 215
3725 215
3726 895
3727 737
3728 221
3729 539
3730 221
3731 221
3732 1509
3733 233
3734 2205
3735 221
3736 2352
3737 618
3738 423
3739 893
3740 221
3741 1273
3742 221
3743 222
3744 1210
3745 222
3746 1287
3747 2105
3748 222
3749 770
3750 2904
3751 232
3752 921
3753 947
3754 726
3755 873
3756 2134
3757 1433
3758 224
3759 226
3760 226
3761 3316
3762 1847
3763 1661
3764 1265
3765 2432
3766 279
3767 232
3768 232
3769 235
3770 1002
3771 235
3772 236
3773 244
3774 1080
3775 1820
3776 699
3777 2544
3778 704
3779 252
3780 252
3781 1603
3782 291
3783 253
3784 1042
3785 254
3786 254
3787 2973
3788 1860
3789 1326
3790 254
3791 1358
3792 1259
3793 2036
3794 254
3795 1782
3796 2000
3797 783
3798 1580
3799 255
3800 255
3801 255
3802 255
3803 2624
3804 255
3805 1159
3806 1071
3807 363
3808 1498
3809 2967
3810 310
3811 255
3812 989
3813 1347
3814 255
3815 1620
3816 862
3817 1472
3818 1507
3819 768
3820 844
3821 255
3822 579
3823 2860
3824 255
3825 255
3826 1435
3827 2465
3828 2601
3829 255
3830 255
3831 1899
3832 1694
3833 612
3834 255
3835 1318
3836 255
3837 3037
3838 255
3839 1255
3840 255
3841 1344
3842 1354
3843 2017
3844 537
3845 285
3846 307
3847 584
3848 2650
3849 255
3850 255
3851 811
3852 3220
3853 1006
3854 1780
3855 2488
3856 255
3857 3317
3858 467
3859 2930
3860 795
3861 926
3862 1692
3863 573
3864 2380
3865 474
3866 255
3867 2021
3868 303
3869 1458
3870 255
3871 296
3872 1913
3873 441
3874 2694
3875 904
3876 701
3877 2345
3878 2019
3879 1317
3880 2045
3881 897
3882 2341
3883 391
3884 670
3885 1234
3886 901
3887 255
3888 1537
3889 255
3890 421
3891 255
3892 871
3893 255
3894 502
3895 401
3896 695
3897 1700
3898 255
3899 2013
3900 315
3901 3230
3902 428
3903 723
3904 634
3905 255
3906 255
3907 1608
3908 255
3909 1353
3910 255
3911 334
3912 715
3913 332
3914 907
3915 671
3916 255
3917 255
3918 255
3919 1127
3920 870
3921 390
3922 255
3923 625
3924 1562
3925 255
3926 2902
3927 255
3928 658
3929 1703
3930 2890
3931 281
3932 255
3933 617
3934 2831
3935 2550
3936 255
3937 1549
3938 255
3939 255
3940 1597
3941 255
3942 255
3943 545
3944 2582
3945 908
3946 255
3947 255
3948 946
3949 433
3950 1638
3951 255
3952 700
3953 1859
3954 2397
3955 2859
3956 565
3957 1749
3958 255
3959 1385
3960 1373
3961 272
3962 3292
3963 951
3964 2104
3965 2788
3966 3018
3967 255
3968 2240
3969 1983
3970 2941
3971 1137
3972 255
3973 349
3974 255
3975 255
3976 255
3977 702
3978 1792
3979 255
3980 589
3981 255
3982 255
3983 1076
3984 255
3985 2562
3986 255
3987 255
3988 1833
3989 255
3990 649
3991 461
3992 520
3993 659
3994 952
3995 255
3996 255
3997 1429
3998 1200
3999 840
4000 1460
4001 3163
4002 481
4003 2314
4004 888
4005 259
4006 262
4007 1268
4008 2639
4009 2268
4010 2876
4011 276
4012 276
4013 2217
4014 456
4015 2280
4016 1653
4017 1177
4018 286
4019 1058
4020 280
4021 280
4022 280
4023 280
4024 2299
4025 621
4026 280
4027 280
4028 1779
4029 1867
4030 660
4031 282
4032 2692
4033 283
4034 283
4035 1463
4036 283
4037 2623
4038 2055
4039 534
4040 1588
4041 2721
4042 283
4043 776
4044 993
4045 611
4046 283
4047 283
4048 3010
4049 1828
4050 1340
4051 287
4052 289
4053 3109
4054 293
4055 2592
4056 1001
4057 297
4058 297
4059 1444
4060 297
4061 2759
4062 297
4063 297
4064 297
4065 1699
4066 297
4067 319
4068 1850
4069 297
4070 1955
4071 1868
4072 297
4073 1527
4074 3013
4075 297
4076 3059
4077 405
4078 429
4079 297
4080 298
4081 527
4082 298
4083 1784
4084 1357
4085 304
4086 822
4087 304
4088 1866
4089 305
4090 2279
4091 306
4092 3305
4093 337
4094 1416
4095 307
4096 309
4097 370
4098 2909
4099 510
4100 313
4101 313
4102 2577
4103 1919
4104 1349
4105 315
4106 1311
4107 315
4108 3272
4109 2672
4110 315
4111 1059
4112 315
4113 1544
4114 315
4115 315
4116 431
4117 608
4118 315
4119 2433
4120 1367
4121 864
4122 2094
4123 765
4124 2239
4125 315
4126 1865
4127 3191
4128 655
4129 2938
4130 315
4131 315
4132 571
4133 315
4134 525
4135 315
4136 714
4137 3283
4138 2499
4139 624
4140 315
4141 315
4142 2509
4143 647
4144 315
4145 569
4146 2573
4147 315
4148 1452
4149 315
4150 662
4151 1441
4152 315
4153 315
4154 2980
4155 1140
4156 2820
4157 315
4158 3291
4159 1037
4160 3104
4161 315
4162 3027
4163 315
4164 383
4165 2162
4166 972
4167 1370
4168 785
4169 322
4170 393
4171 326
4172 3161
4173 329
4174 470
4175 450
4176 1170
4177 335
4178 335
4179 2634
4180 437
4181 515
4182 3028
4183 1013
4184 808
4185 335
4186 932
4187 3062
4188 2557
4189 439
4190 335
4191 335
4192 1201
4193 335
4194 335
4195 469
4196 2414
4197 338
4198 1280
4199 338
4200 485
4201 340
4202 681
4203 341
4204 2010
4205 1329
4206 1364
4207 342
4208 1872
4209 742
4210 614
4211 1271
4212 346
4213 346
4214 346
4215 605
4216 402
4217 346
4218 1166
4219 346
4220 931
4221 1931
4222 708
4223 2064
4224 355
4225 703
4226 2643
4227 2381
4228 362
4229 2277
4230 362
4231 362
4232 362
4233 362
4234 1476
4235 368
4236 362
4237 2670
4238 1664
4239 1898
4240 1146
4241 2309
4242 3127
4243 1185
4244 553
4245 2165
4246 368
4247 673
4248 368
4249 1075
4250 2555
4251 368
4252 509
4253 2910
4254 2699
4255 1903
4256 1534
4257 797
4258 3141
4259 1346
4260 1172
4261 1641
4262 1546
4263 1411
4264 2947
4265 1552
4266 1430
4267 368
4268 1822
4269 388
4270 368
4271 394
4272 2008
4273 506
4274 805
4275 1218
4276 368
4277 1988
4278 991
4279 368
4280 368
4281 902
4282 368
4283 1163
4284 368
4285 728
4286 2431
4287 1077
4288 596
4289 368
4290 1897
4291 2971
4292 2619
4293 2506
4294 1657
4295 368
4296 368
4297 903
4298 2275
4299 1103
4300 1751
4301 406
4302 2368
4303 2913
4304 529
4305 472
4306 368
4307 1470
4308 379
4309 3308
4310 2824
4311 383
4312 387
4313 2523
4314 1019
4315 394
4316 394
4317 396
4318 1369
4319 397
4320 1540
4321 1960
4322 398
4323 401
4324 2246
4325 2682
4326 809
4327 1794
4328 3215
4329 1138
4330 1094
4331 403
4332 1667
4333 2730
4334 2834
4335 1191
4336 3263
4337 3149
4338 3124
4339 1424
4340 1626
4341 409
4342 1914
4343 738
4344 2637
4345 2590
4346 411
4347 767
4348 411
4349 412
4350 1808
4351 413
4352 1126
4353 3321
4354 1716
4355 1494
4356 2172
4357 415
4358 415
4359 415
4360 939
4361 415
4362 415
4363 417
4364 978
4365 763
4366 2585
4367 421
4368 421
4369 1819
4370 1978
4371 2061
4372 422
4373 2110
4374 1773
4375 422
4376 1398
4377 1746
4378 2274
4379 2201
4380 1923
4381 3193
4382 879
4383 2016
4384 1087
4385 2543
4386 427
4387 1144
4388 1194
4389 1454
4390 473
4391 433
4392 1022
4393 2722
4394 1167
4395 433
4396 631
4397 1480
4398 436
4399 436
4400 436
4401 436
4402 1745
4403 3108
4404 437
4405 3288
4406 810
4407 555
4408 3049
4409 1710
4410 2702
4411 442
4412 1214
4413 2858
4414 848
4415 2681
4416 2630
4417 443
4418 443
4419 443
4420 1186
4421 1445
4422 447
4423 640
4424 449
4425 2758
4426 449
4427 452
4428 453
4429 454
4430 2033
4431 1741
4432 3148
4433 454
4434 454
4435 454
4436 2922
4437 2009
4438 455
4439 459
4440 2505
4441 459
4442 690
4443 652
4444 462
4445 462
4446 462
4447 462
4448 858
4449 462
4450 462
4451 462
4452 1133
4453 2128
4454 462
4455 2554
4456 983
4457 1781
4458 466
4459 2027
4460 594
4461 2874
4462 466
4463 2271
4464 1243
4465 2388
4466 985
4467 613
4468 466
4469 872
4470 1174
4471 619
4472 2156
4473 3290
4474 1207
4475 469
4476 1888
4477 470
4478 1663
4479 2301
4480 472
4481 1947
4482 1695
4483 474
4484 861
4485 1837
4486 1511
4487 482
4488 1215
4489 482
4490 482
4491 482
4492 1251
4493 482
4494 2535
4495 748
4496 1679
4497 1418
4498 488
4499 1078
4500 488
4501 666
4502 490
4503 2354
4504 490
4505 490
4506 2318
4507 2289
4508 3120
4509 1035
4510 1039
4511 490
4512 3221
4513 491
4514 956
4515 746
4516 718
4517 491
4518 491
4519 2561
4520 1053
4521 492
4522 496
4523 2787
4524 496
4525 2060
4526 496
4527 496
4528 3138
4529 496
4530 498
4531 899
4532 500
4533 500
4534 500
4535 1520
4536 500
4537 2346
4538 881
4539 500
4540 500
4541 2161
4542 1219
4543 2206
4544 1963
4545 2596
4546 1980
4547 1929
4548 507
4549 508
4550 630
4551 826
4552 514
4553 515
4554 3313
4555 518
4556 2847
4557 1495
4558 2048
4559 1121
4560 1752
4561 2856
4562 593
4563 798
4564 1030
4565 519
4566 520
4567 2448
4568 520
4569 523
4570 523
4571 523
4572 1488
4573 2851
4574 2985
4575 524
4576 1977
4577 3222
4578 1530
4579 1153
4580 528
4581 528
4582 2418
4583 528
4584 1921
4585 929
4586 530
4587 1743
4588 3042
4589 531
4590 531
4591 531
4592 719
4593 531
4594 531
4595 812
4596 1442
4597 538
4598 531
4599 531
4600 533
4601 533
4602 1678
4603 2449
4604 2076
4605 564
4606 2625
4607 1496
4608 2303
4609 1601
4610 545
4611 2025
4612 546
4613 2487
4614 546
4615 2200
4616 547
4617 547
4618 1254
4619 987
4620 548
4621 548
4622 1345
4623 555
4624 557
4625 1873
4626 854
4627 2355
4628 3123
4629 781
4630 679
4631 3279
4632 560
4633 560
4634 560
4635 1102
4636 602
4637 1299
4638 566
4639 568
4640 1147
4641 656
4642 569
4643 571
4644 573
4645 2111
4646 945
4647 577
4648 578
4649 1073
4650 580
4651 580
4652 1010
4653 580
4654 1125
4655 1015
4656 580
4657 580
4658 1555
4659 1611
4660 581
4661 1004
4662 1974
4663 2127
4664 581
4665 1450
4666 581
4667 581
4668 1998
4669 3310
4670 581
4671 581
4672 581
4673 2039
4674 1474
4675 2921
4676 581
4677 1461
4678 581
4679 1640
4680 1669
4681 581
4682 581
4683 749
4684 1012
4685 1564
4686 581
4687 2791
4688 581
4689 581
4690 581
4691 1652
4692 1946
4693 583
4694 1014
4695 583
4696 584
4697 2887
4698 1796
4699 669
4700 696
4701 922
4702 1790
4703 587
4704 587
4705 589
4706 685
4707 775
4708 1891
4709 2612
4710 2802
4711 593
4712 880
4713 721
4714 1117
4715 596
4716 2147
4717 876
4718 1232
4719 596
4720 2439
4721 1233
4722 596
4723 1504
4724 716
4725 3314
4726 3069
4727 1912
4728 1066
4729 1334
4730 786
4731 1829
4732 596
4733 596
4734 3090
4735 596
4736 596
4737 596
4738 2809
4739 596
4740 596
4741 596
4742 596
4743 596
4744 1879
4745 596
4746 1060
4747 596
4748 2042
4749 1361
4750 1717
4751 596
4752 596
4753 596
4754 1806
4755 675
4756 847
4757 759
4758 599
4759 2502
4760 599
4761 2237
4762 3073
4763 885
4764 927
4765 606
4766 2578
4767 2288
4768 3260
4769 1293
4770 609
4771 609
4772 678
4773 609
4774 609
4775 609
4776 609
4777 609
4778 1044
4779 609
4780 730
4781 609
4782 609
4783 3029
4784 609
4785 2986
4786 609
4787 2342
4788 2126
4789 609
4790 609
4791 609
4792 609
4793 609
4794 1025
4795 1155
4796 1395
4797 609
4798 2955
4799 1206
4800 609
4801 609
4802 1081
4803 2633
4804 609
4805 1768
4806 912
4807 609
4808 1761
4809 1387
4810 609
4811 610
4812 1352
4813 755
4814 2114
4815 612
4816 2662
4817 1927
4818 617
4819 2169
4820 617
4821 617
4822 2891
4823 1935
4824 2024
4825 617
4826 617
4827 617
4828 2438
4829 3319
4830 1017
4831 739
4832 2979
4833 617
4834 2844
4835 944
4836 3246
4837 1423
4838 619
4839 619
4840 619
4841 3065
4842 1890
4843 619
4844 853
4845 2154
4846 619
4847 619
4848 620
4849 620
4850 622
4851 623
4852 623
4853 2294
4854 3237
4855 802
4856 623
4857 623
4858 2558
4859 624
4860 2572
4861 624
4862 624
4863 625
4864 625
4865 626
4866 3007
4867 3205
4868 626
4869 626
4870 629
4871 629
4872 629
4873 629
4874 629
4875 996
4876 629
4877 3235
4878 631
4879 1188
4880 631
4881 663
4882 631
4883 2556
4884 1950
4885 633
4886 3137
4887 633
4888 633
4889 2629
4890 634
4891 859
4892 634
4893 1223
4894 2881
4895 637
4896 637
4897 637
4898 637
4899 1718
4900 637
4901 637
4902 1414
4903 857
4904 642
4905 643
4906 3240
4907 2567
4908 2656
4909 1084
4910 650
4911 766
4912 2767
4913 651
4914 2079
4915 652
4916 1613
4917 1413
4918 2136
4919 657
4920 657
4921 2755
4922 658
4923 659
4924 659
4925 662
4926 662
4927 662
4928 663
4929 2638
4930 2353
4931 663
4932 663
4933 1129
4934 2647
4935 1003
4936 1332
4937 668
4938 918
4939 760
4940 2170
4941 693
4942 673
4943 2684
4944 674
4945 3241
4946 1315
4947 676
4948 676
4949 1854
4950 3208
4951 677
4952 677
4953 1861
4954 677
4955 680
4956 2082
4957 680
4958 722
4959 2772
4960 1149
4961 2421
4962 685
4963 1734
4964 887
4965 687
4966 694
4967 2292
4968 2635
4969 694
4970 694
4971 865
4972 697
4973 697
4974 1659
4975 1020
4976 2741
4977 1309
4978 1915
4979 2519
4980 1655
4981 707
4982 711
4983 711
4984 711
4985 711
4986 2622
4987 716
4988 717
4989 2545
4990 720
4991 722
4992 726
4993 726
4994 726
4995 726
4996 731
4997 1777
4998 2945
4999 731
5000 3033
5001 2063
5002 2607
5003 734
5004 2302
5005 2265
5006 3298
5007 735
5008 735
5009 2614
5010 735
5011 3239
5012 1917
5013 1245
5014 1901
5015 2350
5016 738
5017 738
5018 882
5019 738
5020 3297
5021 738
5022 738
5023 740
5024 740
5025 2673
5026 1136
5027 2466
5028 1941
5029 741
5030 1124
5031 743
5032 3002
5033 743
5034 2829
5035 743
5036 743
5037 2605
5038 743
5039 743
5040 2109
5041 746
5042 747
5043 748
5044 1949
5045 750
5046 1750
5047 752
5048 752
5049 2680
5050 3315
5051 2961
5052 2085
5053 2290
5054 755
5055 1389
5056 756
5057 1239
5058 756
5059 2546
5060 1437
5061 2883
5062 3172
5063 2335
5064 1708
5065 757
5066 1953
5067 3096
5068 1966
5069 759
5070 1696
5071 760
5072 760
5073 760
5074 2580
5075 1720
5076 763
5077 763
5078 3045
5079 1852
5080 1632
5081 763
5082 763
5083 1491
5084 1054
5085 941
5086 769
5087 1648
5088 770
5089 771
5090 2145
5091 771
5092 772
5093 773
5094 773
5095 1650
5096 773
5097 3025
5098 776
5099 1282
5100 1729
5101 776
5102 1396
5103 776
5104 776
5105 776
5106 2531
5107 855
5108 783
5109 785
5110 2777
5111 791
5112 1399
5113 791
5114 792
5115 792
5116 1412
5117 1624
5118 1658
5119 792
5120 1355
5121 2869
5122 792
5123 792
5124 792
5125 795
5126 797
5127 797
5128 1224
5129 1056
5130 1795
5131 801
5132 802
5133 802
5134 806
5135 2716
5136 1164
5137 3250
5138 1000
5139 1970
5140 1156
5141 813
5142 817
5143 2106
5144 818
5145 819
5146 1475
5147 2542
5148 820
5149 820
5150 820
5151 1572
5152 953
5153 2329
5154 821
5155 821
5156 2553
5157 821
5158 2939
5159 822
5160 1596
5161 822
5162 3198
5163 822
5164 822
5165 822
5166 1142
5167 1542
5168 822
5169 822
5170 2077
5171 2736
5172 822
5173 1883
5174 822
5175 822
5176 1400
5177 1809
5178 1051
5179 1846
5180 822
5181 822
5182 822
5183 822
5184 822
5185 822
5186 890
5187 2593
5188 1269
5189 826
5190 831
5191 2905
5192 832
5193 1257
5194 1372
5195 835
5196 1686
5197 839
5198 840
5199 2250
5200 840
5201 840
5202 841
5203 841
5204 841
5205 961
5206 841
5207 2610
5208 2263
5209 843
5210 1774
5211 874
5212 2511
5213 3060
5214 852
5215 852
5216 3012
5217 1885
5218 919
5219 856
5220 856
5221 856
5222 857
5223 857
5224 858
5225 858
5226 860
5227 861
5228 863
5229 863
5230 867
5231 1229
5232 1175
5233 869
5234 2710
5235 871
5236 875
5237 877
5238 2529
5239 879
5240 879
5241 935
5242 880
5243 880
5244 880
5245 880
5246 880
5247 2075
5248 880
5249 928
5250 880
5251 1535
5252 880
5253 880
5254 2700
5255 880
5256 2394
5257 880
5258 880
5259 880
5260 2729
5261 1943
5262 880
5263 2057
5264 2615
5265 2534
5266 880
5267 880
5268 1939
5269 880
5270 880
5271 880
5272 2194
5273 880
5274 920
5275 1609
5276 2908
5277 880
5278 881
5279 881
5280 1723
5281 2525
5282 887
5283 888
5284 2182
5285 1267
5286 888
5287 888
5288 2089
5289 3211
5290 2131
5291 1654
5292 1425
5293 2797
5294 903
5295 903
5296 903
5297 3271
5298 903
5299 903
5300 2508
5301 3164
5302 905
5303 3226
5304 905
5305 3004
5306 2871
5307 906
5308 1892
5309 2038
5310 908
5311 2497
5312 2312
5313 911
5314 915
5315 1938
5316 915
5317 2423
5318 2327
5319 918
5320 3219
5321 918
5322 3154
5323 920
5324 2357
5325 920
5326 920
5327 920
5328 1874
5329 920
5330 1674
5331 920
5332 1362
5333 1995
5334 1738
5335 2813
5336 3255
5337 923
5338 924
5339 2252
5340 1802
5341 2267
5342 3100
5343 925
5344 2683
5345 925
5346 1979
5347 925
5348 925
5349 1378
5350 2517
5351 925
5352 925
5353 1027
5354 2464
5355 925
5356 926
5357 927
5358 928
5359 928
5360 929
5361 929
5362 929
5363 3064
5364 931
5365 931
5366 931
5367 1753
5368 932
5369 936
5370 936
5371 1409
5372 936
5373 936
5374 1421
5375 936
5376 1529
5377 941
5378 1937
5379 1095
5380 942
5381 1893
5382 2540
5383 945
5384 1910
5385 946
5386 2155
5387 948
5388 990
5389 950
5390 1844
5391 950
5392 950
5393 2291
5394 953
5395 953
5396 953
5397 1064
5398 2115
5399 956
5400 1569
5401 956
5402 956
5403 956
5404 956
5405 956
5406 956
5407 956
5408 2249
5409 2653
5410 959
5411 960
5412 2187
5413 2786
5414 2655
5415 2924
5416 967
5417 1500
5418 967
5419 2849
5420 967
5421 1247
5422 2467
5423 967
5424 967
5425 1408
5426 967
5427 967
5428 967
5429 967
5430 1685
5431 1689
5432 1479
5433 1297
5434 1263
5435 1642
5436 2810
5437 968
5438 968
5439 972
5440 972
5441 972
5442 972
5443 1069
5444 973
5445 3077
5446 2964
5447 975
5448 1049
5449 3186
5450 977
5451 979
5452 981
5453 981
5454 1371
5455 1712
5456 984
5457 984
5458 984
5459 984
5460 1851
5461 984
5462 2233
5463 986
5464 2415
5465 987
5466 2410
5467 2863
5468 2247
5469 996
5470 997
5471 998
5472 1528
5473 1001
5474 1001
5475 1002
5476 1046
5477 2054
5478 1003
5479 2324
5480 1003
5481 1004
5482 1004
5483 1803
5484 2665
5485 1004
5486 1004
5487 1178
5488 1673
5489 1005
5490 1763
5491 2218
5492 1005
5493 1005
5494 2103
5495 1005
5496 1005
5497 1940
5498 1221
5499 2726
5500 2256
5501 1005
5502 1192
5503 2463
5504 1557
5505 1005
5506 1501
5507 1005
5508 1005
5509 2570
5510 1007
5511 1007
5512 1008
5513 1008
5514 1009
5515 2642
5516 1623
5517 2963
5518 1368
5519 3236
5520 2343
5521 1015
5522 1019
5523 1019
5524 2401
5525 2437
5526 1021
5527 2597
5528 1021
5529 1132
5530 1023
5531 1023
5532 1023
5533 1023
5534 2792
5535 1024
5536 2183
5537 1024
5538 2399
5539 1878
5540 1028
5541 1028
5542 1031
5543 1031
5544 2845
5545 1031
5546 3238
5547 1031
5548 1033
5549 1034
5550 2222
5551 1690
5552 1037
5553 1037
5554 1037
5555 1037
5556 1037
5557 1909
5558 1040
5559 1041
5560 1040
5561 1040
5562 1725
5563 1040
5564 1165
5565 1302
5566 1040
5567 1040
5568 2084
5569 1040
5570 1040
5571 1040
5572 2086
5573 1040
5574 1040
5575 1040
5576 1040
5577 1554
5578 2701
5579 1040
5580 1040
5581 1043
5582 1048
5583 2090
5584 1050
5585 1050
5586 1054
5587 1054
5588 1054
5589 1054
5590 3076
5591 1831
5592 1523
5593 3020
5594 1055
5595 1055
5596 3094
5597 1055
5598 2412
5599 1057
5600 1057
5601 1058
5602 1059
5603 1059
5604 1447
5605 2325
5606 1115
5607 1236
5608 1060
5609 1060
5610 1060
5611 3207
5612 1064
5613 1067
5614 2195
5615 1100
5616 1068
5617 1131
5618 1068
5619 1068
5620 1068
5621 1068
5622 2866
5623 2118
5624 2349
5625 1643
5626 1068
5627 1068
5628 1068
5629 1120
5630 1108
5631 2749
5632 1068
5633 2811
5634 1760
5635 2180
5636 1068
5637 3024
5638 1068
5639 3252
5640 1068
5641 1068
5642 2348
5643 2602
5644 1392
5645 2566
5646 1143
5647 2728
5648 1266
5649 2167
5650 1069
5651 1072
5652 3097
5653 2204
5654 2440
5655 1074
5656 1270
5657 1074
5658 2422
5659 1112
5660 1074
5661 1740
5662 1076
5663 1076
5664 1083
5665 1077
5666 2962
5667 1079
5668 2031
5669 2344
5670 1079
5671 1079
5672 1082
5673 1084
5674 1084
5675 1084
5676 1084
5677 2245
5678 1087
5679 1088
5680 1090
5681 1092
5682 1093
5683 1093
5684 2264
5685 1098
5686 1098
5687 1098
5688 1198
5689 1101
5690 1102
5691 1104
5692 1104
5693 1104
5694 1104
5695 1104
5696 1104
5697 2843
5698 1104
5699 2528
5700 1104
5701 1104
5702 1104
5703 1104
5704 1104
5705 2688
5706 1381
5707 1109
5708 1110
5709 1591
5710 2988
5711 2139
5712 1116
5713 1116
5714 2880
5715 1119
5716 2706
5717 1121
5718 1121
5719 1121
5720 1122
5721 1122
5722 3128
5723 1122
5724 1122
5725 1122
5726 1122
5727 1122
5728 2474
5729 1122
5730 1122
5731 2146
5732 1231
5733 1130
5734 1130
5735 2078
5736 1131
5737 1131
5738 1343
5739 1131
5740 1681
5741 1982
5742 1131
5743 1994
5744 3167
5745 1131
5746 2251
5747 1131
5748 1131
5749 1131
5750 1133
5751 1133
5752 1321
5753 1133
5754 1133
5755 1467
5756 1136
5757 1136
5758 1533
5759 2189
5760 1136
5761 2895
5762 1136
5763 1136
5764 1136
5765 3162
5766 1136
5767 1137
5768 1599
5769 1141
5770 1884
5771 2748
5772 1143
5773 3257
5774 2661
5775 1146
5776 1151
5777 1151
5778 1151
5779 1151
5780 1151
5781 1151
5782 1151
5783 2742
5784 3132
5785 1151
5786 1151
5787 2882
5788 1151
5789 1151
5790 1151
5791 2385
5792 1151
5793 1151
5794 1151
5795 1933
5796 1151
5797 1197
5798 1786
5799 1151
5800 1151
5801 1151
5802 1151
5803 1152
5804 2316
5805 1152
5806 1595
5807 1478
5808 1152
5809 1152
5810 1153
5811 1155
5812 1155
5813 1155
5814 1155
5815 1157
5816 2907
5817 1160
5818 1160
5819 1160
5820 2107
5821 3074
5822 2781
5823 1161
5824 2276
5825 1165
5826 1165
5827 1165
5828 1165
5829 1165
5830 1165
5831 1434
5832 1165
5833 1165
5834 1165
5835 1165
5836 1383
5837 1165
5838 1584
5839 2241
5840 1693
5841 1165
5842 2819
5843 1165
5844 1165
5845 1165
5846 1165
5847 1165
5848 1165
5849 2735
5850 1165
5851 1165
5852 1165
5853 1165
5854 2520
5855 1165
5856 2477
5857 1261
5858 1165
5859 2472
5860 3181
5861 1165
5862 1165
5863 1165
5864 2478
5865 1165
5866 1312
5867 3153
5868 1165
5869 1165
5870 1165
5871 1579
5872 3196
5873 1165
5874 1165
5875 2569
5876 1165
5877 1165
5878 1165
5879 1165
5880 3160
5881 2326
5882 2428
5883 1165
5884 1165
5885 1165
5886 1294
5887 1167
5888 1167
5889 1167
5890 1167
5891 1637
5892 1167
5893 1167
5894 3082
5895 1776
5896 1167
5897 1167
5898 1167
5899 3116
5900 1167
5901 1167
5902 1167
5903 1167
5904 1170
5905 1171
5906 1171
5907 1171
5908 1171
5909 1171
5910 3046
5911 2538
5912 1174
5913 1174
5914 2459
5915 1174
5916 1174
5917 1304
5918 2443
5919 1174
5920 2281
5921 1330
5922 1754
5923 1174
5924 1175
5925 1932
5926 1698
5927 1871
5928 2658
5929 1840
5930 3214
5931 1513
5932 3228
5933 2405
5934 2285
5935 1180
5936 1877
5937 1181
5938 1184
5939 1184
5940 1185
5941 1319
5942 1770
5943 1187
5944 2411
5945 2498
5946 1190
5947 1384
5948 1191
5949 1419
5950 1192
5951 1192
5952 1192
5953 1192
5954 1772
5955 1193
5956 2213
5957 1713
5958 1193
5959 3026
5960 1193
5961 3155
5962 3323
5963 1193
5964 1195
5965 1438
5966 2254
5967 1841
5968 1200
5969 1636
5970 1204
5971 1204
5972 1281
5973 1207
5974 1209
5975 1209
5976 1217
5977 1222
5978 2857
5979 1223
5980 1223
5981 2067
5982 1228
5983 1226
5984 1226
5985 2960
5986 1226
5987 1226
5988 1226
5989 3008
5990 3092
5991 1226
5992 1226
5993 1226
5994 1226
5995 1226
5996 1226
5997 1539
5998 1226
5999 2579
6000 1226
6001 1226
6002 1226
6003 1226
6004 1226
6005 1226
6006 1633
6007 1226
6008 1226
6009 1226
6010 1226
6011 2800
6012 2451
6013 1226
6014 1226
6015 1226
6016 1226
6017 1226
6018 1226
6019 1226
6020 2990
6021 1226
6022 2097
6023 1226
6024 1342
6025 1226
6026 2051
6027 1985
6028 2649
6029 1226
6030 1226
6031 1887
6032 1226
6033 2998
6034 1226
6035 1431
6036 2696
6037 1226
6038 2796
6039 1226
6040 1226
6041 1889
6042 1226
6043 1226
6044 2434
6045 1226
6046 1226
6047 1563
6048 1226
6049 1226
6050 1226
6051 2600
6052 2898
6053 1226
6054 1405
6055 1226
6056 1559
6057 1320
6058 1226
6059 1811
6060 1869
6061 1226
6062 1226
6063 1226
6064 2740
6065 1226
6066 1226
6067 1226
6068 1227
6069 1228
6070 1229
6071 1229
6072 1229
6073 1231
6074 2178
6075 1234
6076 1235
6077 1236
6078 1236
6079 1422
6080 1236
6081 1236
6082 1237
6083 1237
6084 1240
6085 1240
6086 2369
6087 1240
6088 3147
6089 1240
6090 1240
6091 1240
6092 1240
6093 1240
6094 1243
6095 2768
6096 1245
6097 1245
6098 1251
6099 1251
6100 1291
6101 1255
6102 2774
6103 3126
6104 1262
6105 1262
6106 2679
6107 1265
6108 2494
6109 1268
6110 2211
6111 1270
6112 1785
6113 1270
6114 1270
6115 1410
6116 1275
6117 2769
6118 1278
6119 1280
6120 1280
6121 1987
6122 1283
6123 2951
6124 2460
6125 1668
6126 1283
6127 3080
6128 1316
6129 2816
6130 1956
6131 1283
6132 2504
6133 3174
6134 1283
6135 1283
6136 1283
6137 1617
6138 2949
6139 1283
6140 1283
6141 1286
6142 1566
6143 1543
6144 1286
6145 1875
6146 1286
6147 1286
6148 3273
6149 2235
6150 1576
6151 1286
6152 1391
6153 1521
6154 1286
6155 1490
6156 1286
6157 1286
6158 1286
6159 1880
6160 1287
6161 1292
6162 1292
6163 1292
6164 1296
6165 1296
6166 1299
6167 1300
6168 1301
6169 1303
6170 1303
6171 1303
6172 3266
6173 2719
6174 1401
6175 1305
6176 3143
6177 1305
6178 1305
6179 1305
6180 1992
6181 1864
6182 1305
6183 3183
6184 1308
6185 1575
6186 1308
6187 1308
6188 1487
6189 1586
6190 1310
6191 1313
6192 1314
6193 1315
6194 1976
6195 1322
6196 1322
6197 1322
6198 1325
6199 1327
6200 1327
6201 2030
6202 1590
6203 1427
6204 2215
6205 2371
6206 1329
6207 1329
6208 1329
6209 2035
6210 1332
6211 1332
6212 1332
6213 1341
6214 1332
6215 1332
6216 1332
6217 1934
6218 1895
6219 2827
6220 1334
6221 1334
6222 1335
6223 1338
6224 1338
6225 1339
6226 1339
6227 3190
6228 2599
6229 1341
6230 1818
6231 2269
6232 1341
6233 1341
6234 2014
6235 1464
6236 1343
6237 1343
6238 1739
6239 2675
6240 1349
6241 1984
6242 1349
6243 1394
6244 1350
6245 1352
6246 1352
6247 1352
6248 1355
6249 3030
6250 2992
6251 1355
6252 1355
6253 1355
6254 1355
6255 1630
6256 1355
6257 2652
6258 1356
6259 1356
6260 2340
6261 1356
6262 2798
6263 2040
6264 1356
6265 1356
6266 1356
6267 1356
6268 1771
6269 1356
6270 2983
6271 1357
6272 1357
6273 2521
6274 2071
6275 1358
6276 2224
6277 1615
6278 1358
6279 1358
6280 1358
6281 1358
6282 2782
6283 3051
6284 2704
6285 2761
6286 1362
6287 1362
6288 1363
6289 1363
6290 1363
6291 1363
6292 1680
6293 2429
6294 1714
6295 1363
6296 1363
6297 1366
6298 2034
6299 1366
6300 1366
6301 2750
6302 1486
6303 2148
6304 2427
6305 2687
6306 2153
6307 2188
6308 1371
6309 2919
6310 1371
6311 1371
6312 1371
6313 2004
6314 1374
6315 1656
6316 1374
6317 1374
6318 1374
6319 1374
6320 1374
6321 1374
6322 1375
6323 1443
6324 3114
6325 2518
6326 1380
6327 1380
6328 1380
6329 1380
6330 1922
6331 1380
6332 2424
6333 3009
6334 1385
6335 1385
6336 1385
6337 1593
6338 1389
6339 1390
6340 1391
6341 1391
6342 1393
6343 3269
6344 1394
6345 1396
6346 2138
6347 1400
6348 1401
6349 1404
6350 1407
6351 2022
6352 1407
6353 1407
6354 2903
6355 2196
6356 1410
6357 2778
6358 1736
6359 1410
6360 2176
6361 1410
6362 1410
6363 1481
6364 2958
6365 1410
6366 1634
6367 1410
6368 2762
6369 1414
6370 1417
6371 1548
6372 1558
6373 1418
6374 2308
6375 3144
6376 1421
6377 3031
6378 2452
6379 1422
6380 1422
6381 1422
6382 1561
6383 1426
6384 2484
6385 2321
6386 1427
6387 1565
6388 1430
6389 1430
6390 1430
6391 1431
6392 1432
6393 2219
6394 2455
6395 1434
6396 2364
6397 1436
6398 1437
6399 1437
6400 2613
6401 1442
6402 1526
6403 1443
6404 3229
6405 1445
6406 1445
6407 1445
6408 1450
6409 1451
6410 2287
6411 1455
6412 3125
6413 1458
6414 2737
6415 3302
6416 3152
6417 2123
6418 2214
6419 1460
6420 1460
6421 1461
6422 1461
6423 1461
6424 2046
6425 1461
6426 1461
6427 2953
6428 1461
6429 1461
6430 1461
6431 2226
6432 1461
6433 2669
6434 1461
6435 2966
6436 1461
6437 1461
6438 1461
6439 1462
6440 1462
6441 1463
6442 1465
6443 1468
6444 2417
6445 1748
6446 1469
6447 1473
6448 2846
6449 1474
6450 1475
6451 1475
6452 1477
6453 1477
6454 1478
6455 2234
6456 2489
6457 1482
6458 1482
6459 1482
6460 1482
6461 2253
6462 1482
6463 1482
6464 1482
6465 1482
6466 1482
6467 1482
6468 2685
6469 1482
6470 1483
6471 2396
6472 1483
6473 1918
6474 1485
6475 1489
6476 1490
6477 1496
6478 1496
6479 1496
6480 1496
6481 1496
6482 1496
6483 1496
6484 1512
6485 2095
6486 2028
6487 1496
6488 2839
6489 1496
6490 1496
6491 1496
6492 1496
6493 1936
6494 1499
6495 1517
6496 1501
6497 2667
6498 1502
6499 1502
6500 1502
6501 1502
6502 2609
6503 1505
6504 3146
6505 1798
6506 1538
6507 1507
6508 1507
6509 3130
6510 2734
6511 1507
6512 1511
6513 3178
6514 1513
6515 1513
6516 1513
6517 1513
6518 1514
6519 3169
6520 1515
6521 1604
6522 1516
6523 1516
6524 1518
6525 2113
6526 1520
6527 1520
6528 1521
6529 1521
6530 1522
6531 1522
6532 1522
6533 1522
6534 1522
6535 1522
6536 2199
6537 1522
6538 3110
6539 1522
6540 1962
6541 1524
6542 2709
6543 1533
6544 1535
6545 2383
6546 1539
6547 1539
6548 1539
6549 1539
6550 1539
6551 2576
6552 1954
6553 1539
6554 1541
6555 3102
6556 2959
6557 2870
6558 1544
6559 1544
6560 3036
6561 1544
6562 2320
6563 1544
6564 1544
6565 3216
6566 1676
6567 1544
6568 1544
6569 1544
6570 3140
6571 1548
6572 1548
6573 1549
6574 1553
6575 2539
6576 2225
6577 1621
6578 1559
6579 1587
6580 2142
6581 1561
6582 1561
6583 1561
6584 1561
6585 2442
6586 2584
6587 1562
6588 1565
6589 1566
6590 1566
6591 1566
6592 1567
6593 2806
6594 2413
6595 2731
6596 3158
6597 1568
6598 1569
6599 1569
6600 1570
6601 1572
6602 3095
6603 1572
6604 1572
6605 1744
6606 1573
6607 2920
6608 2306
6609 2720
6610 1573
6611 1578
6612 1580
6613 1670
6614 1582
6615 1757
6616 1583
6617 1585
6618 1585
6619 1586
6620 1586
6621 1586
6622 1588
6623 1592
6624 1596
6625 2365
6626 1597
6627 1600
6628 1665
6629 1602
6630 3258
6631 2248
6632 1610
6633 2821
6634 1611
6635 1611
6636 3247
6637 1611
6638 1611
6639 1611
6640 1611
6641 1611
6642 1870
6643 1862
6644 1614
6645 1614
6646 1615
6647 3192
6648 1617
6649 1617
6650 2374
6651 1617
6652 1618
6653 1618
6654 1618
6655 1618
6656 1620
6657 1620
6658 1626
6659 1629
6660 1800
6661 1629
6662 1632
6663 1634
6664 1634
6665 1634
6666 1634
6667 1634
6668 1634
6669 1634
6670 1634
6671 1634
6672 1634
6673 2124
6674 1634
6675 1634
6676 1707
6677 1634
6678 2867
6679 1971
6680 1634
6681 1634
6682 1634
6683 2395
6684 1634
6685 1634
6686 1634
6687 2160
6688 1634
6689 2181
6690 1634
6691 1634
6692 1647
6693 1634
6694 1634
6695 3067
6696 1634
6697 1634
6698 1634
6699 1634
6700 1634
6701 1634
6702 2112
6703 1638
6704 1640
6705 2744
6706 1644
6707 1644
6708 1649
6709 1649
6710 1650
6711 1650
6712 1836
6713 1650
6714 1650
6715 1650
6716 1650
6717 1650
6718 1651
6719 2053
6720 1651
6721 1651
6722 1651
6723 1651
6724 1651
6725 2244
6726 1653
6727 1655
6728 1655
6729 1658
6730 2935
6731 1658
6732 1661
6733 1778
6734 1661
6735 1661
6736 1661
6737 1661
6738 1661
6739 1661
6740 1661
6741 2166
6742 1664
6743 1664
6744 1664
6745 1664
6746 2338
6747 1665
6748 1666
6749 2771
6750 1667
6751 3318
6752 1805
6753 1667
6754 1668
6755 1669
6756 2080
6757 1670
6758 1674
6759 1674
6760 1674
6761 1674
6762 2480
6763 1678
6764 3022
6765 2282
6766 1685
6767 1689
6768 1690
6769 2586
6770 3245
6771 1692
6772 1693
6773 1693
6774 2398
6775 1799
6776 2995
6777 1698
6778 1698
6779 1900
6780 2865
6781 1807
6782 1698
6783 1698
6784 1699
6785 1699
6786 3179
6787 1700
6788 1700
6789 1700
6790 1700
6791 2727
6792 2689
6793 2875
6794 2493
6795 1700
6796 1701
6797 1701
6798 2259
6799 1703
6800 1707
6801 2462
6802 2011
6803 1710
6804 1710
6805 1710
6806 1710
6807 1894
6808 2120
6809 1710
6810 2255
6811 1710
6812 1710
6813 1710
6814 2018
6815 1710
6816 1710
6817 1710
6818 1710
6819 1710
6820 2530
6821 1710
6822 1710
6823 1710
6824 1710
6825 1710
6826 1710
6827 1710
6828 1710
6829 1710
6830 1710
6831 1710
6832 1710
6833 2676
6834 2391
6835 2198
6836 1834
6837 1710
6838 1710
6839 1997
6840 1710
6841 1710
6842 2940
6843 1710
6844 3119
6845 1710
6846 2228
6847 2987
6848 1711
6849 1711
6850 1712
6851 2712
6852 2231
6853 1715
6854 1715
6855 1715
6856 3057
6857 1718
6858 2202
6859 1789
6860 1725
6861 1726
6862 2458
6863 1730
6864 1732
6865 1735
6866 1959
6867 2404
6868 1738
6869 1740
6870 1742
6871 1742
6872 1743
6873 2873
6874 1744
6875 1744
6876 1745
6877 1747
6878 1750
6879 1752
6880 2298
6881 1754
6882 1754
6883 2723
6884 3176
6885 1965
6886 1958
6887 1763
6888 1766
6889 2606
6890 1769
6891 1769
6892 1769
6893 1769
6894 1882
6895 1770
6896 1770
6897 1770
6898 1771
6899 1772
6900 1772
6901 1772
6902 2197
6903 1775
6904 1775
6905 1775
6906 1775
6907 1775
6908 1775
6909 2503
6910 1775
6911 1775
6912 2150
6913 1776
6914 1777
6915 1777
6916 2783
6917 1779
6918 3166
6919 2456
6920 1780
6921 1781
6922 2435
6923 3197
6924 1783
6925 1783
6926 3039
6927 1783
6928 1783
6929 2937
6930 1786
6931 1788
6932 3218
6933 1792
6934 1792
6935 1792
6936 1792
6937 2210
6938 1793
6939 3284
6940 1797
6941 1797
6942 2563
6943 1797
6944 1823
6945 1797
6946 2283
6947 1798
6948 1799
6949 1799
6950 1799
6951 3145
6952 1799
6953 1799
6954 1799
6955 1799
6956 1799
6957 1799
6958 1799
6959 1799
6960 1799
6961 1799
6962 1799
6963 1799
6964 1799
6965 2500
6966 1799
6967 1799
6968 2666
6969 1799
6970 1799
6971 1799
6972 2591
6973 1799
6974 1802
6975 1802
6976 1802
6977 3139
6978 1802
6979 1802
6980 1802
6981 1803
6982 1804
6983 1804
6984 1804
6985 1804
6986 2389
6987 1805
6988 1805
6989 1805
6990 1806
6991 1807
6992 1807
6993 1807
6994 1807
6995 2117
6996 1808
6997 1808
6998 1808
6999 1808
7000 1808
7001 3053
7002 1808
7003 1808
7004 1808
7005 1808
7006 1808
7007 1808
7008 1808
7009 2645
7010 2177
7011 1808
7012 1808
7013 1808
7014 1808
7015 2258
7016 1808
7017 1808
7018 1808
7019 1808
7020 1808
7021 2102
7022 1808
7023 1808
7024 1808
7025 1808
7026 2220
7027 1808
7028 1808
7029 1808
7030 1808
7031 1808
7032 3050
7033 1808
7034 1808
7035 1808
7036 1808
7037 3312
7038 3032
7039 2993
7040 1808
7041 1808
7042 2119
7043 1810
7044 2598
7045 1810
7046 2822
7047 1814
7048 1814
7049 1814
7050 1814
7051 1814
7052 1814
7053 2056
7054 1814
7055 1815
7056 1818
7057 1818
7058 2293
7059 1821
7060 1822
7061 1822
7062 1822
7063 3320
7064 2848
7065 1823
7066 1823
7067 1823
7068 1823
7069 1825
7070 2982
7071 1825
7072 1825
7073 1825
7074 1826
7075 3072
7076 1827
7077 1827
7078 1828
7079 1831
7080 1831
7081 2893
7082 1834
7083 1835
7084 1836
7085 1838
7086 1839
7087 1841
7088 1841
7089 1841
7090 2707
7091 1906
7092 1843
7093 1843
7094 1845
7095 1845
7096 2101
7097 1847
7098 1849
7099 1849
7100 1849
7101 1851
7102 2751
7103 1853
7104 1853
7105 1853
7106 2445
7107 1853
7108 1853
7109 1853
7110 1853
7111 2471
7112 1853
7113 1854
7114 1857
7115 3121
7116 1858
7117 1859
7118 3099
7119 1860
7120 1860
7121 1860
7122 1860
7123 1860
7124 2377
7125 1861
7126 1861
7127 2108
7128 1863
7129 1864
7130 1864
7131 1864
7132 1864
7133 2041
7134 1867
7135 1867
7136 1867
7137 1867
7138 1867
7139 1867
7140 1867
7141 1867
7142 1942
7143 1867
7144 1867
7145 1867
7146 1867
7147 1867
7148 2793
7149 1867
7150 1867
7151 1867
7152 1867
7153 1867
7154 3311
7155 3231
7156 1867
7157 1867
7158 2657
7159 2515
7160 1867
7161 1867
7162 3118
7163 1867
7164 1867
7165 1867
7166 1867
7167 1867
7168 1867
7169 1867
7170 2236
7171 1867
7172 1867
7173 1867
7174 1908
7175 1867
7176 2537
7177 1867
7178 1867
7179 1867
7180 1867
7181 1867
7182 1867
7183 1867
7184 1867
7185 1867
7186 2257
7187 2994
7188 1867
7189 1905
7190 1876
7191 1876
7192 1877
7193 1877
7194 2164
7195 1877
7196 1877
7197 1877
7198 1879
7199 1880
7200 1881
7201 2043
7202 1884
7203 1884
7204 1884
7205 1885
7206 1885
7207 1885
7208 1885
7209 3063
7210 1885
7211 1885
7212 2378
7213 1885
7214 1885
7215 1887
7216 1887
7217 1887
7218 1893
7219 1894
7220 1895
7221 1896
7222 1896
7223 2390
7224 1898
7225 1898
7226 1899
7227 2212
7228 1901
7229 1901
7230 1902
7231 1902
7232 1902
7233 1902
7234 3083
7235 1902
7236 1902
7237 1902
7238 1902
7239 1904
7240 1904
7241 1905
7242 1905
7243 1905
7244 1905
7245 1905
7246 1905
7247 1905
7248 1905
7249 1905
7250 1906
7251 1907
7252 1907
7253 2826
7254 1910
7255 1910
7256 1911
7257 2760
7258 1910
7259 2691
7260 1910
7261 2026
7262 1910
7263 2447
7264 1912
7265 1913
7266 1913
7267 1915
7268 1916
7269 2363
7270 1916
7271 2918
7272 1916
7273 2513
7274 1922
7275 1923
7276 1923
7277 2087
7278 1924
7279 2547
7280 1924
7281 1925
7282 1925
7283 1925
7284 1925
7285 1925
7286 1925
7287 1925
7288 2479
7289 1925
7290 1925
7291 1925
7292 1928
7293 1929
7294 1930
7295 1931
7296 2337
7297 1932
7298 2850
7299 2718
7300 1938
7301 1938
7302 2029
7303 3294
7304 1939
7305 1940
7306 3086
7307 1940
7308 1941
7309 1942
7310 3227
7311 1957
7312 1943
7313 2894
7314 2473
7315 1945
7316 1945
7317 1945
7318 1945
7319 1945
7320 1945
7321 1945
7322 1945
7323 1945
7324 1945
7325 1945
7326 1945
7327 1945
7328 1945
7329 2664
7330 1945
7331 3254
7332 2091
7333 1948
7334 1950
7335 1953
7336 1953
7337 1955
7338 1955
7339 1955
7340 2163
7341 1955
7342 1956
7343 1957
7344 1957
7345 1957
7346 1957
7347 1957
7348 1957
7349 1957
7350 1957
7351 1957
7352 1957
7353 1957
7354 1961
7355 1962
7356 1963
7357 1963
7358 1963
7359 1963
7360 1963
7361 1963
7362 1963
7363 2468
7364 1963
7365 2322
7366 1971
7367 1971
7368 1971
7369 1971
7370 1972
7371 1973
7372 1973
7373 1974
7374 1974
7375 2069
7376 1975
7377 2227
7378 1975
7379 1978
7380 3264
7381 2835
7382 1979
7383 2066
7384 2192
7385 1979
7386 1979
7387 1979
7388 1979
7389 1979
7390 1982
7391 1982
7392 3098
7393 1989
7394 3188
7395 1991
7396 3278
7397 1991
7398 1995
7399 2058
7400 1995
7401 1995
7402 2906
7403 2059
7404 1995
7405 1995
7406 1995
7407 1995
7408 1997
7409 1998
7410 2000
7411 2000
7412 2000
7413 2000
7414 2000
7415 2370
7416 2004
7417 2006
7418 2006
7419 2006
7420 2825
7421 2006
7422 2006
7423 2006
7424 2006
7425 3133
7426 2006
7427 3054
7428 2006
7429 2006
7430 2006
7431 2006
7432 2007
7433 2008
7434 2012
7435 2013
7436 2420
7437 2099
7438 2842
7439 2319
7440 2019
7441 2019
7442 2021
7443 2375
7444 2024
7445 2027
7446 2028
7447 2934
7448 2036
7449 2047
7450 2038
7451 2038
7452 2038
7453 3129
7454 2654
7455 2507
7456 2046
7457 2047
7458 2050
7459 2050
7460 2050
7461 2050
7462 2917
7463 2050
7464 2050
7465 2050
7466 2050
7467 2050
7468 2050
7469 2050
7470 3151
7471 2125
7472 2159
7473 2780
7474 2051
7475 2486
7476 2158
7477 2051
7478 2051
7479 2051
7480 2051
7481 2051
7482 2051
7483 2052
7484 2332
7485 2803
7486 2055
7487 2055
7488 2362
7489 3101
7490 2055
7491 2055
7492 2055
7493 2055
7494 2055
7495 2055
7496 2055
7497 2055
7498 2055
7499 2055
7500 2055
7501 2055
7502 2055
7503 2055
7504 3189
7505 2058
7506 2058
7507 2058
7508 2058
7509 2059
7510 2061
7511 2062
7512 2062
7513 2062
7514 2313
7515 2062
7516 2064
7517 2067
7518 2067
7519 2067
7520 2067
7521 2068
7522 2069
7523 3199
7524 2070
7525 2075
7526 2075
7527 2077
7528 2078
7529 2079
7530 2140
7531 2085
7532 2085
7533 2086
7534 2088
7535 2093
7536 2095
7537 2331
7538 2103
7539 2103
7540 2103
7541 2103
7542 2103
7543 2317
7544 2752
7545 2103
7546 2522
7547 2339
7548 2110
7549 2110
7550 2113
7551 2113
7552 2114
7553 2114
7554 2114
7555 2116
7556 2116
7557 2116
7558 2117
7559 2117
7560 2119
7561 2119
7562 2693
7563 3217
7564 2124
7565 2126
7566 2126
7567 2703
7568 2126
7569 2127
7570 2127
7571 2133
7572 2134
7573 2134
7574 3134
7575 2134
7576 2134
7577 2134
7578 2814
7579 2134
7580 2808
7581 2134
7582 2134
7583 2134
7584 2135
7585 2138
7586 2140
7587 2141
7588 2141
7589 2141
7590 2141
7591 2143
7592 2956
7593 2841
7594 2145
7595 3194
7596 2145
7597 2173
7598 2367
7599 2146
7600 2148
7601 2148
7602 2149
7603 2713
7604 2152
7605 2153
7606 2156
7607 3041
7608 2161
7609 2161
7610 2878
7611 2161
7612 2164
7613 2164
7614 2164
7615 2164
7616 2164
7617 2165
7618 2167
7619 2169
7620 2170
7621 3078
7622 2170
7623 2170
7624 2172
7625 2436
7626 2173
7627 2173
7628 2174
7629 2174
7630 2174
7631 2174
7632 2176
7633 2176
7634 2176
7635 3068
7636 2176
7637 2176
7638 2176
7639 2176
7640 2176
7641 2176
7642 2176
7643 2176
7644 2807
7645 2176
7646 2176
7647 2176
7648 2176
7649 2176
7650 2176
7651 2178
7652 2178
7653 2178
7654 2178
7655 2179
7656 2181
7657 2181
7658 2181
7659 2181
7660 3017
7661 3223
7662 2854
7663 2186
7664 2186
7665 2186
7666 2186
7667 2186
7668 3251
7669 2186
7670 2186
7671 2186
7672 2186
7673 2186
7674 2186
7675 2186
7676 2560
7677 2186
7678 2186
7679 2186
7680 2186
7681 2801
7682 2186
7683 2186
7684 2186
7685 2186
7686 2186
7687 2581
7688 2186
7689 3265
7690 2186
7691 2186
7692 2186
7693 2186
7694 2186
7695 2186
7696 2186
7697 2186
7698 2186
7699 3150
7700 2186
7701 2632
7702 2186
7703 2186
7704 2186
7705 3048
7706 2186
7707 2784
7708 2186
7709 2928
7710 2186
7711 2186
7712 2305
7713 2189
7714 2191
7715 2191
7716 2901
7717 2195
7718 2195
7719 3285
7720 2195
7721 2196
7722 2199
7723 3055
7724 2200
7725 2200
7726 2200
7727 2200
7728 2200
7729 2200
7730 2201
7731 3303
7732 2203
7733 2206
7734 2206
7735 2206
7736 2208
7737 2208
7738 2208
7739 2208
7740 2382
7741 2208
7742 2261
7743 2209
7744 2211
7745 2211
7746 2211
7747 2211
7748 3177
7749 2698
7750 2211
7751 3204
7752 2211
7753 2214
7754 2214
7755 2216
7756 2217
7757 2217
7758 3071
7759 2217
7760 2323
7761 2220
7762 2220
7763 2220
7764 2221
7765 2223
7766 2227
7767 3117
7768 2229
7769 2231
7770 2232
7771 2232
7772 2232
7773 2671
7774 2705
7775 2237
7776 2237
7777 2239
7778 2239
7779 2240
7780 2241
7781 2242
7782 2242
7783 2715
7784 2248
7785 2248
7786 2248
7787 2248
7788 2248
7789 2248
7790 2248
7791 2248
7792 2942
7793 2249
7794 2250
7795 2250
7796 2250
7797 2250
7798 2250
7799 2250
7800 2251
7801 2252
7802 2253
7803 2915
7804 2254
7805 2254
7806 2376
7807 2255
7808 2255
7809 2255
7810 2259
7811 2264
7812 2264
7813 2266
7814 3300
7815 2268
7816 2268
7817 2269
7818 2269
7819 3304
7820 2269
7821 2360
7822 2270
7823 2270
7824 2853
7825 2275
7826 2277
7827 2278
7828 2278
7829 2278
7830 2280
7831 2281
7832 2281
7833 2532
7834 2282
7835 2283
7836 2286
7837 2288
7838 2944
7839 2291
7840 2304
7841 2293
7842 2296
7843 2296
7844 2296
7845 2297
7846 2297
7847 2299
7848 2299
7849 2300
7850 2301
7851 2301
7852 3011
7853 2301
7854 2301
7855 2302
7856 2302
7857 2302
7858 2663
7859 2608
7860 2302
7861 2302
7862 2302
7863 2302
7864 2302
7865 2302
7866 2302
7867 3282
7868 3040
7869 2308
7870 2308
7871 2310
7872 2310
7873 2310
7874 2315
7875 2315
7876 2315
7877 2316
7878 2830
7879 2316
7880 2319
7881 2319
7882 2319
7883 2319
7884 2319
7885 3233
7886 2319
7887 2319
7888 3038
7889 2392
7890 2319
7891 2336
7892 3056
7893 2321
7894 2321
7895 2321
7896 2408
7897 2322
7898 2322
7899 2648
7900 2817
7901 2324
7902 2326
7903 3014
7904 2326
7905 2327
7906 2328
7907 2328
7908 2328
7909 3173
7910 2674
7911 2330
7912 2335
7913 2335
7914 2335
7915 2335
7916 2336
7917 2336
7918 2337
7919 2337
7920 2337
7921 2337
7922 2932
7923 2338
7924 2338
7925 2338
7926 3135
7927 2338
7928 2339
7929 2341
7930 2341
7931 2341
7932 2785
7933 2981
7934 2341
7935 3122
7936 2341
7937 2341
7938 2690
7939 2341
7940 2341
7941 2341
7942 3075
7943 3052
7944 3021
7945 2345
7946 2345
7947 2345
7948 2349
7949 2350
7950 2350
7951 2900
7952 2352
7953 2353
7954 2353
7955 2353
7956 2353
7957 2764
7958 2353
7959 2491
7960 2353
7961 2353
7962 2353
7963 2353
7964 2564
7965 3061
7966 2353
7967 2353
7968 2475
7969 2354
7970 2354
7971 2354
7972 2354
7973 2948
7974 2952
7975 2355
7976 2355
7977 2355
7978 2355
7979 2355
7980 2355
7981 2355
7982 2355
7983 2355
7984 2355
7985 2355
7986 2402
7987 2355
7988 2355
7989 2725
7990 2356
7991 2357
7992 2357
7993 2357
7994 2357
7995 2358
7996 2368
7997 2368
7998 2369
7999 2369
8000 2370
8001 2370
8002 2770
8003 2370
8004 2370
8005 2370
8006 2370
8007 2372
8008 2372
8009 2374
8010 2374
8011 2374
8012 2374
8013 2375
8014 2375
8015 2375
8016 2375
8017 2377
8018 2790
8019 2738
8020 2378
8021 2565
8022 2381
8023 2382
8024 2382
8025 3170
8026 2382
8027 2382
8028 2382
8029 2383
8030 2386
8031 2695
8032 2387
8033 3079
8034 2387
8035 2388
8036 2388
8037 3066
8038 2388
8039 2389
8040 2389
8041 2389
8042 2389
8043 2391
8044 2394
8045 2395
8046 2395
8047 2395
8048 2398
8049 2398
8050 2398
8051 2398
8052 2398
8053 2398
8054 2398
8055 2974
8056 2911
8057 2877
8058 2398
8059 2400
8060 2400
8061 2400
8062 2401
8063 2402
8064 2739
8065 2402
8066 2402
8067 2402
8068 2611
8069 2403
8070 2403
8071 3202
8072 3034
8073 2403
8074 2660
8075 2403
8076 2403
8077 2404
8078 2406
8079 2406
8080 2410
8081 2604
8082 2412
8083 2412
8084 2412
8085 2412
8086 2412
8087 2412
8088 2412
8089 2412
8090 2412
8091 2412
8092 2412
8093 3201
8094 2412
8095 2412
8096 2413
8097 2413
8098 2413
8099 2413
8100 2970
8101 2413
8102 2575
8103 2413
8104 2413
8105 2957
8106 2413
8107 2418
8108 2418
8109 2568
8110 2419
8111 2422
8112 2711
8113 2425
8114 2425
8115 2425
8116 2425
8117 2426
8118 2426
8119 2426
8120 2426
8121 2426
8122 2426
8123 2426
8124 2426
8125 2426
8126 2426
8127 2426
8128 2441
8129 2426
8130 2426
8131 2426
8132 2501
8133 2426
8134 2571
8135 2426
8136 2426
8137 2426
8138 2426
8139 2426
8140 2426
8141 2426
8142 2426
8143 2427
8144 2559
8145 2436
8146 2437
8147 2437
8148 2437
8149 2437
8150 2439
8151 2440
8152 2440
8153 2440
8154 2440
8155 2440
8156 2440
8157 2440
8158 2441
8159 2441
8160 2441
8161 2441
8162 2441
8163 2442
8164 2443
8165 2444
8166 3209
8167 2444
8168 2444
8169 2444
8170 2444
8171 2445
8172 2445
8173 2445
8174 2445
8175 3212
8176 2445
8177 2446
8178 2446
8179 2446
8180 2448
8181 2451
8182 2454
8183 2454
8184 2454
8185 2455
8186 2455
8187 2926
8188 2455
8189 2455
8190 2455
8191 2455
8192 2912
8193 2455
8194 2455
8195 2455
8196 2455
8197 2455
8198 2455
8199 2455
8200 2455
8201 2455
8202 2455
8203 2457
8204 2465
8205 2465
8206 2465
8207 2465
8208 3171
8209 2466
8210 2467
8211 2471
8212 2473
8213 2473
8214 2474
8215 2475
8216 2476
8217 2978
8218 2479
8219 2479
8220 2479
8221 3093
8222 2481
8223 2482
8224 2482
8225 2482
8226 2486
8227 2487
8228 2488
8229 2488
8230 2488
8231 2488
8232 2488
8233 2488
8234 2488
8235 2488
8236 2861
8237 2488
8238 2488
8239 2491
8240 2491
8241 2491
8242 2491
8243 2491
8244 2491
8245 2491
8246 2491
8247 2491
8248 2492
8249 2493
8250 2493
8251 2493
8252 2493
8253 2493
8254 2493
8255 2493
8256 2493
8257 2493
8258 2493
8259 2493
8260 2493
8261 2501
8262 2502
8263 2503
8264 2505
8265 2505
8266 2505
8267 2678
8268 2507
8269 2507
8270 2507
8271 2510
8272 2511
8273 2511
8274 2511
8275 2511
8276 2513
8277 2517
8278 2659
8279 2518
8280 2520
8281 2521
8282 2521
8283 2522
8284 2525
8285 2525
8286 2889
8287 3015
8288 2603
8289 2525
8290 2536
8291 2989
8292 2525
8293 2529
8294 2530
8295 2532
8296 2534
8297 2537
8298 2537
8299 2538
8300 2538
8301 2646
8302 2540
8303 2544
8304 2544
8305 2544
8306 2544
8307 2544
8308 2545
8309 2545
8310 2545
8311 2545
8312 2545
8313 2547
8314 2547
8315 3213
8316 2547
8317 2548
8318 3085
8319 2550
8320 2551
8321 2551
8322 2815
8323 3276
8324 2556
8325 2651
8326 2557
8327 2559
8328 2560
8329 2757
8330 2560
8331 2560
8332 2560
8333 2560
8334 2560
8335 2560
8336 2931
8337 2561
8338 2561
8339 2564
8340 2564
8341 2565
8342 2566
8343 2567
8344 2567
8345 2567
8346 2571
8347 2572
8348 2765
8349 2575
8350 2575
8351 2576
8352 2576
8353 2754
8354 2581
8355 2583
8356 2585
8357 2585
8358 2585
8359 2587
8360 2589
8361 2589
8362 2589
8363 3187
8364 2591
8365 3242
8366 2933
8367 2969
8368 2598
8369 2598
8370 2598
8371 2599
8372 2600
8373 2600
8374 3023
8375 2603
8376 2603
8377 2603
8378 2708
8379 2608
8380 2608
8381 2609
8382 2610
8383 2611
8384 2611
8385 2615
8386 3003
8387 2618
8388 2618
8389 2619
8390 2620
8391 2622
8392 2622
8393 3035
8394 2624
8395 2624
8396 2629
8397 2999
8398 2629
8399 2629
8400 2629
8401 2629
8402 2631
8403 2631
8404 2633
8405 2633
8406 2634
8407 2636
8408 2637
8409 2638
8410 2638
8411 2638
8412 2638
8413 2638
8414 2639
8415 2686
8416 2640
8417 2640
8418 2642
8419 2642
8420 3195
8421 2984
8422 2642
8423 2642
8424 2642
8425 2642
8426 2643
8427 2789
8428 2643
8429 2643
8430 2646
8431 2646
8432 2646
8433 2649
8434 2649
8435 2649
8436 2650
8437 2650
8438 2650
8439 2650
8440 2653
8441 2659
8442 2659
8443 2659
8444 2659
8445 2659
8446 2659
8447 2659
8448 2659
8449 2659
8450 2660
8451 2661
8452 2661
8453 2661
8454 2668
8455 2668
8456 2668
8457 2669
8458 2669
8459 2669
8460 2743
8461 2669
8462 3206
8463 2669
8464 2669
8465 2669
8466 2669
8467 2669
8468 2669
8469 2669
8470 2669
8471 2669
8472 2669
8473 2669
8474 2669
8475 2669
8476 2669
8477 2669
8478 2669
8479 2669
8480 2669
8481 2669
8482 2669
8483 2671
8484 2673
8485 2674
8486 2675
8487 2676
8488 2676
8489 2678
8490 2678
8491 2679
8492 2679
8493 2679
8494 2680
8495 2682
8496 2683
8497 2683
8498 2683
8499 2683
8500 2683
8501 2683
8502 3091
8503 2683
8504 2683
8505 2991
8506 2683
8507 2683
8508 2683
8509 2683
8510 2683
8511 2683
8512 2683
8513 2683
8514 3259
8515 2683
8516 2683
8517 2683
8518 2683
8519 2684
8520 2684
8521 2684
8522 2684
8523 2684
8524 2685
8525 2685
8526 2687
8527 2687
8528 3306
8529 2687
8530 2687
8531 3005
8532 2687
8533 2997
8534 2687
8535 2687
8536 2687
8537 2687
8538 2687
8539 2687
8540 2688
8541 2690
8542 2690
8543 2690
8544 2690
8545 2690
8546 2690
8547 2690
8548 2690
8549 2804
8550 2690
8551 2914
8552 2692
8553 2692
8554 2818
8555 2692
8556 2696
8557 2698
8558 2699
8559 2700
8560 2700
8561 2700
8562 2700
8563 2700
8564 2700
8565 2700
8566 3089
8567 2700
8568 2700
8569 2702
8570 2703
8571 2703
8572 2704
8573 2705
8574 2709
8575 2709
8576 2709
8577 2709
8578 2709
8579 2709
8580 2710
8581 2711
8582 2713
8583 2713
8584 2713
8585 2713
8586 2713
8587 2713
8588 2713
8589 2714
8590 3185
8591 2714
8592 2715
8593 2716
8594 2716
8595 2716
8596 2716
8597 3087
8598 2716
8599 2716
8600 2723
8601 3107
8602 2728
8603 2728
8604 2728
8605 2728
8606 2728
8607 2728
8608 2728
8609 2729
8610 2729
8611 2730
8612 2731
8613 2732
8614 2732
8615 2732
8616 2732
8617 2732
8618 2732
8619 2732
8620 2733
8621 2734
8622 2734
8623 2734
8624 2734
8625 2734
8626 2734
8627 2734
8628 2795
8629 2736
8630 2736
8631 2738
8632 2739
8633 2739
8634 2744
8635 2747
8636 3180
8637 2750
8638 2750
8639 2751
8640 2751
8641 2752
8642 2752
8643 2752
8644 2757
8645 2760
8646 2760
8647 2763
8648 2763
8649 2763
8650 2763
8651 2763
8652 2763
8653 2768
8654 2768
8655 2768
8656 2768
8657 2768
8658 2776
8659 2768
8660 2768
8661 2768
8662 2768
8663 2768
8664 2768
8665 2768
8666 2768
8667 3253
8668 2768
8669 2768
8670 2768
8671 2768
8672 2768
8673 2768
8674 2768
8675 2768
8676 2768
8677 2768
8678 2768
8679 2768
8680 2768
8681 2771
8682 2771
8683 2773
8684 3182
8685 2968
8686 2773
8687 2773
8688 2774
8689 2774
8690 2775
8691 2776
8692 2965
8693 2776
8694 2776
8695 2776
8696 2776
8697 2776
8698 2779
8699 2779
8700 2780
8701 2780
8702 2780
8703 2781
8704 2783
8705 2783
8706 2784
8707 2784
8708 2784
8709 2784
8710 2784
8711 2784
8712 2784
8713 2784
8714 2784
8715 2784
8716 2784
8717 2784
8718 2784
8719 2784
8720 2784
8721 2784
8722 2786
8723 2786
8724 2787
8725 2789
8726 2789
8727 2789
8728 2789
8729 2789
8730 2789
8731 2795
8732 2796
8733 2799
8734 2800
8735 3286
8736 2838
8737 2802
8738 2802
8739 2802
8740 2802
8741 3224
8742 2809
8743 2809
8744 2809
8745 2809
8746 2809
8747 2810
8748 2810
8749 2923
8750 2811
8751 2833
8752 2815
8753 3295
8754 2817
8755 2817
8756 3244
8757 2820
8758 2820
8759 3309
8760 2820
8761 2820
8762 2822
8763 2823
8764 2943
8765 2824
8766 2824
8767 2824
8768 2824
8769 2824
8770 2824
8771 2824
8772 2824
8773 2824
8774 2824
8775 2824
8776 2824
8777 2824
8778 2824
8779 3113
8780 2824
8781 2824
8782 2824
8783 2824
8784 2824
8785 2824
8786 2824
8787 2824
8788 2824
8789 2824
8790 2826
8791 2829
8792 2829
8793 2832
8794 2832
8795 2833
8796 2833
8797 2836
8798 2837
8799 2837
8800 2838
8801 2838
8802 2838
8803 2838
8804 2838
8805 2838
8806 2838
8807 3299
8808 2839
8809 2840
8810 2841
8811 2843
8812 2843
8813 2843
8814 2843
8815 2846
8816 3081
8817 2849
8818 2850
8819 2975
8820 2852
8821 2853
8822 2856
8823 2858
8824 2858
8825 2858
8826 2858
8827 2858
8828 2858
8829 2858
8830 2858
8831 2858
8832 2858
8833 2859
8834 2859
8835 2859
8836 3322
8837 2859
8838 2860
8839 2860
8840 2860
8841 2860
8842 2860
8843 2860
8844 2860
8845 2860
8846 2860
8847 2860
8848 2929
8849 2860
8850 2860
8851 2860
8852 2860
8853 2936
8854 2863
8855 3175
8856 2872
8857 2866
8858 2866
8859 2866
8860 2866
8861 2866
8862 2866
8863 2866
8864 2867
8865 2867
8866 2867
8867 2867
8868 2867
8869 2867
8870 2867
8871 2871
8872 2873
8873 2874
8874 2879
8875 2880
8876 2880
8877 2880
8878 2880
8879 2880
8880 2880
8881 2882
8882 2882
8883 2882
8884 2882
8885 2882
8886 2882
8887 2884
8888 2884
8889 2884
8890 2885
8891 3203
8892 2888
8893 2889
8894 2890
8895 2890
8896 2890
8897 2890
8898 2890
8899 2893
8900 2899
8901 2899
8902 2899
8903 2899
8904 2899
8905 2899
8906 3261
8907 2899
8908 2899
8909 2899
8910 2899
8911 2899
8912 2899
8913 2900
8914 2902
8915 2903
8916 2903
8917 3088
8918 2903
8919 2903
8920 2905
8921 2907
8922 2907
8923 2907
8924 2908
8925 2908
8926 2909
8927 2909
8928 2976
8929 2916
8930 2916
8931 2916
8932 2916
8933 2916
8934 2916
8935 2916
8936 3019
8937 2920
8938 2920
8939 2921
8940 2922
8941 2922
8942 2922
8943 2922
8944 2922
8945 2923
8946 2923
8947 2923
8948 2926
8949 2926
8950 2927
8951 2927
8952 2930
8953 2930
8954 2931
8955 2931
8956 2931
8957 2931
8958 2931
8959 2931
8960 2931
8961 2931
8962 2931
8963 2932
8964 2932
8965 2932
8966 2932
8967 2932
8968 2933
8969 2934
8970 2935
8971 2935
8972 2936
8973 2938
8974 2939
8975 2939
8976 2939
8977 2939
8978 2939
8979 2939
8980 2939
8981 2940
8982 3084
8983 2941
8984 2941
8985 2944
8986 2945
8987 2945
8988 2945
8989 2945
8990 2946
8991 2946
8992 2947
8993 2948
8994 3103
8995 2949
8996 2949
8997 2949
8998 2949
8999 2950
9000 2950
9001 2952
9002 2952
9003 2952
9004 2952
9005 2952
9006 2953
9007 2953
9008 2954
9009 2958
9010 2958
9011 2958
9012 2958
9013 2958
9014 2958
9015 2996
9016 2958
9017 2958
9018 2958
9019 2958
9020 2958
9021 2958
9022 2958
9023 2958
9024 2958
9025 2958
9026 2958
9027 2958
9028 2958
9029 2958
9030 2958
9031 2958
9032 2958
9033 2958
9034 2958
9035 2958
9036 2958
9037 2958
9038 2958
9039 3001
9040 2958
9041 2960
9042 2960
9043 2960
9044 3111
9045 2962
9046 2962
9047 2963
9048 2965
9049 2966
9050 2968
9051 2968
9052 2969
9053 2969
9054 2969
9055 2969
9056 2969
9057 2969
9058 2969
9059 2969
9060 2970
9061 2971
9062 2972
9063 2972
9064 2972
9065 2972
9066 2972
9067 2972
9068 2972
9069 2972
9070 2972
9071 3280
9072 2973
9073 2974
9074 2974
9075 2976
9076 2978
9077 2978
9078 2978
9079 2978
9080 2978
9081 2978
9082 2978
9083 2979
9084 2979
9085 2980
9086 2981
9087 2983
9088 2983
9089 2985
9090 2987
9091 2987
9092 2987
9093 2988
9094 2989
9095 2989
9096 2989
9097 2989
9098 2990
9099 2990
9100 2991
9101 2991
9102 2991
9103 2991
9104 2991
9105 3210
9106 2994
9107 2994
9108 2994
9109 2994
9110 2995
9111 2995
9112 2995
9113 2995
9114 2995
9115 2996
9116 2998
9117 2998
9118 2998
9119 2998
9120 2998
9121 2998
9122 2998
9123 2998
9124 2998
9125 2998
9126 3274
9127 2998
9128 2999
9129 2999
9130 3002
9131 3002
9132 3002
9133 3002
9134 3002
9135 3002
9136 3002
9137 3002
9138 3002
9139 3003
9140 3003
9141 3003
9142 3003
9143 3003
9144 3009
9145 3011
9146 3011
9147 3249
9148 3142
9149 3013
9150 3013
9151 3013
9152 3013
9153 3013
9154 3013
9155 3013
9156 3013
9157 3015
9158 3018
9159 3019
9160 3020
9161 3021
9162 3022
9163 3022
9164 3025
9165 3026
9166 3026
9167 3026
9168 3026
9169 3026
9170 3032
9171 3034
9172 3034
9173 3035
9174 3035
9175 3036
9176 3287
9177 3040
9178 3042
9179 3042
9180 3042
9181 3043
9182 3046
9183 3046
9184 3046
9185 3048
9186 3048
9187 3048
9188 3048
9189 3048
9190 3157
9191 3050
9192 3050
9193 3051
9194 3051
9195 3051
9196 3051
9197 3051
9198 3051
9199 3051
9200 3051
9201 3051
9202 3168
9203 3051
9204 3051
9205 3051
9206 3051
9207 3051
9208 3051
9209 3051
9210 3051
9211 3051
9212 3051
9213 3051
9214 3051
9215 3051
9216 3184
9217 3051
9218 3051
9219 3051
9220 3051
9221 3051
9222 3051
9223 3051
9224 3051
9225 3051
9226 3051
9227 3051
9228 3051
9229 3051
9230 3051
9231 3051
9232 3051
9233 3051
9234 3051
9235 3051
9236 3051
9237 3051
9238 3051
9239 3051
9240 3051
9241 3051
9242 3051
9243 3051
9244 3051
9245 3053
9246 3053
9247 3053
9248 3055
9249 3055
9250 3055
9251 3070
9252 3057
9253 3059
9254 3060
9255 3060
9256 3060
9257 3060
9258 3061
9259 3061
9260 3063
9261 3063
9262 3063
9263 3064
9264 3065
9265 3256
9266 3065
9267 3065
9268 3066
9269 3071
9270 3072
9271 3073
9272 3073
9273 3073
9274 3073
9275 3076
9276 3077
9277 3077
9278 3077
9279 3078
9280 3078
9281 3078
9282 3078
9283 3083
9284 3084
9285 3085
9286 3085
9287 3086
9288 3090
9289 3090
9290 3090
9291 3090
9292 3090
9293 3090
9294 3092
9295 3281
9296 3093
9297 3093
9298 3093
9299 3093
9300 3093
9301 3093
9302 3094
9303 3094
9304 3095
9305 3095
9306 3096
9307 3096
9308 3096
9309 3097
9310 3098
9311 3098
9312 3100
9313 3100
9314 3101
9315 3101
9316 3105
9317 3106
9318 3106
9319 3106
9320 3106
9321 3108
9322 3110
9323 3110
9324 3111
9325 3111
9326 3111
9327 3111
9328 3111
9329 3277
9330 3111
9331 3111
9332 3111
9333 3111
9334 3111
9335 3111
9336 3111
9337 3111
9338 3111
9339 3111
9340 3111
9341 3111
9342 3111
9343 3111
9344 3111
9345 3111
9346 3111
9347 3111
9348 3111
9349 3111
9350 3111
9351 3111
9352 3111
9353 3111
9354 3111
9355 3111
9356 3111
9357 3111
9358 3111
9359 3307
9360 3111
9361 3111
9362 3111
9363 3111
9364 3111
9365 3111
9366 3111
9367 3111
9368 3111
9369 3131
9370 3111
9371 3111
9372 3111
9373 3111
9374 3111
9375 3111
9376 3111
9377 3111
9378 3111
9379 3111
9380 3111
9381 3111
9382 3111
9383 3111
9384 3111
9385 3111
9386 3111
9387 3111
9388 3111
9389 3111
9390 3111
9391 3111
9392 3111
9393 3111
9394 3111
9395 3111
9396 3111
9397 3111
9398 3115
9399 3115
9400 3115
9401 3115
9402 3115
9403 3117
9404 3117
9405 3117
9406 3117
9407 3117
9408 3117
9409 3117
9410 3119
9411 3119
9412 3119
9413 3119
9414 3119
9415 3119
9416 3119
9417 3119
9418 3120
9419 3120
9420 3120
9421 3120
9422 3120
9423 3120
9424 3120
9425 3120
9426 3120
9427 3296
9428 3120
9429 3120
9430 3120
9431 3120
9432 3120
9433 3120
9434 3120
9435 3121
9436 3121
9437 3121
9438 3121
9439 3136
9440 3122
9441 3122
9442 3122
9443 3122
9444 3122
9445 3122
9446 3122
9447 3122
9448 3122
9449 3122
9450 3125
9451 3126
9452 3126
9453 3127
9454 3127
9455 3127
9456 3128
9457 3128
9458 3128
9459 3129
9460 3129
9461 3129
9462 3129
9463 3129
9464 3131
9465 3131
9466 3131
9467 3131
9468 3131
9469 3131
9470 3131
9471 3134
9472 3137
9473 3138
9474 3138
9475 3139
9476 3139
9477 3139
9478 3139
9479 3139
9480 3139
9481 3139
9482 3139
9483 3139
9484 3139
9485 3141
9486 3141
9487 3141
9488 3142
9489 3143
9490 3144
9491 3145
9492 3145
9493 3147
9494 3147
9495 3148
9496 3148
9497 3148
9498 3148
9499 3148
9500 3150
9501 3150
9502 3150
9503 3152
9504 3152
9505 3154
9506 3154
9507 3155
9508 3156
9509 3156
9510 3156
9511 3159
9512 3161
9513 3161
9514 3162
9515 3162
9516 3162
9517 3162
9518 3162
9519 3162
9520 3163
9521 3163
9522 3165
9523 3165
9524 3165
9525 3165
9526 3165
9527 3165
9528 3165
9529 3165
9530 3165
9531 3165
9532 3275
9533 3166
9534 3167
9535 3167
9536 3167
9537 3170
9538 3171
9539 3174
9540 3180
9541 3182
9542 3183
9543 3183
9544 3183
9545 3183
9546 3183
9547 3183
9548 3183
9549 3183
9550 3183
9551 3234
9552 3183
9553 3183
9554 3183
9555 3183
9556 3185
9557 3185
9558 3185
9559 3186
9560 3188
9561 3190
9562 3190
9563 3190
9564 3232
9565 3190
9566 3190
9567 3190
9568 3190
9569 3192
9570 3195
9571 3195
9572 3195
9573 3200
9574 3200
9575 3200
9576 3200
9577 3200
9578 3201
9579 3201
9580 3201
9581 3201
9582 3201
9583 3201
9584 3201
9585 3201
9586 3201
9587 3201
9588 3201
9589 3203
9590 3203
9591 3203
9592 3203
9593 3203
9594 3203
9595 3203
9596 3203
9597 3203
9598 3203
9599 3203
9600 3203
9601 3203
9602 3203
9603 3203
9604 3209
9605 3209
9606 3209
9607 3210
9608 3210
9609 3210
9610 3210
9611 3210
9612 3210
9613 3210
9614 3210
9615 3210
9616 3210
9617 3210
9618 3210
9619 3210
9620 3210
9621 3210
9622 3210
9623 3210
9624 3210
9625 3210
9626 3210
9627 3210
9628 3210
9629 3210
9630 3210
9631 3210
9632 3210
9633 3210
9634 3210
9635 3210
9636 3210
9637 3210
9638 3301
9639 3210
9640 3210
9641 3210
9642 3210
9643 3210
9644 3210
9645 3210
9646 3210
9647 3210
9648 3210
9649 3210
9650 3211
9651 3213
9652 3213
9653 3213
9654 3213
9655 3213
9656 3214
9657 3215
9658 3216
9659 3216
9660 3218
9661 3220
9662 3225
9663 3226
9664 3226
9665 3229
9666 3229
9667 3229
9668 3229
9669 3229
9670 3229
9671 3229
9672 3229
9673 3229
9674 3229
9675 3229
9676 3229
9677 3229
9678 3229
9679 3229
9680 3229
9681 3229
9682 3231
9683 3231
9684 3231
9685 3231
9686 3231
9687 3231
9688 3231
9689 3231
9690 3231
9691 3231
9692 3232
9693 3233
9694 3233
9695 3233
9696 3233
9697 3233
9698 3233
9699 3233
9700 3233
9701 3233
9702 3233
9703 3233
9704 3233
9705 3233
9706 3233
9707 3233
9708 3267
9709 3233
9710 3238
9711 3239
9712 3240
9713 3240
9714 3242
9715 3242
9716 3243
9717 3243
9718 3247
9719 3248
9720 3248
9721 3251
9722 3252
9723 3252
9724 3255
9725 3255
9726 3255
9727 3256
9728 3256
9729 3256
9730 3256
9731 3256
9732 3256
9733 3256
9734 3256
9735 3256
9736 3256
9737 3256
9738 3256
9739 3256
9740 3256
9741 3256
9742 3256
9743 3256
9744 3256
9745 3256
9746 3256
9747 3256
9748 3256
9749 3257
9750 3257
9751 3257
9752 3257
9753 3257
9754 3257
9755 3257
9756 3257
9757 3257
9758 3257
9759 3257
9760 3257
9761 3257
9762 3257
9763 3257
9764 3257
9765 3257
9766 3257
9767 3257
9768 3257
9769 3257
9770 3257
9771 3257
9772 3257
9773 3257
9774 3257
9775 3257
9776 3257
9777 3257
9778 3257
9779 3257
9780 3257
9781 3257
9782 3257
9783 3257
9784 3257
9785 3257
9786 3257
9787 3257
9788 3257
9789 3257
9790 3257
9791 3257
9792 3257
9793 3257
9794 3257
9795 3257
9796 3257
9797 3257
9798 3257
9799 3257
9800 3257
9801 3257
9802 3257
9803 3257
9804 3257
9805 3257
9806 3257
9807 3257
9808 3257
9809 3257
9810 3257
9811 3257
9812 3257
9813 3257
9814 3257
9815 3257
9816 3257
9817 3257
9818 3257
9819 3257
9820 3257
9821 3257
9822 3257
9823 3257
9824 3257
9825 3257
9826 3257
9827 3257
9828 3257
9829 3257
9830 3257
9831 3257
9832 3257
9833 3257
9834 3257
9835 3257
9836 3257
9837 3257
9838 3257
9839 3257
9840 3257
9841 3257
9842 3257
9843 3257
9844 3257
9845 3257
9846 3257
9847 3257
9848 3257
9849 3257
9850 3257
9851 3257
9852 3257
9853 3257
9854 3257
9855 3257
9856 3257
9857 3257
9858 3257
9859 3258
9860 3258
9861 3258
9862 3259
9863 3259
9864 3260
9865 3260
9866 3260
9867 3260
9868 3262
9869 3262
9870 3262
9871 3262
9872 3262
9873 3262
9874 3262
9875 3262
9876 3262
9877 3262
9878 3262
9879 3262
9880 3262
9881 3262
9882 3262
9883 3262
9884 3262
9885 3262
9886 3262
9887 3262
9888 3262
9889 3262
9890 3262
9891 3262
9892 3262
9893 3268
9894 3271
9895 3273
9896 3273
9897 3273
9898 3273
9899 3273
9900 3273
9901 3273
9902 3273
9903 3273
9904 3273
9905 3273
9906 3273
9907 3276
9908 3277
9909 3277
9910 3277
9911 3277
9912 3277
9913 3277
9914 3277
9915 3277
9916 3278
9917 3281
9918 3281
9919 3281
9920 3281
9921 3281
9922 3281
9923 3281
9924 3282
9925 3282
9926 3282
9927 3283
9928 3286
9929 3287
9930 3287
9931 3287
9932 3287
9933 3287
9934 3287
9935 3287
9936 3290
9937 3290
9938 3290
9939 3295
9940 3295
9941 3295
9942 3296
9943 3297
9944 3297
9945 3297
9946 3297
9947 3297
9948 3298
9949 3298
9950 3298
9951 3300
9952 3300
9953 3300
9954 3300
9955 3300
9956 3300
9957 3300
9958 3300
9959 3300
9960 3300
9961 3302
9962 3302
9963 3304
9964 3304
9965 3305
9966 3305
9967 3305
9968 3305
9969 3305
9970 3307
9971 3307
9972 3307
9973 3307
9974 3309
9975 3309
9976 3311
9977 3311
9978 3314
9979 3314
9980 3314
9981 3315
9982 3315
9983 3315
9984 3315
9985 3316
9986 3316
9987 3318
9988 3318
9989 3318
9990 3318
9991 3318
9992 3318
9993 3318
9994 3318
9995 3318
9996 3322
9997 3323
9998 3323
9999 3323
