10000 9999
1 0
2 1
3 1
4 2
5 3
6 3
7 1
8 3
9 3
10 8
11 3
12 1
13 3
14 3
15 6
16 3
17 14
18 1
19 15
20 0
21 12
22 21
23 21
24 3
25 24
26 24
27 24
28 3
29 24
30 16
31 20
32 27
33 18
34 24
35 20
36 34
37 35
38 24
39 36
40 34
41 5
42 37
43 41
44 29
45 28
46 26
47 30
48 24
49 42
50 24
51 28
52 48
53 6
54 48
55 47
56 48
57 15
58 25
59 24
60 49
61 57
62 57
63 48
64 48
65 37
66 10
67 31
68 61
69 9
70 15
71 51
72 51
73 37
74 48
75 44
76 54
77 22
78 70
79 78
80 24
81 48
82 70
83 57
84 24
85 73
86 63
87 73
88 6
89 20
90 57
91 24
92 52
93 48
94 57
95 24
96 56
97 80
98 48
99 52
100 81
101 57
102 81
103 72
104 52
105 72
106 95
107 72
108 67
109 10
110 76
111 45
112 81
113 55
114 31
115 71
116 86
117 91
118 101
119 81
120 93
121 38
122 67
123 86
124 82
125 42
126 99
127 125
128 108
129 81
130 117
131 116
132 24
133 13
134 114
135 123
136 86
137 56
138 48
139 56
140 133
141 114
142 57
143 105
144 86
145 40
146 145
147 105
148 122
149 101
150 80
151 73
152 50
153 57
154 23
155 114
156 41
157 48
158 57
159 139
160 149
161 129
162 24
163 110
164 111
165 115
166 107
167 109
168 94
169 113
170 143
171 131
172 152
173 145
174 37
175 142
176 107
177 45
178 129
179 117
180 52
181 28
182 85
183 119
184 159
185 107
186 105
187 57
188 130
189 82
190 148
191 95
192 68
193 57
194 139
195 54
196 142
197 138
198 11
199 99
200 186
201 132
202 81
203 18
204 135
205 84
206 129
207 65
208 195
209 148
210 120
211 82
212 186
213 25
214 209
215 181
216 172
217 144
218 66
219 168
220 202
221 219
222 85
223 95
224 198
225 168
226 47
227 137
228 124
229 181
230 107
231 175
232 121
233 18
234 16
235 63
236 201
237 104
238 65
239 204
240 180
241 235
242 135
243 170
244 207
245 129
246 129
247 142
248 199
249 161
250 196
251 129
252 244
253 223
254 187
255 100
256 105
257 142
258 57
259 178
260 94
261 75
262 225
263 145
264 204
265 200
266 127
267 146
268 121
269 107
270 244
271 33
272 268
273 147
274 236
275 230
276 138
277 258
278 103
279 236
280 169
281 122
282 204
283 258
284 107
285 114
286 73
287 95
288 188
289 24
290 142
291 254
292 19
293 129
294 77
295 57
296 184
297 162
298 247
299 272
300 133
301 261
302 297
303 90
304 219
305 280
306 160
307 99
308 52
309 300
310 227
311 95
312 226
313 229
314 280
315 21
316 268
317 107
318 286
319 44
320 217
321 296
322 174
323 199
324 289
325 154
326 79
327 322
328 28
329 80
330 213
331 71
332 247
333 105
334 324
335 324
336 186
337 231
338 65
339 65
340 262
341 168
342 290
343 324
344 249
345 316
346 299
347 195
348 222
349 309
350 280
351 305
352 210
353 4
354 283
355 258
356 324
357 206
358 299
359 290
360 223
361 129
362 134
363 193
364 290
365 340
366 364
367 297
368 366
369 353
370 142
371 324
372 82
373 224
374 252
375 277
376 304
377 142
378 123
379 174
380 39
381 305
382 346
383 168
384 280
385 287
386 271
387 286
388 379
389 283
390 295
391 334
392 324
393 295
394 280
395 139
396 272
397 364
398 364
399 290
400 396
401 396
402 324
403 279
404 364
405 219
406 117
407 350
408 46
409 89
410 16
411 212
412 146
413 330
414 290
415 267
416 290
417 396
418 280
419 187
420 365
421 145
422 354
423 101
424 324
425 396
426 164
427 414
428 183
429 168
430 48
431 209
432 364
433 313
434 385
435 352
436 65
437 162
438 157
439 168
440 324
441 173
442 189
443 360
444 421
445 296
446 150
447 310
448 311
449 396
450 145
451 57
452 428
453 208
454 215
455 324
456 24
457 396
458 343
459 141
460 364
461 444
462 299
463 333
464 305
465 444
466 444
467 145
468 324
469 122
470 433
471 452
472 107
473 372
474 336
475 391
476 403
477 311
478 477
479 471
480 437
481 332
482 326
483 444
484 201
485 396
486 255
487 396
488 464
489 303
490 447
491 370
492 400
493 89
494 337
495 324
496 255
497 418
498 301
499 364
500 351
501 444
502 247
503 187
504 333
505 137
506 281
507 391
508 482
509 372
510 482
511 324
512 496
513 220
514 305
515 422
516 24
517 409
518 421
519 359
520 253
521 468
522 330
523 87
524 347
525 507
526 106
527 312
528 430
529 525
530 180
531 492
532 444
533 510
534 169
535 417
536 444
537 364
538 237
539 440
540 442
541 290
542 198
543 413
544 422
545 426
546 202
547 541
548 107
549 541
550 140
551 188
552 105
553 548
554 551
555 219
556 529
557 103
558 405
559 297
560 324
561 143
562 450
563 417
564 489
565 179
566 389
567 367
568 499
569 142
570 452
571 364
572 41
573 482
574 65
575 171
576 399
577 351
578 457
579 56
580 433
581 304
582 259
583 377
584 444
585 201
586 95
587 202
588 496
589 419
590 56
591 356
592 517
593 544
594 260
595 470
596 105
597 366
598 596
599 396
600 347
601 599
602 557
603 470
604 339
605 251
606 333
607 506
608 357
609 557
610 255
611 599
612 591
613 522
614 138
615 417
616 453
617 577
618 599
619 324
620 265
621 178
622 403
623 583
624 599
625 115
626 571
627 462
628 615
629 470
630 132
631 351
632 402
633 602
634 468
635 170
636 500
637 421
638 496
639 444
640 380
641 536
642 439
643 168
644 373
645 283
646 551
647 291
648 348
649 599
650 444
651 585
652 333
653 8
654 460
655 96
656 146
657 444
658 404
659 232
660 472
661 494
662 638
663 494
664 445
665 591
666 616
667 118
668 173
669 613
670 636
671 618
672 590
673 470
674 324
675 530
676 403
677 599
678 672
679 496
680 303
681 619
682 112
683 444
684 293
685 422
686 599
687 523
688 453
689 364
690 396
691 526
692 672
693 383
694 572
695 290
696 679
697 583
698 342
699 352
700 274
701 82
702 299
703 459
704 461
705 280
706 364
707 417
708 56
709 299
710 408
711 680
712 537
713 368
714 599
715 204
716 639
717 421
718 466
719 513
720 473
721 324
722 665
723 317
724 599
725 379
726 444
727 458
728 242
729 663
730 341
731 652
732 146
733 529
734 592
735 641
736 17
737 98
738 674
739 494
740 551
741 396
742 679
743 304
744 579
745 714
746 687
747 324
748 444
749 466
750 664
751 672
752 307
753 557
754 661
755 429
756 724
757 709
758 247
759 324
760 280
761 668
762 722
763 290
764 324
765 563
766 156
767 331
768 570
769 692
770 599
771 599
772 379
773 109
774 401
775 503
776 605
777 746
778 759
779 748
780 641
781 602
782 548
783 685
784 770
785 654
786 678
787 757
788 715
789 427
790 421
791 674
792 663
793 181
794 364
795 708
796 583
797 599
798 784
799 280
800 364
801 779
802 324
803 193
804 525
805 529
806 640
807 247
808 617
809 24
810 431
811 757
812 558
813 767
814 634
815 414
816 490
817 757
818 324
819 655
820 337
821 335
822 728
823 793
824 722
825 356
826 746
827 197
828 496
829 768
830 673
831 282
832 784
833 599
834 251
835 733
836 247
837 74
838 784
839 290
840 423
841 364
842 712
843 664
844 672
845 641
846 599
847 641
848 284
849 760
850 686
851 297
852 175
853 269
854 394
855 238
856 818
857 845
858 755
859 364
860 748
861 406
862 473
863 416
864 599
865 59
866 599
867 496
868 565
869 548
870 814
871 383
872 808
873 324
874 444
875 280
876 198
877 861
878 558
879 290
880 712
881 814
882 746
883 757
884 275
885 618
886 525
887 541
888 356
889 372
890 677
891 198
892 656
893 719
894 363
895 722
896 767
897 334
898 748
899 345
900 342
901 444
902 655
903 599
904 386
905 871
906 599
907 300
908 599
909 538
910 599
911 664
912 730
913 845
914 709
915 324
916 599
917 843
918 905
919 496
920 537
921 718
922 484
923 511
924 140
925 693
926 722
927 411
928 679
929 827
930 396
931 722
932 522
933 526
934 895
935 895
936 646
937 789
938 625
939 814
940 581
941 591
942 532
943 849
944 3
945 567
946 441
947 372
948 414
949 65
950 157
951 666
952 608
953 645
954 730
955 85
956 167
957 690
958 641
959 364
960 402
961 68
962 364
963 126
964 571
965 537
966 904
967 599
968 599
969 599
970 602
971 219
972 396
973 741
974 324
975 562
976 778
977 364
978 429
979 537
980 305
981 722
982 324
983 138
984 835
985 665
986 786
987 496
988 631
989 942
990 501
991 172
992 599
993 839
994 136
995 734
996 525
997 722
998 855
999 364
1000 641
1001 845
1002 599
1003 69
1004 168
1005 658
1006 568
1007 907
1008 772
1009 762
1010 906
1011 636
1012 757
1013 557
1014 191
1015 439
1016 984
1017 421
1018 89
1019 444
1020 864
1021 841
1022 123
1023 490
1024 893
1025 664
1026 343
1027 578
1028 695
1029 324
1030 364
1031 722
1032 754
1033 290
1034 789
1035 551
1036 364
1037 397
1038 444
1039 733
1040 767
1041 1030
1042 722
1043 904
1044 3
1045 376
1046 299
1047 832
1048 845
1049 870
1050 870
1051 814
1052 391
1053 1037
1054 858
1055 996
1056 718
1057 988
1058 684
1059 1044
1060 1048
1061 1057
1062 496
1063 1010
1064 122
1065 877
1066 980
1067 1066
1068 718
1069 688
1070 490
1071 996
1072 396
1073 467
1074 406
1075 327
1076 727
1077 486
1078 757
1079 1009
1080 837
1081 1078
1082 809
1083 540
1084 1065
1085 606
1086 1051
1087 516
1088 599
1089 833
1090 324
1091 885
1092 1030
1093 907
1094 599
1095 112
1096 515
1097 233
1098 757
1099 406
1100 881
1101 324
1102 975
1103 31
1104 757
1105 642
1106 403
1107 1057
1108 583
1109 1085
1110 693
1111 130
1112 746
1113 976
1114 957
1115 784
1116 803
1117 986
1118 628
1119 490
1120 965
1121 1029
1122 1041
1123 805
1124 583
1125 1030
1126 599
1127 444
1128 644
1129 854
1130 919
1131 609
1132 757
1133 601
1134 694
1135 422
1136 757
1137 431
1138 1135
1139 403
1140 190
1141 494
1142 748
1143 957
1144 1083
1145 692
1146 672
1147 959
1148 1141
1149 444
1150 57
1151 972
1152 1141
1153 704
1154 838
1155 1141
1156 324
1157 784
1158 1141
1159 1048
1160 163
1161 1104
1162 928
1163 599
1164 1038
1165 865
1166 1035
1167 1094
1168 599
1169 417
1170 518
1171 609
1172 599
1173 1141
1174 507
1175 648
1176 599
1177 1106
1178 1135
1179 720
1180 692
1181 982
1182 1176
1183 641
1184 790
1185 1141
1186 1043
1187 1181
1188 862
1189 1141
1190 1034
1191 585
1192 625
1193 986
1194 496
1195 541
1196 1090
1197 92
1198 337
1199 599
1200 166
1201 107
1202 987
1203 814
1204 614
1205 1141
1206 1107
1207 324
1208 71
1209 757
1210 695
1211 1141
1212 1037
1213 1141
1214 1141
1215 262
1216 1057
1217 910
1218 1039
1219 397
1220 1141
1221 496
1222 1141
1223 1039
1224 1048
1225 1127
1226 1128
1227 162
1228 672
1229 1141
1230 1030
1231 1167
1232 911
1233 1042
1234 324
1235 784
1236 287
1237 1085
1238 1141
1239 449
1240 641
1241 473
1242 508
1243 495
1244 389
1245 364
1246 599
1247 715
1248 599
1249 1141
1250 845
1251 834
1252 547
1253 383
1254 185
1255 840
1256 1037
1257 327
1258 892
1259 364
1260 140
1261 781
1262 959
1263 1141
1264 1161
1265 930
1266 1224
1267 932
1268 814
1269 256
1270 1243
1271 1030
1272 722
1273 599
1274 1037
1275 954
1276 281
1277 324
1278 1085
1279 1248
1280 975
1281 1141
1282 915
1283 599
1284 1224
1285 949
1286 599
1287 931
1288 1004
1289 962
1290 1051
1291 915
1292 1286
1293 881
1294 201
1295 532
1296 935
1297 429
1298 951
1299 1254
1300 853
1301 823
1302 641
1303 988
1304 66
1305 1040
1306 365
1307 1141
1308 599
1309 954
1310 913
1311 998
1312 689
1313 1224
1314 1141
1315 1063
1316 1302
1317 475
1318 442
1319 757
1320 845
1321 240
1322 676
1323 1135
1324 364
1325 121
1326 1308
1327 824
1328 559
1329 973
1330 1141
1331 372
1332 767
1333 700
1334 223
1335 709
1336 722
1337 599
1338 404
1339 857
1340 1037
1341 1030
1342 537
1343 827
1344 219
1345 1339
1346 1027
1347 1024
1348 784
1349 1121
1350 723
1351 1171
1352 816
1353 674
1354 1097
1355 790
1356 599
1357 1031
1358 1141
1359 587
1360 550
1361 1093
1362 1302
1363 665
1364 1086
1365 1141
1366 1073
1367 1102
1368 290
1369 1141
1370 802
1371 1030
1372 456
1373 560
1374 1278
1375 1185
1376 1116
1377 708
1378 698
1379 903
1380 1030
1381 364
1382 112
1383 1362
1384 784
1385 1337
1386 1049
1387 748
1388 53
1389 906
1390 340
1391 1083
1392 96
1393 641
1394 1387
1395 845
1396 1142
1397 832
1398 215
1399 1296
1400 1050
1401 105
1402 567
1403 945
1404 746
1405 1375
1406 652
1407 881
1408 1371
1409 672
1410 1244
1411 1163
1412 1141
1413 356
1414 988
1415 1275
1416 435
1417 618
1418 204
1419 1166
1420 1054
1421 535
1422 259
1423 1320
1424 641
1425 1249
1426 1085
1427 924
1428 982
1429 1141
1430 1141
1431 549
1432 647
1433 1299
1434 1220
1435 557
1436 910
1437 1209
1438 1030
1439 642
1440 957
1441 894
1442 933
1443 599
1444 1030
1445 599
1446 1160
1447 350
1448 880
1449 1371
1450 416
1451 1199
1452 902
1453 599
1454 1030
1455 1211
1456 1141
1457 510
1458 1141
1459 240
1460 757
1461 608
1462 693
1463 858
1464 1302
1465 1443
1466 729
1467 196
1468 1197
1469 784
1470 381
1471 143
1472 679
1473 1145
1474 170
1475 954
1476 278
1477 1142
1478 632
1479 845
1480 1164
1481 795
1482 128
1483 262
1484 575
1485 654
1486 1366
1487 610
1488 972
1489 904
1490 685
1491 1319
1492 1354
1493 1348
1494 1089
1495 1350
1496 652
1497 1371
1498 1421
1499 837
1500 975
1501 276
1502 767
1503 1362
1504 1050
1505 288
1506 290
1507 1302
1508 1037
1509 1005
1510 753
1511 634
1512 599
1513 1330
1514 1495
1515 1354
1516 1141
1517 874
1518 1447
1519 625
1520 1443
1521 794
1522 1191
1523 1447
1524 1233
1525 1085
1526 1030
1527 537
1528 1406
1529 325
1530 1142
1531 1474
1532 1488
1533 840
1534 984
1535 191
1536 947
1537 1516
1538 1075
1539 1293
1540 1106
1541 318
1542 1324
1543 1234
1544 887
1545 753
1546 1135
1547 1141
1548 1066
1549 599
1550 508
1551 286
1552 290
1553 264
1554 722
1555 938
1556 746
1557 486
1558 1544
1559 1287
1560 1395
1561 1447
1562 1325
1563 814
1564 1437
1565 882
1566 554
1567 1408
1568 1086
1569 1474
1570 356
1571 1444
1572 1569
1573 1313
1574 1186
1575 975
1576 904
1577 1302
1578 1132
1579 880
1580 1532
1581 1037
1582 805
1583 902
1584 1248
1585 757
1586 694
1587 1517
1588 1185
1589 1552
1590 806
1591 203
1592 810
1593 1544
1594 625
1595 1110
1596 1582
1597 1544
1598 1474
1599 1141
1600 1271
1601 1422
1602 959
1603 1216
1604 1422
1605 1253
1606 1509
1607 1481
1608 1047
1609 474
1610 323
1611 1365
1612 861
1613 1470
1614 1333
1615 625
1616 780
1617 663
1618 1544
1619 1104
1620 1288
1621 247
1622 712
1623 767
1624 802
1625 954
1626 1509
1627 1573
1628 1474
1629 1469
1630 1032
1631 1552
1632 1586
1633 1164
1634 1513
1635 1197
1636 837
1637 234
1638 1544
1639 1412
1640 1420
1641 630
1642 1030
1643 716
1644 1265
1645 1182
1646 965
1647 755
1648 1037
1649 1141
1650 99
1651 1141
1652 746
1653 509
1654 702
1655 1509
1656 717
1657 1443
1658 407
1659 767
1660 1625
1661 533
1662 1412
1663 761
1664 1039
1665 444
1666 1488
1667 978
1668 1634
1669 1452
1670 1165
1671 1225
1672 1141
1673 364
1674 406
1675 760
1676 819
1677 1422
1678 1505
1679 1413
1680 1037
1681 1141
1682 1575
1683 1485
1684 1515
1685 1148
1686 529
1687 1491
1688 151
1689 1244
1690 1266
1691 1086
1692 1375
1693 782
1694 566
1695 1102
1696 1085
1697 1592
1698 1517
1699 1518
1700 845
1701 1327
1702 125
1703 557
1704 1692
1705 1246
1706 625
1707 757
1708 999
1709 1443
1710 969
1711 424
1712 784
1713 1141
1714 305
1715 1046
1716 1302
1717 1703
1718 1419
1719 686
1720 583
1721 1585
1722 1503
1723 832
1724 1138
1725 1409
1726 1422
1727 1030
1728 1078
1729 841
1730 149
1731 1349
1732 1620
1733 481
1734 770
1735 284
1736 1504
1737 89
1738 1051
1739 827
1740 975
1741 1725
1742 724
1743 1521
1744 1371
1745 324
1746 599
1747 1517
1748 1717
1749 1171
1750 1494
1751 1141
1752 1474
1753 1030
1754 296
1755 950
1756 1449
1757 245
1758 455
1759 692
1760 532
1761 324
1762 1425
1763 1489
1764 964
1765 1322
1766 1536
1767 1545
1768 1457
1769 1357
1770 1552
1771 859
1772 1279
1773 1111
1774 1051
1775 333
1776 1539
1777 1552
1778 1562
1779 1201
1780 1209
1781 1301
1782 482
1783 1132
1784 290
1785 1194
1786 1734
1787 1227
1788 599
1789 627
1790 1431
1791 1176
1792 1037
1793 1608
1794 620
1795 1281
1796 1633
1797 1687
1798 1738
1799 1132
1800 626
1801 1789
1802 1668
1803 129
1804 1378
1805 1205
1806 1425
1807 1018
1808 1447
1809 1141
1810 1595
1811 599
1812 1241
1813 297
1814 1742
1815 1141
1816 1682
1817 1399
1818 1168
1819 417
1820 1773
1821 1446
1822 1534
1823 730
1824 58
1825 929
1826 1141
1827 1713
1828 1790
1829 1231
1830 1447
1831 110
1832 695
1833 957
1834 1054
1835 1173
1836 1489
1837 441
1838 1129
1839 1390
1840 870
1841 1248
1842 1441
1843 978
1844 890
1845 1375
1846 679
1847 1141
1848 491
1849 1224
1850 843
1851 599
1852 599
1853 459
1854 1141
1855 1635
1856 219
1857 967
1858 1399
1859 290
1860 1528
1861 911
1862 1754
1863 1241
1864 1369
1865 599
1866 1844
1867 774
1868 1489
1869 1650
1870 599
1871 1339
1872 1213
1873 1742
1874 802
1875 836
1876 954
1877 1610
1878 211
1879 246
1880 444
1881 1544
1882 397
1883 1635
1884 1447
1885 722
1886 1546
1887 933
1888 1338
1889 1528
1890 1505
1891 1410
1892 1173
1893 444
1894 737
1895 599
1896 738
1897 1351
1898 1867
1899 324
1900 1248
1901 1254
1902 679
1903 1309
1904 324
1905 337
1906 280
1907 641
1908 1447
1909 1170
1910 599
1911 1218
1912 1509
1913 541
1914 1731
1915 558
1916 1241
1917 1449
1918 809
1919 1880
1920 1447
1921 1142
1922 1616
1923 1049
1924 814
1925 321
1926 1813
1927 843
1928 1106
1929 1738
1930 1013
1931 579
1932 1467
1933 1141
1934 1489
1935 1050
1936 599
1937 770
1938 432
1939 861
1940 1141
1941 1927
1942 1704
1943 755
1944 1008
1945 673
1946 1831
1947 783
1948 1214
1949 748
1950 1144
1951 1759
1952 1509
1953 1775
1954 1923
1955 978
1956 978
1957 518
1958 1552
1959 1056
1960 1042
1961 679
1962 1899
1963 680
1964 371
1965 1668
1966 714
1967 1460
1968 643
1969 1839
1970 1379
1971 1187
1972 657
1973 364
1974 1141
1975 1178
1976 1141
1977 1880
1978 1008
1979 1373
1980 1575
1981 1975
1982 1447
1983 1873
1984 514
1985 1586
1986 1886
1987 1037
1988 1923
1989 1867
1990 1141
1991 1229
1992 1554
1993 1282
1994 1422
1995 1520
1996 1689
1997 679
1998 1899
1999 1132
2000 1469
2001 1397
2002 1081
2003 1790
2004 421
2005 810
2006 1141
2007 1974
2008 1729
2009 2007
2010 391
2011 1083
2012 1474
2013 1738
2014 1010
2015 858
2016 845
2017 1958
2018 983
2019 1771
2020 876
2021 537
2022 267
2023 1279
2024 1899
2025 1474
2026 746
2027 503
2028 871
2029 1855
2030 664
2031 866
2032 1960
2033 1799
2034 792
2035 1547
2036 746
2037 1196
2038 827
2039 1141
2040 1489
2041 928
2042 777
2043 1733
2044 1817
2045 845
2046 1610
2047 2044
2048 1721
2049 591
2050 1201
2051 551
2052 918
2053 1018
2054 1051
2055 241
2056 1474
2057 1638
2058 1526
2059 1189
2060 1447
2061 639
2062 1615
2063 1918
2064 1016
2065 1237
2066 755
2067 2057
2068 1741
2069 641
2070 1955
2071 1540
2072 1141
2073 1225
2074 1756
2075 1030
2076 437
2077 692
2078 1575
2079 1146
2080 1535
2081 2035
2082 94
2083 1323
2084 360
2085 1447
2086 685
2087 1485
2088 767
2089 1266
2090 646
2091 985
2092 664
2093 1786
2094 324
2095 1491
2096 962
2097 656
2098 1438
2099 1881
2100 1184
2101 1629
2102 1254
2103 982
2104 1304
2105 880
2106 1447
2107 1595
2108 1664
2109 1030
2110 1771
2111 1926
2112 784
2113 1831
2114 1872
2115 1981
2116 1828
2117 950
2118 72
2119 1377
2120 1478
2121 1489
2122 1399
2123 1831
2124 1706
2125 1865
2126 1279
2127 201
2128 599
2129 1312
2130 1912
2131 798
2132 1269
2133 1080
2134 1376
2135 1744
2136 961
2137 757
2138 324
2139 1474
2140 337
2141 1141
2142 1149
2143 1918
2144 1699
2145 1358
2146 1889
2147 1509
2148 978
2149 1549
2150 599
2151 182
2152 1626
2153 205
2154 1443
2155 1185
2156 1271
2157 1142
2158 1767
2159 1899
2160 437
2161 1046
2162 1795
2163 1515
2164 1529
2165 1642
2166 852
2167 1539
2168 1746
2169 2148
2170 827
2171 1517
2172 1610
2173 218
2174 172
2175 1626
2176 2143
2177 651
2178 1911
2179 158
2180 1014
2181 1156
2182 2127
2183 2144
2184 827
2185 2028
2186 1594
2187 2143
2188 1923
2189 1939
2190 403
2191 2105
2192 422
2193 860
2194 1584
2195 2142
2196 1641
2197 1537
2198 2144
2199 1489
2200 1742
2201 1790
2202 1312
2203 1840
2204 1524
2205 810
2206 749
2207 1823
2208 1582
2209 1738
2210 1955
2211 672
2212 492
2213 1501
2214 1746
2215 1511
2216 519
2217 1740
2218 1548
2219 1750
2220 2051
2221 599
2222 752
2223 1898
2224 2059
2225 890
2226 2132
2227 986
2228 1372
2229 1143
2230 2148
2231 1547
2232 1415
2233 1362
2234 615
2235 845
2236 1869
2237 938
2238 2129
2239 1386
2240 1473
2241 1650
2242 1344
2243 757
2244 1141
2245 1447
2246 1085
2247 1846
2248 1738
2249 1944
2250 672
2251 1202
2252 2000
2253 1372
2254 1993
2255 893
2256 1955
2257 1899
2258 1790
2259 1509
2260 2107
2261 1224
2262 1701
2263 783
2264 2244
2265 364
2266 228
2267 641
2268 2089
2269 2118
2270 2142
2271 1768
2272 1701
2273 1593
2274 1978
2275 1624
2276 765
2277 271
2278 1308
2279 1617
2280 1309
2281 735
2282 1307
2283 589
2284 1939
2285 668
2286 735
2287 1579
2288 94
2289 1141
2290 1186
2291 1923
2292 2141
2293 1216
2294 1217
2295 2098
2296 1486
2297 658
2298 1512
2299 695
2300 2046
2301 1729
2302 771
2303 1899
2304 398
2305 324
2306 2011
2307 1544
2308 1974
2309 2168
2310 976
2311 1172
2312 1858
2313 814
2314 1132
2315 324
2316 1696
2317 1834
2318 805
2319 588
2320 1141
2321 2216
2322 364
2323 1701
2324 1509
2325 1085
2326 337
2327 988
2328 1253
2329 1906
2330 1672
2331 1787
2332 2283
2333 425
2334 1580
2335 24
2336 1141
2337 1273
2338 1671
2339 768
2340 2254
2341 1829
2342 2129
2343 869
2344 1500
2345 1552
2346 810
2347 978
2348 2317
2349 1562
2350 966
2351 394
2352 1428
2353 1759
2354 1517
2355 1088
2356 2303
2357 297
2358 1485
2359 760
2360 1918
2361 1031
2362 1474
2363 1085
2364 1706
2365 1371
2366 912
2367 2000
2368 174
2369 1948
2370 1141
2371 1012
2372 240
2373 888
2374 921
2375 568
2376 2125
2377 1593
2378 2014
2379 1334
2380 1831
2381 1858
2382 1829
2383 1030
2384 1710
2385 1923
2386 1802
2387 364
2388 740
2389 683
2390 2334
2391 1474
2392 56
2393 1458
2394 1061
2395 784
2396 1249
2397 1372
2398 821
2399 1224
2400 1768
2401 1993
2402 548
2403 1899
2404 2364
2405 1229
2406 2292
2407 1272
2408 1465
2409 364
2410 1560
2411 2006
2412 2171
2413 2373
2414 1352
2415 1460
2416 2202
2417 421
2418 757
2419 367
2420 1993
2421 2394
2422 851
2423 1255
2424 1474
2425 1770
2426 262
2427 2127
2428 899
2429 1923
2430 1768
2431 1376
2432 1313
2433 870
2434 2398
2435 1899
2436 1775
2437 1673
2438 600
2439 1127
2440 817
2441 1543
2442 1772
2443 2367
2444 810
2445 1527
2446 604
2447 1993
2448 2372
2449 422
2450 975
2451 414
2452 2245
2453 837
2454 440
2455 1491
2456 1141
2457 1151
2458 583
2459 337
2460 1174
2461 1544
2462 548
2463 2460
2464 203
2465 1336
2466 2439
2467 2263
2468 2125
2469 1930
2470 1625
2471 2453
2472 739
2473 2272
2474 1544
2475 1987
2476 496
2477 1863
2478 1207
2479 1776
2480 936
2481 2042
2482 2387
2483 1899
2484 335
2485 2386
2486 1133
2487 1757
2488 1631
2489 2015
2490 2445
2491 1141
2492 1127
2493 1982
2494 1489
2495 2317
2496 521
2497 1375
2498 1737
2499 105
2500 944
2501 2088
2502 908
2503 2401
2504 1217
2505 1973
2506 1920
2507 2247
2508 1738
2509 374
2510 2026
2511 1371
2512 2303
2513 2483
2514 599
2515 1546
2516 2024
2517 751
2518 2222
2519 2391
2520 1985
2521 1447
2522 1144
2523 2187
2524 470
2525 2388
2526 1205
2527 1610
2528 1060
2529 1899
2530 2466
2531 1141
2532 25
2533 1923
2534 1806
2535 564
2536 1301
2537 1136
2538 1641
2539 2388
2540 1912
2541 699
2542 2332
2543 1141
2544 1202
2545 988
2546 1028
2547 1163
2548 2353
2549 2464
2550 1864
2551 1542
2552 2324
2553 1232
2554 2428
2555 297
2556 597
2557 1374
2558 2363
2559 390
2560 1615
2561 2146
2562 2378
2563 1436
2564 2143
2565 2464
2566 2182
2567 1292
2568 856
2569 1489
2570 1475
2571 1678
2572 324
2573 1677
2574 1858
2575 1923
2576 1141
2577 1057
2578 1622
2579 1788
2580 117
2581 1075
2582 1141
2583 2063
2584 1517
2585 422
2586 2205
2587 1453
2588 1488
2589 1184
2590 557
2591 2042
2592 2044
2593 1332
2594 2030
2595 1558
2596 2431
2597 1141
2598 1141
2599 1719
2600 1141
2601 1489
2602 2422
2603 1474
2604 2489
2605 1403
2606 1909
2607 746
2608 784
2609 907
2610 418
2611 1965
2612 712
2613 954
2614 1489
2615 1388
2616 473
2617 2125
2618 280
2619 1455
2620 1447
2621 2386
2622 2511
2623 1416
2624 2537
2625 1556
2626 672
2627 1308
2628 273
2629 1858
2630 1783
2631 625
2632 2528
2633 576
2634 2037
2635 1823
2636 1503
2637 1066
2638 635
2639 1941
2640 2301
2641 2624
2642 671
2643 1085
2644 2111
2645 1582
2646 1315
2647 2490
2648 1422
2649 1042
2650 1669
2651 1850
2652 731
2653 2464
2654 2386
2655 114
2656 1141
2657 1108
2658 1582
2659 139
2660 1103
2661 748
2662 1768
2663 748
2664 1577
2665 2162
2666 2453
2667 820
2668 1212
2669 462
2670 2477
2671 1964
2672 611
2673 1934
2674 1589
2675 1562
2676 558
2677 1451
2678 2563
2679 721
2680 114
2681 95
2682 2314
2683 910
2684 2105
2685 1993
2686 1193
2687 1141
2688 637
2689 2603
2690 1254
2691 1474
2692 1030
2693 416
2694 2009
2695 1544
2696 2105
2697 2654
2698 174
2699 1331
2700 2400
2701 321
2702 1988
2703 2250
2704 381
2705 625
2706 2386
2707 1278
2708 1650
2709 1676
2710 1205
2711 1647
2712 219
2713 1872
2714 1871
2715 1632
2716 2464
2717 134
2718 2643
2719 2682
2720 573
2721 1547
2722 1197
2723 1659
2724 2460
2725 1940
2726 1302
2727 1474
2728 2455
2729 109
2730 1327
2731 1926
2732 2028
2733 2023
2734 2158
2735 1932
2736 2449
2737 2118
2738 2563
2739 933
2740 1474
2741 1350
2742 2089
2743 893
2744 2144
2745 2679
2746 2741
2747 1816
2748 39
2749 43
2750 2449
2751 303
2752 1913
2753 904
2754 599
2755 2464
2756 1440
2757 2127
2758 1899
2759 2315
2760 1447
2761 902
2762 1312
2763 2755
2764 1371
2765 1940
2766 1048
2767 2306
2768 959
2769 531
2770 1294
2771 657
2772 2089
2773 658
2774 440
2775 1263
2776 1489
2777 1085
2778 722
2779 1923
2780 2306
2781 1055
2782 2611
2783 571
2784 1443
2785 1399
2786 2474
2787 2647
2788 2144
2789 774
2790 1866
2791 1492
2792 1384
2793 598
2794 2755
2795 2312
2796 1076
2797 640
2798 1371
2799 1307
2800 2161
2801 1474
2802 832
2803 871
2804 1928
2805 2451
2806 299
2807 1141
2808 1734
2809 1887
2810 396
2811 2089
2812 2765
2813 2776
2814 560
2815 1993
2816 599
2817 1773
2818 1086
2819 2452
2820 2117
2821 2755
2822 957
2823 1557
2824 2344
2825 845
2826 2811
2827 1474
2828 1018
2829 641
2830 825
2831 2143
2832 349
2833 1831
2834 1030
2835 2755
2836 2551
2837 599
2838 2089
2839 2154
2840 2508
2841 2569
2842 1600
2843 2443
2844 2709
2845 1920
2846 1434
2847 1491
2848 672
2849 1282
2850 1018
2851 1916
2852 1673
2853 526
2854 2447
2855 1189
2856 2705
2857 2313
2858 403
2859 2196
2860 1204
2861 1759
2862 2430
2863 1701
2864 297
2865 1206
2866 736
2867 2386
2868 779
2869 599
2870 219
2871 2324
2872 2484
2873 890
2874 2434
2875 2424
2876 2530
2877 1610
2878 2383
2879 747
2880 1500
2881 1755
2882 1352
2883 290
2884 1728
2885 1923
2886 2642
2887 2075
2888 2817
2889 1701
2890 1993
2891 2811
2892 1122
2893 2317
2894 2568
2895 888
2896 814
2897 2632
2898 1249
2899 1787
2900 1030
2901 2613
2902 1894
2903 571
2904 2075
2905 2444
2906 2841
2907 1544
2908 1225
2909 2089
2910 1213
2911 2882
2912 1898
2913 1509
2914 1447
2915 2568
2916 1550
2917 2076
2918 1547
2919 1993
2920 634
2921 534
2922 2443
2923 1630
2924 1571
2925 486
2926 2892
2927 2120
2928 2872
2929 1668
2930 1759
2931 422
2932 384
2933 1569
2934 857
2935 798
2936 2817
2937 2341
2938 2286
2939 2206
2940 2723
2941 2922
2942 2549
2943 1964
2944 2817
2945 2032
2946 323
2947 1189
2948 636
2949 1823
2950 2017
2951 1491
2952 2334
2953 2681
2954 845
2955 1862
2956 1262
2957 1092
2958 2058
2959 1030
2960 2634
2961 2934
2962 1488
2963 214
2964 694
2965 2129
2966 1623
2967 2948
2968 1921
2969 1790
2970 814
2971 2443
2972 2748
2973 1487
2974 2041
2975 1375
2976 1539
2977 2755
2978 2206
2979 1365
2980 2537
2981 1037
2982 2079
2983 2943
2984 2423
2985 2456
2986 1596
2987 602
2988 2817
2989 1030
2990 1290
2991 2880
2992 1662
2993 893
2994 2511
2995 1582
2996 1141
2997 2841
2998 1899
2999 1237
3000 2089
3001 2787
3002 2591
3003 1796
3004 1860
3005 1292
3006 2143
3007 2139
3008 397
3009 2499
3010 1778
3011 1158
3012 478
3013 1476
3014 599
3015 2510
3016 490
3017 1560
3018 2693
3019 1489
3020 2903
3021 1494
3022 2944
3023 2661
3024 2817
3025 641
3026 625
3027 2255
3028 2571
3029 1272
3030 1225
3031 1019
3032 1486
3033 2422
3034 878
3035 912
3036 1899
3037 2769
3038 1387
3039 2008
3040 2400
3041 3024
3042 2864
3043 1180
3044 1813
3045 505
3046 1907
3047 1053
3048 243
3049 391
3050 2841
3051 2705
3052 1606
3053 1422
3054 978
3055 975
3056 2727
3057 1940
3058 1030
3059 1562
3060 1474
3061 1331
3062 572
3063 541
3064 1369
3065 2749
3066 1069
3067 2412
3068 1991
3069 1620
3070 818
3071 2188
3072 2971
3073 3046
3074 1141
3075 1030
3076 1822
3077 153
3078 1899
3079 2160
3080 2381
3081 1027
3082 2869
3083 2590
3084 2515
3085 1923
3086 2752
3087 1522
3088 957
3089 2686
3090 2539
3091 2775
3092 2922
3093 1154
3094 1478
3095 174
3096 1652
3097 2790
3098 2151
3099 2282
3100 2683
3101 2351
3102 2386
3103 1773
3104 3012
3105 2454
3106 2551
3107 1861
3108 1246
3109 1409
3110 2500
3111 2995
3112 3022
3113 641
3114 1981
3115 2105
3116 2563
3117 2841
3118 2568
3119 2623
3120 722
3121 1706
3122 1640
3123 2297
3124 1634
3125 1432
3126 2753
3127 3104
3128 2354
3129 2386
3130 2601
3131 3031
3132 1509
3133 2459
3134 2568
3135 1332
3136 1450
3137 2365
3138 2311
3139 2370
3140 1295
3141 2922
3142 1391
3143 324
3144 2916
3145 938
3146 2934
3147 2758
3148 2150
3149 2204
3150 2858
3151 898
3152 2922
3153 2573
3154 2627
3155 1225
3156 1755
3157 2450
3158 1623
3159 146
3160 1808
3161 2930
3162 1940
3163 2965
3164 2817
3165 57
3166 1302
3167 619
3168 2317
3169 2834
3170 692
3171 1647
3172 2746
3173 1132
3174 3164
3175 468
3176 2760
3177 2424
3178 2494
3179 2089
3180 1573
3181 2986
3182 746
3183 2623
3184 1923
3185 1489
3186 1749
3187 868
3188 2956
3189 2394
3190 1552
3191 1268
3192 393
3193 3155
3194 499
3195 1993
3196 1141
3197 2068
3198 2629
3199 2934
3200 2693
3201 1410
3202 618
3203 2386
3204 679
3205 2115
3206 2540
3207 1285
3208 2568
3209 3129
3210 2753
3211 2333
3212 764
3213 1201
3214 2925
3215 2283
3216 496
3217 2437
3218 454
3219 1141
3220 2506
3221 1085
3222 2656
3223 2464
3224 2689
3225 480
3226 2889
3227 2125
3228 2799
3229 2033
3230 3027
3231 2320
3232 2790
3233 1823
3234 2100
3235 3173
3236 2386
3237 1216
3238 3160
3239 2979
3240 397
3241 2035
3242 1879
3243 2245
3244 3215
3245 2693
3246 722
3247 1706
3248 1030
3249 1923
3250 1604
3251 1560
3252 2324
3253 1494
3254 1030
3255 2412
3256 784
3257 2353
3258 1163
3259 3138
3260 1920
3261 225
3262 1197
3263 1862
3264 2405
3265 2035
3266 1072
3267 3214
3268 1268
3269 3170
3270 3246
3271 1323
3272 841
3273 1965
3274 1141
3275 1144
3276 2654
3277 305
3278 1409
3279 646
3280 1276
3281 1189
3282 436
3283 1872
3284 1303
3285 1753
3286 274
3287 2942
3288 2902
3289 1030
3290 2115
3291 696
3292 372
3293 557
3294 1107
3295 3158
3296 1824
3297 3138
3298 1517
3299 2628
3300 2105
3301 2697
3302 3141
3303 1773
3304 1693
3305 1220
3306 2803
3307 2208
3308 2104
3309 1812
3310 2818
3311 1560
3312 2055
3313 1831
3314 3018
3315 2143
3316 1364
3317 1066
3318 599
3319 1424
3320 479
3321 2874
3322 2089
3323 1679
3324 49
3325 7
3326 369
3327 2464
3328 1
3329 1360
3330 315
3331 16
3332 1003
3333 3110
3334 71
3335 167
3336 736
3337 1044
3338 53
3339 876
3340 319
3341 156
3342 88
3343 2720
3344 653
3345 2173
3346 19
3347 2179
3348 1637
3349 799
3350 410
3351 904
3352 233
3353 292
3354 2498
3355 810
3356 2164
3357 294
3358 24
3359 1087
3360 708
3361 2538
3362 2357
3363 933
3364 2580
3365 24
3366 24
3367 2797
3368 1372
3369 865
3370 1082
3371 32
3372 84
3373 80
3374 324
3375 2335
3376 677
3377 24
3378 543
3379 216
3380 710
3381 2532
3382 1824
3383 181
3384 328
3385 177
3386 29
3387 2655
3388 2660
3389 263
3390 73
3391 574
3392 2368
3393 2748
3394 3065
3395 3062
3396 266
3397 498
3398 44
3399 545
3400 527
3401 737
3402 138
3403 48
3404 2133
3405 48
3406 64
3407 528
3408 1831
3409 950
3410 48
3411 1416
3412 308
3413 81
3414 1484
3415 60
3416 1299
3417 1197
3418 909
3419 963
3420 180
3421 1388
3422 951
3423 744
3424 2392
3425 395
3426 3278
3427 3045
3428 1392
3429 419
3430 57
3431 2082
3432 57
3433 62
3434 3165
3435 3201
3436 192
3437 803
3438 1150
3439 290
3440 303
3441 451
3442 83
3443 3077
3444 306
3445 3192
3446 57
3447 2055
3448 3282
3449 2509
3450 338
3451 1285
3452 238
3453 2446
3454 1304
3455 1482
3456 2136
3457 701
3458 1208
3459 165
3460 2088
3461 2737
3462 1476
3463 2226
3464 2026
3465 1541
3466 955
3467 1688
3468 446
3469 97
3470 329
3471 1382
3472 102
3473 202
3474 512
3475 81
3476 81
3477 471
3478 1058
3479 2266
3480 540
3481 372
3482 1878
3483 205
3484 648
3485 3098
3486 86
3487 320
3488 994
3489 86
3490 378
3491 493
3492 995
3493 89
3494 1018
3495 594
3496 2288
3497 1968
3498 586
3499 95
3500 1236
3501 2180
3502 448
3503 1334
3504 2953
3505 95
3506 96
3507 902
3508 99
3509 1869
3510 199
3511 2222
3512 2984
3513 667
3514 2469
3515 105
3516 552
3517 463
3518 186
3519 105
3520 561
3521 596
3522 2499
3523 105
3524 2628
3525 1401
3526 317
3527 1779
3528 660
3529 107
3530 230
3531 176
3532 853
3533 166
3534 848
3535 548
3536 2729
3537 773
3538 1821
3539 682
3540 1095
3541 285
3542 2680
3543 703
3544 155
3545 2717
3546 114
3547 1192
3548 3187
3549 1111
3550 117
3551 877
3552 1562
3553 659
3554 469
3555 506
3556 1064
3557 1553
3558 1022
3559 124
3560 1702
3561 1757
3562 161
3563 582
3564 129
3565 1803
3566 361
3567 129
3568 246
3569 357
3570 776
3571 646
3572 2127
3573 2832
3574 362
3575 728
3576 310
3577 614
3578 2213
3579 2018
3580 2038
3581 2659
3582 2955
3583 194
3584 1427
3585 1260
3586 140
3587 140
3588 583
3589 142
3590 1733
3591 250
3592 1848
3593 175
3594 142
3595 257
3596 569
3597 3048
3598 1471
3599 143
3600 143
3601 145
3602 1837
3603 1073
3604 421
3605 562
3606 656
3607 2022
3608 3159
3609 412
3610 732
3611 1140
3612 1730
3613 766
3614 156
3615 438
3616 344
3617 2331
3618 162
3619 3225
3620 1200
3621 956
3622 971
3623 1288
3624 1015
3625 1253
3626 262
3627 978
3628 1823
3629 2921
3630 2638
3631 1474
3632 170
3633 2174
3634 991
3635 2285
3636 2698
3637 3095
3638 2274
3639 1257
3640 2166
3641 231
3642 621
3643 2372
3644 675
3645 181
3646 313
3647 3218
3648 1301
3649 182
3650 1794
3651 1609
3652 927
3653 1432
3654 187
3655 503
3656 1505
3657 189
3658 1535
3659 193
3660 363
3661 193
3662 194
3663 347
3664 2735
3665 644
3666 891
3667 198
3668 198
3669 542
3670 248
3671 2946
3672 1294
3673 922
3674 2177
3675 236
3676 1359
3677 220
3678 546
3679 1591
3680 239
3681 1418
3682 831
3683 204
3684 788
3685 2153
3686 2963
3687 1398
3688 304
3689 558
3690 555
3691 1344
3692 1856
3693 2712
3694 219
3695 221
3696 2870
3697 220
3698 513
3699 443
3700 223
3701 520
3702 3261
3703 227
3704 884
3705 2667
3706 1097
3707 279
3708 236
3709 3286
3710 1311
3711 1459
3712 1321
3713 270
3714 3242
3715 807
3716 502
3717 298
3718 758
3719 1875
3720 1621
3721 834
3722 253
3723 253
3724 3214
3725 2973
3726 355
3727 375
3728 1422
3729 259
3730 261
3731 262
3732 262
3733 1483
3734 2426
3735 1306
3736 1215
3737 262
3738 265
3739 415
3740 2428
3741 2277
3742 271
3743 358
3744 700
3745 403
3746 705
3747 350
3748 280
3749 1906
3750 305
3751 314
3752 2932
3753 280
3754 2618
3755 760
3756 875
3757 394
3758 280
3759 2610
3760 281
3761 3280
3762 422
3763 645
3764 1735
3765 284
3766 285
3767 387
3768 1551
3769 434
3770 993
3771 290
3772 541
3773 290
3774 2633
3775 1552
3776 290
3777 789
3778 290
3779 1784
3780 900
3781 763
3782 2883
3783 800
3784 290
3785 1506
3786 1033
3787 863
3788 2299
3789 879
3790 1859
3791 2321
3792 1368
3793 291
3794 390
3795 2092
3796 1925
3797 2419
3798 3042
3799 2555
3800 302
3801 1813
3802 2422
3803 1328
3804 297
3805 298
3806 757
3807 2806
3808 2161
3809 2669
3810 382
3811 702
3812 907
3813 301
3814 2751
3815 2535
3816 1963
3817 376
3818 940
3819 743
3820 1066
3821 305
3822 305
3823 1984
3824 1714
3825 3277
3826 1011
3827 488
3828 381
3829 447
3830 310
3831 3012
3832 470
3833 317
3834 1350
3835 317
3836 2701
3837 322
3838 1610
3839 324
3840 2094
3841 324
3842 2310
3843 2496
3844 335
3845 2895
3846 324
3847 324
3848 2679
3849 747
3850 1090
3851 2943
3852 1156
3853 923
3854 1745
3855 1904
3856 1896
3857 960
3858 324
3859 3105
3860 1428
3861 324
3862 1711
3863 324
3864 3212
3865 324
3866 392
3867 2305
3868 1370
3869 1277
3870 1101
3871 324
3872 1270
3873 324
3874 974
3875 873
3876 1899
3877 3167
3878 1979
3879 324
3880 897
3881 1761
3882 2478
3883 2441
3884 915
3885 1121
3886 324
3887 2759
3888 2572
3889 324
3890 1076
3891 3070
3892 1758
3893 2138
3894 3143
3895 327
3896 1075
3897 330
3898 330
3899 1267
3900 332
3901 333
3902 1496
3903 504
3904 1525
3905 1775
3906 333
3907 2460
3908 2872
3909 2398
3910 1905
3911 337
3912 337
3913 2140
3914 3133
3915 337
3916 494
3917 337
3918 1198
3919 337
3920 2326
3921 337
3922 337
3923 337
3924 337
3925 339
3926 1390
3927 1804
3928 342
3929 1026
3930 346
3931 524
3932 2438
3933 407
3934 1982
3935 988
3936 808
3937 2541
3938 941
3939 2830
3940 3323
3941 1570
3942 357
3943 1461
3944 2084
3945 362
3946 1842
3947 364
3948 364
3949 1036
3950 1800
3951 364
3952 364
3953 3272
3954 2409
3955 364
3956 1743
3957 364
3958 1245
3959 1030
3960 1147
3961 2129
3962 1259
3963 2505
3964 368
3965 364
3966 364
3967 1381
3968 2304
3969 364
3970 2482
3971 2322
3972 1708
3973 654
3974 1219
3975 404
3976 2110
3977 706
3978 977
3979 2852
3980 1938
3981 364
3982 537
3983 364
3984 364
3985 1006
3986 1542
3987 962
3988 364
3989 2265
3990 364
3991 420
3992 597
3993 567
3994 368
3995 713
3996 889
3997 1188
3998 3292
3999 372
4000 1653
4001 2699
4002 372
4003 372
4004 1766
4005 376
4006 1045
4007 378
4008 388
4009 379
4010 725
4011 1613
4012 2704
4013 381
4014 1462
4015 871
4016 383
4017 383
4018 383
4019 387
4020 566
4021 2559
4022 1052
4023 3049
4024 2010
4025 1317
4026 394
4027 1129
4028 2351
4029 394
4030 3266
4031 973
4032 1644
4033 972
4034 396
4035 396
4036 396
4037 396
4038 396
4039 1239
4040 957
4041 2276
4042 1867
4043 2333
4044 396
4045 396
4046 396
4047 396
4048 396
4049 531
4050 485
4051 396
4052 487
4053 396
4054 2810
4055 1346
4056 396
4057 396
4058 3240
4059 1882
4060 397
4061 2668
4062 3008
4063 400
4064 401
4065 401
4066 632
4067 2858
4068 2190
4069 622
4070 403
4071 1139
4072 476
4073 1322
4074 403
4075 2804
4076 1888
4077 2773
4078 1074
4079 406
4080 1674
4081 1099
4082 1658
4083 410
4084 815
4085 948
4086 2805
4087 1450
4088 416
4089 2693
4090 2234
4091 1819
4092 535
4093 1169
4094 707
4095 497
4096 589
4097 2417
4098 421
4099 2688
4100 421
4101 1656
4102 1909
4103 2004
4104 3234
4105 1017
4106 726
4107 2192
4108 2086
4109 2585
4110 515
4111 2736
4112 2931
4113 422
4114 1323
4115 593
4116 1647
4117 1297
4118 1137
4119 580
4120 434
4121 2160
4122 2917
4123 439
4124 1105
4125 439
4126 439
4127 2774
4128 539
4129 946
4130 1318
4131 444
4132 1480
4133 444
4134 2270
4135 901
4136 1893
4137 1153
4138 444
4139 444
4140 444
4141 2389
4142 584
4143 1127
4144 444
4145 483
4146 3128
4147 1665
4148 444
4149 990
4150 2771
4151 2061
4152 1394
4153 3140
4154 465
4155 444
4156 3031
4157 536
4158 444
4159 2374
4160 1977
4161 444
4162 650
4163 490
4164 449
4165 2339
4166 453
4167 453
4168 453
4169 1069
4170 453
4171 1853
4172 627
4173 2206
4174 2215
4175 3175
4176 1945
4177 2524
4178 603
4179 595
4180 629
4181 470
4182 471
4183 3320
4184 473
4185 473
4186 473
4187 2616
4188 473
4189 1179
4190 473
4191 1812
4192 473
4193 479
4194 479
4195 479
4196 2916
4197 1782
4198 1661
4199 485
4200 1077
4201 486
4202 486
4203 2823
4204 490
4205 490
4206 2882
4207 1119
4208 3016
4209 1023
4210 1070
4211 2212
4212 493
4213 663
4214 739
4215 2923
4216 2491
4217 588
4218 496
4219 1785
4220 496
4221 1221
4222 3216
4223 828
4224 1130
4225 2476
4226 496
4227 1062
4228 662
4229 867
4230 496
4231 1202
4232 496
4233 496
4234 679
4235 497
4236 497
4237 3194
4238 2027
4239 775
4240 504
4241 505
4242 607
4243 525
4244 507
4245 507
4246 1242
4247 1457
4248 513
4249 2993
4250 513
4251 1096
4252 1957
4253 518
4254 518
4255 519
4256 521
4257 669
4258 886
4259 525
4260 804
4261 1071
4262 1582
4263 2853
4264 691
4265 528
4266 1686
4267 529
4268 556
4269 529
4270 733
4271 3037
4272 1760
4273 989
4274 532
4275 532
4276 535
4277 1421
4278 1424
4279 2021
4280 537
4281 1342
4282 920
4283 2445
4284 537
4285 537
4286 537
4287 2578
4288 979
4289 965
4290 538
4291 1083
4292 549
4293 1195
4294 541
4295 541
4296 541
4297 1544
4298 3063
4299 541
4300 541
4301 541
4302 541
4303 1252
4304 541
4305 3086
4306 541
4307 541
4308 544
4309 544
4310 547
4311 2462
4312 2343
4313 3304
4314 2402
4315 553
4316 2003
4317 551
4318 1166
4319 1566
4320 740
4321 2051
4322 970
4323 557
4324 557
4325 1435
4326 1703
4327 557
4328 557
4329 557
4330 2590
4331 753
4332 3293
4333 1171
4334 558
4335 558
4336 3034
4337 1915
4338 2676
4339 812
4340 2814
4341 560
4342 975
4343 562
4344 565
4345 1694
4346 567
4347 1402
4348 2605
4349 2375
4350 964
4351 2903
4352 2783
4353 572
4354 2520
4355 574
4356 574
4357 1931
4358 580
4359 1124
4360 2458
4361 796
4362 2657
4363 583
4364 583
4365 1720
4366 583
4367 697
4368 583
4369 583
4370 623
4371 3087
4372 2319
4373 588
4374 589
4375 2283
4376 589
4377 590
4378 612
4379 931
4380 2049
4381 596
4382 2793
4383 2556
4384 599
4385 2311
4386 797
4387 968
4388 599
4389 1443
4390 599
4391 1870
4392 599
4393 599
4394 1308
4395 2869
4396 599
4397 599
4398 784
4399 1126
4400 2672
4401 599
4402 2587
4403 2514
4404 599
4405 1020
4406 1811
4407 2502
4408 2298
4409 599
4410 1936
4411 624
4412 916
4413 599
4414 1857
4415 1710
4416 1851
4417 2486
4418 599
4419 1167
4420 1002
4421 599
4422 599
4423 2754
4424 599
4425 599
4426 2337
4427 771
4428 2150
4429 2677
4430 1315
4431 846
4432 2031
4433 599
4434 649
4435 599
4436 1385
4437 2355
4438 2567
4439 599
4440 599
4441 599
4442 599
4443 599
4444 2837
4445 599
4446 599
4447 2579
4448 2547
4449 1852
4450 599
4451 599
4452 1645
4453 599
4454 599
4455 1705
4456 3014
4457 1818
4458 1895
4459 724
4460 599
4461 599
4462 1910
4463 599
4464 599
4465 599
4466 1970
4467 2221
4468 599
4469 2683
4470 2219
4471 599
4472 599
4473 599
4474 599
4475 599
4476 599
4477 1966
4478 2128
4479 599
4480 3227
4481 2816
4482 1091
4483 1356
4484 599
4485 2599
4486 2733
4487 599
4488 1283
4489 1445
4490 2149
4491 992
4492 1746
4493 3318
4494 600
4495 600
4496 600
4497 633
4498 1261
4499 2987
4500 607
4501 607
4502 608
4503 952
4504 1131
4505 612
4506 2860
4507 614
4508 1118
4509 615
4510 616
4511 616
4512 1417
4513 2642
4514 3202
4515 619
4516 619
4517 681
4518 622
4519 625
4520 3026
4521 625
4522 2705
4523 625
4524 625
4525 625
4526 625
4527 2237
4528 625
4529 625
4530 625
4531 1519
4532 625
4533 625
4534 2631
4535 1615
4536 625
4537 2364
4538 625
4539 2186
4540 625
4541 625
4542 627
4543 1801
4544 1478
4545 2920
4546 939
4547 2948
4548 670
4549 1643
4550 806
4551 641
4552 641
4553 3025
4554 2069
4555 2829
4556 641
4557 641
4558 1393
4559 641
4560 2267
4561 1240
4562 847
4563 1922
4564 1183
4565 641
4566 641
4567 641
4568 735
4569 1302
4570 958
4571 1000
4572 641
4573 641
4574 3073
4575 3113
4576 641
4577 2825
4578 642
4579 1439
4580 1226
4581 953
4582 3279
4583 2480
4584 646
4585 646
4586 646
4587 2090
4588 646
4589 646
4590 646
4591 646
4592 1175
4593 652
4594 652
4595 1406
4596 2652
4597 652
4598 1485
4599 785
4600 1676
4601 2097
4602 1258
4603 1972
4604 1005
4605 2297
4606 662
4607 792
4608 663
4609 663
4610 2279
4611 729
4612 664
4613 843
4614 3107
4615 2594
4616 750
4617 664
4618 1025
4619 664
4620 2091
4621 1363
4622 1663
4623 668
4624 668
4625 668
4626 669
4627 672
4628 672
4629 769
4630 2211
4631 672
4632 2848
4633 2517
4634 672
4635 844
4636 1228
4637 2250
4638 672
4639 672
4640 2626
4641 2982
4642 672
4643 786
4644 830
4645 1353
4646 674
4647 791
4648 674
4649 674
4650 674
4651 890
4652 677
4653 677
4654 679
4655 1961
4656 742
4657 679
4658 1997
4659 1472
4660 1846
4661 1162
4662 3204
4663 679
4664 696
4665 1902
4666 679
4667 679
4668 679
4669 679
4670 679
4671 711
4672 680
4673 683
4674 1947
4675 1490
4676 850
4677 687
4678 689
4679 2861
4680 2077
4681 1145
4682 3043
4683 3269
4684 692
4685 692
4686 925
4687 2107
4688 694
4689 2964
4690 1134
4691 1210
4692 695
4693 2546
4694 1832
4695 696
4696 3291
4697 1614
4698 702
4699 1654
4700 704
4701 2119
4702 1607
4703 708
4704 709
4705 914
4706 1335
4707 709
4708 711
4709 712
4710 842
4711 712
4712 2612
4713 2287
4714 714
4715 745
4716 714
4717 714
4718 715
4719 1247
4720 715
4721 1068
4722 1959
4723 2649
4724 722
4725 722
4726 997
4727 926
4728 1992
4729 1769
4730 722
4731 1399
4732 1327
4733 981
4734 3270
4735 3120
4736 3029
4737 722
4738 722
4739 722
4740 722
4741 1079
4742 1885
4743 2778
4744 1336
4745 722
4746 722
4747 722
4748 723
4749 756
4750 724
4751 1742
4752 724
4753 724
4754 728
4755 822
4756 728
4757 1466
4758 729
4759 3035
4760 1275
4761 730
4762 1016
4763 1218
4764 733
4765 2938
4766 735
4767 2281
4768 2866
4769 2902
4770 739
4771 2472
4772 739
4773 740
4774 2388
4775 745
4776 1556
4777 1652
4778 2036
4779 746
4780 826
4781 1112
4782 2591
4783 1404
4784 746
4785 746
4786 2607
4787 746
4788 3182
4789 882
4790 746
4791 2879
4792 747
4793 748
4794 2663
4795 748
4796 748
4797 1142
4798 748
4799 748
4800 748
4801 3151
4802 748
4803 2661
4804 748
4805 748
4806 801
4807 748
4808 2193
4809 1949
4810 748
4811 752
4812 753
4813 1545
4814 1510
4815 2066
4816 755
4817 3122
4818 1943
4819 755
4820 755
4821 755
4822 755
4823 755
4824 757
4825 1585
4826 757
4827 757
4828 2884
4829 757
4830 757
4831 2418
4832 757
4833 1437
4834 757
4835 757
4836 1104
4837 757
4838 757
4839 757
4840 1967
4841 757
4842 2630
4843 1319
4844 757
4845 757
4846 1707
4847 2137
4848 757
4849 883
4850 811
4851 2243
4852 757
4853 757
4854 1136
4855 757
4856 757
4857 757
4858 757
4859 2440
4860 2371
4861 1098
4862 787
4863 758
4864 759
4865 2359
4866 760
4867 760
4868 943
4869 1675
4870 765
4871 2723
4872 767
4873 1502
4874 767
4875 813
4876 3135
4877 1305
4878 896
4879 3295
4880 767
4881 829
4882 770
4883 1786
4884 1937
4885 770
4886 2302
4887 772
4888 2789
4889 774
4890 776
4891 2868
4892 781
4893 783
4894 783
4895 2467
4896 2112
4897 784
4898 784
4899 1397
4900 784
4901 784
4902 1115
4903 784
4904 784
4905 784
4906 784
4907 784
4908 784
4909 1235
4910 2000
4911 1712
4912 1157
4913 784
4914 2131
4915 2608
4916 784
4917 1384
4918 3093
4919 1493
4920 3256
4921 2395
4922 785
4923 786
4924 2227
4925 786
4926 786
4927 1190
4928 789
4929 789
4930 937
4931 789
4932 1355
4933 2034
4934 795
4935 2935
4936 798
4937 801
4938 802
4939 1874
4940 802
4941 2275
4942 803
4943 803
4944 2134
4945 805
4946 2318
4947 1123
4948 1590
4949 872
4950 2583
4951 2444
4952 1697
4953 810
4954 2346
4955 2586
4956 2005
4957 810
4958 813
4959 1203
4960 814
4961 814
4962 814
4963 1924
4964 2702
4965 1563
4966 3268
4967 2857
4968 814
4969 814
4970 2896
4971 1407
4972 814
4973 2054
4974 814
4975 2970
4976 815
4977 818
4978 818
4979 818
4980 818
4981 818
4982 856
4983 821
4984 821
4985 824
4986 826
4987 827
4988 2170
4989 929
4990 827
4991 1739
4992 827
4993 1343
4994 827
4995 827
4996 827
4997 2184
4998 828
4999 1723
5000 2802
5001 1793
5002 1251
5003 834
5004 834
5005 1636
5006 837
5007 1499
5008 2453
5009 839
5010 840
5011 840
5012 1533
5013 2301
5014 841
5015 841
5016 1021
5017 841
5018 917
5019 2639
5020 843
5021 843
5022 1850
5023 843
5024 845
5025 2235
5026 2934
5027 845
5028 845
5029 845
5030 913
5031 1250
5032 2954
5033 2045
5034 845
5035 1479
5036 845
5037 845
5038 1700
5039 1423
5040 845
5041 845
5042 845
5043 2766
5044 2016
5045 1560
5046 1001
5047 845
5048 845
5049 847
5050 853
5051 1300
5052 855
5053 2568
5054 1345
5055 857
5056 1463
5057 2604
5058 859
5059 2284
5060 1612
5061 864
5062 1670
5063 2203
5064 870
5065 1935
5066 2433
5067 2185
5068 2803
5069 2052
5070 872
5071 2020
5072 1084
5073 877
5074 878
5075 880
5076 1448
5077 2105
5078 880
5079 880
5080 2479
5081 881
5082 1100
5083 882
5084 882
5085 1565
5086 883
5087 886
5088 2413
5089 889
5090 889
5091 890
5092 890
5093 3097
5094 890
5095 2225
5096 890
5097 2873
5098 3027
5099 2743
5100 1347
5101 893
5102 895
5103 895
5104 895
5105 934
5106 898
5107 1583
5108 2650
5109 2761
5110 903
5111 2753
5112 1576
5113 904
5114 1186
5115 2673
5116 2350
5117 906
5118 906
5119 906
5120 1389
5121 906
5122 907
5123 1361
5124 2609
5125 1007
5126 2504
5127 2563
5128 910
5129 1232
5130 911
5131 2366
5132 1310
5133 915
5134 1993
5135 915
5136 1291
5137 916
5138 2974
5139 1825
5140 930
5141 1287
5142 931
5143 1442
5144 2809
5145 2739
5146 933
5147 1555
5148 3145
5149 942
5150 945
5151 947
5152 947
5153 2820
5154 2881
5155 1298
5156 952
5157 952
5158 954
5159 1876
5160 954
5161 2570
5162 954
5163 1903
5164 954
5165 1660
5166 2901
5167 1114
5168 3088
5169 957
5170 1833
5171 2229
5172 957
5173 957
5174 2822
5175 1440
5176 958
5177 958
5178 959
5179 959
5180 1262
5181 959
5182 959
5183 959
5184 959
5185 2768
5186 959
5187 959
5188 1602
5189 2096
5190 1289
5191 962
5192 962
5193 963
5194 1764
5195 965
5196 965
5197 1646
5198 1120
5199 966
5200 967
5201 968
5202 970
5203 2457
5204 1488
5205 1329
5206 974
5207 974
5208 975
5209 1280
5210 975
5211 1575
5212 975
5213 975
5214 1500
5215 975
5216 1695
5217 975
5218 2217
5219 3157
5220 3055
5221 975
5222 975
5223 976
5224 1113
5225 977
5226 1843
5227 1955
5228 2347
5229 978
5230 3054
5231 978
5232 978
5233 1667
5234 1956
5235 2230
5236 978
5237 982
5238 1971
5239 2103
5240 982
5241 984
5242 3076
5243 984
5244 3089
5245 1117
5246 1107
5247 3284
5248 988
5249 1414
5250 2545
5251 2327
5252 988
5253 988
5254 994
5255 995
5256 996
5257 2781
5258 998
5259 1000
5260 1000
5261 1002
5262 1002
5263 1002
5264 1626
5265 1008
5266 1008
5267 1008
5268 1008
5269 2249
5270 1009
5271 1009
5272 2378
5273 1010
5274 2064
5275 1807
5276 2053
5277 1018
5278 2828
5279 1018
5280 1018
5281 1018
5282 1018
5283 2850
5284 1018
5285 1018
5286 1019
5287 3081
5288 1027
5289 1028
5290 1028
5291 1444
5292 1030
5293 1380
5294 1030
5295 1030
5296 1030
5297 1030
5298 1125
5299 1122
5300 1030
5301 1030
5302 3254
5303 1030
5304 1030
5305 1030
5306 3248
5307 2834
5308 1727
5309 1030
5310 1030
5311 1030
5312 2156
5313 3285
5314 2957
5315 3075
5316 1030
5317 1030
5318 2692
5319 1030
5320 1030
5321 1030
5322 1030
5323 1030
5324 1030
5325 1030
5326 1030
5327 1341
5328 1454
5329 2109
5330 2989
5331 2900
5332 1030
5333 3058
5334 1030
5335 1030
5336 2798
5337 1030
5338 2958
5339 1230
5340 1030
5341 1030
5342 1030
5343 1030
5344 1030
5345 1030
5346 2878
5347 1030
5348 1030
5349 1030
5350 2887
5351 1030
5352 2959
5353 1030
5354 1030
5355 1030
5356 1438
5357 1642
5358 1030
5359 3289
5360 2361
5361 1037
5362 1508
5363 1037
5364 1340
5365 1037
5366 1037
5367 2981
5368 1037
5369 1274
5370 1037
5371 1037
5372 1256
5373 2475
5374 1037
5375 1792
5376 1037
5377 1037
5378 1037
5379 1037
5380 1037
5381 1037
5382 1037
5383 1037
5384 1648
5385 3047
5386 1037
5387 1037
5388 1581
5389 1037
5390 1037
5391 1037
5392 1037
5393 1680
5394 1038
5395 1223
5396 1039
5397 1039
5398 2108
5399 1040
5400 2032
5401 1042
5402 1042
5403 2204
5404 1042
5405 1044
5406 1059
5407 1046
5408 1715
5409 1224
5410 2528
5411 1159
5412 1049
5413 2239
5414 1049
5415 1049
5416 1400
5417 1050
5418 1736
5419 1086
5420 1774
5421 2990
5422 1051
5423 1051
5424 1051
5425 1738
5426 2317
5427 1054
5428 2293
5429 2577
5430 1057
5431 1057
5432 1061
5433 1059
5434 3189
5435 3317
5436 1066
5437 1066
5438 1067
5439 1066
5440 1066
5441 1066
5442 1066
5443 2637
5444 1066
5445 2218
5446 3066
5447 1069
5448 1073
5449 1366
5450 2581
5451 1075
5452 1538
5453 1075
5454 1076
5455 2796
5456 1078
5457 2002
5458 1144
5459 1391
5460 1083
5461 1083
5462 2011
5463 1083
5464 1083
5465 1083
5466 3221
5467 1237
5468 2325
5469 1085
5470 2363
5471 1085
5472 1085
5473 2316
5474 2718
5475 2246
5476 1426
5477 1085
5478 1085
5479 2557
5480 1085
5481 1085
5482 2777
5483 1109
5484 1085
5485 1085
5486 1086
5487 3316
5488 1086
5489 1086
5490 2818
5491 1086
5492 1568
5493 1691
5494 1086
5495 1087
5496 2960
5497 1090
5498 1094
5499 1094
5500 1097
5501 1097
5502 2791
5503 1099
5504 1099
5505 1367
5506 1103
5507 1264
5508 1104
5509 1619
5510 1104
5511 1104
5512 1106
5513 2071
5514 1177
5515 1106
5516 1106
5517 2865
5518 3294
5519 1109
5520 3303
5521 1113
5522 1114
5523 1114
5524 1114
5525 1114
5526 1114
5527 1114
5528 1114
5529 1114
5530 1114
5531 1114
5532 1115
5533 1118
5534 1349
5535 1122
5536 1122
5537 2926
5538 1122
5539 1123
5540 1124
5541 1124
5542 2492
5543 3030
5544 2466
5545 1127
5546 1127
5547 1838
5548 1129
5549 1129
5550 1129
5551 1129
5552 1130
5553 1132
5554 1999
5555 1132
5556 1578
5557 2314
5558 1132
5559 3173
5560 1132
5561 1132
5562 3229
5563 1546
5564 1975
5565 1138
5566 1135
5567 2537
5568 1136
5569 1724
5570 1139
5571 1152
5572 1158
5573 1141
5574 1141
5575 2155
5576 1141
5577 2775
5578 1141
5579 1141
5580 1141
5581 1141
5582 1141
5583 1141
5584 1599
5585 1141
5586 1141
5587 1141
5588 1141
5589 1141
5590 2576
5591 1141
5592 2370
5593 1662
5594 1141
5595 1141
5596 1141
5597 2543
5598 1141
5599 1141
5600 1141
5601 1141
5602 1141
5603 1141
5604 1141
5605 1141
5606 2619
5607 1141
5608 1933
5609 1141
5610 1141
5611 1141
5612 1141
5613 2264
5614 1141
5615 1141
5616 1141
5617 1141
5618 1429
5619 1141
5620 3196
5621 2369
5622 2336
5623 1141
5624 1141
5625 2687
5626 1141
5627 1809
5628 1141
5629 1141
5630 1141
5631 1141
5632 2197
5633 1141
5634 1205
5635 1141
5636 1672
5637 2456
5638 1141
5639 1847
5640 1826
5641 2531
5642 1141
5643 1815
5644 1141
5645 1456
5646 3228
5647 1141
5648 1141
5649 1141
5650 3274
5651 3222
5652 2411
5653 1141
5654 1141
5655 1681
5656 1141
5657 1141
5658 1141
5659 1141
5660 2035
5661 1141
5662 1141
5663 1141
5664 1940
5665 1795
5666 1141
5667 1141
5668 1141
5669 1141
5670 1141
5671 1141
5672 1835
5673 1141
5674 2224
5675 1141
5676 1141
5677 1141
5678 1141
5679 1141
5680 1976
5681 1141
5682 1141
5683 2406
5684 1141
5685 1222
5686 1991
5687 1141
5688 1854
5689 1141
5690 2597
5691 1220
5692 1651
5693 1141
5694 1141
5695 1141
5696 2807
5697 1141
5698 3219
5699 1141
5700 1141
5701 1141
5702 1141
5703 1141
5704 1141
5705 1141
5706 1141
5707 1141
5708 1141
5709 1141
5710 1141
5711 1141
5712 1141
5713 1141
5714 1141
5715 1141
5716 1141
5717 2996
5718 1141
5719 2145
5720 1141
5721 1141
5722 1141
5723 1649
5724 2289
5725 1314
5726 1990
5727 1141
5728 1141
5729 1141
5730 1141
5731 1141
5732 1141
5733 1827
5734 3231
5735 2598
5736 1249
5737 1238
5738 1141
5739 1141
5740 2072
5741 2600
5742 2039
5743 1141
5744 1141
5745 1141
5746 1141
5747 1141
5748 1213
5749 1141
5750 1430
5751 3064
5752 2582
5753 1141
5754 1141
5755 1155
5756 1141
5757 1685
5758 1141
5759 1141
5760 1141
5761 1141
5762 1141
5763 1634
5764 1141
5765 1141
5766 1141
5767 1141
5768 1141
5769 2007
5770 1141
5771 1611
5772 2393
5773 1141
5774 3074
5775 1141
5776 1751
5777 1142
5778 2968
5779 1142
5780 1142
5781 1142
5782 1142
5783 1530
5784 1477
5785 2157
5786 1142
5787 1396
5788 1142
5789 1142
5790 1142
5791 1144
5792 1144
5793 3275
5794 1144
5795 2522
5796 1144
5797 1144
5798 1144
5799 1950
5800 1144
5801 1144
5802 2240
5803 1148
5804 1148
5805 1148
5806 1149
5807 1152
5808 2181
5809 1158
5810 3011
5811 1158
5812 1158
5813 1159
5814 1161
5815 1162
5816 1411
5817 3258
5818 3003
5819 1166
5820 1718
5821 2341
5822 1171
5823 3186
5824 1171
5825 1897
5826 1892
5827 1173
5828 1175
5829 1791
5830 1176
5831 1178
5832 1181
5833 1184
5834 1184
5835 1184
5836 1184
5837 2589
5838 1185
5839 1185
5840 1185
5841 2975
5842 1588
5843 1186
5844 1574
5845 2290
5846 1186
5847 1186
5848 1187
5849 1189
5850 1189
5851 1189
5852 2947
5853 1189
5854 1189
5855 1189
5856 1189
5857 1189
5858 1189
5859 2855
5860 1189
5861 3281
5862 1189
5863 1189
5864 1189
5865 1189
5866 1194
5867 1197
5868 1197
5869 1197
5870 1197
5871 1468
5872 1197
5873 2722
5874 1197
5875 1197
5876 3262
5877 2029
5878 1197
5879 1199
5880 1200
5881 1200
5882 1201
5883 1201
5884 1201
5885 1201
5886 1201
5887 2050
5888 1201
5889 1201
5890 3213
5891 1201
5892 2251
5893 2544
5894 1202
5895 1205
5896 1205
5897 1205
5898 2710
5899 2526
5900 1805
5901 1206
5902 1206
5903 1208
5904 1208
5905 1208
5906 1780
5907 1212
5908 2910
5909 1872
5910 1215
5911 1215
5912 1216
5913 1216
5914 3237
5915 1216
5916 1216
5917 1603
5918 1217
5919 1217
5920 1217
5921 1217
5922 2294
5923 1218
5924 2178
5925 1218
5926 2846
5927 3305
5928 1224
5929 2399
5930 1284
5931 2432
5932 2261
5933 1690
5934 1224
5935 1224
5936 1849
5937 1224
5938 2908
5939 2073
5940 1671
5941 1225
5942 3193
5943 1225
5944 1225
5945 1225
5946 1225
5947 1228
5948 1228
5949 1228
5950 1228
5951 1228
5952 1228
5953 2405
5954 1230
5955 1230
5956 1232
5957 1232
5958 1232
5959 2553
5960 1234
5961 2065
5962 2999
5963 1237
5964 1237
5965 1863
5966 2851
5967 1242
5968 1996
5969 1244
5970 1246
5971 1246
5972 3108
5973 1246
5974 1900
5975 1248
5976 2194
5977 1248
5978 1248
5979 1248
5980 1841
5981 1249
5982 1249
5983 1425
5984 1249
5985 1249
5986 2396
5987 2898
5988 1252
5989 1605
5990 1253
5991 1253
5992 1253
5993 2328
5994 1253
5995 1253
5996 1901
5997 2102
5998 1254
5999 2690
6000 1254
6001 1259
6002 1262
6003 1262
6004 1262
6005 1262
6006 1262
6007 1262
6008 3188
6009 1262
6010 1262
6011 1262
6012 2089
6013 1266
6014 1266
6015 1268
6016 1268
6017 3191
6018 1269
6019 1270
6020 1270
6021 1271
6022 2842
6023 1271
6024 2407
6025 2232
6026 1276
6027 1278
6028 1278
6029 2707
6030 1278
6031 2442
6032 2126
6033 1280
6034 1280
6035 1282
6036 1282
6037 2849
6038 1282
6039 1285
6040 1285
6041 3207
6042 1285
6043 1559
6044 1287
6045 3069
6046 1290
6047 1290
6048 1290
6049 1290
6050 1290
6051 1290
6052 3005
6053 1293
6054 1293
6055 2770
6056 1295
6057 1297
6058 1297
6059 1299
6060 1433
6061 1301
6062 2536
6063 1301
6064 1301
6065 1301
6066 1301
6067 1781
6068 1301
6069 1302
6070 1302
6071 1716
6072 1316
6073 1302
6074 1302
6075 1302
6076 1302
6077 1302
6078 1302
6079 1302
6080 1302
6081 1302
6082 1507
6083 1302
6084 1362
6085 1302
6086 2664
6087 1302
6088 3166
6089 1302
6090 1302
6091 1464
6092 1302
6093 1302
6094 1302
6095 1302
6096 2726
6097 1302
6098 1302
6099 1302
6100 1303
6101 1303
6102 3308
6103 1306
6104 2282
6105 1307
6106 1307
6107 1307
6108 1307
6109 1307
6110 1326
6111 1308
6112 3154
6113 1308
6114 2278
6115 1308
6116 2280
6117 1309
6118 1311
6119 1311
6120 1311
6121 2416
6122 2762
6123 1312
6124 1313
6125 1573
6126 1313
6127 1313
6128 1314
6129 1315
6130 1315
6131 1315
6132 2646
6133 1315
6134 1317
6135 2847
6136 1765
6137 1323
6138 1323
6139 2083
6140 3271
6141 1324
6142 1324
6143 1324
6144 1327
6145 1327
6146 1327
6147 1327
6148 2323
6149 1327
6150 1327
6151 2730
6152 1328
6153 1328
6154 1330
6155 3061
6156 1332
6157 1332
6158 2593
6159 1332
6160 1332
6161 1334
6162 2379
6163 1334
6164 2465
6165 1871
6166 1339
6167 1341
6168 2242
6169 1345
6170 1345
6171 1345
6172 1347
6173 1347
6174 1349
6175 1349
6176 1349
6177 1349
6178 1349
6179 1914
6180 1350
6181 2746
6182 1350
6183 1350
6184 1350
6185 1350
6186 1350
6187 1350
6188 1495
6189 2414
6190 1684
6191 1359
6192 1362
6193 1503
6194 1362
6195 1383
6196 2233
6197 2979
6198 1486
6199 2550
6200 1370
6201 2764
6202 1497
6203 1371
6204 1371
6205 1567
6206 2135
6207 1371
6208 2074
6209 3137
6210 1371
6211 1371
6212 1371
6213 1371
6214 1371
6215 1371
6216 2511
6217 1371
6218 2228
6219 2397
6220 1372
6221 2253
6222 1372
6223 1373
6224 1374
6225 1374
6226 1405
6227 1375
6228 1692
6229 1375
6230 2497
6231 1845
6232 1375
6233 1375
6234 1375
6235 1376
6236 2596
6237 1381
6238 1382
6239 1382
6240 1384
6241 2792
6242 1384
6243 3038
6244 1388
6245 2615
6246 1389
6247 1390
6248 1969
6249 3142
6250 1391
6251 1391
6252 1391
6253 1392
6254 1393
6255 1397
6256 1397
6257 1397
6258 2001
6259 1397
6260 1397
6261 1397
6262 1397
6263 1397
6264 2122
6265 2044
6266 2381
6267 2785
6268 1399
6269 1399
6270 1399
6271 1402
6272 1402
6273 1402
6274 1402
6275 1403
6276 1405
6277 1406
6278 1406
6279 1406
6280 1406
6281 3004
6282 1408
6283 1408
6284 1408
6285 3109
6286 3197
6287 1891
6288 1411
6289 1411
6290 1411
6291 1411
6292 1639
6293 1414
6294 3119
6295 1498
6296 1422
6297 3153
6298 2648
6299 1422
6300 3250
6301 1994
6302 1726
6303 1422
6304 1422
6305 3053
6306 1601
6307 1422
6308 1422
6309 1422
6310 1422
6311 1422
6312 1422
6313 1422
6314 1422
6315 1422
6316 1422
6317 1422
6318 1422
6319 1422
6320 1422
6321 1422
6322 3319
6323 1425
6324 1425
6325 1806
6326 1425
6327 1425
6328 1425
6329 1425
6330 1425
6331 1425
6332 1762
6333 2352
6334 1429
6335 1430
6336 1431
6337 1431
6338 1432
6339 3125
6340 1432
6341 1432
6342 1435
6343 1437
6344 1437
6345 1437
6346 1564
6347 1438
6348 1438
6349 1438
6350 1438
6351 2098
6352 2756
6353 1443
6354 1465
6355 1443
6356 1443
6357 2839
6358 1995
6359 2784
6360 1657
6361 1443
6362 1709
6363 2924
6364 1446
6365 1446
6366 1447
6367 1884
6368 1447
6369 1447
6370 1523
6371 1518
6372 1447
6373 1447
6374 1447
6375 1447
6376 2060
6377 1447
6378 1447
6379 1561
6380 1447
6381 1447
6382 1447
6383 2760
6384 1920
6385 1447
6386 2085
6387 2106
6388 1447
6389 1447
6390 2914
6391 2620
6392 1447
6393 1447
6394 1447
6395 1447
6396 1447
6397 1830
6398 1447
6399 1447
6400 2521
6401 1447
6402 1447
6403 1447
6404 3243
6405 1447
6406 1447
6407 1908
6408 3238
6409 1449
6410 1449
6411 1449
6412 1917
6413 3136
6414 2430
6415 1457
6416 1457
6417 1458
6418 2415
6419 1460
6420 1460
6421 1462
6422 1463
6423 1465
6424 2408
6425 1465
6426 1468
6427 1468
6428 1468
6429 1468
6430 1468
6431 2101
6432 1469
6433 1473
6434 1473
6435 1474
6436 1628
6437 1474
6438 1474
6439 1474
6440 3007
6441 1474
6442 2691
6443 3060
6444 1474
6445 1474
6446 1474
6447 1474
6448 1474
6449 1474
6450 1474
6451 2740
6452 1474
6453 1474
6454 1598
6455 2391
6456 2362
6457 2056
6458 1474
6459 1474
6460 1474
6461 1531
6462 1474
6463 2603
6464 1474
6465 1474
6466 2801
6467 1569
6468 1474
6469 1474
6470 1474
6471 2827
6472 2875
6473 1474
6474 2025
6475 2012
6476 1474
6477 1474
6478 3056
6479 1474
6480 1474
6481 1474
6482 1752
6483 1474
6484 1474
6485 1474
6486 1476
6487 3013
6488 1476
6489 1477
6490 2927
6491 3094
6492 1483
6493 1484
6494 1485
6495 1683
6496 2087
6497 2358
6498 1485
6499 1485
6500 2296
6501 3032
6502 1487
6503 1487
6504 2588
6505 2962
6506 1666
6507 1488
6508 2334
6509 1488
6510 1488
6511 1488
6512 1489
6513 1489
6514 1489
6515 1489
6516 1489
6517 1489
6518 1489
6519 1489
6520 2040
6521 1489
6522 2199
6523 1489
6524 2569
6525 1489
6526 1489
6527 1489
6528 1489
6529 1489
6530 1489
6531 1489
6532 1489
6533 3019
6534 1489
6535 1489
6536 1489
6537 1489
6538 1489
6539 1489
6540 2614
6541 1489
6542 1489
6543 1489
6544 2601
6545 1489
6546 1836
6547 1489
6548 1489
6549 3185
6550 1489
6551 1489
6552 1489
6553 1763
6554 1489
6555 1868
6556 1489
6557 2121
6558 2494
6559 2776
6560 1490
6561 1490
6562 2095
6563 2951
6564 1491
6565 1687
6566 1491
6567 1491
6568 1491
6569 1491
6570 1491
6571 1491
6572 2728
6573 1491
6574 1491
6575 1491
6576 1492
6577 1492
6578 1494
6579 1494
6580 1494
6581 3021
6582 1494
6583 3253
6584 1514
6585 1496
6586 2344
6587 1500
6588 1500
6589 1500
6590 2880
6591 1500
6592 1502
6593 2636
6594 1503
6595 1722
6596 1505
6597 1678
6598 1890
6599 1505
6600 1506
6601 1506
6602 1509
6603 1509
6604 2324
6605 1952
6606 1509
6607 1509
6608 1509
6609 1509
6610 3132
6611 2259
6612 1509
6613 1509
6614 1509
6615 1509
6616 1509
6617 1509
6618 1509
6619 2147
6620 1509
6621 1509
6622 1509
6623 1509
6624 1509
6625 1509
6626 3052
6627 1509
6628 2913
6629 1509
6630 1509
6631 1655
6632 1509
6633 1509
6634 1509
6635 1509
6636 1509
6637 1509
6638 1509
6639 1509
6640 1509
6641 2130
6642 1509
6643 1509
6644 1509
6645 1509
6646 1509
6647 1513
6648 1515
6649 1515
6650 1515
6651 2163
6652 1516
6653 1517
6654 1517
6655 1517
6656 1698
6657 3298
6658 1517
6659 1517
6660 1517
6661 2171
6662 2584
6663 1517
6664 1587
6665 1747
6666 2144
6667 1522
6668 1522
6669 1523
6670 1523
6671 1523
6672 2561
6673 1528
6674 1528
6675 1528
6676 1530
6677 1531
6678 1532
6679 1532
6680 2080
6681 1538
6682 1539
6683 1539
6684 2976
6685 2167
6686 1541
6687 2551
6688 1542
6689 1544
6690 2595
6691 2377
6692 2307
6693 1881
6694 2067
6695 1544
6696 1544
6697 1544
6698 2907
6699 2695
6700 2461
6701 1544
6702 1544
6703 2786
6704 1618
6705 1597
6706 1544
6707 1545
6708 1545
6709 2734
6710 1546
6711 1546
6712 1546
6713 1546
6714 3084
6715 1546
6716 1886
6717 1547
6718 1547
6719 2918
6720 2721
6721 2231
6722 1547
6723 1549
6724 1550
6725 1550
6726 1551
6727 1552
6728 2425
6729 1552
6730 1552
6731 1552
6732 2674
6733 3190
6734 1552
6735 1552
6736 2345
6737 1552
6738 1552
6739 1552
6740 1552
6741 1777
6742 1958
6743 2488
6744 1552
6745 1552
6746 1554
6747 1554
6748 1554
6749 1554
6750 2625
6751 1556
6752 1556
6753 1556
6754 1556
6755 1559
6756 1560
6757 1560
6758 2410
6759 1560
6760 1560
6761 1560
6762 3017
6763 3251
6764 3311
6765 1560
6766 1560
6767 1560
6768 2675
6769 1562
6770 2349
6771 1562
6772 3059
6773 3010
6774 1562
6775 1562
6776 1563
6777 1563
6778 1563
6779 1564
6780 1566
6781 1566
6782 1569
6783 2933
6784 1572
6785 1569
6786 1571
6787 1572
6788 1572
6789 1572
6790 1627
6791 3180
6792 1574
6793 1980
6794 2078
6795 1575
6796 1575
6797 1816
6798 1575
6799 1575
6800 1575
6801 1576
6802 1576
6803 1576
6804 1576
6805 1577
6806 1579
6807 1580
6808 1580
6809 1580
6810 1580
6811 1580
6812 1580
6813 1580
6814 3307
6815 2645
6816 1582
6817 1582
6818 1582
6819 2658
6820 1582
6821 3181
6822 1582
6823 2995
6824 1584
6825 1584
6826 2048
6827 1585
6828 2715
6829 1588
6830 1588
6831 1588
6832 1588
6833 1592
6834 1592
6835 2273
6836 1595
6837 1595
6838 1810
6839 1596
6840 1599
6841 1600
6842 1601
6843 1606
6844 1608
6845 1609
6846 1609
6847 1877
6848 2046
6849 1610
6850 2527
6851 1610
6852 2877
6853 1610
6854 2172
6855 1610
6856 1610
6857 1610
6858 1610
6859 1610
6860 1610
6861 1610
6862 1610
6863 1610
6864 1610
6865 1611
6866 1611
6867 1611
6868 1612
6869 1613
6870 2560
6871 1615
6872 1615
6873 1615
6874 1615
6875 2062
6876 1732
6877 1620
6878 1620
6879 1620
6880 1621
6881 2966
6882 1625
6883 1625
6884 2470
6885 2175
6886 1626
6887 1626
6888 2152
6889 1626
6890 1630
6891 1630
6892 1630
6893 3124
6894 1668
6895 1635
6896 1883
6897 1635
6898 1636
6899 2859
6900 1642
6901 2165
6902 1643
6903 1643
6904 1643
6905 1645
6906 3171
6907 2711
6908 1647
6909 2241
6910 1650
6911 1650
6912 2708
6913 1650
6914 1650
6915 1650
6916 1652
6917 1652
6918 1652
6919 1652
6920 1652
6921 1652
6922 3096
6923 1652
6924 1652
6925 1652
6926 1653
6927 1654
6928 1654
6929 1655
6930 1655
6931 1655
6932 1655
6933 1660
6934 1662
6935 2992
6936 1663
6937 1665
6938 1665
6939 1665
6940 1802
6941 1965
6942 1668
6943 1668
6944 2929
6945 1669
6946 1670
6947 2338
6948 1671
6949 2330
6950 2437
6951 2844
6952 3028
6953 1678
6954 1678
6955 1678
6956 1678
6957 1678
6958 1678
6959 1682
6960 1682
6961 1685
6962 1797
6963 1942
6964 1692
6965 1698
6966 1698
6967 1700
6968 1701
6969 1701
6970 1701
6971 1701
6972 2262
6973 1701
6974 2863
6975 1701
6976 2473
6977 2889
6978 1701
6979 1703
6980 1703
6981 1748
6982 1703
6983 1703
6984 1703
6985 1705
6986 3247
6987 1706
6988 1706
6989 2124
6990 1706
6991 1706
6992 3121
6993 1706
6994 1709
6995 2384
6996 1711
6997 1711
6998 1715
6999 1715
7000 1717
7001 1722
7002 1723
7003 1723
7004 1724
7005 1726
7006 1728
7007 3039
7008 1731
7009 1731
7010 1731
7011 1732
7012 1732
7013 1732
7014 1733
7015 2043
7016 1734
7017 2808
7018 1734
7019 1734
7020 1734
7021 1734
7022 1734
7023 2508
7024 1738
7025 1738
7026 1738
7027 1798
7028 1738
7029 1738
7030 2013
7031 1738
7032 1929
7033 2209
7034 2248
7035 1738
7036 1738
7037 1738
7038 1739
7039 1739
7040 1741
7041 1741
7042 1742
7043 1742
7044 1983
7045 1742
7046 1814
7047 2200
7048 1742
7049 1742
7050 1742
7051 1743
7052 1745
7053 1745
7054 2309
7055 1746
7056 2214
7057 1746
7058 1746
7059 1746
7060 1746
7061 1746
7062 1746
7063 1747
7064 1748
7065 1750
7066 1750
7067 1750
7068 1752
7069 1752
7070 1753
7071 1754
7072 1755
7073 3156
7074 1756
7075 1756
7076 2487
7077 1759
7078 2548
7079 3161
7080 1951
7081 1760
7082 1760
7083 1761
7084 1762
7085 1764
7086 1764
7087 1768
7088 2271
7089 2700
7090 1768
7091 1768
7092 1768
7093 2662
7094 1768
7095 1768
7096 1770
7097 2019
7098 1771
7099 1771
7100 2817
7101 1820
7102 3103
7103 1774
7104 1774
7105 1775
7106 2436
7107 1953
7108 1776
7109 1776
7110 1778
7111 1783
7112 1785
7113 1785
7114 1786
7115 1786
7116 1786
7117 1786
7118 1786
7119 1786
7120 1786
7121 1786
7122 1786
7123 2093
7124 1787
7125 1787
7126 1787
7127 1787
7128 2899
7129 1788
7130 1788
7131 1788
7132 2258
7133 1828
7134 2201
7135 1790
7136 2969
7137 1791
7138 1794
7139 1794
7140 2162
7141 1797
7142 1800
7143 1800
7144 1800
7145 2386
7146 1804
7147 1806
7148 2534
7149 1807
7150 1808
7151 1808
7152 1808
7153 1809
7154 1809
7155 1810
7156 1812
7157 1812
7158 3309
7159 3044
7160 2731
7161 1816
7162 2747
7163 1816
7164 1818
7165 1818
7166 1818
7167 1820
7168 1823
7169 2949
7170 2207
7171 1823
7172 1823
7173 1823
7174 1823
7175 1823
7176 1823
7177 2635
7178 3233
7179 1823
7180 1823
7181 1823
7182 1823
7183 1824
7184 1824
7185 3296
7186 1824
7187 1825
7188 1826
7189 1826
7190 1826
7191 1826
7192 2116
7193 1828
7194 1829
7195 1829
7196 2382
7197 1831
7198 1831
7199 1831
7200 1831
7201 2113
7202 1831
7203 1831
7204 2123
7205 1831
7206 1831
7207 1946
7208 2833
7209 2380
7210 3313
7211 1832
7212 1832
7213 1837
7214 1837
7215 1838
7216 1838
7217 1838
7218 1838
7219 1838
7220 1839
7221 1841
7222 1841
7223 1842
7224 1842
7225 1842
7226 1844
7227 1845
7228 1846
7229 1846
7230 2247
7231 1847
7232 1848
7233 2651
7234 1850
7235 1850
7236 1850
7237 1850
7238 1850
7239 1850
7240 1850
7241 1850
7242 1851
7243 3198
7244 2574
7245 1858
7246 2795
7247 1858
7248 3263
7249 1862
7250 1862
7251 1862
7252 1863
7253 2670
7254 1863
7255 2223
7256 1989
7257 1868
7258 2236
7259 2714
7260 1871
7261 1872
7262 3283
7263 1872
7264 1872
7265 2713
7266 1872
7267 1872
7268 1872
7269 2114
7270 1919
7271 1880
7272 1880
7273 2099
7274 1881
7275 1882
7276 1885
7277 1886
7278 1886
7279 1986
7280 1888
7281 1889
7282 1890
7283 1890
7284 1891
7285 1891
7286 1891
7287 1895
7288 1896
7289 2912
7290 1898
7291 1898
7292 1898
7293 1898
7294 1899
7295 1899
7296 2257
7297 2516
7298 1899
7299 1899
7300 2159
7301 1899
7302 1899
7303 1899
7304 1962
7305 1899
7306 1899
7307 1899
7308 1899
7309 1899
7310 1899
7311 1899
7312 2529
7313 1899
7314 2435
7315 1899
7316 1899
7317 1899
7318 1899
7319 1899
7320 1899
7321 1899
7322 1899
7323 1899
7324 1899
7325 1899
7326 3036
7327 1899
7328 1899
7329 1899
7330 2483
7331 1899
7332 2512
7333 1899
7334 1899
7335 1899
7336 1899
7337 1899
7338 1899
7339 1899
7340 1899
7341 1899
7342 2403
7343 1899
7344 1899
7345 2758
7346 1899
7347 3078
7348 1899
7349 1899
7350 1899
7351 1899
7352 1899
7353 1998
7354 2998
7355 1903
7356 2329
7357 1906
7358 1906
7359 1906
7360 1908
7361 2606
7362 1909
7363 1909
7364 1909
7365 2540
7366 1917
7367 2831
7368 2360
7369 1918
7370 1918
7371 1918
7372 1918
7373 1918
7374 1919
7375 3220
7376 1920
7377 1920
7378 2845
7379 3260
7380 1920
7381 1920
7382 1920
7383 1922
7384 1923
7385 1923
7386 1923
7387 1923
7388 1923
7389 1923
7390 1923
7391 1923
7392 1923
7393 1923
7394 1923
7395 1923
7396 1923
7397 2429
7398 1923
7399 3085
7400 1923
7401 1923
7402 1923
7403 1923
7404 1923
7405 1923
7406 3249
7407 1923
7408 1923
7409 1923
7410 1923
7411 1923
7412 2779
7413 1923
7414 1923
7415 1923
7416 2885
7417 1923
7418 1923
7419 1923
7420 1923
7421 1923
7422 1923
7423 1923
7424 1923
7425 1923
7426 1923
7427 3184
7428 1923
7429 1923
7430 1923
7431 1923
7432 1923
7433 1923
7434 1923
7435 1954
7436 1923
7437 1923
7438 1923
7439 1923
7440 1923
7441 1923
7442 2385
7443 1923
7444 1923
7445 1923
7446 1923
7447 1923
7448 1923
7449 2291
7450 1923
7451 1923
7452 2533
7453 2188
7454 1923
7455 1923
7456 1923
7457 2575
7458 1924
7459 1924
7460 1926
7461 2111
7462 1928
7463 1928
7464 1928
7465 1933
7466 1938
7467 1938
7468 1938
7469 1938
7470 2189
7471 2765
7472 1940
7473 1940
7474 1940
7475 1940
7476 1940
7477 3162
7478 1940
7479 1940
7480 2725
7481 1940
7482 3057
7483 1943
7484 1944
7485 1946
7486 1946
7487 1948
7488 1948
7489 1952
7490 1952
7491 1952
7492 1952
7493 1952
7494 1953
7495 1954
7496 1954
7497 1954
7498 1955
7499 2256
7500 2210
7501 1955
7502 2070
7503 1955
7504 1956
7505 1956
7506 1956
7507 2017
7508 1962
7509 1963
7510 1964
7511 1964
7512 2671
7513 3273
7514 2782
7515 1974
7516 1974
7517 2308
7518 1974
7519 1974
7520 1975
7521 3114
7522 1975
7523 1975
7524 1979
7525 2115
7526 1981
7527 2493
7528 1983
7529 1983
7530 1984
7531 1984
7532 1986
7533 1987
7534 1987
7535 1991
7536 3068
7537 2890
7538 1993
7539 1993
7540 2815
7541 1993
7542 1993
7543 1993
7544 2685
7545 2854
7546 3195
7547 2503
7548 2420
7549 1993
7550 1993
7551 1993
7552 1993
7553 1993
7554 2919
7555 2340
7556 1994
7557 2000
7558 2252
7559 2000
7560 2367
7561 2003
7562 2003
7563 2004
7564 2005
7565 2006
7566 2006
7567 2006
7568 2006
7569 2006
7570 2007
7571 2007
7572 2694
7573 2007
7574 2008
7575 2008
7576 2008
7577 2011
7578 2011
7579 2780
7580 2012
7581 2012
7582 2013
7583 2014
7584 2015
7585 2015
7586 2016
7587 2016
7588 2950
7589 2021
7590 2022
7591 2022
7592 2022
7593 2022
7594 2023
7595 2026
7596 3015
7597 2028
7598 2732
7599 2028
7600 2028
7601 2030
7602 2945
7603 2032
7604 2081
7605 2035
7606 3265
7607 2035
7608 2035
7609 3241
7610 2039
7611 2040
7612 2041
7613 2481
7614 2042
7615 2043
7616 2043
7617 2043
7618 2044
7619 2044
7620 2044
7621 2044
7622 2592
7623 2044
7624 2044
7625 2047
7626 2045
7627 2300
7628 2046
7629 2046
7630 2049
7631 2220
7632 2053
7633 3312
7634 2060
7635 2061
7636 2066
7637 2067
7638 2067
7639 2068
7640 2069
7641 2070
7642 2072
7643 2072
7644 2072
7645 2904
7646 2075
7647 2076
7648 2076
7649 2076
7650 2078
7651 2079
7652 2079
7653 2079
7654 2082
7655 2083
7656 2084
7657 2084
7658 2084
7659 2085
7660 2085
7661 2086
7662 2086
7663 2088
7664 2501
7665 2088
7666 2088
7667 2088
7668 2268
7669 2089
7670 2089
7671 2089
7672 2909
7673 2089
7674 3000
7675 2811
7676 2838
7677 2089
7678 2089
7679 2742
7680 2089
7681 2089
7682 2089
7683 2089
7684 2089
7685 2089
7686 3179
7687 2089
7688 2772
7689 2089
7690 2089
7691 3322
7692 2089
7693 2089
7694 2089
7695 2089
7696 2090
7697 2091
7698 2093
7699 2094
7700 2098
7701 2295
7702 2099
7703 2099
7704 2684
7705 2105
7706 3300
7707 3115
7708 2191
7709 2105
7710 2696
7711 2105
7712 2106
7713 2106
7714 2106
7715 2106
7716 2106
7717 2106
7718 2106
7719 2260
7720 2110
7721 2110
7722 2110
7723 2111
7724 2111
7725 2111
7726 2111
7727 2111
7728 2111
7729 2111
7730 2111
7731 2644
7732 2113
7733 2113
7734 2113
7735 2113
7736 2113
7737 2113
7738 2113
7739 2113
7740 2113
7741 2114
7742 2115
7743 3290
7744 2115
7745 3205
7746 2115
7747 2115
7748 2115
7749 2115
7750 2117
7751 2117
7752 2118
7753 2269
7754 2118
7755 2122
7756 2123
7757 2468
7758 2125
7759 2376
7760 2125
7761 2617
7762 2125
7763 2127
7764 2427
7765 2127
7766 2127
7767 2127
7768 2566
7769 2757
7770 2127
7771 2127
7772 2127
7773 2127
7774 2127
7775 2127
7776 2127
7777 2127
7778 2342
7779 2129
7780 2129
7781 2129
7782 2129
7783 2129
7784 3163
7785 2129
7786 2238
7787 2129
7788 2133
7789 2135
7790 2137
7791 2137
7792 2137
7793 2137
7794 2141
7795 2142
7796 2195
7797 2176
7798 3006
7799 2523
7800 2143
7801 2143
7802 2143
7803 3315
7804 2143
7805 2143
7806 2143
7807 2143
7808 2143
7809 2143
7810 2564
7811 2143
7812 2143
7813 2143
7814 2143
7815 2143
7816 2143
7817 2144
7818 2144
7819 2144
7820 2144
7821 2183
7822 2144
7823 2144
7824 2144
7825 2144
7826 2144
7827 2744
7828 2144
7829 2198
7830 2144
7831 2788
7832 2145
7833 2145
7834 2145
7835 2146
7836 2146
7837 2169
7838 2148
7839 2148
7840 2148
7841 2149
7842 2150
7843 3148
7844 2155
7845 2157
7846 3079
7847 2160
7848 2160
7849 2800
7850 2161
7851 2161
7852 2665
7853 2162
7854 2163
7855 2166
7856 2169
7857 2412
7858 2174
7859 2177
7860 2177
7861 2177
7862 2178
7863 2178
7864 2180
7865 2182
7866 2183
7867 2184
7868 2185
7869 2186
7870 3071
7871 2190
7872 2190
7873 2191
7874 2195
7875 2197
7876 2198
7877 2198
7878 2198
7879 2198
7880 2198
7881 2199
7882 2199
7883 2199
7884 2199
7885 2199
7886 2199
7887 2199
7888 2200
7889 2201
7890 2201
7891 2201
7892 2201
7893 2201
7894 2202
7895 2202
7896 2202
7897 2202
7898 2202
7899 2202
7900 2202
7901 2204
7902 3149
7903 2205
7904 2205
7905 2205
7906 2205
7907 2205
7908 2205
7909 2205
7910 2205
7911 2206
7912 2939
7913 2206
7914 2978
7915 2206
7916 2206
7917 2206
7918 2206
7919 2206
7920 2207
7921 2208
7922 2212
7923 2215
7924 2218
7925 2218
7926 2218
7927 2220
7928 2221
7929 2518
7930 2222
7931 2225
7932 2225
7933 2225
7934 2225
7935 2225
7936 2225
7937 2225
7938 2225
7939 2225
7940 2225
7941 2225
7942 2233
7943 2233
7944 2234
7945 2237
7946 2237
7947 2237
7948 2237
7949 2239
7950 2239
7951 2245
7952 2245
7953 2245
7954 2245
7955 2452
7956 2245
7957 2245
7958 2245
7959 2245
7960 2245
7961 2246
7962 2247
7963 2247
7964 2247
7965 2247
7966 2507
7967 2248
7968 2250
7969 2250
7970 2703
7971 2250
7972 2256
7973 2257
7974 2260
7975 2261
7976 2261
7977 2261
7978 2263
7979 2263
7980 2266
7981 2275
7982 2282
7983 3099
7984 2283
7985 2283
7986 2283
7987 2332
7988 2283
7989 2283
7990 2283
7991 2283
7992 2283
7993 2283
7994 2283
7995 2283
7996 3215
7997 2283
7998 2283
7999 2283
8000 2290
8001 2292
8002 2293
8003 2293
8004 2294
8005 2294
8006 2297
8007 3123
8008 2297
8009 2297
8010 2301
8011 2640
8012 2301
8013 2301
8014 2301
8015 2356
8016 2303
8017 2305
8018 2305
8019 2305
8020 2306
8021 2767
8022 2307
8023 2307
8024 2308
8025 2311
8026 2311
8027 3138
8028 2311
8029 2311
8030 2313
8031 2313
8032 2682
8033 2314
8034 2314
8035 2314
8036 2314
8037 2314
8038 2314
8039 2314
8040 2495
8041 2893
8042 2317
8043 2317
8044 2317
8045 2348
8046 3168
8047 2317
8048 2317
8049 2317
8050 2552
8051 2871
8052 3252
8053 2324
8054 2324
8055 2324
8056 2324
8057 2324
8058 2324
8059 2324
8060 2326
8061 2329
8062 2329
8063 2331
8064 2542
8065 2332
8066 2332
8067 2332
8068 2333
8069 3211
8070 2333
8071 2333
8072 2333
8073 2390
8074 2334
8075 2952
8076 2335
8077 2335
8078 2336
8079 2337
8080 2338
8081 2338
8082 2341
8083 2937
8084 2341
8085 2341
8086 2341
8087 2341
8088 2342
8089 2344
8090 2344
8091 2344
8092 2344
8093 2344
8094 2824
8095 2344
8096 2344
8097 2344
8098 2344
8099 2344
8100 2344
8101 2344
8102 2344
8103 2344
8104 2344
8105 2344
8106 2344
8107 2344
8108 2344
8109 2344
8110 2344
8111 2344
8112 2344
8113 2344
8114 2344
8115 2348
8116 2348
8117 2348
8118 2348
8119 2351
8120 3101
8121 2352
8122 2352
8123 2352
8124 2352
8125 2352
8126 2353
8127 2353
8128 2353
8129 3257
8130 2353
8131 2357
8132 2358
8133 2361
8134 2362
8135 2558
8136 2363
8137 2363
8138 2363
8139 2364
8140 2404
8141 2364
8142 2365
8143 2366
8144 2367
8145 2443
8146 2367
8147 2367
8148 2367
8149 2370
8150 3139
8151 2370
8152 2371
8153 2371
8154 2372
8155 2372
8156 2448
8157 2372
8158 2374
8159 2374
8160 2376
8161 2377
8162 2378
8163 2562
8164 2380
8165 2381
8166 3080
8167 2384
8168 2384
8169 2384
8170 2384
8171 2384
8172 2384
8173 2384
8174 2384
8175 3203
8176 2386
8177 2386
8178 2386
8179 2386
8180 2386
8181 2386
8182 2386
8183 2706
8184 2386
8185 2386
8186 2386
8187 2386
8188 2386
8189 2386
8190 2386
8191 2386
8192 2386
8193 2386
8194 3129
8195 2386
8196 2867
8197 2386
8198 2386
8199 2386
8200 2386
8201 2386
8202 2386
8203 2386
8204 2386
8205 2386
8206 2386
8207 3102
8208 2386
8209 2621
8210 2386
8211 2485
8212 3236
8213 2654
8214 2386
8215 2386
8216 2386
8217 2386
8218 2386
8219 2386
8220 2386
8221 2388
8222 2388
8223 2388
8224 2388
8225 2388
8226 2525
8227 3090
8228 2388
8229 2388
8230 2388
8231 2389
8232 2390
8233 2391
8234 2391
8235 2391
8236 2519
8237 2394
8238 2394
8239 2421
8240 2394
8241 2397
8242 2874
8243 2399
8244 2399
8245 2399
8246 2399
8247 2399
8248 3040
8249 2400
8250 2402
8251 2404
8252 2404
8253 2404
8254 2405
8255 2405
8256 2405
8257 2405
8258 2405
8259 2405
8260 3264
8261 2405
8262 2406
8263 2407
8264 2408
8265 2408
8266 2408
8267 2408
8268 2408
8269 2409
8270 2411
8271 3067
8272 3255
8273 2413
8274 2413
8275 2415
8276 2416
8277 2417
8278 2419
8279 2419
8280 2421
8281 2421
8282 2422
8283 3033
8284 2602
8285 2422
8286 2422
8287 2422
8288 2422
8289 2422
8290 2422
8291 3177
8292 2427
8293 2428
8294 2428
8295 2428
8296 2428
8297 2554
8298 2428
8299 2428
8300 2428
8301 2428
8302 2428
8303 2429
8304 2429
8305 2429
8306 2430
8307 2862
8308 2430
8309 2431
8310 2431
8311 2435
8312 2436
8313 2436
8314 2436
8315 2436
8316 2436
8317 2437
8318 2437
8319 2437
8320 2437
8321 3217
8322 2437
8323 2437
8324 2437
8325 2437
8326 2437
8327 2438
8328 2439
8329 2441
8330 2443
8331 2443
8332 2843
8333 2443
8334 2922
8335 2443
8336 2443
8337 3072
8338 2443
8339 2443
8340 2444
8341 2905
8342 2445
8343 2490
8344 2445
8345 2445
8346 2445
8347 2445
8348 2445
8349 2445
8350 2445
8351 2448
8352 2448
8353 2448
8354 2448
8355 2448
8356 2448
8357 2448
8358 2448
8359 2750
8360 2449
8361 2449
8362 2449
8363 2450
8364 2819
8365 2666
8366 2471
8367 2453
8368 2453
8369 2453
8370 2454
8371 2454
8372 2454
8373 2454
8374 2454
8375 2454
8376 2454
8377 2454
8378 2455
8379 2456
8380 2456
8381 2985
8382 2456
8383 2456
8384 2456
8385 2456
8386 2459
8387 2460
8388 2463
8389 2724
8390 2461
8391 2461
8392 2464
8393 2464
8394 2464
8395 2464
8396 2464
8397 2464
8398 2464
8399 2464
8400 2464
8401 2464
8402 2464
8403 2464
8404 2464
8405 2464
8406 2464
8407 3223
8408 2464
8409 2464
8410 2464
8411 2464
8412 2464
8413 2464
8414 2755
8415 2464
8416 2464
8417 2653
8418 2464
8419 2549
8420 2464
8421 2464
8422 2464
8423 2565
8424 2464
8425 2464
8426 2464
8427 2716
8428 2464
8429 2465
8430 2876
8431 2466
8432 2466
8433 2466
8434 2466
8435 2470
8436 2470
8437 2473
8438 2473
8439 2479
8440 2479
8441 2513
8442 2485
8443 2485
8444 2487
8445 2487
8446 2487
8447 2487
8448 2487
8449 2488
8450 2489
8451 2490
8452 2490
8453 3001
8454 2490
8455 2490
8456 2490
8457 2490
8458 2490
8459 2490
8460 2490
8461 2493
8462 2493
8463 3178
8464 3009
8465 2500
8466 2504
8467 2505
8468 2508
8469 2508
8470 2508
8471 2508
8472 2840
8473 2509
8474 2509
8475 2511
8476 2511
8477 2994
8478 2511
8479 2511
8480 2511
8481 2511
8482 2511
8483 2511
8484 2622
8485 2513
8486 2513
8487 2513
8488 2513
8489 2513
8490 2513
8491 2513
8492 2513
8493 2516
8494 2516
8495 2518
8496 2519
8497 2521
8498 2521
8499 2521
8500 2521
8501 2524
8502 2525
8503 2897
8504 2528
8505 2528
8506 2528
8507 2528
8508 2531
8509 2532
8510 2532
8511 2533
8512 2533
8513 2534
8514 2535
8515 2537
8516 2537
8517 2537
8518 2980
8519 2537
8520 2537
8521 2537
8522 2537
8523 2537
8524 2537
8525 2537
8526 2537
8527 2537
8528 2624
8529 2539
8530 2540
8531 3206
8532 2544
8533 2549
8534 2942
8535 3106
8536 2836
8537 2551
8538 2551
8539 2551
8540 2557
8541 2558
8542 2561
8543 2561
8544 2563
8545 2563
8546 2563
8547 3116
8548 2738
8549 2678
8550 2567
8551 2568
8552 3134
8553 3118
8554 2568
8555 2568
8556 2915
8557 2568
8558 2568
8559 2894
8560 3208
8561 2568
8562 2568
8563 2568
8564 2568
8565 2569
8566 2569
8567 2569
8568 2841
8569 2570
8570 2572
8571 2572
8572 2572
8573 2577
8574 2578
8575 2578
8576 2578
8577 2580
8578 2580
8579 2580
8580 2580
8581 2580
8582 2580
8583 2581
8584 2581
8585 2581
8586 2581
8587 2581
8588 2581
8589 2582
8590 2590
8591 2590
8592 2590
8593 2590
8594 2590
8595 3083
8596 2590
8597 2590
8598 2590
8599 2590
8600 3002
8601 2593
8602 2593
8603 2595
8604 2597
8605 2598
8606 2599
8607 2599
8608 2599
8609 2600
8610 2600
8611 2600
8612 3130
8613 2601
8614 2603
8615 2689
8616 2604
8617 2604
8618 2604
8619 2604
8620 2606
8621 2606
8622 2608
8623 2612
8624 2613
8625 2613
8626 2613
8627 2613
8628 2614
8629 2614
8630 2615
8631 2618
8632 2622
8633 2622
8634 2623
8635 3183
8636 2623
8637 2624
8638 2624
8639 2641
8640 2625
8641 2626
8642 2628
8643 2628
8644 2628
8645 2628
8646 2628
8647 3299
8648 2628
8649 2630
8650 2630
8651 2630
8652 2631
8653 2636
8654 2639
8655 2640
8656 2641
8657 2642
8658 2642
8659 2642
8660 2886
8661 2642
8662 2642
8663 2642
8664 2643
8665 2643
8666 2644
8667 2644
8668 2644
8669 2644
8670 2645
8671 2647
8672 2647
8673 2650
8674 2653
8675 2653
8676 2653
8677 2653
8678 2653
8679 2653
8680 2653
8681 2653
8682 2653
8683 2653
8684 2653
8685 2654
8686 2654
8687 2654
8688 2654
8689 2654
8690 2654
8691 2654
8692 2654
8693 3276
8694 2654
8695 3301
8696 2657
8697 2659
8698 2659
8699 2659
8700 2659
8701 2659
8702 2659
8703 2659
8704 2659
8705 2659
8706 2659
8707 2659
8708 2659
8709 2659
8710 2659
8711 2659
8712 2659
8713 2659
8714 2661
8715 3023
8716 2661
8717 2663
8718 2663
8719 2663
8720 2664
8721 2664
8722 2664
8723 2664
8724 2664
8725 2664
8726 2665
8727 2667
8728 2668
8729 2668
8730 2672
8731 2673
8732 2675
8733 2675
8734 2677
8735 2677
8736 2677
8737 2678
8738 2679
8739 2679
8740 2679
8741 2679
8742 2679
8743 2679
8744 2745
8745 2680
8746 2681
8747 2682
8748 2682
8749 2719
8750 2682
8751 2683
8752 2683
8753 2683
8754 2683
8755 2683
8756 2683
8757 2683
8758 3100
8759 2683
8760 2683
8761 2683
8762 2683
8763 2684
8764 2684
8765 2685
8766 2686
8767 2686
8768 2686
8769 3224
8770 2690
8771 2690
8772 2691
8773 2691
8774 2692
8775 2693
8776 2693
8777 3200
8778 2693
8779 3245
8780 2693
8781 2693
8782 2693
8783 2693
8784 2693
8785 2693
8786 3314
8787 2693
8788 2693
8789 2693
8790 2693
8791 2693
8792 2696
8793 2699
8794 2699
8795 2701
8796 2701
8797 2703
8798 2703
8799 2704
8800 2856
8801 2705
8802 3051
8803 2705
8804 2705
8805 2705
8806 2706
8807 2708
8808 2709
8809 2710
8810 2711
8811 2712
8812 2715
8813 2715
8814 2719
8815 2720
8816 2723
8817 2723
8818 2940
8819 2723
8820 2727
8821 2730
8822 2730
8823 2730
8824 2733
8825 2734
8826 2738
8827 2738
8828 2738
8829 2738
8830 2738
8831 2738
8832 2738
8833 2738
8834 2738
8835 2742
8836 2742
8837 2742
8838 2742
8839 2743
8840 2743
8841 2746
8842 2746
8843 2746
8844 2746
8845 3172
8846 2746
8847 2746
8848 2746
8849 2748
8850 2972
8851 2748
8852 2749
8853 2749
8854 2749
8855 2751
8856 2751
8857 2753
8858 2753
8859 3126
8860 2753
8861 2753
8862 3210
8863 2754
8864 2754
8865 2755
8866 2755
8867 2763
8868 2821
8869 2755
8870 2755
8871 2755
8872 2755
8873 2755
8874 2755
8875 2794
8876 2755
8877 2755
8878 2755
8879 2755
8880 2755
8881 2835
8882 2755
8883 2755
8884 2755
8885 2755
8886 2977
8887 3147
8888 2758
8889 2758
8890 2758
8891 2758
8892 2758
8893 2758
8894 2759
8895 2759
8896 2759
8897 2760
8898 2760
8899 2760
8900 3176
8901 2765
8902 2765
8903 2812
8904 2765
8905 2765
8906 2765
8907 2765
8908 2765
8909 2766
8910 2768
8911 2770
8912 2770
8913 2770
8914 2770
8915 2771
8916 2773
8917 2773
8918 2774
8919 3091
8920 2775
8921 2776
8922 2776
8923 2776
8924 2776
8925 2813
8926 2778
8927 2781
8928 2784
8929 2784
8930 2786
8931 2787
8932 2787
8933 2787
8934 2789
8935 2789
8936 2790
8937 2790
8938 2790
8939 2790
8940 3232
8941 2792
8942 2795
8943 2795
8944 2795
8945 2795
8946 2795
8947 2795
8948 2795
8949 2795
8950 2795
8951 2795
8952 2795
8953 2795
8954 2795
8955 2795
8956 2795
8957 2795
8958 2797
8959 2797
8960 2797
8961 2799
8962 2799
8963 2799
8964 2799
8965 2799
8966 2799
8967 2799
8968 2800
8969 2800
8970 2803
8971 2803
8972 2803
8973 2803
8974 2803
8975 2803
8976 3306
8977 2803
8978 2803
8979 2803
8980 2804
8981 2805
8982 2807
8983 2807
8984 2808
8985 2810
8986 2810
8987 2810
8988 2811
8989 2811
8990 2811
8991 2811
8992 2811
8993 2811
8994 2811
8995 2811
8996 2891
8997 2811
8998 2811
8999 2826
9000 2811
9001 2812
9002 2812
9003 2812
9004 2812
9005 2812
9006 2814
9007 2814
9008 2817
9009 2817
9010 2817
9011 2817
9012 2817
9013 2817
9014 2817
9015 2888
9016 2817
9017 2817
9018 2817
9019 2944
9020 2817
9021 2817
9022 2817
9023 2817
9024 2817
9025 2817
9026 2817
9027 2817
9028 2817
9029 2817
9030 2817
9031 2817
9032 2817
9033 2817
9034 2817
9035 2817
9036 2817
9037 2817
9038 2817
9039 2817
9040 2817
9041 2817
9042 2817
9043 2817
9044 2817
9045 2817
9046 2817
9047 2817
9048 2817
9049 2817
9050 2817
9051 2817
9052 2817
9053 2817
9054 2817
9055 2817
9056 2817
9057 2817
9058 2817
9059 2817
9060 2817
9061 2817
9062 2817
9063 2817
9064 2817
9065 2817
9066 2817
9067 2817
9068 2817
9069 2817
9070 2817
9071 2817
9072 2817
9073 2817
9074 2817
9075 2817
9076 2817
9077 2936
9078 2817
9079 2817
9080 2817
9081 2817
9082 2817
9083 2817
9084 3041
9085 2817
9086 2817
9087 2817
9088 2817
9089 2817
9090 2817
9091 3164
9092 2817
9093 2817
9094 2988
9095 2818
9096 2818
9097 2818
9098 2818
9099 2818
9100 2818
9101 2818
9102 2818
9103 2818
9104 3310
9105 2818
9106 2818
9107 2818
9108 2818
9109 2818
9110 2820
9111 2821
9112 2821
9113 2822
9114 2825
9115 2826
9116 2826
9117 2826
9118 2826
9119 2826
9120 2827
9121 2827
9122 2828
9123 2828
9124 2829
9125 2830
9126 2830
9127 2830
9128 2831
9129 2831
9130 3169
9131 2834
9132 2836
9133 2836
9134 2836
9135 2836
9136 2836
9137 2836
9138 2836
9139 2836
9140 2836
9141 2836
9142 2836
9143 2836
9144 2836
9145 2836
9146 2836
9147 2838
9148 2838
9149 2839
9150 2841
9151 2841
9152 3050
9153 3117
9154 2841
9155 2841
9156 2841
9157 2906
9158 2841
9159 2841
9160 2841
9161 2841
9162 2841
9163 2841
9164 2997
9165 2841
9166 2841
9167 2841
9168 2841
9169 2841
9170 2841
9171 2841
9172 2841
9173 2843
9174 2843
9175 2853
9176 2853
9177 2853
9178 2853
9179 3150
9180 2860
9181 2860
9182 2860
9183 2860
9184 2860
9185 2861
9186 2861
9187 2861
9188 2861
9189 2861
9190 2861
9191 2862
9192 2863
9193 2863
9194 2863
9195 2863
9196 2863
9197 2863
9198 2863
9199 2865
9200 2869
9201 2869
9202 3082
9203 2869
9204 2872
9205 2928
9206 2872
9207 2872
9208 2872
9209 2872
9210 2872
9211 2872
9212 2872
9213 2873
9214 2873
9215 2873
9216 2873
9217 2873
9218 2873
9219 2873
9220 2873
9221 2874
9222 2874
9223 2874
9224 2874
9225 2874
9226 3321
9227 2874
9228 2874
9229 2874
9230 2874
9231 2874
9232 2874
9233 2874
9234 2874
9235 2874
9236 2874
9237 2874
9238 2874
9239 2874
9240 2874
9241 2874
9242 2874
9243 2874
9244 2877
9245 2991
9246 2880
9247 2880
9248 2881
9249 2881
9250 2881
9251 2911
9252 2882
9253 2882
9254 2882
9255 2882
9256 2884
9257 2886
9258 2887
9259 2889
9260 2889
9261 3226
9262 2892
9263 2892
9264 2892
9265 2892
9266 2892
9267 2892
9268 2892
9269 2892
9270 2892
9271 2892
9272 2893
9273 2894
9274 2897
9275 2898
9276 2900
9277 2902
9278 3288
9279 2903
9280 3020
9281 2903
9282 2906
9283 2908
9284 2908
9285 2911
9286 2916
9287 2916
9288 2916
9289 3144
9290 2916
9291 2917
9292 2917
9293 2917
9294 2917
9295 2917
9296 2919
9297 2921
9298 2921
9299 2921
9300 2921
9301 2921
9302 2922
9303 2922
9304 2922
9305 2922
9306 2922
9307 2922
9308 2922
9309 2922
9310 2922
9311 2922
9312 2922
9313 2922
9314 2922
9315 2922
9316 2922
9317 2922
9318 2922
9319 2922
9320 3152
9321 2922
9322 2922
9323 2922
9324 2922
9325 2922
9326 2922
9327 2922
9328 2922
9329 2922
9330 2922
9331 2922
9332 2922
9333 2922
9334 2922
9335 2941
9336 2922
9337 2922
9338 2922
9339 2922
9340 2922
9341 2922
9342 2922
9343 2922
9344 2922
9345 2922
9346 2922
9347 2922
9348 3302
9349 2922
9350 2922
9351 2922
9352 3092
9353 2922
9354 2924
9355 2925
9356 2925
9357 2926
9358 2930
9359 2930
9360 2930
9361 2930
9362 2930
9363 2930
9364 2932
9365 2934
9366 2934
9367 2934
9368 2934
9369 2934
9370 2934
9371 2934
9372 2961
9373 2934
9374 2934
9375 2934
9376 2934
9377 2934
9378 2934
9379 3146
9380 3199
9381 2937
9382 2937
9383 2937
9384 2939
9385 2939
9386 2941
9387 2941
9388 2941
9389 2942
9390 2942
9391 2942
9392 2942
9393 2942
9394 2942
9395 2942
9396 2942
9397 2942
9398 2942
9399 2942
9400 2942
9401 2942
9402 2942
9403 2942
9404 2942
9405 2942
9406 2942
9407 2942
9408 2942
9409 2942
9410 2942
9411 2942
9412 2942
9413 2942
9414 2942
9415 2942
9416 2942
9417 2942
9418 2942
9419 2942
9420 2942
9421 2942
9422 3287
9423 2942
9424 2942
9425 2942
9426 2942
9427 2942
9428 2942
9429 2942
9430 2983
9431 2944
9432 2944
9433 2944
9434 2944
9435 2944
9436 2944
9437 2944
9438 2944
9439 3112
9440 2944
9441 2944
9442 2944
9443 2946
9444 2946
9445 2946
9446 2946
9447 2948
9448 2967
9449 2948
9450 2948
9451 2948
9452 2948
9453 2948
9454 2948
9455 2948
9456 2948
9457 2948
9458 2949
9459 2951
9460 2952
9461 2952
9462 2952
9463 2952
9464 2952
9465 2954
9466 2956
9467 2957
9468 2958
9469 2958
9470 2958
9471 2961
9472 2962
9473 2962
9474 2962
9475 2963
9476 2968
9477 2970
9478 2974
9479 2978
9480 2979
9481 3239
9482 2979
9483 2979
9484 2979
9485 2979
9486 2979
9487 2979
9488 2979
9489 2979
9490 2979
9491 2979
9492 2982
9493 2985
9494 2985
9495 2985
9496 2985
9497 2985
9498 2985
9499 2985
9500 2987
9501 2987
9502 2990
9503 2991
9504 2991
9505 2991
9506 2995
9507 3111
9508 2995
9509 2995
9510 2995
9511 2995
9512 2995
9513 2995
9514 2995
9515 2995
9516 2996
9517 2998
9518 3001
9519 3001
9520 3001
9521 3001
9522 3005
9523 3006
9524 3007
9525 3007
9526 3009
9527 3009
9528 3009
9529 3011
9530 3011
9531 3012
9532 3127
9533 3014
9534 3017
9535 3017
9536 3017
9537 3017
9538 3017
9539 3017
9540 3022
9541 3022
9542 3025
9543 3025
9544 3025
9545 3025
9546 3025
9547 3025
9548 3025
9549 3025
9550 3026
9551 3026
9552 3026
9553 3026
9554 3026
9555 3026
9556 3026
9557 3230
9558 3028
9559 3030
9560 3031
9561 3031
9562 3031
9563 3031
9564 3031
9565 3031
9566 3031
9567 3131
9568 3031
9569 3031
9570 3031
9571 3031
9572 3031
9573 3031
9574 3032
9575 3032
9576 3032
9577 3032
9578 3032
9579 3033
9580 3034
9581 3034
9582 3035
9583 3036
9584 3037
9585 3037
9586 3037
9587 3038
9588 3038
9589 3038
9590 3040
9591 3040
9592 3040
9593 3040
9594 3040
9595 3041
9596 3041
9597 3042
9598 3042
9599 3046
9600 3051
9601 3051
9602 3051
9603 3057
9604 3059
9605 3062
9606 3064
9607 3064
9608 3064
9609 3065
9610 3065
9611 3065
9612 3065
9613 3065
9614 3065
9615 3065
9616 3065
9617 3065
9618 3065
9619 3065
9620 3068
9621 3069
9622 3069
9623 3069
9624 3069
9625 3069
9626 3069
9627 3069
9628 3071
9629 3071
9630 3071
9631 3072
9632 3077
9633 3079
9634 3079
9635 3079
9636 3087
9637 3090
9638 3090
9639 3090
9640 3090
9641 3090
9642 3093
9643 3093
9644 3095
9645 3095
9646 3095
9647 3095
9648 3099
9649 3101
9650 3101
9651 3102
9652 3102
9653 3103
9654 3103
9655 3106
9656 3106
9657 3107
9658 3111
9659 3111
9660 3111
9661 3111
9662 3114
9663 3115
9664 3115
9665 3116
9666 3118
9667 3120
9668 3120
9669 3120
9670 3120
9671 3120
9672 3121
9673 3121
9674 3121
9675 3123
9676 3123
9677 3123
9678 3123
9679 3123
9680 3123
9681 3125
9682 3126
9683 3126
9684 3126
9685 3126
9686 3126
9687 3126
9688 3127
9689 3209
9690 3129
9691 3129
9692 3131
9693 3131
9694 3131
9695 3131
9696 3131
9697 3136
9698 3136
9699 3136
9700 3136
9701 3136
9702 3136
9703 3138
9704 3138
9705 3138
9706 3297
9707 3138
9708 3138
9709 3138
9710 3259
9711 3138
9712 3139
9713 3139
9714 3139
9715 3139
9716 3141
9717 3143
9718 3153
9719 3153
9720 3154
9721 3155
9722 3156
9723 3157
9724 3157
9725 3163
9726 3163
9727 3163
9728 3164
9729 3164
9730 3164
9731 3174
9732 3164
9733 3164
9734 3164
9735 3164
9736 3164
9737 3164
9738 3164
9739 3164
9740 3164
9741 3165
9742 3165
9743 3165
9744 3165
9745 3169
9746 3170
9747 3173
9748 3173
9749 3235
9750 3173
9751 3173
9752 3174
9753 3175
9754 3175
9755 3175
9756 3176
9757 3177
9758 3177
9759 3178
9760 3178
9761 3180
9762 3180
9763 3181
9764 3181
9765 3181
9766 3181
9767 3181
9768 3185
9769 3186
9770 3186
9771 3187
9772 3187
9773 3188
9774 3188
9775 3188
9776 3188
9777 3188
9778 3188
9779 3188
9780 3188
9781 3188
9782 3188
9783 3189
9784 3189
9785 3189
9786 3189
9787 3190
9788 3190
9789 3190
9790 3190
9791 3190
9792 3192
9793 3192
9794 3197
9795 3198
9796 3200
9797 3200
9798 3200
9799 3200
9800 3200
9801 3200
9802 3205
9803 3205
9804 3205
9805 3205
9806 3205
9807 3205
9808 3205
9809 3205
9810 3205
9811 3205
9812 3205
9813 3205
9814 3205
9815 3205
9816 3205
9817 3205
9818 3205
9819 3205
9820 3205
9821 3205
9822 3205
9823 3205
9824 3205
9825 3210
9826 3210
9827 3210
9828 3267
9829 3214
9830 3215
9831 3244
9832 3215
9833 3215
9834 3217
9835 3217
9836 3220
9837 3222
9838 3222
9839 3222
9840 3222
9841 3222
9842 3229
9843 3229
9844 3229
9845 3229
9846 3230
9847 3231
9848 3232
9849 3232
9850 3232
9851 3234
9852 3236
9853 3239
9854 3240
9855 3241
9856 3243
9857 3243
9858 3243
9859 3244
9860 3244
9861 3244
9862 3244
9863 3244
9864 3257
9865 3257
9866 3257
9867 3257
9868 3257
9869 3257
9870 3259
9871 3259
9872 3259
9873 3259
9874 3260
9875 3261
9876 3262
9877 3263
9878 3264
9879 3265
9880 3265
9881 3267
9882 3267
9883 3267
9884 3267
9885 3267
9886 3268
9887 3272
9888 3272
9889 3272
9890 3273
9891 3273
9892 3273
9893 3273
9894 3275
9895 3281
9896 3281
9897 3283
9898 3289
9899 3290
9900 3290
9901 3293
9902 3294
9903 3294
9904 3294
9905 3294
9906 3294
9907 3294
9908 3294
9909 3294
9910 3294
9911 3294
9912 3294
9913 3294
9914 3294
9915 3294
9916 3294
9917 3295
9918 3295
9919 3295
9920 3295
9921 3298
9922 3299
9923 3302
9924 3302
9925 3302
9926 3302
9927 3302
9928 3303
9929 3303
9930 3304
9931 3306
9932 3306
9933 3306
9934 3307
9935 3310
9936 3310
9937 3317
9938 3320
9939 3320
9940 3323
9941 3323
9942 3323
9943 3323
9944 3323
9945 3323
9946 3323
9947 3323
9948 3323
9949 3323
9950 3323
9951 3323
9952 3323
9953 3323
9954 3323
9955 3323
9956 3323
9957 3323
9958 3323
9959 3323
9960 3323
9961 3323
9962 3323
9963 3323
9964 3323
9965 3323
9966 3323
9967 3323
9968 3323
9969 3323
9970 3323
9971 3323
9972 3323
9973 3323
9974 3323
9975 3323
9976 3323
9977 3323
9978 3323
9979 3323
9980 3323
9981 3323
9982 3323
9983 3323
9984 3323
9985 3323
9986 3323
9987 3323
9988 3323
9989 3323
9990 3323
9991 3323
9992 3323
9993 3323
9994 3323
9995 3323
9996 3323
9997 3323
9998 3323
9999 3323
