10000 9999
1 0
2 1
3 2
4 3
5 3
6 5
7 6
8 6
9 4
10 6
11 6
12 6
13 12
14 10
15 12
16 10
17 6
18 0
19 18
20 16
21 17
22 6
23 12
24 19
25 21
26 9
27 12
28 12
29 19
30 14
31 19
32 15
33 22
34 14
35 6
36 31
37 11
38 3
39 35
40 35
41 35
42 35
43 3
44 32
45 35
46 35
47 35
48 6
49 30
50 35
51 35
52 32
53 38
54 32
55 35
56 35
57 35
58 30
59 6
60 35
61 58
62 12
63 6
64 35
65 35
66 32
67 44
68 30
69 6
70 27
71 20
72 22
73 27
74 72
75 43
76 35
77 37
78 52
79 29
80 78
81 35
82 35
83 81
84 30
85 35
86 30
87 6
88 35
89 35
90 61
91 80
92 30
93 29
94 8
95 55
96 6
97 6
98 55
99 35
100 74
101 35
102 35
103 30
104 63
105 35
106 32
107 97
108 75
109 47
110 105
111 30
112 35
113 112
114 43
115 55
116 112
117 22
118 76
119 118
120 35
121 107
122 82
123 84
124 40
125 112
126 35
127 58
128 99
129 122
130 37
131 122
132 112
133 115
134 83
135 107
136 72
137 88
138 35
139 35
140 30
141 40
142 76
143 138
144 77
145 138
146 129
147 145
148 146
149 30
150 91
151 96
152 96
153 30
154 35
155 60
156 83
157 135
158 14
159 35
160 35
161 109
162 35
163 35
164 163
165 122
166 45
167 115
168 165
169 22
170 163
171 113
172 16
173 6
174 170
175 74
176 145
177 145
178 172
179 163
180 30
181 174
182 55
183 140
184 86
185 30
186 35
187 47
188 149
189 156
190 104
191 144
192 35
193 171
194 59
195 69
196 10
197 168
198 178
199 44
200 171
201 156
202 183
203 35
204 125
205 132
206 157
207 8
208 162
209 55
210 174
211 97
212 35
213 143
214 113
215 25
216 59
217 164
218 110
219 117
220 190
221 64
222 116
223 35
224 200
225 145
226 98
227 163
228 39
229 152
230 157
231 145
232 121
233 35
234 176
235 157
236 200
237 30
238 111
239 145
240 145
241 114
242 132
243 35
244 237
245 112
246 169
247 90
248 171
249 174
250 157
251 35
252 35
253 163
254 96
255 117
256 50
257 125
258 113
259 148
260 227
261 197
262 236
263 136
264 96
265 132
266 160
267 128
268 263
269 212
270 92
271 35
272 244
273 148
274 30
275 132
276 30
277 121
278 241
279 271
280 41
281 257
282 174
283 200
284 260
285 225
286 145
287 134
288 22
289 82
290 38
291 214
292 54
293 244
294 287
295 118
296 214
297 258
298 159
299 230
300 85
301 247
302 252
303 247
304 215
305 101
306 157
307 281
308 307
309 35
310 49
311 176
312 94
313 253
314 299
315 260
316 63
317 230
318 261
319 173
320 230
321 287
322 238
323 55
324 306
325 288
326 298
327 316
328 244
329 246
330 143
331 157
332 27
333 34
334 233
335 308
336 30
337 190
338 229
339 287
340 143
341 336
342 318
343 145
344 332
345 174
346 282
347 214
348 262
349 174
350 174
351 55
352 290
353 339
354 145
355 251
356 228
357 352
358 312
359 310
360 354
361 237
362 177
363 350
364 136
365 350
366 318
367 236
368 58
369 200
370 97
371 300
372 219
373 293
374 12
375 23
376 290
377 180
378 211
379 339
380 115
381 63
382 349
383 208
384 40
385 157
386 298
387 22
388 122
389 375
390 175
391 256
392 284
393 105
394 300
395 146
396 145
397 151
398 351
399 365
400 227
401 273
402 246
403 32
404 327
405 318
406 186
407 145
408 293
409 351
410 55
411 377
412 238
413 311
414 42
415 298
416 143
417 283
418 216
419 401
420 345
421 138
422 282
423 293
424 237
425 293
426 236
427 182
428 198
429 163
430 121
431 206
432 113
433 414
434 145
435 414
436 400
437 79
438 401
439 236
440 357
441 277
442 62
443 253
444 181
445 319
446 419
447 163
448 297
449 58
450 378
451 434
452 397
453 53
454 12
455 118
456 174
457 432
458 30
459 57
460 361
461 278
462 71
463 35
464 141
465 454
466 256
467 340
468 404
469 145
470 122
471 75
472 361
473 340
474 469
475 401
476 214
477 256
478 339
479 298
480 55
481 478
482 40
483 30
484 447
485 229
486 244
487 178
488 340
489 448
490 35
491 147
492 158
493 487
494 309
495 209
496 339
497 344
498 389
499 490
500 8
501 370
502 230
503 414
504 474
505 301
506 486
507 420
508 227
509 469
510 150
511 326
512 224
513 256
514 362
515 54
516 27
517 474
518 131
519 405
520 67
521 174
522 436
523 317
524 440
525 500
526 309
527 486
528 157
529 230
530 249
531 321
532 476
533 347
534 76
535 520
536 130
537 402
538 35
539 153
540 405
541 394
542 541
543 515
544 472
545 354
546 143
547 35
548 344
549 328
550 298
551 30
552 332
553 469
554 398
555 265
556 343
557 469
558 469
559 202
560 112
561 123
562 467
563 13
564 416
565 121
566 469
567 32
568 35
569 377
570 288
571 438
572 519
573 496
574 274
575 486
576 339
577 145
578 197
579 387
580 407
581 179
582 301
583 213
584 338
585 338
586 472
587 311
588 494
589 562
590 358
591 569
592 469
593 469
594 29
595 176
596 30
597 433
598 218
599 405
600 355
601 281
602 454
603 30
604 572
605 340
606 496
607 405
608 340
609 437
610 423
611 183
612 75
613 360
614 477
615 401
616 437
617 111
618 547
619 340
620 340
621 560
622 365
623 587
624 407
625 73
626 149
627 521
628 334
629 332
630 627
631 377
632 356
633 342
634 454
635 543
636 523
637 309
638 626
639 174
640 6
641 210
642 462
643 454
644 527
645 56
646 415
647 442
648 567
649 539
650 112
651 414
652 601
653 649
654 486
655 452
656 346
657 472
658 454
659 469
660 414
661 487
662 469
663 406
664 436
665 469
666 252
667 540
668 508
669 385
670 659
671 438
672 250
673 668
674 397
675 280
676 459
677 547
678 673
679 371
680 358
681 236
682 656
683 525
684 113
685 633
686 118
687 478
688 585
689 227
690 227
691 157
692 143
693 111
694 665
695 623
696 163
697 176
698 494
699 331
700 397
701 58
702 693
703 456
704 389
705 566
706 279
707 609
708 113
709 77
710 309
711 698
712 78
713 698
714 442
715 475
716 51
717 330
718 525
719 244
720 122
721 202
722 583
723 668
724 485
725 469
726 314
727 519
728 204
729 665
730 306
731 431
732 332
733 345
734 668
735 268
736 171
737 484
738 711
739 611
740 491
741 571
742 389
743 554
744 474
745 252
746 157
747 668
748 487
749 364
750 611
751 668
752 596
753 174
754 30
755 635
756 453
757 414
758 469
759 445
760 533
761 454
762 698
763 611
764 393
765 530
766 321
767 670
768 338
769 554
770 698
771 711
772 472
773 65
774 451
775 768
776 509
777 388
778 30
779 401
780 467
781 647
782 557
783 611
784 414
785 469
786 756
787 668
788 611
789 112
790 711
791 469
792 189
793 318
794 723
795 424
796 366
797 374
798 14
799 706
800 668
801 540
802 435
803 469
804 752
805 494
806 105
807 428
808 70
809 658
810 399
811 170
812 578
813 589
814 606
815 493
816 562
817 754
818 574
819 816
820 579
821 603
822 506
823 749
824 622
825 505
826 460
827 188
828 521
829 517
830 764
831 363
832 591
833 112
834 525
835 736
836 478
837 466
838 30
839 786
840 381
841 414
842 598
843 521
844 357
845 659
846 796
847 32
848 469
849 188
850 671
851 755
852 430
853 714
854 735
855 668
856 30
857 467
858 479
859 469
860 554
861 698
862 668
863 132
864 672
865 634
866 203
867 469
868 840
869 230
870 792
871 861
872 236
873 637
874 646
875 483
876 469
877 645
878 844
879 542
880 747
881 528
882 611
883 413
884 685
885 688
886 354
887 677
888 787
889 620
890 631
891 739
892 883
893 499
894 870
895 202
896 857
897 195
898 785
899 891
900 851
901 577
902 388
903 469
904 187
905 851
906 853
907 11
908 656
909 535
910 849
911 276
912 851
913 825
914 562
915 786
916 752
917 573
918 35
919 594
920 465
921 501
922 359
923 783
924 849
925 898
926 374
927 786
928 454
929 756
930 33
931 825
932 253
933 735
934 207
935 879
936 817
937 583
938 668
939 467
940 627
941 849
942 28
943 456
944 764
945 586
946 309
947 325
948 35
949 820
950 930
951 627
952 866
953 564
954 339
955 339
956 783
957 165
958 296
959 611
960 776
961 608
962 897
963 205
964 786
965 740
966 857
967 267
968 889
969 829
970 242
971 115
972 389
973 35
974 836
975 183
976 458
977 851
978 914
979 174
980 929
981 786
982 894
983 469
984 680
985 574
986 718
987 326
988 656
989 756
990 917
991 614
992 668
993 923
994 668
995 502
996 950
997 750
998 942
999 844
1000 521
1001 566
1002 652
1003 989
1004 494
1005 826
1006 785
1007 344
1008 857
1009 324
1010 940
1011 95
1012 934
1013 69
1014 845
1015 698
1016 309
1017 665
1018 793
1019 711
1020 741
1021 913
1022 220
1023 819
1024 525
1025 977
1026 611
1027 979
1028 989
1029 525
1030 977
1031 176
1032 248
1033 876
1034 332
1035 174
1036 527
1037 646
1038 611
1039 668
1040 382
1041 975
1042 422
1043 851
1044 425
1045 457
1046 800
1047 847
1048 611
1049 351
1050 953
1051 511
1052 218
1053 870
1054 698
1055 920
1056 664
1057 330
1058 888
1059 703
1060 758
1061 227
1062 972
1063 711
1064 824
1065 923
1066 35
1067 649
1068 983
1069 552
1070 1036
1071 247
1072 696
1073 729
1074 935
1075 765
1076 433
1077 955
1078 1036
1079 1064
1080 609
1081 494
1082 641
1083 405
1084 1062
1085 348
1086 290
1087 1034
1088 913
1089 627
1090 905
1091 556
1092 629
1093 342
1094 680
1095 1092
1096 888
1097 668
1098 668
1099 1069
1100 337
1101 871
1102 1098
1103 776
1104 174
1105 340
1106 866
1107 1008
1108 668
1109 340
1110 930
1111 1069
1112 361
1113 698
1114 454
1115 1061
1116 696
1117 965
1118 674
1119 377
1120 1030
1121 174
1122 769
1123 167
1124 414
1125 324
1126 358
1127 995
1128 137
1129 572
1130 411
1131 486
1132 539
1133 536
1134 1040
1135 668
1136 910
1137 852
1138 342
1139 529
1140 178
1141 963
1142 722
1143 967
1144 630
1145 1062
1146 593
1147 739
1148 583
1149 935
1150 232
1151 924
1152 962
1153 456
1154 601
1155 659
1156 668
1157 756
1158 841
1159 1062
1160 842
1161 524
1162 632
1163 1013
1164 1084
1165 1056
1166 816
1167 954
1168 899
1169 912
1170 985
1171 318
1172 1062
1173 888
1174 867
1175 29
1176 1094
1177 532
1178 937
1179 643
1180 335
1181 576
1182 758
1183 1055
1184 1124
1185 51
1186 520
1187 856
1188 1069
1189 894
1190 926
1191 912
1192 339
1193 798
1194 189
1195 377
1196 672
1197 1095
1198 912
1199 827
1200 112
1201 219
1202 849
1203 431
1204 600
1205 1013
1206 119
1207 1174
1208 611
1209 603
1210 1082
1211 265
1212 369
1213 807
1214 391
1215 721
1216 262
1217 525
1218 781
1219 957
1220 1062
1221 1015
1222 712
1223 1041
1224 854
1225 764
1226 507
1227 230
1228 713
1229 779
1230 1115
1231 851
1232 589
1233 983
1234 663
1235 1208
1236 1233
1237 739
1238 960
1239 748
1240 454
1241 1132
1242 708
1243 1062
1244 1063
1245 1062
1246 656
1247 637
1248 1069
1249 571
1250 1219
1251 867
1252 1062
1253 668
1254 1208
1255 610
1256 1061
1257 1254
1258 1028
1259 930
1260 891
1261 681
1262 624
1263 1240
1264 176
1265 1089
1266 412
1267 652
1268 51
1269 342
1270 518
1271 178
1272 133
1273 851
1274 1251
1275 1259
1276 1214
1277 1229
1278 377
1279 1259
1280 660
1281 582
1282 299
1283 1265
1284 1069
1285 286
1286 601
1287 1256
1288 245
1289 1069
1290 698
1291 879
1292 1080
1293 963
1294 1280
1295 668
1296 762
1297 979
1298 499
1299 970
1300 1062
1301 1029
1302 583
1303 1166
1304 1192
1305 554
1306 471
1307 668
1308 710
1309 730
1310 96
1311 450
1312 166
1313 1239
1314 993
1315 158
1316 794
1317 713
1318 878
1319 1069
1320 81
1321 1300
1322 118
1323 1281
1324 644
1325 472
1326 948
1327 711
1328 218
1329 541
1330 32
1331 1309
1332 1084
1333 823
1334 237
1335 931
1336 913
1337 854
1338 365
1339 103
1340 1287
1341 993
1342 669
1343 1234
1344 908
1345 930
1346 611
1347 949
1348 947
1349 849
1350 1204
1351 863
1352 1058
1353 417
1354 1235
1355 1317
1356 668
1357 1135
1358 947
1359 320
1360 945
1361 1214
1362 930
1363 1238
1364 1218
1365 1309
1366 673
1367 871
1368 851
1369 934
1370 725
1371 570
1372 947
1373 1234
1374 138
1375 614
1376 166
1377 75
1378 433
1379 1154
1380 851
1381 749
1382 1054
1383 1226
1384 668
1385 830
1386 1069
1387 469
1388 1234
1389 1314
1390 720
1391 947
1392 1234
1393 1179
1394 374
1395 1234
1396 164
1397 1349
1398 309
1399 157
1400 835
1401 851
1402 521
1403 1069
1404 888
1405 376
1406 1040
1407 227
1408 235
1409 1174
1410 1001
1411 698
1412 1205
1413 1218
1414 668
1415 1259
1416 218
1417 1394
1418 891
1419 1373
1420 1363
1421 334
1422 1234
1423 1067
1424 458
1425 1230
1426 711
1427 668
1428 1240
1429 269
1430 854
1431 885
1432 157
1433 1251
1434 1166
1435 401
1436 1383
1437 51
1438 1120
1439 847
1440 1183
1441 487
1442 681
1443 1181
1444 1281
1445 819
1446 1299
1447 1346
1448 1031
1449 980
1450 1123
1451 642
1452 1192
1453 1287
1454 665
1455 416
1456 735
1457 1024
1458 665
1459 1444
1460 713
1461 469
1462 550
1463 858
1464 486
1465 521
1466 92
1467 916
1468 1234
1469 454
1470 788
1471 438
1472 462
1473 304
1474 894
1475 30
1476 278
1477 1215
1478 1175
1479 1277
1480 711
1481 1294
1482 1169
1483 1062
1484 1100
1485 1427
1486 668
1487 979
1488 291
1489 611
1490 1382
1491 1265
1492 1306
1493 1061
1494 433
1495 454
1496 234
1497 734
1498 1427
1499 1432
1500 1288
1501 486
1502 843
1503 652
1504 1088
1505 1326
1506 867
1507 1099
1508 462
1509 454
1510 944
1511 854
1512 638
1513 1472
1514 244
1515 1458
1516 1268
1517 1069
1518 930
1519 819
1520 802
1521 377
1522 1281
1523 910
1524 1349
1525 987
1526 1521
1527 426
1528 305
1529 36
1530 927
1531 1228
1532 559
1533 350
1534 1318
1535 1490
1536 607
1537 666
1538 1211
1539 1490
1540 644
1541 1204
1542 994
1543 851
1544 157
1545 506
1546 892
1547 112
1548 947
1549 1393
1550 1052
1551 1254
1552 1212
1553 1485
1554 888
1555 1445
1556 396
1557 168
1558 332
1559 454
1560 35
1561 137
1562 1318
1563 1326
1564 1479
1565 97
1566 318
1567 35
1568 1240
1569 1326
1570 351
1571 1475
1572 294
1573 299
1574 1123
1575 1204
1576 1107
1577 849
1578 1076
1579 1409
1580 1146
1581 1475
1582 1565
1583 1490
1584 737
1585 292
1586 801
1587 525
1588 1062
1589 979
1590 190
1591 668
1592 1112
1593 1281
1594 1411
1595 918
1596 1486
1597 469
1598 728
1599 913
1600 1427
1601 469
1602 1347
1603 1341
1604 1243
1605 635
1606 802
1607 656
1608 377
1609 1075
1610 844
1611 845
1612 112
1613 972
1614 611
1615 541
1616 1000
1617 201
1618 1355
1619 1450
1620 854
1621 118
1622 1419
1623 318
1624 891
1625 1618
1626 846
1627 1434
1628 194
1629 1346
1630 1040
1631 402
1632 668
1633 405
1634 1496
1635 377
1636 849
1637 711
1638 639
1639 1509
1640 256
1641 1521
1642 107
1643 929
1644 494
1645 627
1646 1258
1647 1027
1648 601
1649 345
1650 891
1651 665
1652 559
1653 222
1654 1589
1655 237
1656 469
1657 825
1658 1401
1659 115
1660 185
1661 1043
1662 1500
1663 498
1664 611
1665 668
1666 1589
1667 445
1668 1114
1669 1496
1670 1427
1671 1496
1672 1570
1673 1182
1674 849
1675 255
1676 1193
1677 954
1678 380
1679 913
1680 1603
1681 1475
1682 487
1683 1174
1684 611
1685 1152
1686 467
1687 698
1688 1686
1689 515
1690 1644
1691 1684
1692 1266
1693 1654
1694 888
1695 851
1696 1125
1697 1013
1698 728
1699 820
1700 851
1701 386
1702 102
1703 1580
1704 1043
1705 1318
1706 575
1707 1377
1708 285
1709 455
1710 784
1711 1326
1712 1153
1713 1485
1714 784
1715 145
1716 1702
1717 1309
1718 1716
1719 740
1720 1299
1721 1475
1722 1114
1723 611
1724 257
1725 1057
1726 668
1727 1110
1728 809
1729 1564
1730 1166
1731 1303
1732 1256
1733 1572
1734 656
1735 1420
1736 1278
1737 752
1738 1636
1739 786
1740 1701
1741 499
1742 1380
1743 178
1744 1616
1745 1418
1746 773
1747 1181
1748 785
1749 1621
1750 1143
1751 1349
1752 350
1753 893
1754 1434
1755 1045
1756 1720
1757 1750
1758 611
1759 1376
1760 1256
1761 521
1762 722
1763 1666
1764 1463
1765 1265
1766 401
1767 1040
1768 472
1769 947
1770 1248
1771 1309
1772 548
1773 710
1774 143
1775 1186
1776 1166
1777 634
1778 1444
1779 261
1780 1467
1781 1620
1782 35
1783 1258
1784 1205
1785 1606
1786 1759
1787 592
1788 1300
1789 611
1790 1614
1791 875
1792 469
1793 1546
1794 1510
1795 339
1796 469
1797 764
1798 1618
1799 1620
1800 1382
1801 176
1802 1545
1803 1281
1804 218
1805 1757
1806 1458
1807 1128
1808 1607
1809 727
1810 933
1811 414
1812 97
1813 1717
1814 1507
1815 1564
1816 1040
1817 1062
1818 1766
1819 1652
1820 1154
1821 1716
1822 939
1823 668
1824 515
1825 1118
1826 862
1827 1813
1828 830
1829 1659
1830 1265
1831 1698
1832 1276
1833 1438
1834 1389
1835 111
1836 571
1837 1148
1838 1773
1839 1610
1840 1649
1841 1307
1842 1318
1843 1835
1844 1066
1845 1702
1846 963
1847 1672
1848 1105
1849 1531
1850 1156
1851 1661
1852 200
1853 958
1854 1238
1855 947
1856 1104
1857 1617
1858 1111
1859 1850
1860 987
1861 1477
1862 912
1863 1481
1864 844
1865 1729
1866 1069
1867 1599
1868 851
1869 621
1870 1786
1871 1702
1872 1562
1873 786
1874 1501
1875 1420
1876 121
1877 683
1878 568
1879 1090
1880 1052
1881 1607
1882 1163
1883 764
1884 1295
1885 930
1886 1463
1887 1360
1888 499
1889 1253
1890 1241
1891 812
1892 1636
1893 727
1894 1392
1895 1476
1896 360
1897 668
1898 1097
1899 1870
1900 568
1901 1347
1902 736
1903 362
1904 1453
1905 407
1906 467
1907 1894
1908 1204
1909 361
1910 1355
1911 377
1912 1702
1913 1366
1914 745
1915 947
1916 1839
1917 782
1918 1095
1919 1564
1920 176
1921 668
1922 1463
1923 787
1924 1292
1925 1504
1926 1603
1927 1509
1928 1570
1929 1107
1930 1566
1931 1373
1932 1062
1933 611
1934 515
1935 1066
1936 1689
1937 947
1938 1815
1939 1190
1940 1084
1941 1069
1942 163
1943 1383
1944 1862
1945 1129
1946 1796
1947 1186
1948 443
1949 1167
1950 1082
1951 1799
1952 1904
1953 1727
1954 1248
1955 1637
1956 1827
1957 1095
1958 1672
1959 171
1960 1521
1961 764
1962 1447
1963 345
1964 1620
1965 1368
1966 687
1967 1002
1968 237
1969 1633
1970 1069
1971 1458
1972 1618
1973 1662
1974 1621
1975 1040
1976 745
1977 427
1978 668
1979 1869
1980 575
1981 1457
1982 1864
1983 1650
1984 139
1985 1686
1986 469
1987 1348
1988 937
1989 562
1990 1069
1991 1793
1992 1517
1993 1506
1994 1880
1995 345
1996 1639
1997 1402
1998 912
1999 618
2000 615
2001 674
2002 1254
2003 494
2004 1827
2005 972
2006 662
2007 1484
2008 1326
2009 1507
2010 1668
2011 979
2012 145
2013 1069
2014 1835
2015 1309
2016 1636
2017 1456
2018 1468
2019 449
2020 1684
2021 1218
2022 482
2023 851
2024 1906
2025 1810
2026 1248
2027 609
2028 1938
2029 293
2030 2012
2031 1986
2032 1925
2033 1416
2034 1698
2035 1698
2036 1439
2037 756
2038 1775
2039 342
2040 1385
2041 916
2042 1995
2043 1868
2044 769
2045 1001
2046 1127
2047 838
2048 521
2049 1880
2050 668
2051 1000
2052 1911
2053 1435
2054 1194
2055 1447
2056 1462
2057 554
2058 1040
2059 767
2060 350
2061 930
2062 1159
2063 764
2064 809
2065 1593
2066 553
2067 1704
2068 1617
2069 1758
2070 764
2071 1427
2072 1906
2073 497
2074 1098
2075 1326
2076 1558
2077 1620
2078 744
2079 1847
2080 305
2081 1913
2082 1619
2083 1930
2084 528
2085 703
2086 1827
2087 357
2088 1822
2089 1672
2090 1548
2091 1906
2092 1407
2093 1420
2094 1620
2095 1610
2096 1741
2097 851
2098 1177
2099 777
2100 225
2101 2070
2102 715
2103 1272
2104 787
2105 1639
2106 948
2107 1606
2108 1883
2109 1795
2110 976
2111 183
2112 1434
2113 1813
2114 668
2115 1340
2116 715
2117 1880
2118 668
2119 664
2120 422
2121 698
2122 228
2123 1947
2124 1620
2125 1620
2126 1834
2127 1603
2128 656
2129 1240
2130 252
2131 1620
2132 711
2133 1286
2134 974
2135 1095
2136 2119
2137 1620
2138 414
2139 1952
2140 1194
2141 1125
2142 980
2143 1003
2144 711
2145 1527
2146 930
2147 1256
2148 1636
2149 260
2150 219
2151 1569
2152 303
2153 1125
2154 1281
2155 157
2156 1464
2157 1393
2158 1156
2159 1318
2160 1240
2161 827
2162 1969
2163 1441
2164 1549
2165 2126
2166 176
2167 888
2168 1409
2169 2033
2170 1013
2171 1490
2172 851
2173 656
2174 1292
2175 669
2176 1452
2177 1069
2178 1326
2179 1335
2180 1234
2181 1040
2182 774
2183 912
2184 2168
2185 2021
2186 1319
2187 847
2188 1969
2189 1803
2190 2086
2191 436
2192 1763
2193 1166
2194 668
2195 659
2196 1961
2197 1776
2198 979
2199 1750
2200 1096
2201 888
2202 55
2203 1234
2204 902
2205 1260
2206 710
2207 1069
2208 2148
2209 1882
2210 199
2211 667
2212 1602
2213 2129
2214 2146
2215 2085
2216 1523
2217 1989
2218 728
2219 2040
2220 1326
2221 488
2222 2197
2223 1040
2224 1409
2225 1292
2226 1658
2227 1983
2228 1612
2229 539
2230 1013
2231 1474
2232 1663
2233 2168
2234 1789
2235 1230
2236 2116
2237 1458
2238 1686
2239 375
2240 2005
2241 2022
2242 2190
2243 158
2244 1232
2245 1368
2246 2175
2247 2155
2248 616
2249 1827
2250 1379
2251 2195
2252 1924
2253 1499
2254 1570
2255 43
2256 2182
2257 1720
2258 340
2259 1234
2260 905
2261 264
2262 1069
2263 1276
2264 344
2265 487
2266 1878
2267 2260
2268 2210
2269 1234
2270 1731
2271 668
2272 1870
2273 1475
2274 631
2275 1335
2276 1861
2277 1388
2278 796
2279 1467
2280 1831
2281 1053
2282 1052
2283 258
2284 1522
2285 668
2286 191
2287 1827
2288 1123
2289 1960
2290 1620
2291 2114
2292 1646
2293 2135
2294 1199
2295 1908
2296 731
2297 1095
2298 107
2299 1092
2300 858
2301 1027
2302 1346
2303 163
2304 2009
2305 2023
2306 403
2307 1811
2308 1234
2309 1910
2310 888
2311 2271
2312 454
2313 2111
2314 2172
2315 1719
2316 2295
2317 1656
2318 2244
2319 1159
2320 2061
2321 340
2322 2123
2323 2276
2324 595
2325 913
2326 1378
2327 1620
2328 1560
2329 896
2330 334
2331 379
2332 1899
2333 2089
2334 1281
2335 1238
2336 721
2337 668
2338 1631
2339 2175
2340 1355
2341 1507
2342 174
2343 2168
2344 514
2345 1746
2346 1570
2347 1174
2348 1636
2349 934
2350 530
2351 2274
2352 2308
2353 257
2354 2059
2355 1685
2356 818
2357 2306
2358 1781
2359 1815
2360 1062
2361 1684
2362 1245
2363 826
2364 676
2365 2275
2366 1490
2367 1919
2368 841
2369 851
2370 1350
2371 2330
2372 2085
2373 772
2374 1636
2375 2373
2376 802
2377 2332
2378 1891
2379 2127
2380 1938
2381 1472
2382 707
2383 1978
2384 2135
2385 756
2386 1846
2387 1756
2388 1849
2389 668
2390 194
2391 2326
2392 2154
2393 857
2394 1705
2395 1234
2396 2386
2397 2349
2398 462
2399 1953
2400 1408
2401 2338
2402 634
2403 1309
2404 2134
2405 30
2406 1206
2407 1598
2408 1289
2409 789
2410 469
2411 1527
2412 1422
2413 1166
2414 1101
2415 1876
2416 1292
2417 494
2418 1171
2419 2319
2420 913
2421 2079
2422 1714
2423 1636
2424 1605
2425 1821
2426 2109
2427 1766
2428 1385
2429 627
2430 478
2431 365
2432 1906
2433 1773
2434 97
2435 1618
2436 1869
2437 1352
2438 1258
2439 2410
2440 1657
2441 1040
2442 2135
2443 1750
2444 2340
2445 2102
2446 839
2447 2025
2448 698
2449 513
2450 964
2451 1302
2452 851
2453 2099
2454 1272
2455 1899
2456 930
2457 2297
2458 1290
2459 1208
2460 1426
2461 1247
2462 117
2463 1698
2464 961
2465 1291
2466 930
2467 775
2468 1373
2469 1678
2470 2390
2471 1620
2472 984
2473 1496
2474 2061
2475 2348
2476 1496
2477 788
2478 1532
2479 1577
2480 1584
2481 1723
2482 569
2483 1438
2484 2385
2485 1214
2486 1338
2487 1069
2488 611
2489 1071
2490 173
2491 2251
2492 1062
2493 1524
2494 1072
2495 221
2496 1107
2497 2085
2498 1650
2499 2168
2500 1080
2501 668
2502 1618
2503 2338
2504 2406
2505 1795
2506 2168
2507 1436
2508 771
2509 96
2510 2452
2511 1367
2512 1234
2513 2479
2514 2477
2515 2195
2516 1557
2517 1967
2518 2507
2519 340
2520 1103
2521 2261
2522 2477
2523 2043
2524 2441
2525 1827
2526 1699
2527 1800
2528 1234
2529 1974
2530 1252
2531 2359
2532 2349
2533 891
2534 2477
2535 2439
2536 2044
2537 851
2538 1180
2539 2297
2540 1069
2541 1368
2542 2461
2543 497
2544 851
2545 1537
2546 2076
2547 1880
2548 2294
2549 268
2550 1436
2551 2461
2552 866
2553 2415
2554 1524
2555 1368
2556 157
2557 2479
2558 668
2559 1713
2560 2503
2561 2520
2562 2441
2563 866
2564 1281
2565 2471
2566 1492
2567 2456
2568 1840
2569 1607
2570 2038
2571 1831
2572 689
2573 764
2574 1455
2575 1620
2576 1173
2577 1754
2578 2336
2579 1678
2580 1062
2581 637
2582 486
2583 469
2584 377
2585 1673
2586 2575
2587 254
2588 1291
2589 1633
2590 377
2591 1069
2592 1259
2593 2536
2594 2481
2595 2497
2596 2395
2597 1778
2598 2297
2599 627
2600 668
2601 1437
2602 2511
2603 1849
2604 1065
2605 497
2606 30
2607 1618
2608 2065
2609 1021
2610 321
2611 1373
2612 2477
2613 2158
2614 1358
2615 798
2616 87
2617 1159
2618 1427
2619 469
2620 2169
2621 2533
2622 1704
2623 2390
2624 2477
2625 628
2626 554
2627 503
2628 1932
2629 1819
2630 1304
2631 910
2632 2511
2633 1570
2634 2555
2635 1218
2636 616
2637 1168
2638 2577
2639 2621
2640 1750
2641 2115
2642 1936
2643 1327
2644 882
2645 1399
2646 1062
2647 2226
2648 1317
2649 1880
2650 1081
2651 1411
2652 1088
2653 894
2654 908
2655 2628
2656 2594
2657 418
2658 2581
2659 1498
2660 765
2661 1295
2662 2368
2663 2511
2664 2236
2665 359
2666 1829
2667 2471
2668 1167
2669 2456
2670 574
2671 1309
2672 2671
2673 668
2674 959
2675 1862
2676 1951
2677 1698
2678 2307
2679 1891
2680 1269
2681 1425
2682 2168
2683 504
2684 1480
2685 1691
2686 2088
2687 1906
2688 2604
2689 1507
2690 1144
2691 1600
2692 2506
2693 2134
2694 183
2695 2387
2696 1047
2697 2513
2698 2020
2699 2034
2700 2452
2701 1062
2702 746
2703 1833
2704 2188
2705 1785
2706 338
2707 2652
2708 2675
2709 1647
2710 2477
2711 2574
2712 2490
2713 2402
2714 2568
2715 2698
2716 1204
2717 1967
2718 941
2719 946
2720 2175
2721 1610
2722 2389
2723 1595
2724 2688
2725 2610
2726 1791
2727 2511
2728 1680
2729 414
2730 1766
2731 294
2732 1760
2733 472
2734 2224
2735 1149
2736 2720
2737 1636
2738 2147
2739 2541
2740 1827
2741 2461
2742 2575
2743 494
2744 923
2745 515
2746 1966
2747 1069
2748 1767
2749 930
2750 2440
2751 2223
2752 1158
2753 2223
2754 2721
2755 2542
2756 1420
2757 2212
2758 1918
2759 1305
2760 2477
2761 1062
2762 2366
2763 1123
2764 290
2765 2666
2766 1011
2767 2646
2768 2314
2769 2742
2770 2189
2771 1043
2772 2371
2773 1202
2774 659
2775 1197
2776 1422
2777 69
2778 1208
2779 2673
2780 1251
2781 285
2782 1420
2783 2561
2784 611
2785 2233
2786 1705
2787 2628
2788 1862
2789 2147
2790 1633
2791 2477
2792 1420
2793 2293
2794 341
2795 627
2796 1017
2797 1679
2798 1013
2799 486
2800 1499
2801 1220
2802 786
2803 1747
2804 112
2805 202
2806 1061
2807 2164
2808 599
2809 1462
2810 2349
2811 2307
2812 2696
2813 1318
2814 1511
2815 2441
2816 96
2817 2590
2818 525
2819 2349
2820 2123
2821 1658
2822 539
2823 2228
2824 2511
2825 915
2826 2256
2827 128
2828 2565
2829 1522
2830 2423
2831 2105
2832 1408
2833 764
2834 1662
2835 1809
2836 1612
2837 1326
2838 821
2839 276
2840 1744
2841 1918
2842 2391
2843 2701
2844 1106
2845 1301
2846 2502
2847 1621
2848 510
2849 1026
2850 2000
2851 1692
2852 1636
2853 1878
2854 1421
2855 1209
2856 1939
2857 2619
2858 980
2859 2456
2860 2058
2861 1757
2862 1430
2863 113
2864 153
2865 2318
2866 1906
2867 1922
2868 786
2869 2168
2870 2040
2871 1454
2872 1777
2873 2172
2874 2608
2875 2756
2876 851
2877 2549
2878 401
2879 1557
2880 2540
2881 1505
2882 2443
2883 2628
2884 2692
2885 2354
2886 2790
2887 1068
2888 2354
2889 2440
2890 1927
2891 2788
2892 1013
2893 947
2894 1043
2895 1471
2896 469
2897 790
2898 2349
2899 2516
2900 1318
2901 1815
2902 1691
2903 2294
2904 1061
2905 2170
2906 2617
2907 2374
2908 2322
2909 2745
2910 1620
2911 2580
2912 443
2913 2184
2914 2777
2915 1579
2916 2635
2917 1524
2918 2041
2919 2609
2920 2027
2921 473
2922 369
2923 1485
2924 178
2925 118
2926 1022
2927 1234
2928 2419
2929 1318
2930 427
2931 652
2932 1831
2933 1073
2934 2185
2935 2870
2936 2322
2937 432
2938 2746
2939 701
2940 2297
2941 1469
2942 1942
2943 2670
2944 2816
2945 1507
2946 2797
2947 2168
2948 1123
2949 1621
2950 856
2951 1664
2952 2780
2953 2630
2954 1986
2955 1636
2956 2947
2957 649
2958 1557
2959 2850
2960 1620
2961 634
2962 1040
2963 2541
2964 1427
2965 2082
2966 414
2967 1406
2968 300
2969 2234
2970 1490
2971 2568
2972 2268
2973 1057
2974 469
2975 2726
2976 2666
2977 2598
2978 2581
2979 611
2980 1906
2981 1042
2982 1773
2983 2168
2984 1620
2985 2322
2986 1347
2987 1880
2988 805
2989 2856
2990 668
2991 1001
2992 1702
2993 2172
2994 611
2995 1188
2996 947
2997 2666
2998 748
2999 1040
3000 2165
3001 947
3002 2443
3003 2668
3004 2563
3005 2511
3006 659
3007 1051
3008 2836
3009 1686
3010 1373
3011 2055
3012 2511
3013 699
3014 463
3015 184
3016 118
3017 1813
3018 2564
3019 2540
3020 805
3021 2611
3022 711
3023 3005
3024 2714
3025 2680
3026 2853
3027 417
3028 1248
3029 552
3030 1541
3031 1878
3032 2774
3033 2040
3034 1621
3035 2189
3036 1293
3037 2890
3038 950
3039 1987
3040 1020
3041 2259
3042 2068
3043 2327
3044 2115
3045 1195
3046 2419
3047 2899
3048 1974
3049 2987
3050 1915
3051 864
3052 1828
3053 2781
3054 1796
3055 1300
3056 113
3057 1497
3058 3053
3059 2581
3060 2770
3061 1923
3062 2624
3063 2172
3064 1772
3065 2727
3066 2653
3067 2715
3068 743
3069 583
3070 2003
3071 1037
3072 1757
3073 2344
3074 1702
3075 2467
3076 2135
3077 515
3078 3007
3079 537
3080 668
3081 2937
3082 1300
3083 2774
3084 1318
3085 1281
3086 2602
3087 2342
3088 414
3089 2800
3090 2628
3091 378
3092 2043
3093 2985
3094 3041
3095 1254
3096 2393
3097 1644
3098 1100
3099 1848
3100 2895
3101 1960
3102 35
3103 2999
3104 2776
3105 2915
3106 1493
3107 3101
3108 2769
3109 756
3110 2499
3111 1921
3112 1040
3113 2883
3114 904
3115 3005
3116 1636
3117 2085
3118 2477
3119 2614
3120 1139
3121 2122
3122 289
3123 1863
3124 2477
3125 1130
3126 2103
3127 3059
3128 447
3129 2192
3130 2666
3131 497
3132 3005
3133 2477
3134 1687
3135 2666
3136 1430
3137 2303
3138 1620
3139 2632
3140 1719
3141 849
3142 2456
3143 3135
3144 3005
3145 2208
3146 2949
3147 2928
3148 1256
3149 2917
3150 1573
3151 2316
3152 756
3153 1735
3154 1825
3155 2477
3156 2399
3157 1894
3158 1207
3159 2576
3160 2899
3161 3015
3162 1678
3163 2673
3164 2272
3165 2440
3166 2374
3167 462
3168 1694
3169 2875
3170 580
3171 549
3172 2168
3173 3058
3174 318
3175 2454
3176 1735
3177 3134
3178 1949
3179 2915
3180 2470
3181 1341
3182 2920
3183 668
3184 1362
3185 3010
3186 1429
3187 2228
3188 2700
3189 1318
3190 3005
3191 2511
3192 687
3193 2628
3194 2937
3195 227
3196 1606
3197 3005
3198 2615
3199 1075
3200 2006
3201 2061
3202 2464
3203 2113
3204 2814
3205 851
3206 1854
3207 3129
3208 2589
3209 1409
3210 1093
3211 2718
3212 1555
3213 2772
3214 1412
3215 1487
3216 2172
3217 3134
3218 851
3219 895
3220 2235
3221 1329
3222 1923
3223 1425
3224 2349
3225 585
3226 2568
3227 1668
3228 1912
3229 2362
3230 894
3231 2460
3232 2352
3233 1698
3234 1103
3235 3027
3236 3035
3237 668
3238 1409
3239 1239
3240 1407
3241 2031
3242 3136
3243 2162
3244 2628
3245 2382
3246 3048
3247 2423
3248 2321
3249 2978
3250 3240
3251 3005
3252 1390
3253 1243
3254 2571
3255 2360
3256 1893
3257 2982
3258 1843
3259 2733
3260 561
3261 2333
3262 3136
3263 2589
3264 1326
3265 2168
3266 1200
3267 515
3268 2497
3269 2446
3270 139
3271 1326
3272 3037
3273 1062
3274 315
3275 521
3276 1620
3277 2464
3278 3034
3279 1119
3280 1523
3281 2549
3282 2708
3283 3134
3284 2824
3285 1318
3286 2552
3287 414
3288 2813
3289 1084
3290 504
3291 2456
3292 1607
3293 2327
3294 585
3295 3005
3296 1837
3297 2564
3298 1981
3299 2168
3300 1946
3301 2541
3302 1948
3303 2883
3304 900
3305 3118
3306 1531
3307 2297
3308 1016
3309 1297
3310 1290
3311 2279
3312 3152
3313 120
3314 2690
3315 155
3316 2311
3317 2189
3318 2890
3319 1895
3320 1761
3321 89
3322 2601
3323 1261
3324 93
3325 756
3326 26
3327 43
3328 5
3329 700
3330 6
3331 759
3332 104
3333 934
3334 907
3335 640
3336 196
3337 732
3338 418
3339 1642
3340 2122
3341 69
3342 2616
3343 1473
3344 7
3345 22
3346 48
3347 1877
3348 2472
3349 333
3350 1472
3351 1133
3352 11
3353 389
3354 942
3355 454
3356 906
3357 1417
3358 563
3359 15
3360 13
3361 875
3362 1676
3363 1315
3364 515
3365 1743
3366 1529
3367 24
3368 2526
3369 1391
3370 2456
3371 329
3372 1381
3373 1201
3374 808
3375 625
3376 516
3377 437
3378 29
3379 919
3380 1478
3381 3015
3382 2606
3383 2405
3384 68
3385 2665
3386 2817
3387 2838
3388 911
3389 1339
3390 856
3391 551
3392 778
3393 596
3394 270
3395 183
3396 617
3397 30
3398 3260
3399 1067
3400 30
3401 30
3402 936
3403 2356
3404 2903
3405 2047
3406 30
3407 1571
3408 336
3409 1424
3410 1968
3411 1660
3412 2019
3413 66
3414 2812
3415 2210
3416 648
3417 1222
3418 106
3419 1330
3420 403
3421 35
3422 305
3423 534
3424 1567
3425 1984
3426 2716
3427 3102
3428 3271
3429 3014
3430 35
3431 334
3432 2927
3433 538
3434 3321
3435 163
3436 3313
3437 300
3438 243
3439 388
3440 2096
3441 35
3442 126
3443 35
3444 35
3445 1595
3446 154
3447 223
3448 266
3449 866
3450 1320
3451 35
3452 137
3453 57
3454 2627
3455 383
3456 716
3457 166
3458 35
3459 877
3460 279
3461 124
3462 35
3463 1462
3464 2345
3465 35
3466 2853
3467 35
3468 1143
3469 2495
3470 1612
3471 192
3472 256
3473 409
3474 2328
3475 1782
3476 973
3477 1429
3478 3114
3479 1398
3480 35
3481 887
3482 3052
3483 675
3484 692
3485 3315
3486 1935
3487 46
3488 2130
3489 1702
3490 2286
3491 376
3492 2241
3493 464
3494 384
3495 461
3496 75
3497 2255
3498 909
3499 161
3500 1185
3501 1516
3502 2601
3503 1585
3504 495
3505 1829
3506 1977
3507 2202
3508 480
3509 323
3510 226
3511 2766
3512 410
3513 2364
3514 368
3515 701
3516 2750
3517 127
3518 194
3519 62
3520 63
3521 468
3522 868
3523 962
3524 2914
3525 1697
3526 72
3527 100
3528 73
3529 175
3530 612
3531 75
3532 75
3533 1377
3534 2566
3535 108
3536 142
3537 295
3538 709
3539 2848
3540 83
3541 3122
3542 2731
3543 1617
3544 1466
3545 2944
3546 1310
3547 775
3548 2587
3549 2521
3550 2509
3551 1582
3552 1812
3553 1311
3554 2434
3555 921
3556 101
3557 102
3558 102
3559 190
3560 218
3561 105
3562 806
3563 106
3564 2247
3565 107
3566 441
3567 107
3568 2298
3569 111
3570 693
3571 2014
3572 322
3573 1547
3574 2804
3575 1200
3576 2409
3577 257
3578 1288
3579 963
3580 1979
3581 650
3582 2283
3583 833
3584 222
3585 214
3586 1902
3587 3056
3588 2863
3589 708
3590 684
3591 457
3592 167
3593 971
3594 2469
3595 115
3596 2103
3597 1675
3598 2462
3599 2925
3600 686
3601 3016
3602 1322
3603 118
3604 118
3605 1709
3606 118
3607 2504
3608 2847
3609 1150
3610 565
3611 852
3612 121
3613 2553
3614 259
3615 1250
3616 470
3617 122
3618 3252
3619 1270
3620 123
3621 1698
3622 2827
3623 131
3624 1538
3625 1351
3626 1446
3627 275
3628 135
3629 735
3630 1561
3631 1807
3632 362
3633 421
3634 1374
3635 3270
3636 2496
3637 1178
3638 1774
3639 2574
3640 330
3641 546
3642 145
3643 1556
3644 1715
3645 2030
3646 2826
3647 231
3648 3053
3649 901
3650 147
3651 1905
3652 1920
3653 240
3654 1792
3655 239
3656 886
3657 1091
3658 1285
3659 395
3660 3140
3661 401
3662 1512
3663 153
3664 2864
3665 154
3666 156
3667 2054
3668 2400
3669 157
3670 2556
3671 157
3672 869
3673 528
3674 699
3675 157
3676 669
3677 2645
3678 691
3679 157
3680 1309
3681 1544
3682 2253
3683 672
3684 2296
3685 2702
3686 492
3687 2243
3688 1072
3689 170
3690 3137
3691 581
3692 163
3693 2904
3694 313
3695 429
3696 447
3697 2942
3698 217
3699 1396
3700 261
3701 166
3702 1759
3703 1312
3704 1450
3705 1557
3706 811
3707 174
3708 512
3709 193
3710 1959
3711 248
3712 172
3713 2712
3714 1035
3715 363
3716 444
3717 3087
3718 345
3719 1040
3720 1856
3721 979
3722 174
3723 2350
3724 1638
3725 753
3726 1950
3727 1121
3728 521
3729 456
3730 656
3731 390
3732 1448
3733 1264
3734 1801
3735 234
3736 697
3737 2324
3738 883
3739 2166
3740 176
3741 815
3742 807
3743 2924
3744 1140
3745 1271
3746 2111
3747 2805
3748 1041
3749 611
3750 2694
3751 849
3752 792
3753 2926
3754 1590
3755 1100
3756 1628
3757 2390
3758 1891
3759 3235
3760 1852
3761 2922
3762 236
3763 2478
3764 1215
3765 895
3766 212
3767 213
3768 1853
3769 347
3770 1488
3771 1177
3772 215
3773 218
3774 1550
3775 1804
3776 1160
3777 1328
3778 2169
3779 219
3780 219
3781 2150
3782 372
3783 1653
3784 2100
3785 225
3786 690
3787 2092
3788 2572
3789 3195
3790 260
3791 227
3792 227
3793 227
3794 2191
3795 668
3796 227
3797 1162
3798 724
3799 1139
3800 3150
3801 230
3802 1359
3803 230
3804 1227
3805 523
3806 230
3807 995
3808 1496
3809 367
3810 872
3811 236
3812 2411
3813 1216
3814 439
3815 1442
3816 237
3817 237
3818 237
3819 408
3820 1334
3821 1655
3822 424
3823 1592
3824 2851
3825 242
3826 3171
3827 272
3828 1514
3829 244
3830 2156
3831 719
3832 244
3833 3079
3834 2152
3835 247
3836 2489
3837 248
3838 1032
3839 1537
3840 252
3841 252
3842 1976
3843 302
3844 3302
3845 932
3846 1640
3847 513
3848 256
3849 2485
3850 991
3851 256
3852 466
3853 256
3854 256
3855 256
3856 308
3857 1724
3858 2353
3859 297
3860 260
3861 3274
3862 2149
3863 392
3864 318
3865 1779
3866 1085
3867 555
3868 265
3869 2549
3870 276
3871 2839
3872 1895
3873 279
3874 706
3875 279
3876 601
3877 2981
3878 1708
3879 285
3880 1192
3881 531
3882 1371
3883 2764
3884 357
3885 1086
3886 2029
3887 293
3888 1255
3889 293
3890 1044
3891 373
3892 1572
3893 296
3894 296
3895 489
3896 858
3897 298
3898 874
3899 298
3900 326
3901 298
3902 1740
3903 299
3904 726
3905 299
3906 1282
3907 299
3908 2968
3909 1615
3910 679
3911 1281
3912 303
3913 1528
3914 2080
3915 305
3916 1009
3917 2538
3918 526
3919 3249
3920 2650
3921 946
3922 2206
3923 3308
3924 587
3925 314
3926 1969
3927 1566
3928 318
3929 1171
3930 3174
3931 2278
3932 318
3933 884
3934 1623
3935 793
3936 321
3937 2610
3938 766
3939 1696
3940 326
3941 987
3942 1051
3943 326
3944 329
3945 717
3946 330
3947 2973
3948 330
3949 3064
3950 2299
3951 3029
3952 332
3953 332
3954 332
3955 2076
3956 1087
3957 2330
3958 2854
3959 628
3960 2794
3961 338
3962 1431
3963 584
3964 2706
3965 1443
3966 339
3967 1949
3968 2430
3969 573
3970 339
3971 2331
3972 2109
3973 353
3974 955
3975 3202
3976 3099
3977 340
3978 2921
3979 340
3980 1109
3981 968
3982 3248
3983 340
3984 2258
3985 340
3986 2221
3987 605
3988 2519
3989 340
3990 619
3991 341
3992 3210
3993 342
3994 1138
3995 3025
3996 2039
3997 2073
3998 2264
3999 1007
4000 345
4001 345
4002 1963
4003 1649
4004 507
4005 2042
4006 733
4007 345
4008 760
4009 2060
4010 1752
4011 2486
4012 1533
4013 1049
4014 554
4015 2346
4016 351
4017 1896
4018 354
4019 545
4020 354
4021 1982
4022 1161
4023 2087
4024 358
4025 1126
4026 590
4027 922
4028 359
4029 613
4030 2733
4031 2363
4032 361
4033 1909
4034 361
4035 361
4036 3073
4037 362
4038 1903
4039 831
4040 363
4041 363
4042 364
4043 365
4044 2431
4045 810
4046 1079
4047 368
4048 1552
4049 370
4050 1190
4051 797
4052 2239
4053 1405
4054 1521
4055 377
4056 1736
4057 890
4058 1635
4059 1608
4060 2584
4061 2482
4062 3045
4063 377
4064 1119
4065 377
4066 3125
4067 377
4068 1911
4069 3091
4070 777
4071 902
4072 388
4073 1062
4074 2232
4075 704
4076 742
4077 655
4078 397
4079 674
4080 1919
4081 446
4082 2053
4083 401
4084 2116
4085 2730
4086 401
4087 438
4088 2878
4089 2959
4090 2401
4091 2306
4092 1129
4093 2211
4094 2808
4095 1083
4096 1536
4097 405
4098 405
4099 405
4100 1262
4101 580
4102 1494
4103 1294
4104 2307
4105 414
4106 2966
4107 3287
4108 1710
4109 414
4110 414
4111 802
4112 414
4113 1184
4114 414
4115 651
4116 414
4117 2752
4118 414
4119 2138
4120 757
4121 414
4122 414
4123 414
4124 2729
4125 414
4126 414
4127 414
4128 3088
4129 414
4130 1050
4131 417
4132 1353
4133 2657
4134 418
4135 2120
4136 795
4137 425
4138 2930
4139 430
4140 1203
4141 2937
4142 597
4143 1578
4144 433
4145 433
4146 2326
4147 522
4148 1056
4149 707
4150 2636
4151 438
4152 671
4153 438
4154 3040
4155 3100
4156 438
4157 442
4158 647
4159 2912
4160 1667
4161 2480
4162 447
4163 3128
4164 2312
4165 1559
4166 454
4167 465
4168 928
4169 454
4170 1495
4171 454
4172 454
4173 454
4174 643
4175 454
4176 2941
4177 2402
4178 454
4179 454
4180 809
4181 454
4182 454
4183 1722
4184 602
4185 761
4186 1509
4187 454
4188 2213
4189 943
4190 1059
4191 1712
4192 457
4193 1045
4194 976
4195 462
4196 1508
4197 462
4198 2398
4199 3167
4200 462
4201 642
4202 463
4203 1440
4204 837
4205 467
4206 780
4207 2088
4208 562
4209 1686
4210 1906
4211 467
4212 469
4213 725
4214 469
4215 1601
4216 469
4217 859
4218 469
4219 2583
4220 553
4221 2006
4222 469
4223 2974
4224 2410
4225 1597
4226 960
4227 469
4228 848
4229 469
4230 705
4231 469
4232 2317
4233 925
4234 1796
4235 867
4236 903
4237 558
4238 469
4239 1787
4240 469
4241 1387
4242 803
4243 469
4244 1033
4245 469
4246 2896
4247 2031
4248 469
4249 469
4250 3006
4251 1458
4252 1580
4253 474
4254 983
4255 758
4256 2619
4257 791
4258 469
4259 1461
4260 469
4261 1917
4262 469
4263 1325
4264 945
4265 772
4266 657
4267 1768
4268 544
4269 2683
4270 2078
4271 474
4272 969
4273 476
4274 1966
4275 836
4276 481
4277 482
4278 1540
4279 486
4280 2582
4281 486
4282 822
4283 654
4284 1874
4285 486
4286 486
4287 2799
4288 1131
4289 1706
4290 1682
4291 2163
4292 748
4293 661
4294 2265
4295 490
4296 493
4297 493
4298 494
4299 494
4300 805
4301 3070
4302 494
4303 2743
4304 2417
4305 494
4306 588
4307 1004
4308 1690
4309 2121
4310 496
4311 814
4312 497
4313 2605
4314 2543
4315 3131
4316 1888
4317 499
4318 1298
4319 893
4320 3290
4321 504
4322 1545
4323 1383
4324 2449
4325 1689
4326 1824
4327 515
4328 1934
4329 515
4330 2424
4331 2745
4332 3077
4333 3267
4334 1809
4335 2820
4336 828
4337 1997
4338 521
4339 3320
4340 3275
4341 521
4342 521
4343 2051
4344 2795
4345 1465
4346 2048
4347 521
4348 1502
4349 636
4350 525
4351 986
4352 3298
4353 2818
4354 1301
4355 1587
4356 1217
4357 834
4358 1078
4359 2084
4360 881
4361 528
4362 2660
4363 534
4364 534
4365 539
4366 2822
4367 2229
4368 1890
4369 801
4370 541
4371 879
4372 3221
4373 546
4374 618
4375 1517
4376 2066
4377 1122
4378 860
4379 3068
4380 554
4381 2759
4382 2626
4383 2057
4384 554
4385 2629
4386 560
4387 1989
4388 2244
4389 562
4390 562
4391 978
4392 562
4393 816
4394 562
4395 563
4396 563
4397 2045
4398 566
4399 1900
4400 568
4401 832
4402 1249
4403 1836
4404 604
4405 990
4406 573
4407 2943
4408 1170
4409 575
4410 1980
4411 577
4412 3170
4413 2451
4414 722
4415 1837
4416 3069
4417 3294
4418 3225
4419 695
4420 813
4421 752
4422 596
4423 599
4424 599
4425 600
4426 600
4427 601
4428 601
4429 601
4430 1503
4431 601
4432 1648
4433 2133
4434 601
4435 601
4436 1820
4437 2855
4438 604
4439 1080
4440 3182
4441 611
4442 1026
4443 1723
4444 611
4445 2674
4446 611
4447 611
4448 1038
4449 2979
4450 611
4451 611
4452 611
4453 1933
4454 611
4455 611
4456 997
4457 611
4458 2784
4459 611
4460 611
4461 611
4462 611
4463 1489
4464 611
4465 611
4466 2069
4467 611
4468 2994
4469 2020
4470 611
4471 1790
4472 2951
4473 763
4474 611
4475 611
4476 2488
4477 1048
4478 611
4479 1208
4480 1962
4481 611
4482 788
4483 2644
4484 956
4485 2969
4486 2498
4487 612
4488 614
4489 1375
4490 2248
4491 1999
4492 620
4493 623
4494 625
4495 627
4496 2429
4497 951
4498 2599
4499 1645
4500 630
4501 627
4502 1265
4503 1010
4504 627
4505 2625
4506 3314
4507 631
4508 631
4509 2274
4510 632
4511 2961
4512 2872
4513 634
4514 865
4515 1169
4516 635
4517 2461
4518 873
4519 640
4520 642
4521 1451
4522 643
4523 1549
4524 643
4525 643
4526 1324
4527 1037
4528 646
4529 646
4530 646
4531 646
4532 1218
4533 647
4534 653
4535 2957
4536 650
4537 1267
4538 2931
4539 652
4540 652
4541 2717
4542 652
4543 988
4544 1246
4545 2128
4546 1734
4547 2173
4548 656
4549 656
4550 682
4551 1607
4552 1344
4553 845
4554 670
4555 2774
4556 1155
4557 2195
4558 661
4559 664
4560 664
4561 2119
4562 665
4563 2796
4564 665
4565 2933
4566 1651
4567 2871
4568 694
4569 665
4570 668
4571 1591
4572 668
4573 668
4574 2118
4575 2501
4576 668
4577 2337
4578 668
4579 3080
4580 668
4581 2050
4582 668
4583 3057
4584 1414
4585 938
4586 668
4587 1384
4588 668
4589 1897
4590 668
4591 1826
4592 2990
4593 668
4594 668
4595 668
4596 2722
4597 668
4598 3183
4599 2194
4600 668
4601 668
4602 2673
4603 668
4604 2558
4605 668
4606 668
4607 3237
4608 668
4609 668
4610 668
4611 2285
4612 1665
4613 1356
4614 668
4615 1823
4616 668
4617 1486
4618 2383
4619 668
4620 2081
4621 668
4622 668
4623 3316
4624 1108
4625 2600
4626 668
4627 1253
4628 747
4629 992
4630 2661
4631 1898
4632 668
4633 800
4634 1841
4635 1632
4636 1726
4637 668
4638 855
4639 1098
4640 668
4641 668
4642 1542
4643 668
4644 668
4645 1039
4646 1357
4647 751
4648 2291
4649 668
4650 668
4651 3111
4652 1923
4653 668
4654 1156
4655 1316
4656 1427
4657 1342
4658 669
4659 669
4660 2720
4661 670
4662 2354
4663 850
4664 1196
4665 3051
4666 672
4667 673
4668 678
4669 2001
4670 3154
4671 675
4672 679
4673 1176
4674 680
4675 3323
4676 683
4677 3192
4678 702
4679 1116
4680 697
4681 698
4682 698
4683 698
4684 711
4685 698
4686 1054
4687 698
4688 770
4689 698
4690 698
4691 698
4692 698
4693 698
4694 1411
4695 3306
4696 762
4697 698
4698 698
4699 698
4700 2448
4701 698
4702 698
4703 698
4704 698
4705 3134
4706 1113
4707 698
4708 2414
4709 1290
4710 698
4711 698
4712 698
4713 1221
4714 698
4715 698
4716 698
4717 698
4718 3013
4719 700
4720 2939
4721 702
4722 2085
4723 799
4724 707
4725 2382
4726 1242
4727 709
4728 709
4729 709
4730 1308
4731 710
4732 710
4733 1773
4734 3022
4735 2508
4736 711
4737 1244
4738 2643
4739 711
4740 711
4741 711
4742 738
4743 711
4744 2144
4745 1480
4746 711
4747 711
4748 1019
4749 2460
4750 711
4751 711
4752 790
4753 2132
4754 711
4755 1637
4756 712
4757 713
4758 1317
4759 1460
4760 713
4761 2102
4762 716
4763 2336
4764 1762
4765 1142
4766 725
4767 1370
4768 726
4769 726
4770 1893
4771 728
4772 2218
4773 2407
4774 2814
4775 735
4776 2025
4777 2017
4778 1400
4779 1237
4780 739
4781 1147
4782 1117
4783 1914
4784 745
4785 746
4786 747
4787 747
4788 880
4789 2998
4790 1313
4791 1333
4792 750
4793 750
4794 916
4795 804
4796 1737
4797 752
4798 752
4799 756
4800 2484
4801 1530
4802 756
4803 3152
4804 2037
4805 1157
4806 1643
4807 989
4808 3109
4809 757
4810 758
4811 1182
4812 758
4813 1060
4814 1296
4815 764
4816 2063
4817 2196
4818 764
4819 764
4820 764
4821 764
4822 1794
4823 764
4824 764
4825 2833
4826 1883
4827 1225
4828 1797
4829 764
4830 2101
4831 2573
4832 764
4833 765
4834 3199
4835 2536
4836 2373
4837 773
4838 773
4839 773
4840 773
4841 774
4842 3075
4843 775
4844 775
4845 776
4846 776
4847 2520
4848 776
4849 2453
4850 783
4851 2604
4852 1714
4853 784
4854 1748
4855 785
4856 785
4857 1006
4858 785
4859 785
4860 1873
4861 981
4862 2450
4863 786
4864 1739
4865 2802
4866 786
4867 839
4868 786
4869 2868
4870 786
4871 786
4872 2825
4873 786
4874 888
4875 2104
4876 2477
4877 1470
4878 2897
4879 894
4880 1018
4881 794
4882 795
4883 1626
4884 797
4885 797
4886 2615
4887 798
4888 798
4889 798
4890 798
4891 798
4892 1046
4893 801
4894 1586
4895 1606
4896 1520
4897 2376
4898 802
4899 804
4900 804
4901 2988
4902 805
4903 805
4904 3020
4905 1213
4906 2064
4907 809
4908 1728
4909 809
4910 816
4911 2413
4912 816
4913 1023
4914 3212
4915 819
4916 1519
4917 819
4918 2986
4919 822
4920 822
4921 823
4922 2946
4923 1335
4924 825
4925 825
4926 826
4927 826
4928 1005
4929 2161
4930 827
4931 828
4932 829
4933 2428
4934 830
4935 830
4936 832
4937 832
4938 2404
4939 839
4940 3269
4941 840
4942 2368
4943 2095
4944 3285
4945 844
4946 999
4947 1014
4948 1611
4949 2036
4950 2187
4951 847
4952 847
4953 847
4954 1636
4955 2718
4956 2773
4957 3141
4958 2479
4959 924
4960 849
4961 849
4962 1674
4963 1397
4964 1136
4965 849
4966 850
4967 850
4968 2894
4969 3188
4970 851
4971 851
4972 851
4973 851
4974 3304
4975 851
4976 851
4977 2876
4978 1231
4979 3218
4980 851
4981 1273
4982 851
4983 2369
4984 851
4985 1030
4986 2305
4987 1090
4988 2821
4989 851
4990 2544
4991 851
4992 851
4993 1700
4994 1868
4995 3205
4996 1695
4997 2097
4998 851
4999 851
5000 851
5001 851
5002 851
5003 1543
5004 851
5005 2537
5006 1380
5007 851
5008 851
5009 2245
5010 2172
5011 851
5012 851
5013 1137
5014 1620
5015 1337
5016 1224
5017 854
5018 2862
5019 854
5020 1187
5021 856
5022 2950
5023 3096
5024 857
5025 966
5026 857
5027 857
5028 857
5029 857
5030 2329
5031 857
5032 857
5033 2300
5034 858
5035 1463
5036 859
5037 859
5038 859
5039 859
5040 864
5041 866
5042 2563
5043 2844
5044 866
5045 952
5046 2552
5047 1506
5048 1251
5049 3158
5050 870
5051 1053
5052 2511
5053 871
5054 871
5055 871
5056 873
5057 2726
5058 1149
5059 1291
5060 883
5061 1793
5062 3168
5063 2167
5064 2576
5065 888
5066 2200
5067 1554
5068 2437
5069 888
5070 2310
5071 1404
5072 2201
5073 889
5074 889
5075 890
5076 891
5077 891
5078 891
5079 1624
5080 1745
5081 891
5082 2533
5083 899
5084 1260
5085 1753
5086 894
5087 982
5088 3230
5089 894
5090 3066
5091 1474
5092 894
5093 894
5094 894
5095 1189
5096 894
5097 895
5098 3219
5099 2637
5100 2204
5101 905
5102 2267
5103 906
5104 2654
5105 2216
5106 2631
5107 912
5108 912
5109 2183
5110 912
5111 912
5112 1198
5113 1944
5114 912
5115 1191
5116 912
5117 1998
5118 913
5119 913
5120 913
5121 1336
5122 913
5123 913
5124 2032
5125 913
5126 1867
5127 1021
5128 913
5129 2420
5130 913
5131 913
5132 913
5133 2325
5134 1467
5135 2041
5136 921
5137 2744
5138 923
5139 2165
5140 923
5141 1151
5142 925
5143 980
5144 2214
5145 930
5146 1415
5147 930
5148 2466
5149 1727
5150 996
5151 1345
5152 2749
5153 1885
5154 930
5155 930
5156 1518
5157 3184
5158 2061
5159 930
5160 931
5161 933
5162 933
5163 933
5164 934
5165 1012
5166 1369
5167 3224
5168 934
5169 1074
5170 1988
5171 937
5172 941
5173 998
5174 944
5175 1887
5176 2719
5177 3001
5178 2996
5179 3050
5180 1348
5181 1769
5182 1937
5183 947
5184 947
5185 947
5186 947
5187 1855
5188 1372
5189 3119
5190 947
5191 947
5192 2893
5193 2090
5194 947
5195 947
5196 947
5197 948
5198 948
5199 2106
5200 3038
5201 1677
5202 954
5203 1077
5204 2782
5205 2355
5206 962
5207 962
5208 1141
5209 963
5210 2386
5211 3036
5212 963
5213 963
5214 963
5215 968
5216 972
5217 1613
5218 972
5219 2240
5220 972
5221 974
5222 2110
5223 977
5224 1025
5225 979
5226 979
5227 2709
5228 979
5229 979
5230 3309
5231 1693
5232 979
5233 979
5234 2011
5235 979
5236 979
5237 979
5238 979
5239 979
5240 979
5241 1487
5242 979
5243 979
5244 979
5245 2198
5246 979
5247 979
5248 2858
5249 1449
5250 2142
5251 980
5252 980
5253 1236
5254 983
5255 983
5256 983
5257 983
5258 983
5259 983
5260 983
5261 2887
5262 987
5263 1860
5264 987
5265 1525
5266 2143
5267 1258
5268 3181
5269 995
5270 1127
5271 996
5272 1000
5273 1000
5274 2840
5275 1001
5276 1001
5277 1410
5278 1001
5279 1001
5280 1001
5281 1001
5282 2991
5283 1013
5284 1013
5285 1205
5286 1013
5287 2905
5288 1163
5289 2798
5290 1013
5291 2892
5292 1013
5293 2230
5294 1017
5295 1021
5296 2919
5297 1021
5298 2849
5299 1027
5300 2301
5301 1028
5302 1028
5303 1028
5304 1438
5305 1031
5306 1031
5307 1032
5308 1034
5309 1036
5310 1070
5311 1037
5312 3071
5313 1038
5314 1038
5315 1038
5316 1038
5317 1816
5318 1040
5319 2967
5320 2999
5321 1975
5322 1630
5323 1040
5324 1767
5325 2223
5326 1040
5327 1040
5328 2441
5329 1134
5330 1040
5331 3112
5332 2181
5333 2962
5334 1040
5335 2058
5336 1223
5337 1042
5338 1043
5339 1704
5340 1851
5341 2771
5342 1045
5343 1045
5344 1755
5345 1048
5346 3078
5347 2117
5348 2282
5349 2281
5350 1382
5351 1055
5352 1165
5353 1725
5354 1057
5355 1058
5356 3148
5357 1061
5358 1061
5359 2806
5360 1115
5361 3106
5362 1062
5363 2761
5364 1062
5365 1062
5366 3255
5367 1062
5368 1062
5369 2767
5370 2580
5371 1062
5372 1817
5373 1062
5374 2492
5375 1062
5376 1062
5377 1062
5378 1062
5379 1062
5380 1062
5381 1252
5382 1940
5383 1062
5384 2701
5385 1062
5386 1300
5387 1062
5388 1062
5389 1483
5390 3303
5391 1062
5392 1062
5393 1062
5394 1062
5395 1062
5396 2801
5397 1604
5398 1062
5399 3046
5400 1062
5401 1062
5402 1062
5403 1062
5404 1062
5405 1588
5406 3273
5407 1245
5408 1062
5409 1062
5410 1145
5411 1062
5412 1172
5413 1062
5414 1062
5415 1062
5416 1062
5417 1062
5418 1844
5419 1066
5420 1067
5421 1423
5422 1069
5423 1866
5424 1069
5425 1069
5426 1069
5427 1069
5428 1386
5429 1990
5430 1069
5431 1069
5432 1069
5433 1069
5434 1069
5435 2207
5436 1069
5437 1284
5438 1069
5439 2408
5440 1069
5441 1248
5442 1941
5443 2995
5444 1970
5445 1069
5446 2177
5447 2013
5448 1507
5449 1069
5450 2487
5451 1069
5452 1069
5453 2747
5454 1069
5455 2262
5456 1858
5457 1069
5458 1069
5459 1069
5460 2591
5461 2540
5462 1403
5463 1069
5464 1069
5465 1069
5466 1069
5467 1069
5468 2186
5469 1069
5470 2494
5471 1073
5472 1609
5473 1076
5474 1076
5475 1076
5476 1076
5477 1076
5478 1079
5479 2500
5480 1292
5481 1082
5482 1082
5483 1210
5484 1082
5485 1084
5486 1084
5487 1164
5488 1084
5489 1084
5490 3289
5491 1332
5492 1085
5493 1085
5494 1088
5495 2652
5496 1879
5497 1091
5498 1957
5499 1094
5500 2758
5501 1095
5502 2135
5503 2297
5504 2775
5505 1098
5506 1102
5507 1098
5508 2074
5509 1099
5510 1100
5511 3098
5512 1484
5513 1102
5514 3234
5515 1103
5516 1103
5517 1103
5518 1103
5519 1104
5520 1104
5521 1576
5522 1107
5523 1929
5524 1107
5525 1109
5526 1109
5527 1110
5528 1668
5529 2681
5530 1115
5531 1117
5532 1118
5533 1118
5534 1119
5535 3279
5536 1574
5537 2288
5538 2948
5539 2763
5540 1123
5541 1124
5542 2153
5543 1125
5544 1125
5545 1125
5546 1125
5547 2141
5548 1126
5549 1126
5550 1127
5551 1127
5552 1127
5553 2046
5554 1127
5555 1128
5556 1945
5557 1132
5558 1134
5559 1138
5560 1139
5561 3120
5562 1139
5563 1141
5564 2199
5565 1147
5566 1148
5567 2735
5568 1153
5569 1153
5570 2250
5571 2613
5572 1850
5573 2906
5574 1159
5575 2062
5576 1163
5577 1163
5578 2209
5579 1166
5580 1166
5581 1731
5582 1166
5583 1166
5584 1166
5585 1776
5586 1166
5587 1730
5588 2193
5589 1166
5590 1166
5591 1166
5592 2638
5593 3003
5594 1167
5595 1167
5596 1169
5597 1482
5598 1169
5599 1169
5600 2418
5601 1683
5602 1174
5603 1174
5604 1409
5605 2347
5606 1175
5607 1177
5608 2098
5609 1180
5610 1747
5611 1181
5612 1181
5613 1673
5614 1184
5615 1184
5616 1185
5617 1775
5618 1186
5619 1190
5620 1190
5621 1190
5622 2989
5623 1190
5624 1192
5625 1192
5626 2176
5627 1304
5628 1192
5629 2140
5630 1198
5631 3266
5632 1201
5633 2295
5634 2370
5635 3030
5636 1575
5637 3214
5638 1784
5639 1205
5640 1354
5641 2459
5642 2778
5643 1257
5644 1212
5645 1832
5646 1361
5647 2276
5648 1216
5649 1217
5650 1217
5651 2185
5652 1413
5653 1364
5654 1218
5655 2635
5656 1220
5657 1222
5658 1223
5659 1226
5660 1228
5661 1230
5662 2235
5663 1232
5664 1233
5665 1234
5666 1373
5667 2018
5668 1388
5669 1234
5670 3041
5671 2203
5672 2180
5673 2269
5674 2512
5675 2596
5676 1234
5677 1234
5678 1234
5679 1234
5680 1234
5681 2528
5682 1343
5683 1234
5684 1234
5685 1395
5686 1234
5687 1234
5688 1234
5689 1422
5690 3232
5691 1234
5692 1234
5693 1234
5694 1234
5695 1234
5696 1234
5697 1907
5698 1238
5699 1238
5700 1238
5701 1238
5702 1238
5703 1854
5704 2335
5705 1239
5706 3239
5707 1239
5708 1240
5709 1240
5710 1240
5711 1568
5712 2160
5713 1263
5714 1240
5715 1428
5716 1241
5717 1241
5718 3253
5719 1245
5720 2362
5721 1247
5722 2026
5723 1770
5724 3028
5725 1248
5726 1954
5727 1248
5728 1249
5729 1249
5730 1249
5731 1249
5732 1433
5733 1251
5734 1251
5735 1251
5736 1251
5737 1274
5738 1251
5739 1251
5740 1251
5741 1251
5742 2780
5743 2530
5744 1253
5745 1889
5746 1253
5747 1254
5748 1254
5749 2002
5750 1254
5751 3095
5752 1551
5753 1256
5754 1256
5755 1256
5756 1256
5757 2738
5758 1256
5759 1256
5760 2732
5761 1732
5762 1256
5763 2115
5764 2292
5765 1258
5766 1258
5767 2438
5768 1258
5769 1258
5770 1783
5771 1258
5772 1258
5773 2592
5774 1275
5775 1279
5776 1260
5777 2205
5778 1264
5779 1264
5780 1265
5781 1765
5782 1265
5783 1491
5784 1830
5785 1265
5786 1265
5787 1283
5788 1266
5789 1268
5790 1270
5791 1271
5792 1272
5793 3175
5794 1274
5795 1274
5796 2263
5797 1280
5798 1280
5799 1280
5800 1280
5801 1281
5802 1281
5803 1459
5804 1281
5805 1323
5806 2829
5807 1281
5808 1281
5809 2154
5810 1281
5811 1281
5812 1281
5813 2189
5814 1281
5815 1281
5816 2334
5817 1281
5818 2564
5819 1281
5820 1593
5821 3085
5822 1281
5823 1281
5824 1285
5825 1287
5826 1287
5827 1287
5828 1453
5829 1288
5830 1288
5831 1288
5832 1288
5833 1973
5834 1288
5835 1289
5836 1290
5837 2458
5838 3310
5839 2588
5840 2465
5841 2416
5842 1292
5843 1292
5844 1292
5845 2252
5846 2174
5847 2225
5848 1292
5849 1292
5850 3123
5851 1295
5852 1884
5853 1296
5854 1299
5855 2257
5856 1300
5857 1300
5858 1300
5859 1788
5860 1300
5861 3055
5862 3082
5863 1321
5864 1301
5865 1301
5866 2845
5867 1301
5868 1301
5869 1301
5870 1301
5871 1301
5872 1301
5873 1301
5874 1302
5875 1302
5876 1304
5877 1304
5878 1304
5879 2953
5880 1304
5881 2403
5882 1309
5883 2015
5884 1309
5885 1365
5886 1771
5887 1309
5888 1813
5889 1331
5890 1309
5891 1309
5892 1309
5893 2671
5894 1311
5895 1311
5896 1312
5897 1312
5898 1312
5899 1313
5900 1316
5901 1355
5902 1317
5903 2648
5904 1317
5905 1317
5906 1318
5907 3189
5908 1318
5909 1318
5910 1562
5911 1318
5912 1842
5913 1318
5914 1318
5915 1318
5916 1534
5917 2929
5918 1318
5919 1318
5920 1318
5921 2394
5922 1318
5923 1318
5924 2900
5925 3084
5926 3288
5927 2159
5928 1318
5929 1505
5930 2008
5931 1326
5932 1326
5933 1563
5934 1326
5935 3264
5936 1326
5937 1326
5938 1569
5939 2075
5940 2837
5941 2220
5942 1326
5943 2178
5944 1326
5945 1711
5946 1328
5947 1328
5948 1330
5949 1331
5950 1332
5951 1332
5952 2179
5953 1335
5954 2275
5955 1335
5956 1335
5957 1340
5958 1340
5959 1340
5960 1603
5961 1342
5962 1342
5963 2302
5964 1629
5965 1602
5966 1901
5967 1347
5968 1987
5969 1348
5970 1348
5971 1348
5972 1349
5973 1349
5974 1349
5975 1349
5976 1349
5977 1751
5978 1349
5979 2554
5980 1349
5981 1349
5982 1349
5983 1349
5984 1352
5985 1354
5986 2444
5987 1910
5988 1618
5989 1357
5990 1357
5991 2634
5992 2541
5993 1368
5994 1368
5995 1368
5996 1368
5997 1368
5998 1965
5999 1368
6000 1372
6001 1372
6002 2611
6003 2468
6004 1931
6005 3010
6006 1373
6007 1373
6008 1373
6009 1373
6010 1373
6011 1419
6012 1374
6013 1374
6014 1376
6015 1707
6016 1377
6017 1742
6018 2527
6019 1382
6020 1382
6021 1490
6022 1382
6023 1382
6024 1382
6025 1382
6026 1383
6027 2550
6028 1383
6029 1383
6030 1943
6031 1385
6032 3033
6033 1386
6034 2277
6035 1390
6036 1391
6037 2157
6038 1393
6039 1396
6040 1397
6041 1399
6042 1399
6043 1400
6044 1400
6045 1400
6046 1400
6047 1401
6048 1403
6049 1403
6050 1403
6051 1403
6052 1403
6053 1404
6054 3250
6055 2832
6056 1408
6057 1408
6058 1409
6059 2734
6060 1409
6061 1409
6062 1409
6063 1409
6064 2915
6065 1409
6066 1409
6067 3238
6068 2168
6069 3209
6070 1409
6071 1409
6072 1409
6073 1409
6074 1410
6075 1410
6076 2651
6077 1594
6078 1411
6079 1412
6080 1413
6081 1414
6082 1417
6083 1418
6084 1418
6085 1418
6086 1622
6087 3176
6088 1420
6089 1420
6090 2792
6091 1420
6092 1875
6093 1420
6094 1420
6095 2756
6096 2093
6097 1421
6098 1421
6099 2412
6100 1422
6101 2776
6102 1422
6103 1422
6104 1422
6105 3223
6106 1425
6107 1427
6108 1427
6109 2618
6110 1485
6111 2071
6112 1427
6113 1427
6114 1427
6115 1427
6116 2659
6117 1427
6118 2691
6119 1427
6120 1427
6121 1670
6122 2964
6123 1427
6124 1429
6125 3186
6126 3242
6127 1433
6128 1433
6129 1434
6130 1434
6131 1627
6132 1434
6133 2112
6134 1436
6135 2518
6136 1436
6137 2483
6138 2703
6139 1438
6140 1441
6141 2597
6142 1447
6143 2055
6144 1447
6145 1448
6146 1450
6147 2965
6148 1453
6149 1904
6150 1453
6151 1457
6152 1457
6153 1457
6154 1457
6155 1458
6156 1458
6157 1806
6158 1971
6159 1458
6160 1458
6161 1458
6162 1515
6163 2237
6164 1458
6165 1462
6166 1462
6167 2809
6168 2056
6169 1462
6170 1886
6171 1463
6172 1463
6173 1463
6174 1463
6175 1463
6176 1764
6177 1922
6178 1463
6179 2279
6180 1467
6181 1467
6182 1780
6183 1467
6184 1467
6185 1468
6186 1468
6187 1469
6188 1470
6189 1472
6190 1472
6191 1472
6192 1513
6193 1472
6194 1472
6195 1472
6196 2381
6197 1472
6198 1472
6199 1472
6200 1473
6201 1473
6202 2231
6203 1475
6204 1475
6205 1721
6206 1581
6207 1475
6208 2273
6209 1681
6210 1476
6211 2684
6212 1481
6213 1481
6214 1481
6215 2007
6216 1485
6217 1485
6218 2559
6219 1485
6220 1485
6221 1485
6222 2923
6223 1485
6224 1485
6225 1553
6226 1596
6227 3215
6228 1487
6229 1487
6230 1487
6231 1487
6232 2970
6233 1490
6234 1583
6235 2171
6236 1490
6237 1490
6238 1539
6239 1490
6240 1490
6241 1490
6242 1535
6243 2366
6244 2473
6245 1496
6246 1669
6247 1496
6248 1671
6249 1496
6250 1496
6251 1634
6252 2476
6253 1496
6254 1497
6255 1497
6256 1499
6257 3089
6258 1504
6259 1505
6260 1505
6261 1505
6262 1505
6263 2881
6264 1993
6265 1507
6266 1507
6267 1507
6268 1507
6269 1507
6270 1507
6271 2304
6272 2341
6273 1814
6274 2689
6275 1507
6276 1507
6277 2945
6278 1507
6279 1507
6280 1507
6281 1507
6282 1509
6283 1927
6284 1509
6285 1996
6286 1511
6287 1511
6288 1511
6289 1511
6290 1511
6291 1511
6292 1517
6293 1517
6294 1992
6295 1520
6296 1526
6297 1641
6298 1521
6299 1521
6300 1960
6301 2284
6302 1523
6303 3280
6304 2493
6305 1524
6306 3149
6307 1524
6308 1524
6309 1527
6310 2145
6311 1528
6312 1528
6313 1530
6314 2603
6315 1534
6316 1535
6317 1535
6318 2545
6319 1537
6320 1539
6321 1539
6322 1539
6323 1541
6324 1541
6325 1542
6326 1542
6327 1802
6328 1548
6329 1548
6330 2164
6331 1555
6332 1556
6333 2516
6334 2879
6335 2958
6336 1557
6337 1557
6338 1557
6339 1557
6340 1557
6341 1557
6342 1557
6343 1557
6344 1559
6345 1561
6346 1562
6347 1872
6348 1815
6349 1729
6350 1564
6351 2083
6352 1568
6353 2151
6354 1570
6355 1570
6356 1570
6357 1672
6358 1928
6359 2254
6360 2633
6361 1570
6362 1570
6363 1570
6364 1570
6365 1570
6366 1570
6367 1570
6368 1570
6369 1571
6370 1733
6371 1703
6372 1580
6373 1582
6374 2192
6375 2608
6376 1594
6377 2723
6378 1595
6379 1602
6380 1602
6381 2757
6382 1602
6383 1602
6384 1926
6385 2728
6386 2127
6387 1603
6388 1605
6389 2705
6390 2107
6391 1606
6392 1606
6393 1606
6394 3196
6395 1606
6396 1606
6397 1607
6398 1607
6399 1607
6400 1607
6401 1607
6402 1607
6403 3292
6404 1607
6405 1607
6406 2569
6407 1808
6408 1881
6409 1610
6410 1610
6411 1610
6412 1610
6413 1839
6414 1610
6415 2754
6416 1610
6417 1610
6418 2228
6419 1612
6420 2836
6421 1613
6422 1613
6423 1614
6424 1615
6425 1616
6426 2068
6427 1617
6428 1857
6429 1625
6430 1618
6431 2502
6432 1618
6433 1618
6434 1618
6435 1618
6436 2607
6437 1798
6438 2435
6439 1618
6440 1618
6441 1618
6442 1618
6443 1618
6444 1618
6445 1972
6446 1618
6447 1620
6448 2077
6449 1620
6450 1620
6451 1620
6452 1620
6453 1620
6454 2131
6455 1620
6456 3138
6457 1620
6458 2137
6459 1620
6460 1620
6461 1620
6462 1620
6463 2742
6464 1620
6465 1781
6466 1620
6467 1620
6468 1620
6469 2910
6470 1620
6471 1620
6472 1620
6473 1620
6474 2124
6475 1620
6476 1620
6477 3043
6478 1620
6479 1620
6480 1620
6481 2125
6482 2676
6483 1620
6484 2471
6485 2094
6486 1620
6487 3276
6488 1620
6489 2290
6490 1620
6491 1620
6492 2960
6493 2984
6494 1620
6495 1964
6496 1620
6497 1620
6498 1620
6499 1621
6500 1749
6501 2949
6502 1974
6503 3278
6504 1622
6505 1626
6506 1632
6507 1632
6508 1633
6509 1633
6510 1633
6511 2790
6512 3263
6513 1635
6514 2148
6515 2852
6516 1636
6517 1636
6518 1636
6519 1636
6520 1636
6521 2955
6522 1636
6523 1636
6524 1636
6525 1636
6526 1636
6527 1636
6528 1636
6529 3166
6530 2737
6531 3247
6532 1636
6533 1892
6534 1636
6535 2016
6536 1636
6537 1636
6538 3116
6539 1636
6540 1738
6541 2475
6542 1955
6543 1639
6544 1639
6545 2831
6546 1641
6547 3097
6548 1645
6549 1649
6550 1840
6551 1650
6552 2227
6553 1658
6554 1658
6555 1658
6556 2226
6557 1660
6558 1660
6559 1660
6560 1661
6561 1661
6562 1661
6563 1662
6564 2834
6565 1662
6566 1663
6567 1666
6568 1666
6569 1668
6570 2010
6571 3227
6572 1670
6573 1672
6574 2079
6575 3261
6576 1672
6577 1672
6578 1672
6579 1672
6580 1958
6581 1672
6582 1672
6583 1672
6584 2585
6585 1673
6586 1676
6587 1677
6588 2579
6589 3162
6590 1679
6591 1679
6592 1682
6593 2361
6594 1684
6595 2685
6596 1684
6597 2238
6598 1686
6599 1686
6600 1686
6601 1686
6602 1686
6603 1688
6604 1686
6605 1686
6606 1686
6607 1985
6608 1686
6609 3009
6610 1686
6611 1687
6612 1687
6613 1688
6614 2642
6615 1689
6616 1690
6617 1690
6618 2902
6619 1693
6620 1698
6621 1698
6622 1698
6623 1831
6624 2463
6625 2035
6626 1698
6627 2677
6628 1698
6629 1698
6630 1698
6631 1698
6632 1698
6633 1698
6634 1698
6635 1698
6636 1698
6637 1698
6638 3233
6639 2699
6640 1698
6641 1698
6642 1698
6643 1700
6644 1700
6645 1700
6646 1702
6647 2425
6648 3074
6649 1702
6650 1702
6651 1912
6652 1702
6653 1845
6654 1702
6655 2992
6656 1871
6657 1702
6658 1702
6659 1703
6660 1703
6661 1703
6662 1703
6663 1703
6664 1704
6665 1704
6666 2622
6667 2067
6668 1704
6669 1704
6670 1704
6671 1704
6672 1704
6673 2786
6674 1712
6675 1713
6676 1713
6677 2422
6678 1718
6679 1716
6680 1716
6681 2315
6682 1719
6683 1720
6684 1720
6685 1720
6686 1720
6687 1720
6688 1756
6689 1720
6690 1720
6691 1720
6692 1720
6693 1720
6694 1720
6695 1720
6696 1720
6697 1722
6698 2656
6699 1723
6700 1724
6701 1724
6702 3156
6703 1729
6704 1729
6705 1865
6706 1729
6707 1730
6708 1730
6709 1731
6710 2270
6711 3153
6712 1735
6713 1735
6714 1739
6715 1739
6716 1739
6717 1739
6718 1739
6719 1740
6720 1740
6721 1740
6722 1744
6723 1746
6724 2803
6725 1750
6726 1750
6727 1750
6728 2640
6729 1750
6730 1750
6731 1805
6732 1750
6733 2443
6734 1750
6735 1755
6736 2387
6737 3072
6738 2861
6739 1758
6740 1758
6741 1758
6742 1870
6743 1762
6744 1766
6745 1818
6746 1766
6747 1766
6748 1766
6749 1766
6750 1766
6751 2427
6752 1766
6753 2748
6754 1768
6755 1769
6756 1769
6757 1771
6758 1772
6759 1773
6760 1773
6761 1773
6762 1773
6763 2982
6764 2433
6765 1773
6766 1773
6767 1838
6768 1774
6769 1775
6770 1775
6771 1775
6772 1775
6773 2570
6774 1775
6775 1775
6776 1775
6777 1775
6778 1775
6779 2222
6780 1776
6781 1779
6782 1781
6783 2358
6784 1784
6785 1784
6786 1785
6787 1785
6788 1788
6789 1788
6790 1788
6791 1793
6792 1793
6793 1991
6794 1793
6795 1795
6796 1795
6797 1795
6798 2505
6799 3300
6800 1796
6801 3054
6802 1796
6803 1796
6804 1797
6805 1803
6806 1803
6807 1809
6808 2835
6809 1810
6810 1812
6811 1812
6812 1812
6813 1812
6814 1813
6815 1827
6816 1813
6817 3203
6818 3017
6819 1815
6820 2028
6821 2901
6822 1815
6823 1815
6824 1815
6825 2359
6826 1819
6827 1823
6828 1823
6829 1824
6830 1827
6831 2004
6832 1827
6833 1827
6834 1827
6835 2249
6836 1827
6837 2287
6838 1827
6839 1827
6840 1956
6841 1827
6842 1827
6843 1827
6844 1827
6845 1827
6846 1827
6847 1827
6848 1827
6849 2525
6850 2086
6851 1827
6852 1827
6853 1827
6854 1827
6855 2740
6856 2997
6857 1829
6858 1829
6859 1831
6860 1831
6861 1831
6862 1831
6863 2571
6864 1831
6865 2932
6866 1831
6867 2280
6868 1832
6869 1832
6870 1833
6871 1834
6872 3258
6873 3296
6874 1838
6875 1916
6876 1839
6877 2568
6878 1842
6879 1843
6880 1843
6881 1843
6882 1843
6883 1844
6884 1844
6885 1845
6886 1846
6887 1846
6888 1846
6889 1846
6890 1847
6891 1849
6892 1849
6893 2388
6894 1859
6895 3206
6896 1856
6897 1856
6898 1856
6899 1857
6900 2675
6901 2891
6902 1863
6903 1864
6904 2043
6905 2436
6906 1899
6907 1870
6908 3164
6909 1871
6910 1877
6911 1878
6912 1878
6913 1878
6914 1878
6915 1878
6916 3031
6917 2266
6918 1878
6919 1878
6920 2049
6921 1880
6922 1880
6923 1880
6924 1880
6925 1880
6926 1880
6927 1880
6928 1880
6929 1994
6930 1880
6931 1880
6932 2987
6933 1880
6934 1880
6935 1880
6936 1880
6937 1880
6938 1880
6939 1880
6940 1880
6941 1880
6942 1880
6943 2649
6944 2547
6945 1880
6946 1883
6947 2108
6948 1884
6949 1884
6950 1888
6951 1888
6952 1890
6953 1891
6954 1891
6955 2378
6956 2679
6957 1891
6958 3256
6959 1894
6960 1894
6961 1894
6962 1894
6963 3157
6964 1894
6965 1894
6966 1894
6967 1894
6968 1894
6969 1895
6970 1895
6971 1895
6972 3319
6973 2455
6974 2332
6975 1900
6976 1900
6977 1900
6978 1900
6979 1900
6980 1900
6981 1900
6982 1900
6983 1900
6984 1904
6985 1904
6986 1904
6987 1904
6988 1952
6989 1904
6990 1904
6991 1904
6992 1906
6993 1906
6994 2072
6995 2687
6996 1906
6997 2024
6998 2432
6999 1906
7000 1906
7001 1906
7002 2091
7003 2980
7004 1906
7005 2866
7006 1906
7007 1908
7008 1909
7009 1910
7010 2309
7011 1911
7012 1911
7013 1911
7014 2052
7015 3228
7016 1912
7017 1913
7018 1914
7019 1918
7020 2841
7021 2367
7022 1919
7023 2867
7024 1923
7025 1923
7026 3061
7027 3222
7028 1923
7029 1923
7030 1926
7031 1926
7032 1927
7033 1927
7034 1927
7035 1927
7036 1927
7037 1927
7038 1927
7039 1927
7040 2890
7041 1927
7042 1927
7043 1928
7044 1932
7045 1934
7046 1935
7047 1935
7048 2380
7049 1939
7050 1941
7051 1943
7052 1944
7053 1946
7054 1947
7055 1947
7056 1948
7057 1948
7058 1948
7059 3178
7060 1950
7061 1951
7062 1951
7063 1951
7064 1951
7065 1951
7066 1951
7067 1951
7068 1951
7069 2139
7070 1952
7071 1955
7072 1956
7073 1958
7074 1959
7075 1959
7076 1959
7077 3107
7078 1960
7079 1960
7080 1960
7081 1960
7082 1960
7083 2289
7084 1965
7085 2938
7086 1966
7087 1967
7088 1967
7089 1967
7090 2517
7091 1967
7092 2704
7093 3243
7094 1972
7095 1972
7096 2529
7097 1974
7098 3048
7099 1974
7100 1974
7101 1974
7102 1974
7103 1974
7104 1974
7105 1974
7106 1974
7107 1975
7108 1980
7109 1981
7110 1981
7111 1981
7112 1982
7113 1983
7114 1984
7115 1985
7116 1985
7117 2954
7118 1987
7119 3039
7120 1987
7121 1987
7122 2217
7123 1989
7124 1995
7125 1995
7126 1997
7127 3200
7128 2006
7129 2011
7130 2011
7131 2011
7132 2011
7133 2012
7134 2012
7135 2020
7136 3067
7137 2021
7138 2023
7139 2023
7140 2023
7141 2447
7142 2025
7143 2025
7144 2027
7145 2030
7146 2031
7147 3241
7148 2031
7149 2033
7150 2035
7151 2870
7152 2040
7153 2040
7154 2040
7155 2219
7156 2918
7157 2041
7158 2043
7159 3092
7160 2043
7161 2523
7162 2043
7163 2043
7164 2043
7165 2043
7166 2043
7167 2043
7168 2046
7169 2046
7170 2046
7171 2047
7172 2054
7173 3011
7174 2058
7175 2860
7176 3201
7177 2061
7178 2061
7179 2061
7180 2061
7181 2061
7182 2474
7183 2061
7184 2320
7185 2061
7186 2063
7187 2064
7188 2064
7189 3042
7190 2068
7191 2069
7192 2069
7193 2074
7194 2074
7195 2074
7196 2074
7197 2075
7198 2076
7199 2076
7200 2076
7201 2546
7202 2077
7203 2077
7204 2077
7205 2077
7206 2078
7207 2421
7208 2080
7209 2080
7210 2080
7211 2080
7212 2080
7213 2081
7214 2082
7215 2083
7216 2083
7217 2085
7218 2085
7219 2085
7220 2085
7221 2085
7222 2085
7223 3117
7224 2085
7225 2085
7226 2085
7227 2085
7228 2085
7229 2085
7230 2085
7231 2085
7232 2085
7233 2085
7234 2497
7235 2085
7236 2085
7237 2085
7238 2372
7239 2085
7240 2215
7241 2085
7242 2085
7243 2086
7244 2086
7245 2086
7246 2086
7247 2086
7248 2086
7249 2086
7250 2242
7251 2086
7252 2086
7253 2087
7254 2686
7255 2094
7256 2096
7257 2096
7258 2096
7259 2096
7260 2097
7261 2097
7262 2098
7263 2098
7264 2102
7265 2445
7266 2103
7267 3126
7268 2103
7269 2104
7270 2104
7271 2105
7272 2105
7273 2105
7274 2105
7275 2105
7276 2106
7277 2108
7278 2108
7279 2109
7280 2426
7281 2110
7282 2313
7283 2111
7284 2111
7285 2114
7286 2114
7287 2114
7288 3044
7289 2115
7290 2641
7291 2115
7292 2116
7293 2664
7294 2116
7295 2116
7296 2116
7297 2116
7298 2116
7299 2116
7300 2116
7301 2116
7302 2117
7303 2117
7304 2117
7305 2118
7306 2118
7307 2119
7308 2119
7309 2136
7310 2119
7311 2120
7312 2121
7313 3121
7314 2123
7315 2322
7316 2123
7317 2125
7318 2127
7319 2379
7320 2134
7321 2693
7322 2135
7323 2135
7324 2293
7325 2135
7326 2442
7327 2135
7328 2135
7329 2135
7330 2384
7331 2135
7332 3076
7333 2135
7334 2135
7335 2135
7336 2135
7337 2136
7338 2136
7339 2138
7340 2144
7341 2144
7342 2145
7343 2146
7344 2147
7345 2147
7346 2147
7347 2147
7348 2147
7349 2789
7350 2147
7351 2148
7352 3145
7353 2148
7354 2149
7355 2149
7356 2149
7357 2151
7358 2392
7359 2155
7360 2156
7361 2163
7362 2163
7363 2163
7364 2164
7365 2164
7366 2164
7367 2164
7368 2807
7369 3000
7370 2166
7371 2166
7372 2166
7373 3172
7374 3299
7375 2168
7376 2168
7377 2168
7378 2168
7379 2168
7380 2168
7381 2168
7382 2168
7383 2168
7384 2168
7385 2168
7386 2956
7387 2168
7388 2168
7389 2168
7390 2913
7391 2168
7392 2168
7393 3265
7394 2343
7395 2168
7396 2499
7397 2168
7398 2168
7399 2983
7400 2168
7401 2168
7402 2168
7403 2168
7404 2168
7405 2233
7406 2168
7407 2869
7408 2506
7409 2682
7410 2168
7411 2168
7412 2169
7413 2620
7414 2172
7415 2873
7416 2172
7417 2172
7418 2172
7419 3063
7420 2172
7421 2172
7422 2172
7423 3216
7424 2314
7425 2993
7426 2172
7427 2172
7428 2172
7429 2173
7430 2173
7431 2173
7432 2173
7433 2173
7434 2173
7435 2173
7436 2175
7437 2175
7438 2339
7439 2175
7440 2175
7441 2175
7442 2175
7443 2175
7444 2175
7445 2246
7446 2175
7447 2175
7448 2175
7449 2175
7450 2175
7451 2176
7452 2176
7453 2180
7454 2180
7455 2180
7456 2184
7457 2185
7458 2934
7459 2185
7460 2187
7461 2187
7462 2189
7463 2189
7464 2189
7465 2189
7466 3236
7467 3060
7468 3317
7469 2189
7470 2189
7471 2190
7472 2190
7473 2191
7474 2191
7475 3129
7476 2194
7477 2195
7478 2195
7479 2195
7480 2195
7481 2195
7482 2251
7483 2515
7484 2195
7485 2197
7486 2198
7487 2200
7488 2201
7489 2201
7490 2201
7491 2201
7492 2201
7493 2201
7494 2202
7495 2204
7496 2208
7497 2209
7498 2972
7499 2214
7500 2214
7501 2214
7502 2216
7503 2216
7504 2751
7505 2223
7506 2753
7507 2226
7508 2226
7509 2647
7510 2227
7511 2228
7512 2823
7513 3187
7514 2228
7515 2228
7516 2232
7517 2232
7518 2785
7519 2234
7520 2234
7521 3220
7522 2236
7523 2236
7524 2236
7525 2236
7526 2239
7527 2240
7528 2240
7529 2244
7530 2244
7531 2244
7532 2244
7533 2244
7534 2244
7535 2244
7536 2244
7537 2865
7538 2244
7539 2245
7540 2247
7541 2248
7542 2248
7543 2248
7544 2249
7545 2249
7546 2251
7547 2251
7548 2251
7549 2491
7550 2253
7551 2253
7552 2255
7553 2256
7554 2260
7555 2260
7556 2260
7557 2260
7558 2260
7559 2260
7560 2263
7561 2263
7562 2263
7563 2265
7564 2268
7565 2268
7566 2270
7567 2271
7568 2271
7569 2271
7570 2272
7571 2273
7572 2273
7573 2273
7574 2273
7575 2273
7576 2274
7577 2351
7578 2365
7579 2275
7580 2275
7581 2275
7582 2275
7583 2275
7584 2323
7585 2276
7586 2277
7587 2277
7588 2277
7589 2277
7590 2277
7591 2278
7592 2278
7593 3311
7594 2285
7595 2285
7596 2285
7597 2285
7598 2286
7599 2288
7600 2291
7601 2793
7602 2548
7603 3151
7604 2295
7605 2295
7606 2297
7607 2940
7608 2297
7609 2297
7610 2539
7611 2297
7612 2297
7613 2297
7614 2457
7615 2297
7616 2297
7617 2297
7618 3307
7619 2297
7620 2297
7621 2297
7622 2297
7623 2297
7624 2297
7625 2297
7626 2297
7627 2297
7628 2297
7629 2297
7630 2297
7631 2598
7632 2297
7633 2306
7634 2357
7635 2306
7636 2306
7637 2306
7638 2307
7639 2811
7640 2678
7641 2311
7642 2313
7643 2313
7644 2313
7645 2768
7646 2319
7647 2319
7648 2320
7649 2322
7650 2936
7651 2322
7652 2985
7653 2908
7654 2323
7655 2324
7656 2325
7657 2326
7658 2842
7659 2326
7660 2326
7661 3293
7662 2327
7663 2328
7664 2330
7665 2371
7666 2331
7667 2332
7668 2377
7669 2332
7670 2332
7671 2332
7672 2332
7673 2332
7674 2332
7675 2333
7676 2333
7677 2333
7678 2335
7679 2336
7680 2336
7681 2578
7682 2336
7683 2336
7684 2336
7685 2336
7686 2336
7687 2503
7688 2339
7689 2339
7690 2339
7691 2344
7692 2345
7693 2345
7694 2345
7695 2345
7696 2345
7697 2346
7698 2346
7699 2347
7700 2347
7701 2347
7702 2348
7703 2348
7704 2348
7705 2348
7706 2349
7707 2349
7708 2397
7709 2532
7710 2349
7711 2819
7712 2349
7713 2810
7714 2349
7715 2349
7716 2349
7717 2898
7718 2349
7719 2349
7720 2350
7721 2350
7722 2350
7723 2351
7724 2352
7725 2354
7726 2885
7727 2888
7728 2354
7729 2354
7730 2531
7731 2359
7732 2359
7733 2362
7734 2362
7735 3229
7736 2366
7737 2366
7738 2366
7739 2762
7740 2367
7741 2368
7742 2368
7743 2368
7744 2368
7745 2662
7746 2369
7747 2369
7748 3213
7749 2372
7750 2373
7751 2375
7752 2373
7753 2373
7754 2373
7755 2907
7756 2374
7757 2374
7758 2375
7759 2376
7760 2376
7761 2376
7762 2377
7763 2377
7764 2379
7765 2379
7766 2379
7767 2381
7768 2382
7769 2382
7770 3245
7771 2383
7772 2385
7773 2385
7774 2396
7775 2387
7776 2387
7777 2695
7778 2387
7779 2623
7780 3180
7781 2390
7782 2392
7783 2392
7784 2392
7785 2392
7786 2393
7787 2394
7788 2395
7789 2395
7790 2397
7791 2402
7792 2713
7793 2402
7794 2407
7795 2408
7796 2408
7797 2408
7798 2408
7799 2408
7800 2410
7801 2410
7802 2535
7803 2410
7804 2410
7805 2410
7806 2410
7807 2414
7808 2414
7809 2414
7810 2417
7811 2417
7812 2418
7813 2418
7814 2418
7815 3147
7816 2420
7817 2420
7818 2420
7819 2422
7820 2422
7821 2830
7822 2423
7823 2424
7824 2424
7825 2424
7826 2424
7827 2424
7828 2427
7829 2427
7830 2428
7831 2430
7832 2431
7833 2434
7834 2434
7835 2434
7836 2435
7837 2436
7838 2889
7839 2440
7840 2440
7841 2440
7842 2440
7843 2440
7844 2440
7845 3165
7846 2440
7847 2441
7848 2441
7849 2441
7850 2524
7851 2815
7852 2562
7853 2441
7854 2441
7855 2441
7856 2441
7857 2441
7858 2441
7859 2441
7860 2441
7861 2442
7862 2442
7863 2443
7864 3002
7865 2882
7866 2443
7867 2443
7868 2443
7869 2446
7870 2446
7871 2446
7872 2449
7873 2451
7874 2451
7875 2451
7876 2510
7877 2452
7878 2455
7879 2455
7880 2455
7881 2455
7882 2455
7883 2455
7884 2455
7885 2455
7886 2455
7887 2455
7888 2455
7889 2455
7890 2455
7891 2455
7892 2455
7893 2456
7894 2456
7895 2456
7896 2859
7897 2456
7898 2456
7899 2456
7900 3291
7901 2669
7902 2456
7903 2456
7904 2456
7905 2456
7906 2456
7907 2456
7908 2456
7909 2456
7910 2456
7911 2456
7912 2456
7913 2456
7914 2567
7915 2456
7916 2456
7917 2456
7918 2456
7919 2456
7920 2456
7921 2456
7922 3142
7923 2456
7924 2456
7925 2456
7926 2456
7927 2456
7928 2456
7929 2456
7930 2456
7931 2456
7932 2456
7933 2456
7934 3231
7935 2551
7936 2542
7937 2741
7938 2462
7939 3277
7940 2464
7941 2464
7942 2464
7943 2466
7944 2467
7945 2468
7946 2470
7947 2470
7948 2470
7949 2471
7950 2471
7951 2565
7952 2471
7953 2471
7954 2667
7955 2471
7956 2471
7957 2471
7958 2473
7959 2474
7960 2477
7961 2477
7962 2477
7963 2477
7964 2477
7965 2477
7966 2477
7967 3062
7968 2477
7969 3133
7970 2477
7971 2477
7972 2477
7973 2477
7974 2477
7975 2477
7976 2477
7977 2477
7978 2477
7979 2477
7980 2477
7981 2477
7982 2477
7983 2477
7984 2477
7985 2477
7986 2477
7987 2477
7988 2477
7989 2477
7990 3155
7991 2477
7992 2477
7993 2477
7994 2477
7995 2477
7996 2477
7997 2477
7998 2612
7999 2477
8000 2477
8001 2477
8002 2477
8003 2477
8004 2514
8005 2477
8006 2534
8007 2477
8008 2477
8009 2477
8010 2760
8011 2477
8012 2477
8013 2477
8014 2477
8015 2477
8016 2477
8017 2477
8018 2522
8019 2477
8020 3124
8021 2477
8022 2477
8023 2477
8024 2477
8025 2710
8026 2477
8027 2477
8028 3118
8029 2477
8030 2477
8031 2477
8032 2477
8033 2791
8034 2479
8035 2479
8036 2479
8037 2479
8038 2479
8039 2479
8040 2697
8041 2479
8042 2479
8043 2479
8044 2479
8045 2479
8046 2479
8047 2557
8048 2479
8049 2480
8050 2483
8051 2485
8052 2486
8053 2486
8054 2486
8055 2486
8056 2486
8057 2486
8058 2488
8059 2489
8060 2490
8061 2491
8062 2491
8063 2491
8064 2491
8065 2495
8066 2496
8067 2496
8068 2497
8069 2595
8070 2497
8071 2497
8072 2497
8073 3268
8074 2497
8075 2497
8076 2497
8077 2498
8078 2499
8079 2499
8080 3110
8081 2499
8082 2499
8083 2499
8084 2499
8085 2499
8086 2846
8087 2503
8088 2560
8089 2505
8090 2506
8091 2884
8092 3191
8093 2511
8094 2511
8095 2511
8096 2511
8097 2511
8098 2727
8099 2511
8100 3005
8101 2511
8102 2511
8103 2511
8104 2511
8105 2511
8106 2511
8107 3012
8108 2632
8109 2824
8110 2511
8111 2511
8112 2511
8113 2511
8114 2663
8115 2511
8116 2511
8117 2511
8118 2511
8119 2511
8120 2511
8121 3086
8122 2511
8123 2512
8124 2512
8125 2514
8126 2514
8127 2516
8128 3160
8129 2517
8130 2519
8131 2519
8132 2519
8133 2519
8134 2519
8135 2519
8136 2519
8137 2519
8138 2519
8139 2519
8140 2519
8141 2519
8142 2519
8143 2519
8144 2520
8145 2561
8146 2520
8147 2520
8148 2520
8149 2520
8150 2520
8151 2521
8152 2523
8153 2525
8154 2525
8155 2525
8156 2526
8157 2526
8158 2527
8159 2528
8160 2529
8161 2529
8162 2529
8163 2530
8164 2530
8165 2530
8166 2530
8167 2530
8168 2530
8169 2530
8170 2532
8171 2639
8172 2535
8173 2535
8174 2536
8175 2536
8176 2593
8177 2536
8178 2880
8179 2540
8180 2540
8181 2540
8182 2540
8183 2540
8184 2540
8185 2540
8186 2540
8187 2540
8188 2540
8189 2540
8190 2540
8191 2540
8192 2540
8193 2540
8194 2540
8195 2540
8196 2540
8197 2540
8198 2540
8199 2540
8200 2540
8201 2540
8202 2540
8203 2540
8204 2540
8205 2540
8206 2540
8207 2540
8208 2540
8209 2540
8210 2540
8211 2540
8212 2540
8213 2540
8214 2540
8215 3019
8216 2540
8217 2540
8218 2540
8219 2540
8220 2540
8221 2541
8222 2541
8223 3301
8224 2541
8225 2541
8226 2963
8227 2739
8228 2541
8229 2542
8230 2542
8231 2755
8232 2542
8233 2544
8234 2546
8235 2546
8236 2546
8237 2546
8238 2549
8239 2549
8240 2549
8241 2549
8242 2549
8243 2549
8244 3281
8245 2877
8246 2551
8247 2551
8248 2552
8249 2552
8250 3286
8251 2554
8252 2554
8253 2555
8254 2555
8255 2557
8256 2557
8257 2561
8258 2561
8259 2561
8260 2561
8261 2561
8262 2783
8263 2561
8264 2561
8265 2561
8266 2561
8267 3004
8268 2563
8269 2563
8270 2563
8271 2563
8272 2563
8273 2563
8274 2563
8275 2563
8276 2564
8277 2564
8278 3297
8279 2564
8280 3018
8281 2564
8282 2564
8283 2565
8284 2828
8285 2567
8286 2568
8287 2568
8288 2971
8289 2568
8290 3226
8291 2568
8292 2568
8293 2568
8294 2568
8295 3024
8296 2570
8297 2570
8298 2570
8299 2570
8300 2570
8301 2571
8302 3254
8303 2573
8304 2573
8305 2711
8306 2574
8307 2574
8308 2586
8309 2575
8310 2575
8311 2575
8312 2575
8313 2575
8314 2575
8315 2575
8316 2576
8317 3159
8318 2579
8319 2579
8320 2579
8321 2579
8322 2579
8323 2579
8324 2911
8325 2581
8326 2581
8327 3059
8328 2581
8329 2581
8330 2581
8331 2581
8332 2581
8333 2581
8334 2581
8335 2658
8336 2582
8337 2586
8338 2587
8339 2588
8340 3208
8341 2589
8342 2589
8343 2589
8344 2589
8345 2589
8346 2589
8347 2590
8348 2592
8349 2592
8350 2594
8351 2597
8352 2598
8353 2598
8354 2977
8355 2598
8356 2600
8357 3322
8358 2601
8359 2602
8360 2688
8361 2604
8362 2874
8363 2609
8364 2609
8365 2609
8366 2725
8367 2611
8368 2611
8369 2611
8370 3021
8371 2612
8372 2614
8373 2614
8374 2614
8375 2614
8376 2615
8377 2615
8378 2615
8379 2615
8380 2615
8381 3198
8382 2615
8383 2615
8384 2615
8385 2615
8386 2615
8387 2857
8388 2620
8389 2622
8390 2622
8391 2628
8392 2628
8393 2628
8394 3193
8395 2628
8396 2628
8397 2628
8398 2628
8399 2628
8400 2628
8401 2628
8402 3090
8403 2628
8404 2628
8405 2628
8406 2628
8407 2787
8408 2628
8409 2628
8410 2628
8411 2628
8412 2628
8413 2628
8414 2628
8415 2628
8416 3244
8417 2628
8418 2628
8419 2628
8420 2628
8421 2628
8422 2628
8423 2628
8424 2628
8425 2628
8426 2628
8427 2628
8428 2628
8429 2628
8430 2628
8431 2628
8432 2628
8433 2628
8434 2655
8435 2628
8436 2628
8437 2628
8438 2628
8439 2628
8440 2628
8441 2628
8442 2628
8443 2628
8444 2628
8445 2628
8446 2628
8447 2628
8448 2628
8449 2628
8450 2628
8451 2628
8452 2631
8453 2631
8454 2631
8455 2632
8456 2632
8457 2632
8458 3139
8459 2632
8460 2632
8461 2632
8462 2632
8463 2632
8464 2632
8465 2633
8466 2633
8467 2633
8468 2633
8469 2633
8470 2633
8471 2634
8472 2634
8473 2634
8474 2634
8475 2916
8476 2636
8477 2636
8478 2638
8479 2640
8480 2641
8481 2641
8482 2641
8483 2641
8484 2642
8485 2642
8486 2642
8487 2642
8488 2642
8489 2645
8490 2648
8491 2650
8492 2650
8493 2707
8494 2652
8495 2654
8496 2654
8497 2655
8498 2659
8499 2659
8500 2662
8501 2666
8502 2666
8503 3130
8504 2765
8505 2666
8506 2666
8507 2666
8508 2666
8509 2666
8510 2666
8511 2666
8512 2666
8513 2666
8514 2666
8515 3135
8516 2666
8517 2666
8518 2666
8519 2666
8520 2666
8521 2666
8522 2666
8523 2666
8524 2666
8525 2666
8526 2666
8527 2666
8528 2976
8529 2666
8530 2666
8531 2666
8532 2666
8533 2666
8534 2666
8535 2666
8536 2666
8537 2666
8538 2666
8539 2666
8540 2666
8541 2666
8542 2666
8543 2666
8544 2666
8545 2666
8546 2666
8547 2666
8548 2666
8549 2666
8550 2666
8551 2666
8552 2666
8553 2666
8554 2666
8555 2666
8556 2666
8557 2666
8558 2666
8559 2666
8560 2666
8561 2668
8562 2669
8563 2671
8564 2671
8565 2672
8566 2672
8567 2779
8568 2673
8569 2673
8570 2673
8571 2673
8572 2673
8573 2673
8574 2673
8575 2673
8576 3163
8577 2674
8578 2674
8579 2675
8580 2675
8581 2675
8582 2675
8583 2675
8584 2675
8585 3282
8586 2683
8587 2683
8588 2683
8589 2684
8590 2688
8591 2724
8592 2688
8593 2688
8594 2689
8595 2690
8596 2691
8597 2691
8598 2691
8599 2691
8600 2691
8601 2693
8602 2699
8603 2699
8604 2699
8605 2701
8606 2701
8607 2701
8608 2701
8609 2843
8610 2702
8611 2703
8612 2703
8613 2703
8614 2703
8615 2703
8616 2703
8617 2704
8618 2714
8619 2716
8620 2716
8621 2718
8622 2718
8623 3211
8624 2718
8625 2718
8626 2718
8627 2718
8628 2718
8629 2718
8630 2718
8631 2718
8632 2718
8633 2718
8634 2718
8635 2718
8636 2718
8637 2718
8638 2718
8639 2718
8640 2718
8641 2720
8642 2736
8643 2723
8644 2724
8645 2724
8646 2726
8647 2726
8648 2726
8649 2726
8650 2975
8651 2726
8652 2726
8653 2726
8654 2726
8655 2726
8656 2727
8657 3065
8658 2727
8659 2728
8660 2729
8661 2729
8662 2729
8663 2732
8664 2732
8665 2732
8666 2733
8667 2733
8668 2733
8669 2733
8670 3259
8671 2733
8672 2733
8673 2736
8674 2736
8675 2736
8676 2740
8677 2740
8678 2740
8679 2741
8680 2741
8681 2741
8682 2741
8683 2741
8684 2741
8685 2769
8686 2742
8687 2742
8688 2744
8689 2745
8690 2745
8691 2909
8692 2745
8693 2745
8694 2745
8695 2745
8696 2746
8697 2746
8698 2746
8699 2746
8700 2746
8701 2747
8702 2748
8703 2748
8704 2749
8705 2749
8706 2749
8707 2749
8708 2752
8709 2752
8710 2752
8711 2752
8712 2752
8713 2752
8714 2752
8715 3169
8716 2756
8717 2760
8718 2760
8719 2762
8720 2762
8721 2762
8722 2767
8723 2767
8724 2767
8725 2767
8726 2767
8727 2767
8728 3108
8729 2770
8730 2772
8731 2772
8732 2772
8733 2772
8734 2772
8735 2773
8736 2774
8737 2774
8738 3032
8739 2774
8740 2774
8741 2774
8742 2774
8743 3083
8744 2774
8745 2775
8746 2775
8747 2776
8748 2776
8749 2776
8750 2776
8751 3104
8752 2777
8753 2952
8754 2784
8755 2886
8756 2791
8757 2792
8758 2792
8759 2792
8760 2792
8761 2792
8762 2793
8763 2793
8764 2793
8765 2793
8766 2793
8767 2796
8768 2796
8769 2796
8770 2796
8771 2796
8772 2796
8773 2797
8774 2797
8775 2797
8776 2797
8777 2798
8778 2801
8779 2802
8780 2803
8781 2804
8782 2806
8783 2806
8784 2808
8785 2810
8786 2812
8787 2813
8788 3204
8789 2818
8790 2818
8791 2818
8792 2818
8793 2818
8794 2818
8795 2818
8796 2818
8797 2818
8798 2818
8799 2818
8800 2818
8801 2818
8802 2818
8803 2818
8804 2818
8805 2818
8806 2818
8807 2818
8808 2818
8809 2818
8810 2818
8811 2818
8812 2818
8813 2818
8814 2819
8815 2819
8816 2820
8817 2820
8818 2823
8819 2823
8820 3284
8821 2825
8822 2826
8823 2827
8824 2828
8825 2829
8826 2829
8827 2831
8828 2833
8829 2833
8830 3008
8831 2836
8832 2837
8833 2837
8834 2840
8835 2840
8836 2840
8837 2840
8838 2840
8839 2840
8840 2840
8841 2840
8842 2840
8843 2843
8844 2843
8845 2843
8846 2846
8847 2847
8848 2847
8849 2847
8850 2847
8851 2847
8852 2848
8853 2848
8854 2848
8855 2848
8856 2848
8857 2848
8858 2848
8859 2848
8860 2849
8861 2849
8862 2850
8863 2851
8864 3026
8865 2854
8866 2854
8867 2854
8868 2854
8869 2857
8870 2857
8871 2858
8872 2861
8873 2861
8874 2861
8875 2863
8876 2863
8877 2863
8878 2863
8879 2863
8880 2864
8881 2864
8882 2865
8883 2865
8884 2867
8885 2867
8886 2867
8887 2867
8888 2867
8889 2867
8890 2867
8891 2867
8892 2867
8893 2867
8894 2867
8895 2867
8896 2867
8897 2867
8898 2867
8899 2867
8900 2867
8901 2867
8902 2867
8903 2867
8904 2867
8905 2867
8906 2867
8907 2868
8908 2868
8909 2868
8910 2869
8911 2935
8912 2870
8913 2872
8914 2872
8915 2872
8916 2872
8917 2872
8918 2872
8919 2872
8920 2873
8921 2875
8922 2875
8923 2876
8924 2876
8925 2876
8926 2876
8927 2878
8928 2879
8929 2879
8930 2879
8931 2882
8932 3113
8933 2886
8934 2887
8935 2887
8936 2887
8937 2888
8938 2890
8939 2890
8940 2890
8941 2890
8942 2890
8943 2890
8944 3037
8945 2890
8946 2890
8947 2890
8948 2890
8949 2890
8950 2890
8951 2890
8952 2890
8953 2890
8954 2890
8955 3318
8956 2890
8957 2891
8958 2892
8959 2894
8960 2894
8961 2894
8962 2894
8963 2897
8964 2897
8965 2899
8966 2899
8967 2899
8968 2899
8969 2899
8970 3047
8971 2899
8972 2899
8973 2899
8974 2901
8975 2902
8976 2903
8977 2903
8978 2903
8979 2903
8980 2903
8981 2903
8982 2903
8983 2903
8984 2903
8985 2903
8986 2903
8987 2903
8988 2903
8989 2903
8990 2903
8991 2905
8992 2905
8993 2907
8994 2907
8995 2909
8996 2910
8997 2911
8998 2912
8999 2913
9000 2913
9001 2913
9002 2913
9003 2913
9004 2913
9005 2913
9006 2913
9007 2913
9008 2913
9009 2913
9010 2913
9011 2914
9012 2915
9013 2915
9014 3179
9015 2915
9016 3105
9017 2916
9018 2916
9019 2917
9020 2921
9021 2923
9022 2923
9023 2923
9024 2926
9025 2926
9026 2930
9027 2930
9028 2930
9029 2930
9030 2931
9031 2932
9032 2932
9033 2932
9034 2932
9035 2932
9036 2937
9037 2937
9038 2937
9039 3194
9040 3081
9041 2937
9042 2939
9043 2939
9044 2940
9045 2943
9046 2945
9047 2945
9048 2947
9049 2948
9050 2948
9051 2949
9052 3146
9053 2949
9054 2949
9055 2949
9056 2949
9057 2949
9058 2949
9059 2949
9060 2949
9061 2949
9062 2949
9063 2949
9064 2949
9065 2949
9066 2949
9067 2949
9068 2949
9069 2950
9070 2951
9071 2959
9072 2959
9073 2959
9074 2960
9075 2962
9076 2964
9077 2965
9078 2965
9079 2966
9080 2967
9081 2968
9082 2972
9083 2972
9084 2972
9085 2972
9086 2972
9087 2974
9088 2975
9089 2976
9090 2977
9091 2977
9092 2977
9093 2977
9094 2977
9095 2980
9096 2980
9097 2981
9098 2981
9099 2982
9100 2982
9101 2982
9102 2982
9103 2982
9104 3257
9105 2982
9106 2982
9107 2982
9108 2983
9109 2983
9110 2983
9111 2983
9112 2983
9113 2983
9114 2983
9115 2985
9116 2985
9117 2985
9118 2985
9119 3093
9120 3049
9121 2987
9122 2988
9123 2988
9124 2988
9125 2988
9126 2988
9127 2991
9128 2991
9129 2993
9130 2994
9131 2994
9132 2994
9133 2994
9134 2994
9135 2994
9136 2994
9137 2996
9138 2996
9139 2996
9140 2997
9141 2998
9142 2998
9143 2998
9144 2999
9145 2999
9146 3103
9147 3000
9148 3000
9149 3000
9150 3000
9151 3000
9152 3001
9153 3002
9154 3004
9155 3004
9156 3004
9157 3004
9158 3004
9159 3004
9160 3004
9161 3004
9162 3005
9163 3005
9164 3005
9165 3005
9166 3005
9167 3005
9168 3005
9169 3005
9170 3005
9171 3005
9172 3005
9173 3005
9174 3005
9175 3005
9176 3005
9177 3005
9178 3005
9179 3005
9180 3005
9181 3005
9182 3005
9183 3005
9184 3005
9185 3005
9186 3005
9187 3005
9188 3005
9189 3005
9190 3005
9191 3005
9192 3005
9193 3005
9194 3005
9195 3005
9196 3005
9197 3005
9198 3005
9199 3005
9200 3005
9201 3005
9202 3005
9203 3005
9204 3005
9205 3005
9206 3005
9207 3005
9208 3005
9209 3005
9210 3005
9211 3005
9212 3005
9213 3005
9214 3005
9215 3005
9216 3005
9217 3005
9218 3005
9219 3005
9220 3295
9221 3005
9222 3005
9223 3005
9224 3005
9225 3005
9226 3132
9227 3005
9228 3005
9229 3005
9230 3005
9231 3005
9232 3005
9233 3005
9234 3005
9235 3005
9236 3005
9237 3005
9238 3005
9239 3023
9240 3005
9241 3005
9242 3005
9243 3005
9244 3005
9245 3005
9246 3005
9247 3005
9248 3005
9249 3005
9250 3005
9251 3005
9252 3005
9253 3005
9254 3251
9255 3005
9256 3005
9257 3005
9258 3005
9259 3005
9260 3005
9261 3005
9262 3005
9263 3005
9264 3005
9265 3005
9266 3005
9267 3005
9268 3005
9269 3005
9270 3005
9271 3005
9272 3005
9273 3005
9274 3005
9275 3005
9276 3005
9277 3005
9278 3005
9279 3005
9280 3005
9281 3005
9282 3005
9283 3005
9284 3005
9285 3005
9286 3005
9287 3005
9288 3005
9289 3005
9290 3144
9291 3005
9292 3005
9293 3005
9294 3005
9295 3005
9296 3005
9297 3005
9298 3005
9299 3005
9300 3005
9301 3005
9302 3005
9303 3005
9304 3005
9305 3005
9306 3005
9307 3005
9308 3005
9309 3005
9310 3005
9311 3005
9312 3005
9313 3005
9314 3005
9315 3005
9316 3005
9317 3005
9318 3005
9319 3005
9320 3005
9321 3005
9322 3005
9323 3005
9324 3005
9325 3005
9326 3005
9327 3005
9328 3005
9329 3197
9330 3005
9331 3190
9332 3005
9333 3115
9334 3005
9335 3005
9336 3005
9337 3005
9338 3005
9339 3005
9340 3005
9341 3005
9342 3005
9343 3005
9344 3005
9345 3005
9346 3005
9347 3005
9348 3005
9349 3005
9350 3005
9351 3005
9352 3005
9353 3005
9354 3005
9355 3005
9356 3005
9357 3005
9358 3005
9359 3005
9360 3005
9361 3005
9362 3005
9363 3005
9364 3005
9365 3005
9366 3005
9367 3005
9368 3010
9369 3010
9370 3010
9371 3185
9372 3015
9373 3161
9374 3015
9375 3015
9376 3015
9377 3015
9378 3015
9379 3015
9380 3015
9381 3015
9382 3015
9383 3015
9384 3015
9385 3015
9386 3015
9387 3015
9388 3015
9389 3015
9390 3015
9391 3015
9392 3015
9393 3015
9394 3015
9395 3018
9396 3018
9397 3018
9398 3019
9399 3019
9400 3019
9401 3019
9402 3019
9403 3019
9404 3019
9405 3019
9406 3019
9407 3019
9408 3020
9409 3020
9410 3020
9411 3020
9412 3020
9413 3021
9414 3021
9415 3021
9416 3022
9417 3025
9418 3025
9419 3025
9420 3025
9421 3027
9422 3028
9423 3028
9424 3030
9425 3030
9426 3030
9427 3034
9428 3034
9429 3034
9430 3034
9431 3034
9432 3036
9433 3037
9434 3272
9435 3037
9436 3037
9437 3037
9438 3040
9439 3094
9440 3041
9441 3041
9442 3043
9443 3044
9444 3046
9445 3047
9446 3246
9447 3048
9448 3048
9449 3050
9450 3050
9451 3051
9452 3173
9453 3056
9454 3056
9455 3057
9456 3057
9457 3057
9458 3057
9459 3057
9460 3057
9461 3059
9462 3059
9463 3059
9464 3059
9465 3127
9466 3059
9467 3059
9468 3059
9469 3059
9470 3059
9471 3059
9472 3059
9473 3059
9474 3059
9475 3059
9476 3059
9477 3059
9478 3059
9479 3059
9480 3059
9481 3059
9482 3059
9483 3059
9484 3059
9485 3059
9486 3059
9487 3059
9488 3059
9489 3059
9490 3059
9491 3059
9492 3059
9493 3059
9494 3059
9495 3059
9496 3059
9497 3059
9498 3059
9499 3059
9500 3059
9501 3059
9502 3059
9503 3059
9504 3059
9505 3060
9506 3060
9507 3060
9508 3060
9509 3060
9510 3060
9511 3060
9512 3060
9513 3060
9514 3060
9515 3060
9516 3060
9517 3060
9518 3060
9519 3063
9520 3063
9521 3063
9522 3063
9523 3067
9524 3067
9525 3067
9526 3069
9527 3069
9528 3070
9529 3070
9530 3070
9531 3070
9532 3071
9533 3073
9534 3073
9535 3073
9536 3073
9537 3073
9538 3075
9539 3075
9540 3075
9541 3075
9542 3075
9543 3075
9544 3077
9545 3077
9546 3078
9547 3080
9548 3080
9549 3081
9550 3083
9551 3085
9552 3086
9553 3086
9554 3086
9555 3086
9556 3088
9557 3091
9558 3091
9559 3091
9560 3091
9561 3091
9562 3093
9563 3094
9564 3098
9565 3098
9566 3103
9567 3104
9568 3105
9569 3108
9570 3112
9571 3112
9572 3112
9573 3112
9574 3112
9575 3112
9576 3112
9577 3113
9578 3115
9579 3115
9580 3115
9581 3115
9582 3115
9583 3116
9584 3305
9585 3120
9586 3120
9587 3121
9588 3121
9589 3121
9590 3121
9591 3121
9592 3121
9593 3121
9594 3121
9595 3207
9596 3131
9597 3131
9598 3133
9599 3134
9600 3134
9601 3134
9602 3134
9603 3134
9604 3134
9605 3134
9606 3134
9607 3134
9608 3134
9609 3134
9610 3134
9611 3134
9612 3134
9613 3134
9614 3134
9615 3134
9616 3134
9617 3134
9618 3134
9619 3134
9620 3134
9621 3134
9622 3134
9623 3134
9624 3134
9625 3134
9626 3134
9627 3134
9628 3134
9629 3134
9630 3134
9631 3134
9632 3134
9633 3177
9634 3134
9635 3134
9636 3134
9637 3134
9638 3134
9639 3134
9640 3134
9641 3134
9642 3134
9643 3283
9644 3217
9645 3134
9646 3134
9647 3134
9648 3134
9649 3134
9650 3134
9651 3134
9652 3134
9653 3134
9654 3134
9655 3134
9656 3134
9657 3134
9658 3134
9659 3134
9660 3134
9661 3134
9662 3134
9663 3134
9664 3134
9665 3134
9666 3134
9667 3134
9668 3134
9669 3134
9670 3134
9671 3134
9672 3134
9673 3134
9674 3134
9675 3134
9676 3134
9677 3134
9678 3134
9679 3134
9680 3134
9681 3134
9682 3134
9683 3134
9684 3134
9685 3134
9686 3134
9687 3134
9688 3134
9689 3134
9690 3134
9691 3134
9692 3134
9693 3134
9694 3134
9695 3134
9696 3134
9697 3134
9698 3134
9699 3134
9700 3134
9701 3134
9702 3134
9703 3134
9704 3134
9705 3134
9706 3134
9707 3134
9708 3134
9709 3143
9710 3136
9711 3136
9712 3136
9713 3136
9714 3262
9715 3136
9716 3137
9717 3137
9718 3137
9719 3137
9720 3137
9721 3138
9722 3140
9723 3143
9724 3146
9725 3146
9726 3148
9727 3148
9728 3148
9729 3150
9730 3150
9731 3150
9732 3152
9733 3152
9734 3152
9735 3152
9736 3152
9737 3152
9738 3152
9739 3312
9740 3152
9741 3154
9742 3154
9743 3158
9744 3159
9745 3159
9746 3159
9747 3160
9748 3160
9749 3160
9750 3160
9751 3160
9752 3160
9753 3160
9754 3160
9755 3160
9756 3160
9757 3160
9758 3160
9759 3160
9760 3160
9761 3160
9762 3161
9763 3165
9764 3165
9765 3165
9766 3165
9767 3165
9768 3165
9769 3168
9770 3168
9771 3170
9772 3170
9773 3178
9774 3178
9775 3178
9776 3178
9777 3179
9778 3179
9779 3180
9780 3180
9781 3182
9782 3184
9783 3184
9784 3186
9785 3186
9786 3186
9787 3186
9788 3186
9789 3186
9790 3186
9791 3187
9792 3187
9793 3188
9794 3188
9795 3188
9796 3191
9797 3191
9798 3191
9799 3191
9800 3192
9801 3192
9802 3193
9803 3195
9804 3195
9805 3195
9806 3195
9807 3195
9808 3196
9809 3204
9810 3206
9811 3212
9812 3212
9813 3214
9814 3220
9815 3220
9816 3220
9817 3220
9818 3220
9819 3221
9820 3221
9821 3221
9822 3221
9823 3221
9824 3221
9825 3221
9826 3221
9827 3221
9828 3221
9829 3221
9830 3221
9831 3221
9832 3221
9833 3221
9834 3221
9835 3221
9836 3225
9837 3225
9838 3225
9839 3225
9840 3225
9841 3227
9842 3229
9843 3230
9844 3230
9845 3230
9846 3230
9847 3231
9848 3231
9849 3231
9850 3231
9851 3231
9852 3233
9853 3234
9854 3234
9855 3234
9856 3235
9857 3235
9858 3235
9859 3235
9860 3235
9861 3235
9862 3235
9863 3237
9864 3237
9865 3237
9866 3237
9867 3240
9868 3240
9869 3240
9870 3241
9871 3244
9872 3244
9873 3249
9874 3249
9875 3249
9876 3251
9877 3251
9878 3253
9879 3253
9880 3253
9881 3253
9882 3255
9883 3255
9884 3255
9885 3255
9886 3255
9887 3255
9888 3256
9889 3256
9890 3256
9891 3256
9892 3257
9893 3259
9894 3264
9895 3265
9896 3265
9897 3265
9898 3265
9899 3266
9900 3266
9901 3266
9902 3266
9903 3266
9904 3266
9905 3266
9906 3266
9907 3266
9908 3269
9909 3271
9910 3272
9911 3272
9912 3272
9913 3272
9914 3272
9915 3273
9916 3273
9917 3273
9918 3274
9919 3274
9920 3274
9921 3274
9922 3274
9923 3274
9924 3275
9925 3277
9926 3277
9927 3277
9928 3277
9929 3277
9930 3277
9931 3279
9932 3279
9933 3280
9934 3281
9935 3282
9936 3282
9937 3283
9938 3285
9939 3286
9940 3289
9941 3289
9942 3290
9943 3290
9944 3290
9945 3290
9946 3290
9947 3290
9948 3290
9949 3290
9950 3290
9951 3290
9952 3290
9953 3290
9954 3290
9955 3290
9956 3290
9957 3290
9958 3290
9959 3290
9960 3291
9961 3292
9962 3294
9963 3295
9964 3295
9965 3295
9966 3296
9967 3296
9968 3299
9969 3299
9970 3299
9971 3302
9972 3304
9973 3304
9974 3304
9975 3306
9976 3308
9977 3310
9978 3310
9979 3311
9980 3313
9981 3313
9982 3313
9983 3313
9984 3315
9985 3315
9986 3315
9987 3315
9988 3316
9989 3317
9990 3317
9991 3317
9992 3317
9993 3320
9994 3321
9995 3321
9996 3322
9997 3322
9998 3322
9999 3322
