10000 9999
1 0
2 1
3 0
4 3
5 2
6 5
7 5
8 5
9 7
10 9
11 5
12 5
13 5
14 10
15 12
16 14
17 14
18 15
19 12
20 17
21 18
22 18
23 12
24 18
25 6
26 20
27 12
28 13
29 18
30 11
31 22
32 14
33 23
34 17
35 34
36 33
37 7
38 32
39 14
40 14
41 25
42 34
43 26
44 42
45 42
46 29
47 42
48 39
49 38
50 14
51 27
52 50
53 30
54 53
55 52
56 31
57 10
58 52
59 52
60 21
61 52
62 53
63 54
64 19
65 21
66 46
67 52
68 52
69 42
70 55
71 67
72 56
73 50
74 67
75 46
76 55
77 41
78 52
79 61
80 46
81 45
82 64
83 77
84 44
85 61
86 64
87 54
88 51
89 72
90 83
91 59
92 42
93 60
94 67
95 56
96 52
97 53
98 78
99 54
100 52
101 64
102 43
103 81
104 64
105 75
106 85
107 82
108 95
109 76
110 67
111 95
112 108
113 36
114 96
115 44
116 80
117 100
118 110
119 100
120 113
121 63
122 113
123 102
124 85
125 89
126 83
127 98
128 52
129 28
130 61
131 55
132 54
133 118
134 24
135 100
136 128
137 97
138 109
139 110
140 46
141 60
142 133
143 110
144 86
145 66
146 90
147 100
148 100
149 142
150 102
151 124
152 52
153 45
154 49
155 65
156 149
157 114
158 101
159 98
160 92
161 137
162 92
163 85
164 90
165 157
166 69
167 114
168 106
169 93
170 137
171 95
172 170
173 57
174 39
175 151
176 35
177 137
178 88
179 67
180 55
181 115
182 109
183 54
184 110
185 178
186 99
187 182
188 67
189 186
190 153
191 108
192 170
193 133
194 100
195 170
196 93
197 67
198 159
199 172
200 143
201 179
202 93
203 173
204 91
205 97
206 138
207 100
208 182
209 108
210 137
211 49
212 102
213 110
214 174
215 193
216 214
217 55
218 197
219 108
220 16
221 110
222 201
223 201
224 198
225 218
226 182
227 146
228 145
229 226
230 43
231 201
232 139
233 134
234 188
235 186
236 133
237 201
238 165
239 200
240 100
241 201
242 230
243 169
244 220
245 52
246 201
247 56
248 156
249 202
250 239
251 137
252 108
253 120
254 243
255 163
256 201
257 204
258 201
259 201
260 201
261 73
262 201
263 201
264 102
265 178
266 56
267 239
268 54
269 74
270 210
271 200
272 202
273 178
274 170
275 14
276 102
277 190
278 201
279 252
280 200
281 213
282 201
283 170
284 54
285 200
286 129
287 276
288 203
289 167
290 246
291 201
292 217
293 201
294 224
295 279
296 264
297 176
298 237
299 52
300 280
301 201
302 207
303 201
304 252
305 110
306 235
307 201
308 203
309 83
310 99
311 217
312 275
313 154
314 123
315 157
316 201
317 243
318 243
319 234
320 170
321 201
322 137
323 252
324 201
325 220
326 223
327 195
328 313
329 275
330 317
331 262
332 137
333 257
334 170
335 155
336 243
337 201
338 54
339 253
340 256
341 252
342 303
343 173
344 254
345 310
346 166
347 306
348 185
349 147
350 286
351 246
352 201
353 321
354 171
355 201
356 187
357 263
358 205
359 203
360 122
361 201
362 332
363 275
364 363
365 105
366 362
367 268
368 216
369 201
370 363
371 277
372 355
373 200
374 303
375 136
376 322
377 46
378 298
379 218
380 219
381 201
382 297
383 154
384 355
385 239
386 287
387 107
388 301
389 201
390 362
391 99
392 201
393 201
394 182
395 316
396 201
397 330
398 138
399 130
400 215
401 243
402 173
403 378
404 201
405 86
406 100
407 116
408 318
409 277
410 205
411 131
412 298
413 235
414 55
415 404
416 216
417 153
418 381
419 201
420 344
421 252
422 357
423 377
424 201
425 134
426 201
427 383
428 363
429 382
430 404
431 315
432 388
433 378
434 409
435 203
436 95
437 212
438 270
439 87
440 150
441 373
442 219
443 121
444 355
445 363
446 245
447 154
448 126
449 121
450 275
451 186
452 378
453 450
454 444
455 265
456 383
457 67
458 165
459 351
460 201
461 306
462 237
463 404
464 200
465 277
466 259
467 355
468 201
469 302
470 242
471 134
472 14
473 182
474 102
475 447
476 209
477 344
478 52
479 422
480 126
481 252
482 363
483 310
484 440
485 195
486 331
487 363
488 470
489 400
490 445
491 258
492 421
493 450
494 100
495 100
496 170
497 372
498 102
499 308
500 67
501 452
502 376
503 355
504 277
505 173
506 441
507 143
508 493
509 39
510 275
511 242
512 475
513 435
514 496
515 232
516 255
517 334
518 100
519 83
520 144
521 127
522 389
523 458
524 166
525 242
526 201
527 241
528 389
529 156
530 508
531 155
532 469
533 237
534 458
535 534
536 383
537 412
538 355
539 520
540 275
541 352
542 201
543 208
544 520
545 473
546 417
547 95
548 475
549 473
550 301
551 138
552 382
553 165
554 201
555 520
556 457
557 512
558 211
559 499
560 427
561 314
562 457
563 100
564 475
565 524
566 478
567 557
568 275
569 556
570 397
571 360
572 550
573 451
574 518
575 383
576 284
577 137
578 446
579 482
580 304
581 378
582 309
583 562
584 391
585 472
586 570
587 389
588 443
589 442
590 211
591 50
592 405
593 574
594 208
595 404
596 521
597 404
598 534
599 456
600 306
601 239
602 383
603 398
604 464
605 201
606 422
607 575
608 312
609 424
610 301
611 520
612 201
613 533
614 491
615 571
616 457
617 355
618 402
619 190
620 427
621 355
622 227
623 213
624 397
625 617
626 212
627 421
628 378
629 378
630 397
631 470
632 201
633 291
634 275
635 247
636 583
637 464
638 590
639 220
640 428
641 275
642 427
643 464
644 364
645 517
646 108
647 590
648 201
649 92
650 464
651 404
652 581
653 201
654 313
655 195
656 625
657 613
658 97
659 241
660 623
661 404
662 447
663 520
664 421
665 475
666 99
667 201
668 592
669 99
670 490
671 538
672 421
673 450
674 670
675 570
676 648
677 457
678 336
679 622
680 534
681 563
682 201
683 662
684 470
685 592
686 350
687 404
688 475
689 676
690 362
691 562
692 621
693 578
694 358
695 671
696 494
697 606
698 275
699 475
700 110
701 201
702 344
703 667
704 169
705 594
706 583
707 546
708 383
709 201
710 584
711 650
712 520
713 666
714 252
715 100
716 607
717 693
718 404
719 64
720 236
721 228
722 173
723 614
724 431
725 534
726 563
727 648
728 620
729 663
730 315
731 648
732 201
733 644
734 475
735 212
736 448
737 594
738 534
739 712
740 201
741 152
742 425
743 102
744 616
745 426
746 600
747 734
748 311
749 324
750 590
751 201
752 137
753 275
754 731
755 569
756 201
757 540
758 583
759 614
760 720
761 599
762 648
763 198
764 306
765 576
766 600
767 512
768 754
769 475
770 706
771 595
772 648
773 248
774 619
775 685
776 710
777 566
778 590
779 520
780 392
781 447
782 634
783 471
784 471
785 590
786 288
787 534
788 701
789 164
790 410
791 619
792 570
793 744
794 201
795 596
796 415
797 643
798 197
799 627
800 376
801 191
802 386
803 520
804 83
805 209
806 791
807 525
808 242
809 477
810 187
811 799
812 718
813 535
814 450
815 502
816 770
817 242
818 178
819 584
820 648
821 654
822 355
823 162
824 469
825 533
826 648
827 590
828 180
829 622
830 734
831 644
832 464
833 467
834 507
835 330
836 777
837 252
838 743
839 760
840 697
841 645
842 597
843 342
844 667
845 549
846 410
847 387
848 794
849 648
850 52
851 616
852 347
853 721
854 563
855 632
856 630
857 443
858 560
859 205
860 260
861 594
862 592
863 792
864 781
865 534
866 307
867 694
868 415
869 768
870 678
871 706
872 676
873 451
874 272
875 705
876 664
877 282
878 765
879 592
880 558
881 353
882 201
883 274
884 723
885 868
886 630
887 377
888 864
889 486
890 881
891 803
892 551
893 226
894 520
895 520
896 590
897 827
898 698
899 359
900 878
901 811
902 648
903 217
904 179
905 117
906 882
907 784
908 655
909 657
910 488
911 866
912 693
913 594
914 404
915 685
916 201
917 201
918 306
919 410
920 181
921 855
922 849
923 458
924 693
925 648
926 590
927 390
928 754
929 274
930 580
931 545
932 603
933 814
934 810
935 208
936 545
937 200
938 784
939 727
940 923
941 909
942 505
943 938
944 165
945 940
946 387
947 909
948 592
949 873
950 562
951 835
952 542
953 661
954 698
955 663
956 493
957 287
958 475
959 249
960 813
961 792
962 789
963 475
964 436
965 185
966 774
967 941
968 849
969 364
970 409
971 768
972 949
973 590
974 935
975 648
976 825
977 488
978 590
979 911
980 807
981 934
982 504
983 670
984 502
985 590
986 892
987 739
988 792
989 642
990 381
991 347
992 702
993 722
994 798
995 513
996 892
997 102
998 524
999 739
1000 892
1001 792
1002 482
1003 896
1004 380
1005 292
1006 369
1007 734
1008 44
1009 786
1010 529
1011 882
1012 929
1013 437
1014 627
1015 770
1016 526
1017 981
1018 585
1019 956
1020 423
1021 832
1022 173
1023 779
1024 926
1025 734
1026 889
1027 606
1028 946
1029 646
1030 883
1031 198
1032 929
1033 475
1034 201
1035 916
1036 355
1037 333
1038 416
1039 418
1040 926
1041 301
1042 461
1043 464
1044 1002
1045 858
1046 243
1047 1010
1048 1001
1049 973
1050 564
1051 400
1052 1002
1053 892
1054 1040
1055 457
1056 429
1057 590
1058 733
1059 627
1060 926
1061 614
1062 684
1063 707
1064 328
1065 921
1066 355
1067 872
1068 1053
1069 395
1070 489
1071 734
1072 989
1073 724
1074 909
1075 370
1076 908
1077 539
1078 470
1079 553
1080 590
1081 971
1082 667
1083 1018
1084 935
1085 912
1086 857
1087 1080
1088 926
1089 182
1090 451
1091 406
1092 793
1093 100
1094 590
1095 958
1096 1041
1097 963
1098 48
1099 760
1100 475
1101 873
1102 553
1103 201
1104 410
1105 613
1106 764
1107 610
1108 929
1109 1057
1110 985
1111 110
1112 343
1113 165
1114 732
1115 1007
1116 885
1117 760
1118 504
1119 684
1120 784
1121 98
1122 1050
1123 999
1124 926
1125 301
1126 1061
1127 941
1128 739
1129 556
1130 1053
1131 28
1132 854
1133 274
1134 295
1135 584
1136 625
1137 567
1138 590
1139 534
1140 346
1141 421
1142 778
1143 432
1144 878
1145 1132
1146 594
1147 680
1148 475
1149 594
1150 594
1151 935
1152 1099
1153 926
1154 1130
1155 135
1156 675
1157 355
1158 450
1159 764
1160 1072
1161 943
1162 849
1163 1046
1164 641
1165 727
1166 1082
1167 1072
1168 1019
1169 632
1170 1023
1171 648
1172 1168
1173 671
1174 1132
1175 1170
1176 1053
1177 852
1178 1002
1179 102
1180 351
1181 1108
1182 892
1183 619
1184 788
1185 1060
1186 201
1187 301
1188 1041
1189 391
1190 301
1191 1002
1192 32
1193 201
1194 880
1195 1053
1196 1091
1197 1002
1198 238
1199 1185
1200 233
1201 1076
1202 512
1203 1041
1204 52
1205 794
1206 813
1207 1148
1208 1149
1209 1132
1210 201
1211 567
1212 1063
1213 792
1214 801
1215 201
1216 453
1217 590
1218 481
1219 201
1220 201
1221 648
1222 1111
1223 746
1224 1187
1225 1007
1226 201
1227 1196
1228 512
1229 559
1230 1067
1231 1203
1232 717
1233 475
1234 941
1235 1178
1236 785
1237 1063
1238 988
1239 592
1240 1170
1241 970
1242 520
1243 329
1244 1053
1245 910
1246 220
1247 1181
1248 1133
1249 1203
1250 590
1251 1086
1252 251
1253 760
1254 922
1255 1173
1256 521
1257 974
1258 848
1259 685
1260 158
1261 1141
1262 1089
1263 796
1264 296
1265 674
1266 695
1267 908
1268 320
1269 520
1270 581
1271 1151
1272 622
1273 1247
1274 529
1275 261
1276 1033
1277 829
1278 273
1279 648
1280 757
1281 929
1282 485
1283 636
1284 1096
1285 150
1286 866
1287 1016
1288 412
1289 534
1290 853
1291 926
1292 966
1293 605
1294 1142
1295 619
1296 892
1297 355
1298 208
1299 1008
1300 931
1301 512
1302 1182
1303 542
1304 1007
1305 404
1306 189
1307 508
1308 1084
1309 648
1310 896
1311 871
1312 487
1313 1166
1314 252
1315 1075
1316 621
1317 814
1318 792
1319 1057
1320 1158
1321 968
1322 1278
1323 1053
1324 821
1325 103
1326 1168
1327 252
1328 1111
1329 1151
1330 637
1331 1281
1332 892
1333 1283
1334 922
1335 834
1336 344
1337 1246
1338 1198
1339 932
1340 1045
1341 909
1342 1053
1343 1022
1344 234
1345 975
1346 945
1347 1329
1348 1042
1349 983
1350 1112
1351 520
1352 909
1353 1343
1354 903
1355 308
1356 355
1357 987
1358 201
1359 1064
1360 1147
1361 422
1362 1202
1363 363
1364 971
1365 1340
1366 575
1367 1346
1368 1096
1369 1053
1370 1266
1371 241
1372 1093
1373 763
1374 1330
1375 1280
1376 170
1377 1054
1378 201
1379 821
1380 1007
1381 896
1382 1247
1383 1272
1384 767
1385 1074
1386 1183
1387 1361
1388 1282
1389 1168
1390 1246
1391 678
1392 1391
1393 878
1394 606
1395 760
1396 201
1397 1229
1398 760
1399 592
1400 1346
1401 511
1402 1164
1403 1172
1404 1113
1405 1051
1406 924
1407 619
1408 236
1409 68
1410 200
1411 1132
1412 1041
1413 886
1414 987
1415 140
1416 1053
1417 1334
1418 104
1419 1063
1420 1077
1421 421
1422 823
1423 475
1424 531
1425 971
1426 648
1427 712
1428 1132
1429 858
1430 1313
1431 635
1432 610
1433 739
1434 1135
1435 1364
1436 594
1437 583
1438 153
1439 986
1440 1247
1441 201
1442 932
1443 389
1444 54
1445 401
1446 646
1447 986
1448 896
1449 479
1450 683
1451 721
1452 200
1453 840
1454 1418
1455 1354
1456 201
1457 252
1458 462
1459 534
1460 457
1461 1002
1462 297
1463 1413
1464 794
1465 890
1466 783
1467 127
1468 404
1469 974
1470 1077
1471 880
1472 1148
1473 137
1474 289
1475 1202
1476 1282
1477 858
1478 1272
1479 425
1480 530
1481 1402
1482 389
1483 1053
1484 1005
1485 1453
1486 1381
1487 178
1488 760
1489 729
1490 1132
1491 1486
1492 612
1493 868
1494 1296
1495 951
1496 201
1497 1132
1498 1476
1499 1394
1500 518
1501 1331
1502 1228
1503 1170
1504 1273
1505 306
1506 817
1507 1288
1508 661
1509 1053
1510 1364
1511 947
1512 1076
1513 1280
1514 1379
1515 835
1516 734
1517 1132
1518 1234
1519 751
1520 1387
1521 993
1522 553
1523 792
1524 1454
1525 1247
1526 1277
1527 1272
1528 1202
1529 1312
1530 761
1531 149
1532 1285
1533 845
1534 970
1535 1132
1536 534
1537 94
1538 863
1539 1053
1540 244
1541 1489
1542 197
1543 747
1544 1041
1545 1040
1546 1083
1547 1438
1548 1321
1549 692
1550 140
1551 640
1552 1184
1553 1425
1554 1542
1555 791
1556 404
1557 702
1558 1545
1559 404
1560 274
1561 1429
1562 1502
1563 858
1564 1257
1565 1406
1566 745
1567 454
1568 790
1569 1247
1570 153
1571 685
1572 182
1573 1202
1574 935
1575 640
1576 687
1577 1046
1578 1222
1579 397
1580 1382
1581 1181
1582 1572
1583 1460
1584 1226
1585 71
1586 664
1587 967
1588 958
1589 738
1590 1518
1591 1178
1592 662
1593 1239
1594 624
1595 820
1596 1369
1597 1216
1598 306
1599 1132
1600 1269
1601 707
1602 1000
1603 559
1604 160
1605 1555
1606 1386
1607 864
1608 399
1609 892
1610 1131
1611 1542
1612 735
1613 648
1614 1460
1615 901
1616 78
1617 1262
1618 584
1619 190
1620 1181
1621 470
1622 996
1623 1107
1624 1600
1625 424
1626 1170
1627 1560
1628 1486
1629 1033
1630 819
1631 78
1632 810
1633 562
1634 1045
1635 512
1636 909
1637 1509
1638 173
1639 521
1640 201
1641 862
1642 1185
1643 592
1644 646
1645 1165
1646 573
1647 773
1648 1345
1649 1374
1650 1247
1651 235
1652 267
1653 849
1654 734
1655 1202
1656 1173
1657 666
1658 780
1659 1590
1660 1225
1661 1616
1662 1202
1663 1438
1664 883
1665 508
1666 1609
1667 1318
1668 631
1669 1643
1670 277
1671 1277
1672 1536
1673 1509
1674 829
1675 1408
1676 563
1677 1123
1678 385
1679 1053
1680 475
1681 1259
1682 1636
1683 303
1684 1079
1685 677
1686 1596
1687 1132
1688 926
1689 217
1690 847
1691 922
1692 1454
1693 1579
1694 805
1695 1143
1696 625
1697 1521
1698 1455
1699 1191
1700 1202
1701 1631
1702 1616
1703 1289
1704 926
1705 1069
1706 1694
1707 849
1708 520
1709 279
1710 312
1711 841
1712 837
1713 1497
1714 1211
1715 632
1716 849
1717 860
1718 1391
1719 858
1720 1596
1721 1288
1722 378
1723 671
1724 1573
1725 112
1726 1145
1727 716
1728 1714
1729 243
1730 768
1731 450
1732 1050
1733 1049
1734 769
1735 1162
1736 770
1737 1437
1738 974
1739 1181
1740 1201
1741 1617
1742 1633
1743 1593
1744 1736
1745 1247
1746 1262
1747 1537
1748 155
1749 1183
1750 716
1751 1053
1752 46
1753 615
1754 1123
1755 1699
1756 649
1757 1247
1758 363
1759 594
1760 335
1761 1346
1762 210
1763 1601
1764 633
1765 838
1766 464
1767 1454
1768 726
1769 1428
1770 1298
1771 875
1772 745
1773 1277
1774 823
1775 170
1776 1126
1777 201
1778 4
1779 965
1780 320
1781 84
1782 1468
1783 1596
1784 1073
1785 1487
1786 1064
1787 534
1788 1521
1789 1552
1790 1185
1791 1002
1792 527
1793 636
1794 932
1795 590
1796 1355
1797 1346
1798 1180
1799 801
1800 575
1801 1799
1802 1715
1803 872
1804 841
1805 1246
1806 1413
1807 661
1808 584
1809 1709
1810 1788
1811 892
1812 1784
1813 590
1814 669
1815 108
1816 220
1817 1263
1818 1609
1819 1202
1820 547
1821 1660
1822 480
1823 563
1824 1120
1825 473
1826 243
1827 739
1828 700
1829 1740
1830 1522
1831 1145
1832 1247
1833 829
1834 1075
1835 1194
1836 1416
1837 1236
1838 760
1839 1053
1840 839
1841 644
1842 1788
1843 413
1844 1124
1845 1187
1846 1624
1847 502
1848 1813
1849 792
1850 1564
1851 1461
1852 713
1853 1297
1854 1740
1855 1759
1856 1796
1857 378
1858 1132
1859 1846
1860 912
1861 883
1862 815
1863 1340
1864 110
1865 1081
1866 1147
1867 1816
1868 1846
1869 594
1870 1035
1871 1663
1872 878
1873 850
1874 1455
1875 1341
1876 1776
1877 332
1878 1604
1879 356
1880 590
1881 929
1882 1446
1883 851
1884 1383
1885 1185
1886 1637
1887 1600
1888 803
1889 154
1890 667
1891 760
1892 1202
1893 1341
1894 1788
1895 1830
1896 210
1897 1127
1898 1296
1899 1559
1900 1838
1901 252
1902 355
1903 1053
1904 1474
1905 1627
1906 729
1907 734
1908 1346
1909 1626
1910 1457
1911 520
1912 1633
1913 987
1914 1818
1915 657
1916 1227
1917 1914
1918 14
1919 1165
1920 271
1921 1070
1922 1844
1923 1702
1924 925
1925 1012
1926 935
1927 516
1928 1053
1929 468
1930 468
1931 1796
1932 1771
1933 449
1934 1815
1935 699
1936 1621
1937 1577
1938 1616
1939 1132
1940 1608
1941 929
1942 1348
1943 1247
1944 1762
1945 882
1946 1042
1947 1385
1948 648
1949 1815
1950 530
1951 1168
1952 839
1953 1438
1954 1271
1955 90
1956 1468
1957 230
1958 1623
1959 1438
1960 975
1961 1534
1962 1683
1963 1619
1964 1846
1965 1413
1966 1935
1967 533
1968 500
1969 1247
1970 503
1971 475
1972 1259
1973 584
1974 1053
1975 649
1976 563
1977 307
1978 1879
1979 1548
1980 911
1981 1965
1982 1861
1983 240
1984 998
1985 1173
1986 1911
1987 327
1988 719
1989 1904
1990 1441
1991 1346
1992 1897
1993 561
1994 509
1995 512
1996 771
1997 1477
1998 1764
1999 1984
2000 945
2001 1901
2002 251
2003 1238
2004 469
2005 1132
2006 1397
2007 534
2008 1984
2009 1756
2010 1187
2011 1984
2012 1132
2013 1238
2014 1041
2015 1904
2016 868
2017 1701
2018 1053
2019 1771
2020 624
2021 438
2022 447
2023 530
2024 2002
2025 1378
2026 728
2027 1760
2028 465
2029 926
2030 1247
2031 1922
2032 1725
2033 1286
2034 260
2035 1805
2036 1340
2037 333
2038 1341
2039 1874
2040 1454
2041 1984
2042 590
2043 1516
2044 1804
2045 1429
2046 201
2047 1224
2048 681
2049 1474
2050 1874
2051 1984
2052 1347
2053 21
2054 1277
2055 1128
2056 1051
2057 1173
2058 297
2059 1928
2060 1202
2061 951
2062 1471
2063 692
2064 277
2065 1788
2066 1662
2067 1785
2068 1363
2069 803
2070 1332
2071 1494
2072 475
2073 1990
2074 1282
2075 1611
2076 1613
2077 1616
2078 739
2079 1501
2080 987
2081 1587
2082 1984
2083 1618
2084 1589
2085 1616
2086 1815
2087 1614
2088 1581
2089 1872
2090 584
2091 1045
2092 1246
2093 632
2094 1961
2095 1175
2096 1907
2097 1607
2098 301
2099 1824
2100 896
2101 1836
2102 528
2103 1675
2104 1002
2105 530
2106 1858
2107 450
2108 603
2109 1666
2110 1631
2111 1928
2112 283
2113 1132
2114 1593
2115 739
2116 849
2117 201
2118 648
2119 1844
2120 1984
2121 1703
2122 922
2123 1214
2124 2040
2125 1765
2126 753
2127 1200
2128 1554
2129 1280
2130 773
2131 1181
2132 1299
2133 648
2134 2088
2135 2026
2136 497
2137 355
2138 1482
2139 1365
2140 2020
2141 2089
2142 912
2143 1709
2144 667
2145 1208
2146 1887
2147 1066
2148 2147
2149 1616
2150 1310
2151 1700
2152 1961
2153 471
2154 935
2155 1600
2156 1154
2157 897
2158 1132
2159 2025
2160 1174
2161 1097
2162 1633
2163 533
2164 1278
2165 393
2166 652
2167 2000
2168 2107
2169 1998
2170 1007
2171 1041
2172 2165
2173 70
2174 492
2175 300
2176 1778
2177 488
2178 750
2179 2043
2180 1262
2181 1806
2182 498
2183 1649
2184 2170
2185 1132
2186 2137
2187 858
2188 1963
2189 792
2190 1426
2191 217
2192 378
2193 1687
2194 1132
2195 844
2196 1043
2197 1282
2198 682
2199 1203
2200 389
2201 1165
2202 1356
2203 1473
2204 1889
2205 1973
2206 1722
2207 1730
2208 1548
2209 474
2210 1292
2211 1345
2212 1716
2213 1125
2214 1805
2215 1699
2216 435
2217 829
2218 2089
2219 553
2220 208
2221 2198
2222 1984
2223 517
2224 828
2225 911
2226 533
2227 351
2228 1603
2229 1750
2230 1282
2231 1407
2232 1928
2233 848
2234 2216
2235 648
2236 2196
2237 1900
2238 534
2239 1391
2240 849
2241 2113
2242 1899
2243 1795
2244 1059
2245 1213
2246 859
2247 1798
2248 177
2249 1189
2250 1405
2251 401
2252 2061
2253 1063
2254 878
2255 1677
2256 452
2257 896
2258 1817
2259 2000
2260 1512
2261 814
2262 1984
2263 952
2264 928
2265 1401
2266 1776
2267 739
2268 1441
2269 451
2270 1746
2271 1874
2272 1596
2273 1886
2274 365
2275 1751
2276 533
2277 435
2278 1542
2279 1957
2280 1132
2281 953
2282 681
2283 1730
2284 397
2285 2165
2286 1999
2287 478
2288 2194
2289 2098
2290 1779
2291 306
2292 192
2293 1624
2294 355
2295 495
2296 764
2297 137
2298 1922
2299 864
2300 1391
2301 739
2302 1833
2303 1041
2304 959
2305 1085
2306 2082
2307 1442
2308 1771
2309 1471
2310 2140
2311 1490
2312 1825
2313 2307
2314 1535
2315 1785
2316 464
2317 2202
2318 1656
2319 2032
2320 1631
2321 1103
2322 1419
2323 2089
2324 1966
2325 1319
2326 2088
2327 1835
2328 1874
2329 1247
2330 1792
2331 905
2332 427
2333 275
2334 1777
2335 2254
2336 1335
2337 382
2338 1891
2339 2315
2340 1383
2341 2040
2342 1600
2343 2126
2344 1516
2345 1745
2346 1886
2347 1658
2348 252
2349 1928
2350 950
2351 2082
2352 1899
2353 721
2354 1291
2355 119
2356 1411
2357 2255
2358 1796
2359 2018
2360 792
2361 1166
2362 2307
2363 1090
2364 839
2365 2307
2366 2307
2367 2201
2368 449
2369 1618
2370 590
2371 2082
2372 2364
2373 1359
2374 1605
2375 1709
2376 520
2377 2358
2378 976
2379 121
2380 1168
2381 534
2382 1178
2383 926
2384 1483
2385 1394
2386 1696
2387 2305
2388 2169
2389 2177
2390 1173
2391 86
2392 1455
2393 2000
2394 2027
2395 2289
2396 1810
2397 1542
2398 933
2399 2307
2400 854
2401 1404
2402 1132
2403 665
2404 1473
2405 648
2406 1715
2407 1369
2408 1675
2409 974
2410 808
2411 896
2412 1948
2413 2201
2414 1418
2415 965
2416 1737
2417 706
2418 1509
2419 2373
2420 929
2421 2156
2422 641
2423 993
2424 935
2425 1454
2426 1813
2427 644
2428 2164
2429 2321
2430 784
2431 552
2432 1616
2433 648
2434 406
2435 201
2436 1439
2437 1715
2438 1346
2439 2212
2440 1354
2441 821
2442 1908
2443 1034
2444 2215
2445 1949
2446 2432
2447 581
2448 854
2449 1107
2450 1782
2451 849
2452 222
2453 2387
2454 1592
2455 191
2456 326
2457 1869
2458 1527
2459 1202
2460 1984
2461 2245
2462 1002
2463 863
2464 592
2465 2040
2466 734
2467 2190
2468 98
2469 2373
2470 2307
2471 1258
2472 1369
2473 2465
2474 1922
2475 2000
2476 2405
2477 1700
2478 2405
2479 1350
2480 52
2481 2446
2482 1694
2483 2167
2484 1945
2485 1755
2486 1041
2487 1287
2488 2212
2489 1920
2490 2188
2491 1841
2492 1132
2493 341
2494 2400
2495 1156
2496 787
2497 2354
2498 2034
2499 856
2500 706
2501 742
2502 2373
2503 1612
2504 1355
2505 820
2506 2097
2507 1382
2508 2000
2509 2034
2510 1800
2511 1367
2512 1980
2513 584
2514 1328
2515 1778
2516 628
2517 648
2518 2346
2519 1015
2520 2103
2521 1202
2522 2029
2523 2192
2524 2233
2525 2419
2526 2194
2527 2097
2528 534
2529 1907
2530 1181
2531 1421
2532 1181
2533 977
2534 686
2535 1531
2536 325
2537 2150
2538 1694
2539 1886
2540 1451
2541 2522
2542 688
2543 1879
2544 424
2545 121
2546 2222
2547 1483
2548 2482
2549 1124
2550 274
2551 368
2552 1785
2553 2307
2554 1625
2555 1438
2556 1443
2557 965
2558 1938
2559 663
2560 532
2561 2273
2562 2251
2563 1032
2564 2407
2565 2321
2566 1813
2567 2522
2568 2095
2569 1532
2570 1804
2571 1837
2572 300
2573 686
2574 2238
2575 421
2576 1601
2577 1202
2578 2480
2579 1277
2580 1984
2581 2320
2582 760
2583 590
2584 1631
2585 716
2586 548
2587 2169
2588 2511
2589 1984
2590 1412
2591 627
2592 2363
2593 2304
2594 1855
2595 2300
2596 2452
2597 1928
2598 2258
2599 2105
2600 1341
2601 794
2602 2233
2603 706
2604 648
2605 2162
2606 649
2607 2316
2608 2414
2609 1489
2610 736
2611 1300
2612 2530
2613 2478
2614 404
2615 849
2616 1444
2617 1053
2618 1202
2619 1771
2620 760
2621 1616
2622 2304
2623 447
2624 1170
2625 2010
2626 125
2627 2089
2628 2535
2629 869
2630 613
2631 2165
2632 1984
2633 2194
2634 2142
2635 2522
2636 1740
2637 2089
2638 2205
2639 904
2640 2307
2641 1132
2642 1053
2643 2142
2644 1907
2645 1616
2646 908
2647 1277
2648 1746
2649 1631
2650 2089
2651 722
2652 2346
2653 1732
2654 2009
2655 1053
2656 2292
2657 2656
2658 2373
2659 1337
2660 217
2661 1656
2662 2099
2663 606
2664 346
2665 1633
2666 2304
2667 2537
2668 1442
2669 896
2670 2599
2671 1594
2672 1393
2673 1609
2674 1753
2675 2631
2676 2162
2677 431
2678 394
2679 2040
2680 1912
2681 2194
2682 1993
2683 2639
2684 2410
2685 545
2686 1484
2687 216
2688 2407
2689 2307
2690 534
2691 1694
2692 2122
2693 147
2694 1941
2695 2146
2696 1403
2697 2569
2698 1793
2699 2239
2700 1574
2701 1280
2702 2307
2703 2510
2704 2139
2705 1282
2706 1071
2707 1767
2708 2674
2709 1232
2710 1552
2711 2054
2712 2643
2713 2007
2714 199
2715 2187
2716 1585
2717 1788
2718 2307
2719 1796
2720 2197
2721 1376
2722 1998
2723 512
2724 243
2725 2373
2726 2307
2727 2282
2728 2536
2729 200
2730 1233
2731 534
2732 2209
2733 1072
2734 1943
2735 1136
2736 1984
2737 2726
2738 2608
2739 1771
2740 2241
2741 1972
2742 1053
2743 1984
2744 2528
2745 2307
2746 250
2747 2401
2748 375
2749 1391
2750 883
2751 2373
2752 1965
2753 1345
2754 281
2755 2307
2756 355
2757 1322
2758 1107
2759 2639
2760 885
2761 2233
2762 2038
2763 1494
2764 1465
2765 2168
2766 1231
2767 1993
2768 2082
2769 1770
2770 1468
2771 1848
2772 1281
2773 1984
2774 2522
2775 1445
2776 2502
2777 896
2778 2039
2779 1907
2780 2778
2781 579
2782 1984
2783 2150
2784 1860
2785 2194
2786 1632
2787 2245
2788 1148
2789 1311
2790 1870
2791 2655
2792 2498
2793 2289
2794 2318
2795 2764
2796 1007
2797 2148
2798 2764
2799 2674
2800 1831
2801 2000
2802 1959
2803 1709
2804 1585
2805 2495
2806 887
2807 2632
2808 2307
2809 1565
2810 2756
2811 1468
2812 200
2813 1841
2814 455
2815 2097
2816 1546
2817 2476
2818 2522
2819 1788
2820 1427
2821 2254
2822 1651
2823 1746
2824 200
2825 201
2826 2070
2827 2776
2828 832
2829 1062
2830 660
2831 916
2832 2245
2833 1910
2834 2674
2835 2091
2836 836
2837 290
2838 1392
2839 414
2840 1885
2841 641
2842 2245
2843 1930
2844 580
2845 2674
2846 2089
2847 1417
2848 2800
2849 1904
2850 1021
2851 1984
2852 631
2853 2756
2854 421
2855 2765
2856 2000
2857 1478
2858 2307
2859 1683
2860 2089
2861 534
2862 2035
2863 2716
2864 1740
2865 2701
2866 2607
2867 2522
2868 1249
2869 2804
2870 1400
2871 2174
2872 2307
2873 1624
2874 802
2875 1769
2876 1187
2877 1901
2878 2307
2879 2346
2880 2789
2881 2575
2882 1131
2883 2882
2884 2367
2885 2753
2886 175
2887 853
2888 1220
2889 2194
2890 761
2891 1847
2892 2579
2893 1350
2894 1202
2895 457
2896 523
2897 1468
2898 2664
2899 2751
2900 2301
2901 2596
2902 1915
2903 1562
2904 338
2905 861
2906 2738
2907 1599
2908 436
2909 466
2910 957
2911 1923
2912 1576
2913 2726
2914 2004
2915 1053
2916 512
2917 1519
2918 1438
2919 2437
2920 515
2921 2358
2922 1846
2923 2911
2924 1017
2925 2828
2926 2304
2927 2546
2928 2616
2929 2756
2930 1787
2931 1249
2932 2906
2933 792
2934 2522
2935 1045
2936 2713
2937 1661
2938 436
2939 2621
2940 2827
2941 1436
2942 2923
2943 2459
2944 1247
2945 2167
2946 553
2947 836
2948 1391
2949 2220
2950 678
2951 2304
2952 1731
2953 2880
2954 1553
2955 2311
2956 2522
2957 2883
2958 962
2959 1244
2960 2478
2961 1562
2962 2452
2963 2041
2964 1324
2965 1804
2966 1389
2967 383
2968 2633
2969 1604
2970 1262
2971 2307
2972 216
2973 1870
2974 2623
2975 1114
2976 2089
2977 2302
2978 2632
2979 2778
2980 2914
2981 2305
2982 1984
2983 1132
2984 892
2985 1771
2986 2289
2987 2302
2988 2290
2989 2364
2990 2304
2991 2910
2992 954
2993 1747
2994 2743
2995 1868
2996 2681
2997 2847
2998 1981
2999 1676
3000 1631
3001 1627
3002 2290
3003 2400
3004 1148
3005 404
3006 132
3007 1785
3008 2993
3009 3005
3010 493
3011 1616
3012 781
3013 2535
3014 2002
3015 1053
3016 2110
3017 1631
3018 1388
3019 2876
3020 2699
3021 1489
3022 1132
3023 1144
3024 2087
3025 1944
3026 1984
3027 2761
3028 2122
3029 2307
3030 2639
3031 1609
3032 2750
3033 964
3034 349
3035 1735
3036 1767
3037 2233
3038 1295
3039 685
3040 1993
3041 1075
3042 2536
3043 2840
3044 2095
3045 2347
3046 1383
3047 1124
3048 1984
3049 2822
3050 1752
3051 1544
3052 1231
3053 1247
3054 475
3055 1803
3056 1709
3057 1260
3058 1394
3059 2307
3060 1130
3061 2373
3062 2373
3063 1329
3064 2437
3065 1516
3066 1053
3067 2872
3068 2342
3069 2091
3070 1920
3071 2307
3072 2165
3073 2509
3074 3040
3075 2233
3076 1419
3077 1815
3078 1984
3079 1418
3080 258
3081 2307
3082 2580
3083 371
3084 520
3085 2234
3086 1486
3087 2658
3088 2728
3089 2976
3090 1897
3091 2796
3092 2028
3093 2733
3094 749
3095 3040
3096 1984
3097 1799
3098 883
3099 2633
3100 2304
3101 2597
3102 1341
3103 2522
3104 2567
3105 1645
3106 2169
3107 1644
3108 2643
3109 1655
3110 731
3111 521
3112 173
3113 1447
3114 518
3115 1693
3116 2726
3117 1428
3118 1604
3119 1627
3120 2174
3121 1081
3122 2473
3123 1788
3124 1187
3125 1468
3126 1915
3127 2040
3128 2067
3129 2090
3130 2688
3131 2568
3132 1391
3133 2986
3134 909
3135 201
3136 2452
3137 2521
3138 2325
3139 2831
3140 1341
3141 2089
3142 2518
3143 3012
3144 1246
3145 1197
3146 1987
3147 2359
3148 2037
3149 1207
3150 2756
3151 2739
3152 2242
3153 2988
3154 1984
3155 512
3156 594
3157 2245
3158 2451
3159 1341
3160 2522
3161 2100
3162 1790
3163 2752
3164 2089
3165 2425
3166 2583
3167 1053
3168 751
3169 2756
3170 2389
3171 2085
3172 1202
3173 1773
3174 624
3175 2639
3176 1521
3177 2369
3178 2756
3179 1554
3180 2307
3181 1681
3182 1545
3183 2894
3184 2747
3185 2089
3186 252
3187 872
3188 2522
3189 1886
3190 2304
3191 2923
3192 611
3193 2358
3194 1247
3195 1984
3196 1971
3197 608
3198 1247
3199 2752
3200 2679
3201 1406
3202 2577
3203 2250
3204 1374
3205 1279
3206 2165
3207 2194
3208 2307
3209 1906
3210 1854
3211 2479
3212 2244
3213 2923
3214 2066
3215 1999
3216 1628
3217 3152
3218 1483
3219 550
3220 2418
3221 2754
3222 2307
3223 2923
3224 2536
3225 1508
3226 1631
3227 916
3228 1653
3229 1715
3230 2233
3231 931
3232 1416
3233 2822
3234 1786
3235 2175
3236 295
3237 2307
3238 1169
3239 2897
3240 47
3241 2325
3242 264
3243 1148
3244 2905
3245 639
3246 3105
3247 2589
3248 770
3249 2923
3250 1796
3251 2960
3252 677
3253 3100
3254 3134
3255 1406
3256 1491
3257 2749
3258 2165
3259 1621
3260 1733
3261 2931
3262 1922
3263 475
3264 2652
3265 1508
3266 1646
3267 1746
3268 2756
3269 2275
3270 677
3271 1564
3272 1721
3273 2658
3274 2080
3275 1712
3276 2233
3277 1253
3278 1105
3279 2535
3280 2186
3281 2522
3282 1616
3283 2412
3284 1852
3285 2194
3286 3152
3287 2328
3288 849
3289 597
3290 2535
3291 3123
3292 2938
3293 2955
3294 648
3295 3088
3296 2040
3297 1542
3298 1468
3299 687
3300 1825
3301 1829
3302 2469
3303 2293
3304 1707
3305 2952
3306 1724
3307 2847
3308 1495
3309 1642
3310 3217
3311 2113
3312 1965
3313 2987
3314 2988
3315 1732
3316 201
3317 1379
3318 1202
3319 2828
3320 2165
3321 1616
3322 1383
3323 794
3324 2515
3325 339
3326 62
3327 8
3328 37
3329 1610
3330 77
3331 1638
3332 1018
3333 1200
3334 88
3335 2391
3336 2204
3337 954
3338 1422
3339 1918
3340 1994
3341 1275
3342 40
3343 3245
3344 43
3345 155
3346 111
3347 2274
3348 20
3349 2053
3350 141
3351 686
3352 1192
3353 297
3354 1098
3355 2551
3356 1140
3357 44
3358 3240
3359 546
3360 1957
3361 484
3362 1008
3363 1781
3364 115
3365 103
3366 45
3367 145
3368 2806
3369 1752
3370 1550
3371 407
3372 1848
3373 591
3374 515
3375 1037
3376 2480
3377 375
3378 299
3379 741
3380 1940
3381 2287
3382 578
3383 2331
3384 1409
3385 2224
3386 96
3387 1204
3388 1121
3389 1873
3390 58
3391 52
3392 52
3393 878
3394 161
3395 3006
3396 2379
3397 2904
3398 439
3399 367
3400 2928
3401 345
3402 183
3403 411
3404 2839
3405 892
3406 2660
3407 2173
3408 55
3409 266
3410 1431
3411 2626
3412 2304
3413 79
3414 516
3415 1988
3416 64
3417 1028
3418 2738
3419 1260
3420 65
3421 904
3422 319
3423 1585
3424 457
3425 2993
3426 2278
3427 1968
3428 269
3429 68
3430 804
3431 1631
3432 1616
3433 519
3434 582
3435 1955
3436 2610
3437 168
3438 2886
3439 520
3440 592
3441 178
3442 679
3443 164
3444 1604
3445 1756
3446 93
3447 704
3448 196
3449 1820
3450 3033
3451 171
3452 2032
3453 1474
3454 97
3455 358
3456 658
3457 294
3458 1467
3459 2468
3460 1814
3461 1646
3462 2249
3463 99
3464 1657
3465 1093
3466 696
3467 2560
3468 1676
3469 715
3470 1500
3471 194
3472 100
3473 2434
3474 2295
3475 148
3476 2355
3477 1155
3478 1983
3479 3034
3480 2682
3481 2182
3482 2874
3483 2125
3484 264
3485 997
3486 626
3487 2732
3488 102
3489 1179
3490 1325
3491 1029
3492 108
3493 108
3494 108
3495 108
3496 714
3497 1815
3498 476
3499 589
3500 2455
3501 931
3502 110
3503 2336
3504 221
3505 305
3506 2535
3507 1828
3508 2830
3509 184
3510 1578
3511 110
3512 1864
3513 571
3514 1338
3515 920
3516 2545
3517 1933
3518 443
3519 123
3520 480
3521 521
3522 215
3523 2520
3524 134
3525 2153
3526 134
3527 425
3528 137
3529 2297
3530 690
3531 137
3532 577
3533 800
3534 2112
3535 2002
3536 2248
3537 1473
3538 270
3539 752
3540 2108
3541 206
3542 1415
3543 2729
3544 145
3545 145
3546 1290
3547 2693
3548 2130
3549 2569
3550 1670
3551 1570
3552 1438
3553 153
3554 154
3555 1786
3556 383
3557 447
3558 1424
3559 1748
3560 2394
3561 1274
3562 730
3563 2958
3564 458
3565 944
3566 1404
3567 1102
3568 524
3569 1937
3570 2656
3571 1775
3572 2223
3573 3146
3574 274
3575 170
3576 496
3577 1268
3578 2721
3579 172
3580 354
3581 2714
3582 942
3583 173
3584 203
3585 2893
3586 3112
3587 1022
3588 173
3589 173
3590 618
3591 722
3592 173
3593 348
3594 455
3595 818
3596 1278
3597 3007
3598 756
3599 2786
3600 893
3601 2678
3602 182
3603 1262
3604 543
3605 1582
3606 3153
3607 1306
3608 1843
3609 1978
3610 189
3611 189
3612 1619
3613 2231
3614 3097
3615 195
3616 2646
3617 3018
3618 798
3619 225
3620 1373
3621 1031
3622 200
3623 2824
3624 2175
3625 200
3626 1452
3627 1920
3628 200
3629 506
3630 2746
3631 200
3632 1410
3633 285
3634 200
3635 200
3636 2812
3637 832
3638 937
3639 1772
3640 1361
3641 2195
3642 231
3643 201
3644 1215
3645 201
3646 740
3647 990
3648 466
3649 1034
3650 1519
3651 653
3652 1219
3653 877
3654 2159
3655 587
3656 916
3657 1303
3658 201
3659 393
3660 201
3661 201
3662 424
3663 337
3664 201
3665 201
3666 201
3667 2565
3668 201
3669 1977
3670 2073
3671 1705
3672 1220
3673 1456
3674 396
3675 2046
3676 1998
3677 3094
3678 2975
3679 412
3680 460
3681 201
3682 258
3683 201
3684 201
3685 1640
3686 526
3687 201
3688 917
3689 709
3690 1945
3691 201
3692 2601
3693 2435
3694 340
3695 3136
3696 2198
3697 201
3698 1125
3699 890
3700 201
3701 361
3702 201
3703 355
3704 1193
3705 2117
3706 2334
3707 278
3708 1492
3709 260
3710 2825
3711 2843
3712 1396
3713 293
3714 201
3715 369
3716 2837
3717 201
3718 201
3719 201
3720 541
3721 632
3722 2456
3723 201
3724 1496
3725 201
3726 3316
3727 201
3728 201
3729 201
3730 843
3731 1584
3732 1358
3733 3135
3734 651
3735 554
3736 1210
3737 201
3738 201
3739 419
3740 201
3741 689
3742 1371
3743 1552
3744 1293
3745 201
3746 1186
3747 1026
3748 2347
3749 272
3750 203
3751 435
3752 899
3753 1009
3754 499
3755 859
3756 1104
3757 206
3758 207
3759 2220
3760 2457
3761 1770
3762 935
3763 2548
3764 1762
3765 1896
3766 211
3767 558
3768 1013
3769 1612
3770 3221
3771 1070
3772 2972
3773 1038
3774 2687
3775 1005
3776 748
3777 217
3778 1354
3779 2191
3780 1689
3781 217
3782 379
3783 1004
3784 219
3785 1246
3786 1867
3787 2536
3788 1540
3789 229
3790 230
3791 511
3792 1344
3793 1651
3794 306
3795 1152
3796 2226
3797 1458
3798 1678
3799 1652
3800 601
3801 2330
3802 659
3803 808
3804 817
3805 1936
3806 807
3807 408
3808 2724
3809 1515
3810 1336
3811 1826
3812 2251
3813 243
3814 1729
3815 336
3816 246
3817 1798
3818 1252
3819 1910
3820 3275
3821 252
3822 1134
3823 252
3824 252
3825 1314
3826 1586
3827 1327
3828 1901
3829 252
3830 2348
3831 481
3832 3186
3833 323
3834 2493
3835 580
3836 252
3837 3080
3838 258
3839 491
3840 259
3841 260
3842 260
3843 860
3844 2792
3845 260
3846 3242
3847 264
3848 264
3849 1264
3850 2021
3851 874
3852 274
3853 2550
3854 274
3855 1925
3856 3001
3857 274
3858 1133
3859 274
3860 883
3861 782
3862 275
3863 275
3864 275
3865 1731
3866 2343
3867 757
3868 275
3869 510
3870 1710
3871 641
3872 1349
3873 568
3874 2333
3875 1243
3876 2064
3877 434
3878 277
3879 2028
3880 371
3881 277
3882 1118
3883 1709
3884 281
3885 2910
3886 287
3887 287
3888 290
3889 294
3890 3236
3891 2431
3892 2058
3893 1462
3894 501
3895 2572
3896 2047
3897 1190
3898 1041
3899 301
3900 3219
3901 610
3902 301
3903 388
3904 2289
3905 1683
3906 374
3907 303
3908 304
3909 305
3910 918
3911 1106
3912 1223
3913 1946
3914 1505
3915 1598
3916 306
3917 991
3918 306
3919 2291
3920 306
3921 306
3922 306
3923 306
3924 306
3925 979
3926 1355
3927 483
3928 310
3929 310
3930 310
3931 311
3932 3197
3933 312
3934 2964
3935 1812
3936 320
3937 1780
3938 323
3939 325
3940 330
3941 397
3942 330
3943 330
3944 1877
3945 332
3946 2037
3947 870
3948 341
3949 343
3950 702
3951 420
3952 809
3953 344
3954 2664
3955 346
3956 1177
3957 347
3958 459
3959 2227
3960 351
3961 454
3962 617
3963 1036
3964 3280
3965 2136
3966 822
3967 355
3968 2294
3969 355
3970 833
3971 1723
3972 2317
3973 1970
3974 1853
3975 1902
3976 355
3977 355
3978 355
3979 384
3980 2756
3981 2147
3982 1157
3983 1316
3984 357
3985 694
3986 358
3987 366
3988 927
3989 362
3990 1575
3991 2068
3992 1758
3993 363
3994 969
3995 1529
3996 363
3997 363
3998 1315
3999 363
4000 482
4001 364
4002 644
4003 368
4004 1006
4005 369
4006 369
4007 3083
4008 372
4009 373
4010 2748
4011 376
4012 984
4013 1020
4014 378
4015 2516
4016 378
4017 378
4018 1857
4019 378
4020 2447
4021 629
4022 403
4023 2523
4024 378
4025 433
4026 378
4027 2206
4028 378
4029 379
4030 380
4031 381
4032 1039
4033 1056
4034 2337
4035 383
4036 602
4037 2187
4038 536
4039 708
4040 599
4041 1366
4042 2967
4043 847
4044 1695
4045 389
4046 2138
4047 2200
4048 2556
4049 522
4050 528
4051 3129
4052 2165
4053 393
4054 393
4055 393
4056 393
4057 397
4058 397
4059 1463
4060 1693
4061 1238
4062 2284
4063 397
4064 397
4065 397
4066 397
4067 624
4068 398
4069 400
4070 2250
4071 1445
4072 402
4073 2614
4074 3289
4075 404
4076 463
4077 3152
4078 3005
4079 404
4080 404
4081 914
4082 430
4083 404
4084 404
4085 2912
4086 812
4087 1305
4088 1996
4089 953
4090 404
4091 2811
4092 1556
4093 404
4094 796
4095 404
4096 1916
4097 970
4098 410
4099 919
4100 410
4101 846
4102 1568
4103 410
4104 3272
4105 537
4106 415
4107 1493
4108 2591
4109 2881
4110 672
4111 2854
4112 1261
4113 1421
4114 421
4115 492
4116 1449
4117 1394
4118 424
4119 609
4120 2544
4121 2554
4122 2501
4123 1479
4124 2332
4125 2026
4126 989
4127 429
4128 429
4129 431
4130 431
4131 2677
4132 431
4133 433
4134 513
4135 2277
4136 435
4137 2234
4138 436
4139 436
4140 3292
4141 2908
4142 436
4143 438
4144 438
4145 438
4146 438
4147 440
4148 442
4149 588
4150 1086
4151 1680
4152 781
4153 1450
4154 2022
4155 2974
4156 448
4157 448
4158 449
4159 2368
4160 450
4161 450
4162 2261
4163 1320
4164 453
4165 2168
4166 3010
4167 673
4168 2269
4169 972
4170 2592
4171 451
4172 2256
4173 453
4174 1597
4175 1567
4176 454
4177 454
4178 2814
4179 851
4180 1055
4181 2895
4182 1129
4183 457
4184 677
4185 457
4186 2416
4187 1583
4188 945
4189 2896
4190 813
4191 461
4192 650
4193 464
4194 797
4195 2607
4196 1766
4197 604
4198 464
4199 464
4200 637
4201 2236
4202 466
4203 466
4204 466
4205 2909
4206 467
4207 468
4208 1929
4209 2004
4210 824
4211 2829
4212 2852
4213 470
4214 470
4215 488
4216 470
4217 1078
4218 471
4219 471
4220 1466
4221 471
4222 471
4223 471
4224 2099
4225 3300
4226 473
4227 473
4228 1533
4229 473
4230 1588
4231 475
4232 2542
4233 475
4234 1100
4235 2730
4236 1734
4237 1629
4238 564
4239 475
4240 1971
4241 548
4242 1935
4243 2072
4244 512
4245 1148
4246 734
4247 1423
4248 475
4249 3263
4250 3054
4251 963
4252 2403
4253 475
4254 475
4255 475
4256 476
4257 2947
4258 1822
4259 480
4260 481
4261 1218
4262 579
4263 1235
4264 487
4265 488
4266 488
4267 488
4268 488
4269 2177
4270 2533
4271 910
4272 488
4273 491
4274 491
4275 1126
4276 2871
4277 1326
4278 493
4279 493
4280 1307
4281 514
4282 498
4283 499
4284 559
4285 501
4286 501
4287 1847
4288 1862
4289 502
4290 502
4291 504
4292 982
4293 504
4294 504
4295 1665
4296 1950
4297 2265
4298 1635
4299 3155
4300 1995
4301 512
4302 512
4303 2723
4304 512
4305 512
4306 512
4307 2903
4308 1211
4309 3318
4310 512
4311 512
4312 2916
4313 1301
4314 512
4315 1384
4316 995
4317 513
4318 2920
4319 1927
4320 517
4321 1711
4322 3114
4323 574
4324 520
4325 611
4326 520
4327 803
4328 544
4329 3084
4330 1986
4331 2820
4332 1170
4333 520
4334 520
4335 520
4336 520
4337 895
4338 2559
4339 1351
4340 520
4341 894
4342 520
4343 1708
4344 3068
4345 520
4346 520
4347 555
4348 2376
4349 1470
4350 1242
4351 3111
4352 795
4353 1639
4354 1256
4355 565
4356 1984
4357 525
4358 2487
4359 528
4360 2102
4361 529
4362 1047
4363 1480
4364 2599
4365 530
4366 2023
4367 530
4368 531
4369 532
4370 2276
4371 533
4372 533
4373 613
4374 2163
4375 533
4376 825
4377 1967
4378 1139
4379 534
4380 2861
4381 534
4382 534
4383 1360
4384 2381
4385 1459
4386 725
4387 534
4388 2936
4389 2121
4390 534
4391 2574
4392 2690
4393 598
4394 2930
4395 2528
4396 534
4397 2496
4398 1536
4399 2084
4400 534
4401 534
4402 2731
4403 865
4404 540
4405 952
4406 544
4407 936
4408 2685
4409 1601
4410 548
4411 2586
4412 572
4413 1684
4414 553
4415 2946
4416 553
4417 553
4418 1830
4419 2219
4420 755
4421 880
4422 1229
4423 2228
4424 2665
4425 691
4426 2350
4427 563
4428 1823
4429 2282
4430 1768
4431 563
4432 1976
4433 563
4434 563
4435 563
4436 563
4437 1132
4438 564
4439 564
4440 564
4441 1050
4442 1137
4443 675
4444 586
4445 2674
4446 593
4447 1800
4448 716
4449 578
4450 1085
4451 579
4452 2781
4453 580
4454 580
4455 2844
4456 930
4457 1270
4458 2166
4459 581
4460 583
4461 1333
4462 758
4463 770
4464 1973
4465 2513
4466 584
4467 710
4468 1135
4469 1618
4470 584
4471 584
4472 584
4473 1630
4474 584
4475 1808
4476 584
4477 584
4478 584
4479 586
4480 2042
4481 647
4482 1837
4483 590
4484 1250
4485 926
4486 2243
4487 590
4488 778
4489 827
4490 590
4491 978
4492 1880
4493 1057
4494 638
4495 2370
4496 1049
4497 896
4498 1087
4499 1138
4500 590
4501 590
4502 1094
4503 3166
4504 1217
4505 1110
4506 590
4507 2178
4508 590
4509 590
4510 590
4511 590
4512 2464
4513 3039
4514 1643
4515 948
4516 1239
4517 592
4518 879
4519 1399
4520 592
4521 592
4522 592
4523 592
4524 592
4525 862
4526 668
4527 1150
4528 2941
4529 594
4530 1146
4531 594
4532 3156
4533 594
4534 913
4535 594
4536 594
4537 594
4538 2594
4539 594
4540 2905
4541 1771
4542 2145
4543 594
4544 737
4545 595
4546 597
4547 842
4548 761
4549 766
4550 932
4551 606
4552 1027
4553 1485
4554 2663
4555 1107
4556 610
4557 1432
4558 610
4559 3192
4560 613
4561 613
4562 657
4563 3278
4564 613
4565 2630
4566 759
4567 884
4568 614
4569 793
4570 2386
4571 1749
4572 619
4573 3038
4574 806
4575 966
4576 692
4577 1272
4578 1833
4579 2020
4580 3174
4581 624
4582 2671
4583 656
4584 2735
4585 1014
4586 2244
4587 627
4588 1615
4589 856
4590 1668
4591 631
4592 631
4593 1169
4594 2093
4595 1715
4596 632
4597 632
4598 855
4599 1793
4600 636
4601 2183
4602 637
4603 637
4604 639
4605 1551
4606 2422
4607 2841
4608 1164
4609 641
4610 641
4611 641
4612 641
4613 642
4614 643
4615 2427
4616 1058
4617 644
4618 831
4619 644
4620 1841
4621 1882
4622 3107
4623 925
4624 2413
4625 1613
4626 648
4627 648
4628 648
4629 2517
4630 648
4631 648
4632 648
4633 648
4634 762
4635 648
4636 648
4637 1171
4638 648
4639 648
4640 772
4641 2133
4642 648
4643 2433
4644 1309
4645 826
4646 648
4647 3251
4648 3205
4649 648
4650 1221
4651 648
4652 648
4653 648
4654 2235
4655 3294
4656 648
4657 731
4658 648
4659 648
4660 849
4661 648
4662 2505
4663 648
4664 2118
4665 2753
4666 648
4667 1426
4668 648
4669 902
4670 648
4671 2604
4672 648
4673 1948
4674 2606
4675 1975
4676 649
4677 711
4678 652
4679 652
4680 657
4681 909
4682 3126
4683 3225
4684 1807
4685 1592
4686 663
4687 663
4688 1906
4689 663
4690 955
4691 664
4692 876
4693 713
4694 1166
4695 667
4696 1890
4697 2144
4698 703
4699 670
4700 1265
4701 671
4702 671
4703 1370
4704 671
4705 2057
4706 671
4707 673
4708 674
4709 1156
4710 872
4711 1685
4712 3270
4713 3252
4714 3132
4715 2950
4716 680
4717 681
4718 2048
4719 683
4720 1119
4721 3181
4722 685
4723 1571
4724 775
4725 915
4726 2534
4727 2573
4728 3299
4729 691
4730 2063
4731 1549
4732 693
4733 3255
4734 2709
4735 867
4736 698
4737 898
4738 699
4739 701
4740 992
4741 1557
4742 2603
4743 706
4744 2789
4745 2500
4746 2417
4747 706
4748 707
4749 1063
4750 707
4751 707
4752 709
4753 776
4754 739
4755 713
4756 1852
4757 713
4758 1727
4759 2229
4760 2585
4761 718
4762 2540
4763 2353
4764 2651
4765 1697
4766 722
4767 722
4768 724
4769 726
4770 939
4771 728
4772 729
4773 1489
4774 731
4775 731
4776 3110
4777 768
4778 734
4779 734
4780 830
4781 1516
4782 734
4783 2706
4784 734
4785 1654
4786 2466
4787 734
4788 734
4789 734
4790 734
4791 734
4792 747
4793 734
4794 734
4795 1025
4796 734
4797 734
4798 1907
4799 734
4800 1007
4801 734
4802 734
4803 735
4804 2115
4805 999
4806 1827
4807 739
4808 739
4809 2900
4810 739
4811 987
4812 739
4813 2078
4814 2055
4815 2267
4816 1433
4817 739
4818 743
4819 1566
4820 1543
4821 747
4822 749
4823 751
4824 751
4825 3168
4826 753
4827 753
4828 754
4829 754
4830 2264
4831 1280
4832 2582
4833 1395
4834 1398
4835 760
4836 760
4837 760
4838 1891
4839 1488
4840 760
4841 760
4842 760
4843 760
4844 760
4845 760
4846 760
4847 2620
4848 760
4849 760
4850 839
4851 1117
4852 760
4853 1900
4854 1253
4855 2890
4856 761
4857 761
4858 1530
4859 761
4860 761
4861 762
4862 762
4863 1159
4864 2296
4865 767
4866 1865
4867 2283
4868 2629
4869 769
4870 816
4871 770
4872 3248
4873 770
4874 770
4875 1744
4876 770
4877 770
4878 2519
4879 1647
4880 773
4881 774
4882 774
4883 774
4884 777
4885 1142
4886 778
4887 779
4888 780
4889 780
4890 781
4891 781
4892 781
4893 3012
4894 781
4895 864
4896 782
4897 784
4898 784
4899 907
4900 784
4901 2430
4902 938
4903 787
4904 790
4905 791
4906 791
4907 1605
4908 791
4909 1849
4910 2360
4911 1048
4912 1213
4913 792
4914 1523
4915 961
4916 792
4917 1318
4918 2933
4919 863
4920 2189
4921 793
4922 1092
4923 1258
4924 3323
4925 1464
4926 1205
4927 796
4928 2258
4929 797
4930 797
4931 994
4932 2123
4933 801
4934 801
4935 891
4936 1888
4937 2069
4938 806
4939 980
4940 2684
4941 808
4942 934
4943 810
4944 1206
4945 960
4946 2398
4947 1317
4948 814
4949 817
4950 1506
4951 1595
4952 2441
4953 3317
4954 821
4955 1774
4956 2378
4957 897
4958 1674
4959 829
4960 2217
4961 829
4962 1526
4963 829
4964 832
4965 2828
4966 1021
4967 2252
4968 836
4969 2836
4970 1840
4971 1952
4972 2364
4973 839
4974 2570
4975 843
4976 846
4977 846
4978 846
4979 847
4980 847
4981 1690
4982 2233
4983 3158
4984 922
4985 2615
4986 3035
4987 1716
4988 849
4989 3228
4990 968
4991 3304
4992 849
4993 849
4994 2240
4995 2116
4996 3288
4997 849
4998 849
4999 850
5000 1883
5001 852
5002 2887
5003 853
5004 853
5005 2400
5006 2448
5007 854
5008 854
5009 1065
5010 2499
5011 1563
5012 2045
5013 1045
5014 858
5015 1477
5016 858
5017 1719
5018 858
5019 858
5020 859
5021 2246
5022 860
5023 1717
5024 862
5025 1641
5026 863
5027 2463
5028 1538
5029 2299
5030 864
5031 864
5032 888
5033 2097
5034 2033
5035 867
5036 867
5037 2760
5038 868
5039 2016
5040 870
5041 3187
5042 1803
5043 872
5044 1230
5045 873
5046 873
5047 873
5048 873
5049 1101
5050 875
5051 875
5052 875
5053 877
5054 877
5055 877
5056 878
5057 900
5058 878
5059 878
5060 878
5061 878
5062 2672
5063 878
5064 3023
5065 878
5066 878
5067 2335
5068 878
5069 2089
5070 878
5071 2327
5072 880
5073 880
5074 1471
5075 880
5076 882
5077 882
5078 1011
5079 906
5080 3098
5081 1664
5082 1982
5083 3032
5084 1030
5085 884
5086 1116
5087 888
5088 2764
5089 890
5090 1602
5091 2070
5092 1296
5093 892
5094 1811
5095 1914
5096 2984
5097 986
5098 892
5099 892
5100 1302
5101 892
5102 3015
5103 1622
5104 892
5105 893
5106 893
5107 893
5108 893
5109 2783
5110 1448
5111 896
5112 2411
5113 896
5114 1486
5115 1003
5116 2257
5117 896
5118 3161
5119 896
5120 2777
5121 2669
5122 896
5123 2157
5124 897
5125 897
5126 897
5127 899
5128 899
5129 903
5130 904
5131 2759
5132 1740
5133 1267
5134 908
5135 908
5136 909
5137 909
5138 909
5139 1341
5140 3254
5141 1511
5142 909
5143 1682
5144 1947
5145 909
5146 909
5147 909
5148 909
5149 909
5150 3090
5151 909
5152 909
5153 909
5154 1352
5155 1245
5156 2225
5157 911
5158 911
5159 2512
5160 911
5161 911
5162 911
5163 911
5164 911
5165 911
5166 912
5167 912
5168 2142
5169 912
5170 2784
5171 912
5172 914
5173 914
5174 915
5175 916
5176 3227
5177 916
5178 2831
5179 1870
5180 916
5181 918
5182 920
5183 1254
5184 2692
5185 1691
5186 922
5187 1334
5188 923
5189 1924
5190 1688
5191 1060
5192 926
5193 2383
5194 1153
5195 926
5196 926
5197 926
5198 926
5199 926
5200 926
5201 926
5202 926
5203 2522
5204 926
5205 1704
5206 926
5207 926
5208 926
5209 2549
5210 1088
5211 2497
5212 926
5213 926
5214 1040
5215 1024
5216 2772
5217 2694
5218 929
5219 2420
5220 929
5221 1881
5222 2563
5223 1108
5224 929
5225 929
5226 2611
5227 3231
5228 1794
5229 2668
5230 1339
5231 934
5232 934
5233 2924
5234 974
5235 935
5236 935
5237 935
5238 935
5239 2424
5240 935
5241 2154
5242 935
5243 1308
5244 935
5245 1347
5246 935
5247 1574
5248 935
5249 935
5250 1926
5251 936
5252 1161
5253 938
5254 938
5255 938
5256 938
5257 2081
5258 1659
5259 2438
5260 945
5261 2000
5262 945
5263 946
5264 946
5265 947
5266 947
5267 1495
5268 2263
5269 952
5270 2281
5271 953
5272 954
5273 954
5274 954
5275 2992
5276 955
5277 957
5278 1095
5279 958
5280 2161
5281 965
5282 2557
5283 965
5284 2415
5285 965
5286 965
5287 965
5288 965
5289 965
5290 966
5291 2210
5292 967
5293 1979
5294 1241
5295 1961
5296 971
5297 2954
5298 971
5299 1364
5300 973
5301 973
5302 974
5303 974
5304 2409
5305 974
5306 974
5307 974
5308 974
5309 1564
5310 974
5311 1469
5312 974
5313 974
5314 1738
5315 975
5316 1960
5317 975
5318 976
5319 978
5320 983
5321 985
5322 1439
5323 986
5324 986
5325 3113
5326 1913
5327 1414
5328 1357
5329 3274
5330 987
5331 1160
5332 989
5333 989
5334 989
5335 990
5336 990
5337 990
5338 991
5339 2423
5340 998
5341 1754
5342 1052
5343 1851
5344 2485
5345 2104
5346 1044
5347 1002
5348 1791
5349 3145
5350 2462
5351 1003
5352 1003
5353 1004
5354 1484
5355 2170
5356 1007
5357 1007
5358 1007
5359 1660
5360 1007
5361 1007
5362 1304
5363 1007
5364 2796
5365 1380
5366 1115
5367 1008
5368 2132
5369 1011
5370 1018
5371 1018
5372 2816
5373 1018
5374 1018
5375 1018
5376 1021
5377 2850
5378 1021
5379 1343
5380 1023
5381 1023
5382 1029
5383 1031
5384 1032
5385 1032
5386 1276
5387 1033
5388 2443
5389 1038
5390 1377
5391 1558
5392 1041
5393 1041
5394 2014
5395 1284
5396 1203
5397 1041
5398 1188
5399 1041
5400 1041
5401 1041
5402 1041
5403 1041
5404 2486
5405 1041
5406 1041
5407 1041
5408 1041
5409 3051
5410 1041
5411 2303
5412 1041
5413 2171
5414 2590
5415 1042
5416 1042
5417 1942
5418 1043
5419 1045
5420 1045
5421 1045
5422 2835
5423 1863
5424 1634
5425 2935
5426 1046
5427 1163
5428 3260
5429 1049
5430 1049
5431 1050
5432 1122
5433 1732
5434 1050
5435 1051
5436 2056
5437 1053
5438 1053
5439 2915
5440 2642
5441 1053
5442 1839
5443 1053
5444 1068
5445 1903
5446 1053
5447 1053
5448 3232
5449 2617
5450 1323
5451 1053
5452 1053
5453 1053
5454 1053
5455 1053
5456 3066
5457 1053
5458 1974
5459 1483
5460 1053
5461 1053
5462 2421
5463 3167
5464 1539
5465 2742
5466 1928
5467 2959
5468 1509
5469 1053
5470 1342
5471 1176
5472 1195
5473 1053
5474 2472
5475 3269
5476 1053
5477 2655
5478 1053
5479 1053
5480 1679
5481 1053
5482 3147
5483 1057
5484 2325
5485 1109
5486 1059
5487 1790
5488 1061
5489 1063
5490 1063
5491 1063
5492 1237
5493 1063
5494 1063
5495 1063
5496 2322
5497 1063
5498 1212
5499 2253
5500 2373
5501 1069
5502 1069
5503 1069
5504 1069
5505 1070
5506 1921
5507 1070
5508 1167
5509 1072
5510 3093
5511 1072
5512 1072
5513 1072
5514 1075
5515 1834
5516 1075
5517 1075
5518 3041
5519 1075
5520 2260
5521 1420
5522 1081
5523 3121
5524 1081
5525 1083
5526 1083
5527 1084
5528 1085
5529 1085
5530 2387
5531 1085
5532 1085
5533 1251
5534 1088
5535 1090
5536 1093
5537 1093
5538 1372
5539 1095
5540 1368
5541 1097
5542 1958
5543 2758
5544 1107
5545 2449
5546 1107
5547 1107
5548 1107
5549 1620
5550 2514
5551 1111
5552 1113
5553 2357
5554 1123
5555 1123
5556 1123
5557 1123
5558 3047
5559 2119
5560 2213
5561 1776
5562 1126
5563 1126
5564 1127
5565 3060
5566 2882
5567 2356
5568 1132
5569 1132
5570 2185
5571 1132
5572 1132
5573 2983
5574 1713
5575 2158
5576 2280
5577 2194
5578 1132
5579 2314
5580 1132
5581 1517
5582 1132
5583 1132
5584 2106
5585 2113
5586 1132
5587 1939
5588 2875
5589 1132
5590 1132
5591 3022
5592 2012
5593 2005
5594 2641
5595 1132
5596 3293
5597 1145
5598 2907
5599 1132
5600 1687
5601 1132
5602 1132
5603 1132
5604 1209
5605 1132
5606 2402
5607 2160
5608 1132
5609 2492
5610 1248
5611 1133
5612 1434
5613 1136
5614 1140
5615 1140
5616 1294
5617 1142
5618 1142
5619 1726
5620 1831
5621 1866
5622 2788
5623 1148
5624 3004
5625 1148
5626 1148
5627 3149
5628 1472
5629 1148
5630 1148
5631 3243
5632 1151
5633 1271
5634 1151
5635 1151
5636 1151
5637 1151
5638 2805
5639 1157
5640 1158
5641 1162
5642 1163
5643 1163
5644 1481
5645 1165
5646 1645
5647 1165
5648 1919
5649 1165
5650 1166
5651 2361
5652 1166
5653 1313
5654 1168
5655 1172
5656 1951
5657 1168
5658 2380
5659 1168
5660 2966
5661 1168
5662 1169
5663 3238
5664 1170
5665 1170
5666 1909
5667 1503
5668 2568
5669 2624
5670 1240
5671 2696
5672 1173
5673 1656
5674 2390
5675 1255
5676 1985
5677 1175
5678 1175
5679 1591
5680 2382
5681 1181
5682 2131
5683 1181
5684 1181
5685 1181
5686 1181
5687 1247
5688 1181
5689 2532
5690 1181
5691 1181
5692 2088
5693 2530
5694 1739
5695 1386
5696 3309
5697 1185
5698 1185
5699 1185
5700 3043
5701 1185
5702 1199
5703 1187
5704 3124
5705 1187
5706 1187
5707 1187
5708 1187
5709 1187
5710 1845
5711 3019
5712 1187
5713 1187
5714 2010
5715 1192
5716 1197
5717 2127
5718 1202
5719 1202
5720 1362
5721 1202
5722 2151
5723 1202
5724 1202
5725 3214
5726 1202
5727 1202
5728 1202
5729 1202
5730 1202
5731 1202
5732 1202
5733 1202
5734 1202
5735 1819
5736 2459
5737 1892
5738 3172
5739 1202
5740 1724
5741 1202
5742 1202
5743 2521
5744 2060
5745 1202
5746 1528
5747 3109
5748 1202
5749 2577
5750 1202
5751 2618
5752 2894
5753 1202
5754 1202
5755 1202
5756 1202
5757 1202
5758 1202
5759 1202
5760 1202
5761 1475
5762 1202
5763 2766
5764 2199
5765 1203
5766 1203
5767 3261
5768 1203
5769 1203
5770 1203
5771 1203
5772 1203
5773 1204
5774 1728
5775 1211
5776 2461
5777 1214
5778 1216
5779 1220
5780 1220
5781 2888
5782 1220
5783 1220
5784 1222
5785 1223
5786 1226
5787 2006
5788 1231
5789 3052
5790 1231
5791 1234
5792 1237
5793 1237
5794 1238
5795 2013
5796 1238
5797 2003
5798 1743
5799 2659
5800 3144
5801 1805
5802 1246
5803 1390
5804 2092
5805 1246
5806 1246
5807 1247
5808 1247
5809 1247
5810 1569
5811 1247
5812 1247
5813 1247
5814 1247
5815 1247
5816 1247
5817 1440
5818 1247
5819 1247
5820 1247
5821 1247
5822 2329
5823 1650
5824 1247
5825 1969
5826 3053
5827 1832
5828 3194
5829 1247
5830 1247
5831 1247
5832 1247
5833 1247
5834 1247
5835 2944
5836 1247
5837 1247
5838 1757
5839 1247
5840 1525
5841 2030
5842 1247
5843 1247
5844 1745
5845 1247
5846 1580
5847 1247
5848 1247
5849 1247
5850 1247
5851 2734
5852 1247
5853 1504
5854 3198
5855 2868
5856 1250
5857 1252
5858 3277
5859 1253
5860 1253
5861 1253
5862 1253
5863 1254
5864 1254
5865 1256
5866 1256
5867 1258
5868 2471
5869 1259
5870 1259
5871 2741
5872 3057
5873 2970
5874 2180
5875 1262
5876 1741
5877 2823
5878 1262
5879 1262
5880 1263
5881 1265
5882 1270
5883 1271
5884 1954
5885 2458
5886 3322
5887 2857
5888 1272
5889 1274
5890 1274
5891 1671
5892 1277
5893 2711
5894 1277
5895 2579
5896 1277
5897 2647
5898 3173
5899 2428
5900 2757
5901 1375
5902 1280
5903 1280
5904 1280
5905 1280
5906 1513
5907 1280
5908 1280
5909 2129
5910 2865
5911 1281
5912 1331
5913 2705
5914 2230
5915 2074
5916 1476
5917 1282
5918 2720
5919 1282
5920 1282
5921 1282
5922 1284
5923 1284
5924 1507
5925 1295
5926 1898
5927 1494
5928 1297
5929 1297
5930 1298
5931 1306
5932 1311
5933 1430
5934 1315
5935 1315
5936 1315
5937 1315
5938 1315
5939 1667
5940 1318
5941 1322
5942 3063
5943 1329
5944 2079
5945 1332
5946 1333
5947 1417
5948 1335
5949 1339
5950 2036
5951 1365
5952 1341
5953 2038
5954 1341
5955 1341
5956 3159
5957 1875
5958 2600
5959 3102
5960 1893
5961 3140
5962 1353
5963 1648
5964 2211
5965 1908
5966 1346
5967 1761
5968 1400
5969 1797
5970 1346
5971 1991
5972 1346
5973 2511
5974 1347
5975 1347
5976 2052
5977 1348
5978 1350
5979 1350
5980 1350
5981 1350
5982 1350
5983 3211
5984 1350
5985 1350
5986 1352
5987 1352
5988 1354
5989 1354
5990 1354
5991 1455
5992 1354
5993 2440
5994 1354
5995 1354
5996 1355
5997 1355
5998 1355
5999 2504
6000 1355
6001 1355
6002 1355
6003 1355
6004 1355
6005 1355
6006 1355
6007 1931
6008 1357
6009 1360
6010 1520
6011 1361
6012 1364
6013 1364
6014 1510
6015 1435
6016 1365
6017 2704
6018 1365
6019 1365
6020 1366
6021 1367
6022 1368
6023 2272
6024 1369
6025 2688
6026 1369
6027 1372
6028 1374
6029 3204
6030 1375
6031 1376
6032 1514
6033 1381
6034 2507
6035 1383
6036 1383
6037 1383
6038 1884
6039 1383
6040 3046
6041 2340
6042 1383
6043 1383
6044 1383
6045 1383
6046 1383
6047 1386
6048 1606
6049 1389
6050 1391
6051 1392
6052 1391
6053 1391
6054 1391
6055 2948
6056 1391
6057 3257
6058 1391
6059 1391
6060 2699
6061 1391
6062 2595
6063 1718
6064 1391
6065 1391
6066 1392
6067 2838
6068 3058
6069 2385
6070 1499
6071 1395
6072 1399
6073 1399
6074 2870
6075 1400
6076 2401
6077 1405
6078 1565
6079 3201
6080 1406
6081 1406
6082 1406
6083 1409
6084 1411
6085 1806
6086 1981
6087 1416
6088 1836
6089 1417
6090 2997
6091 1418
6092 1418
6093 1418
6094 1418
6095 1418
6096 1692
6097 3079
6098 1419
6099 3076
6100 1419
6101 1421
6102 2531
6103 1422
6104 1424
6105 1425
6106 2467
6107 1428
6108 3117
6109 1428
6110 1428
6111 1429
6112 1561
6113 1436
6114 1438
6115 1438
6116 1438
6117 1438
6118 2918
6119 1438
6120 2555
6121 2802
6122 1438
6123 1871
6124 1438
6125 1953
6126 1547
6127 1438
6128 2436
6129 2268
6130 2307
6131 1442
6132 1443
6133 2775
6134 1446
6135 1447
6136 1450
6137 1453
6138 1453
6139 1454
6140 1524
6141 1454
6142 2040
6143 3165
6144 1454
6145 3036
6146 1454
6147 1454
6148 1455
6149 2778
6150 1455
6151 1698
6152 1455
6153 1455
6154 2392
6155 1457
6156 2087
6157 1460
6158 1462
6159 1463
6160 1467
6161 3298
6162 1468
6163 2770
6164 2897
6165 2450
6166 1468
6167 1468
6168 3125
6169 1956
6170 2309
6171 1471
6172 1471
6173 1471
6174 1471
6175 1471
6176 2062
6177 2404
6178 2203
6179 1473
6180 2049
6181 1904
6182 1498
6183 1476
6184 1476
6185 1477
6186 1477
6187 1477
6188 1997
6189 1477
6190 2547
6191 2384
6192 1483
6193 1483
6194 3218
6195 1483
6196 2686
6197 1628
6198 3256
6199 3086
6200 1487
6201 1487
6202 1487
6203 1487
6204 1489
6205 1541
6206 2609
6207 3021
6208 1489
6209 1489
6210 1490
6211 2763
6212 1494
6213 2071
6214 1494
6215 1495
6216 1495
6217 3308
6218 1496
6219 1497
6220 1503
6221 1507
6222 3265
6223 1637
6224 1509
6225 1509
6226 1509
6227 1509
6228 1509
6229 1509
6230 1673
6231 1509
6232 1509
6233 2418
6234 1513
6235 1514
6236 1514
6237 1515
6238 2344
6239 1516
6240 2043
6241 1516
6242 3065
6243 1517
6244 2917
6245 1521
6246 3176
6247 1521
6248 1788
6249 1521
6250 1523
6251 1527
6252 1532
6253 1534
6254 1535
6255 1536
6256 1672
6257 1536
6258 1539
6259 1540
6260 1541
6261 1541
6262 1541
6263 1542
6264 1542
6265 2075
6266 1542
6267 3297
6268 1542
6269 1542
6270 2128
6271 2397
6272 1542
6273 3182
6274 2208
6275 1549
6276 1549
6277 1552
6278 1789
6279 2710
6280 1552
6281 1553
6282 3179
6283 1557
6284 1559
6285 1559
6286 1561
6287 1561
6288 1561
6289 2961
6290 1562
6291 1562
6292 1850
6293 3271
6294 1565
6295 2809
6296 1566
6297 2700
6298 1580
6299 1580
6300 1580
6301 1580
6302 1580
6303 1580
6304 1580
6305 1580
6306 1580
6307 1583
6308 2804
6309 2863
6310 1585
6311 1587
6312 1590
6313 1590
6314 2454
6315 1593
6316 2114
6317 1596
6318 1596
6319 1783
6320 1596
6321 1596
6322 1686
6323 1596
6324 1720
6325 2146
6326 1600
6327 1600
6328 2155
6329 1624
6330 1601
6331 2576
6332 1763
6333 1601
6334 1601
6335 1603
6336 1603
6337 2969
6338 1604
6339 3118
6340 1604
6341 1604
6342 1604
6343 1878
6344 2374
6345 1605
6346 1605
6347 1605
6348 1606
6349 1606
6350 1608
6351 1608
6352 1608
6353 2673
6354 2109
6355 3031
6356 1609
6357 1609
6358 1609
6359 1610
6360 1611
6361 1612
6362 1612
6363 2503
6364 2076
6365 1616
6366 1616
6367 1616
6368 1616
6369 2937
6370 1616
6371 2432
6372 1616
6373 1616
6374 1616
6375 2621
6376 3282
6377 1616
6378 3171
6379 2645
6380 1616
6381 1616
6382 1616
6383 1616
6384 1616
6385 1616
6386 1616
6387 1616
6388 1616
6389 1616
6390 1616
6391 1616
6392 1616
6393 1616
6394 1616
6395 2149
6396 1616
6397 1616
6398 2558
6399 1616
6400 1616
6401 3011
6402 2077
6403 1616
6404 1616
6405 1616
6406 1616
6407 3321
6408 1702
6409 2369
6410 1618
6411 2083
6412 1963
6413 1621
6414 1621
6415 1621
6416 3259
6417 1621
6418 1622
6419 2293
6420 1624
6421 1624
6422 2873
6423 2995
6424 1624
6425 1624
6426 1624
6427 1624
6428 1625
6429 1625
6430 1626
6431 1626
6432 1626
6433 1627
6434 3119
6435 1905
6436 3216
6437 1629
6438 1629
6439 1629
6440 1630
6441 2581
6442 1631
6443 2649
6444 1631
6445 1631
6446 1631
6447 1631
6448 1631
6449 3000
6450 1631
6451 1631
6452 2017
6453 1631
6454 1631
6455 1631
6456 1631
6457 1631
6458 1631
6459 1631
6460 3017
6461 3016
6462 1631
6463 1631
6464 1631
6465 3226
6466 1631
6467 1631
6468 2584
6469 1632
6470 1633
6471 1633
6472 2162
6473 1633
6474 1742
6475 2680
6476 1634
6477 1634
6478 1634
6479 1634
6480 1634
6481 1637
6482 1637
6483 1886
6484 1638
6485 1641
6486 1642
6487 1669
6488 3105
6489 1645
6490 3266
6491 1646
6492 1648
6493 1650
6494 1650
6495 2822
6496 1651
6497 1656
6498 2794
6499 2661
6500 1656
6501 1658
6502 1658
6503 1659
6504 1659
6505 1660
6506 1660
6507 1821
6508 1660
6509 1661
6510 1661
6511 1662
6512 1666
6513 1666
6514 1675
6515 1675
6516 1675
6517 2408
6518 2999
6519 1677
6520 1679
6521 1680
6522 2859
6523 1962
6524 1685
6525 1685
6526 1685
6527 1685
6528 1685
6529 1686
6530 2193
6531 1687
6532 1688
6533 1688
6534 3115
6535 1693
6536 1706
6537 1694
6538 2538
6539 2691
6540 2215
6541 1700
6542 2477
6543 1702
6544 2911
6545 1702
6546 1703
6547 1703
6548 1704
6549 1704
6550 1704
6551 1707
6552 1707
6553 1709
6554 1709
6555 1709
6556 1709
6557 1709
6558 1709
6559 1709
6560 2803
6561 1709
6562 1809
6563 2375
6564 1709
6565 2143
6566 1709
6567 1709
6568 3056
6569 1709
6570 1709
6571 1709
6572 1709
6573 1713
6574 1715
6575 1715
6576 1715
6577 3229
6578 1715
6579 1715
6580 2437
6581 1715
6582 1802
6583 1715
6584 1715
6585 1715
6586 2406
6587 1715
6588 1715
6589 1715
6590 1715
6591 2212
6592 1720
6593 1723
6594 3306
6595 1724
6596 1725
6597 1725
6598 1725
6599 1729
6600 1729
6601 2207
6602 3305
6603 1732
6604 1732
6605 2653
6606 3315
6607 1732
6608 1733
6609 1734
6610 1734
6611 1734
6612 1734
6613 1734
6614 1734
6615 1734
6616 1734
6617 1734
6618 1737
6619 1740
6620 2636
6621 1740
6622 3301
6623 2864
6624 1854
6625 1740
6626 1740
6627 1740
6628 1740
6629 1745
6630 2345
6631 3267
6632 1746
6633 1746
6634 1746
6635 1746
6636 1746
6637 2270
6638 2648
6639 1746
6640 1749
6641 3050
6642 1756
6643 1756
6644 2654
6645 3025
6646 1762
6647 1763
6648 1763
6649 1763
6650 2707
6651 1767
6652 1770
6653 1770
6654 1770
6655 2769
6656 1770
6657 1771
6658 1771
6659 1771
6660 2985
6661 1771
6662 1771
6663 1932
6664 1771
6665 1771
6666 1771
6667 1771
6668 1771
6669 1771
6670 1771
6671 3151
6672 1771
6673 1771
6674 1771
6675 1771
6676 1771
6677 1771
6678 2019
6679 1771
6680 2619
6681 2308
6682 1772
6683 1772
6684 1772
6685 1772
6686 1774
6687 1774
6688 1774
6689 1876
6690 2266
6691 1776
6692 1778
6693 1778
6694 1778
6695 1778
6696 1778
6697 2176
6698 1781
6699 1785
6700 2552
6701 2067
6702 1785
6703 2339
6704 3234
6705 1787
6706 1787
6707 1787
6708 1787
6709 1787
6710 1787
6711 1788
6712 1842
6713 1788
6714 1788
6715 1788
6716 1788
6717 1788
6718 1788
6719 1788
6720 1788
6721 2396
6722 1788
6723 1788
6724 1788
6725 1788
6726 1788
6727 1788
6728 1788
6729 1788
6730 1788
6731 1788
6732 1788
6733 2819
6734 1788
6735 3123
6736 2717
6737 1894
6738 1788
6739 1788
6740 2065
6741 1788
6742 1790
6743 1790
6744 3162
6745 1790
6746 1790
6747 1790
6748 1792
6749 2698
6750 1794
6751 1794
6752 1796
6753 1796
6754 1796
6755 1796
6756 1796
6757 3250
6758 1796
6759 1856
6760 1796
6761 1796
6762 1796
6763 1796
6764 2358
6765 1796
6766 2719
6767 2247
6768 1801
6769 2703
6770 1803
6771 1803
6772 1803
6773 3055
6774 1803
6775 1804
6776 2965
6777 1804
6778 2044
6779 1804
6780 1804
6781 1805
6782 1805
6783 2035
6784 2214
6785 1806
6786 1806
6787 1806
6788 1806
6789 1806
6790 2181
6791 1807
6792 1812
6793 1812
6794 1813
6795 2566
6796 1813
6797 2426
6798 1813
6799 1814
6800 1815
6801 1815
6802 1815
6803 1815
6804 1934
6805 2445
6806 1815
6807 1815
6808 3077
6809 2086
6810 1816
6811 1817
6812 1817
6813 1818
6814 1820
6815 2312
6816 1895
6817 1831
6818 2800
6819 1831
6820 1831
6821 2302
6822 2101
6823 1836
6824 1837
6825 2571
6826 1837
6827 1837
6828 1839
6829 1839
6830 1839
6831 1841
6832 2491
6833 1841
6834 2813
6835 1843
6836 1922
6837 1845
6838 1964
6839 1846
6840 2922
6841 1859
6842 1846
6843 1846
6844 2891
6845 2771
6846 1848
6847 1849
6848 1851
6849 1852
6850 3284
6851 1854
6852 1854
6853 1854
6854 1854
6855 1854
6856 1854
6857 1854
6858 3210
6859 1854
6860 1854
6861 1859
6862 1860
6863 1865
6864 1865
6865 1869
6866 2973
6867 2790
6868 1870
6869 1870
6870 1870
6871 1873
6872 1874
6873 2271
6874 1874
6875 1874
6876 2050
6877 1874
6878 1874
6879 3287
6880 1875
6881 1875
6882 1878
6883 2543
6884 1880
6885 1885
6886 3189
6887 2539
6888 1886
6889 2273
6890 2879
6891 1888
6892 1888
6893 1888
6894 1888
6895 2338
6896 1891
6897 1891
6898 1992
6899 2352
6900 1899
6901 1900
6902 2237
6903 1900
6904 1901
6905 1901
6906 2877
6907 1901
6908 2001
6909 1902
6910 1903
6911 2849
6912 2015
6913 1904
6914 1989
6915 1905
6916 1905
6917 1905
6918 1905
6919 3209
6920 1906
6921 1907
6922 2529
6923 1907
6924 1907
6925 2779
6926 2096
6927 1907
6928 1907
6929 1907
6930 1907
6931 1907
6932 2644
6933 1908
6934 2442
6935 2833
6936 1910
6937 1910
6938 1911
6939 1911
6940 1912
6941 1913
6942 1913
6943 1917
6944 1914
6945 1915
6946 2902
6947 1915
6948 1915
6949 1915
6950 1915
6951 2489
6952 1920
6953 3070
6954 1920
6955 1920
6956 1920
6957 1921
6958 2298
6959 1922
6960 1922
6961 2031
6962 2474
6963 3262
6964 1922
6965 1922
6966 1922
6967 1922
6968 1922
6969 1923
6970 1924
6971 1926
6972 1927
6973 1928
6974 1928
6975 1928
6976 1928
6977 2111
6978 2232
6979 1928
6980 1928
6981 1928
6982 2059
6983 1928
6984 1928
6985 1928
6986 1928
6987 1928
6988 2349
6989 3101
6990 1931
6991 1932
6992 1932
6993 1932
6994 1935
6995 2324
6996 1935
6997 1940
6998 1941
6999 1941
7000 1941
7001 1945
7002 1945
7003 1945
7004 2484
7005 2412
7006 1949
7007 1949
7008 1951
7009 1953
7010 1953
7011 1955
7012 1956
7013 1956
7014 1956
7015 1956
7016 1956
7017 2279
7018 1958
7019 1958
7020 2152
7021 1961
7022 1961
7023 1961
7024 1961
7025 1961
7026 1961
7027 2094
7028 1961
7029 1963
7030 1963
7031 1963
7032 2188
7033 1964
7034 1964
7035 1964
7036 1965
7037 1965
7038 3312
7039 3199
7040 1966
7041 1966
7042 1966
7043 1966
7044 1966
7045 1966
7046 1966
7047 1966
7048 1967
7049 1970
7050 1970
7051 3196
7052 1972
7053 1973
7054 2638
7055 1978
7056 2998
7057 1982
7058 1983
7059 1984
7060 3078
7061 1984
7062 2736
7063 1984
7064 1984
7065 1984
7066 1984
7067 1984
7068 1984
7069 1984
7070 1984
7071 1984
7072 1984
7073 2286
7074 1984
7075 1984
7076 1984
7077 1984
7078 2963
7079 1984
7080 1984
7081 1984
7082 2851
7083 1984
7084 1984
7085 3096
7086 1984
7087 1984
7088 2743
7089 2460
7090 1984
7091 1984
7092 1984
7093 1984
7094 1984
7095 1984
7096 1984
7097 1984
7098 1984
7099 1984
7100 3154
7101 2120
7102 2632
7103 3048
7104 1984
7105 1984
7106 2082
7107 1984
7108 1984
7109 1984
7110 2222
7111 2773
7112 1984
7113 1984
7114 1984
7115 1984
7116 1984
7117 1984
7118 1984
7119 1984
7120 1984
7121 2589
7122 1984
7123 1984
7124 1984
7125 1984
7126 1984
7127 2011
7128 3082
7129 1984
7130 1984
7131 2982
7132 1984
7133 1984
7134 1984
7135 3026
7136 1984
7137 2008
7138 1984
7139 3195
7140 1984
7141 1984
7142 1984
7143 2262
7144 2782
7145 2051
7146 1988
7147 1988
7148 1988
7149 1988
7150 1989
7151 2767
7152 1993
7153 1993
7154 1993
7155 1993
7156 1993
7157 3040
7158 1993
7159 1993
7160 1993
7161 1996
7162 1998
7163 1998
7164 2169
7165 1998
7166 1998
7167 1998
7168 1998
7169 1998
7170 2722
7171 1998
7172 1999
7173 3215
7174 2259
7175 2483
7176 2856
7177 2000
7178 2801
7179 2508
7180 2000
7181 2000
7182 2000
7183 2000
7184 2000
7185 2000
7186 2000
7187 2393
7188 2000
7189 2000
7190 2000
7191 2475
7192 2000
7193 2000
7194 3014
7195 2024
7196 2002
7197 2004
7198 2914
7199 2007
7200 2010
7201 2010
7202 2010
7203 2010
7204 2010
7205 2010
7206 2625
7207 2015
7208 2019
7209 2310
7210 2022
7211 2026
7212 2135
7213 3092
7214 2032
7215 2032
7216 2319
7217 2033
7218 3073
7219 2034
7220 2862
7221 2035
7222 2035
7223 3148
7224 2037
7225 2038
7226 2762
7227 2038
7228 2038
7229 2038
7230 2038
7231 2040
7232 3127
7233 2040
7234 2040
7235 3296
7236 2124
7237 2040
7238 2040
7239 3200
7240 2473
7241 2341
7242 2179
7243 2044
7244 2044
7245 2045
7246 2047
7247 2049
7248 2049
7249 2049
7250 2053
7251 2053
7252 2053
7253 2053
7254 2053
7255 2054
7256 2055
7257 2055
7258 2059
7259 2059
7260 2059
7261 2061
7262 2063
7263 2063
7264 2063
7265 3128
7266 2069
7267 2069
7268 2069
7269 2070
7270 2826
7271 2071
7272 2071
7273 2072
7274 2078
7275 2079
7276 2080
7277 2082
7278 2082
7279 2082
7280 2082
7281 2768
7282 2082
7283 2351
7284 2082
7285 2082
7286 2082
7287 2306
7288 2082
7289 2082
7290 2371
7291 2086
7292 2087
7293 2087
7294 3024
7295 2087
7296 2326
7297 2088
7298 2134
7299 2088
7300 2088
7301 2089
7302 2089
7303 2089
7304 3164
7305 2089
7306 2846
7307 2089
7308 2089
7309 3141
7310 2141
7311 2650
7312 2089
7313 2627
7314 2976
7315 2089
7316 2323
7317 2089
7318 2218
7319 2089
7320 2089
7321 2089
7322 2860
7323 2089
7324 2089
7325 2089
7326 2089
7327 2637
7328 3185
7329 2090
7330 3069
7331 3044
7332 2095
7333 2095
7334 2095
7335 2095
7336 2815
7337 2097
7338 2097
7339 2097
7340 2097
7341 2097
7342 2097
7343 2097
7344 2097
7345 2097
7346 2097
7347 2097
7348 2527
7349 2506
7350 2097
7351 2097
7352 2097
7353 2098
7354 2099
7355 2662
7356 2101
7357 2101
7358 2101
7359 2101
7360 2104
7361 2105
7362 2110
7363 2110
7364 2111
7365 2111
7366 2111
7367 2112
7368 2113
7369 2113
7370 2113
7371 2113
7372 2113
7373 2740
7374 2113
7375 2113
7376 2113
7377 2113
7378 2113
7379 2113
7380 2113
7381 2113
7382 2113
7383 3311
7384 2113
7385 2117
7386 2117
7387 2117
7388 3028
7389 2122
7390 2125
7391 2127
7392 2127
7393 2128
7394 2129
7395 2130
7396 2130
7397 2130
7398 2131
7399 2132
7400 2133
7401 2138
7402 2138
7403 2140
7404 2643
7405 2634
7406 2142
7407 2695
7408 2146
7409 2146
7410 2147
7411 2147
7412 2147
7413 2147
7414 2148
7415 2797
7416 2148
7417 2149
7418 2149
7419 2149
7420 2150
7421 2150
7422 2150
7423 2150
7424 2537
7425 2150
7426 2150
7427 2150
7428 2150
7429 2151
7430 2151
7431 2151
7432 2151
7433 2151
7434 2152
7435 2152
7436 2158
7437 2162
7438 2162
7439 2162
7440 2162
7441 2162
7442 2605
7443 2676
7444 2162
7445 2165
7446 2165
7447 2165
7448 2285
7449 2165
7450 3258
7451 2165
7452 2165
7453 2165
7454 2165
7455 2165
7456 2172
7457 2165
7458 2675
7459 2165
7460 2165
7461 2165
7462 2165
7463 2165
7464 2165
7465 2165
7466 2165
7467 2165
7468 2165
7469 2165
7470 2165
7471 2165
7472 2165
7473 2165
7474 3320
7475 2165
7476 2165
7477 2165
7478 2165
7479 3072
7480 2165
7481 2165
7482 2165
7483 2165
7484 2165
7485 2165
7486 2165
7487 2165
7488 2165
7489 2165
7490 2165
7491 2165
7492 2165
7493 3206
7494 2165
7495 2165
7496 2165
7497 2166
7498 2166
7499 2167
7500 2945
7501 2167
7502 2765
7503 2169
7504 2388
7505 2169
7506 3106
7507 2169
7508 2169
7509 2587
7510 2170
7511 2170
7512 2170
7513 2170
7514 2184
7515 2172
7516 2172
7517 2172
7518 2172
7519 2172
7520 2173
7521 2173
7522 2173
7523 3120
7524 3235
7525 2176
7526 2176
7527 3170
7528 2179
7529 2180
7530 2180
7531 2180
7532 2182
7533 2182
7534 2183
7535 2184
7536 2185
7537 2186
7538 2186
7539 2186
7540 2186
7541 2715
7542 2188
7543 2188
7544 2490
7545 2188
7546 2188
7547 2188
7548 2188
7549 2190
7550 2192
7551 2194
7552 2785
7553 2194
7554 2288
7555 2633
7556 2194
7557 2526
7558 2194
7559 2194
7560 2889
7561 2194
7562 2194
7563 2194
7564 2996
7565 2194
7566 2194
7567 2194
7568 3285
7569 2194
7570 3207
7571 2194
7572 2194
7573 2197
7574 2197
7575 2197
7576 2197
7577 2198
7578 2221
7579 2884
7580 2204
7581 2204
7582 2204
7583 2206
7584 2209
7585 2210
7586 2488
7587 2439
7588 2214
7589 2214
7590 2214
7591 2214
7592 2214
7593 2215
7594 2444
7595 2215
7596 2215
7597 2216
7598 2219
7599 2219
7600 2219
7601 2219
7602 2219
7603 2219
7604 2219
7605 2219
7606 2219
7607 2219
7608 2219
7609 2949
7610 2546
7611 2222
7612 2222
7613 2222
7614 2223
7615 2224
7616 2225
7617 2226
7618 2230
7619 2230
7620 2230
7621 2232
7622 2232
7623 2233
7624 3230
7625 2233
7626 2233
7627 2524
7628 2233
7629 2233
7630 2761
7631 2233
7632 2233
7633 2233
7634 2233
7635 2233
7636 2233
7637 2233
7638 2233
7639 2233
7640 2233
7641 2233
7642 2233
7643 2233
7644 2233
7645 2602
7646 2233
7647 2233
7648 3276
7649 2233
7650 2233
7651 2233
7652 3037
7653 3075
7654 2233
7655 2233
7656 2233
7657 2233
7658 2233
7659 2233
7660 3085
7661 2234
7662 2234
7663 2236
7664 2237
7665 2237
7666 2238
7667 2239
7668 2242
7669 2242
7670 2242
7671 2242
7672 2243
7673 3212
7674 2245
7675 2787
7676 2245
7677 3157
7678 2832
7679 2245
7680 2245
7681 2245
7682 2245
7683 2842
7684 2250
7685 3203
7686 2562
7687 2251
7688 2251
7689 2251
7690 2254
7691 2821
7692 2254
7693 2254
7694 2254
7695 2254
7696 2598
7697 2258
7698 2258
7699 2258
7700 2260
7701 2260
7702 2260
7703 2261
7704 2264
7705 2266
7706 2267
7707 2268
7708 2273
7709 2273
7710 2273
7711 2273
7712 2561
7713 2273
7714 2273
7715 2273
7716 2273
7717 2273
7718 2275
7719 2275
7720 2275
7721 2275
7722 2275
7723 2276
7724 2276
7725 2276
7726 2727
7727 2284
7728 2284
7729 2289
7730 2289
7731 2289
7732 2395
7733 2793
7734 2289
7735 2289
7736 2289
7737 2289
7738 2986
7739 2289
7740 2289
7741 2289
7742 2289
7743 2290
7744 2290
7745 3002
7746 2290
7747 2292
7748 2292
7749 2292
7750 2293
7751 3303
7752 2293
7753 2294
7754 2302
7755 2302
7756 2302
7757 2302
7758 2302
7759 2302
7760 2302
7761 2977
7762 2302
7763 3313
7764 2302
7765 2303
7766 3190
7767 2622
7768 2304
7769 2304
7770 2304
7771 2304
7772 2304
7773 2304
7774 2304
7775 2304
7776 2304
7777 2304
7778 2304
7779 2304
7780 2593
7781 2304
7782 2304
7783 2304
7784 2304
7785 2304
7786 2304
7787 2990
7788 2304
7789 2666
7790 2951
7791 2304
7792 3100
7793 2304
7794 2304
7795 2304
7796 2304
7797 2304
7798 2304
7799 2304
7800 2304
7801 2304
7802 2304
7803 2304
7804 2304
7805 2304
7806 2304
7807 2304
7808 2304
7809 2304
7810 2304
7811 2304
7812 2304
7813 2304
7814 2304
7815 2304
7816 2304
7817 2304
7818 2304
7819 2304
7820 2304
7821 2926
7822 2305
7823 2981
7824 2307
7825 2307
7826 2307
7827 2689
7828 2307
7829 2307
7830 2307
7831 2307
7832 2307
7833 2307
7834 2307
7835 2307
7836 2307
7837 2726
7838 2307
7839 2307
7840 2307
7841 2307
7842 2307
7843 2307
7844 2307
7845 2307
7846 2307
7847 2307
7848 2307
7849 2470
7850 2307
7851 2307
7852 3071
7853 2307
7854 2307
7855 2307
7856 2307
7857 3180
7858 2702
7859 2307
7860 2307
7861 2307
7862 2307
7863 3029
7864 2307
7865 2307
7866 2307
7867 2307
7868 2307
7869 2307
7870 2307
7871 2307
7872 2307
7873 2307
7874 2365
7875 2307
7876 2307
7877 2745
7878 2307
7879 2307
7880 2307
7881 2307
7882 2307
7883 2307
7884 2307
7885 2307
7886 3081
7887 2307
7888 2307
7889 2307
7890 2307
7891 2307
7892 2307
7893 2307
7894 2307
7895 2307
7896 2307
7897 2307
7898 2307
7899 2307
7900 2307
7901 2307
7902 2307
7903 2307
7904 2307
7905 2878
7906 2307
7907 2307
7908 2307
7909 2307
7910 2307
7911 2307
7912 2307
7913 2307
7914 2307
7915 2307
7916 2307
7917 2307
7918 2307
7919 2307
7920 2307
7921 2307
7922 2640
7923 2307
7924 2307
7925 2307
7926 2307
7927 2307
7928 2307
7929 3222
7930 2307
7931 2307
7932 2307
7933 2307
7934 2307
7935 2307
7936 2307
7937 2307
7938 2307
7939 2307
7940 2307
7941 2307
7942 2307
7943 2307
7944 2307
7945 2307
7946 2313
7947 2307
7948 2307
7949 2307
7950 2307
7951 2307
7952 2307
7953 2755
7954 2307
7955 2307
7956 2307
7957 2307
7958 2718
7959 2307
7960 2307
7961 2553
7962 3208
7963 2307
7964 2307
7965 2307
7966 2307
7967 2307
7968 2858
7969 2307
7970 2307
7971 2307
7972 2307
7973 2307
7974 2307
7975 2307
7976 2307
7977 2362
7978 2307
7979 2307
7980 2307
7981 2808
7982 2307
7983 2307
7984 2307
7985 2366
7986 2307
7987 2307
7988 2307
7989 2307
7990 2307
7991 3059
7992 2307
7993 2307
7994 2307
7995 2307
7996 2307
7997 2307
7998 2307
7999 2307
8000 2971
8001 3067
8002 2307
8003 2307
8004 2307
8005 3237
8006 2307
8007 2307
8008 2307
8009 2307
8010 2307
8011 2307
8012 2307
8013 2307
8014 2307
8015 2307
8016 2307
8017 2307
8018 2307
8019 2307
8020 2307
8021 2307
8022 2307
8023 2307
8024 2307
8025 2307
8026 2307
8027 2399
8028 2307
8029 2307
8030 2308
8031 2308
8032 2308
8033 2308
8034 2308
8035 2310
8036 2310
8037 2310
8038 2310
8039 2310
8040 2310
8041 2310
8042 2313
8043 2313
8044 2318
8045 2321
8046 2321
8047 2321
8048 2429
8049 2321
8050 2321
8051 2321
8052 2321
8053 2321
8054 2325
8055 2325
8056 2325
8057 3241
8058 3138
8059 2325
8060 2328
8061 2329
8062 2331
8063 2331
8064 2331
8065 2335
8066 2340
8067 2340
8068 2346
8069 2652
8070 2346
8071 2346
8072 2346
8073 3142
8074 2346
8075 3045
8076 2353
8077 2354
8078 2355
8079 2357
8080 2357
8081 2357
8082 2357
8083 2358
8084 2377
8085 2358
8086 3193
8087 2358
8088 2358
8089 2358
8090 2358
8091 2358
8092 2921
8093 2361
8094 2363
8095 2989
8096 2364
8097 2364
8098 2364
8099 2372
8100 2368
8101 2369
8102 2369
8103 3177
8104 2373
8105 2373
8106 2373
8107 2776
8108 2373
8109 2373
8110 2373
8111 2373
8112 2373
8113 2373
8114 2373
8115 3062
8116 2373
8117 2373
8118 2373
8119 2373
8120 2373
8121 2373
8122 2373
8123 2373
8124 2373
8125 2373
8126 2373
8127 2373
8128 2373
8129 2373
8130 2373
8131 2373
8132 2373
8133 2373
8134 2373
8135 2373
8136 2373
8137 2373
8138 2373
8139 2373
8140 2373
8141 2373
8142 2373
8143 2373
8144 2373
8145 2658
8146 2373
8147 2373
8148 2373
8149 2725
8150 2373
8151 2373
8152 2373
8153 2373
8154 2373
8155 2373
8156 2373
8157 2373
8158 2373
8159 2373
8160 2373
8161 2469
8162 2373
8163 2373
8164 3061
8165 2373
8166 2373
8167 2373
8168 2373
8169 2373
8170 2373
8171 2525
8172 2899
8173 2374
8174 2375
8175 2377
8176 2377
8177 2377
8178 2377
8179 2382
8180 2382
8181 2382
8182 2382
8183 2382
8184 2383
8185 2387
8186 2387
8187 2387
8188 2387
8189 2387
8190 2453
8191 2387
8192 2390
8193 2390
8194 2390
8195 2391
8196 2393
8197 2394
8198 2395
8199 2395
8200 2395
8201 2395
8202 2398
8203 2400
8204 3003
8205 2400
8206 2400
8207 2400
8208 2400
8209 2494
8210 2747
8211 2402
8212 2404
8213 2404
8214 2404
8215 2404
8216 2404
8217 2404
8218 2404
8219 2405
8220 2817
8221 2405
8222 2406
8223 2564
8224 2408
8225 2410
8226 2410
8227 2410
8228 2411
8229 2411
8230 2411
8231 2411
8232 3283
8233 2417
8234 2418
8235 2418
8236 2418
8237 2418
8238 2418
8239 3220
8240 2418
8241 2418
8242 2419
8243 2419
8244 2420
8245 2422
8246 2422
8247 2424
8248 2431
8249 2431
8250 2431
8251 2431
8252 2432
8253 2481
8254 2433
8255 2433
8256 2433
8257 2433
8258 2433
8259 2433
8260 2437
8261 2919
8262 2437
8263 2437
8264 2437
8265 3064
8266 2437
8267 2437
8268 2437
8269 2437
8270 2438
8271 2439
8272 2439
8273 2439
8274 2439
8275 2439
8276 2439
8277 2439
8278 2439
8279 2439
8280 2439
8281 2439
8282 2439
8283 2440
8284 2440
8285 2440
8286 2441
8287 2442
8288 2444
8289 2451
8290 2452
8291 2452
8292 2452
8293 2962
8294 2452
8295 2452
8296 2452
8297 2452
8298 2596
8299 2455
8300 2455
8301 2455
8302 2459
8303 2943
8304 2459
8305 2461
8306 2461
8307 2462
8308 2462
8309 2466
8310 2467
8311 2468
8312 3302
8313 2469
8314 2470
8315 2470
8316 3122
8317 2473
8318 2474
8319 2474
8320 2477
8321 2478
8322 2613
8323 2478
8324 2479
8325 2578
8326 2480
8327 2480
8328 2482
8329 2482
8330 2482
8331 2482
8332 2482
8333 2483
8334 2483
8335 2483
8336 2483
8337 2483
8338 2483
8339 2483
8340 2483
8341 2486
8342 2486
8343 2486
8344 2488
8345 2491
8346 2491
8347 2492
8348 2492
8349 2494
8350 2504
8351 2505
8352 2505
8353 2505
8354 2505
8355 2505
8356 2506
8357 2506
8358 2506
8359 2506
8360 2506
8361 2506
8362 2506
8363 2506
8364 2506
8365 2508
8366 2508
8367 2588
8368 2512
8369 2512
8370 2512
8371 2512
8372 2512
8373 2513
8374 2513
8375 2515
8376 2516
8377 2518
8378 2520
8379 3137
8380 2522
8381 2818
8382 2522
8383 2522
8384 2867
8385 2635
8386 2522
8387 2522
8388 2522
8389 2522
8390 3104
8391 2522
8392 2522
8393 3281
8394 2522
8395 2522
8396 2522
8397 2522
8398 2522
8399 3103
8400 2541
8401 3188
8402 2522
8403 2522
8404 2522
8405 2522
8406 2522
8407 2522
8408 2934
8409 2522
8410 2522
8411 2522
8412 2522
8413 2522
8414 2522
8415 2522
8416 2522
8417 2522
8418 2522
8419 2522
8420 2522
8421 2522
8422 2522
8423 2522
8424 2522
8425 2522
8426 2522
8427 2522
8428 2522
8429 2956
8430 2522
8431 2522
8432 2522
8433 2522
8434 2522
8435 2774
8436 2522
8437 3160
8438 2522
8439 2522
8440 2522
8441 2523
8442 2528
8443 2744
8444 2530
8445 2612
8446 2530
8447 2530
8448 2530
8449 2533
8450 2533
8451 2535
8452 2535
8453 2535
8454 2628
8455 2535
8456 2535
8457 3279
8458 3290
8459 3013
8460 3224
8461 2536
8462 2536
8463 2536
8464 2536
8465 2536
8466 2536
8467 3042
8468 3088
8469 2536
8470 2537
8471 2667
8472 2537
8473 2539
8474 2541
8475 2543
8476 2544
8477 2544
8478 2544
8479 2546
8480 2546
8481 2546
8482 2546
8483 2546
8484 2546
8485 2546
8486 2927
8487 2546
8488 2546
8489 2546
8490 2546
8491 2546
8492 2546
8493 2546
8494 2546
8495 2546
8496 2546
8497 2546
8498 2546
8499 2546
8500 2546
8501 2546
8502 2546
8503 2546
8504 2546
8505 2546
8506 2546
8507 2546
8508 2546
8509 2546
8510 2546
8511 2546
8512 2546
8513 2546
8514 2546
8515 2546
8516 2546
8517 2546
8518 2548
8519 2552
8520 2552
8521 2553
8522 2553
8523 2555
8524 2558
8525 2559
8526 2560
8527 2560
8528 2560
8529 2560
8530 2560
8531 2560
8532 2564
8533 2565
8534 2565
8535 2565
8536 2568
8537 2568
8538 3131
8539 2569
8540 2697
8541 2569
8542 2569
8543 2569
8544 2569
8545 2569
8546 2570
8547 2572
8548 2574
8549 2576
8550 3202
8551 2577
8552 2578
8553 2579
8554 2579
8555 2579
8556 2579
8557 2579
8558 2892
8559 2582
8560 2587
8561 2587
8562 2587
8563 2589
8564 2589
8565 2589
8566 2589
8567 2589
8568 2589
8569 2589
8570 2589
8571 3247
8572 2589
8573 2591
8574 2593
8575 2593
8576 2593
8577 2593
8578 2593
8579 2594
8580 2595
8581 2596
8582 2596
8583 2901
8584 2599
8585 2670
8586 2600
8587 2601
8588 2601
8589 2601
8590 2601
8591 2601
8592 2601
8593 2601
8594 2601
8595 2601
8596 2601
8597 2601
8598 2603
8599 2603
8600 2603
8601 2604
8602 2604
8603 2604
8604 2604
8605 2604
8606 2605
8607 2605
8608 2607
8609 2607
8610 2866
8611 2607
8612 2607
8613 2610
8614 2615
8615 2615
8616 2616
8617 2618
8618 2620
8619 2939
8620 2622
8621 2623
8622 2626
8623 2626
8624 2626
8625 2626
8626 2631
8627 2631
8628 2631
8629 2631
8630 2631
8631 2632
8632 2632
8633 2632
8634 2807
8635 2632
8636 2632
8637 2632
8638 2632
8639 2632
8640 2978
8641 3099
8642 2633
8643 2633
8644 2633
8645 2968
8646 2638
8647 2638
8648 2638
8649 2639
8650 2639
8651 2639
8652 2639
8653 2639
8654 3030
8655 2639
8656 3175
8657 2683
8658 2639
8659 2640
8660 2640
8661 2640
8662 2641
8663 2641
8664 2712
8665 2643
8666 2643
8667 2643
8668 2643
8669 2643
8670 2643
8671 2643
8672 2643
8673 2643
8674 2643
8675 2643
8676 2643
8677 2643
8678 2643
8679 2643
8680 3108
8681 2643
8682 2647
8683 2648
8684 2648
8685 2648
8686 2648
8687 2649
8688 2649
8689 2650
8690 2650
8691 3264
8692 2655
8693 2655
8694 2655
8695 2655
8696 2791
8697 2655
8698 2655
8699 2655
8700 2655
8701 2657
8702 2656
8703 2656
8704 2656
8705 2656
8706 2656
8707 2656
8708 2656
8709 2656
8710 2656
8711 3087
8712 2658
8713 2658
8714 2658
8715 2658
8716 2658
8717 2658
8718 3273
8719 2662
8720 2664
8721 2898
8722 2665
8723 2665
8724 2665
8725 2665
8726 2665
8727 2665
8728 2668
8729 2669
8730 2669
8731 2669
8732 2671
8733 2671
8734 2671
8735 2672
8736 2673
8737 2673
8738 2674
8739 2845
8740 2674
8741 2674
8742 2674
8743 2674
8744 2708
8745 2834
8746 2674
8747 2674
8748 2674
8749 2799
8750 2674
8751 2675
8752 2676
8753 2677
8754 2678
8755 2682
8756 2682
8757 2682
8758 2682
8759 2682
8760 2682
8761 2684
8762 2684
8763 2684
8764 2685
8765 2685
8766 2686
8767 2687
8768 3130
8769 2688
8770 2688
8771 2688
8772 2688
8773 2688
8774 2690
8775 2693
8776 2696
8777 2696
8778 3020
8779 2699
8780 2699
8781 2699
8782 2699
8783 2699
8784 2699
8785 2699
8786 2702
8787 2702
8788 2704
8789 2707
8790 2709
8791 2711
8792 2711
8793 2711
8794 2712
8795 2712
8796 2712
8797 2712
8798 2712
8799 2714
8800 2714
8801 2714
8802 2714
8803 2714
8804 2715
8805 2715
8806 2715
8807 2720
8808 2720
8809 2721
8810 2722
8811 2722
8812 2725
8813 2725
8814 2737
8815 2726
8816 2726
8817 2726
8818 2913
8819 2726
8820 2726
8821 2726
8822 2726
8823 3116
8824 2728
8825 2728
8826 2728
8827 2731
8828 2735
8829 2735
8830 2735
8831 2735
8832 2735
8833 2735
8834 2735
8835 2735
8836 2735
8837 2735
8838 2735
8839 2737
8840 2737
8841 2737
8842 2738
8843 2738
8844 2738
8845 2932
8846 2738
8847 2738
8848 2738
8849 2738
8850 2738
8851 2739
8852 2739
8853 2994
8854 2743
8855 2745
8856 2747
8857 2747
8858 2747
8859 2747
8860 2747
8861 2747
8862 2747
8863 2747
8864 2747
8865 2747
8866 2747
8867 2747
8868 2747
8869 2747
8870 2747
8871 2747
8872 2747
8873 2747
8874 2747
8875 2747
8876 2747
8877 2747
8878 2747
8879 2747
8880 2747
8881 2747
8882 2747
8883 2747
8884 2747
8885 2747
8886 2747
8887 2747
8888 3184
8889 2751
8890 2751
8891 2751
8892 2751
8893 2751
8894 3163
8895 2752
8896 2753
8897 2753
8898 2753
8899 2885
8900 2756
8901 2756
8902 2756
8903 2756
8904 3178
8905 3150
8906 2756
8907 2756
8908 2756
8909 2756
8910 2756
8911 2756
8912 2756
8913 2756
8914 2756
8915 2756
8916 2756
8917 2756
8918 2756
8919 2756
8920 2756
8921 2756
8922 2756
8923 2756
8924 2756
8925 2853
8926 2756
8927 2756
8928 2756
8929 2756
8930 2756
8931 2756
8932 2756
8933 2756
8934 2756
8935 2756
8936 2756
8937 2756
8938 2756
8939 2756
8940 2756
8941 2756
8942 2756
8943 2756
8944 2756
8945 2756
8946 2756
8947 2756
8948 2756
8949 2756
8950 2756
8951 2756
8952 2756
8953 2756
8954 2929
8955 3169
8956 2756
8957 2810
8958 3268
8959 2756
8960 2758
8961 2758
8962 2758
8963 2758
8964 2758
8965 2760
8966 2760
8967 3027
8968 2761
8969 2798
8970 2795
8971 2764
8972 2764
8973 2855
8974 2765
8975 2768
8976 2768
8977 2769
8978 2771
8979 2774
8980 2775
8981 2775
8982 2776
8983 2776
8984 2776
8985 2776
8986 2776
8987 2776
8988 2776
8989 2776
8990 2776
8991 2776
8992 2776
8993 2776
8994 2940
8995 2776
8996 2776
8997 2776
8998 2776
8999 2776
9000 2776
9001 2776
9002 2776
9003 2776
9004 2776
9005 2780
9006 2778
9007 2778
9008 2778
9009 2778
9010 2778
9011 2979
9012 2778
9013 2778
9014 2779
9015 2779
9016 2779
9017 2779
9018 2779
9019 2779
9020 2779
9021 2779
9022 2779
9023 2780
9024 2784
9025 2785
9026 2786
9027 2786
9028 2788
9029 2789
9030 2789
9031 2880
9032 2792
9033 2792
9034 3091
9035 2796
9036 2796
9037 2796
9038 2796
9039 2848
9040 2801
9041 2801
9042 2801
9043 2801
9044 2802
9045 2802
9046 2802
9047 2802
9048 2803
9049 2803
9050 2869
9051 2806
9052 2811
9053 2811
9054 2811
9055 2811
9056 2811
9057 2814
9058 2814
9059 2818
9060 2818
9061 2818
9062 2820
9063 2822
9064 2822
9065 2822
9066 2822
9067 2822
9068 2822
9069 2822
9070 2822
9071 3233
9072 2822
9073 2822
9074 2822
9075 2822
9076 3049
9077 2822
9078 2822
9079 2822
9080 2822
9081 2822
9082 2823
9083 2824
9084 2825
9085 2827
9086 2827
9087 2827
9088 2828
9089 3319
9090 2828
9091 2925
9092 2828
9093 2828
9094 2828
9095 2828
9096 2828
9097 2828
9098 2828
9099 2828
9100 2828
9101 2830
9102 2831
9103 2831
9104 3139
9105 2833
9106 2839
9107 2839
9108 2839
9109 2839
9110 2839
9111 2839
9112 2839
9113 2839
9114 2839
9115 2839
9116 2840
9117 2840
9118 2843
9119 2843
9120 3307
9121 2848
9122 2850
9123 2850
9124 2854
9125 2854
9126 2854
9127 2854
9128 2854
9129 2855
9130 2855
9131 2858
9132 2858
9133 2859
9134 2861
9135 2861
9136 2864
9137 2865
9138 2865
9139 2865
9140 2865
9141 2867
9142 2867
9143 2868
9144 2869
9145 2871
9146 2871
9147 2871
9148 2871
9149 2877
9150 2880
9151 2880
9152 2953
9153 2883
9154 2882
9155 2883
9156 2957
9157 2884
9158 2884
9159 2884
9160 2884
9161 2884
9162 2884
9163 2884
9164 2884
9165 2884
9166 2884
9167 2886
9168 2886
9169 2886
9170 2886
9171 2886
9172 2886
9173 2886
9174 2886
9175 2886
9176 2886
9177 2886
9178 2889
9179 2889
9180 2891
9181 2892
9182 2894
9183 3183
9184 2894
9185 2894
9186 2894
9187 2894
9188 2894
9189 2895
9190 2896
9191 2896
9192 2896
9193 2897
9194 3239
9195 2897
9196 2898
9197 2899
9198 2900
9199 2900
9200 2901
9201 2901
9202 2901
9203 2901
9204 2901
9205 2902
9206 2905
9207 2905
9208 2905
9209 3244
9210 2906
9211 2906
9212 2906
9213 2906
9214 2906
9215 2907
9216 2991
9217 2910
9218 2911
9219 2911
9220 2911
9221 2911
9222 2923
9223 2911
9224 2912
9225 2914
9226 2980
9227 2915
9228 2918
9229 2918
9230 2918
9231 2918
9232 2919
9233 2921
9234 2921
9235 2921
9236 2923
9237 2923
9238 2923
9239 2923
9240 2923
9241 2923
9242 2923
9243 2923
9244 2923
9245 2923
9246 2923
9247 2923
9248 3213
9249 2942
9250 2923
9251 2923
9252 2923
9253 2923
9254 2923
9255 2923
9256 2923
9257 2923
9258 2923
9259 3223
9260 2923
9261 2923
9262 2923
9263 3191
9264 3249
9265 2923
9266 2923
9267 2923
9268 2923
9269 2923
9270 2923
9271 2923
9272 2923
9273 2923
9274 2923
9275 2923
9276 2923
9277 2926
9278 2926
9279 2927
9280 2931
9281 2932
9282 2933
9283 2934
9284 2936
9285 2936
9286 2936
9287 2936
9288 2936
9289 2937
9290 2940
9291 2940
9292 2940
9293 2940
9294 2940
9295 2940
9296 2940
9297 2940
9298 2940
9299 2940
9300 2940
9301 2940
9302 2940
9303 2940
9304 2940
9305 2940
9306 2940
9307 2940
9308 2940
9309 2940
9310 2940
9311 2940
9312 2940
9313 2942
9314 2942
9315 2944
9316 2944
9317 2944
9318 2947
9319 2948
9320 2950
9321 2950
9322 2951
9323 2956
9324 2957
9325 2957
9326 2957
9327 2958
9328 2960
9329 2961
9330 2961
9331 2961
9332 2962
9333 2962
9334 2962
9335 2962
9336 2962
9337 2963
9338 2965
9339 2972
9340 2972
9341 2972
9342 2972
9343 2972
9344 2973
9345 2976
9346 3089
9347 2976
9348 2977
9349 2978
9350 2984
9351 2985
9352 2985
9353 2985
9354 2985
9355 3133
9356 2987
9357 2988
9358 2988
9359 2988
9360 2988
9361 2988
9362 2988
9363 2988
9364 3314
9365 2988
9366 2988
9367 2988
9368 2988
9369 2988
9370 2988
9371 2988
9372 2989
9373 2989
9374 2989
9375 2993
9376 3008
9377 2993
9378 2993
9379 2993
9380 2993
9381 2993
9382 2993
9383 2993
9384 2993
9385 2995
9386 2996
9387 2996
9388 2996
9389 2996
9390 2996
9391 2997
9392 2997
9393 2998
9394 2998
9395 2999
9396 3003
9397 3003
9398 3003
9399 3003
9400 3003
9401 3005
9402 3005
9403 3009
9404 3007
9405 3007
9406 3009
9407 3009
9408 3012
9409 3143
9410 3012
9411 3012
9412 3012
9413 3012
9414 3012
9415 3012
9416 3012
9417 3014
9418 3014
9419 3015
9420 3015
9421 3015
9422 3016
9423 3016
9424 3016
9425 3017
9426 3017
9427 3018
9428 3021
9429 3022
9430 3023
9431 3023
9432 3023
9433 3024
9434 3024
9435 3024
9436 3025
9437 3027
9438 3028
9439 3028
9440 3028
9441 3028
9442 3030
9443 3031
9444 3032
9445 3032
9446 3033
9447 3033
9448 3033
9449 3035
9450 3037
9451 3037
9452 3037
9453 3037
9454 3037
9455 3039
9456 3039
9457 3039
9458 3039
9459 3039
9460 3039
9461 3040
9462 3040
9463 3040
9464 3040
9465 3040
9466 3074
9467 3040
9468 3095
9469 3040
9470 3040
9471 3040
9472 3040
9473 3040
9474 3040
9475 3040
9476 3040
9477 3043
9478 3043
9479 3043
9480 3044
9481 3044
9482 3048
9483 3049
9484 3051
9485 3051
9486 3051
9487 3052
9488 3055
9489 3056
9490 3056
9491 3058
9492 3058
9493 3060
9494 3060
9495 3060
9496 3062
9497 3062
9498 3063
9499 3063
9500 3063
9501 3064
9502 3066
9503 3072
9504 3074
9505 3076
9506 3078
9507 3078
9508 3078
9509 3078
9510 3078
9511 3082
9512 3087
9513 3088
9514 3088
9515 3088
9516 3088
9517 3295
9518 3088
9519 3088
9520 3088
9521 3094
9522 3094
9523 3094
9524 3094
9525 3094
9526 3094
9527 3094
9528 3094
9529 3094
9530 3095
9531 3097
9532 3098
9533 3098
9534 3098
9535 3098
9536 3098
9537 3098
9538 3098
9539 3098
9540 3098
9541 3098
9542 3098
9543 3098
9544 3098
9545 3098
9546 3100
9547 3100
9548 3100
9549 3100
9550 3100
9551 3100
9552 3100
9553 3100
9554 3100
9555 3100
9556 3100
9557 3100
9558 3253
9559 3100
9560 3100
9561 3100
9562 3100
9563 3101
9564 3101
9565 3101
9566 3101
9567 3101
9568 3101
9569 3101
9570 3102
9571 3104
9572 3105
9573 3105
9574 3105
9575 3105
9576 3105
9577 3105
9578 3105
9579 3105
9580 3105
9581 3246
9582 3105
9583 3105
9584 3105
9585 3105
9586 3105
9587 3105
9588 3106
9589 3106
9590 3107
9591 3107
9592 3107
9593 3107
9594 3109
9595 3109
9596 3111
9597 3111
9598 3111
9599 3111
9600 3111
9601 3111
9602 3111
9603 3112
9604 3112
9605 3113
9606 3113
9607 3113
9608 3113
9609 3122
9610 3291
9611 3123
9612 3123
9613 3123
9614 3123
9615 3123
9616 3123
9617 3123
9618 3123
9619 3123
9620 3123
9621 3123
9622 3123
9623 3123
9624 3124
9625 3124
9626 3125
9627 3125
9628 3125
9629 3125
9630 3125
9631 3125
9632 3125
9633 3125
9634 3127
9635 3127
9636 3127
9637 3127
9638 3127
9639 3129
9640 3130
9641 3130
9642 3130
9643 3130
9644 3130
9645 3131
9646 3131
9647 3131
9648 3131
9649 3131
9650 3132
9651 3132
9652 3133
9653 3134
9654 3136
9655 3136
9656 3141
9657 3144
9658 3144
9659 3148
9660 3149
9661 3149
9662 3149
9663 3150
9664 3150
9665 3150
9666 3150
9667 3151
9668 3152
9669 3152
9670 3152
9671 3152
9672 3152
9673 3152
9674 3152
9675 3152
9676 3152
9677 3152
9678 3152
9679 3152
9680 3152
9681 3152
9682 3152
9683 3152
9684 3152
9685 3152
9686 3152
9687 3152
9688 3152
9689 3152
9690 3152
9691 3152
9692 3152
9693 3152
9694 3152
9695 3152
9696 3152
9697 3152
9698 3152
9699 3152
9700 3152
9701 3286
9702 3152
9703 3152
9704 3152
9705 3152
9706 3152
9707 3152
9708 3152
9709 3152
9710 3152
9711 3152
9712 3152
9713 3152
9714 3152
9715 3152
9716 3152
9717 3152
9718 3152
9719 3152
9720 3152
9721 3152
9722 3152
9723 3152
9724 3152
9725 3152
9726 3152
9727 3152
9728 3310
9729 3152
9730 3152
9731 3152
9732 3152
9733 3152
9734 3152
9735 3152
9736 3152
9737 3152
9738 3152
9739 3152
9740 3152
9741 3152
9742 3153
9743 3155
9744 3155
9745 3156
9746 3156
9747 3156
9748 3157
9749 3157
9750 3157
9751 3157
9752 3159
9753 3159
9754 3162
9755 3162
9756 3162
9757 3162
9758 3163
9759 3163
9760 3164
9761 3164
9762 3164
9763 3164
9764 3168
9765 3168
9766 3168
9767 3168
9768 3168
9769 3169
9770 3171
9771 3171
9772 3171
9773 3171
9774 3175
9775 3178
9776 3179
9777 3180
9778 3181
9779 3182
9780 3182
9781 3184
9782 3185
9783 3186
9784 3186
9785 3186
9786 3186
9787 3187
9788 3187
9789 3188
9790 3193
9791 3193
9792 3193
9793 3193
9794 3193
9795 3193
9796 3194
9797 3194
9798 3194
9799 3194
9800 3194
9801 3195
9802 3196
9803 3196
9804 3197
9805 3199
9806 3199
9807 3200
9808 3200
9809 3200
9810 3200
9811 3200
9812 3203
9813 3207
9814 3209
9815 3209
9816 3209
9817 3209
9818 3209
9819 3209
9820 3209
9821 3209
9822 3209
9823 3209
9824 3209
9825 3210
9826 3212
9827 3212
9828 3212
9829 3212
9830 3213
9831 3213
9832 3216
9833 3216
9834 3219
9835 3219
9836 3219
9837 3220
9838 3223
9839 3227
9840 3227
9841 3227
9842 3227
9843 3227
9844 3227
9845 3227
9846 3227
9847 3228
9848 3232
9849 3232
9850 3232
9851 3232
9852 3232
9853 3232
9854 3232
9855 3232
9856 3232
9857 3232
9858 3233
9859 3236
9860 3237
9861 3237
9862 3237
9863 3237
9864 3238
9865 3238
9866 3240
9867 3241
9868 3241
9869 3241
9870 3246
9871 3248
9872 3248
9873 3248
9874 3249
9875 3249
9876 3249
9877 3250
9878 3251
9879 3253
9880 3253
9881 3254
9882 3255
9883 3255
9884 3258
9885 3258
9886 3258
9887 3258
9888 3258
9889 3258
9890 3258
9891 3259
9892 3259
9893 3260
9894 3261
9895 3263
9896 3264
9897 3264
9898 3268
9899 3268
9900 3270
9901 3275
9902 3277
9903 3277
9904 3277
9905 3277
9906 3277
9907 3277
9908 3278
9909 3278
9910 3278
9911 3278
9912 3278
9913 3279
9914 3280
9915 3280
9916 3280
9917 3281
9918 3282
9919 3282
9920 3282
9921 3282
9922 3282
9923 3282
9924 3282
9925 3282
9926 3284
9927 3285
9928 3285
9929 3285
9930 3288
9931 3288
9932 3289
9933 3290
9934 3290
9935 3290
9936 3292
9937 3295
9938 3295
9939 3295
9940 3297
9941 3297
9942 3297
9943 3297
9944 3297
9945 3297
9946 3299
9947 3299
9948 3299
9949 3299
9950 3299
9951 3299
9952 3299
9953 3300
9954 3300
9955 3305
9956 3305
9957 3306
9958 3306
9959 3306
9960 3307
9961 3309
9962 3309
9963 3309
9964 3309
9965 3310
9966 3310
9967 3310
9968 3310
9969 3310
9970 3310
9971 3310
9972 3310
9973 3311
9974 3311
9975 3311
9976 3311
9977 3311
9978 3311
9979 3311
9980 3311
9981 3312
9982 3312
9983 3312
9984 3313
9985 3313
9986 3314
9987 3315
9988 3315
9989 3318
9990 3318
9991 3318
9992 3318
9993 3320
9994 3320
9995 3320
9996 3320
9997 3322
9998 3322
9999 3322
