10000 9999
0 1
0 3
0 5
0 6
0 16
0 29
0 44
0 60
0 75
0 84
0 86
0 90
0 91
0 123
0 126
0 157
0 165
0 217
0 220
0 248
0 280
0 292
0 298
0 351
0 388
0 391
0 393
0 403
0 434
0 439
0 458
0 461
0 512
0 534
0 579
0 611
0 633
0 637
0 649
0 676
0 888
0 924
0 1003
0 1013
0 1139
0 1219
0 1412
0 1427
0 1438
0 1463
0 1559
0 1610
0 1663
0 1691
0 1821
0 1900
0 2021
0 2064
0 2117
0 2248
0 2265
0 2315
0 2362
0 2381
0 2401
0 2518
0 2551
0 2579
0 2612
0 2648
0 2725
0 2750
0 2829
0 3048
0 3083
0 3086
0 3215
0 3247
0 3371
0 3608
0 3633
0 3706
0 3721
0 3725
0 3846
0 3970
0 4027
0 4282
0 4309
0 4321
0 4333
0 4339
0 4374
0 4514
0 4711
0 4847
0 4864
0 4868
0 5146
0 5175
0 5299
0 5302
0 5324
0 5439
0 5649
0 5838
0 5904
0 6007
0 6061
0 6213
0 6281
0 6484
0 6556
0 6910
0 6994
0 7042
0 7110
0 7111
0 7117
0 7506
0 7576
0 7808
0 7811
0 7892
0 8635
0 8670
0 8698
0 8709
0 8881
0 9282
0 9399
0 9588
0 9785
0 9953
0 9981
1 2
1 4
1 11
1 13
1 14
1 18
1 19
1 23
1 24
1 28
1 32
1 40
1 51
1 52
1 56
1 59
1 66
1 70
1 79
1 82
1 87
1 88
1 89
1 95
1 98
1 99
1 103
1 105
1 106
1 113
1 118
1 120
1 125
1 128
1 133
1 139
1 151
1 163
1 171
1 178
1 182
1 193
1 200
1 202
1 203
1 206
1 209
1 235
1 250
1 282
1 289
1 296
1 302
1 324
1 377
1 399
1 411
1 420
1 421
1 431
1 438
1 449
1 450
1 455
1 456
1 457
1 516
1 533
1 552
1 573
1 582
1 622
1 641
1 659
1 663
1 689
1 692
1 701
1 737
1 790
1 821
1 847
1 867
1 919
1 968
1 1004
1 1007
1 1038
1 1050
1 1181
1 1278
1 1339
1 1359
1 1378
1 1392
1 1415
1 1432
1 1446
1 1462
1 1487
1 1488
1 1506
1 1529
1 1544
1 1550
1 1609
1 1679
1 1681
1 1706
1 1720
1 1753
1 1764
1 1833
1 1886
1 1893
1 1901
1 1937
1 2002
1 2026
1 2102
1 2119
1 2131
1 2136
1 2151
1 2177
1 2186
1 2198
1 2257
1 2329
1 2394
1 2421
1 2490
1 2525
1 2548
1 2575
1 2690
1 2696
1 2755
1 2777
1 2831
1 2844
1 2879
1 2881
1 2907
1 2917
1 2998
1 3022
1 3023
1 3045
1 3078
1 3117
1 3216
1 3273
1 3391
1 3401
1 3463
1 3472
1 3517
1 3547
1 3559
1 3594
1 3666
1 3684
1 3751
1 3795
1 3806
1 3816
1 3852
1 3870
1 3903
1 3906
1 3962
1 3971
1 3972
1 4013
1 4031
1 4050
1 4157
1 4176
1 4223
1 4228
1 4235
1 4255
1 4293
1 4337
1 4356
1 4369
1 4460
1 4575
1 4598
1 4612
1 4642
1 4653
1 4684
1 4745
1 4769
1 4817
1 4915
1 4940
1 5102
1 5132
1 5209
1 5221
1 5277
1 5316
1 5370
1 5525
1 5618
1 5658
1 5662
1 5663
1 5793
1 5803
1 5849
1 5946
1 5962
1 6055
1 6056
1 6060
1 6082
1 6196
1 6219
1 6476
1 6482
1 6542
1 6562
1 6684
1 6694
1 6774
1 6940
1 7026
1 7037
1 7049
1 7122
1 7166
1 7167
1 7233
1 7304
1 7309
1 7341
1 7378
1 7427
1 7447
1 7511
1 7594
1 7673
1 7687
1 7692
1 7751
1 7802
1 7834
1 7850
1 8315
1 8359
1 8471
1 8477
1 8594
1 8697
1 8739
1 9089
1 9109
1 9153
1 9199
1 9397
1 9482
1 9680
1 9742
1 9797
1 9849
1 9864
1 9885
2 10
2 81
2 362
2 370
2 452
2 648
2 767
2 859
2 1169
2 1401
2 1912
2 2293
2 2678
2 2692
2 2872
2 2966
2 3358
2 3630
2 3673
2 4385
2 4445
2 4627
2 4924
2 5196
2 5394
2 5808
2 6773
2 6793
2 6958
2 7043
2 7360
2 7700
2 8017
2 8297
3 7
3 15
3 20
3 21
3 27
3 97
3 147
3 207
3 285
3 359
3 505
3 543
3 544
3 654
3 734
3 815
3 1015
3 1159
3 1195
3 1329
3 1571
3 1819
3 1835
3 2008
3 2255
3 2391
3 2600
3 2745
3 2784
3 2807
3 3386
3 3410
3 3475
3 3732
3 3809
3 3888
3 4117
3 4670
3 4790
3 4965
3 5700
3 5709
3 5843
3 5848
3 5884
3 6262
3 6558
3 6578
3 7203
3 7239
3 8417
3 8913
3 8917
3 9415
3 9529
3 9669
3 9678
3 9766
4 8
4 12
4 78
4 261
4 525
4 530
4 770
4 802
4 915
4 921
4 1085
4 1108
4 1214
4 1352
4 1869
4 1881
4 2985
4 3038
4 3089
4 3179
4 4102
4 5368
4 5650
4 5746
4 6612
4 7472
4 7564
4 7614
4 8949
4 9215
4 9646
5 65
5 74
5 80
5 102
5 127
5 148
5 303
5 322
5 368
5 673
5 819
5 934
5 1068
5 1468
5 1726
5 1822
5 1825
5 2263
5 2570
5 2695
5 3320
5 4495
5 5782
5 6515
5 6838
5 7050
5 8287
5 8714
5 8754
5 8995
5 9255
5 9464
6 9
6 49
6 412
6 749
6 1566
6 1614
6 1750
6 2005
6 3062
6 6001
6 6199
6 7366
6 7591
7 25
7 53
7 69
7 275
7 1055
7 1752
7 4729
7 5579
7 5603
7 5931
7 8518
7 9071
8 739
8 939
8 1514
8 3849
8 4173
8 4708
8 7429
9 459
9 849
9 1961
9 7550
9 9778
10 17
10 26
10 41
10 43
10 50
10 92
10 96
10 164
10 169
10 172
10 179
10 336
10 338
10 433
10 514
10 521
10 617
10 941
10 1086
10 1370
10 1563
10 1649
10 2034
10 2332
10 2380
10 2396
10 2447
10 2662
10 2794
10 2884
10 2922
10 3034
10 3218
10 3575
10 3639
10 3683
10 3690
10 3707
10 3752
10 3783
10 4135
10 4140
10 4269
10 4283
10 4432
10 4461
10 4858
10 4881
10 5078
10 5186
10 5201
10 5466
10 5496
10 5730
10 5798
10 6254
10 6270
10 6294
10 6822
10 6843
10 6965
10 7459
10 7468
10 7598
10 7675
10 8140
10 8896
10 8911
10 8981
10 9024
10 9524
11 36
11 38
11 48
11 145
11 208
11 215
11 277
11 435
11 509
11 546
11 750
11 869
11 1001
11 1498
11 2220
11 2341
11 2463
11 2816
11 2973
11 3718
11 3843
11 4286
11 4516
11 4693
11 5243
11 6108
11 6586
11 7531
11 8545
11 8883
12 219
12 686
12 903
12 1275
12 2094
12 2475
12 2590
12 2851
12 3060
12 3231
12 3282
12 3400
12 4232
12 4712
12 4824
12 6070
12 6805
12 7194
12 7515
12 9366
12 9781
13 58
13 348
13 609
13 942
13 954
13 1179
13 1238
13 1279
13 1374
13 2445
13 5345
13 9152
13 9476
13 9877
14 1422
15 111
15 343
15 2249
15 3213
15 3230
15 4203
15 4263
15 4654
15 4730
15 5081
15 5253
15 5338
15 8260
15 8699
15 8801
16 35
16 214
16 310
16 311
16 437
16 578
16 672
16 759
16 816
16 983
16 1029
16 1044
16 1099
16 1151
16 1225
16 1390
16 1577
16 2022
16 2237
16 2613
16 2775
16 2780
16 2902
16 3336
16 3479
16 3698
16 3974
16 3996
16 4111
16 4437
16 4573
16 5091
16 5479
16 5720
16 6133
16 6539
16 6603
16 6739
16 7408
16 7513
16 7545
16 7557
16 7559
16 7733
16 8062
16 8769
16 8893
16 9012
16 9190
16 9634
16 9846
17 22
17 33
17 34
17 240
17 380
17 413
17 453
17 845
17 905
17 1012
17 1077
17 1229
17 1253
17 1272
17 1423
17 1532
17 1618
17 1662
17 1848
17 2061
17 2172
17 2338
17 2347
17 2664
17 2700
17 3535
17 3571
17 3818
17 3900
17 4419
17 4737
17 4956
17 5179
17 5552
17 5966
17 6167
17 6208
17 6607
17 7119
17 7235
17 7684
17 8052
17 8481
17 8704
17 9106
17 9162
17 9339
17 9605
17 9957
18 100
18 135
18 262
18 313
18 354
18 623
18 894
18 1615
18 2418
18 3920
18 4195
18 5266
18 5526
18 6100
18 6510
18 7334
18 7521
18 8555
19 241
19 1612
19 2730
19 3768
20 30
20 47
20 64
20 94
20 174
20 269
20 332
20 405
20 577
20 690
20 714
20 743
20 753
20 782
20 1018
20 1070
20 1240
20 1243
20 1302
20 1574
20 1755
20 1798
20 1968
20 2311
20 2319
20 2645
20 2932
20 2959
20 3166
20 3735
20 4061
20 4379
20 4527
20 4565
20 4816
20 6261
20 6734
20 6907
20 7961
20 8131
20 8368
20 8876
20 9899
21 788
21 3796
22 31
22 54
22 83
22 109
22 119
22 149
22 192
22 218
22 265
22 297
22 308
22 321
22 333
22 357
22 536
22 596
22 630
22 639
22 684
22 760
22 809
22 831
22 900
22 923
22 961
22 1043
22 1217
22 1414
22 1509
22 1598
22 1718
22 1938
22 1999
22 2038
22 2213
22 2372
22 2387
22 2412
22 2674
22 2804
22 2940
22 2965
22 3050
22 3063
22 3238
22 3363
22 3455
22 3730
22 3868
22 4251
22 4354
22 4520
22 4545
22 4735
22 4851
22 5535
22 5669
22 5896
22 6489
22 6583
22 6855
22 6978
22 7297
22 7331
22 7370
22 8571
22 8686
22 8740
22 9072
22 9193
22 9609
22 9817
23 110
23 142
23 402
23 940
23 1205
23 1365
23 1447
23 1459
23 1793
23 1843
23 1850
23 1928
23 1983
23 2573
23 2589
23 2597
23 2916
23 3005
23 3261
23 3450
23 3589
23 3598
23 4294
23 4458
23 5519
23 5892
23 5991
23 6309
23 7562
23 7627
23 7856
23 7922
23 9298
23 9612
24 37
24 42
24 45
24 181
24 224
24 325
24 486
24 635
24 794
24 911
24 956
24 977
24 1054
24 1268
24 1393
24 1497
24 1756
24 1805
24 1852
24 1993
24 2336
24 3075
24 3409
24 4030
24 4336
24 4430
24 4669
24 5323
24 5499
24 6072
24 7173
24 7855
24 7979
24 8857
24 8919
24 8931
24 9447
25 204
25 1294
25 1919
25 2158
25 2197
25 2405
25 2876
25 9139
26 330
26 791
26 975
26 1202
26 2456
26 3711
26 4089
26 4761
26 6536
26 6621
26 7947
26 8511
26 9274
26 9659
27 63
27 615
27 979
27 1241
27 1381
27 1565
27 1785
27 1823
27 1958
27 2087
27 2501
27 3232
27 4998
27 5219
27 8008
27 9123
28 85
28 104
28 130
28 166
28 340
28 503
28 556
28 710
28 722
28 913
28 1116
28 1340
28 2426
28 2676
28 2760
28 2987
28 4197
28 4624
28 4932
28 5071
28 5763
28 6295
28 7322
28 8103
28 8674
28 8827
28 9116
28 9221
28 9620
29 62
29 93
29 237
29 290
29 467
29 473
29 631
29 643
29 700
29 708
29 840
29 877
29 1167
29 1233
29 1274
29 1331
29 1607
29 1837
29 1845
29 2086
29 2330
29 2747
29 2751
29 3443
29 3446
29 3560
29 4381
29 5617
29 5894
29 6143
29 6936
29 7085
29 7098
29 7596
29 7962
29 8624
29 9734
30 71
30 550
30 872
30 1176
30 1199
30 2118
30 3235
30 3269
30 4095
30 4288
30 5388
30 6086
30 7616
30 8214
30 9342
30 9855
31 251
31 920
31 2915
31 5442
31 6275
31 8684
31 9530
31 9665
32 39
32 77
32 107
32 117
32 212
32 305
32 323
32 347
32 668
32 711
32 787
32 839
32 1023
32 1027
32 1306
32 1472
32 1722
32 1811
32 1890
32 1943
32 2054
32 2225
32 2388
32 2524
32 2563
32 2810
32 2813
32 3035
32 3239
32 3590
32 3728
32 4315
32 4448
32 4707
32 5619
32 5947
32 6211
32 6400
32 6619
32 6706
32 7034
32 7180
32 8556
32 8641
32 8659
32 9163
32 9341
32 9391
32 9810
33 176
33 1016
33 8021
33 9444
34 46
34 55
34 112
34 114
34 122
34 134
34 138
34 175
34 236
34 416
34 423
34 664
34 699
34 825
34 857
34 875
34 887
34 974
34 1171
34 1387
34 1410
34 1625
34 1765
34 1846
34 2011
34 2043
34 2323
34 2361
34 2499
34 2523
34 2698
34 2815
34 2918
34 2946
34 3202
34 3597
34 3642
34 3742
34 3896
34 4241
34 4626
34 4662
34 4687
34 4823
34 4844
34 5113
34 5574
34 5610
34 5614
34 5744
34 6330
34 7407
34 7422
34 7734
34 8439
35 385
35 409
36 101
36 180
36 221
36 259
36 274
36 358
36 378
36 526
36 662
36 861
36 1076
36 1293
36 1349
36 2100
36 2897
36 2937
36 3093
36 3111
36 3209
36 3625
36 3799
36 4685
36 5990
36 6656
36 7603
36 8732
36 9982
37 469
37 657
37 826
37 1572
37 2705
37 4443
37 4795
37 4886
37 5150
37 5236
37 6273
38 6784
38 9683
39 634
39 1036
39 1286
39 2837
39 4222
39 5044
39 8738
40 73
40 156
40 197
40 229
40 239
40 271
40 563
40 628
40 1368
40 2085
40 2574
40 2986
40 3177
40 4001
40 4118
40 4717
40 4825
40 5510
40 6501
40 9272
40 9280
41 162
41 186
41 187
41 263
41 346
41 537
41 601
41 728
41 1032
41 1094
41 1408
41 1601
41 2508
41 2934
41 4394
41 4502
41 5234
41 5279
41 5732
41 6406
41 7004
41 7201
41 7362
41 7476
41 8080
41 8603
42 68
42 606
42 795
42 1197
42 1285
42 1535
42 1651
42 1652
42 4476
42 5683
42 6101
42 8452
42 9150
42 9304
44 2264
44 2375
44 4596
44 9113
45 361
45 491
45 964
45 1075
45 4471
45 5060
45 6339
46 57
46 61
46 67
46 144
46 158
46 167
46 249
46 350
46 444
46 481
46 493
46 807
46 1082
46 1111
46 1456
46 1621
46 1709
46 1894
46 2138
46 2179
46 2256
46 2365
46 2399
46 3096
46 3143
46 3263
46 3305
46 4044
46 4219
46 4423
46 4453
46 4751
46 5283
46 5307
46 5557
46 5608
46 6088
46 6323
46 6795
46 6949
46 7208
46 7486
46 7659
46 7944
46 7946
46 9374
46 9970
47 72
47 121
47 400
47 419
47 506
47 2291
47 2803
47 7132
47 7344
47 7549
47 8508
47 9334
49 318
49 353
49 408
49 818
49 899
49 1477
49 1671
49 1743
49 2063
49 2485
49 4377
49 4636
49 5790
49 5935
49 6067
49 7539
49 8619
49 8680
49 9218
50 480
50 1327
50 1889
50 3695
50 5390
50 5585
50 8399
50 8953
50 9541
50 9852
51 424
51 1536
52 1725
52 2133
52 2491
52 3103
52 3259
52 3392
52 5817
52 7894
52 9005
54 232
54 276
54 329
54 382
54 1636
54 1693
54 3095
54 3304
54 4024
54 4897
54 5460
54 6246
54 7062
54 8393
54 9495
55 247
55 632
55 1307
55 1597
55 1992
55 2702
55 3369
55 4026
55 4097
55 4103
55 4252
55 4628
55 6507
55 8677
55 9992
56 108
56 129
56 199
56 300
56 436
56 558
56 560
56 597
56 698
56 957
56 1121
56 1231
56 1701
56 1746
56 1816
56 2001
56 2015
56 2221
56 2544
56 2908
56 2969
56 3077
56 3687
56 3743
56 3867
56 4109
56 4405
56 4966
56 4983
56 5156
56 5169
56 5258
56 5371
56 5542
56 5673
56 5791
56 5930
56 6162
56 6382
56 6627
56 6983
56 6997
56 7380
56 7577
56 7661
56 9704
57 1792
57 2278
57 3055
57 3352
57 4488
57 8952
58 307
58 462
58 7982
59 131
59 638
59 1953
59 4874
60 124
60 989
60 7265
60 7338
60 7645
61 233
61 647
61 851
61 1021
61 1235
61 1987
61 2227
61 3414
61 4048
61 4418
61 5887
61 6078
61 6422
61 7757
61 9000
61 9480
63 497
63 1382
64 194
64 1097
64 5621
64 7635
65 286
65 9264
66 1096
66 2891
66 6057
66 9306
67 535
67 707
67 918
67 2240
67 5035
67 6043
67 9131
68 140
68 5198
69 1379
69 2993
69 4893
69 5566
70 2272
70 3157
70 4930
71 390
71 1178
71 1590
71 2619
71 3184
71 4543
71 4772
71 7742
71 9130
72 161
72 268
72 2395
72 2885
72 3229
72 4617
72 4722
72 5076
72 6353
72 6570
72 6585
72 9200
73 177
73 476
73 1489
73 1977
73 2528
73 2604
73 2926
73 3904
73 3925
73 4067
73 6864
73 6959
73 8504
73 8585
73 8797
74 76
74 284
74 695
74 933
74 2473
74 3276
74 5011
74 7188
75 731
75 811
75 4739
75 5006
75 5549
75 6299
75 8059
75 8390
76 115
76 150
76 155
76 1554
76 2245
76 2468
76 2488
76 2668
76 3041
76 4407
76 4676
76 5792
76 7402
76 7590
76 8016
76 8028
76 8920
76 9594
77 1212
77 1880
77 2322
77 5867
77 7959
77 9209
78 356
78 372
78 1580
78 2250
78 2430
78 2583
78 3003
78 3646
78 4505
78 4767
78 5028
78 5297
78 5859
78 6329
78 6748
78 8286
79 1024
79 5780
80 1333
80 5086
80 6321
80 7106
82 210
82 1348
82 2759
82 2920
82 5252
82 7189
83 225
83 810
83 4077
83 8147
83 8423
84 260
84 367
84 1000
84 1654
84 6255
84 8003
84 9900
86 273
86 389
86 610
86 1789
86 2214
86 2232
86 2459
86 2870
86 3415
86 3656
86 5973
86 6285
86 8426
86 8455
87 5100
88 2741
88 3516
89 152
89 256
89 287
89 935
89 953
89 1360
89 1530
89 1947
89 5224
89 7373
89 8041
91 2073
91 2310
92 1834
93 191
93 314
93 586
93 774
93 926
93 1673
93 2686
93 3205
93 4163
93 5486
93 7371
93 8277
94 568
94 593
94 785
94 835
94 3127
94 3223
94 4950
94 5970
94 8433
94 8553
94 8600
95 153
95 254
95 653
95 678
95 828
95 2585
95 7490
95 8967
95 9323
96 7260
97 9336
98 299
98 626
98 768
98 1499
98 2603
98 4292
99 781
99 8042
100 267
100 1088
100 1284
100 1476
100 1587
100 2358
100 2457
100 4410
100 5834
100 7804
101 3907
101 4162
102 141
102 159
102 258
102 387
102 441
102 507
102 688
102 1895
102 2423
102 3087
102 3388
102 4020
102 5098
102 5688
102 6821
102 7152
102 7698
102 7788
102 9102
103 188
104 590
104 988
104 1183
104 1324
104 1591
104 1984
104 3505
104 8510
104 8887
105 460
105 999
105 1080
105 2079
105 2443
105 6460
105 6849
105 7012
106 116
106 136
106 315
106 345
106 375
106 428
106 430
106 464
106 670
106 677
106 907
106 951
106 1045
106 1079
106 1595
106 1685
106 2016
106 2017
106 2042
106 2728
106 2954
106 2980
106 3074
106 4010
106 4155
106 4820
106 4914
106 4948
106 5054
106 5467
106 5714
106 6755
106 6928
106 7245
106 7386
106 7760
106 8523
106 8956
106 9079
106 9463
106 9540
106 9686
106 9807
106 9833
107 3819
107 7451
107 7941
107 8087
108 146
108 733
108 808
108 1014
108 1132
108 1242
108 1454
108 1666
108 3514
108 4167
108 4519
108 4927
108 5543
108 5934
108 6018
108 6308
108 6405
108 7669
108 9031
108 9838
109 266
109 863
109 2267
109 2374
109 2402
109 4277
109 4366
110 587
110 1457
110 2469
110 3244
110 3582
110 3651
110 3882
110 4853
110 6298
110 7435
111 189
111 1435
111 3951
112 652
112 2033
112 2407
112 2529
113 454
113 936
113 3820
113 6195
113 6862
114 183
114 386
114 482
114 513
114 620
114 697
114 1064
114 1589
114 1929
114 1967
114 2058
114 2069
114 2111
114 2561
114 2659
114 2962
114 3310
114 4112
114 4304
114 4589
114 5195
114 6033
114 6269
114 6896
114 8121
114 9003
114 9337
114 9789
115 1115
115 1267
115 1997
115 4141
115 5007
115 7243
116 1308
116 2261
116 6114
116 6373
116 6802
116 7806
117 2726
117 7021
119 1802
119 2246
119 2429
119 2682
119 4000
119 5978
120 234
120 270
120 1010
120 1239
120 1264
120 1409
120 1824
120 1877
120 3018
120 3750
120 5800
120 5819
121 281
121 474
121 1208
121 2007
121 2137
121 3568
121 5645
121 8517
121 8644
121 9727
121 9729
122 173
122 383
122 404
122 665
122 747
122 906
122 1065
122 1074
122 1201
122 1234
122 1437
122 1737
122 1826
122 2116
122 2288
122 2532
122 2669
122 3509
122 3677
122 5093
122 6826
122 8234
122 8912
122 9087
123 228
123 3025
123 7781
124 448
124 1249
124 3012
124 4945
124 6751
124 7329
124 9533
125 154
125 929
125 1009
125 1216
125 1396
125 2295
125 2467
125 4272
125 4620
125 5030
125 7327
125 7738
126 1941
126 2308
126 3671
126 4132
126 4678
126 4841
126 7694
126 8445
126 9754
127 132
127 2351
127 5611
127 5630
128 137
128 2251
128 2806
129 184
129 257
129 830
129 1005
129 1102
129 1603
129 1747
129 2051
129 2126
129 2269
129 2301
129 2502
129 3473
129 3611
129 3767
129 4202
129 4387
129 4446
129 5501
129 9542
130 252
132 591
133 463
133 524
133 589
133 1184
133 1584
133 1801
133 1865
133 3056
133 4113
133 4311
133 5835
134 170
134 198
134 293
134 502
134 541
134 572
134 703
134 1637
134 2146
134 2303
134 2316
134 2643
134 2798
134 2950
134 2968
134 3406
134 4124
134 4244
134 4265
134 4468
134 4710
134 5062
134 5131
134 5659
134 5846
134 5919
134 6430
134 7498
134 7535
134 7888
134 8005
134 9345
135 195
135 295
135 1060
135 2098
135 2300
135 3047
135 3227
135 6743
135 6909
135 7192
135 9222
136 245
136 283
136 306
136 320
136 443
136 603
136 1030
136 1047
136 1619
136 4182
136 5016
136 5111
136 5606
136 6024
136 6050
136 6238
136 6961
136 7403
136 7584
136 8002
136 8997
138 143
138 222
138 1145
138 2231
138 2717
138 4297
138 4392
138 4934
138 5116
138 5223
138 5538
138 6865
138 7009
138 7237
138 7548
138 7679
138 7829
138 9692
139 211
139 681
139 922
139 3360
139 5217
139 9286
140 987
140 1910
140 4353
140 6028
140 6311
141 190
141 230
141 244
141 674
141 799
141 2569
141 3138
141 3405
141 3662
141 3854
141 7637
141 8593
141 8706
142 238
142 471
142 658
142 661
142 1148
142 1371
142 1660
142 1707
142 1715
142 1988
142 2567
142 3092
142 3773
142 4046
142 4143
142 4144
142 4557
142 5342
142 5945
142 6021
142 6555
142 6842
142 6846
142 6911
142 7250
142 8622
142 8731
142 9655
143 6252
144 328
144 2143
144 2382
144 5759
144 9014
147 6251
150 231
150 339
150 349
150 373
150 417
150 511
150 522
150 585
150 966
150 998
150 1326
150 1470
150 1631
150 1714
150 1922
150 2129
150 2157
150 2184
150 3961
150 4738
150 4796
150 5895
150 6498
150 7187
150 9914
151 365
151 485
151 1106
151 1128
151 1508
151 1839
151 2032
151 2052
151 3211
151 4578
151 4634
151 6029
151 6301
151 6685
151 6906
152 185
152 397
152 682
152 1543
152 1730
152 1913
152 2929
152 3013
152 3249
152 3323
152 3577
152 4558
152 4570
152 4585
152 6132
152 6664
152 7143
152 7148
152 8421
152 8425
152 9287
153 196
153 1330
153 2880
153 3471
153 6883
153 7721
154 272
154 720
154 1081
154 1829
154 2192
154 3226
154 4987
154 5551
154 7115
154 8577
154 8639
155 520
155 2770
155 5191
155 7523
155 7867
155 9531
156 168
157 160
157 294
157 327
157 360
157 364
157 394
157 418
157 432
157 451
157 508
157 801
157 838
157 866
157 904
157 1684
157 1962
157 1974
157 2437
157 2474
157 2616
157 2672
157 2825
157 2960
157 2964
157 2972
157 3161
157 3609
157 3856
157 3912
157 5099
157 5607
157 5840
157 6900
157 7015
157 7399
157 7643
157 7956
157 9008
157 9426
157 9972
158 422
158 532
158 625
158 763
158 1168
158 1245
158 1492
158 2153
158 2304
158 4035
158 6368
158 8141
158 8280
158 8654
158 9387
159 884
159 2762
160 1008
160 1817
160 3344
160 7284
161 4762
163 2505
163 3030
163 3628
163 3813
163 5431
164 396
164 1592
164 2105
164 2735
165 705
165 1142
165 1310
165 1556
165 5456
165 6161
165 6912
165 9288
165 9403
165 9684
166 242
166 253
166 264
166 317
166 574
166 595
166 608
166 745
166 822
166 946
166 1091
166 1174
166 1467
166 1518
166 1689
166 2144
166 2212
166 2498
166 2581
166 3413
166 3573
166 3715
166 3973
166 4647
166 4667
166 4713
166 4716
166 5402
166 5852
166 6194
166 6318
166 6474
166 7290
166 7544
166 8120
166 8418
166 9194
167 2071
167 4043
167 8583
168 227
168 246
168 495
168 865
168 1063
168 1144
168 2531
168 4153
168 4221
168 6377
168 6947
168 8720
168 9635
170 466
170 852
170 1990
170 8217
171 679
171 1332
171 8091
172 523
172 2333
172 2832
172 7426
173 850
173 1120
173 1460
173 1473
173 3185
173 5773
173 7875
173 8337
173 9544
173 9971
174 216
174 712
174 2019
175 334
175 746
175 963
175 1020
175 1295
175 1400
175 4879
175 5489
175 7108
175 8046
175 8181
175 8948
175 9333
175 9571
175 9951
176 5278
177 2458
178 2325
179 415
180 363
181 2125
181 7803
183 727
183 1385
183 1575
184 683
186 805
186 2537
186 6889
187 1471
187 2363
187 3545
187 3675
187 5520
187 7311
187 7847
187 9078
188 213
188 243
188 278
188 309
188 316
188 487
188 492
188 1113
188 1647
188 1963
188 2277
188 2707
188 2821
188 2861
188 3574
188 4376
188 4849
188 6957
188 7532
188 8730
188 9831
190 447
190 3557
191 226
191 369
191 414
191 490
191 531
191 607
191 675
191 1191
191 1733
191 1800
191 2721
191 2820
191 2976
191 3019
191 3262
191 3988
191 6020
191 6207
191 9111
191 9186
192 2050
194 1732
194 2606
194 3130
194 4786
194 6629
194 8794
195 205
195 2003
196 255
196 719
196 735
196 1117
196 4490
196 7294
197 4240
197 7269
198 5938
198 8081
198 8191
199 201
199 547
199 1914
199 3893
199 6691
200 291
200 1560
200 9961
201 1501
201 2226
201 3002
201 3576
202 976
202 1185
202 1916
202 1996
202 2185
202 4088
202 4744
202 5206
202 5879
203 949
203 2233
203 2359
203 2635
203 4193
203 4663
203 5729
203 6129
203 8506
205 499
205 540
205 1561
205 1766
205 3811
205 6412
205 6917
205 7582
207 2719
208 3602
208 4528
209 223
209 496
209 4019
210 605
210 1263
210 2368
210 5837
210 6125
210 8203
212 355
212 870
212 1859
212 1898
212 2299
212 2864
212 2868
212 3028
212 3986
212 5902
212 6808
212 7887
212 9097
213 2506
213 7389
213 7569
214 3043
214 8240
214 8335
214 9925
215 702
215 1659
215 2545
215 6011
216 445
216 1166
216 1236
216 1903
216 1917
216 3858
216 8055
216 9238
217 1375
217 2353
217 9713
218 528
218 868
218 1716
218 2164
218 3288
218 5375
218 8908
218 9324
219 1337
220 713
220 2195
220 2495
220 2848
220 3919
220 4342
220 6517
222 3394
223 755
223 1638
223 1827
223 2632
223 4498
223 4517
223 4742
223 5988
223 6503
223 7798
226 937
226 7617
227 488
227 5414
229 312
229 1642
229 1854
229 2259
229 3674
229 4921
229 6200
230 1669
230 1899
230 1902
230 3237
230 8986
231 504
233 1277
233 3955
233 9842
235 575
235 1465
235 1719
235 3999
235 7280
236 741
236 848
236 7128
236 8241
236 9892
237 344
237 2417
237 4508
237 7112
238 1100
239 9503
241 319
241 4137
241 4952
241 6504
241 7581
241 9011
242 1209
242 6120
243 629
243 726
243 1089
243 8493
243 9192
244 833
244 1786
244 3778
244 4361
244 6017
244 6816
244 7753
244 9080
245 538
245 5295
246 342
246 551
246 1373
246 1500
246 2187
246 3812
246 4238
246 7236
246 8812
247 4481
248 395
248 407
248 527
248 549
248 680
248 836
248 1228
248 1361
248 1596
248 1915
248 2727
248 4302
248 8113
248 8723
248 8950
248 9227
248 9759
249 1299
249 2083
249 4906
249 7516
250 1105
251 9038
252 7075
253 1227
253 1682
253 1799
253 4090
253 4747
253 4891
253 5818
254 392
254 1322
255 398
255 517
255 1466
255 1515
255 2163
255 3212
255 3619
255 4456
255 5434
255 7416
255 7712
255 8292
256 519
256 862
256 938
256 1095
256 1517
256 2128
256 3254
256 4700
256 7086
256 7382
256 7971
256 7978
256 9702
258 288
258 4720
258 7898
259 440
259 1677
260 3004
260 3562
260 4689
260 5165
261 651
261 2835
261 7528
261 8302
262 468
263 1633
263 7364
263 7580
264 640
264 1831
264 2035
264 4040
265 8379
266 3631
266 5398
267 301
267 446
267 796
267 1160
267 1568
267 2313
267 4571
267 6076
267 7930
267 9882
269 279
269 886
269 2411
269 7636
269 8507
269 9587
269 9872
271 326
271 1944
271 4065
273 1156
273 1727
273 3709
273 7951
274 736
274 779
274 4583
274 6144
275 1870
275 3482
275 4962
276 2930
276 4365
278 1394
278 3016
278 4822
279 1611
279 2875
281 337
281 518
281 621
281 1164
281 1406
281 1547
281 2893
281 3355
281 3531
281 4348
281 5142
281 6274
281 6423
281 7022
281 7833
281 8362
281 8543
282 5155
282 5786
282 6742
282 8662
283 304
283 645
283 660
283 667
283 752
283 891
283 1206
283 1314
283 1736
283 2479
283 2515
283 2947
283 3321
283 3420
283 3615
283 3862
283 4398
283 4768
283 4842
283 5464
283 7796
283 8116
283 8169
283 8402
283 8750
283 9107
283 9307
283 9386
286 470
286 717
286 1650
286 3082
286 5367
286 6154
286 7076
286 7727
286 8330
287 1066
287 1680
287 2247
287 2346
287 6992
287 7686
287 8139
287 8167
288 1760
288 4347
289 1908
289 1956
289 3865
289 4997
289 7657
290 1959
290 2266
290 6428
290 7510
290 8512
291 6360
293 3190
293 4165
294 410
294 555
294 666
294 1450
294 1452
294 2140
294 5282
294 7339
296 3956
296 7256
296 7640
296 8775
296 9219
297 599
297 3315
297 3373
297 9657
298 8151
299 789
299 2758
299 3058
299 3193
299 3791
299 4474
299 5643
299 6499
299 7837
300 1391
300 3011
300 8795
301 1207
302 498
302 554
302 2176
302 2376
302 2761
302 9069
303 465
303 500
303 2161
303 2919
303 3181
303 3311
303 4808
303 5199
303 7981
303 8807
303 9223
304 1971
304 2622
304 5270
305 4005
305 6750
305 7288
306 2200
306 2433
306 2435
306 5956
307 4522
307 9136
308 442
308 3341
308 3520
308 6096
310 366
310 401
310 642
310 724
310 769
310 978
310 1871
310 2040
310 2103
310 2680
310 2738
310 2989
310 3361
310 3668
310 3672
310 4074
310 4260
310 4324
310 4450
310 4493
310 4803
310 5211
310 5533
310 5581
310 6559
310 6651
310 6787
310 6817
310 7857
310 8186
311 376
311 696
311 778
312 2242
312 2911
312 3660
312 3886
312 4250
312 4473
312 5066
312 9178
313 331
313 2486
313 6844
314 2321
314 3914
314 4038
314 4510
315 3933
316 335
316 716
316 817
316 1165
316 1372
316 1979
316 2090
316 3667
316 3745
316 3784
316 3875
316 5108
316 5332
316 7274
316 8875
316 9526
317 1153
317 1646
317 3281
317 6956
318 704
318 6049
319 616
319 792
319 1434
319 1507
319 1635
319 2244
319 2892
319 7938
319 8958
320 352
320 472
320 489
320 567
320 732
320 955
320 2689
320 2811
320 3159
320 3306
320 3491
320 3519
320 8707
320 9803
321 341
321 943
321 1964
321 1969
321 2057
321 2480
321 4599
321 4694
321 5772
321 6485
321 6986
321 7337
321 8071
321 8100
321 8148
322 3915
323 561
323 786
323 1814
323 1926
323 2723
323 3024
323 3307
323 4227
325 557
325 1194
325 1698
325 1934
325 2013
325 2062
325 3938
325 4867
325 5121
326 959
326 2527
326 2886
326 3283
326 3588
326 5461
326 6152
326 9748
327 2364
327 2386
327 2677
327 2866
327 3029
327 5181
327 5784
328 6293
329 4164
330 2273
330 2905
330 6304
330 8018
330 8566
331 3148
331 7063
331 7789
331 8687
331 9002
332 484
332 1131
332 2147
333 381
333 1588
333 2205
333 5929
333 7214
334 581
334 1037
334 1140
334 1555
334 2792
334 5306
334 9844
335 2006
335 3256
335 4397
335 7735
335 7769
336 2287
336 9869
339 2286
339 2400
339 2472
339 5213
339 7664
339 8561
341 1398
341 3066
341 3207
341 3542
341 6297
342 371
342 1629
342 4643
342 4659
342 6998
343 7900
344 2452
344 9059
345 669
345 806
345 3990
347 1538
347 3222
347 3395
347 3681
347 4953
347 6369
347 6480
347 6533
347 6863
347 7228
347 7618
347 9122
348 931
348 5023
348 6118
349 2718
350 477
351 3805
351 5478
351 7862
352 478
352 592
352 812
352 841
352 909
352 973
352 1114
352 1133
352 1300
352 1364
352 2181
352 2446
352 2623
352 3645
352 4210
352 4625
352 4702
352 6328
352 8736
354 384
354 5757
354 5854
354 6754
354 8878
354 8987
355 584
355 671
355 4787
355 6142
355 9830
356 744
356 756
356 1784
356 7504
356 7579
356 9396
357 1678
357 2771
357 3457
357 5725
357 5821
357 7924
357 8845
359 374
359 379
359 429
359 893
359 1188
359 1453
359 1524
359 1734
359 2059
359 2478
359 2655
359 4728
359 7171
361 406
361 718
361 1510
361 7207
362 2451
362 2699
362 2883
362 5154
362 5444
362 5989
363 542
363 890
363 1469
364 494
364 619
364 725
364 995
364 4079
366 908
366 912
366 950
366 1078
366 1109
366 1266
366 1363
366 1797
366 2679
366 2737
366 2896
366 4114
366 4605
366 5628
366 6230
367 4145
367 4675
368 853
368 1856
369 2082
369 5811
370 6897
370 9096
371 1758
371 4577
371 8124
371 8376
371 8462
372 3892
373 5640
374 2130
374 2180
374 2454
374 2712
374 5140
374 6176
374 7292
375 2036
375 2781
375 3902
375 4196
375 6394
375 7007
375 9174
375 9801
376 3658
378 426
378 1011
378 1696
381 3402
381 4714
381 9887
381 9938
382 427
382 545
382 613
382 871
382 897
382 1480
382 3065
382 3744
382 4358
382 4455
382 5037
382 5373
382 5527
382 7259
382 8894
384 425
384 842
384 844
384 1093
384 1399
384 2045
384 2191
384 2889
384 3688
384 4723
384 4876
384 7865
385 3855
385 7988
386 9047
387 7823
388 1641
388 1738
388 3540
388 4426
388 6495
388 6653
389 980
389 1025
389 1617
391 1161
391 3279
391 6567
391 7353
392 1135
392 2046
393 529
393 985
393 1260
393 1376
393 1697
393 3404
393 4753
393 5922
393 7347
394 565
394 583
394 1323
394 1808
394 2800
394 3451
394 3587
394 4242
394 4547
394 5125
394 5594
394 6098
394 7570
394 8764
395 624
395 693
395 1067
395 1608
395 3908
395 4382
395 4882
395 6331
395 9299
397 580
397 1345
397 1351
397 2067
397 3378
397 3593
397 3600
398 539
398 758
398 1484
398 2740
398 4726
398 5064
398 8559
399 1774
400 2809
400 4639
400 5604
402 1031
402 1668
402 3109
402 3508
402 4985
402 5771
402 8472
402 9233
402 9393
403 5022
403 5655
404 6332
404 6866
405 798
405 1090
406 2334
406 3079
407 1062
407 1840
407 2734
407 2742
407 2785
407 6333
407 7732
408 8835
410 994
410 1429
410 1644
410 5514
410 6038
410 7183
410 9507
411 562
411 1620
411 1820
411 2171
411 3946
411 9460
412 564
412 882
412 2139
412 2442
412 3423
414 3452
415 1158
415 6505
416 1600
416 5778
417 715
417 5523
418 1664
418 3049
419 1059
419 3705
419 5723
419 7342
419 9310
420 1336
420 3187
420 3881
420 7432
421 952
421 3958
421 4794
421 5600
421 6745
421 9494
422 2874
422 3693
423 6277
423 7851
424 1084
424 3291
424 3563
424 6006
424 7740
424 9308
425 1796
425 7602
426 981
426 2203
426 3059
427 571
427 7038
427 8136
428 729
428 917
428 3290
428 4641
429 2023
430 914
430 6613
432 614
432 1288
432 1342
432 4600
433 1954
433 2553
433 5322
433 5483
433 6591
433 6670
433 7056
433 9551
434 945
434 4204
435 1319
435 2904
435 4532
435 8752
436 1573
436 1578
436 5273
436 6012
436 6214
437 944
437 1259
437 1630
437 1847
437 3770
437 4033
437 4330
437 4536
437 4601
437 4686
437 7702
438 1358
438 3659
438 6641
438 7631
438 7778
438 9188
439 1424
439 1579
439 1653
439 4375
439 5588
439 5665
439 6005
439 7608
439 8790
442 3192
443 501
443 1828
443 2337
443 2739
443 6337
443 6408
443 6776
443 7225
443 8075
444 3922
444 6945
444 7025
444 7899
444 7909
444 8007
444 8375
444 9295
444 9932
447 559
447 751
447 4704
447 5426
447 7001
447 8478
448 6635
449 3759
449 4254
450 479
450 757
450 991
450 1335
450 2235
450 2670
450 4408
450 5319
450 5463
450 5627
450 6506
450 6857
450 7509
450 7572
450 9125
450 9197
450 9266
450 9367
452 6534
452 8144
453 475
453 1126
454 879
454 1496
454 1504
454 5563
454 6074
454 7771
454 8232
455 2262
456 783
456 2658
456 2790
456 2882
456 5257
456 7285
457 510
457 3270
457 4096
457 9240
459 2279
459 2666
459 3537
459 4954
459 5268
459 7919
459 9491
460 1112
460 4071
460 4611
460 5707
461 1292
461 1357
461 4441
461 4721
463 1256
463 1271
463 1320
463 1545
463 2621
463 2657
463 4703
463 4958
463 6240
463 6874
463 7241
463 7815
463 9521
463 9880
464 553
465 3466
465 6678
466 1490
466 7475
467 1006
467 1149
467 1742
467 2450
467 5050
467 6340
467 6622
468 569
469 876
469 3255
469 4231
469 9317
471 6046
471 7343
472 5187
472 9281
473 7632
473 8941
473 9428
474 646
474 1125
474 1147
474 1849
474 2174
474 2393
474 2646
474 2943
474 2952
474 3494
474 3599
474 4383
474 5418
474 5453
474 5680
474 6027
474 6726
475 3760
475 3918
476 1809
476 2053
476 3842
476 5087
476 5352
477 483
477 793
477 927
477 1143
477 1282
477 1317
477 2378
477 2476
477 3126
477 3359
477 4995
477 6634
477 6695
477 7965
477 9268
478 930
478 2424
478 2782
479 515
479 895
479 1215
479 1248
479 1482
479 2108
479 2275
479 2547
479 7073
479 8192
479 9182
481 5455
483 1661
483 2557
483 2928
483 3123
483 5312
483 6932
484 600
484 655
484 721
484 1602
484 1624
484 1657
484 1763
484 4438
484 6127
484 6880
484 7154
484 8721
484 9548
484 9820
485 761
486 883
486 1775
486 2577
486 4056
486 5830
487 3638
487 5532
488 2936
488 6728
489 742
489 2493
491 925
491 4960
492 566
492 740
492 1672
492 3909
492 4211
492 6233
492 6650
492 6781
492 6799
492 8211
492 8749
493 598
493 730
493 1173
493 1444
493 2627
493 5363
493 6806
494 771
494 1123
494 1549
494 4296
494 4466
494 8013
494 8048
494 9251
495 612
495 1362
495 6527
495 7385
496 548
496 846
496 2593
496 2841
496 4623
498 2081
498 7170
499 901
499 3091
499 3650
499 8320
500 3897
500 4778
501 1512
501 2014
502 2390
502 3242
502 5844
502 6349
502 7998
504 602
504 772
504 773
504 1244
504 1794
504 1872
504 2047
504 3899
504 5359
504 7495
505 2049
505 4658
505 8301
505 8629
508 570
508 881
508 1150
508 2377
508 2634
508 2955
508 3488
508 5365
508 5733
508 6186
508 6720
508 6833
508 8222
509 2516
509 3278
509 4014
509 4291
509 8073
509 9991
510 3755
510 5685
511 1189
511 1772
511 1791
511 3380
511 5249
511 6702
512 1417
512 1551
512 1777
512 5735
513 1138
513 1658
513 6876
513 9595
515 594
515 4217
515 5207
515 6929
518 873
518 8114
519 2020
519 2166
519 3301
519 4334
519 4622
519 6148
519 6643
519 7567
519 7963
519 8352
522 8305
523 1491
523 1541
524 1177
524 3125
524 5096
524 5118
524 5880
525 576
525 1692
525 2018
525 2065
525 2833
525 3064
525 3097
525 7758
527 3113
528 636
528 1190
529 3980
529 6418
530 837
530 1196
530 5380
530 5684
532 1309
532 3221
532 5289
532 5528
532 6104
532 6226
532 7931
534 6059
535 687
535 2519
535 2970
535 4064
535 5119
535 5592
535 6509
535 6633
535 7606
535 7889
535 8090
535 8247
535 8299
535 8711
535 8971
535 9511
536 1478
536 5602
536 6092
537 1252
537 3167
537 4150
537 4477
537 4931
537 7983
537 8391
537 8851
537 9229
541 1226
541 1948
541 1980
541 2344
541 6464
541 7859
542 1210
542 1986
542 4715
543 916
543 1420
543 9891
544 6740
545 8038
546 1127
548 6401
548 8022
550 1250
550 1866
550 1982
550 2328
550 5333
550 5802
550 8266
551 803
551 1269
551 1960
551 2320
551 2549
551 4548
551 6257
552 754
552 813
552 4039
552 9196
552 9483
553 9717
554 650
554 958
554 2511
554 3335
554 6249
554 7454
555 1527
555 4472
555 9795
556 856
556 5994
556 8129
556 9591
557 2756
557 3332
557 4284
557 5855
558 764
558 3612
560 2152
560 2640
560 5351
560 9004
561 1211
561 1690
561 5235
562 804
562 2510
562 4006
562 4174
562 4812
562 7881
562 8844
563 691
563 1270
563 1810
563 2513
563 4308
563 7797
563 8943
563 9398
563 9515
563 9668
564 1461
564 2521
564 5189
564 7879
564 7939
564 8183
565 2410
566 588
566 1230
566 1965
566 4220
566 4226
566 6121
567 1861
567 3618
567 3967
567 4975
567 6459
568 2860
568 7540
568 8180
569 1061
569 2413
569 4371
569 4384
571 4957
572 2298
572 2979
572 3296
572 7730
572 8916
573 604
573 1180
573 2296
574 932
574 1523
574 3606
574 5704
574 6044
576 948
576 1502
576 4184
576 4648
576 6202
576 8646
576 9311
577 694
577 1155
577 1911
577 2996
577 3701
577 4681
577 8377
577 9198
578 656
578 5036
578 6523
578 7204
578 8716
579 1107
579 1433
579 6473
579 6835
580 6440
580 7543
582 6593
582 7785
583 748
583 827
583 874
583 1157
583 1493
583 3444
583 5153
585 3137
585 6845
587 1119
587 1564
587 3037
587 3387
589 1567
589 7691
590 7714
592 1101
592 1458
592 2305
593 1154
593 1407
593 3200
593 3841
593 7138
594 1411
595 5328
595 6804
596 860
596 1318
597 3748
599 1301
599 1548
599 3676
599 4161
599 8616
599 9796
600 1338
600 1884
600 2709
600 4656
600 7526
600 7680
601 9560
602 644
602 775
602 1830
602 2114
602 2189
602 5565
602 5983
602 6600
602 6602
603 1280
603 2425
603 3895
604 627
604 1182
604 7605
605 1257
605 1440
605 5850
605 7770
605 8649
606 971
606 2642
607 1098
607 1221
607 2641
607 2733
607 4890
607 5197
607 7551
607 8974
608 1700
608 4201
608 5558
609 1495
609 3217
609 4996
609 8344
611 4239
611 5059
613 2935
613 7169
613 8196
614 618
614 1334
614 2170
614 2921
614 3014
614 3053
614 3266
614 3679
614 3776
614 3808
614 4657
614 5654
614 7217
615 880
615 1122
615 3552
615 5864
616 1443
616 3427
616 3761
617 962
617 2605
617 7229
617 8045
617 9133
618 965
618 6244
619 3196
619 5644
619 8693
619 9589
623 4258
624 2484
624 3020
625 723
625 1297
625 5406
625 6370
625 6737
625 6792
625 7809
626 992
626 1416
626 2857
626 3643
626 5334
626 5785
626 6395
626 6652
626 6732
626 7853
627 706
627 4237
627 6989
629 8859
630 7541
632 1073
632 3170
634 1213
634 1936
634 2068
634 2281
634 2444
635 1749
636 1377
636 3316
637 4357
638 858
638 3825
638 5137
639 2113
639 2559
639 9260
640 896
640 2106
640 4833
640 4981
640 7087
641 1703
641 4487
641 8717
641 9279
642 1255
642 1981
644 1442
645 3085
645 4785
646 3347
646 3634
646 6437
646 8051
646 8627
646 9749
647 3272
647 4929
647 5085
647 5389
647 7536
647 7671
647 9586
648 1170
648 3119
648 3398
648 3814
648 4175
648 6288
649 5225
650 864
650 4420
651 3822
652 3866
653 1046
653 2350
653 6165
653 8162
655 1304
655 2162
655 4185
655 4273
655 6172
655 6871
655 9782
656 3342
656 4301
656 8910
657 1773
657 3829
657 6197
657 6950
659 1283
659 8741
660 5441
661 8357
661 8759
662 1383
662 5032
662 7267
663 1418
664 800
664 3913
665 1539
665 3101
666 5632
666 5699
666 6837
667 6494
667 7324
667 8166
668 685
668 834
668 5010
668 5425
668 6010
668 6884
668 7784
668 8628
668 9247
668 9402
669 738
669 885
669 1141
669 1198
669 1494
669 2869
669 2999
669 4602
669 6106
669 6707
670 1526
670 7010
670 7530
671 820
671 967
671 2647
671 2779
671 3219
671 3931
671 6151
673 1421
673 2729
673 4186
673 5309
673 7157
675 1909
675 2667
675 4285
675 5376
675 9429
676 1935
676 3610
677 898
677 1771
677 1888
677 2217
677 2489
677 3578
677 5873
679 1972
679 2004
679 3927
679 9623
679 9965
680 709
680 9485
681 777
681 1384
681 1932
681 2460
681 2974
681 5145
681 5885
682 947
683 1521
683 2631
685 1425
685 3000
685 3330
685 4412
685 6592
685 6757
685 8725
685 9976
686 1957
687 784
687 1042
687 3685
687 5731
687 8533
688 762
688 1218
688 1576
688 1745
688 2772
688 2843
688 3592
688 3802
688 3883
688 4317
688 4499
688 8650
689 2817
689 4300
689 8666
690 4706
691 1939
691 5015
692 766
692 814
692 1367
692 2862
692 3100
692 8821
693 1002
693 1200
693 2194
693 3923
693 5981
693 6179
693 9424
694 5512
696 1439
696 6085
697 2673
697 9140
698 1441
698 6977
698 8685
699 3343
700 3722
700 3995
700 4057
700 6620
701 832
702 2530
704 1346
704 9522
705 8058
706 3430
707 6454
709 993
709 2219
710 6443
711 6126
711 6466
711 6885
711 8207
712 878
712 996
712 2093
712 4993
712 7683
715 1039
715 2596
715 3513
715 3624
715 4209
715 6336
715 7604
715 8942
715 9321
715 9419
715 9857
716 1857
716 2254
716 2997
716 5415
716 5810
716 6223
716 6235
716 6574
716 7697
717 2122
717 5616
719 8381
721 1413
721 1599
721 3510
721 6789
721 7000
721 9847
722 1129
722 1748
722 3476
722 3853
722 4015
722 5053
722 5117
722 6713
722 7795
722 9535
723 1192
723 3653
724 1265
724 3134
724 3503
724 6272
726 2564
726 3467
726 4682
727 9811
728 2865
729 997
729 1350
729 1695
729 2292
729 2370
729 5301
729 5304
729 9973
730 776
730 1028
730 2095
730 2121
730 3141
730 4287
730 7767
730 8365
730 8963
731 6453
732 2349
732 7198
732 8877
733 1949
733 8200
735 1071
735 3258
735 4344
735 4552
736 1528
736 2855
736 9577
737 5192
738 7436
738 7928
741 1920
742 2109
742 7262
743 5547
743 7155
743 8111
743 8163
744 1389
744 9794
745 889
745 8205
746 824
746 960
746 1137
746 1405
746 1436
746 5226
746 8194
746 8643
747 7248
749 780
750 1034
750 1626
750 1687
750 7713
751 1051
751 2703
751 3538
751 7871
753 854
753 1298
753 1355
753 1519
753 1627
753 1710
753 1723
753 2209
753 2504
753 2913
753 2975
753 3286
753 3438
753 3603
753 3831
753 3863
753 4131
753 4749
753 5094
753 6210
753 6218
753 6610
753 6869
753 7057
753 7405
753 7563
753 7774
753 8171
753 8403
753 9528
754 1069
756 797
756 2134
756 2628
756 5411
756 5717
756 6712
756 8168
757 7078
758 765
758 7126
759 1152
759 2828
759 3529
759 4697
759 5347
761 1262
761 3331
761 5109
761 7704
761 7741
762 855
762 1026
762 1562
762 3580
762 4289
762 8613
763 1486
763 7706
764 2201
764 4246
764 7163
765 1130
765 1305
767 1404
767 4885
768 1534
768 2556
768 2587
768 3945
769 1883
769 3110
769 6785
769 7630
771 1124
771 1570
771 9006
775 2856
775 3641
776 9964
777 1058
777 1289
777 1656
777 2297
777 2620
777 6579
777 8264
779 2348
779 6290
780 823
780 2173
780 8768
781 5839
781 5953
781 7561
782 5518
783 7116
784 2168
785 2236
785 3132
785 4590
785 5222
785 8882
786 1110
786 3146
786 4313
786 6159
786 8350
786 8954
787 1134
787 1247
787 3454
788 3198
788 4650
788 5152
789 2888
789 4091
789 4261
789 5856
792 6839
793 1092
793 1966
793 6434
794 1237
794 2294
794 2863
794 3163
794 5971
794 7140
794 8828
794 9202
794 9509
794 9666
795 2282
795 2354
795 3225
795 3640
795 3782
795 4066
795 6886
795 7764
796 2731
796 3889
796 6228
797 2805
797 5038
797 5049
798 1343
798 2165
798 3197
798 3793
798 5182
798 6280
800 1172
800 1366
800 3544
801 5708
803 2127
803 3527
804 843
804 1103
804 3228
804 5160
804 9020
806 928
806 2211
806 3556
806 4553
806 6948
807 1313
807 1315
807 2360
807 4198
808 1035
809 1989
809 2039
809 2135
809 3710
809 4120
809 7615
809 9732
810 2193
810 4249
811 969
811 1290
811 1586
811 4036
811 4503
811 7884
811 8848
811 9135
812 3727
812 8395
814 910
814 1033
814 1862
814 1985
814 3749
814 4977
814 4978
814 5432
814 6171
814 7094
814 7226
814 7828
814 9615
815 3485
815 4271
816 3553
816 3723
817 3253
817 5162
818 1933
818 2697
818 9628
819 2283
819 2984
820 1860
821 3850
823 7819
824 1328
824 2318
824 2439
824 4525
824 5013
824 6062
824 7415
824 7813
825 2720
825 3942
825 4243
825 7997
826 3042
826 7144
826 7312
826 7624
827 829
827 892
827 2494
827 3008
827 5133
827 6090
827 6350
827 9929
829 3168
829 3536
829 4942
829 6981
830 7465
831 2694
833 6636
833 8762
834 2309
834 4151
835 3324
835 4149
835 4840
835 6026
836 3007
840 3046
840 3780
840 6477
842 9554
843 1952
843 3737
844 3678
844 5775
844 7745
844 7776
845 2526
846 902
847 4645
847 6087
847 9450
849 1258
849 1994
850 4154
851 7445
851 7607
852 4373
854 1193
854 1380
854 1891
854 2618
854 3712
854 9772
856 4215
857 1187
858 5712
859 1795
859 2104
859 2169
859 2431
859 2651
859 4367
859 5276
859 5539
861 1052
861 1667
861 4809
861 5475
862 2342
862 3991
862 9500
863 4632
863 5851
864 4340
864 4395
864 5177
864 5498
865 3992
865 4846
865 6234
865 6667
865 7074
866 2099
866 2367
866 2819
866 8210
867 1676
867 9246
869 6537
870 6241
871 5473
871 6034
871 6386
871 8448
872 1019
872 1254
872 1316
872 8663
873 3528
873 6626
874 990
874 2812
874 4421
875 2314
875 7107
876 1072
876 2302
876 9422
876 9564
879 1645
879 2132
879 3206
879 3777
880 1057
880 1287
880 1505
880 2434
880 2568
880 2903
881 1056
881 1583
881 2048
881 2849
881 3798
881 9777
883 8386
885 1836
885 4205
885 6618
886 972
886 1464
886 2948
886 5070
887 4607
888 1640
888 3322
890 8671
891 982
891 1053
891 2743
891 3115
891 3152
891 3823
891 4004
891 5063
891 5924
891 8212
891 8215
891 8937
892 1040
892 1222
892 1341
892 2517
892 2684
892 3057
892 5975
892 7079
892 7420
892 8014
892 9314
894 3465
894 3605
894 4236
894 4393
894 5237
894 5795
894 8118
894 9631
896 5578
897 1708
898 1163
898 1699
898 1955
898 7315
899 2977
899 5804
899 9793
901 3794
901 4871
902 3481
903 1522
903 2927
903 3233
903 3595
903 5144
903 6457
903 7905
903 8400
903 8907
903 9418
906 984
906 1879
906 2609
906 3364
906 4594
907 7352
907 8771
908 4179
908 4581
909 1593
912 1022
912 1041
912 2392
912 2535
912 3151
912 4359
912 7460
912 9017
912 9392
913 1136
913 4883
913 5284
913 6054
914 1729
914 1767
914 2074
914 4804
915 3533
915 6317
917 9804
918 3210
920 2550
920 4734
924 1813
924 2503
924 2957
924 3327
924 6867
926 2691
926 5014
927 3203
928 3031
928 7670
930 4452
933 1686
934 986
934 1344
934 1744
934 1950
934 5135
934 5853
934 5985
934 8143
936 4142
938 2155
939 4125
940 1203
940 9889
943 8513
944 1905
944 5021
946 5897
946 6645
946 9384
947 1017
947 1347
947 2142
947 2665
947 4045
947 4047
947 5405
947 5458
947 5660
947 7314
947 8760
947 9671
954 1525
954 2558
954 3027
954 7610
954 8531
954 9054
955 3106
955 4360
955 6679
957 7846
957 8544
958 3756
962 2285
962 4933
963 4060
963 6858
964 970
964 1428
964 3890
964 6399
964 7752
964 8792
964 8929
967 1246
967 6041
967 8187
968 6397
968 8810
969 1634
969 2933
969 3174
969 4521
969 6268
969 8202
969 8869
970 6170
973 3384
974 2416
974 3584
975 2512
975 9498
976 1740
976 2565
976 5886
976 7533
978 2024
978 2801
978 3583
978 4584
978 5239
978 5571
978 7999
978 9161
979 2594
979 2675
979 4748
979 9725
980 1087
980 3418
980 3432
980 9379
981 1049
981 2706
981 2924
981 4819
981 6109
982 2595
982 5067
982 5996
982 6371
982 7351
984 3874
984 5521
984 7929
984 9790
985 1803
986 1991
988 3489
988 6267
989 2685
989 6463
990 4614
990 5631
991 2317
991 3257
991 7812
993 1892
994 1118
994 5185
994 6417
994 6663
994 7754
994 8457
996 1261
996 1397
996 1403
996 1449
996 2942
996 3497
996 3561
996 3837
996 4106
996 4170
996 6879
996 8105
996 8224
997 1483
997 1741
997 6549
997 7013
997 7363
997 8253
997 9841
998 2778
998 3702
998 4388
998 5164
998 5381
998 7381
999 4660
1001 2714
1001 8563
1003 1356
1004 1162
1004 1553
1004 5762
1004 6354
1005 1751
1005 4099
1005 6538
1006 3523
1010 1761
1010 2307
1010 2477
1010 2788
1014 8823
1015 1976
1015 2183
1015 2441
1015 4299
1015 4801
1015 5157
1015 6786
1015 7913
1015 9696
1017 7601
1018 1386
1018 6138
1018 6814
1025 1790
1027 3663
1027 7195
1028 6436
1028 9626
1030 4199
1031 1273
1031 6344
1031 7276
1032 1048
1032 2610
1032 5694
1032 6479
1032 6812
1032 9395
1033 1232
1033 4845
1033 6052
1036 9658
1037 1186
1037 2464
1037 5251
1038 4319
1038 8255
1038 8960
1039 1369
1039 4148
1039 6433
1039 6777
1039 8049
1040 5159
1041 1426
1043 3107
1047 6796
1048 3934
1048 6398
1049 1276
1049 1388
1049 1874
1049 1951
1049 2025
1049 2584
1049 3122
1049 3426
1049 3570
1049 3844
1049 5726
1049 6232
1049 6662
1049 8047
1049 9252
1050 8378
1051 1540
1051 3399
1051 3477
1051 9517
1051 9998
1052 1321
1052 2196
1052 7906
1053 7129
1054 1104
1055 1083
1055 2534
1056 2397
1056 2681
1056 3375
1056 7375
1057 5452
1058 1220
1058 2280
1058 2793
1058 4447
1058 5029
1058 5505
1058 5747
1058 8429
1059 1311
1059 4396
1059 5364
1059 5768
1059 6117
1059 7300
1060 3114
1061 4002
1061 4247
1061 5004
1061 5809
1061 5957
1062 2910
1062 3365
1062 3396
1062 4541
1062 5641
1062 7333
1062 7485
1062 8366
1062 9044
1063 5101
1064 1303
1064 6069
1065 2716
1065 4613
1065 4814
1068 2178
1068 2617
1068 4631
1068 7123
1068 8575
1069 6105
1070 3456
1072 1759
1072 1878
1072 2101
1072 3871
1072 6279
1072 8079
1072 8431
1073 9563
1074 7969
1075 2637
1075 4314
1075 4690
1075 5436
1076 1531
1076 1688
1076 1754
1076 4567
1078 6320
1080 7902
1081 3601
1083 2763
1083 3464
1083 3869
1083 5084
1083 6518
1083 6680
1087 2218
1087 3539
1087 8193
1087 8822
1088 3470
1090 6608
1091 4063
1091 4224
1091 6803
1092 5139
1094 1832
1094 3787
1094 5693
1094 9344
1095 7578
1097 1623
1097 1694
1101 1776
1101 2066
1102 4574
1103 4084
1103 6063
1104 6676
1106 1864
1106 4069
1107 3957
1107 4866
1107 6563
1108 6847
1110 1224
1110 1251
1110 2055
1110 5972
1110 6168
1110 6185
1110 6204
1110 6314
1110 6380
1110 9431
1110 9737
1113 1815
1113 1873
1113 5424
1113 6239
1113 8653
1114 9103
1115 1146
1115 1807
1115 3434
1115 7497
1116 8321
1116 9632
1118 3762
1118 4068
1118 4270
1119 3554
1120 1296
1120 3162
1122 1927
1122 3836
1123 9376
1126 8128
1127 4568
1127 5285
1127 6987
1127 9884
1128 4160
1128 8610
1129 1683
1129 3490
1129 5769
1130 1945
1130 5554
1132 3241
1133 1175
1137 8074
1137 8495
1138 4560
1138 9025
1138 9506
1139 2466
1139 2514
1139 9425
1140 1804
1140 1876
1140 7646
1142 8066
1143 3997
1143 6365
1144 1851
1146 1325
1146 4991
1146 5875
1146 9144
1147 4655
1147 6414
1147 7838
1148 1204
1148 5807
1150 7658
1151 2496
1151 2767
1151 8467
1152 2586
1152 2830
1152 3740
1152 3860
1152 8061
1152 8984
1153 6834
1154 1632
1154 3381
1154 4968
1154 5242
1154 5430
1154 8298
1155 2204
1155 8773
1157 6215
1160 7030
1161 1844
1161 1882
1161 1923
1161 4171
1161 5326
1161 5968
1161 6157
1161 6472
1162 9783
1164 3067
1165 1780
1166 2270
1166 3145
1166 3289
1166 3403
1166 5534
1166 7662
1166 9942
1167 4413
1167 5103
1167 5753
1168 2776
1168 7825
1171 6283
1172 1779
1172 2639
1172 4731
1172 5637
1172 9865
1173 1670
1173 3173
1173 4580
1173 8574
1175 1606
1175 2060
1175 6714
1175 8226
1176 3147
1177 6140
1177 6155
1178 2842
1178 4326
1178 6491
1179 2148
1179 3036
1179 6455
1179 6693
1179 8011
1180 5358
1180 8195
1182 1552
1182 2649
1182 2826
1182 4427
1182 5998
1184 1783
1184 1788
1184 2538
1184 2687
1184 3251
1184 3670
1184 9455
1185 2789
1185 7908
1188 2536
1188 5435
1188 7674
1188 9226
1189 2754
1189 3435
1189 3596
1189 5825
1190 1655
1190 4542
1190 7047
1190 9203
1191 2814
1192 4100
1192 5052
1193 1503
1193 2000
1193 4104
1193 5609
1193 6540
1193 8540
1194 1223
1194 4169
1194 8522
1195 2704
1195 3460
1195 5092
1195 5590
1196 3367
1196 5210
1201 2124
1201 3169
1201 7960
1202 1616
1202 3158
1204 3976
1207 2461
1211 3293
1214 2208
1214 2210
1215 3189
1218 2607
1218 3704
1218 3864
1218 7463
1221 1481
1221 1728
1221 3345
1222 4698
1223 3637
1223 4105
1226 4053
1226 4746
1227 4029
1228 9305
1229 2578
1231 1485
1231 4701
1231 8496
1232 1516
1232 3950
1232 4917
1233 5174
1233 5259
1233 5580
1233 7968
1234 1904
1234 1930
1234 2852
1234 3753
1234 5419
1234 5779
1234 7949
1234 8642
1234 8979
1234 9169
1234 9559
1236 4494
1239 6968
1240 1918
1240 9574
1242 2092
1242 3318
1242 4705
1245 1713
1245 1762
1245 2912
1245 3851
1245 3930
1245 4054
1246 1354
1246 2112
1246 4417
1246 5379
1246 6841
1247 1431
1247 3669
1247 8900
1248 1769
1248 2027
1248 2339
1248 2638
1248 3558
1248 4843
1248 5166
1248 5517
1248 8329
1250 2854
1251 7418
1255 3478
1255 4875
1255 6287
1255 7398
1255 8082
1256 3567
1258 2028
1258 2084
1258 4305
1258 9117
1258 9405
1259 1448
1259 4166
1259 6042
1259 7848
1259 9430
1259 9750
1259 9933
1260 5361
1261 4609
1264 7162
1264 8112
1265 1430
1265 2224
1265 4368
1265 5752
1265 7852
1265 9567
1266 1281
1266 2887
1266 3102
1266 5555
1266 7101
1266 9752
1267 5261
1267 5443
1267 8159
1267 8702
1267 9452
1268 3188
1268 3936
1268 5719
1269 1291
1269 2107
1269 9010
1270 1569
1270 1998
1272 2389
1272 4459
1272 4725
1272 5881
1275 9043
1276 1711
1278 3112
1279 1731
1279 6811
1279 7224
1279 8137
1280 6366
1281 5715
1281 6895
1281 7552
1281 7974
1281 9137
1283 1312
1283 4593
1284 4230
1284 5982
1284 9538
1285 4901
1288 2230
1288 5866
1288 6544
1288 7156
1288 8968
1289 2097
1289 3186
1289 9231
1289 9743
1291 1757
1291 3351
1291 6893
1292 4486
1292 5961
1292 8256
1293 5115
1294 2744
1294 3518
1294 4442
1294 7064
1294 7501
1294 8838
1295 1445
1295 2110
1295 2566
1295 5465
1295 7092
1295 8966
1296 2552
1296 2941
1296 3772
1296 4546
1296 6357
1296 9556
1298 8982
1299 4298
1299 7493
1304 2753
1304 3070
1304 3654
1304 5716
1304 6828
1304 7448
1304 9583
1306 2427
1306 3204
1306 4434
1308 1402
1308 4134
1308 4554
1308 7933
1308 9758
1309 2925
1309 4888
1310 1353
1310 7080
1310 9220
1311 1781
1311 3372
1312 4539
1314 8724
1315 4815
1315 6174
1316 5296
1317 2576
1317 3891
1317 4018
1317 5490
1317 6809
1317 7434
1317 9582
1318 1665
1318 5143
1318 7219
1318 7623
1318 7693
1319 2271
1320 1474
1320 3989
1320 5524
1321 5423
1322 5530
1323 7843
1324 5560
1325 4208
1325 4212
1326 3449
1326 5147
1328 2554
1328 6926
1328 9984
1329 1451
1329 1717
1329 2509
1329 2847
1329 5170
1330 7442
1330 7554
1330 8441
1331 1604
1331 2091
1331 2990
1331 3346
1331 4083
1331 4988
1332 1768
1333 5421
1334 6721
1334 9046
1334 9667
1336 6259
1339 2492
1340 9866
1341 6960
1344 4082
1344 9829
1347 3295
1347 6156
1348 7350
1349 3713
1350 4363
1350 6445
1350 9015
1351 2207
1352 1946
1352 1995
1352 2009
1352 3941
1352 4913
1352 5761
1352 6462
1353 5019
1353 8331
1354 1546
1354 5168
1354 9404
1354 9473
1357 1581
1357 1868
1357 2070
1357 4266
1357 5556
1357 6094
1357 7400
1357 7520
1357 9898
1358 3390
1358 3848
1362 2715
1362 3081
1362 7071
1364 2580
1364 7711
1364 8436
1365 1841
1365 2366
1365 3252
1366 1419
1366 4119
1366 9466
1368 3140
1368 5074
1368 6338
1368 7925
1369 2766
1369 3366
1370 6266
1370 7130
1372 2818
1373 3621
1374 6710
1375 8319
1378 2149
1378 9700
1381 4424
1382 4566
1383 1395
1383 4984
1383 7227
1383 7845
1383 8526
1384 1639
1384 1770
1384 5203
1384 7970
1385 1897
1385 3393
1385 7325
1385 7489
1385 9871
1387 2312
1390 1648
1390 3832
1391 9050
1393 4797
1394 9381
1395 1479
1395 9277
1399 1533
1401 1704
1401 2823
1401 6137
1401 6921
1401 9572
1402 2072
1402 3104
1404 1643
1404 4951
1404 5845
1405 1782
1405 1907
1405 3629
1405 4207
1405 5238
1405 5457
1406 5750
1406 7507
1407 2971
1407 4350
1407 4403
1407 8538
1410 1705
1410 2931
1412 6526
1412 8316
1413 2123
1413 2500
1413 3507
1413 4635
1413 7477
1414 2629
1414 3142
1414 7213
1415 1628
1415 2398
1416 3969
1416 4733
1416 7232
1416 8032
1418 3191
1422 3876
1422 9682
1424 2182
1427 1557
1427 2290
1427 7113
1427 7449
1430 1867
1430 4665
1430 4677
1431 3309
1431 8842
1432 1812
1432 1940
1432 2357
1432 2383
1432 2953
1432 3001
1432 3383
1432 3436
1432 3729
1432 5540
1432 5583
1432 9780
1433 2562
1433 8978
1434 6347
1435 2599
1436 9369
1437 1558
1437 1582
1437 3483
1437 6686
1439 1475
1439 1970
1439 2661
1439 7357
1439 8802
1440 5040
1440 8708
1441 1455
1441 1674
1441 6316
1442 1605
1442 2406
1442 7499
1443 2031
1443 3807
1443 5311
1443 5599
1444 6407
1447 5310
1447 7814
1448 1513
1448 4507
1448 5349
1450 2633
1450 7320
1450 8761
1451 3175
1451 5576
1451 7800
1451 8938
1452 1739
1456 1594
1456 4042
1456 9934
1459 3877
1460 2539
1460 3623
1461 3353
1461 7864
1462 1787
1462 5801
1462 8463
1463 1921
1464 2145
1464 2440
1464 4695
1464 5767
1464 8104
1464 8560
1465 2012
1465 5794
1466 3243
1466 3284
1466 4325
1466 7377
1466 7438
1466 8156
1466 8530
1467 5088
1467 5822
1467 5908
1467 8177
1467 8782
1468 3838
1468 5180
1468 6237
1470 1613
1470 2327
1470 5401
1470 6545
1470 7481
1471 6749
1475 1537
1476 1885
1476 3419
1476 9602
1478 1863
1478 3949
1478 4649
1478 6225
1478 8310
1479 2404
1481 3754
1482 1675
1482 2160
1482 3692
1482 5508
1482 8119
1482 9175
1483 5383
1483 9917
1484 6984
1484 7367
1485 3009
1485 3779
1486 4740
1487 1511
1487 7072
1487 8488
1487 9062
1488 3835
1488 6409
1492 2838
1494 5372
1496 2944
1496 3978
1496 6611
1497 6807
1498 5262
1498 9990
1502 1585
1502 2497
1502 2839
1502 3339
1502 3422
1502 5513
1503 5939
1503 7358
1504 2592
1504 4640
1504 8419
1504 9513
1505 4401
1505 4475
1505 7777
1505 9708
1506 1818
1506 5702
1507 5668
1507 6892
1508 2326
1508 8536
1511 4810
1511 8443
1512 1542
1512 4501
1512 7453
1514 4435
1515 1520
1515 2757
1515 4012
1515 4696
1515 5404
1517 8817
1519 1906
1519 5625
1523 3274
1523 4889
1524 4971
1524 6771
1527 2732
1527 5264
1528 3758
1528 6212
1528 9763
1530 6471
1531 6221
1531 6522
1531 6654
1532 5755
1535 9235
1536 1712
1538 3953
1538 5671
1541 2037
1541 3194
1541 4860
1543 2403
1544 1735
1544 4087
1544 4776
1544 5114
1544 5797
1544 6918
1544 8155
1549 7685
1549 9600
1552 1875
1552 7040
1553 9558
1554 1622
1554 3397
1554 7985
1555 4813
1556 5280
1561 2981
1562 7907
1564 1973
1567 2708
1567 3214
1567 6250
1567 7744
1568 1924
1569 4651
1569 9216
1570 1978
1570 6551
1570 9834
1573 7537
1575 1925
1575 2582
1575 3839
1575 4093
1575 9773
1576 3021
1576 4352
1576 5545
1576 6403
1577 8307
1579 4028
1579 5339
1579 6497
1579 6524
1583 3220
1583 3374
1583 4672
1587 4818
1587 5408
1587 5806
1589 2029
1589 2822
1589 6325
1589 9858
1591 2802
1592 5025
1593 2238
1594 6630
1594 9039
1604 4831
1606 2602
1606 3981
1606 4916
1606 5271
1606 8846
1607 2089
1607 2420
1607 3105
1607 6458
1607 9237
1609 1858
1611 2432
1611 4017
1611 5960
1612 5711
1613 5214
1613 6727
1613 6887
1614 5992
1616 3524
1616 6145
1616 7181
1616 8396
1616 9457
1616 9673
1617 7084
1620 2141
1623 6711
1625 2983
1625 3800
1625 9253
1628 4037
1628 4597
1628 7897
1628 9092
1630 2078
1630 3617
1630 4058
1632 6999
1633 9854
1638 1702
1640 5824
1641 2080
1641 2175
1641 3265
1641 7822
1642 6229
1643 1778
1643 1931
1643 2611
1643 2787
1643 3447
1643 4852
1643 7508
1643 7787
1643 8985
1646 1842
1646 3501
1646 6413
1646 7330
1646 9183
1649 6738
1650 6969
1652 6146
1652 6606
1653 2470
1653 3984
1653 8755
1655 6493
1656 1855
1656 2190
1656 2335
1656 8839
1657 2010
1657 2764
1658 7840
1660 4741
1660 5082
1660 5287
1666 7178
1667 8479
1669 2546
1669 5265
1670 3071
1670 5353
1673 6068
1674 1724
1675 2030
1675 7252
1678 1806
1678 2543
1678 2624
1678 3607
1678 6023
1679 1721
1679 4276
1679 7565
1682 5705
1684 3548
1684 9986
1685 4679
1685 8067
1686 2056
1686 2331
1686 3521
1686 3724
1686 4898
1686 9672
1687 3764
1688 5995
1689 6187
1689 9244
1690 5045
1693 8970
1698 3880
1699 4973
1700 5872
1703 6302
1703 6731
1706 5193
1706 6112
1706 9060
1708 1887
1708 5428
1708 9075
1709 2507
1709 3511
1709 5701
1709 6173
1710 2076
1710 5494
1711 5863
1711 9115
1711 9928
1713 5047
1714 1853
1714 2722
1714 3118
1714 9738
1715 3655
1715 6245
1716 2588
1716 4464
1717 7307
1718 2967
1718 3546
1718 3964
1718 5124
1719 4961
1719 5220
1719 5292
1719 5313
1719 7253
1720 2202
1720 4666
1720 9471
1721 3156
1723 5105
1723 5392
1724 5582
1728 2834
1729 2274
1729 2963
1729 3329
1729 4480
1729 4538
1729 4591
1729 6628
1729 6975
1729 8035
1729 8093
1730 2222
1730 5331
1730 8784
1731 2355
1731 5183
1731 6122
1731 6291
1734 4856
1734 6364
1737 3052
1738 6490
1738 8633
1739 2890
1739 3484
1739 8532
1741 4310
1743 4052
1743 5874
1745 5949
1746 3280
1749 3620
1750 1942
1750 2120
1750 5445
1750 6934
1752 2608
1752 5470
1755 2369
1755 5024
1755 6361
1755 7619
1756 9084
1758 5967
1759 1896
1759 9845
1760 2188
1760 4569
1761 1838
1761 7926
1761 8503
1763 9294
1766 2229
1766 2471
1766 4877
1766 8229
1768 2239
1768 2289
1768 3088
1768 4267
1768 7356
1772 2379
1772 9230
1776 3736
1777 5932
1777 9082
1779 2481
1781 4855
1785 2268
1785 3487
1785 4551
1785 5123
1785 5420
1785 8323
1785 9573
1789 5942
1791 3763
1791 6698
1796 2873
1796 4139
1796 5697
1796 7293
1796 7877
1798 3133
1798 7725
1801 8847
1802 7298
1802 8356
1803 3356
1804 8024
1804 8435
1806 3960
1808 2850
1808 3644
1808 6675
1808 8615
1810 6668
1810 7651
1810 8554
1812 4181
1813 4805
1813 7083
1813 7626
1814 5739
1814 9625
1816 3382
1816 3526
1816 3697
1816 3834
1816 4318
1816 4491
1816 4608
1816 8025
1816 8036
1816 8763
1816 9824
1817 6231
1821 2487
1822 2438
1822 4016
1823 3120
1823 5629
1823 7346
1823 8098
1824 4248
1827 2752
1827 8617
1827 8688
1828 8681
1829 7696
1832 2555
1833 2773
1833 6271
1833 8799
1834 2088
1835 2746
1835 4892
1836 2656
1836 4121
1837 7202
1837 7547
1838 2345
1839 6594
1840 7935
1847 5911
1848 4402
1850 3632
1850 5548
1850 9042
1851 5440
1851 7317
1851 8109
1851 9487
1854 3433
1855 2167
1855 3581
1855 5341
1855 7114
1859 9490
1860 3068
1860 6640
1860 8039
1861 3826
1861 4389
1861 5622
1861 8751
1862 2895
1862 3240
1862 3412
1862 3719
1865 5624
1866 6830
1867 7295
1868 2234
1868 9349
1869 3948
1871 2683
1873 4668
1874 7613
1874 8085
1876 2615
1876 2663
1876 2797
1876 4496
1876 6560
1876 7120
1878 2540
1879 2625
1879 2995
1879 3921
1879 4963
1879 5586
1879 6128
1879 9179
1881 4524
1883 2228
1883 7954
1884 5661
1884 6765
1884 6966
1886 7277
1886 8957
1888 4610
1888 7124
1890 2223
1894 3585
1894 5202
1896 2044
1896 5244
1896 5657
1896 6703
1896 7644
1897 5469
1897 9963
1898 5836
1900 6723
1901 2215
1901 9263
1903 6767
1904 3939
1904 8173
1905 3313
1905 4429
1905 9417
1907 2041
1907 4791
1907 9579
1907 9719
1907 9996
1908 8244
1908 9527
1908 9654
1909 2115
1914 3781
1914 6421
1914 8695
1915 4191
1915 7048
1918 7020
1918 9873
1921 2877
1921 7145
1921 9950
1923 3417
1923 4189
1923 4200
1923 8029
1924 3246
1928 4116
1929 4233
1930 9822
1933 2415
1933 9916
1934 2252
1934 2284
1934 2636
1935 2533
1935 2795
1935 4025
1935 8360
1937 6351
1939 3357
1939 6390
1939 7151
1939 8065
1940 1975
1940 2542
1940 3317
1940 8757
1940 8897
1940 9776
1946 6532
1949 2465
1949 5536
1949 6384
1949 9809
1950 4306
1950 7374
1954 6352
1958 4692
1959 3377
1960 2260
1962 2156
1962 2199
1962 3080
1962 3090
1962 3199
1964 2159
1964 8370
1965 3349
1965 6113
1966 4644
1967 2150
1969 3551
1969 4526
1971 3338
1971 4101
1971 4633
1971 5410
1971 6388
1971 6708
1971 6860
1971 6970
1973 3292
1973 6832
1977 2075
1978 2601
1978 3985
1978 4234
1978 5337
1978 5485
1978 5587
1978 5891
1979 3771
1979 6760
1980 5254
1980 8991
1984 3287
1984 3691
1985 2385
1985 2436
1985 7191
1985 7289
1986 4688
1986 4959
1986 7710
1987 2371
1989 5952
1990 8015
1991 4766
1991 5882
1991 6717
1991 7045
1991 7484
1991 8312
1991 9927
1992 6189
1993 3319
1993 5764
1993 8735
1994 2384
1994 5397
1994 7883
1996 8537
2001 2449
2001 6091
2002 9711
2003 8227
2004 6158
2004 8432
2005 2253
2005 4646
2005 5171
2005 5272
2005 7452
2005 8925
2005 9514
2006 4158
2006 7240
2006 8614
2010 8803
2011 2077
2011 2724
2011 2867
2011 3453
2011 5026
2011 5303
2011 6169
2011 8909
2012 3944
2014 6899
2014 7244
2015 2945
2016 2652
2016 3277
2016 3734
2016 3929
2016 6307
2020 2894
2020 3312
2020 5335
2022 2906
2022 4257
2022 8729
2023 2408
2023 3966
2023 7017
2023 7246
2024 4327
2026 2243
2026 2783
2028 2671
2029 7003
2030 2765
2030 8064
2031 4533
2032 2306
2032 3370
2032 4793
2032 6047
2032 6327
2032 8492
2032 9468
2032 9677
2032 9930
2033 2258
2034 9134
2034 9283
2036 2324
2036 4127
2043 6303
2045 5120
2045 7502
2046 5149
2046 8854
2046 9802
2047 3160
2048 5969
2049 2154
2052 4440
2054 7553
2056 3786
2056 4802
2056 5077
2060 2343
2060 3116
2060 3350
2060 5255
2060 5642
2060 6149
2060 7440
2062 4923
2062 6890
2062 9028
2063 5055
2063 6942
2064 2791
2064 5298
2064 5315
2064 7182
2064 9276
2064 9443
2065 3054
2065 5923
2065 6573
2067 3425
2067 5056
2067 5745
2067 5958
2067 6963
2067 8218
2067 9013
2068 8070
2069 3061
2069 5233
2069 6107
2069 7387
2070 3098
2070 5184
2071 3622
2072 2520
2072 3201
2072 3334
2072 8410
2073 2241
2073 3285
2073 4652
2073 5639
2074 2096
2074 2216
2074 3747
2074 4034
2074 6687
2074 7410
2074 8497
2075 2660
2075 3408
2075 4619
2075 8314
2075 8406
2075 9118
2075 9442
2076 8901
2078 3094
2078 3428
2078 8791
2079 2453
2079 7717
2079 7943
2080 6446
2080 9735
2081 4156
2082 4862
2083 2768
2083 5974
2084 3689
2087 4970
2087 7656
2091 4836
2091 5403
2092 3300
2093 2736
2096 2419
2099 2644
2099 8588
2099 9462
2100 3385
2101 3525
2101 4800
2102 5005
2102 5208
2102 6953
2104 4535
2105 8223
2106 2448
2106 2482
2106 5626
2106 5686
2106 6993
2107 2572
2107 5903
2109 5820
2109 8870
2109 8885
2110 4180
2112 3124
2113 5002
2115 2352
2115 3686
2117 2799
2121 5695
2125 2428
2125 2961
2125 4908
2125 5575
2125 5724
2125 8160
2125 8722
2125 9624
2125 9999
2126 3411
2127 3006
2127 3015
2127 3613
2127 6124
2127 7055
2131 5051
2131 6908
2131 7305
2132 2206
2132 3032
2133 4194
2133 8430
2136 2462
2136 2836
2136 3541
2137 4129
2137 5620
2140 8580
2143 7029
2144 3873
2144 8873
2146 3649
2146 5057
2147 2688
2147 3502
2147 5667
2147 7589
2149 2276
2149 8053
2149 8890
2149 9681
2149 9979
2151 7826
2151 9427
2153 4073
2153 5766
2156 3901
2157 3180
2157 9812
2157 9967
2158 9895
2161 2598
2163 5901
2164 3652
2164 8199
2165 2614
2165 2939
2165 3504
2165 4312
2165 5399
2165 7134
2165 9962
2166 2859
2166 5476
2166 7768
2170 9694
2172 2900
2172 3845
2172 6188
2172 8259
2172 9851
2176 8534
2176 8853
2177 4719
2181 8130
2182 7496
2186 7505
2188 5664
2189 3348
2190 4483
2190 5977
2192 6372
2194 2373
2194 9775
2195 3195
2195 4865
2195 6131
2197 4781
2197 5860
2198 3379
2198 3994
2198 8609
2198 9860
2200 4579
2200 6561
2200 8656
2201 4110
2204 4126
2206 8924
2210 4364
2210 7368
2210 9661
2212 3208
2212 9995
2213 5354
2213 5384
2215 6758
2215 7916
2218 6385
2220 5613
2223 2340
2223 2899
2223 5690
2225 3824
2225 6470
2226 4784
2226 5327
2226 6778
2228 6045
2230 9949
2232 5652
2232 6701
2234 4075
2234 5598
2234 6931
2234 7446
2234 7872
2239 3044
2239 4792
2242 5128
2243 6508
2244 2414
2244 3699
2244 9823
2245 5329
2246 4078
2255 6825
2256 7491
2259 6071
2263 5698
2264 2356
2264 4081
2265 4463
2266 5205
2266 5286
2268 7503
2270 2786
2270 8658
2274 2653
2274 4604
2274 4661
2276 3135
2276 5653
2277 2422
2277 9375
2278 4187
2281 3859
2282 2710
2282 3474
2282 4986
2282 8019
2283 3591
2283 7221
2285 2949
2288 3245
2288 9329
2289 3271
2291 7125
2293 2693
2293 9492
2295 7023
2295 8363
2296 4416
2297 9670
2297 9788
2303 4629
2303 7127
2303 8420
2305 7019
2306 2846
2306 3368
2306 5241
2306 6334
2308 2560
2308 3108
2308 7470
2309 6367
2310 9259
2310 9378
2311 3040
2311 3550
2311 7105
2313 3797
2313 7638
2317 7058
2318 2455
2318 6719
2319 3657
2320 8973
2321 9360
2322 3940
2322 8691
2322 9121
2323 5232
2323 7212
2325 4444
2325 4555
2325 5710
2326 6569
2330 5034
2330 9472
2331 3459
2331 3959
2334 9710
2336 6677
2336 7952
2338 2701
2338 4902
2338 6000
2338 6891
2341 5805
2341 7672
2342 3987
2345 2923
2347 9435
2348 5290
2348 5651
2349 3407
2349 5568
2349 6452
2350 8469
2352 3155
2354 3303
2354 4274
2354 6359
2355 8446
2356 3522
2356 6902
2357 4756
2357 8246
2358 7912
2361 5248
2362 2749
2362 3468
2363 2630
2363 3326
2363 5963
2363 7044
2365 2409
2365 3926
2365 4159
2365 4770
2365 5541
2365 9414
2366 3572
2368 3717
2368 4355
2368 4618
2369 3182
2369 3440
2369 7724
2369 9799
2371 6780
2371 7699
2371 9523
2371 9904
2372 7609
2377 9234
2377 9760
2380 4799
2380 8083
2382 3354
2382 8269
2383 5905
2385 9164
2386 8346
2387 3172
2387 4821
2390 3026
2390 3499
2390 7782
2390 9083
2390 9265
2390 9456
2391 4323
2391 5815
2392 6566
2394 5127
2396 8498
2397 4316
2398 6528
2400 2796
2400 4253
2403 2982
2403 5950
2404 8233
2406 3616
2406 5743
2406 5920
2407 2522
2407 4861
2407 7522
2407 8023
2408 2571
2410 9791
2413 2748
2413 2858
2414 2845
2414 3076
2414 6425
2415 3993
2415 8415
2417 2958
2417 3264
2417 3792
2417 5868
2417 8889
2418 2978
2418 3389
2418 4214
2418 6690
2418 8766
2418 9312
2420 6827
2423 2626
2423 3302
2427 3171
2427 7842
2427 8383
2430 3442
2432 2713
2432 3741
2432 5320
2435 3555
2436 5677
2437 4989
2438 4937
2440 3328
2440 3821
2442 3458
2442 5068
2442 8384
2444 2483
2444 2541
2444 4122
2444 6014
2444 6761
2444 8313
2444 8364
2444 9245
2446 5275
2446 6322
2447 5728
2447 7920
2448 3139
2448 9269
2450 6099
2452 3129
2453 6444
2453 9593
2454 9302
2456 2711
2456 8092
2458 5638
2458 5826
2459 5689
2459 6002
2459 9988
2460 8373
2462 9293
2463 9208
2463 9261
2467 3299
2468 4400
2468 4530
2468 9371
2470 8284
2472 4920
2474 3493
2476 7765
2478 4616
2478 7793
2480 4320
2481 2951
2481 6456
2482 5228
2483 4699
2483 6375
2484 5073
2484 5300
2485 8010
2487 3441
2488 3700
2488 7462
2488 9939
2490 4415
2493 3894
2494 3917
2494 5097
2494 6557
2494 8863
2497 3183
2497 9173
2498 3153
2499 7854
2499 9690
2500 4606
2501 7412
2501 9701
2502 4428
2502 7036
2502 9660
2503 4743
2504 8318
2504 9912
2505 3765
2507 9537
2508 6568
2510 5544
2510 6615
2510 7474
2511 9867
2513 4857
2513 6941
2513 7379
2513 8541
2516 3429
2516 3665
2516 4062
2516 5079
2516 8043
2516 8228
2517 3720
2518 4451
2518 8951
2518 9105
2519 8158
2524 7942
2528 7153
2530 4172
2530 9739
2531 7424
2539 3250
2539 3549
2539 3965
2539 5427
2539 6025
2539 7620
2541 4673
2546 7070
2548 4130
2548 4338
2552 2650
2553 9380
2554 2591
2554 5305
2554 7739
2554 8868
2555 5965
2555 8272
2556 6053
2557 6922
2557 8737
2558 3308
2558 4467
2559 3176
2561 5987
2562 5959
2562 6735
2565 8753
2565 8825
2565 9292
2567 7135
2567 7629
2568 2774
2568 8872
2569 7393
2570 5256
2573 3234
2573 8290
2574 2878
2574 3010
2574 4115
2574 5615
2574 6258
2574 7810
2574 9052
2576 4479
2576 4943
2578 5229
2579 2654
2579 2827
2579 3128
2581 2871
2581 3039
2582 4764
2584 4859
2586 4592
2586 5857
2594 6747
2595 2901
2596 7392
2596 8601
2597 5027
2598 4727
2602 6030
2602 6312
2602 8895
2605 3236
2607 3878
2610 6356
2611 6461
2613 8250
2615 3268
2616 3774
2618 9881
2619 3739
2620 3769
2622 6031
2623 4178
2623 4936
2623 9757
2624 3682
2625 3746
2626 5374
2627 8772
2627 9350
2627 9937
2628 3248
2629 3696
2629 5043
2629 5751
2629 6243
2629 8529
2629 9056
2629 9913
2630 2769
2631 3586
2639 6548
2640 4021
2641 8464
2642 4092
2642 9561
2643 3165
2649 7886
2654 8115
2655 3480
2655 6614
2655 9132
2656 3084
2656 6924
2657 5865
2657 8125
2657 9440
2658 4281
2660 7419
2661 3872
2661 8473
2661 9771
2666 2898
2666 5876
2666 9068
2666 9313
2666 9516
2667 5634
2668 4206
2673 3297
2674 6637
2676 2853
2676 3495
2676 3847
2676 7008
2676 7247
2676 7524
2677 4928
2677 6903
2679 7748
2680 3131
2680 9715
2681 4041
2682 8416
2684 7002
2685 3439
2688 4098
2688 9322
2689 5816
2690 8374
2695 3789
2695 6264
2695 8933
2696 6974
2697 3136
2697 3164
2697 4245
2697 4504
2697 4782
2697 4935
2697 6036
2697 8539
2697 9745
2699 3314
2699 4870
2699 7703
2699 8380
2703 3703
2703 6973
2704 4072
2704 5646
2707 6756
2710 4736
2710 5570
2712 3154
2714 8004
2715 5065
2716 6648
2716 8692
2717 4278
2717 7054
2719 6248
2719 8394
2721 2991
2722 7425
2723 5589
2727 4349
2727 7082
2728 4168
2728 5129
2728 7291
2728 8936
2729 4964
2730 3424
2730 4190
2730 5740
2730 7756
2730 7989
2732 7283
2733 5917
2733 8880
2736 3804
2743 3298
2743 3979
2743 5343
2743 7639
2743 7831
2743 9488
2743 9911
2745 8774
2746 2824
2747 6488
2748 2914
2748 3975
2749 4470
2749 8149
2750 3512
2750 4059
2750 6850
2758 2808
2758 4147
2758 4537
2759 2994
2759 3714
2761 3099
2761 4009
2761 4290
2761 4295
2761 4411
2764 4497
2765 6500
2765 6971
2766 4390
2766 9035
2766 9721
2767 5955
2769 4515
2769 5509
2769 7977
2769 8150
2770 8236
2776 5356
2776 5422
2777 2840
2782 3069
2782 6227
2783 3260
2783 3708
2783 4638
2784 8208
2787 3543
2787 4839
2788 5437
2788 6079
2788 8086
2794 8434
2799 7396
2800 8683
2802 3431
2802 3885
2804 3943
2804 6601
2805 5112
2806 4406
2806 7384
2807 5492
2807 6951
2810 7439
2811 3437
2811 4264
2811 7165
2811 8786
2811 9703
2812 8063
2813 4094
2816 3788
2820 2909
2820 7139
2820 8809
2820 8932
2820 9159
2821 6666
2822 5204
2823 5308
2826 5633
2826 6915
2828 7652
2828 9617
2829 3017
2831 3500
2832 4007
2832 7595
2833 6346
2833 9363
2834 4188
2834 4523
2835 7816
2842 4080
2842 5336
2844 6064
2845 7955
2846 5591
2846 8242
2846 8780
2847 8502
2850 4225
2850 4724
2850 8238
2851 4907
2851 5089
2852 6115
2854 8994
2855 2988
2855 3448
2855 9709
2856 2992
2856 6683
2857 8930
2858 3952
2858 4674
2859 8243
2862 3627
2862 9553
2864 5314
2865 2956
2865 3033
2865 3072
2867 6752
2868 8564
2874 6753
2875 5215
2875 7817
2875 9478
2876 6300
2878 5178
2878 6661
2879 3149
2879 3661
2879 5933
2879 7560
2880 2938
2881 3445
2881 4329
2881 7210
2882 4718
2883 3757
2884 9862
2887 7746
2887 9158
2888 6514
2890 6535
2891 9769
2898 3963
2901 6416
2902 9141
2904 5861
2904 9853
2905 7986
2910 6319
2911 5110
2911 5355
2911 6392
2911 8567
2914 3376
2915 7069
2917 7836
2918 3861
2918 4903
2918 6938
2918 9267
2919 5362
2919 6819
2920 8640
2921 3565
2921 6358
2923 4938
2923 8225
2924 6530
2924 7457
2925 5017
2925 8915
2928 6402
2929 3294
2929 9642
2930 3178
2930 4351
2932 4838
2933 6153
2933 8351
2935 3340
2935 5675
2935 6571
2938 6110
2938 6135
2938 8408
2939 3275
2939 6306
2941 4457
2941 4758
2948 8182
2953 4994
2954 6276
2955 9368
2958 8188
2959 5274
2959 7146
2959 8000
2960 4085
2960 8249
2961 3150
2961 3801
2965 3073
2965 3121
2965 3333
2965 7648
2965 9088
2965 9636
2967 5561
2967 8263
2967 8327
2967 8816
2967 9365
2967 9372
2971 4798
2971 7587
2972 3905
2972 4556
2973 3224
2973 3461
2973 5888
2973 6393
2973 7404
2974 3337
2974 4780
2974 5348
2980 5230
2981 3416
2981 3636
2984 3810
2986 8213
2992 3462
2992 5781
2993 3977
2998 5136
2999 9351
3009 3486
3009 7995
3009 8679
3010 4763
3010 6363
3013 5173
3013 5416
3013 7159
3014 5984
3018 7666
3021 4830
3021 7467
3021 8652
3021 9326
3023 3362
3023 7914
3027 5916
3029 5522
3030 6404
3031 6190
3031 9051
3035 3051
3035 4183
3035 7348
3035 8088
3035 8480
3040 3515
3043 3790
3043 4279
3043 9827
3044 5504
3050 6265
3051 6442
3051 8254
3053 5046
3053 8152
3054 4454
3054 4512
3054 4967
3054 6253
3054 6901
3054 9815
3059 6746
3061 5344
3062 4023
3064 6836
3064 8449
3066 5799
3068 7028
3071 3534
3072 7980
3074 4307
3074 6813
3076 7901
3077 7940
3077 9217
3080 3144
3080 3803
3080 3954
3080 6097
3080 9489
3083 6441
3086 5898
3090 4774
3090 6431
3090 9762
3090 9774
3091 7668
3097 4108
3099 3267
3099 3664
3101 3916
3110 8354
3111 5913
3111 6580
3111 9652
3115 3469
3115 8631
3116 4414
3120 8785
3122 6073
3122 7303
3123 4049
3123 4076
3123 5161
3123 8928
3124 3785
3124 4051
3128 8009
3129 5754
3129 8133
3135 3879
3135 5770
3136 7147
3138 5909
3138 7421
3139 8411
3140 4399
3140 5927
3140 8800
3140 8993
3141 3604
3143 4492
3143 7841
3149 8442
3149 8474
3150 7220
3150 8715
3152 3566
3152 4003
3152 4550
3156 5562
3158 4343
3158 4511
3160 5001
3162 8734
3162 8923
3163 5151
3163 6729
3163 8776
3163 9348
3165 3626
3165 5325
3165 7131
3165 8830
3168 6141
3170 9239
3170 9756
3171 4564
3171 7592
3172 6335
3173 3828
3173 7359
3175 7302
3176 4896
3176 7369
3178 7794
3178 8852
3178 9493
3180 5061
3180 7090
3180 8282
3181 4482
3184 5595
3185 4765
3186 4218
3188 7321
3190 9616
3193 8174
3199 3492
3201 4755
3202 5487
3204 8689
3207 7469
3209 3564
3209 4826
3212 4032
3212 8189
3212 8235
3212 8494
3214 9355
3216 3569
3216 5008
3220 6483
3221 8527
3223 7428
3225 7417
3226 3532
3226 7682
3227 3932
3230 6449
3235 4449
3235 8401
3236 7150
3240 9101
3242 6632
3244 8175
3248 4123
3248 6150
3249 7102
3252 8325
3259 8382
3260 6851
3262 7354
3264 3579
3266 7231
3270 9441
3271 3680
3271 5656
3271 6032
3271 7275
3280 6852
3280 8190
3280 8275
3280 9645
3280 9931
3285 7066
3285 9019
3288 8461
3289 3496
3289 4022
3290 5462
3293 6925
3295 3325
3295 6183
3295 9459
3296 9250
3298 3421
3298 4941
3298 5738
3298 5756
3300 6759
3300 6988
3300 7720
3300 8934
3301 7199
3301 9108
3303 7444
3304 4303
3304 7934
3305 4664
3305 7729
3305 8231
3306 9894
3307 8268
3308 4850
3309 9212
3311 5964
3313 3817
3315 7775
3317 6933
3318 9638
3323 8972
3325 5636
3328 6696
3335 5293
3335 5484
3336 8632
3337 6697
3338 3648
3338 4378
3341 7031
3342 7723
3343 8565
3344 9676
3344 9768
3344 9940
3346 3887
3346 4588
3347 3506
3347 3647
3347 4192
3347 6898
3350 4332
3352 3998
3352 4534
3358 7193
3362 3726
3362 4380
3367 6741
3372 3833
3372 4485
3373 8293
3373 9353
3376 8304
3377 4439
3380 8270
3381 3911
3381 6779
3381 9479
3383 3910
3383 4506
3383 7184
3384 6065
3385 4341
3385 5451
3385 5537
3385 7273
3387 9181
3388 8636
3389 5263
3389 6658
3389 7197
3396 7708
3396 9557
3397 5393
3398 4754
3399 3498
3399 4011
3399 4691
3399 5377
3399 5912
3399 6467
3399 9566
3400 3530
3400 4070
3400 7096
3400 8582
3400 9448
3402 5914
3402 8336
3402 9770
3404 8347
3411 3694
3411 4513
3411 4576
3411 5033
3411 6410
3411 8001
3411 8427
3411 9637
3413 5346
3418 9211
3419 8833
3428 4229
3428 6123
3428 7093
3428 7473
3428 7773
3431 7832
3439 7527
3440 3935
3440 5048
3441 5495
3443 4680
3443 8777
3443 9285
3445 5446
3445 7336
3446 5357
3446 6590
3446 8891
3447 6130
3448 5666
3448 9926
3450 5020
3450 6673
3456 9451
3457 3614
3457 3924
3457 4582
3457 5176
3457 5951
3457 6191
3457 7763
3458 7707
3464 5765
3464 6139
3464 9057
3467 6529
3471 5681
3471 6543
3471 8813
3471 9675
3484 6797
3485 5090
3485 6905
3486 7158
3487 6587
3494 7918
3498 3840
3498 9022
3499 6996
3499 7316
3501 8969
3503 6435
3503 9902
3505 3766
3505 5058
3507 6725
3510 3830
3511 8198
3512 7874
3513 4979
3513 8744
3513 9086
3514 4586
3514 7663
3515 4835
3517 4595
3517 5134
3518 6492
3522 3635
3523 3827
3523 7264
3523 7355
3523 8814
3523 9165
3523 9832
3524 4216
3524 7558
3529 8451
3535 6798
3535 8778
3537 8057
3542 9214
3543 7517
3543 8135
3544 5941
3547 5601
3547 6432
3549 8728
3553 6429
3554 9761
3555 4055
3555 6854
3556 8690
3557 4947
3559 8482
3559 8528
3559 9300
3563 9029
3564 7282
3564 9034
3564 9549
3568 7718
3568 8414
3569 3815
3569 4262
3569 7272
3570 6553
3573 5240
3573 5584
3573 6374
3573 6426
3574 4213
3574 9009
3577 3775
3577 8424
3578 5106
3583 4107
3583 6709
3583 8630
3585 9545
3586 5246
3590 3733
3590 4895
3590 5075
3590 5449
3590 5829
3590 6937
3590 7529
3590 7677
3590 8288
3593 4370
3593 5378
3593 9356
3594 9343
3596 7279
3598 4331
3598 5245
3601 4128
3602 3982
3602 8520
3609 4904
3609 9319
3612 4982
3612 7583
3613 4999
3613 9176
3614 3738
3614 4773
3614 4878
3614 5095
3614 5167
3614 6946
3614 7196
3614 9301
3615 9248
3617 4912
3617 8283
3617 8519
3618 7991
3620 5918
3621 5727
3624 5871
3624 8110
3627 5267
3628 4549
3628 4828
3635 5672
3638 4146
3638 6415
3640 4944
3640 9147
3641 9195
3646 5531
3648 5474
3648 5847
3648 5921
3650 8239
3652 7870
3653 4832
3653 5682
3653 8840
3654 5190
3654 6177
3654 6420
3654 6625
3655 6853
3655 8808
3656 9691
3659 6531
3663 4275
3663 6572
3663 7249
3663 7263
3666 9946
3667 7480
3667 9296
3667 9896
3671 7625
3672 7967
3675 4980
3677 3716
3678 6093
3679 5635
3680 8339
3684 9550
3690 4760
3691 4138
3692 4777
3692 5350
3692 6596
3693 7737
3697 6930
3699 9048
3700 7186
3703 5906
3703 6599
3703 7254
3703 8076
3703 8514
3703 9536
3705 3857
3705 6083
3709 4328
3710 4489
3710 7761
3710 8596
3710 8867
3711 5944
3712 6448
3713 3928
3713 3937
3713 5216
3713 5471
3713 5612
3713 7647
3714 5141
3719 6800
3719 7689
3723 7270
3724 4256
3727 3731
3731 9848
3750 6181
3755 9856
3758 4872
3758 8651
3764 5577
3767 4834
3767 9438
3768 8251
3770 4362
3770 4436
3772 5409
3777 6362
3782 7299
3784 3884
3787 7821
3790 5493
3790 5890
3790 6487
3790 8276
3790 9432
3793 6547
3793 9607
3803 4152
3803 8220
3805 4540
3805 8483
3805 9936
3806 8358
3806 9413
3809 8626
3813 5194
3813 8793
3818 4422
3818 4750
3818 6205
3818 8326
3818 8562
3818 8665
3821 9613
3829 4136
3830 8289
3831 3898
3831 9922
3834 9049
3839 5758
3839 9081
3842 8637
3848 7296
3849 5012
3853 6722
3858 3983
3860 7801
3860 8589
3860 9921
3861 5696
3861 7936
3866 5318
3868 6724
3869 4462
3869 8324
3869 9394
3871 5936
3874 4788
3874 5417
3874 6513
3874 9534
3875 7996
3876 7586
3877 9504
3877 9924
3878 4086
3878 7628
3878 9906
3880 7750
3881 4509
3886 6736
3889 4386
3889 5269
3889 5774
3890 7310
3891 6995
3891 7103
3893 4615
3893 9112
3895 4177
3895 5200
3898 4771
3904 4911
3904 6512
3904 7599
3904 7772
3904 8453
3905 6278
3905 9437
3906 9592
3911 7032
3912 7655
3913 5218
3913 5833
3918 4976
3921 6095
3922 6888
3923 7443
3927 5877
3927 6424
3927 8281
3927 8983
3927 9765
3930 4587
3930 6378
3932 6345
3932 9021
3933 9945
3934 4008
3934 4531
3934 7039
3935 5122
3938 5172
3938 6716
3942 3947
3942 7216
3942 8468
3942 8682
3951 6389
3952 4946
3952 8157
3953 4603
3954 7018
3958 3968
3958 8274
3965 6762
3965 9210
3965 9980
3966 8054
3970 5072
3970 5648
3970 7701
3970 9621
3971 6166
3977 9278
3978 9599
3985 6427
3985 6985
3986 4391
3986 4811
3986 8409
3990 4829
3992 4268
3992 5018
3995 8815
3995 8992
3998 5039
4000 8031
4001 4322
4001 9870
4008 4562
4009 6348
4011 4529
4011 4837
4011 8201
4014 6952
4015 4372
4017 5340
4020 8866
4022 7091
4022 9893
4023 4854
4026 5553
4026 6040
4026 6872
4026 7016
4029 4404
4032 4133
4032 5647
4035 7715
4037 7780
4037 7890
4039 5878
4040 4671
4042 7976
4045 5231
4045 5477
4045 7634
4046 6588
4050 5288
4051 5858
4053 8621
4054 9644
4061 7035
4061 8237
4062 5742
4062 6982
4064 8164
4065 4259
4065 4863
4065 8899
4065 9347
4066 6870
4066 8338
4073 4465
4074 9596
4077 5948
4079 5789
4082 9910
4086 5281
4087 8361
4089 7176
4093 7391
4093 9821
4097 7168
4097 8398
4099 5472
4099 5870
4099 6209
4099 6770
4099 8747
4101 8804
4106 4484
4106 8392
4108 6411
4109 8892
4109 9289
4109 9570
4112 6048
4112 6576
4112 8591
4115 5737
4116 4425
4117 7860
4123 4346
4126 4572
4127 4757
4129 4559
4129 7719
4131 6342
4133 4752
4133 5703
4133 9764
4134 6944
4134 7783
4135 4500
4135 9458
4136 4969
4136 5928
4140 4469
4140 4630
4140 6019
4140 7223
4141 6102
4142 4732
4142 8581
4143 4807
4143 4873
4143 8006
4143 8145
4144 6609
4148 6644
4149 8037
4152 5979
4152 7268
4155 5915
4155 6376
4158 6766
4159 9224
4163 9897
4164 5158
4164 5400
4166 8884
4168 9707
4172 9580
4173 9736
4183 6638
4184 9241
4185 4561
4185 9156
4190 4884
4190 5841
4190 8980
4191 6077
4191 6260
4192 5294
4192 6324
4193 5823
4193 5827
4193 9510
4195 5227
4195 7306
4196 4909
4196 8257
4197 8947
4197 9695
4202 4899
4204 6861
4205 5069
4206 4478
4206 9943
4214 7478
4216 9679
4219 6081
4219 6788
4219 7904
4221 7164
4224 4775
4225 4280
4226 9808
4227 7413
4234 4335
4234 5003
4234 5940
4236 5678
4238 6582
4243 6823
4245 7141
4245 7483
4246 4544
4247 6206
4247 7437
4247 9699
4249 8820
4251 4783
4251 5516
4251 8550
4251 8831
4254 5812
4254 8040
4254 8525
4254 8705
4257 5450
4257 8095
4257 9818
4258 5832
4262 8413
4264 5126
4264 9232
4265 4518
4267 8108
4268 4431
4268 5907
4269 9406
4270 6519
4272 4433
4273 6220
4274 4949
4274 8500
4276 5488
4278 9730
4283 5674
4283 8069
4284 5042
4288 7653
4289 4955
4289 8673
4290 4880
4299 4345
4299 4919
4299 5454
4299 6305
4300 4905
4300 9746
4301 5593
4301 8444
4302 8906
4302 9629
4303 4409
4303 6216
4303 6256
4303 6768
4303 6980
4305 4918
4305 4925
4305 9328
4329 6015
4329 8819
4333 6201
4334 5506
4334 8050
4341 4926
4341 9423
4344 8743
4346 8675
4346 9185
4353 4563
4353 8385
4360 7500
4361 6134
4375 6623
4375 8405
4376 7893
4376 8309
4389 4992
4393 7137
4394 6979
4398 7966
4401 5481
4401 5788
4401 9436
4403 7975
4403 9755
4404 5567
4404 8657
4407 8638
4414 7051
4414 8576
4417 6699
4421 6003
4422 8904
4429 6624
4437 5748
4439 4939
4439 7287
4441 6939
4445 8860
4445 9146
4449 7308
4450 7923
4460 5679
4462 8989
4464 5623
4466 5163
4466 5468
4470 5842
4471 5369
4473 6066
4473 7149
4473 7174
4476 9565
4477 4806
4477 6552
4478 5515
4478 9439
4480 4848
4480 5734
4480 6263
4480 8371
4480 8491
4480 9546
4481 9525
4483 7185
4484 7397
4485 9045
4486 4869
4490 6672
4493 9377
4496 9126
4497 8026
4498 9262
4501 5502
4501 5718
4501 7736
4501 8921
4501 9145
4502 5247
4503 4900
4503 5260
4503 6478
4503 7172
4503 8745
4505 6160
4505 6818
4505 6923
4506 4637
4506 8068
4510 5448
4516 5511
4524 5980
4528 7326
4528 8586
4529 8206
4533 5670
4533 9484
4535 7423
4536 4621
4536 7401
4549 9597
4553 7376
4555 7430
4555 7932
4559 5736
4560 7921
4564 6962
4569 8407
4570 5491
4570 7242
4570 8278
4573 5691
4573 9819
4577 4709
4577 7251
4578 4972
4579 5497
4580 9340
4583 4789
4583 5104
4584 5083
4587 5597
4587 5676
4587 8634
4588 5559
4588 5760
4588 7973
4589 9863
4596 6289
4596 7650
4599 5382
4603 6016
4604 7238
4607 5413
4612 4922
4617 8279
4618 9016
4625 5480
4625 6631
4627 8865
4629 8084
4629 8834
4632 9053
4634 9461
4637 9172
4639 8824
4643 4779
4643 8727
4643 9630
4649 4910
4656 8484
4659 5009
4660 6039
4663 9481
4666 4683
4668 9651
4673 5138
4673 9590
4674 5031
4675 4887
4675 5360
4678 5130
4678 6310
4678 7332
4678 7779
4678 9547
4680 7190
4684 7222
4687 7313
4689 9611
4695 6878
4696 6820
4699 9705
4700 5503
4703 6282
4703 7994
4705 6916
4706 9915
4708 9618
4709 6972
4710 8718
4710 9074
4717 6584
4717 6772
4717 8826
4722 5943
4722 9470
4723 9064
4724 5080
4726 9603
4732 4894
4732 6659
4732 8027
4735 7450
4738 8107
4740 6769
4742 9653
4749 6103
4749 7271
4750 8796
4751 5250
4752 4759
4752 7160
4752 8348
4752 8999
4758 4827
4760 9555
4761 6589
4761 6831
4762 5937
4762 6022
4762 7612
4763 5148
4765 8440
4767 8888
4770 5572
4770 6084
4772 7118
4780 6341
4780 8667
4785 7818
4798 7323
4799 8127
4799 9497
4802 9018
4803 5893
4806 5706
4809 6051
4809 8832
4813 7866
4819 9063
4821 5291
4821 5814
4822 5459
4822 8783
4825 6646
4827 5507
4828 8172
4829 5605
4831 7161
4837 5188
4837 5395
4837 5500
4837 5741
4837 6705
4837 7482
4841 5976
4842 8990
4843 6222
4844 6035
4846 5317
4848 7849
4848 8154
4848 8926
4849 9997
4851 6520
4851 7681
4851 7937
4853 4990
4856 6875
4856 8476
4858 5546
4860 6481
4860 6554
4860 7461
4860 9698
4868 8710
4868 8858
4872 9359
4876 8587
4877 5321
4877 5482
4877 6315
4883 8898
4884 6355
4884 7394
4887 8094
4889 7641
4895 8871
4895 9077
4899 6605
4901 6182
4908 5447
4908 7665
4908 7790
4909 5412
4910 6665
4910 7005
4912 5041
4914 6718
4918 8499
4919 7747
4919 8248
4919 8977
4920 7514
4920 8557
4920 9843
4921 9826
4930 7024
4933 6783
4934 9412
4936 4974
4936 6193
4939 5986
4940 6450
4940 7006
4940 9076
4944 5997
4951 9868
4952 5787
4952 9189
4955 5692
4959 5212
4963 9100
4965 8422
4966 9180
4968 7556
4970 5000
4970 5569
4975 9512
4977 6465
4977 7464
4980 6313
4980 7863
4981 8611
4987 7759
4989 7414
4989 7910
4996 6326
4998 9816
5003 6511
5004 6991
5007 5387
5009 6175
5028 8569
5029 6242
5033 6856
5037 8012
5038 6396
5041 7575
5044 6935
5048 9958
5049 7281
5052 9104
5053 6075
5053 9095
5059 9383
5060 5330
5061 5107
5061 6438
5061 8602
5061 8647
5062 6990
5073 7388
5073 8460
5075 5433
5078 8598
5083 8412
5085 5366
5090 6292
5090 6882
5093 7234
5094 6451
5094 7218
5096 6919
5100 5862
5103 6616
5103 9258
5104 5385
5104 6284
5108 5529
5108 8456
5109 5900
5113 8806
5113 8856
5114 6247
5116 6383
5118 7573
5125 7791
5125 7895
5125 8779
5127 6468
5127 8245
5136 6009
5136 9149
5139 8829
5140 7568
5140 9859
5141 5429
5141 8459
5142 5783
5148 6688
5152 6927
5153 6419
5154 5396
5154 5438
5156 5550
5157 6004
5157 7676
5157 9242
5157 9552
5157 9974
5160 6744
5161 6343
5161 8341
5161 9779
5166 6163
5166 6913
5166 9065
5168 6469
5172 7993
5179 7799
5179 8447
5180 8558
5183 9688
5184 8592
5185 7839
5189 6119
5192 6217
5195 7318
5200 8975
5202 7067
5202 7885
5202 9127
5207 6881
5211 6192
5211 8521
5219 6649
5219 8501
5223 9662
5232 6577
5232 9352
5233 5910
5236 7206
5247 5687
5249 6486
5249 9581
5250 8470
5254 7077
5262 7372
5265 7053
5270 8879
5272 5573
5280 9206
5296 5407
5296 9639
5301 7133
5305 7950
5309 8599
5315 7518
5320 5713
5325 9888
5326 5391
5329 5564
5329 7395
5329 7409
5330 8296
5330 9640
5333 5813
5335 9026
5338 6296
5338 8922
5339 7574
5346 5386
5347 9168
5353 7786
5356 7964
5361 6604
5361 7261
5363 9948
5367 8837
5379 8349
5384 6764
5390 6525
5393 7726
5393 8138
5394 8020
5394 9723
5395 6692
5396 8655
5405 9373
5407 8161
5419 6763
5421 8962
5423 8703
5427 6379
5430 6657
5430 7455
5432 7649
5434 5899
5435 6037
5441 9204
5450 6967
5452 7891
5458 9994
5465 7211
5465 8437
5467 8998
5470 7622
5470 9465
5471 5721
5472 8273
5474 8595
5479 6810
5480 9643
5491 8849
5498 8044
5498 8850
5501 5889
5506 7766
5509 5776
5509 7046
5509 7100
5512 6058
5518 7525
5525 9664
5528 7880
5528 8516
5532 5999
5532 7121
5533 9467
5533 9905
5535 6381
5540 8262
5541 8072
5546 6660
5546 8271
5547 6782
5551 5596
5557 5828
5558 5926
5558 9171
5561 7014
5561 8165
5562 8618
5563 5831
5564 6868
5566 5722
5568 5777
5569 5883
5576 6829
5594 6224
5596 7068
5597 5869
5604 6180
5611 6521
5612 7743
5616 6671
5620 7142
5624 9041
5632 6136
5632 7177
5632 9407
5633 9416
5633 9901
5634 9167
5639 6116
5641 8672
5641 9724
5643 6873
5646 9058
5649 9309
5652 7600
5655 7633
5657 6447
5660 9648
5666 5993
5672 8944
5672 9332
5674 8505
5682 7621
5683 5749
5683 6955
5684 7065
5687 9784
5691 8170
5700 6894
5701 6581
5701 6689
5705 6391
5713 5796
5713 7827
5720 6546
5720 8608
5720 8805
5725 9614
5739 6516
5742 9837
5743 7824
5746 9805
5747 9814
5750 6597
5750 9142
5750 9641
5751 8285
5753 8353
5767 6564
5767 8733
5767 8864
5772 8645
5779 7205
5783 8758
5785 6184
5785 7104
5787 7041
5787 9327
5792 8726
5804 6198
5804 6790
5808 6733
5813 6715
5816 6147
5817 6976
5821 8535
5830 7566
5834 7433
5834 7479
5836 8648
5839 8295
5843 9475
5844 5925
5848 7820
5849 9813
5850 6013
5850 8862
5850 9610
5852 7972
5853 7953
5859 8475
5864 6089
5865 7027
5866 8935
5868 7441
5873 9798
5874 6700
5877 7542
5878 8988
5879 9094
5882 9453
5883 9584
5888 6496
5891 9400
5895 6111
5896 5954
5897 7957
5901 7345
5901 9712
5902 8106
5908 6008
5910 6286
5910 8612
5912 9291
5917 8122
5917 8770
5933 7286
5933 9297
5933 9421
5936 6565
5937 6164
5940 6647
5941 9249
5942 6080
5942 6178
5944 6203
5950 7519
5956 8767
5963 6598
5970 6775
5970 9032
5971 7705
5980 6639
5988 7571
5988 8836
5999 8701
6002 9358
6012 7109
6012 9501
6021 6541
6021 8267
6034 6575
6043 6681
6043 7081
6050 7349
6050 9315
6050 9496
6057 6904
6059 9966
6068 7869
6074 9290
6077 6730
6077 7492
6082 7494
6084 6704
6086 8328
6101 8369
6101 9751
6102 8428
6104 8153
6105 7266
6106 7642
6106 7667
6110 7095
6110 8903
6113 9728
6133 9007
6136 6791
6139 7792
6142 8221
6143 6236
6143 6824
6143 9236
6144 7089
6145 9975
6154 9908
6157 6801
6157 8700
6158 9941
6159 9706
6161 9627
6163 7987
6163 8258
6163 9201
6167 9073
6167 9828
6172 8918
6175 9128
6180 8388
6185 8300
6187 7200
6193 8184
6193 9474
6195 8486
6198 7466
6200 7830
6217 9408
6219 8961
6223 8515
6227 9806
6256 8303
6259 9836
6262 7365
6275 6617
6278 9213
6279 6550
6284 6595
6284 7688
6284 7945
6284 8905
6284 9207
6292 8176
6296 9364
6300 6475
6308 6387
6324 6502
6324 9187
6333 9389
6335 9023
6342 6877
6342 7487
6343 9656
6362 7033
6364 9338
6369 9362
6382 9114
6388 7059
6389 6815
6392 8389
6393 9098
6399 6859
6399 9499
6403 8487
6404 8678
6404 9622
6410 7876
6415 9256
6420 8902
6422 6439
6426 9519
6428 6682
6430 7835
6454 9714
6458 7534
6464 9320
6467 7301
6468 9733
6477 6840
6479 7257
6484 7230
6486 6669
6490 8219
6491 8034
6491 9303
6495 9604
6512 6674
6513 8097
6521 8334
6524 9608
6534 8765
6538 6920
6543 9110
6544 6642
6545 8197
6545 8625
6548 7755
6550 8579
6563 7948
6567 8964
6574 6794
6581 9693
6586 7728
6586 7762
6588 7958
6593 7678
6607 6655
6608 7538
6611 8179
6618 7088
6619 7458
6622 7255
6628 7060
6631 7660
6638 7844
6640 9001
6641 8927
6643 7546
6646 7585
6649 9275
6651 7061
6654 7807
6656 9318
6659 8789
6662 6943
6663 9151
6668 7052
6672 9409
6683 9346
6690 6964
6694 6848
6694 8126
6704 8311
6705 8945
6708 6914
6714 8077
6714 8578
6716 7179
6723 7258
6736 9445
6738 9687
6741 8485
6741 9539
6741 9787
6744 9800
6748 8056
6754 7011
6759 9786
6760 7340
6772 8438
6780 7175
6790 8661
6790 8976
6791 7209
6799 9124
6806 9154
6810 7411
6812 9040
6820 7456
6827 6954
6828 7136
6830 7361
6840 8756
6849 9335
6864 7390
6876 8322
6876 8568
6878 7749
6896 8664
6899 7512
6899 9954
6902 7278
6906 7215
6910 8719
6923 7099
6926 9354
6932 8547
6938 8946
6940 8489
6949 9434
6951 8185
6951 9840
6954 7335
6957 8033
6970 8781
6970 9157
6982 9685
6983 7319
6983 7471
6985 8573
6989 8178
6995 7328
6997 8367
6997 8606
6997 9284
7012 8712
7014 8549
7016 7868
7033 8404
7033 8742
7036 9225
7037 7588
7037 9331
7074 8216
7075 9993
7079 7903
7081 7915
7084 8524
7090 9955
7091 7097
7091 9920
7094 7805
7097 7611
7099 8811
7110 7716
7111 9027
7111 9919
7119 7882
7123 9959
7138 8132
7139 7878
7141 9674
7144 8204
7148 9689
7149 9388
7150 8959
7152 8345
7161 7431
7161 9370
7161 9411
7177 8146
7184 7873
7184 9257
7185 7917
7199 8230
7204 8509
7207 7488
7238 8142
7239 9070
7255 9890
7257 9601
7258 7990
7262 9357
7269 8590
7277 8089
7277 8134
7278 7984
7283 9983
7298 7896
7309 7383
7310 9969
7320 8454
7323 9093
7323 9753
7332 9143
7350 9744
7353 7406
7357 8597
7359 8209
7359 8265
7362 9508
7362 9978
7369 8340
7372 7654
7382 9741
7383 8355
7384 9120
7387 7722
7387 9935
7414 7690
7416 9825
7419 7593
7419 9886
7426 8713
7426 9382
7427 8996
7435 8372
7439 9401
7456 7555
7462 7927
7465 9505
7467 8332
7469 8955
7483 8306
7496 8458
7496 9633
7500 7861
7500 8551
7500 8668
7500 8787
7504 8546
7508 7992
7508 9575
7511 9987
7519 8676
7521 8450
7521 8886
7528 8818
7542 9923
7544 8660
7571 7597
7573 9619
7584 7731
7587 7709
7603 8123
7606 8317
7617 7911
7617 9066
7617 9361
7627 8101
7627 8397
7642 8291
7642 9909
7665 8099
7676 8607
7685 7695
7694 8855
7697 8078
7707 8841
7732 8060
7745 9598
7777 8466
7789 8261
7793 8117
7798 8030
7798 9090
7819 7858
7821 9878
7861 9874
7872 8788
7873 8623
7883 8102
7895 8861
7898 8798
7899 9835
7912 9036
7913 8874
7942 9166
7947 8696
7950 8584
7960 8342
7960 8387
7960 9170
7967 8333
7969 8096
7977 8605
8005 8343
8014 8542
8023 9576
8031 9030
8049 8940
8049 9271
8056 8669
8083 9177
8088 8294
8104 8252
8112 9989
8119 9520
8122 9148
8125 8490
8148 9502
8164 8308
8175 8620
8176 9091
8186 8746
8209 9585
8223 8548
8229 9907
8235 8572
8235 9270
8236 8552
8238 9119
8241 9716
8243 9191
8243 9876
8252 8965
8278 9543
8296 8465
8296 9067
8300 9663
8304 9129
8326 9649
8335 8843
8335 9726
8336 8604
8360 9532
8371 9099
8391 8570
8392 9385
8434 9390
8454 9697
8470 9205
8521 9903
8534 9918
8560 9033
8570 9650
8599 9410
8601 9720
8602 9061
8620 8748
8622 8694
8637 9037
8640 9477
8652 9767
8668 8914
8683 9568
8684 9325
8684 9420
8734 9647
8759 9228
8801 9606
8815 9254
8817 9085
8817 9850
8817 9952
8818 9160
8823 9243
8828 9792
8833 9155
8837 9469
8853 9138
8862 9578
8871 9184
8872 8939
8876 9883
8886 9977
8935 9330
8950 9055
8968 9740
9016 9449
9059 9454
9064 9273
9075 9316
9113 9944
9131 9722
9137 9747
9178 9433
9179 9486
9179 9956
9242 9562
9267 9569
9275 9446
9280 9718
9292 9518
9345 9839
9436 9960
9471 9968
9547 9731
9586 9947
9632 9985
9657 9861
9721 9875
9836 9879
