10000 9999
0 1
0 35
0 39
0 138
0 139
0 182
0 236
0 307
0 308
0 460
0 577
0 945
0 958
0 1003
0 1622
0 1972
0 2248
0 2628
0 2660
0 2747
0 3635
0 4291
0 4316
0 4358
0 4463
0 4481
0 4809
0 5260
0 6156
0 6293
0 6984
0 7088
0 7571
0 7868
0 7871
0 8136
0 9288
0 9401
0 9420
0 9838
1 2
1 3
1 4
1 5
1 7
1 8
1 9
1 11
1 15
1 16
1 18
1 20
1 23
1 24
1 27
1 28
1 31
1 36
1 42
1 45
1 46
1 47
1 50
1 53
1 63
1 71
1 73
1 74
1 80
1 82
1 88
1 92
1 94
1 97
1 101
1 111
1 113
1 116
1 124
1 144
1 148
1 151
1 154
1 189
1 192
1 193
1 226
1 227
1 234
1 237
1 239
1 255
1 286
1 302
1 313
1 327
1 334
1 337
1 342
1 352
1 370
1 372
1 373
1 424
1 439
1 440
1 467
1 483
1 496
1 514
1 520
1 522
1 533
1 535
1 538
1 548
1 579
1 601
1 610
1 612
1 617
1 644
1 657
1 658
1 671
1 690
1 691
1 697
1 702
1 706
1 721
1 725
1 729
1 741
1 792
1 805
1 812
1 821
1 826
1 827
1 884
1 892
1 893
1 898
1 899
1 914
1 955
1 957
1 964
1 979
1 1011
1 1025
1 1082
1 1086
1 1105
1 1124
1 1128
1 1159
1 1175
1 1222
1 1232
1 1246
1 1254
1 1258
1 1289
1 1363
1 1435
1 1466
1 1480
1 1486
1 1535
1 1556
1 1569
1 1580
1 1581
1 1594
1 1616
1 1619
1 1634
1 1644
1 1645
1 1647
1 1675
1 1717
1 1773
1 1795
1 1805
1 1839
1 1900
1 1912
1 1962
1 1978
1 2092
1 2116
1 2118
1 2122
1 2162
1 2191
1 2196
1 2212
1 2226
1 2303
1 2350
1 2383
1 2451
1 2522
1 2571
1 2587
1 2588
1 2651
1 2673
1 2675
1 2761
1 2802
1 2820
1 2853
1 2881
1 2892
1 2899
1 2906
1 2918
1 2929
1 2942
1 2957
1 2974
1 3024
1 3035
1 3038
1 3070
1 3076
1 3086
1 3113
1 3152
1 3177
1 3187
1 3269
1 3331
1 3378
1 3395
1 3498
1 3518
1 3588
1 3664
1 3719
1 3749
1 3808
1 3843
1 3845
1 3847
1 3871
1 3892
1 3906
1 3939
1 3975
1 3984
1 3987
1 4011
1 4040
1 4069
1 4095
1 4105
1 4188
1 4196
1 4239
1 4284
1 4302
1 4322
1 4357
1 4435
1 4469
1 4472
1 4526
1 4530
1 4540
1 4602
1 4661
1 4695
1 4707
1 4790
1 4824
1 4858
1 4888
1 4904
1 4909
1 4968
1 4970
1 5010
1 5029
1 5063
1 5112
1 5127
1 5179
1 5220
1 5312
1 5343
1 5357
1 5427
1 5432
1 5442
1 5491
1 5533
1 5564
1 5592
1 5599
1 5657
1 5709
1 5720
1 5762
1 5783
1 5787
1 5833
1 5846
1 5868
1 5896
1 5905
1 5978
1 5983
1 5989
1 6019
1 6113
1 6135
1 6170
1 6171
1 6190
1 6396
1 6429
1 6484
1 6505
1 6552
1 6654
1 6696
1 6704
1 6738
1 6742
1 6776
1 6932
1 6933
1 6980
1 7001
1 7029
1 7040
1 7056
1 7111
1 7185
1 7250
1 7323
1 7443
1 7473
1 7502
1 7509
1 7522
1 7556
1 7559
1 7564
1 7624
1 7634
1 7688
1 7700
1 7703
1 7717
1 7904
1 7960
1 8014
1 8046
1 8077
1 8097
1 8130
1 8185
1 8188
1 8289
1 8335
1 8363
1 8396
1 8483
1 8506
1 8603
1 8620
1 8730
1 8772
1 8774
1 8852
1 8862
1 8880
1 8888
1 8911
1 8928
1 8979
1 9006
1 9043
1 9055
1 9071
1 9109
1 9160
1 9263
1 9329
1 9384
1 9396
1 9400
1 9419
1 9434
1 9446
1 9498
1 9519
1 9531
1 9573
1 9616
1 9659
1 9662
1 9704
1 9829
1 9895
1 9900
2 143
2 171
2 5967
2 7514
3 14
3 17
3 246
3 448
3 543
3 588
3 619
3 731
3 970
3 1040
3 1198
3 1759
3 1842
3 2995
3 3213
3 3711
3 4383
3 4494
3 4961
3 5006
3 5550
3 5585
3 6512
3 7425
3 8151
3 8405
3 8622
4 6
4 19
4 21
4 38
4 65
4 140
4 205
4 216
4 260
4 305
4 320
4 376
4 470
4 479
4 659
4 830
4 840
4 853
4 995
4 1221
4 1351
4 1360
4 1430
4 1449
4 1635
4 1669
4 1947
4 1967
4 1979
4 2027
4 2260
4 2387
4 2498
4 2712
4 2928
4 3007
4 3522
4 3697
4 3963
4 4151
4 4421
4 4537
4 4663
4 4938
4 5122
4 5256
4 5772
4 6139
4 6167
4 6440
4 6687
4 6693
4 6719
4 7206
4 7220
4 7816
4 8231
4 8318
4 8462
4 8484
4 8596
4 9044
5 25
5 34
5 49
5 100
5 115
5 152
5 167
5 185
5 190
5 304
5 362
5 382
5 411
5 412
5 455
5 463
5 646
5 677
5 716
5 1001
5 1010
5 1122
5 1212
5 1720
5 1722
5 1802
5 2448
5 2513
5 2534
5 2709
5 3160
5 3169
5 3276
5 3499
5 3608
5 3792
5 3901
5 3931
5 4067
5 4144
5 4177
5 4185
5 4424
5 4915
5 5248
5 5869
5 6047
5 6152
5 6324
5 6486
5 6580
5 6627
5 7107
5 7169
5 7818
5 8229
5 8466
5 9258
5 9355
6 207
6 2406
7 40
7 76
7 79
7 145
7 156
7 213
7 299
7 306
7 319
7 353
7 359
7 453
7 563
7 742
7 1052
7 1410
7 2175
7 2291
7 2365
7 3351
7 3605
7 4312
7 4504
7 4564
7 4620
7 5181
7 5280
7 5345
7 5593
7 6736
7 7293
7 8499
7 8539
7 8771
8 13
8 22
8 98
8 106
8 127
8 343
8 433
8 1836
8 2310
8 2315
8 2979
8 3546
8 4422
8 5750
8 7084
8 7590
8 7708
9 10
9 12
9 54
9 75
9 294
9 333
9 421
9 432
9 584
9 670
9 748
9 832
9 874
9 915
9 969
9 1054
9 1160
9 1177
9 1184
9 1553
9 1781
9 2079
9 2145
9 2151
9 2195
9 2420
9 2575
9 2613
9 2723
9 3098
9 3471
9 3543
9 3801
9 4117
9 4581
9 4823
9 5380
9 5389
9 6011
9 6020
9 6132
9 7216
9 7476
9 8532
9 8733
9 8848
9 8894
9 9148
9 9274
10 26
10 37
10 51
10 67
10 99
10 132
10 155
10 204
10 208
10 209
10 288
10 325
10 489
10 591
10 648
10 745
10 1079
10 1112
10 1384
10 1398
10 1578
10 1643
10 2232
10 2353
10 3515
10 3795
10 4313
10 4756
10 4955
10 5159
10 5473
10 5475
10 5828
10 5965
10 6276
10 6277
10 6558
10 7147
10 7547
10 7660
10 8006
10 8018
10 9507
11 210
11 752
11 4797
11 5969
11 6642
12 41
12 59
12 66
12 131
12 290
12 293
12 923
12 1448
12 1596
12 1685
12 2405
12 3198
12 3371
12 4099
12 4795
12 5038
12 5683
12 6176
12 6848
12 7051
12 9346
12 9522
12 9647
12 9666
13 1071
13 2462
13 7986
14 110
14 174
14 663
14 909
14 1315
14 1538
14 1738
14 2219
14 2372
14 3192
14 4121
14 5961
14 6068
14 7170
14 7938
14 8649
14 9524
15 245
15 473
15 934
15 2686
15 8200
16 29
16 64
16 85
16 107
16 118
16 200
16 248
16 391
16 573
16 688
16 738
16 1564
16 1731
16 1963
16 1995
16 2082
16 2157
16 2472
16 3017
16 3367
16 3685
16 3791
16 3844
16 4017
16 4029
16 4354
16 4783
16 4943
16 4967
16 5328
16 5374
16 5805
16 6024
16 6203
16 6467
16 6779
16 6929
16 6995
16 7375
16 7552
16 7714
16 8937
16 9443
17 1867
17 2229
17 5316
17 7893
18 33
18 52
18 332
18 506
18 1472
18 2124
18 2470
18 2889
18 3848
18 3912
18 6004
18 9450
19 2307
20 44
21 3577
21 8602
22 781
22 813
22 1316
22 2362
22 2876
22 3838
22 5117
22 5172
22 7338
23 32
23 69
23 129
23 178
23 202
23 459
23 903
23 1059
23 3862
23 4003
23 4363
23 5513
23 5700
23 6001
23 6496
23 6612
23 6934
23 7075
23 7203
23 7227
23 7580
23 7902
23 8003
23 8140
23 8418
23 8605
23 8696
23 8776
24 30
25 4347
26 4044
27 61
27 86
27 517
27 1118
27 1168
27 2050
27 2407
27 4353
27 4479
27 5535
27 6596
28 604
28 1307
28 1526
28 1840
28 2176
28 2182
28 3190
28 3491
28 4229
28 5078
28 6141
28 8099
28 9651
29 292
30 223
30 253
30 2181
30 2401
30 4032
30 4332
30 4945
31 215
31 456
31 863
31 1139
31 1806
31 5013
31 5226
31 5873
31 5952
31 7585
31 9038
32 60
32 68
32 120
32 161
32 222
32 271
32 354
32 365
32 396
32 436
32 465
32 512
32 547
32 559
32 739
32 890
32 1002
32 1067
32 1100
32 1161
32 1200
32 1204
32 1406
32 1559
32 1793
32 1824
32 1832
32 1907
32 2068
32 2076
32 2083
32 2311
32 2381
32 2524
32 2595
32 2725
32 3016
32 3122
32 3254
32 3259
32 3266
32 3516
32 3809
32 3933
32 4601
32 5395
32 5435
32 5588
32 5995
32 6018
32 6056
32 6096
32 7900
32 8530
32 8940
32 8989
32 9070
32 9114
32 9277
32 9563
32 9977
33 608
33 7373
34 43
34 57
34 186
34 5693
34 7168
34 7533
34 8045
35 90
35 130
35 183
35 191
35 194
35 318
35 361
35 723
35 775
35 1188
35 1190
35 1193
35 1225
35 1231
35 1248
35 1358
35 2075
35 2131
35 2317
35 2789
35 3408
35 3464
35 4258
35 5292
35 6638
35 6710
35 6937
35 7479
35 8161
36 2312
36 8041
37 55
37 56
37 102
37 164
37 214
37 219
37 233
37 249
37 252
37 274
37 276
37 405
37 441
37 536
37 539
37 598
37 611
37 634
37 653
37 696
37 779
37 799
37 803
37 824
37 887
37 918
37 922
37 1125
37 1146
37 1340
37 1371
37 1491
37 1492
37 1690
37 1721
37 1808
37 2052
37 2132
37 2166
37 2174
37 2194
37 2197
37 2289
37 2305
37 2392
37 2456
37 2538
37 2561
37 2647
37 2670
37 2792
37 2859
37 2915
37 2978
37 3312
37 3407
37 3424
37 3524
37 3875
37 3920
37 4028
37 4112
37 4495
37 4743
37 4816
37 4939
37 5235
37 5409
37 5632
37 5791
37 5799
37 5839
37 5932
37 6262
37 6359
37 6405
37 6597
37 6755
37 7028
37 7113
37 7266
37 7406
37 7468
37 7549
37 7578
37 7764
37 7771
37 8085
37 8133
37 8411
37 8470
37 8676
37 8926
37 9030
37 9080
37 9273
37 9285
37 9301
37 9318
37 9390
37 9560
37 9734
38 2100
38 3145
38 4329
38 6412
38 6840
39 48
39 77
39 916
39 940
39 1262
39 1391
39 2908
39 3670
39 4374
39 4379
39 5287
39 5459
39 6023
39 6253
39 7022
39 8561
39 9016
39 9059
40 3400
41 62
41 158
41 166
41 232
41 263
41 287
41 317
41 378
41 381
41 393
41 507
41 542
41 642
41 910
41 917
41 1299
41 1314
41 1667
41 1780
41 2340
41 2745
41 2815
41 2904
41 3322
41 3379
41 3504
41 3646
41 3679
41 3706
41 4348
41 4361
41 4577
41 4669
41 4718
41 5500
41 5827
41 6339
41 6435
41 6803
41 7309
41 7948
41 8336
41 8691
41 8707
42 258
42 7518
43 211
43 241
43 345
43 523
43 1110
43 1119
43 1141
43 1206
43 1495
43 1706
43 1861
43 2386
43 2897
43 3246
43 3660
43 3978
43 4072
43 4261
43 4779
43 4921
43 5359
43 5584
43 6925
43 7133
43 8905
43 9248
44 165
44 168
44 217
44 386
44 420
44 476
44 692
44 886
44 973
44 1292
44 1914
44 2056
44 3114
44 3120
44 3384
44 3913
44 4666
44 4963
44 5026
44 5529
44 5708
44 6196
44 7102
44 7487
44 7604
44 7800
44 8002
44 8269
44 8839
44 9468
45 250
45 960
45 1147
45 1712
45 1809
45 1911
45 2727
45 2833
45 3033
45 3352
45 4293
45 5943
45 6234
45 6374
45 7811
45 8445
45 8500
45 8555
46 72
46 179
46 242
46 418
46 1388
46 3030
46 4167
46 5009
46 8535
46 9911
47 321
47 410
47 718
47 804
47 952
47 1784
47 2158
47 2777
47 3236
47 3429
47 3737
47 4369
47 4446
47 5209
47 6566
47 7241
47 7403
47 8199
47 8461
47 8568
48 87
48 296
48 303
48 461
48 613
48 732
48 762
48 1078
48 1181
48 1238
48 1446
48 2335
48 2419
48 2529
48 2704
48 3163
48 3765
48 3999
48 4051
48 4246
48 4587
48 4789
48 5202
48 5941
48 5988
48 6256
48 6919
48 8610
48 9026
48 9571
48 9793
49 9626
50 277
50 3883
50 8180
50 9015
50 9302
51 355
51 620
51 1280
51 2799
51 4543
51 5964
51 6726
51 6931
51 7801
51 8829
52 108
52 929
52 2961
52 5423
52 6581
52 8295
52 8791
52 9086
53 2141
53 2258
54 3139
54 3355
54 4794
54 5659
54 7623
55 58
55 764
55 1920
55 2044
55 2101
55 2253
55 3062
55 3474
55 5641
55 6157
55 7271
55 8594
55 8976
56 2634
56 3303
57 2298
57 2911
57 3074
57 3182
57 3897
57 9448
58 117
58 1610
58 1816
58 2865
58 5438
58 7674
58 7870
58 7967
58 8586
58 8630
59 388
59 395
59 408
59 937
59 1755
59 1841
59 2177
59 2193
59 2331
59 2568
59 2735
59 3046
59 3799
59 4425
59 4550
59 6501
59 6730
59 7962
59 8593
60 103
60 150
60 592
60 609
60 790
60 1061
60 1101
60 1138
60 1531
60 1579
60 1750
60 2074
60 2690
60 3052
60 3103
60 3117
60 3397
60 3974
60 5800
60 5955
60 5966
60 6275
60 6599
60 6625
60 6836
60 7078
60 7333
60 7396
60 8879
60 8913
61 251
61 897
61 1335
61 1890
61 3753
61 4455
61 4625
61 5492
61 5636
61 6672
61 9348
61 9921
62 112
62 457
62 462
62 1202
62 1310
62 1525
62 4398
62 4714
63 925
63 1017
63 1298
63 2055
63 2585
63 3817
63 4844
63 4942
63 5645
63 5816
64 282
64 518
64 524
64 967
64 1589
64 1599
64 1625
64 2139
64 3574
64 3884
64 4378
64 4595
64 7436
64 8574
64 9171
64 9780
65 136
65 694
65 4845
65 5283
65 5837
65 6717
65 9632
66 6342
67 70
67 162
67 199
67 201
67 272
67 281
67 329
67 513
67 516
67 534
67 756
67 1037
67 1166
67 1269
67 1308
67 1561
67 1618
67 1855
67 2054
67 2078
67 2285
67 2485
67 2716
67 2970
67 3184
67 3545
67 3728
67 4119
67 5444
67 5774
67 6062
67 6281
67 6393
67 6924
67 8028
68 125
68 326
68 596
68 638
68 1658
68 1735
68 1880
68 1961
68 2715
68 3698
69 81
69 95
69 500
69 1311
69 2914
69 4036
69 4986
70 93
70 146
70 701
70 808
70 988
70 1453
70 1654
70 1715
70 2327
70 2998
70 3286
70 3669
70 4304
70 4523
70 4883
70 5219
70 6273
70 6940
70 8155
71 84
71 262
71 656
71 7031
71 9596
72 229
72 310
72 680
72 843
72 1765
72 2221
72 2389
72 6941
72 8422
73 128
73 231
73 265
73 443
73 9081
74 2622
74 2992
75 83
75 122
75 235
75 280
75 1457
75 2014
75 2265
75 4394
75 8751
75 8837
75 9677
76 78
76 109
76 126
76 169
76 495
76 783
76 1278
76 1279
76 2205
76 2338
76 2879
76 3573
76 3790
76 4080
76 5146
76 5528
76 6159
76 6870
76 9011
76 9630
77 901
77 2867
77 3099
77 3341
77 3766
77 4334
77 4969
77 6415
77 6796
77 8364
77 9603
79 1050
79 4193
79 8609
80 119
80 228
80 278
80 331
80 627
80 867
80 1426
80 1504
80 1541
80 1703
80 2270
80 2445
80 2738
80 3077
80 3225
80 3449
80 3477
80 3495
80 3710
80 3726
80 4162
80 4267
80 4268
80 4404
80 4948
80 5298
80 6817
80 7177
80 7292
80 7357
80 7513
80 8354
80 9645
81 159
81 502
81 2705
81 5855
81 5893
82 1013
82 5469
83 89
83 978
83 1062
83 1076
83 2081
83 5640
83 5655
83 6296
83 8251
83 8393
84 149
84 356
84 3335
84 3583
84 6373
84 7696
85 3610
85 5581
85 6008
86 1452
86 1575
86 3508
86 4558
86 5942
86 7024
86 9881
87 435
87 1182
87 1528
87 2976
87 5803
87 6408
88 91
88 257
88 401
88 956
88 1090
88 1665
88 1678
88 2213
88 3028
88 3469
88 4290
88 4645
90 104
90 121
90 422
90 778
90 2123
90 2337
90 2845
90 5878
91 1243
91 6861
92 283
92 743
93 96
93 105
93 114
93 268
93 488
93 629
93 652
93 793
93 1120
93 1527
93 1607
93 1689
93 2354
93 2532
93 2546
93 2551
93 2711
93 3128
93 3161
93 4457
93 4529
93 4916
93 5326
93 5456
93 5544
93 5867
93 6133
93 8186
93 8275
93 8845
93 9559
93 9590
94 135
94 244
94 876
94 3816
94 3923
94 4846
94 5114
95 1584
96 831
96 2033
97 554
97 651
97 1389
97 1879
97 2508
97 3309
97 3544
97 3713
97 4090
97 4439
97 6725
97 7613
97 7955
97 9018
97 9798
98 2273
98 3575
98 3580
98 4089
98 4672
98 4781
98 4951
98 5511
98 5646
98 6621
98 9056
98 9505
98 9723
99 389
99 930
99 2086
99 3175
99 4349
99 7083
99 9153
100 1939
100 2840
100 4241
100 5723
100 8395
100 9709
101 349
101 1746
101 2851
101 4265
101 7862
102 358
102 2099
102 3373
102 5794
103 141
103 176
103 187
103 298
103 338
103 347
103 414
103 429
103 493
103 583
103 605
103 703
103 728
103 870
103 961
103 993
103 1066
103 1377
103 1429
103 1502
103 1761
103 2109
103 2332
103 2863
103 3277
103 3567
103 3732
103 4283
103 4584
103 4860
103 5386
103 5719
103 6066
103 6584
103 6964
103 7003
103 7645
103 7807
103 8070
103 9085
103 9467
103 9961
104 2695
104 3308
104 3842
104 4978
104 5481
104 7805
104 9548
105 8658
106 409
106 5912
106 7572
107 9699
108 203
108 273
108 593
108 1989
108 2614
108 4372
108 4697
108 4991
108 5070
109 123
109 177
109 425
109 1104
109 1427
109 1609
109 2000
109 2318
109 3369
109 4100
109 5290
109 7841
110 733
110 2005
110 2299
110 2591
110 5485
110 5831
110 6398
110 7512
110 7776
110 9371
110 9697
111 561
111 576
111 1167
111 1422
111 1608
111 1655
111 1881
111 2059
111 2061
111 2165
111 2223
111 2589
111 2805
111 3324
111 3629
111 5573
111 5603
111 6789
111 7638
111 8474
111 8491
111 8952
111 9369
111 9568
111 9834
112 160
112 285
112 949
112 982
112 1024
112 1070
112 1191
112 1521
112 1819
112 2026
112 2422
112 2891
112 3318
112 3473
112 3735
112 4569
112 4685
112 5342
112 6370
112 6688
112 7961
112 8040
112 8635
112 8817
112 9062
113 1884
113 2824
113 4102
113 4805
113 4960
113 8724
113 9976
114 529
114 734
114 1632
114 1742
114 2288
114 2428
114 6989
115 134
115 184
115 221
115 380
115 567
115 655
115 936
115 2377
115 3561
115 4245
115 4856
115 5201
115 5735
115 9987
116 9643
117 163
117 403
117 431
117 494
117 585
117 719
117 1390
117 2635
117 3439
117 3481
117 3949
117 5731
117 6309
117 7677
117 7923
117 8032
117 8353
117 9997
118 173
118 595
118 730
118 931
118 947
118 976
118 1321
118 1397
118 1984
118 2482
118 2567
118 2644
118 2768
118 3105
118 3391
118 3642
118 3811
118 4933
118 7973
118 9849
119 678
119 3055
119 6965
120 300
120 550
120 866
120 1275
120 1585
120 4158
120 6816
120 7529
120 8198
120 8636
120 8746
120 9681
121 147
122 3061
122 4698
122 7470
123 666
123 1165
123 2515
123 9332
124 175
124 196
124 206
124 498
124 662
124 780
124 1196
124 1770
124 1866
124 2243
124 2959
124 3837
124 4279
124 4757
124 5133
124 6703
124 6866
124 7132
124 7749
124 8785
124 9354
125 137
125 142
125 390
125 398
125 684
125 817
125 1459
125 2649
125 3754
125 5129
125 5306
125 6109
125 6578
125 6585
125 7684
125 9036
126 261
126 392
126 452
126 984
126 1639
126 4204
126 4764
126 6859
127 384
127 649
127 1213
127 3851
127 4264
127 6520
127 9065
127 9227
128 387
128 819
128 855
128 1186
128 8169
128 8709
130 181
130 3857
130 6124
130 9648
132 133
132 157
132 530
132 907
132 943
132 1102
132 1674
132 1695
132 1973
132 2341
132 2968
132 3134
132 5175
132 5591
132 5670
132 5971
132 7796
132 7839
132 8497
132 8543
132 8612
132 8985
133 1093
133 1239
133 1882
133 2403
133 2565
133 3731
133 4833
133 5265
133 9910
135 1209
135 1211
135 2379
135 2410
135 2505
135 5020
135 5678
135 6891
135 9918
136 8550
138 466
138 1057
138 1624
138 4194
138 4837
138 9068
138 9218
140 170
140 877
140 2852
140 4682
140 6577
140 7306
140 9238
142 351
142 722
142 1127
142 1237
142 1309
142 1383
142 1924
142 2842
142 3885
142 4381
142 4721
142 4815
142 5092
142 5187
142 5681
142 6476
142 7830
142 8048
142 9824
143 188
143 1425
143 3287
143 5315
143 8019
144 197
144 2096
144 3191
144 9609
145 195
145 371
145 477
145 526
145 971
145 1245
145 1837
145 2048
145 2117
145 2222
145 2239
145 3133
145 3761
145 4183
145 4741
145 4874
145 5574
145 6953
145 6975
145 8450
145 8745
145 9083
146 415
146 1450
147 1023
147 1133
147 2416
147 2858
147 3151
147 4977
150 6737
151 172
151 1210
151 6247
151 7524
152 153
152 225
152 749
152 1301
152 3802
152 3970
152 7574
152 9209
153 753
153 839
153 1803
153 2218
153 5203
154 549
154 1136
154 1323
154 1542
154 1636
154 2514
154 3305
154 4039
154 4125
154 9366
155 469
155 1148
155 1852
155 5579
155 7886
155 8004
155 8246
156 212
156 309
156 339
156 374
156 400
156 474
156 492
156 509
156 555
156 1051
156 1244
156 1478
156 1516
156 1766
156 1774
156 1923
156 2113
156 2374
156 2427
156 2477
156 2566
156 2932
156 3116
156 3297
156 3386
156 3527
156 3591
156 3952
156 4270
156 4406
156 4409
156 4716
156 5508
156 6713
156 6956
156 7181
156 7515
156 7929
156 8333
156 8383
156 8465
156 8755
156 9095
156 9304
156 9764
157 468
157 8864
158 407
158 545
158 882
158 975
158 1162
158 1179
158 1253
158 1833
158 4480
158 4900
158 5460
158 5610
158 6083
158 7690
158 8533
158 8886
158 9294
159 519
159 1688
159 1760
159 2257
159 3497
159 3759
159 4575
159 5058
159 5614
159 6029
159 6478
159 6554
159 7661
159 8214
159 8683
159 9251
160 1226
160 1514
160 5167
160 5295
162 423
162 3532
162 5863
162 6390
162 6413
162 6470
162 8011
162 8480
162 8498
163 240
163 622
163 1413
163 1771
163 2325
163 2542
163 3725
163 3763
163 5402
163 7475
163 9084
164 4857
164 6564
165 198
165 224
165 238
165 991
165 1977
165 2345
165 2860
165 2870
165 2902
165 3197
165 3216
165 3220
165 3295
165 3483
165 5466
165 5745
165 5761
165 6786
165 7336
165 7815
165 8127
165 8510
165 8708
166 180
166 297
166 357
166 366
166 602
166 849
166 3044
166 3972
166 4231
166 4588
166 6506
167 218
167 270
167 291
167 330
167 511
167 1014
167 1515
167 2037
167 2259
167 2390
167 3487
167 3889
167 4565
167 4852
167 5354
167 6402
167 6804
167 7279
167 7546
167 7869
167 8675
168 789
168 1114
168 1804
168 8582
169 267
169 503
169 580
169 667
169 834
169 989
169 1189
169 1330
169 1473
169 1487
169 1509
169 2028
169 2142
169 2200
169 2227
169 2444
169 2925
169 4026
169 4129
169 4299
169 4585
169 5123
169 5393
169 5414
169 5514
169 7116
169 8123
169 8334
169 8773
170 269
170 682
170 771
170 1145
170 1173
170 1549
170 1620
170 2714
170 3345
170 5269
170 6099
171 284
171 1468
171 2320
171 2452
171 3208
171 3764
172 264
172 295
172 397
172 1176
172 1362
172 1436
172 1490
172 1896
172 2153
172 2999
172 3232
172 3480
172 3758
172 4817
172 5813
172 6771
172 7039
172 7519
172 7741
172 8754
172 8883
172 9180
172 9368
172 9440
173 341
173 637
173 1026
173 2394
173 2830
173 3323
173 8556
174 861
174 1230
174 3462
174 5453
174 6442
174 8488
174 9521
175 2042
175 9067
176 1216
176 4002
177 3158
178 987
179 5025
179 8321
179 9880
180 4513
180 4760
180 4966
180 5412
180 8242
180 9912
181 3091
181 9772
182 1611
182 1932
182 5642
182 7946
182 8403
182 8732
182 8822
183 2963
183 4066
184 537
184 2210
184 5310
184 7423
185 5413
185 8858
186 336
186 346
186 556
186 590
186 664
186 857
186 985
186 1032
186 1458
186 1548
186 1592
186 1736
186 2009
186 2180
186 2256
186 2306
186 3261
186 3348
186 3590
186 3796
186 7163
186 7351
186 7553
186 8222
186 8340
186 8820
186 8824
186 8918
186 9300
186 9629
188 434
188 693
188 820
188 895
188 1203
188 1276
188 1361
188 1424
188 1510
188 2580
188 2825
188 3526
188 4638
188 4742
188 5241
188 5769
188 5944
188 6349
188 6499
188 7350
188 9508
189 4895
189 6233
189 7374
189 7541
190 230
190 809
190 2484
190 3662
190 6259
191 328
191 472
191 2965
191 4423
191 4788
191 6122
191 6228
192 2039
192 3666
192 8534
193 2233
193 3771
193 4023
193 8487
193 9726
194 377
194 505
194 966
194 1790
194 3426
194 3769
194 4337
194 5246
194 5849
194 7013
194 7236
194 7517
195 628
195 632
195 765
195 1873
195 3234
195 6824
195 7341
196 220
196 772
196 1775
196 2245
196 6734
196 7117
196 7810
196 9206
197 243
197 259
197 340
197 367
197 504
197 569
197 643
197 810
197 854
197 1223
197 1494
197 1857
197 1904
197 1966
197 2733
197 3315
197 3627
197 3673
197 4305
197 4706
197 4927
197 6224
197 7085
197 7568
197 8814
197 9506
197 9781
198 7596
199 986
199 4132
200 531
201 247
201 256
201 4252
202 673
202 713
202 1041
202 1633
202 1976
202 2413
202 2590
202 3066
202 3551
202 3639
202 4097
202 4351
202 4531
202 7887
202 8919
203 1546
203 2685
203 5437
203 6530
205 289
205 312
205 546
205 679
205 1170
205 1274
205 2986
205 2996
205 3206
205 4686
205 6081
205 6457
205 8764
205 9046
205 9637
205 9721
206 675
206 1194
206 1796
206 5449
206 7295
207 889
207 1895
207 2112
207 2901
207 3729
207 4052
207 5304
207 8105
207 9111
207 9155
208 3207
208 5796
208 6206
209 823
209 2281
209 6905
209 9751
212 266
212 1612
212 1666
212 1940
212 3406
212 5055
212 6439
212 6831
212 7417
212 8428
215 490
215 582
215 724
215 835
215 1058
215 1650
215 2192
215 3657
215 3867
215 3911
215 3945
215 4164
215 5688
215 6899
215 7211
215 7563
215 7845
215 8129
215 8493
216 446
216 525
216 859
216 3868
216 4020
216 4579
217 1091
217 2691
217 3607
217 7577
217 8857
218 1208
218 3683
219 515
219 2569
219 6963
219 8988
219 9826
220 807
221 630
221 2209
221 3247
221 4907
221 6533
222 7064
224 802
224 3418
224 3536
224 5189
225 2140
225 2744
226 568
227 1313
227 1885
227 2024
227 2770
227 4871
227 7187
228 1020
228 1152
228 1394
228 2894
228 3696
228 4160
228 7646
228 7968
228 8505
228 8841
228 9937
229 419
229 475
229 491
229 578
229 698
229 784
229 996
229 2469
229 2659
229 3162
229 5085
229 5165
229 6137
229 6720
229 9535
229 9982
230 6884
230 8552
231 275
231 364
231 1224
231 1381
231 1673
231 5008
231 6300
231 7440
231 8551
231 8663
232 279
232 444
232 464
232 565
232 635
232 689
232 1088
232 1137
232 1174
232 1334
232 1524
232 2433
232 2440
232 2952
232 4355
232 4416
232 5773
232 6904
232 8942
232 9408
233 885
233 3106
233 3779
233 7879
234 785
234 4780
235 324
235 449
235 668
235 1081
235 1387
235 1554
235 3742
235 6246
235 6261
235 6947
236 4470
237 801
237 841
237 3586
237 4199
238 344
238 480
238 1402
238 2313
238 3992
238 4949
238 6447
238 6922
238 7539
238 7789
239 1348
239 1600
239 1969
239 3780
239 3828
239 5044
239 5120
239 5748
239 6844
239 9106
240 1366
240 1659
240 9013
241 540
241 1055
241 1376
243 6235
244 650
244 871
246 3687
247 311
247 363
247 528
247 2878
248 544
248 1178
248 1205
250 674
250 1357
250 1379
250 2323
250 2366
250 3860
250 7010
251 254
251 574
251 640
251 767
251 768
251 872
251 921
251 1337
251 3268
251 4093
251 4214
251 5877
251 6772
251 6862
251 7182
251 7474
251 7912
251 8910
255 1257
255 6821
257 1893
257 2188
257 8598
257 9335
258 5694
259 4434
261 2168
261 4053
261 6249
261 7225
261 7983
264 451
264 471
264 661
264 825
264 852
264 999
264 1356
264 1401
264 1597
264 1631
264 1719
264 1926
264 2053
264 2224
264 3506
264 3717
264 4021
264 4159
264 4598
264 4621
264 5028
264 5126
264 5562
264 5580
264 5797
264 6145
264 6347
264 7145
264 7635
264 7753
264 7826
264 7833
264 7925
264 8895
264 9735
264 9758
265 7367
266 1336
266 8970
267 385
267 428
267 3176
268 316
268 977
268 1117
268 1903
268 2680
268 9282
268 9409
269 842
269 2022
269 3363
269 8519
269 9656
272 981
272 1434
272 2466
272 2767
272 5128
273 1776
273 2308
273 3549
273 3836
273 8626
274 301
274 360
274 639
274 751
274 2070
274 2330
274 2455
274 4956
274 5259
274 6679
275 575
275 1919
275 3784
275 4047
275 4104
275 4754
275 5289
275 5808
275 6865
275 7500
276 911
276 2950
276 4365
277 379
277 413
277 481
277 736
277 1260
277 1364
277 1399
277 1858
277 1862
277 3155
277 4042
277 4640
277 4651
277 5530
277 5860
277 6471
277 6556
277 8721
277 8853
277 9922
278 426
278 1286
278 1370
278 1386
278 1822
278 2072
278 2126
278 2278
278 2494
278 3067
278 3908
278 3982
278 4801
278 5264
278 6806
278 8197
278 8536
278 8725
279 5821
280 454
280 912
280 1328
280 1349
280 1917
280 2415
280 2557
280 2674
280 2991
280 4324
280 4376
280 4476
280 4929
280 5155
280 6921
280 7289
280 7430
280 7508
280 8867
280 9185
281 1341
281 3991
282 314
282 618
282 2294
282 2395
282 3444
282 4936
282 6351
282 6455
282 7971
282 9716
283 669
283 1974
283 2148
283 2507
283 6065
284 322
284 416
284 497
284 2137
284 3751
284 4835
285 615
285 1031
285 1442
285 1456
285 2133
285 2951
285 2958
285 3256
285 3436
285 3834
285 4417
285 6416
285 6601
285 8456
286 904
286 1000
286 1098
286 1405
286 4410
286 4812
286 5176
286 8695
287 606
287 1507
287 1782
287 3079
287 3238
287 5005
287 5210
287 5254
287 5812
287 6333
287 8860
287 9873
288 1142
288 2552
288 5051
289 2819
289 3654
289 4576
289 5102
289 6318
289 6996
290 315
291 383
291 402
291 788
291 1718
291 1791
291 2393
291 3138
291 3167
291 3274
291 4079
291 6225
291 8443
291 9650
291 9742
292 773
292 865
292 3168
292 3827
292 7999
292 9339
293 1012
293 4650
294 368
294 665
294 3986
294 6136
295 510
295 828
295 858
295 1270
295 1733
295 2710
295 3398
295 3427
295 3614
295 4006
295 4275
295 5043
295 5479
295 5690
295 8355
295 9252
296 323
296 1008
296 6392
296 8360
297 1544
297 1799
297 9463
299 726
299 7094
300 2080
300 3252
300 3296
300 3531
300 5950
300 9817
302 3734
305 406
305 3882
306 348
306 501
306 714
306 1108
306 2160
306 2903
306 4276
306 5001
306 5778
306 6147
306 6285
306 6330
306 6718
306 7693
306 8203
306 8545
307 450
307 962
307 1227
307 2071
307 2149
307 3071
307 3085
307 4087
307 7453
307 9992
308 2796
308 2816
308 4618
308 5605
309 8625
310 594
310 766
310 1083
310 1937
310 3422
310 4855
310 5022
310 6321
310 7567
310 8558
314 350
314 437
314 607
314 862
314 1438
314 1471
314 1539
314 1699
314 1844
314 1878
314 1958
314 2268
314 3230
314 3293
314 3430
314 4542
314 5231
314 5331
314 5798
314 6366
314 6614
314 9610
314 9620
314 9696
314 9722
314 9756
315 878
315 990
315 1353
315 2949
315 3954
315 4615
315 5309
315 6107
315 6430
315 7219
315 9927
317 335
317 631
317 1047
317 8239
317 9572
318 2463
318 4465
319 2604
319 5480
319 6208
319 6445
320 737
320 3454
320 6212
320 7761
322 9565
323 527
323 786
323 833
323 2676
323 4599
323 8119
324 5032
325 541
325 1326
325 2185
325 2665
328 486
328 624
328 1073
328 6519
328 6664
328 6839
328 7760
329 1876
329 2741
329 3512
329 3559
329 4518
329 5115
329 6243
329 6920
329 7607
329 7794
329 7994
329 9020
330 3130
332 1536
332 8107
332 9296
332 9416
333 2839
333 3376
333 4076
333 4466
333 6016
335 787
335 800
335 3245
335 4084
335 4452
335 8145
335 9333
336 9268
336 9576
337 438
337 924
337 1233
337 1980
337 1988
337 2801
337 3774
337 6565
337 9791
338 1727
338 5702
338 6336
338 8330
341 1694
341 1763
341 2358
341 2491
341 3674
341 5807
342 720
344 5041
344 6480
344 7466
345 404
345 4371
345 4984
346 776
346 1642
346 1981
346 3835
347 1519
347 2271
348 2856
348 3644
349 369
349 427
349 458
349 566
349 1131
349 1576
349 1686
349 2810
349 3298
349 3349
349 3826
349 4459
349 4841
349 4859
349 5196
349 6365
349 8113
349 8734
349 9121
350 2971
351 705
351 755
351 1043
351 2506
354 6189
354 6381
355 1350
355 1409
355 1416
355 4294
355 7012
355 7063
355 7447
355 8924
357 948
357 1428
357 2450
357 4198
357 5881
359 399
359 711
359 794
359 1007
359 1034
359 2655
359 3557
359 9587
360 375
360 553
360 558
360 641
360 746
360 1342
360 1565
360 1566
360 2170
360 2756
360 3299
360 3556
360 3714
360 5035
360 5582
360 6284
360 7957
360 8380
360 8463
360 9280
360 9931
363 482
363 816
363 1266
363 1851
363 4975
363 5197
363 5240
363 5368
363 6074
363 6969
363 8997
364 2006
364 2098
365 394
365 1333
365 8410
366 447
366 487
366 571
366 647
366 845
366 1915
366 6757
366 7048
367 972
367 1042
367 2616
367 4013
367 8146
367 9553
368 913
368 1021
368 1347
368 1500
368 1550
368 1693
368 1821
368 1985
368 4169
368 5543
368 7343
368 8217
368 9828
368 9840
369 1534
369 2159
370 757
370 1304
370 4772
370 7671
372 881
372 1652
372 3215
372 3389
374 3101
374 8651
375 1063
375 1214
375 1705
375 1959
375 2038
375 2907
375 3039
375 3760
375 4272
375 4922
375 5526
375 7803
376 1029
377 430
377 1022
377 1282
377 2781
377 4447
377 7798
379 2543
379 2807
379 4345
379 4623
379 6031
379 7259
379 8885
380 740
381 2487
381 5959
381 7992
382 1048
383 715
383 1555
383 7294
384 626
384 1121
386 928
386 7245
386 9889
387 603
387 908
387 1493
387 3645
387 4278
387 6760
387 7000
388 1414
389 1613
390 8059
391 710
391 851
391 3428
391 6557
392 735
392 2603
392 7484
393 5233
393 5811
393 7157
394 1164
395 935
396 1916
396 9402
398 660
398 791
398 1485
398 6077
399 445
400 633
400 1229
400 1375
400 1540
400 1543
400 2758
400 3004
400 3121
400 3189
400 3776
400 5516
400 5960
400 7504
400 7858
401 856
401 927
401 1038
401 1171
401 1800
401 2563
401 7191
401 8541
402 5107
404 499
405 1975
405 6200
405 6242
405 6290
405 6945
405 9923
406 442
406 1505
406 2447
406 2611
406 3193
406 3465
406 4230
406 5697
406 5845
406 7795
406 8464
406 8557
407 1049
407 1905
407 2008
407 2062
407 3034
407 3119
407 3282
407 5164
407 6311
407 6695
408 919
408 1312
408 7151
408 7956
408 9057
409 636
409 1753
409 2097
410 4309
412 3171
413 1455
413 2108
415 5177
416 417
416 1813
416 1823
416 2119
416 5826
416 7910
416 9009
416 9514
417 685
417 2104
417 2990
417 8345
417 9741
420 3142
420 4295
421 1709
422 564
422 2808
422 3199
423 3570
426 581
426 6041
426 6424
427 557
427 707
427 1107
427 2500
427 2598
427 2609
427 3025
427 3036
427 3107
427 5084
427 5319
427 7210
427 8296
427 9078
427 9938
428 478
428 837
428 1629
428 2183
428 2252
428 2292
428 2412
428 4234
428 4802
428 6036
429 4836
430 3595
430 6997
431 4216
431 4953
431 5504
431 6054
431 9235
432 1747
433 992
433 1045
433 1288
433 1508
433 1682
433 2956
433 3702
433 4586
433 4923
433 6714
433 6837
433 9591
434 570
436 8047
437 9397
438 7640
439 850
439 1084
439 1305
439 5569
439 7148
440 587
440 614
440 654
440 891
440 3141
440 3228
440 5373
440 6747
440 6838
440 7715
440 7781
440 8264
440 9432
440 9454
440 9949
441 774
441 1476
441 3170
441 3630
441 3914
441 9039
442 873
442 894
442 2479
442 2933
442 3047
442 5037
442 5484
442 5651
442 6097
442 7098
442 9755
443 750
443 997
443 2396
443 2443
443 4665
443 5405
443 5691
443 5977
443 6053
443 6495
444 983
444 1019
444 1484
444 1986
444 2844
444 2982
444 2994
444 5680
444 5994
446 3568
446 6125
446 9809
448 4210
449 6927
450 485
450 1818
450 4399
450 4688
450 4870
452 508
452 699
452 1113
452 1143
452 1415
452 3205
452 4226
452 4958
452 5212
452 5392
452 9917
453 980
453 1044
453 1183
453 2540
454 1354
456 551
456 562
456 1015
456 1297
456 2355
456 2375
456 2646
456 3301
456 5083
456 6549
456 6603
456 7412
456 9124
456 9256
456 9379
456 9830
457 1751
457 6280
457 7303
459 708
459 6000
460 709
461 5728
462 932
462 1598
462 2065
462 6131
462 8616
463 2518
463 6758
464 1215
464 1290
464 1957
464 2592
465 1255
465 2912
465 3043
465 4428
465 6245
465 7224
465 9503
466 2336
467 1583
467 1945
467 6901
467 8116
467 8525
469 532
469 645
469 3090
470 484
470 1144
470 8023
471 597
471 1380
471 2246
471 3535
471 7125
471 7706
472 1623
472 3185
472 5488
472 8118
472 8326
473 761
473 896
473 1217
473 2089
473 2511
473 3701
473 5895
473 6153
473 6240
474 676
474 1982
474 3265
474 7277
474 9779
475 8702
477 1433
477 1814
477 2555
477 2779
477 2849
477 3632
477 4142
477 4254
477 6026
477 6126
477 6165
477 7087
477 8075
479 672
480 1664
480 1786
480 5539
481 3676
482 5563
482 8320
482 8775
484 552
484 1418
485 2672
485 3718
485 7641
486 586
486 4694
486 6998
486 7653
486 7683
486 7724
486 9967
487 4705
488 795
488 1060
488 1474
488 2030
488 2948
488 3157
488 8322
488 9349
489 2516
489 5091
489 5872
489 5890
489 8227
489 9767
490 8871
491 1134
491 1698
491 2105
491 7046
492 521
492 616
492 727
492 3396
492 3603
492 4022
492 4461
492 4674
492 5069
492 6605
492 7728
493 687
493 3203
493 6659
493 8221
494 621
494 1241
494 2155
494 3523
494 4257
494 8496
497 1467
497 9598
498 1960
503 600
503 9654
504 1009
504 3563
504 3849
504 4896
504 5440
504 6675
504 7124
504 7562
504 8863
505 560
505 815
505 2662
505 7196
505 7975
506 759
506 1570
506 2638
506 2924
506 3411
506 4703
506 5034
506 5071
506 5534
506 5764
508 2657
508 4190
508 5191
508 5771
508 9601
509 758
509 1103
509 1846
509 4735
509 4853
509 9330
509 9633
512 589
512 3995
512 5817
513 2047
513 2478
513 6550
514 1111
514 1259
514 1557
514 2351
514 3854
514 5705
514 6252
514 6946
515 3833
516 864
516 1192
516 3359
516 9286
517 3560
518 7822
519 1372
519 5263
519 8546
519 9929
520 1325
520 1586
520 1964
520 8218
521 4471
522 1135
522 1603
522 1713
522 1745
522 2069
522 2977
522 3008
522 4082
522 4344
522 6002
522 6981
522 9265
522 9676
523 1092
523 1513
523 1649
523 1850
523 2755
523 3399
523 3619
523 4207
523 4213
523 6223
523 6632
523 7049
523 7209
523 7258
523 7262
523 9289
524 1115
524 1149
524 2147
524 2527
524 5064
524 6061
526 572
526 7669
527 2921
527 5344
527 7301
529 1277
529 1373
529 3890
529 8187
529 9464
530 900
531 1602
531 5980
531 6005
531 6431
531 8262
532 2046
534 1420
534 2203
534 4528
535 963
535 1807
535 4578
535 5284
535 5561
535 5768
535 7344
536 8278
537 1783
537 2371
537 7413
537 8892
538 1702
538 2788
538 5166
538 7270
538 7364
539 1046
539 1872
539 2282
539 2739
539 2987
539 5272
539 8416
539 9102
541 836
541 8033
542 5819
543 683
543 951
543 1027
543 1158
543 1574
543 1859
543 2018
543 4660
543 5388
543 7153
544 2732
544 3447
544 6583
544 7611
545 2111
545 5276
545 7435
545 7710
545 8524
548 1267
548 3264
548 4064
549 4301
549 4502
549 9437
550 1344
550 1444
550 1653
550 2121
550 2321
550 4496
551 920
551 4233
551 8844
551 8930
552 704
552 3528
552 7678
553 2640
553 7380
554 700
554 2730
554 2769
554 5251
555 6609
556 796
556 1075
556 2214
556 4582
556 4732
557 1151
558 2887
558 3037
558 6082
558 7199
558 8591
559 2636
559 2707
559 4238
559 9134
560 880
560 3334
560 4725
560 9825
561 2359
562 926
562 2368
562 5739
562 6723
562 7531
563 2186
563 9429
564 1069
564 2143
564 2861
565 879
565 1714
565 5788
565 5939
565 7681
566 9066
567 1997
567 3417
567 5755
567 6204
567 6452
567 6822
568 625
568 2623
568 7381
569 1894
569 4018
570 1099
572 4616
573 1228
573 2247
573 2349
573 2728
573 3051
573 6238
573 8135
573 9254
577 686
577 2128
577 3172
577 8267
578 3104
578 7162
579 905
579 1256
579 1582
579 3509
579 3616
579 6987
579 7421
580 1728
580 1762
580 1991
580 2525
580 3437
580 3709
580 5144
580 7282
580 7418
580 9787
581 869
581 1948
581 4325
581 5777
581 8909
581 9994
582 2594
582 9765
583 4521
583 4897
583 5930
583 6168
583 7555
583 9569
584 4263
584 7770
586 599
586 811
586 2293
586 2474
586 2694
586 3014
586 6013
586 8606
587 1132
587 2135
587 6105
587 9028
588 806
588 1089
588 1470
588 2309
588 2578
588 2753
588 2934
588 3840
588 5076
588 5200
588 5760
588 6608
588 6620
588 7194
588 7377
588 7511
588 8632
588 9848
591 939
591 1716
591 2364
591 8843
591 9380
596 681
596 2093
596 2869
596 3356
596 3804
596 5125
596 6991
596 8016
596 9942
599 883
599 950
599 1779
599 2931
599 3631
599 5015
599 5704
599 8565
601 2719
601 9480
602 1352
602 1683
602 2035
602 3916
602 7007
602 8681
602 8825
602 9634
602 9973
603 3040
604 2284
604 5974
605 4115
605 9053
606 8293
606 8816
606 9372
607 933
607 2468
607 2698
607 4253
607 5934
607 6698
610 623
610 860
610 2064
610 2277
610 2621
610 3111
610 3375
610 4819
610 5027
610 5030
610 5576
610 6197
610 6294
610 6461
610 7278
610 7903
610 8748
610 8898
610 9564
610 9718
612 2216
612 2398
613 1983
613 8660
614 5018
615 5291
616 1077
616 2204
616 4001
616 6091
616 7662
616 8178
617 1656
618 769
618 1365
618 7442
618 9403
620 1676
620 4976
621 1817
621 5293
621 5742
622 1558
622 2922
622 4644
622 4689
622 4765
622 8276
622 8810
623 3634
626 2535
626 3478
626 7315
626 8714
627 1423
627 2666
628 4453
628 4596
629 9875
630 4999
630 5517
631 1294
631 2486
631 3057
631 5656
631 6338
631 6878
631 8518
632 5003
632 5649
632 9891
634 1627
634 6912
635 944
635 1902
635 2130
635 2877
635 7937
636 760
636 4152
636 9290
637 1332
637 1432
637 2319
637 4832
637 6594
637 7609
638 902
638 1195
638 1551
638 3985
638 4181
638 4255
638 8687
638 9729
639 1169
639 4027
639 6750
641 5781
642 968
642 6857
642 7450
643 846
643 3694
643 3948
643 8943
645 875
645 1293
645 1951
645 2023
645 5066
645 6483
645 7175
648 3810
649 695
649 6574
650 2275
650 5518
650 7534
650 9017
654 744
654 1123
654 2255
654 9618
655 9328
656 7945
658 1006
658 4872
658 6160
658 6951
658 7006
659 2134
659 2384
659 4979
659 9538
660 3479
660 8516
660 9287
662 1928
662 8874
663 2746
663 4330
663 6069
663 7139
663 7991
663 9707
666 4133
666 8274
668 712
668 906
668 6834
668 7286
668 8669
669 1711
669 3558
669 6624
671 9915
672 754
672 2944
672 5223
672 5883
672 5986
672 6943
672 7400
673 3745
674 1201
674 4000
674 8787
675 1661
675 2556
675 2708
675 3338
675 3461
675 3611
675 4030
675 4387
675 4657
675 5430
675 5590
675 5597
675 6409
675 6444
675 7951
676 1272
676 1499
676 2464
676 2720
676 3094
676 3374
676 5134
676 5193
676 9375
677 946
677 1033
677 1605
677 4775
677 8903
678 6089
679 1180
679 1322
679 8039
680 782
680 2198
680 2460
680 3049
680 3202
680 3887
680 6807
680 7246
680 9671
680 9822
681 798
681 1395
681 3217
681 3272
681 3943
681 5151
681 5384
683 1547
683 2016
683 8583
683 8592
684 1263
684 1374
684 1545
684 1606
684 2559
684 4503
684 5153
684 8914
684 9805
685 2888
685 4340
687 763
687 2051
687 4240
687 4427
688 5399
694 1295
694 3553
694 7773
694 7878
695 2442
695 5445
695 5483
695 7089
695 8559
697 5493
698 1249
698 2847
698 6773
698 7238
698 8576
699 4242
699 8823
700 2593
700 4733
700 5237
702 717
704 9357
707 5002
708 7324
708 7384
709 777
709 1670
709 8486
710 1343
710 1740
710 1741
710 2481
710 4009
710 4170
710 4491
710 4905
710 4926
710 5021
710 6192
710 7420
710 7740
710 9512
711 4056
713 2960
713 4397
714 6751
717 1628
717 2179
717 4604
718 1218
718 2576
719 2608
719 4612
719 9700
720 829
720 1417
720 2045
720 3820
720 4468
720 4683
720 5622
720 6003
720 8595
720 9137
722 1302
722 1488
722 2020
722 2467
722 3022
722 3083
722 4418
722 5282
722 5397
722 5408
722 6652
722 6895
722 8854
722 8922
723 1933
723 3579
723 4475
723 9082
724 4483
724 7799
724 8035
724 8303
726 2880
727 4813
728 2138
731 1863
731 7340
732 1396
732 3075
734 4989
737 1447
737 2431
737 5699
737 8238
737 8587
737 9388
738 747
738 1477
738 2480
738 3555
738 3703
740 814
740 2202
740 2437
740 2882
740 5598
740 5802
740 8740
740 8968
741 2465
741 5738
742 959
742 3493
742 3980
742 6801
743 2597
743 3240
743 3850
743 3903
743 4141
743 6569
744 938
744 1847
744 3738
744 5765
744 7723
745 8441
746 2136
746 7827
746 7894
746 9725
747 3609
747 3671
747 6049
747 8425
749 847
749 1752
749 1952
749 2696
749 2980
750 1030
753 2269
753 3115
753 6142
753 8220
754 6048
758 1845
758 1996
758 2333
758 3210
758 3452
758 5911
758 6668
760 6236
761 2834
761 6401
762 1990
762 2729
762 3383
762 3423
762 5424
763 1931
763 9278
767 770
767 1671
767 2031
767 2909
767 3925
767 7860
767 9583
768 1454
768 8232
769 5595
769 8842
770 3131
770 3997
770 5119
770 6880
770 8760
773 953
773 1094
773 1235
773 4791
773 6302
775 1080
775 1271
775 5897
775 7308
775 7467
776 2549
776 2872
776 5673
776 8766
777 2272
777 4049
778 2829
778 3237
778 4931
778 7365
778 8093
779 1469
779 4935
780 3273
781 4462
781 5537
781 5886
781 8273
781 8531
781 9363
783 974
783 1359
783 1899
783 4364
783 5570
783 6466
783 6923
783 7114
785 797
785 1697
786 2326
786 4171
786 6541
787 2190
787 2793
788 1320
788 2502
788 4370
789 4005
789 5822
789 6207
789 7542
791 965
791 2171
792 1085
792 3108
792 6288
793 2235
793 4763
794 1064
794 4120
796 4654
797 9005
797 9844
798 1303
798 3451
798 9627
799 3959
800 822
800 941
800 1419
800 1512
800 1577
800 1787
800 2831
800 5509
800 6226
800 9150
800 9499
800 9720
803 2504
803 4156
803 9104
804 8818
806 7445
807 2348
807 9281
808 2032
808 4520
809 3856
810 844
810 848
810 5075
810 5630
810 7222
811 2057
811 6322
811 9405
812 6164
813 1865
813 1938
813 4070
815 818
815 1764
815 2645
815 7276
815 7698
815 7791
815 8991
816 1662
816 1729
817 1355
817 4820
817 6363
818 2236
818 2828
818 3042
820 5007
821 3125
821 4073
824 1291
824 3744
824 5851
824 9771
825 1157
825 1621
825 1700
825 3872
826 838
826 5618
826 6042
826 7687
828 1109
828 2380
828 4728
828 4950
828 6744
828 8547
829 1696
829 2043
829 3902
829 3961
830 1345
830 3068
833 2868
833 2940
833 5224
833 6829
833 7034
834 1567
835 1378
835 1949
835 2584
835 2663
835 3100
835 4710
835 6728
835 7115
835 7159
835 8343
835 8370
835 8624
837 1483
837 2127
837 4405
838 2385
838 7356
839 2225
839 4362
839 4450
839 8279
839 9321
839 9823
840 2125
840 5848
840 5954
840 9393
841 1734
842 3123
843 1053
843 1739
843 5515
843 9813
844 4541
845 2773
845 6882
846 2409
847 1707
848 1236
848 1382
848 3402
848 5679
849 1056
849 1242
849 3174
849 3300
849 3930
849 4320
849 6127
849 7763
850 1941
850 2007
850 5441
852 3708
853 6184
855 1560
855 1704
855 2701
855 3594
855 4566
855 4580
855 7207
855 8356
855 9360
855 9490
856 888
856 1870
856 6006
859 1129
860 994
861 868
861 1663
861 1769
861 2220
861 6282
861 9189
862 1710
862 9147
863 1240
863 4752
863 4924
863 8662
863 8969
863 9684
863 9731
865 1187
865 1906
865 4217
865 4692
865 5182
865 5625
865 6255
865 7449
866 2287
866 2373
867 4367
868 1106
868 1251
868 1407
868 1552
868 1737
868 2010
868 2778
868 2964
868 3613
868 4827
868 5113
868 5417
868 9196
868 9737
869 1965
869 8613
870 4568
870 6537
873 2553
873 2973
873 3244
873 5957
873 9483
874 3156
875 1518
876 2736
876 6230
877 1261
877 8655
879 8352
881 2399
881 6384
881 7505
881 8744
882 2946
882 9021
883 2129
883 4952
883 6072
883 7599
884 2846
884 7342
884 8468
885 2163
885 2424
885 6407
886 4957
886 6060
886 6411
888 1234
888 2458
888 3979
888 4799
888 5706
888 5907
888 6371
888 6391
888 7077
888 8554
889 2499
889 7497
890 942
890 998
890 2261
890 2490
890 3366
890 6289
892 1065
892 1788
892 1869
892 3082
892 3658
892 7320
892 7576
892 7880
892 8081
892 8436
892 9580
893 1319
895 1283
895 2391
895 5379
897 2429
897 4467
897 4524
898 1318
898 8144
899 3196
900 2617
900 3550
900 7906
900 8037
900 9031
902 6618
903 1523
903 3173
903 3612
903 4249
903 8763
904 1408
904 7934
905 1681
905 3166
905 3878
905 6522
905 6795
905 7369
907 8581
908 5095
908 5252
909 2034
909 2803
909 2969
909 4490
909 8177
911 1421
911 2060
911 3599
912 2314
912 3894
912 4388
913 1068
913 4519
914 2550
914 2771
914 7526
914 7588
914 8088
915 1496
915 1934
915 5652
916 1116
917 1281
918 1587
918 3000
919 2900
920 1039
920 1072
920 3700
920 3712
920 5204
920 7570
920 7780
920 8521
920 8654
921 1154
921 3727
921 6232
921 7105
921 7617
921 7730
921 9212
921 9691
922 1197
922 1943
922 3045
922 3466
922 3830
926 5383
929 2937
929 7217
930 4546
931 1475
931 9361
932 2916
933 2251
933 2857
933 3597
933 5852
933 5975
933 8872
934 5901
938 1404
938 5262
939 2106
941 1016
941 1317
941 1571
941 1657
941 1999
941 2426
941 2871
941 3150
941 3929
941 4208
941 6193
941 7015
941 8029
941 8798
941 9359
941 9913
942 1692
942 1726
942 2873
942 3064
942 3084
942 3328
942 3618
942 5278
943 1273
944 2955
945 1898
945 4589
945 6631
945 7853
945 7965
948 3940
948 8009
950 954
950 1250
950 2742
950 4758
950 5271
950 7675
951 3011
956 5353
957 1005
957 3127
958 4205
958 5288
958 8761
959 5637
960 3755
960 4882
961 1482
961 2582
961 4954
961 8719
964 4738
964 6143
965 5611
965 7018
966 1035
966 2012
966 2388
966 5142
966 5619
966 7204
967 1367
967 1701
967 4934
970 2573
970 3242
970 5577
971 1462
971 3092
973 1925
973 5887
974 1095
975 5583
976 1287
976 4959
976 6348
977 6352
979 3058
979 4552
979 9525
980 9297
981 6958
981 8055
983 7884
984 2201
985 7969
986 4266
987 2750
987 2812
987 2972
987 5017
987 5139
987 6463
988 1479
988 4460
988 7464
989 1130
989 1889
989 5948
989 6129
989 6567
989 9962
990 1511
990 2238
990 2581
990 8723
992 5776
994 1018
994 1036
994 3392
994 8325
994 9773
995 2875
996 1207
996 2250
996 4209
997 1725
997 3226
997 6511
997 6616
997 8122
998 1811
998 2579
998 6130
998 9347
999 2697
999 2874
999 3935
999 6915
1000 4744
1001 2814
1001 3212
1001 4941
1002 1768
1002 4753
1003 1004
1003 1074
1003 1097
1003 1563
1003 2115
1003 2370
1003 3214
1003 4444
1003 4570
1003 5048
1005 4436
1005 4980
1005 7615
1010 1252
1010 2757
1010 6202
1011 1126
1011 1329
1011 2795
1011 4041
1011 7212
1011 8644
1013 4319
1013 5068
1013 9394
1014 1163
1014 2722
1015 1626
1015 3209
1015 4636
1016 9592
1017 2835
1017 7748
1018 4202
1019 2689
1019 2983
1019 9658
1020 1028
1020 1247
1020 2488
1020 2656
1020 2794
1020 2895
1020 7152
1021 4843
1021 5606
1022 2324
1022 8258
1023 1614
1023 2862
1023 5273
1024 8953
1026 8756
1027 1591
1029 5785
1029 7813
1033 2453
1033 2669
1033 6906
1033 7783
1033 8248
1033 8520
1033 9481
1034 1324
1034 1481
1034 2827
1034 3136
1034 3548
1034 3678
1034 4139
1034 4676
1035 1853
1036 3965
1038 1096
1038 1400
1038 4778
1038 8349
1038 9711
1039 1140
1039 1150
1039 1875
1039 2017
1039 2560
1039 3336
1039 4187
1039 5097
1039 6881
1039 9488
1041 1489
1041 4078
1041 7670
1042 1392
1042 1445
1042 1529
1042 4306
1042 7200
1043 5370
1044 9022
1045 1285
1045 2700
1045 2818
1045 7158
1045 7719
1047 1439
1047 1891
1047 2850
1047 3327
1047 4088
1048 3204
1050 8700
1051 1877
1051 2411
1051 3564
1051 5729
1052 2189
1052 2684
1053 1220
1053 2402
1053 2454
1053 4670
1053 6040
1053 6337
1053 8891
1055 3243
1056 2019
1056 6166
1057 1744
1057 4610
1057 4983
1057 9325
1059 1393
1059 3009
1060 1331
1061 1886
1063 5609
1063 6977
1063 8777
1064 8134
1065 6085
1065 7610
1067 1617
1067 1684
1067 2740
1067 4191
1067 8347
1068 2713
1069 4501
1070 6911
1071 1465
1071 1936
1071 2501
1071 2706
1071 2954
1071 3188
1071 3807
1071 4173
1071 5695
1071 6357
1071 7261
1072 1590
1074 1501
1074 1648
1074 3707
1074 5465
1075 4937
1076 4077
1076 4408
1076 7005
1076 9225
1080 1087
1080 3947
1080 5234
1080 5754
1081 5875
1082 5968
1082 7136
1083 1306
1083 9392
1085 4437
1085 6264
1085 6433
1085 7331
1085 8476
1086 2692
1087 6354
1087 7122
1088 5520
1089 1944
1090 1264
1090 1517
1090 1522
1090 2913
1090 3329
1090 3350
1090 3541
1090 4678
1090 5608
1090 8413
1091 3863
1091 4893
1091 5314
1092 9608
1093 2726
1093 3053
1093 6410
1093 8826
1094 7330
1094 7438
1095 1369
1095 2267
1095 6843
1095 7691
1096 1461
1096 1588
1096 1815
1096 3620
1096 4445
1096 8580
1097 2290
1097 5098
1097 7172
1098 1935
1098 3124
1098 4321
1098 7637
1099 1268
1099 1300
1099 1640
1099 2073
1099 2178
1099 2297
1099 2809
1099 5183
1099 5756
1099 5880
1099 6012
1099 7144
1099 7368
1099 7663
1099 8026
1099 9058
1100 1994
1100 3288
1100 3910
1100 8402
1101 2041
1104 3231
1106 2215
1106 2641
1106 9250
1111 3467
1111 6231
1112 1749
1112 1909
1116 1172
1116 1411
1116 1595
1116 1638
1116 2144
1116 2523
1116 4928
1116 6748
1116 8034
1116 9303
1117 6708
1118 5261
1120 1156
1120 3596
1120 4215
1120 4271
1121 4680
1122 8404
1122 9757
1123 1403
1124 1199
1124 4323
1125 2085
1125 2328
1125 8959
1125 9170
1126 4396
1126 7273
1126 7510
1128 1601
1130 3482
1131 7272
1132 1153
1132 1155
1132 1296
1132 2172
1132 3194
1132 5257
1133 3503
1134 4691
1137 8752
1137 9717
1138 8936
1139 1778
1139 6787
1141 3501
1141 4514
1141 6079
1141 7587
1142 2400
1142 6539
1145 2599
1145 8054
1146 3148
1146 3500
1146 3767
1146 7131
1146 8722
1147 3270
1148 6888
1149 6308
1149 7836
1150 2164
1151 2530
1152 1892
1152 2783
1152 3641
1152 6215
1152 6462
1152 6913
1152 8154
1153 6883
1154 1641
1154 6451
1154 7288
1154 7979
1155 1530
1155 1572
1157 1185
1157 1785
1157 2302
1157 3788
1157 4681
1157 8573
1157 9621
1160 7898
1160 9472
1162 1748
1162 1849
1162 1864
1162 2156
1162 3896
1162 7731
1163 5104
1163 9614
1164 4310
1164 8923
1166 2169
1167 1871
1169 4488
1170 2369
1171 4201
1171 4600
1171 6356
1171 7911
1172 7165
1173 5976
1176 2262
1177 4031
1177 4443
1180 1284
1180 5920
1182 3768
1182 3853
1182 3919
1182 9678
1184 1537
1184 1789
1184 3109
1184 3879
1184 8190
1186 1219
1187 7180
1190 2615
1190 5338
1191 2785
1191 5743
1191 6128
1191 6976
1191 7495
1191 8065
1191 8600
1192 7019
1193 3183
1197 1431
1197 1651
1197 3468
1198 2784
1199 8092
1200 1922
1200 2208
1200 3438
1200 3794
1200 6841
1200 7173
1200 9959
1201 1503
1201 3311
1204 7848
1206 3032
1206 9792
1210 2304
1210 5522
1210 6871
1210 8941
1211 3387
1215 2492
1215 3538
1217 3263
1217 5917
1217 5931
1217 7579
1219 1883
1219 1968
1219 3637
1219 3971
1219 4996
1219 9219
1221 1604
1222 1918
1222 6340
1225 6671
1225 7618
1225 8815
1228 5394
1229 1441
1229 1637
1229 2763
1229 3993
1229 4138
1229 5926
1229 6798
1229 9948
1230 4311
1230 5454
1230 5536
1230 5626
1230 6420
1230 6962
1230 7656
1231 4786
1233 2602
1233 5130
1235 3360
1235 4646
1235 7426
1235 7847
1238 6297
1239 1265
1239 6211
1240 4632
1240 5286
1241 1463
1241 1730
1241 3089
1241 4449
1241 4499
1241 9214
1242 8697
1243 2883
1243 4807
1243 5844
1245 3027
1245 4619
1246 4333
1246 5148
1246 9536
1248 6756
1248 8307
1248 9341
1248 9459
1249 2001
1249 5213
1249 9178
1251 1679
1251 1828
1251 3476
1251 5147
1251 6386
1253 4614
1254 8350
1255 5551
1257 1443
1257 4500
1260 7432
1260 7850
1262 7354
1262 9210
1263 1368
1263 1385
1264 4235
1264 5059
1264 7461
1266 1327
1266 3306
1266 9191
1267 1346
1267 9182
1268 3001
1268 4848
1268 6304
1268 6667
1270 5347
1273 4889
1273 7793
1274 1339
1274 3361
1274 6044
1274 6613
1274 6628
1276 2678
1276 3950
1276 4722
1277 1830
1277 5842
1278 1437
1278 5859
1278 6421
1278 6982
1278 8856
1279 5674
1279 6948
1280 2077
1283 3388
1284 2664
1284 5661
1285 7392
1286 1338
1286 3258
1286 3517
1286 5244
1286 7095
1286 7892
1286 8243
1286 8263
1287 1724
1288 2509
1288 6482
1290 6739
1290 7390
1292 2798
1292 9644
1294 1497
1294 2544
1295 4879
1296 1691
1296 2343
1296 2650
1296 4484
1296 6314
1296 6740
1296 9415
1297 2154
1297 5733
1297 6155
1297 6372
1298 5300
1299 1412
1299 1798
1299 5568
1299 5970
1299 8017
1300 2207
1303 2199
1303 2512
1303 2917
1304 5937
1305 2643
1305 6057
1307 2531
1307 3353
1307 3724
1307 6034
1307 8294
1307 9955
1310 3585
1310 5565
1310 6045
1312 3267
1317 2838
1317 5216
1317 7727
1318 1797
1318 7492
1318 7932
1319 4377
1321 1451
1321 2967
1322 5909
1323 1520
1323 4512
1323 4593
1323 5275
1323 9497
1324 4350
1327 2088
1327 2688
1327 3624
1327 4911
1327 7299
1329 8110
1331 7127
1333 3815
1333 5494
1334 8537
1336 3278
1336 7725
1337 1838
1337 7920
1337 8897
1339 3285
1340 1930
1340 4385
1340 7867
1341 4723
1341 6988
1342 4730
1342 4851
1342 6397
1342 8291
1344 1615
1344 2150
1344 9694
1345 3337
1345 4212
1345 5540
1345 6120
1345 6287
1345 7178
1345 8984
1347 1568
1347 2648
1347 4244
1347 5131
1350 8478
1353 1792
1355 3405
1355 4401
1355 5527
1356 1767
1357 2087
1357 4128
1357 8223
1359 3489
1360 1533
1360 8362
1362 1532
1362 1812
1363 2254
1363 3118
1363 5299
1365 4510
1365 5815
1365 6146
1365 8601
1367 6144
1367 6332
1367 7137
1368 6640
1369 4010
1371 1827
1371 6504
1374 1831
1374 1856
1374 2517
1374 5900
1374 7963
1374 8257
1375 8400
1377 4553
1377 4920
1380 3587
1380 4440
1380 6449
1382 8226
1383 2526
1385 7283
1385 7516
1386 2263
1386 7214
1387 2279
1387 4359
1387 7927
1387 9456
1388 2173
1389 2322
1389 2570
1389 3233
1389 3475
1391 2577
1392 2631
1392 7823
1393 1677
1393 9537
1394 7387
1394 9867
1395 3144
1395 4782
1395 7738
1398 4477
1399 1743
1399 3443
1399 3682
1399 6623
1399 8790
1400 3819
1400 4811
1400 8083
1402 4012
1402 4189
1402 5348
1402 5523
1402 7775
1402 8715
1402 8716
1402 8877
1403 2011
1403 7566
1403 9014
1404 2347
1404 4659
1406 3413
1406 4766
1406 6388
1407 1953
1407 3905
1407 7680
1407 8477
1407 8987
1407 9836
1408 2864
1408 3317
1408 3502
1408 7247
1408 9661
1409 5667
1409 6106
1409 7311
1411 2329
1411 3002
1411 4492
1411 7126
1411 7998
1414 1835
1414 2817
1415 3112
1415 3748
1415 6154
1415 6791
1415 9215
1416 1498
1416 1732
1416 1826
1416 3257
1416 3432
1416 5553
1416 5918
1416 6021
1416 6222
1416 7328
1416 7472
1416 9732
1419 1913
1419 3026
1420 3981
1420 9407
1422 4892
1422 6983
1422 8252
1422 8570
1423 3989
1423 6827
1423 8050
1426 5014
1426 9727
1427 1506
1427 1921
1427 2421
1427 3505
1427 4818
1427 9229
1428 3988
1429 2630
1429 5404
1429 6250
1429 9558
1430 6310
1430 7802
1431 3059
1431 6067
1432 1573
1433 5411
1434 2654
1434 3364
1434 6707
1434 7069
1434 7287
1435 1874
1435 2432
1435 3333
1435 6545
1437 2397
1437 4368
1437 5106
1437 5804
1437 6295
1437 7176
1438 1440
1438 1825
1438 3858
1438 6058
1438 8712
1438 9504
1442 5450
1442 6651
1445 1464
1445 2283
1445 2760
1445 4118
1445 7437
1449 1680
1449 5099
1450 1460
1451 9305
1453 7747
1453 9990
1454 1794
1454 3178
1454 5602
1455 6394
1455 8391
1456 1668
1457 8042
1457 9291
1459 3048
1459 4556
1459 4635
1459 5721
1459 8619
1461 3781
1463 2652
1463 2791
1463 3284
1463 4101
1463 6502
1465 7606
1466 8096
1467 1777
1468 7974
1469 1772
1470 7494
1471 5663
1473 1992
1474 7917
1475 3886
1478 4777
1478 6320
1480 1672
1481 7100
1482 8881
1484 7265
1488 2473
1488 5228
1488 6344
1488 9042
1488 9069
1490 2910
1490 3715
1490 5746
1490 6367
1491 3018
1491 7228
1491 7843
1492 7441
1493 1646
1493 8376
1495 1756
1495 6101
1495 7231
1495 8219
1495 8599
1495 9107
1500 1956
1500 2249
1500 2667
1500 4174
1500 5407
1500 6783
1500 7958
1500 8408
1501 4534
1501 5718
1502 2036
1502 3643
1502 4505
1502 5062
1502 6361
1502 6663
1502 8870
1502 9027
1505 2612
1505 5072
1505 8259
1506 3572
1506 8250
1506 9037
1510 1942
1510 8317
1512 2547
1512 5809
1512 5847
1512 7745
1514 3006
1514 4392
1514 5317
1516 2938
1516 7059
1516 9024
1517 2936
1519 5677
1521 3736
1521 4426
1521 6509
1523 6592
1523 9870
1525 7866
1526 2997
1526 7953
1526 9320
1527 5281
1528 4126
1528 5082
1529 3425
1532 4081
1533 1687
1533 2618
1534 2040
1535 4486
1537 9246
1538 1562
1538 5285
1538 5474
1538 6853
1539 2653
1540 1810
1541 1757
1541 5631
1543 2107
1543 4251
1543 8149
1544 3372
1544 3456
1544 8727
1545 4699
1546 3255
1547 7525
1547 8114
1548 5451
1549 6443
1551 6260
1553 3720
1553 3977
1553 5236
1553 7651
1553 8577
1554 1708
1554 2084
1554 2167
1554 4382
1554 4867
1554 4985
1554 6547
1554 7486
1554 9317
1555 4280
1555 8694
1555 9833
1557 4545
1559 2356
1559 3102
1559 5795
1559 9441
1560 6639
1561 3433
1561 3783
1561 9868
1562 9152
1564 2471
1564 5894
1565 1868
1565 5322
1566 1723
1566 1897
1566 7766
1566 9501
1569 3283
1569 7673
1572 3012
1572 4746
1572 4828
1573 9897
1574 1593
1574 2637
1575 1834
1575 2493
1575 2762
1575 3065
1575 5532
1575 7602
1577 4034
1578 1630
1578 6949
1578 7537
1579 3316
1580 6944
1581 3704
1584 4150
1586 8538
1587 2015
1588 9916
1589 2520
1592 5124
1593 2240
1598 3281
1599 7478
1600 3893
1601 9312
1603 2346
1603 2930
1603 2939
1603 4687
1603 7434
1603 7930
1603 8726
1604 1987
1604 3976
1606 6379
1606 7427
1607 6833
1609 3800
1609 6472
1613 1910
1615 8152
1616 8401
1619 6217
1621 2596
1621 2629
1621 4803
1621 6385
1621 8053
1621 9181
1625 3626
1625 3869
1625 6648
1625 6954
1626 1860
1626 4107
1626 5396
1627 4228
1627 5042
1627 8813
1628 5468
1628 6209
1628 8758
1629 4063
1629 4875
1635 4148
1635 4990
1635 6377
1635 8069
1635 8212
1635 8433
1638 2146
1638 5613
1638 8285
1638 8921
1640 6721
1641 1660
1641 2021
1641 5472
1641 8225
1641 9052
1644 2378
1644 4218
1646 1820
1646 6323
1646 8569
1647 2947
1651 3723
1651 7597
1651 9947
1652 7901
1653 3625
1653 4549
1655 3223
1655 3346
1655 3832
1655 4662
1655 5713
1655 6274
1655 6526
1655 6832
1655 7573
1655 9213
1656 1888
1656 4863
1657 2841
1657 3818
1657 4402
1657 8331
1657 9584
1658 2545
1658 5180
1658 6014
1659 2237
1665 5587
1665 5757
1665 7631
1665 7837
1665 9738
1666 4890
1668 4062
1668 4627
1668 6959
1669 2367
1669 2610
1669 3973
1669 5545
1669 8086
1669 8319
1672 7614
1675 5990
1678 2274
1679 3909
1679 4221
1679 4629
1679 7772
1679 7943
1680 3448
1681 2242
1681 3224
1681 4317
1681 4965
1681 5350
1681 5696
1681 8489
1683 2533
1683 3087
1684 2601
1684 3135
1686 7226
1687 1970
1687 3249
1687 4770
1687 9094
1688 3457
1688 5046
1690 2984
1690 3239
1690 3638
1691 4830
1691 8720
1693 7889
1695 8929
1696 3601
1696 5433
1696 5927
1697 1929
1697 2090
1697 2417
1698 4346
1698 5090
1698 6298
1701 3235
1701 3294
1702 4412
1702 5356
1702 8933
1705 3211
1705 4163
1706 1950
1707 3876
1707 5749
1707 6030
1707 9413
1710 4414
1711 2357
1712 1955
1712 4224
1717 3129
1717 6775
1718 1754
1718 9594
1721 5403
1722 8578
1724 2837
1724 4098
1724 4184
1724 4624
1724 5195
1724 9431
1725 4247
1725 8377
1727 5061
1728 1758
1729 3154
1729 4237
1730 1801
1731 9776
1732 2985
1735 6587
1738 7312
1740 1908
1740 2120
1740 2230
1740 2521
1740 2804
1740 3472
1740 3520
1740 4652
1740 6266
1740 7777
1740 7976
1740 8927
1741 8020
1743 2536
1743 3924
1744 4061
1744 5045
1745 3659
1745 4050
1745 6974
1746 3542
1747 2821
1747 2919
1747 4675
1747 6972
1747 7759
1747 9087
1750 4515
1751 3200
1752 1901
1752 2013
1752 3680
1755 1829
1755 1998
1755 3410
1755 7411
1756 2002
1756 3069
1756 3521
1756 3946
1758 4539
1760 5349
1761 2627
1763 2693
1763 2885
1763 3021
1763 5477
1763 5818
1763 7444
1763 9808
1764 2094
1766 1946
1766 2703
1766 3358
1766 9842
1767 2025
1767 2989
1767 4068
1767 5665
1767 6134
1767 7161
1769 3081
1769 4771
1769 7873
1770 1927
1770 4236
1770 4339
1770 4964
1770 5311
1771 9133
1772 3957
1775 2004
1775 4834
1775 7141
1775 8846
1776 5378
1776 7108
1782 6341
1783 2404
1785 2029
1785 2184
1785 2476
1785 5369
1787 3681
1788 1993
1789 4143
1789 6475
1790 4709
1791 1971
1791 4433
1791 5629
1799 4527
1799 9295
1800 4091
1801 6876
1801 7201
1802 6731
1802 8529
1803 1848
1804 5507
1804 8067
1806 6691
1809 7600
1810 5400
1810 9002
1811 2063
1811 2962
1811 5065
1812 5806
1813 5834
1814 2699
1815 2003
1815 7548
1816 5391
1816 6598
1818 5841
1819 4693
1820 3733
1820 5325
1820 8166
1820 8475
1822 7503
1824 2717
1824 4328
1824 6860
1825 4605
1825 7422
1825 8344
1826 2296
1829 9546
1831 4993
1831 5925
1831 8389
1832 3547
1833 2095
1833 2751
1833 6753
1833 8327
1836 6149
1837 2797
1837 5487
1837 7091
1837 8934
1839 5820
1841 1843
1841 1887
1842 8861
1842 9391
1844 1854
1844 2953
1844 4903
1844 7448
1847 2241
1847 4792
1847 8195
1847 8584
1848 2822
1849 2234
1849 6847
1850 6916
1851 4555
1851 5366
1852 8472
1852 9550
1854 3325
1855 6646
1856 3942
1858 4008
1858 6418
1860 8332
1862 8770
1863 2510
1863 3023
1863 4211
1863 9816
1865 3241
1865 9207
1869 2344
1869 2564
1869 3900
1869 4124
1869 6868
1870 2300
1870 3290
1870 3304
1870 3488
1870 5997
1871 8388
1871 8703
1872 5751
1872 8058
1872 9547
1875 2548
1875 3628
1875 5963
1877 7096
1878 3722
1878 4110
1879 6179
1881 3005
1881 8204
1881 9673
1883 5039
1883 5823
1883 9871
1888 2600
1888 3153
1888 4227
1888 5227
1888 8986
1889 2981
1889 3218
1889 5206
1889 6851
1890 3060
1890 4058
1890 9532
1893 2414
1895 2110
1895 7032
1897 3665
1898 2152
1898 4664
1898 6494
1898 9863
1899 3347
1899 4004
1899 8233
1901 8172
1903 3415
1903 3496
1903 9617
1906 2091
1906 4331
1906 4987
1908 3537
1908 5415
1909 2228
1909 2418
1909 2475
1909 2800
1909 9276
1909 9343
1909 9417
1910 2103
1910 3821
1910 4493
1910 9142
1912 7996
1913 2049
1913 4626
1913 6665
1914 3054
1914 8685
1917 2211
1917 9804
1919 4684
1920 6162
1923 3829
1924 6682
1924 7718
1924 7908
1925 6818
1925 7768
1926 5222
1926 6508
1926 7616
1927 4373
1927 8765
1930 4282
1930 9130
1931 2832
1932 3271
1932 8000
1933 2679
1933 3381
1933 3566
1933 9050
1938 2848
1939 3470
1939 8266
1940 2425
1940 2671
1940 3675
1940 4767
1943 1954
1943 3382
1943 7767
1943 7821
1944 2295
1944 7025
1945 9857
1946 3003
1946 4274
1946 8143
1946 9342
1949 6709
1952 2286
1952 2342
1952 3486
1952 4015
1952 4822
1952 5143
1952 5935
1952 6968
1952 7469
1952 8804
1953 2439
1954 2231
1954 3320
1954 3354
1954 5355
1954 8548
1955 2683
1955 4203
1956 2489
1957 8840
1962 4155
1964 6178
1965 3412
1966 7035
1971 9928
1972 9814
1973 8693
1975 8902
1979 2633
1979 3140
1979 4065
1979 4925
1979 9728
1980 4899
1980 7633
1982 9745
1986 2457
1986 7752
1986 9775
1987 3960
1988 3661
1988 4111
1990 2066
1990 3958
1990 6811
1990 7507
1990 8800
1996 4715
1996 6028
1996 6830
1996 7601
1998 8209
1999 3253
2001 2748
2001 8994
2002 8971
2003 2264
2003 4679
2003 9901
2004 4389
2004 6978
2006 8833
2007 2496
2007 2607
2007 7792
2008 2658
2008 3132
2008 3420
2008 5101
2008 6823
2011 2361
2014 7052
2016 2217
2016 2896
2016 6970
2018 6525
2020 2067
2020 5775
2020 7806
2024 3248
2024 3881
2024 5692
2024 8575
2025 2920
2025 3877
2026 7561
2027 4878
2027 6761
2027 8010
2027 9128
2029 6059
2030 6863
2033 3015
2035 2058
2035 2558
2035 2766
2035 7215
2035 7385
2035 7536
2035 7626
2036 2114
2036 4973
2036 8247
2036 9187
2037 7485
2041 6497
2041 6746
2042 3041
2044 4720
2048 3814
2048 6188
2048 7251
2050 6121
2051 2681
2051 4773
2051 5080
2053 3221
2056 2855
2059 2639
2059 3778
2059 5684
2059 5947
2059 6902
2059 8311
2062 3640
2062 5190
2062 5559
2064 3453
2064 3668
2064 5371
2064 6626
2064 8027
2064 9183
2066 2187
2066 2786
2066 3841
2066 4048
2066 4557
2066 5542
2066 8795
2066 9381
2066 9410
2066 9853
2066 9888
2067 5158
2067 9007
2068 2441
2069 2102
2070 2161
2071 2836
2073 4415
2073 5156
2074 2434
2074 8024
2074 9934
2077 2775
2077 9909
2078 6576
2078 9991
2079 8241
2080 2687
2083 7630
2083 9884
2088 3667
2088 4729
2089 2483
2089 3421
2089 5836
2089 6375
2092 3994
2095 8429
2097 4288
2097 4597
2098 2790
2098 3307
2098 6936
2098 7016
2098 7033
2098 7603
2099 7593
2102 4727
2102 5531
2102 5578
2102 7952
2102 9119
2102 9715
2103 2244
2103 2731
2103 3291
2103 4403
2103 5566
2104 2945
2106 9190
2109 3339
2109 6898
2109 8126
2113 6441
2113 9093
2115 2363
2116 5664
2116 8834
2117 4658
2118 2642
2120 3165
2120 7863
2121 2724
2121 2943
2121 6265
2121 6456
2121 6999
2122 3484
2122 3689
2122 4603
2122 6327
2122 6825
2122 7047
2122 7804
2124 2423
2124 8043
2124 9257
2125 3757
2126 4630
2129 3690
2132 6610
2135 2893
2136 8358
2137 5865
2139 2782
2141 5208
2141 5214
2141 6993
2141 7726
2141 9797
2142 2737
2143 8015
2144 2772
2145 2927
2145 6248
2145 6641
2145 7765
2147 7667
2152 2376
2152 5462
2152 6015
2152 7721
2155 3279
2156 6676
2157 4343
2157 6098
2157 6465
2159 2339
2159 9597
2159 9623
2161 2206
2161 3633
2161 7252
2161 7493
2161 7756
2162 3752
2163 2668
2163 5274
2167 4994
2167 6532
2169 2352
2169 5297
2170 2301
2170 2382
2170 4442
2170 6527
2171 4307
2173 4262
2173 8873
2175 2276
2175 2923
2175 3967
2175 4149
2175 8495
2175 9444
2177 3693
2178 2586
2178 3403
2178 3446
2179 2572
2179 8981
2180 3622
2180 5225
2180 7042
2180 7057
2180 8394
2182 5160
2182 5824
2182 5843
2182 7636
2182 9894
2183 4390
2183 6279
2183 6382
2183 6559
2183 7081
2183 7784
2183 8982
2186 8827
2187 3927
2187 6589
2187 8073
2188 8617
2189 3852
2189 4292
2189 8458
2193 4122
2193 4947
2193 8757
2193 9988
2197 2898
2197 3598
2197 4704
2197 8091
2198 6812
2198 6885
2198 9665
2199 9619
2202 2280
2203 9492
2204 2461
2204 3507
2204 5499
2206 3149
2206 7058
2206 9194
2207 2541
2207 6454
2212 4498
2214 5936
2214 6788
2219 2360
2219 3602
2219 8108
2221 5362
2221 8100
2222 4930
2222 8641
2224 3072
2224 5188
2229 5634
2229 7062
2229 8642
2230 2334
2230 3569
2230 7424
2232 4489
2235 4206
2235 4482
2235 6095
2236 2528
2236 4761
2236 6383
2237 4380
2237 6759
2238 2806
2238 6529
2238 7981
2241 4400
2241 8781
2242 2677
2243 5301
2243 5790
2244 3342
2244 5675
2244 7408
2244 8604
2244 8749
2244 9858
2247 4454
2248 2266
2250 6680
2251 2759
2253 2537
2253 3510
2253 5922
2254 5888
2255 4178
2256 2316
2256 2661
2256 3073
2256 3159
2256 3899
2256 6387
2257 2823
2258 3533
2258 8673
2258 9426
2260 3998
2262 2436
2262 2503
2263 6345
2264 2435
2264 5047
2265 5672
2266 3455
2266 3898
2268 2752
2268 3459
2268 8368
2269 2459
2269 3938
2269 3964
2269 9746
2270 6140
2272 2926
2272 3458
2272 9502
2275 2449
2275 6043
2275 6518
2280 3010
2280 9228
2282 7595
2284 5173
2284 8451
2287 3419
2288 4071
2288 4759
2288 5339
2288 7123
2288 7817
2292 4573
2292 4850
2292 5024
2292 6573
2292 8049
2304 2519
2304 5052
2305 6743
2306 6092
2307 2935
2307 8012
2307 8095
2308 2632
2308 8512
2308 9701
2315 2605
2316 4327
2317 4180
2318 2905
2319 9395
2324 9872
2326 3822
2327 4137
2327 7446
2327 8090
2329 3020
2329 5211
2329 5439
2330 8793
2331 3137
2331 3663
2332 4787
2333 2765
2334 9442
2336 9612
2337 6182
2337 8183
2340 6794
2341 7198
2344 4179
2344 4917
2344 8210
2346 2702
2346 8779
2347 3393
2348 5879
2349 4092
2350 3147
2353 3435
2353 5892
2353 5924
2354 4086
2354 9001
2356 7068
2358 5088
2358 9353
2367 2446
2368 2780
2368 2966
2369 2606
2369 4755
2369 4886
2369 5829
2369 9350
2370 2430
2370 5467
2371 7506
2372 6712
2373 2583
2373 4219
2373 8297
2374 8965
2375 2408
2375 3343
2375 4563
2379 2854
2379 3095
2379 5249
2379 6150
2379 6879
2379 7987
2380 2495
2380 3340
2380 3650
2382 2743
2382 4130
2382 9788
2385 8148
2387 6938
2387 9112
2388 9411
2394 4286
2394 5360
2394 7954
2395 4590
2395 8202
2396 5105
2397 4998
2398 3846
2399 2497
2400 3440
2400 4509
2400 4749
2400 5253
2400 8711
2402 2764
2404 3983
2404 9625
2406 4096
2406 4395
2407 9126
2408 4298
2410 2554
2410 4914
2411 2993
2411 3390
2411 5482
2411 7966
2413 6855
2414 3013
2414 3344
2416 3936
2416 9706
2418 6835
2418 8254
2419 4259
2420 5154
2420 8736
2420 8799
2421 7864
2421 8213
2423 5093
2424 9750
2428 2438
2429 3825
2429 5239
2429 8159
2430 5904
2432 7362
2433 5447
2434 7701
2435 3615
2435 4768
2436 6326
2437 3739
2437 4315
2438 9940
2439 4574
2442 4864
2442 6515
2443 3219
2443 4617
2444 4800
2444 5891
2445 3880
2446 2539
2446 2624
2446 7414
2450 6350
2451 8173
2451 9995
2453 3584
2453 5557
2457 2941
2458 7302
2458 8182
2459 4647
2461 2776
2461 8588
2462 2826
2462 4430
2462 6591
2462 7082
2462 9003
2464 3201
2464 8652
2464 8718
2465 5324
2465 9574
2466 2562
2466 3146
2467 3756
2467 8671
2468 4220
2469 2884
2469 6032
2470 3716
2470 7575
2470 9186
2472 5337
2472 5856
2474 2619
2474 4649
2474 5923
2474 6244
2474 8992
2476 3180
2477 7592
2479 9418
2480 4793
2483 4386
2486 2574
2486 2843
2486 4868
2486 5698
2486 6782
2486 7935
2486 8806
2488 5884
2489 8193
2490 3380
2490 3951
2490 5782
2491 4525
2491 4739
2491 6674
2491 7316
2492 6039
2492 9242
2492 9847
2493 4842
2496 3080
2497 3937
2498 7964
2509 3289
2509 4375
2509 4634
2509 5184
2509 7944
2509 9925
2509 9974
2510 3576
2510 5096
2510 9646
2511 4806
2511 9920
2512 6926
2514 7264
2515 2625
2515 6395
2517 5422
2518 5363
2523 5079
2529 3648
2529 4297
2529 6055
2529 6428
2529 9951
2531 6112
2531 7942
2533 4287
2535 3692
2535 3969
2535 7054
2536 5916
2536 7213
2536 7296
2537 2975
2537 4059
2537 8287
2538 8235
2540 8631
2543 3928
2544 3097
2545 3944
2548 9879
2549 2734
2549 4146
2552 3823
2554 3019
2554 4103
2555 2626
2556 3921
2556 4094
2556 7993
2558 7916
2559 7621
2559 8082
2560 4195
2561 2754
2562 2620
2562 3934
2562 4713
2565 7583
2566 7009
2567 9859
2569 3096
2569 8147
2570 3511
2570 5600
2570 8315
2571 2787
2572 3653
2573 5730
2573 8544
2575 3750
2578 2749
2578 5623
2579 2813
2579 5340
2579 5857
2579 7642
2579 8191
2579 9799
2581 5524
2581 8767
2582 4134
2582 6516
2586 7786
2587 7014
2590 4981
2592 9447
2593 6368
2594 3797
2595 3179
2595 8670
2597 3056
2599 3789
2600 4123
2603 4826
2605 6138
2605 6894
2605 8564
2607 3855
2607 4296
2607 5019
2607 5149
2607 6521
2609 9635
2611 6258
2612 7322
2613 4613
2613 5744
2615 9373
2616 5933
2616 6360
2616 6434
2616 6686
2619 6108
2620 5186
2620 7269
2620 9283
2621 7045
2626 7352
2632 3377
2632 4551
2633 3870
2633 5049
2633 5832
2633 8964
2635 5981
2636 4464
2636 6286
2637 7164
2637 8249
2637 9356
2639 3649
2639 4448
2639 8397
2641 4114
2641 5998
2644 2811
2645 6724
2646 8205
2647 4517
2647 4592
2647 4712
2648 3394
2652 3460
2652 3805
2652 4326
2652 8479
2652 9132
2652 9589
2654 2718
2654 3513
2654 3652
2654 5390
2654 9969
2656 5689
2656 5885
2656 8797
2656 9509
2659 3110
2660 5898
2660 8560
2662 2682
2662 2988
2663 4145
2664 6655
2665 3540
2665 4701
2665 8590
2665 9173
2666 5766
2666 8392
2669 8659
2670 3651
2670 3953
2671 3227
2674 7977
2675 3721
2675 4876
2675 5420
2675 7002
2675 9074
2677 2721
2677 3250
2677 5377
2677 6446
2678 4533
2678 5628
2678 8265
2679 3529
2680 5882
2680 7482
2681 8179
2683 4360
2684 3031
2684 3385
2685 4140
2687 7875
2692 5162
2693 9622
2695 3186
2695 3319
2695 3571
2695 3581
2695 3743
2695 4250
2695 6697
2695 7260
2696 6732
2699 5031
2702 3313
2705 5546
2705 6115
2707 5074
2709 6191
2712 3485
2712 9667
2714 7353
2715 3292
2715 3314
2719 4192
2720 5486
2720 5620
2720 9652
2721 2774
2721 3741
2721 4458
2722 8514
2724 4690
2726 3617
2728 4910
2730 9138
2732 8044
2732 9819
2734 3260
2734 3656
2734 5185
2734 7305
2734 8900
2736 3926
2741 4113
2743 3063
2743 3450
2743 3562
2743 7720
2744 7679
2746 5323
2746 5596
2746 6448
2746 6990
2746 9985
2749 3332
2752 5296
2752 6403
2760 3688
2760 6517
2760 6553
2760 6979
2760 9135
2760 9223
2760 9234
2763 5525
2764 3955
2764 7076
2764 8206
2766 3409
2766 4248
2766 6201
2768 3275
2768 5416
2777 3050
2778 5519
2779 5928
2781 3762
2781 4796
2781 4804
2781 5372
2782 7787
2782 8782
2782 9803
2785 3181
2785 3530
2785 7202
2785 8407
2786 6869
2787 3941
2787 4608
2787 6161
2788 9237
2795 5108
2798 8022
2800 4366
2803 2866
2803 6110
2804 6568
2804 7060
2805 5850
2807 4431
2807 4736
2807 6353
2807 7378
2810 6380
2810 9284
2811 6992
2812 6699
2814 5238
2814 9851
2816 3143
2816 3414
2816 3578
2816 5170
2816 5464
2816 8957
2816 9123
2816 9345
2817 5267
2817 9324
2821 7318
2823 7389
2823 9631
2826 4671
2827 9528
2828 4745
2829 8453
2829 9489
2830 6643
2831 9140
2833 8993
2835 4562
2835 8290
2836 6474
2837 3326
2837 4393
2840 3606
2842 6960
2845 9835
2846 4336
2848 3093
2848 4944
2848 5489
2850 3592
2851 3552
2851 3990
2851 4200
2851 4419
2852 7844
2856 5830
2856 6808
2858 3514
2858 5497
2858 7676
2859 7477
2860 3365
2861 8607
2861 9862
2871 9358
2871 9545
2872 3772
2874 4785
2874 4971
2878 8563
2884 2886
2884 6893
2884 7254
2884 7304
2884 8459
2885 3740
2885 4300
2887 3793
2889 2890
2889 3494
2892 4153
2893 6174
2895 6820
2895 9557
2899 6770
2899 8281
2900 4607
2903 6123
2903 7339
2903 9801
2904 5985
2904 8963
2907 3917
2907 4538
2907 6493
2907 7581
2907 7825
2909 5302
2910 3222
2911 3582
2913 6399
2913 9850
2917 3088
2917 3251
2917 5648
2918 4547
2918 5601
2918 6875
2928 9105
2930 5011
2931 5512
2931 5726
2931 7612
2931 8137
2933 5250
2933 5406
2933 5666
2935 3126
2935 5207
2935 6769
2935 6797
2936 7267
2936 7648
2937 3078
2937 3164
2937 4516
2939 6221
2941 4594
2942 4407
2943 3492
2946 5662
2950 6328
2951 3401
2951 3445
2951 9960
2954 8585
2956 6158
2957 6400
2958 6551
2961 6571
2963 5490
2963 7072
2969 7652
2970 7038
2970 7619
2971 5455
2971 7712
2972 8835
2976 9944
2976 9998
2978 4197
2978 9272
2980 8513
2981 7926
2982 4135
2982 5086
2984 8851
2987 3029
2987 8165
2988 3262
2988 7982
2988 8819
2990 6650
2990 9540
2991 8419
2995 3806
2995 4243
2995 8611
2995 8704
2995 9794
2996 3434
3000 5221
3000 7743
3000 9025
3001 5023
3001 6063
3003 8025
3004 4166
3007 5452
3009 4507
3009 6148
3012 4338
3012 4734
3012 7462
3012 9695
3013 4591
3013 4962
3013 5958
3015 3519
3015 3785
3015 4075
3015 5521
3015 5556
3015 9077
3016 7195
3016 8890
3019 9611
3020 9232
3022 4862
3026 3672
3026 4342
3027 8398
3032 4544
3032 5779
3035 7647
3036 4136
3039 4025
3039 4260
3043 3330
3046 8666
3046 9032
3048 8688
3048 8698
3049 4038
3049 8742
3049 9790
3053 8301
3054 6194
3054 6678
3054 8457
3059 3362
3060 3770
3060 4289
3060 7936
3060 8689
3061 3589
3061 3747
3061 6102
3062 4168
3063 5192
3064 6479
3064 6528
3066 6180
3066 7550
3068 3686
3070 3441
3070 6169
3070 6548
3070 9878
3071 3368
3072 3229
3073 6185
3074 4413
3077 5996
3077 9896
3082 5747
3082 7234
3086 3195
3087 3684
3090 6593
3092 9315
3093 6814
3095 6460
3098 5982
3098 7985
3101 7840
3103 6985
3106 3839
3111 4175
3111 9159
3112 4106
3112 7160
3112 9293
3114 8128
3114 8304
3115 3370
3115 4420
3115 4854
3116 4024
3117 4696
3117 6590
3118 6078
3118 7545
3120 7121
3122 3787
3122 7852
3124 7622
3124 9566
3126 3565
3131 3746
3131 6647
3135 3431
3135 3695
3135 3874
3135 5956
3135 9639
3136 9090
3140 3416
3140 5152
3141 8305
3142 9412
3148 4222
3148 7523
3151 5470
3151 9854
3152 3280
3152 4273
3153 4877
3153 6701
3155 4083
3156 5910
3157 3302
3157 5057
3157 5341
3157 5547
3157 6436
3157 7197
3159 4548
3161 7345
3162 7598
3166 3321
3166 5333
3166 5825
3169 3824
3169 5711
3171 8679
3173 8690
3174 7897
3174 9458
3177 4108
3180 3655
3180 4869
3180 9760
3182 4474
3182 8056
3183 3803
3183 4849
3183 7376
3187 5554
3187 7036
3191 4016
3192 4731
3192 5141
3192 6507
3192 9193
3195 3604
3195 4186
3195 6768
3198 7008
3198 8439
3198 8523
3198 8788
3198 9172
3199 6498
3199 8138
3201 6358
3201 6852
3204 3554
3204 3730
3204 4451
3204 5229
3204 7346
3204 8426
3207 5753
3209 6186
3211 3539
3212 3705
3215 9730
3217 4314
3217 7990
3221 5862
3222 3357
3223 5478
3224 4972
3224 8361
3227 5243
3227 6257
3227 8329
3227 8359
3227 9655
3228 9000
3230 7221
3231 6729
3233 6561
3233 8657
3235 6046
3236 4232
3236 6752
3237 3798
3237 4982
3237 6588
3237 9023
3241 3310
3241 8938
3241 8961
3245 7707
3250 6540
3254 6900
3254 9899
3256 4269
3258 3915
3264 3888
3264 5972
3268 4411
3268 5913
3270 7166
3270 9510
3272 9314
3277 4583
3278 8831
3280 3966
3282 6877
3282 8194
3282 8452
3282 9040
3283 8502
3285 3621
3288 3525
3288 4161
3288 5752
3291 5036
3291 8549
3294 4711
3295 4060
3296 5320
3297 3463
3297 3647
3300 7073
3300 7594
3300 9243
3301 8999
3303 6070
3304 9579
3305 6301
3307 4724
3307 7248
3308 5351
3309 4571
3309 4631
3310 4572
3310 5335
3313 7208
3315 7429
3317 7859
3318 8378
3322 3404
3322 6785
3322 9743
3326 8974
3328 6010
3328 7142
3328 7829
3331 4769
3334 4838
3336 7110
3337 4609
3337 4700
3337 7460
3338 6523
3339 8384
3341 6100
3345 4633
3345 5635
3345 7797
3349 4172
3351 5054
3354 3956
3354 4639
3356 3442
3357 4033
3357 4831
3358 3907
3365 4847
3365 9110
3367 8882
3371 3490
3371 9079
3375 4567
3378 3636
3380 3865
3382 8427
3383 5903
3384 8454
3385 7394
3387 9309
3388 4281
3390 4992
3393 3782
3393 7066
3394 5458
3394 5789
3395 3864
3395 4308
3395 7244
3398 7268
3398 8357
3399 8482
3401 7605
3402 3623
3402 4256
3402 5077
3402 6544
3404 9950
3405 9141
3409 8893
3411 6292
3411 6488
3411 8967
3413 4861
3414 3775
3416 6459
3416 8664
3417 3534
3417 3962
3418 7118
3420 3699
3420 5793
3420 5979
3420 6777
3420 7459
3420 8385
3424 7428
3427 5307
3428 7017
3433 4747
3433 6037
3434 5217
3434 5418
3436 4007
3440 6555
3448 9641
3449 6064
3449 7290
3451 4906
3451 8272
3451 9239
3452 3873
3456 9471
3462 3891
3462 3918
3462 4429
3462 5810
3462 9845
3464 9541
3465 9177
3473 7171
3474 3600
3475 4919
3478 7666
3481 6173
3481 7399
3481 9887
3482 3786
3482 4798
3482 6790
3482 7402
3482 9748
3483 6216
3485 4891
3486 7300
3489 7230
3489 7255
3489 7744
3491 3773
3491 3968
3491 6727
3491 8255
3492 4532
3492 6957
3493 4865
3496 5446
3497 3593
3497 7317
3498 8162
3498 9511
3501 3895
3502 5767
3502 6733
3504 5428
3505 4974
3506 7321
3506 7751
3508 4019
3512 6438
3519 4147
3522 3777
3523 7319
3523 9615
3526 4277
3528 8567
3529 5607
3529 8682
3531 5327
3531 7456
3532 6198
3532 6657
3532 9264
3532 9846
3534 4391
3535 9398
3545 5171
3546 4808
3546 7978
3546 8139
3547 4653
3551 5294
3551 7722
3552 4046
3552 6477
3552 7650
3553 4176
3553 6210
3553 7103
3554 5707
3554 6220
3555 6437
3555 9100
3556 9866
3559 7769
3560 4881
3560 5498
3563 5710
3564 6637
3568 3932
3573 5110
3573 9968
3574 3691
3574 7337
3575 6450
3578 5111
3580 7543
3581 6864
3587 4668
3588 4776
3589 6343
3590 5375
3590 5429
3590 5703
3590 6052
3593 6660
3593 7130
3595 5945
3595 9352
3596 3831
3598 6093
3599 5617
3599 6629
3602 5205
3602 9762
3605 3677
3606 9117
3607 5660
3612 5012
3615 3866
3615 5118
3615 6706
3615 6749
3616 4157
3619 4840
3620 4182
3620 5457
3621 8955
3623 5951
3623 6489
3623 7762
3625 5067
3625 7134
3628 6780
3629 3861
3629 4054
3630 9981
3632 4611
3634 8101
3635 4628
3642 6535
3642 8717
3644 5471
3644 7415
3645 7388
3645 8260
3648 9460
3650 4880
3650 9428
3656 7672
3660 3996
3660 6562
3660 6986
3662 6764
3663 6910
3663 9953
3664 5016
3665 5505
3665 6050
3665 8492
3666 4045
3666 5717
3666 7489
3667 6087
3668 6615
3668 9060
3669 8889
3675 9954
3677 7814
3684 4866
3684 5277
3688 7984
3691 6303
3691 7899
3693 5686
3693 9115
3695 4667
3697 5137
3699 9613
3703 6896
3704 5676
3708 5555
3708 5638
3709 4898
3709 5426
3709 8013
3711 7129
3712 3922
3712 4642
3713 4719
3713 5571
3713 6346
3713 9164
3717 5161
3717 7274
3719 4225
3719 6453
3719 7558
3719 7782
3720 4821
3723 6009
3728 4341
3729 9306
3730 9073
3732 6611
3733 9963
3736 9473
3738 8071
3738 8131
3741 4456
3741 4673
3741 9208
3747 4043
3747 4165
3747 5053
3747 6909
3749 7233
3751 5443
3751 8160
3752 5915
3757 4784
3761 3859
3761 5242
3762 5199
3765 7280
3770 5889
3773 9091
3774 5792
3775 3812
3775 5198
3775 5387
3775 6213
3781 7824
3783 9389
3788 4641
3790 8365
3794 6425
3797 4154
3799 3813
3801 6677
3801 6793
3802 6086
3804 5538
3805 5801
3807 5266
3807 6033
3807 7530
3808 9672
3809 6181
3812 8438
3815 3904
3817 4285
3818 7528
3825 4057
3825 6362
3825 7093
3830 4035
3830 4535
3830 5305
3837 4131
3837 5230
3837 9166
3837 9783
3839 4887
3845 4536
3845 6103
3852 4223
3852 9680
3854 5647
3855 6802
3859 7298
3859 7395
3859 9800
3861 6681
3862 7193
3862 9311
3865 8170
3868 4940
3868 5194
3872 9054
3873 6636
3873 9327
3874 4074
3876 7970
3879 5346
3882 8375
3882 9713
3885 6711
3886 4438
3886 5436
3886 9903
3887 4656
3887 7692
3887 8167
3887 9886
3893 4702
3893 5352
3894 4750
3894 5653
3894 6278
3897 9724
3898 5621
3898 8415
3898 9500
3899 4873
3901 5136
3901 6800
3901 8342
3906 4055
3909 4127
3910 5040
3912 4487
3913 4441
3913 5033
3914 4508
3914 7750
3914 9864
3922 6075
3923 5329
3926 4485
3926 4677
3926 5081
3926 8571
3927 6389
3927 6602
3929 4352
3930 4014
3930 9930
3931 7256
3931 9936
3937 5727
3939 9687
3943 4335
3943 4559
3943 7491
3947 5654
3947 5687
3947 6071
3947 6305
3947 9599
3952 5330
3953 6432
3963 5835
3971 5218
3972 8990
3975 7183
3977 9260
3978 8653
3982 7242
3994 5169
3996 4037
3997 8828
3998 6378
3998 7361
4002 5495
4002 7496
4003 4622
4003 4810
4003 5434
4003 5876
4003 9513
4004 7398
4008 8741
4010 4522
4010 4814
4011 4717
4013 6458
4015 6715
4020 5987
4022 4737
4022 8094
4022 9690
4026 9340
4027 8566
4027 8887
4027 9586
4029 4109
4029 5138
4029 5448
4029 6722
4031 5000
4031 5763
4031 8572
4036 4116
4036 5247
4036 9125
4039 7106
4040 4085
4040 6873
4045 7101
4051 8699
4053 4655
4053 7067
4053 7243
4054 5140
4057 8980
4060 5425
4060 6774
4060 7401
4062 9761
4062 9876
4064 5921
4064 6331
4064 7053
4064 8515
4064 9462
4064 9939
4067 5644
4067 7026
4068 5121
4073 8164
4073 9740
4074 7419
4079 7092
4079 8057
4085 5056
4085 7481
4091 4506
4093 6329
4093 6468
4096 4560
4096 8124
4098 7659
4103 5174
4103 7729
4107 9049
4108 6617
4108 8668
4116 4356
4116 6935
4116 8678
4117 8789
4135 4303
4135 6007
4142 5232
4142 9451
4147 6856
4148 7888
4156 9151
4158 9275
4160 7625
4165 5100
4167 9116
4172 6263
4172 7538
4175 4561
4176 5914
4177 5854
4177 5906
4181 5902
4183 5503
4188 5087
4193 8316
4198 6897
4200 8240
4201 5094
4207 9708
4209 9089
4214 5150
4214 6269
4219 9542
4220 7665
4220 9956
4221 6073
4222 6355
4222 6765
4222 8455
4231 5168
4234 8469
4235 5946
4235 7285
4243 5758
4243 8406
4246 6644
4246 9271
4250 4384
4250 7223
4251 4762
4253 7458
4255 8277
4259 5759
4262 9674
4264 5701
4264 6741
4265 4902
4265 5838
4265 6858
4265 8650
4267 9924
4268 4901
4268 5135
4268 7779
4268 8417
4268 9841
4270 6177
4270 7128
4270 9784
4273 9047
4274 9683
4277 8460
4279 5929
4279 6656
4280 6251
4281 6762
4282 6094
4282 6966
4285 4908
4285 5501
4285 7924
4287 9313
4291 5376
4291 6536
4291 9493
4292 4432
4292 6022
4292 6485
4292 9131
4293 5060
4297 9211
4297 9698
4309 4318
4310 5268
4310 6826
4310 7711
4310 8896
4316 7174
4319 7682
4323 7360
4325 5255
4327 4511
4329 5365
4329 6595
4329 7386
4329 8390
4333 6473
4335 7409
4336 9752
4338 6819
4341 6199
4341 9427
4343 9236
4344 4884
4344 5279
4344 8753
4346 5712
4346 8621
4346 8805
4347 6317
4347 9004
4349 8931
4350 8501
4353 7629
4354 4932
4356 6754
4358 4751
4358 7074
4360 5861
4362 5163
4366 9122
4367 5669
4367 5682
4367 6842
4368 5732
4370 8038
4371 4829
4372 7746
4373 9244
4375 4774
4377 5321
4379 6809
4379 7895
4379 9710
4384 5109
4384 5367
4389 5548
4389 7658
4392 4648
4394 6653
4395 8950
4398 5814
4401 6315
4404 7021
4404 9425
4405 8253
4405 8977
4406 9199
4412 4473
4412 6939
4412 6950
4420 7872
4424 4708
4429 8951
4430 6560
4431 5385
4434 8181
4434 8509
4436 4478
4436 5089
4445 5786
4445 9749
4446 6538
4447 9971
4455 4497
4455 5899
4456 8156
4457 4988
4458 8234
4459 9705
4461 7918
4463 4637
4463 4913
4475 7565
4475 8801
4479 4912
4479 8945
4481 7370
4485 4894
4489 6503
4489 7914
4497 5145
4502 4726
4502 5552
4503 5784
4503 7754
4504 4554
4506 9261
4506 9404
4508 7742
4514 5858
4514 7668
4514 9843
4515 9946
4517 5245
4522 5361
4524 5073
4528 4606
4528 6781
4533 6619
4533 7023
4537 4995
4537 5116
4538 9664
4540 8623
4540 8939
4541 8762
4548 6369
4550 6828
4551 9491
4555 5616
4557 5615
4557 9469
4559 8960
4560 6080
4560 6684
4567 5991
4567 6307
4567 7689
4567 8211
4567 9487
4570 8916
4571 6119
4571 8409
4579 9457
4583 7989
4584 4643
4584 6961
4585 4825
4589 6268
4596 7334
4599 4885
4607 4839
4607 6971
4611 6872
4612 6316
4615 6229
4617 8907
4619 5993
4619 8686
4619 9270
4629 8811
4632 4946
4632 5364
4637 4918
4637 9978
4638 5050
4638 6666
4638 7205
4638 9588
4639 6633
4639 8899
4646 6487
4650 5870
4650 8646
4656 5558
4656 5740
4656 9679
4658 7882
4660 5650
4660 6889
4663 7883
4665 7405
4666 4748
4668 7235
4671 6272
4671 7355
4673 6306
4674 8036
4676 7451
4678 7037
4678 8747
4679 6319
4684 9892
4689 5496
4691 4740
4691 7736
4692 5999
4692 6239
4697 8066
4698 7099
4698 8701
4701 6973
4706 8367
4712 7190
4716 9605
4717 8373
4721 6076
4722 6952
4727 9593
4728 9821
4731 4997
4733 8230
4733 9642
4734 5643
4746 6531
4748 6464
4760 6745
4761 5421
4771 9198
4771 9980
4776 6890
4777 6914
4777 7055
4777 9129
4778 5303
4779 5940
4782 8157
4783 5658
4783 7080
4784 8087
4790 5313
4791 5671
4797 7431
4805 7416
4805 7921
4805 9486
4807 6025
4807 7030
4807 7237
4812 8508
4817 5567
4817 8956
4820 6918
4821 7931
4821 9935
4832 8184
4833 5103
4835 8061
4840 6423
4845 9877
4846 6524
4846 7501
4846 8656
4846 9334
4851 6299
4851 7027
4851 7109
4852 9972
4853 8420
4854 5004
4855 5502
4855 7521
4856 5633
4860 7877
4860 8504
4861 6928
4865 5589
4872 6084
4873 9932
4880 9970
4881 6205
4884 5549
4885 7071
4887 5270
4887 8639
4888 9874
4896 9149
4897 8759
4899 9733
4900 7733
4902 8778
4905 8387
4907 5476
4907 7335
4912 5627
4912 5639
4912 8794
4917 8878
4923 5157
4923 6254
4923 7379
4926 5410
4928 8079
4929 7044
4932 8338
4933 5463
4933 7314
4938 8643
4939 5215
4939 7232
4940 5308
4940 6514
4941 7832
4944 6104
4947 7949
4949 5398
4951 5724
4951 6690
4954 6334
4955 5612
4958 6118
4959 7697
4961 7851
4962 5381
4967 6683
4968 8237
4968 9233
4969 5382
4969 6634
4969 7371
4983 7620
4985 6689
4986 5722
4986 8944
4990 5132
4992 8430
4997 7393
5006 5334
5006 5586
5006 6763
5007 6543
5007 9098
5010 7382
5012 5866
5015 5461
5021 5908
5029 5332
5029 9051
5030 6183
5030 7070
5032 5506
5034 7011
5034 9222
5039 5949
5046 7713
5048 5336
5054 6325
5054 6630
5054 7591
5055 7499
5055 9262
5057 9064
5067 6510
5068 7705
5070 6967
5070 8174
5073 8511
5075 5572
5075 9351
5079 5318
5079 8677
5080 5685
5082 8284
5082 9570
5084 8517
5090 8348
5098 6270
5104 6469
5104 8947
5105 9323
5110 8812
5113 9438
5113 9802
5121 5178
5121 6570
5124 6735
5124 8399
5126 9496
5127 7372
5127 8207
5130 6117
5133 5864
5133 9604
5139 8111
5140 8444
5141 5624
5141 8270
5142 9869
5143 6903
5143 9253
5151 5840
5154 5594
5154 6038
5154 8312
5154 8973
5154 9156
5154 9385
5156 5604
5159 7831
5162 9883
5164 6116
5167 8072
5169 7488
5173 7941
5176 6313
5181 9517
5183 6669
5187 5431
5187 5734
5189 7439
5189 9806
5194 8215
5197 7532
5197 8308
5202 8324
5203 7452
5205 6845
5206 8109
5208 5737
5214 6892
5219 8807
5222 6534
5227 5258
5227 6705
5229 8467
5230 5401
5230 9966
5232 7155
5233 7757
5235 5419
5235 7229
5237 8674
5239 7291
5241 5510
5242 7694
5246 8527
5247 5560
5247 5874
5250 5725
5253 9567
5256 7407
5258 9943
5262 7643
5267 9549
5268 6017
5269 5668
5272 9162
5272 9624
5274 7885
5275 9118
5276 9161
5277 7755
5278 5853
5282 5984
5288 9786
5293 7685
5293 7716
5294 7865
5295 6908
5297 5358
5299 8341
5302 8168
5304 8386
5304 9217
5308 5541
5308 6241
5313 7557
5315 9061
5319 6702
5335 6414
5337 6291
5337 8638
5337 9453
5340 6792
5343 5919
5343 7119
5343 8103
5343 8471
5353 8978
5359 6163
5369 6766
5369 7397
5369 8008
5369 9176
5370 9195
5373 8141
5374 5953
5386 7861
5391 8946
5395 9033
5400 8672
5404 7192
5415 5992
5418 8068
5419 5780
5420 9818
5435 6579
5435 6607
5435 7732
5439 9668
5440 6218
5440 7544
5440 9520
5456 7004
5464 8286
5464 8314
5470 9245
5475 8645
5478 6994
5480 7632
5480 7842
5482 7657
5482 8958
5488 7947
5492 8972
5492 9461
5493 5938
5498 6604
5500 9099
5500 9344
5501 5741
5503 7086
5506 5715
5516 5575
5516 8634
5519 8201
5520 9096
5520 9941
5521 9719
5526 6027
5526 6805
5527 8292
5529 8060
5532 6572
5534 6219
5536 7329
5537 6214
5537 7020
5537 8176
5543 9241
5546 6481
5556 7186
5558 7347
5564 5716
5568 9649
5571 6661
5579 9768
5580 6622
5583 7184
5585 9852
5586 6673
5586 8216
5586 8901
5597 7589
5600 8735
5603 9577
5615 9326
5616 9146
5620 7249
5620 7788
5623 9660
5635 6419
5636 5770
5636 7483
5638 6187
5642 7896
5643 8089
5645 6111
5648 7146
5654 6850
5655 6606
5660 8150
5660 9165
5664 6417
5677 9495
5678 8932
5685 8792
5686 5871
5687 6942
5687 7410
5687 9861
5690 5973
5692 6237
5696 6090
5706 5962
5706 6114
5708 5714
5708 9526
5710 5736
5715 9230
5719 7359
5719 9337
5721 8271
5738 8838
5738 9904
5745 7050
5746 9308
5748 8729
5750 7307
5757 7972
5757 9831
5758 7540
5766 8786
5767 7654
5768 9919
5769 7649
5779 8245
5784 6955
5784 7326
5784 7332
5784 8268
5790 6716
5804 7520
5805 6491
5819 7644
5820 8282
5824 7480
5824 9638
5826 6035
5826 6227
5827 7819
5828 8614
5836 7854
5841 6267
5842 8192
5843 8078
5843 9837
5851 7551
5853 6427
5856 8884
5860 9736
5863 9267
5867 7790
5867 9435
5871 6799
5877 6867
5878 8633
5883 8692
5883 8859
5887 6195
5887 6490
5887 7143
5887 8608
5890 7120
5892 6175
5892 7834
5892 9820
5895 7857
5898 7061
5898 7327
5903 6426
5907 6151
5909 9319
5911 9387
5921 9552
5926 6364
5934 8063
5941 6088
5941 7156
5944 8142
5945 6051
5945 9766
5948 9307
5951 6513
5955 8224
5969 6694
5970 7950
5972 9964
5981 7179
5981 8064
5985 6271
5985 8371
5985 8920
5991 6854
5998 7150
6022 8935
6030 9789
6037 9169
6041 7758
6042 6406
6053 6810
6053 7104
6057 6172
6059 8102
6064 7855
6070 9433
6077 6422
6077 9322
6082 6335
6082 7297
6090 6886
6091 7933
6098 9336
6099 6546
6099 7135
6100 9602
6101 7812
6102 6283
6105 7263
6106 6600
6107 8244
6107 8738
6107 9865
6117 8849
6117 9653
6118 7358
6119 6767
6120 8158
6127 7849
6127 9575
6129 6586
6129 9979
6138 9197
6145 8962
6158 7154
6158 9527
6160 8948
6161 7846
6164 7240
6164 9382
6170 7433
6172 6849
6174 6887
6174 9933
6176 8629
6177 6813
6177 8705
6178 7905
6182 9562
6185 6662
6193 7828
6196 8074
6196 9076
6200 8875
6203 6404
6210 9144
6210 9907
6211 7734
6212 6500
6212 8769
6216 8906
6236 7498
6243 9606
6244 9092
6247 8473
6251 8589
6253 9101
6266 9530
6269 6874
6270 6670
6282 8001
6283 9175
6286 6582
6287 8366
6288 9154
6291 8051
6298 6312
6300 9188
6305 9965
6306 7835
6310 6376
6316 8949
6319 8680
6322 7041
6322 8005
6326 6685
6326 7527
6326 8847
6330 8132
6337 8975
6337 9097
6344 8421
6355 8908
6356 9205
6359 7325
6365 7940
6365 9423
6366 7043
6376 9220
6377 7097
6377 8125
6379 7463
6379 9777
6386 9893
6391 6563
6397 7457
6409 6692
6409 7699
6411 6575
6425 8208
6427 7774
6430 9882
6431 6700
6433 7391
6434 6492
6434 8998
6446 7735
6446 8288
6446 8339
6447 6542
6461 8966
6462 8597
6465 6930
6467 8802
6475 6846
6478 6784
6487 9561
6503 9184
6504 8869
6505 8866
6508 8437
6515 8442
6516 7218
6517 7065
6518 6645
6523 7275
6527 8030
6529 7856
6530 6815
6542 6649
6550 9145
6552 9041
6552 9414
6557 8780
6557 9778
6558 8868
6565 7909
6566 8522
6576 6658
6583 9551
6584 7140
6585 6778
6585 9703
6590 6635
6590 8684
6593 7112
6605 6917
6615 7569
6617 8904
6620 8553
6621 6907
6629 9203
6634 8121
6637 8628
6645 7471
6645 8076
6653 7167
6659 7535
6666 8865
6672 8374
6683 9952
6685 9019
6686 9595
6710 7627
6710 7739
6712 7820
6717 7465
6728 7079
6735 8665
6735 9008
6752 9452
6760 7737
6761 7348
6761 8310
6761 8485
6761 9785
6761 9885
6763 8627
6777 7239
6796 8302
6804 7310
6820 8120
6836 9466
6841 9494
6842 8189
6842 9908
6846 9421
6850 7404
6851 7383
6857 7253
6857 8821
6859 7281
6863 9957
6864 9827
6866 8062
6866 8306
6878 7284
6878 8106
6878 9088
6879 8808
6881 7138
6881 7366
6882 9812
6884 9449
6886 7584
6888 9682
6891 7257
6894 8915
6901 9534
6910 7189
6912 7490
6913 9860
6914 7313
6919 9255
6931 8448
6934 9279
6942 8379
6943 9657
6944 8112
6956 7554
6971 8171
6975 7915
6980 9216
6984 8640
6988 7608
6990 8526
6992 8117
6992 8351
7000 7455
7019 7913
7019 9179
7024 9754
7028 7090
7028 7959
7028 8449
7042 7363
7048 8382
7052 8256
7063 7582
7064 7997
7068 7454
7079 8434
7096 8737
7110 7149
7112 7349
7139 9544
7153 8803
7156 8153
7158 9269
7159 8647
7172 7188
7172 8850
7193 9989
7195 7709
7195 8052
7195 9688
7195 9782
7203 8768
7206 9338
7225 8309
7225 8731
7234 9029
7241 7628
7244 9689
7249 7695
7249 9578
7258 9163
7261 8414
7262 9436
7265 8300
7270 9422
7286 9378
7289 9554
7295 8163
7295 8706
7300 7560
7304 7655
7304 9555
7310 7876
7310 9475
7318 8432
7321 8337
7323 8440
7323 9455
7325 7639
7327 9774
7335 7785
7336 8750
7348 9685
7356 9424
7373 9383
7376 9367
7376 9477
7379 8743
7382 7928
7382 9406
7393 8323
7397 9158
7399 8313
7417 8954
7417 9906
7422 7907
7423 9376
7426 7891
7432 7874
7432 8728
7434 7919
7436 9113
7438 9663
7439 8175
7440 8618
7467 9035
7472 8830
7488 9075
7489 8912
7494 8562
7515 8446
7517 8104
7518 9221
7528 8298
7530 7586
7539 9439
7540 8540
7543 7922
7549 9523
7555 8084
7555 8615
7556 9136
7560 8917
7562 9556
7566 8007
7566 9474
7580 8412
7581 8447
7590 7702
7597 7939
7602 9045
7608 7704
7608 9247
7610 9607
7618 8876
7624 9298
7626 9515
7633 9072
7633 9518
7634 9983
7641 7881
7648 7980
7648 8299
7648 9739
7649 8031
7650 7778
7650 8080
7650 8579
7651 7664
7651 8648
7661 9174
7662 7808
7666 8494
7671 7686
7675 8710
7676 7809
7677 7988
7680 8280
7688 7890
7688 8739
7688 9127
7691 9984
7694 9202
7697 8783
7701 7838
7712 8021
7717 8346
7729 8836
7730 8435
7735 9310
7739 9157
7748 8832
7753 9807
7786 8381
7804 7995
7808 8196
7834 8925
7848 8424
7851 8667
7864 8372
7866 8236
7880 9675
7902 8542
7904 9478
7927 8098
7930 8637
7941 9516
7946 8283
7947 9470
7954 9770
7964 8528
7973 8490
7977 9370
7980 9010
7982 9445
7983 8369
7987 9533
8000 8115
8009 8503
8023 9063
8025 9240
8027 9201
8040 9986
8070 9120
8074 9702
8080 9143
8080 9331
8082 9714
8085 9226
8087 9259
8103 9034
8106 8713
8128 8507
8131 8481
8151 9582
8160 8784
8182 9399
8182 9669
8184 8431
8186 8983
8198 8228
8198 9747
8202 8661
8202 9200
8203 9374
8224 8423
8225 9636
8225 9744
8231 9108
8236 9769
8247 8261
8254 9479
8267 8796
8275 9628
8278 9975
8320 8328
8383 9224
8415 8855
8435 9958
8439 9249
8440 9377
8455 9712
8464 9204
8483 9012
8496 9600
8535 9386
8538 8995
8572 9231
8576 8809
8600 9048
8608 9902
8685 9266
8697 9168
8711 9292
8719 8996
8741 9103
8741 9167
8760 9763
8784 9914
8801 9839
8816 9686
8824 9529
8843 9192
8849 9993
8882 9539
8889 9996
8908 9139
8970 9299
8970 9316
9041 9856
9056 9364
9085 9753
9092 9640
9104 9484
9111 9482
9115 9832
9124 9365
9129 9362
9147 9811
9171 9485
9210 9581
9250 9759
9253 9476
9258 9670
9262 9430
9280 9898
9282 9945
9288 9796
9296 9585
9308 9465
9315 9692
9352 9795
9464 9855
9491 9543
9503 9926
9516 9890
9547 9815
9594 9693
9749 9810
9828 9905
9953 9999
