10000 9999
0 1
0 4
0 7
0 8
0 19
0 21
0 32
0 59
0 65
0 165
0 176
0 228
0 249
0 287
0 361
0 512
0 534
0 633
0 659
0 846
0 1118
0 1206
0 1266
0 1505
0 1842
0 1932
0 2247
0 2288
0 2308
0 2328
0 2363
0 2462
0 2474
0 2913
0 3013
0 3618
0 3667
0 3739
0 3847
0 4103
0 4214
0 4449
0 4722
0 4903
0 5423
0 5478
0 5553
0 5938
0 5994
0 6099
0 6407
0 6563
0 6691
0 6780
0 7092
0 7287
0 8629
0 8736
0 8963
0 9048
0 9489
0 9661
0 9771
1 2
1 3
1 5
1 6
1 11
1 17
1 23
1 28
1 31
1 36
1 51
1 67
1 68
1 70
1 73
1 76
1 80
1 91
1 92
1 95
1 97
1 102
1 113
1 120
1 126
1 127
1 130
1 150
1 200
1 207
1 217
1 220
1 222
1 247
1 248
1 253
1 280
1 290
1 294
1 303
1 307
1 314
1 331
1 332
1 337
1 341
1 348
1 364
1 373
1 378
1 403
1 407
1 408
1 410
1 414
1 426
1 427
1 445
1 449
1 458
1 506
1 511
1 519
1 520
1 529
1 549
1 560
1 565
1 566
1 570
1 575
1 640
1 649
1 699
1 701
1 712
1 721
1 747
1 770
1 774
1 835
1 843
1 852
1 858
1 859
1 867
1 891
1 892
1 894
1 896
1 901
1 1032
1 1042
1 1048
1 1052
1 1055
1 1065
1 1179
1 1234
1 1236
1 1246
1 1256
1 1263
1 1273
1 1278
1 1299
1 1301
1 1312
1 1327
1 1330
1 1364
1 1372
1 1383
1 1390
1 1421
1 1428
1 1433
1 1447
1 1502
1 1525
1 1550
1 1558
1 1628
1 1640
1 1667
1 1678
1 1749
1 1774
1 1874
1 1960
1 1968
1 1981
1 2001
1 2025
1 2044
1 2053
1 2074
1 2117
1 2136
1 2148
1 2168
1 2230
1 2239
1 2249
1 2310
1 2323
1 2362
1 2382
1 2405
1 2444
1 2464
1 2523
1 2532
1 2563
1 2602
1 2624
1 2657
1 2675
1 2741
1 2749
1 2837
1 2865
1 2868
1 2925
1 2933
1 3005
1 3030
1 3087
1 3104
1 3142
1 3167
1 3326
1 3462
1 3489
1 3589
1 3595
1 3648
1 3665
1 3678
1 3725
1 3727
1 3748
1 3770
1 3785
1 3827
1 3829
1 3888
1 3922
1 4006
1 4046
1 4085
1 4156
1 4184
1 4451
1 4457
1 4568
1 4590
1 4616
1 4672
1 4746
1 4811
1 4841
1 4842
1 4844
1 5064
1 5075
1 5210
1 5217
1 5225
1 5230
1 5234
1 5282
1 5290
1 5294
1 5630
1 5665
1 5721
1 5756
1 5867
1 5874
1 6049
1 6060
1 6083
1 6122
1 6143
1 6147
1 6149
1 6212
1 6310
1 6373
1 6415
1 6435
1 6569
1 6643
1 6680
1 6790
1 6801
1 6869
1 6974
1 7075
1 7121
1 7330
1 7542
1 7564
1 7632
1 7642
1 7665
1 7695
1 7935
1 8021
1 8043
1 8074
1 8137
1 8341
1 8372
1 8468
1 8568
1 8589
1 8603
1 8727
1 8814
1 8947
1 8972
1 9121
1 9125
1 9159
1 9378
1 9598
1 9638
1 9685
1 9688
1 9691
1 9715
1 9719
1 9799
1 9901
2 20
2 33
2 63
2 109
2 141
2 381
2 454
2 719
2 765
2 786
2 1198
2 1309
2 1536
2 1767
2 1776
2 1930
2 3331
2 3446
2 3495
2 4358
2 4703
2 6207
2 6559
2 9183
2 9387
3 9
3 10
3 12
3 15
3 18
3 37
3 42
3 47
3 57
3 103
3 112
3 143
3 241
3 243
3 262
3 578
3 972
3 977
3 1231
3 1506
3 1621
3 1660
3 1742
3 2388
3 2443
3 2855
3 2885
3 3531
3 3560
3 3614
3 3694
3 4277
3 4376
3 4780
3 4852
3 5079
3 5171
3 5932
3 6116
3 6189
3 6224
3 6516
3 6872
3 7082
3 7117
3 7339
3 8084
3 8317
3 8539
3 8864
3 8918
3 8939
3 9146
3 9157
3 9179
3 9304
3 9398
3 9546
4 43
4 53
4 61
4 87
4 96
4 131
4 134
4 153
4 155
4 156
4 158
4 166
4 191
4 193
4 195
4 197
4 218
4 238
4 254
4 279
4 302
4 306
4 343
4 350
4 353
4 386
4 391
4 399
4 425
4 429
4 455
4 574
4 597
4 702
4 806
4 836
4 847
4 853
4 864
4 1121
4 1135
4 1182
4 1213
4 1289
4 1331
4 1384
4 1412
4 1474
4 1493
4 1498
4 1501
4 1518
4 1578
4 1580
4 1592
4 1638
4 1671
4 1699
4 1714
4 1797
4 1886
4 1997
4 2022
4 2050
4 2064
4 2163
4 2207
4 2211
4 2238
4 2330
4 2332
4 2432
4 2435
4 2484
4 2785
4 2892
4 2910
4 2951
4 2958
4 3095
4 3109
4 3148
4 3231
4 3241
4 3298
4 3572
4 3729
4 3807
4 4027
4 4052
4 4117
4 4150
4 4181
4 4231
4 4262
4 4269
4 4301
4 4337
4 4361
4 4598
4 4599
4 4745
4 4812
4 4849
4 4924
4 5060
4 5124
4 5209
4 5213
4 5354
4 5355
4 5669
4 5864
4 5872
4 5880
4 6040
4 6051
4 6320
4 6500
4 6819
4 7102
4 7246
4 7259
4 7274
4 7416
4 7473
4 7554
4 7626
4 7640
4 7662
4 7775
4 7776
4 7914
4 7924
4 8135
4 8136
4 8218
4 8717
4 8754
4 8945
4 9011
4 9207
4 9576
4 9669
4 9698
4 9714
4 9757
4 9929
5 14
5 524
5 579
5 1559
5 1814
5 4565
5 5093
5 6095
5 6649
5 7616
6 108
6 300
6 461
6 577
6 638
6 877
6 945
6 1171
6 1296
6 1632
6 1852
6 1877
6 1983
6 2118
6 3012
6 3387
6 3465
6 4177
6 4192
6 4253
6 4480
6 5147
6 5220
6 5409
6 5834
6 6046
6 7973
6 8769
6 9643
6 9750
6 9773
7 3718
8 13
8 25
8 29
8 30
8 46
8 50
8 54
8 55
8 69
8 72
8 104
8 124
8 146
8 167
8 182
8 187
8 212
8 229
8 283
8 316
8 327
8 359
8 415
8 417
8 421
8 502
8 504
8 596
8 615
8 625
8 667
8 678
8 716
8 882
8 897
8 1058
8 1060
8 1064
8 1091
8 1106
8 1109
8 1180
8 1217
8 1218
8 1290
8 1422
8 1769
8 2364
8 2571
8 2784
8 2874
8 2891
8 3093
8 3178
8 3260
8 3269
8 3361
8 3442
8 3476
8 3524
8 3605
8 3735
8 3802
8 3804
8 3889
8 3898
8 3949
8 3974
8 4094
8 4516
8 4555
8 4773
8 4794
8 5049
8 5098
8 5299
8 5341
8 5347
8 5350
8 5385
8 5678
8 5952
8 6243
8 6301
8 6558
8 6644
8 6891
8 6949
8 7107
8 7131
8 7438
8 7574
8 7612
8 7666
8 7748
8 8019
8 8033
8 8103
8 8130
8 8382
8 8410
8 8618
8 8742
8 8798
8 8993
8 9153
8 9608
8 9915
10 34
10 40
10 313
10 603
10 1484
10 2682
10 9124
11 532
11 881
11 1298
11 1848
11 1849
11 2003
11 2294
11 2442
11 3736
11 3754
11 4098
11 4624
11 4911
11 5067
11 6112
11 6168
11 6796
11 7077
11 8926
12 157
12 493
12 1216
12 1365
12 1924
12 5734
12 7912
13 16
13 26
13 35
13 38
13 45
13 62
13 71
13 333
13 349
13 377
13 433
13 434
13 500
13 641
13 726
13 743
13 934
13 940
13 965
13 1004
13 1294
13 1615
13 1762
13 1853
13 2331
13 2369
13 3290
13 3427
13 3602
13 4005
13 4060
13 4378
13 4791
13 4941
13 4961
13 5010
13 5201
13 5374
13 5416
13 5493
13 6018
13 6316
13 6419
13 6539
13 6578
13 6599
13 6793
13 7179
13 7764
13 8689
13 8705
13 9323
14 345
14 356
14 745
14 888
14 1013
14 1287
14 1676
14 2061
14 2564
14 2812
14 3550
14 4486
14 4725
14 5567
15 24
15 84
15 93
15 161
15 178
15 186
15 324
15 338
15 517
15 1238
15 1515
15 1549
15 2448
15 2580
15 3089
15 3374
15 3920
15 4158
15 4404
15 4572
15 5780
15 6329
15 6613
15 6928
15 6941
15 6961
15 7877
15 8720
16 48
16 510
16 3936
16 4139
16 7420
17 117
17 225
17 265
17 291
17 542
17 595
17 750
17 778
17 1614
17 2060
17 2062
17 2142
17 2603
17 3201
17 3215
17 9471
18 89
18 1613
19 22
19 107
19 125
19 159
19 321
19 344
19 601
19 735
19 871
19 1045
19 1214
19 1476
19 1963
19 2013
19 2473
19 2821
19 3661
19 4026
19 4473
19 4519
19 4867
19 5653
19 5697
19 5819
19 6265
19 6291
19 7365
19 8259
19 8951
19 9211
19 9765
20 27
20 77
20 152
20 201
20 205
20 276
20 308
20 400
20 413
20 431
20 436
20 469
20 531
20 708
20 1089
20 1100
20 1142
20 1399
20 1464
20 1490
20 1649
20 1712
20 1801
20 2030
20 2083
20 2524
20 2886
20 2944
20 2956
20 3144
20 3479
20 3650
20 3658
20 3795
20 3800
20 3879
20 3909
20 4036
20 4261
20 4815
20 5205
20 5651
20 6077
20 6123
20 6192
20 6208
20 6547
20 6672
20 7123
20 7386
20 7417
20 7578
20 7933
20 8311
20 8683
20 8833
20 9212
20 9239
20 9350
20 9889
21 128
21 170
21 285
21 362
21 405
21 533
21 916
21 1244
21 1380
21 1394
21 1482
21 1600
21 1695
21 1868
21 1888
21 2687
21 2770
21 3433
21 3525
21 4131
21 4146
21 4335
21 4639
21 4656
21 4871
21 5045
21 5175
21 5239
21 5486
21 5736
21 6039
21 6402
21 7426
21 7713
21 7948
21 8192
21 9375
21 9452
21 9605
22 44
22 81
22 315
22 1011
22 1051
22 1241
22 1798
22 2413
22 2527
22 3279
22 3319
22 5002
22 5317
22 5688
22 7329
22 7635
22 8649
22 9496
22 9695
23 39
23 52
23 60
23 78
23 90
23 98
23 99
23 177
23 199
23 221
23 227
23 258
23 278
23 392
23 489
23 530
23 568
23 642
23 804
23 805
23 927
23 971
23 978
23 987
23 989
23 1195
23 1251
23 1269
23 1308
23 1535
23 1606
23 1680
23 1750
23 1828
23 1987
23 1998
23 2217
23 2277
23 2403
23 2431
23 2644
23 2695
23 2872
23 3062
23 3217
23 3309
23 3431
23 3460
23 3722
23 3789
23 3830
23 3965
23 4044
23 4082
23 4115
23 4190
23 4287
23 4459
23 4731
23 4825
23 5113
23 5173
23 5200
23 5219
23 5261
23 5633
23 5682
23 5704
23 5906
23 5946
23 6081
23 6432
23 6562
23 6758
23 6964
23 6992
23 7347
23 7385
23 7418
23 7432
23 7597
23 7611
23 7809
23 7952
23 8194
23 8287
23 8846
23 8904
23 8907
23 9047
23 9319
23 9513
24 74
24 188
24 210
24 277
24 537
24 548
24 791
24 796
24 1103
24 1148
24 1459
24 1642
24 1722
24 1838
24 1870
24 3043
24 3632
24 4677
24 7375
24 7609
24 8989
24 9727
24 9874
26 256
26 412
26 420
26 691
26 698
26 907
26 986
26 1085
26 1360
26 1674
26 2269
26 2345
26 2359
26 2379
26 2451
26 2863
26 2897
26 3001
26 3343
26 5818
26 6124
26 6287
26 6597
26 7560
26 7821
26 8494
26 8612
26 8910
26 9450
26 9761
27 66
28 114
28 185
28 335
28 336
28 768
28 883
28 943
28 948
28 1046
28 2115
28 2418
28 2488
28 2638
28 2676
28 3026
28 3636
28 7606
28 7845
28 7917
28 7962
28 9073
29 2104
29 5595
29 7518
29 9095
30 215
30 1872
30 6572
30 8478
31 83
31 147
31 263
31 555
31 728
31 736
31 1022
31 1047
31 1362
31 1764
31 2032
31 2129
31 2212
31 2512
31 2880
31 3186
31 3265
31 3344
31 4432
31 4710
31 4915
31 6115
31 6370
31 6588
31 8203
31 8638
32 367
32 379
32 662
32 844
32 950
32 955
32 1074
32 1126
32 1255
32 1446
32 1456
32 1863
32 2167
32 2797
32 3321
32 4412
32 5692
32 5989
32 6315
32 6792
32 7292
32 7451
32 7671
32 9373
33 1199
33 1297
33 1620
33 1745
33 1831
33 2198
33 2827
33 4136
33 4578
33 6134
34 56
34 100
34 115
34 119
34 214
34 231
34 274
34 282
34 284
34 312
34 334
34 443
34 484
34 567
34 588
34 609
34 616
34 639
34 720
34 733
34 809
34 840
34 979
34 995
34 999
34 1002
34 1034
34 1139
34 1242
34 1250
34 1328
34 1406
34 1489
34 1551
34 1553
34 1823
34 1907
34 1925
34 1961
34 1993
34 2120
34 2134
34 2314
34 2489
34 2712
34 2759
34 2940
34 3090
34 3564
34 3750
34 3824
34 3921
34 4561
34 4929
34 5001
34 5586
34 5636
34 5644
34 5857
34 5858
34 6011
34 6233
34 6398
34 6656
34 6728
34 6887
34 6960
34 6968
34 7351
34 7355
34 7724
34 7788
34 7826
34 7926
34 8078
34 8597
34 8827
34 8900
34 9580
34 9732
34 9974
35 58
35 581
35 606
35 608
35 904
35 1059
35 1350
35 2780
35 2888
35 3533
35 5609
35 5684
35 7111
35 7148
35 7970
36 320
36 365
36 789
36 825
36 958
36 1054
36 1854
36 1949
36 2046
36 3069
36 4239
36 4808
36 6612
36 6935
36 7531
36 8314
36 8576
36 8874
36 9362
36 9703
37 162
37 767
37 2810
37 3759
37 4013
37 6227
38 41
38 49
38 88
38 259
38 301
38 438
38 650
38 952
38 2764
38 3494
38 3786
38 3792
38 4169
38 6741
38 7136
38 7999
38 9360
38 9417
39 620
39 732
39 2265
39 4918
40 628
40 856
40 1271
40 1644
40 1733
40 2075
40 3076
40 3244
40 6429
40 9544
41 133
41 509
41 554
41 658
41 1029
41 1197
41 1603
41 1673
41 1885
41 2988
41 5712
41 6638
42 203
42 1019
42 2930
43 85
43 385
43 1288
43 1783
43 2987
43 9032
44 172
44 352
44 357
44 1247
44 1306
44 1791
44 1922
44 2830
44 3139
44 3448
44 3587
44 3953
44 5996
44 6263
44 6295
44 7538
44 8659
45 2667
46 453
46 490
46 607
46 1175
46 1252
46 1723
46 2085
46 2119
46 4037
46 4498
46 5422
46 6981
46 7393
46 8606
47 424
47 1356
47 3021
47 3483
47 5960
47 6632
48 3219
50 75
50 1140
50 1436
50 2898
50 3677
51 1279
51 8801
51 9783
52 2124
53 194
53 440
53 817
53 1168
53 2607
53 4554
53 4999
53 6140
53 7777
53 9550
54 101
54 295
54 402
54 558
54 717
54 821
54 3006
54 3083
54 5222
54 6002
54 6787
54 7364
54 8006
55 86
55 174
55 189
55 255
55 803
55 879
55 939
55 1039
55 1090
55 1396
55 1594
55 1664
55 2475
55 2626
55 2828
55 3209
55 3364
55 3491
55 3621
55 3664
55 4515
55 5559
55 6001
55 7398
55 7883
55 8725
55 8896
55 9312
55 9811
56 64
56 94
56 111
56 342
56 478
56 722
56 949
56 1070
56 1108
56 1188
56 1386
56 1819
56 1931
56 2101
56 2877
56 4493
56 5967
56 8010
56 8475
56 8884
56 9039
57 164
58 526
58 1063
58 4711
59 2471
59 2588
59 2671
59 4646
59 8197
60 151
60 2389
60 3780
60 8344
61 697
61 1402
61 1455
61 2729
61 3121
61 6217
61 6629
61 7818
61 9770
62 184
62 235
62 376
62 1285
62 1462
62 3504
62 4602
62 5411
62 5499
62 6922
62 7149
62 8735
62 9342
63 171
63 202
63 216
63 292
63 585
63 612
63 1160
63 1576
63 2040
63 2153
63 3224
63 3808
63 4513
63 4976
63 5866
63 6193
63 6244
63 6528
63 6827
63 7083
63 8117
63 8381
63 8388
64 372
64 398
64 723
64 1205
64 4526
64 5320
64 6518
64 7396
64 9365
64 9477
65 339
65 866
65 1458
65 1633
65 2092
65 2264
65 4155
65 5741
65 6914
65 7449
65 7762
65 9229
65 9340
66 813
68 105
68 118
68 206
68 395
68 430
68 1016
68 1542
68 1938
68 3262
68 3404
68 4425
68 4947
68 4992
68 5640
68 5813
68 7565
68 7902
68 7957
68 8154
68 8273
69 180
69 196
69 208
69 237
69 556
69 680
69 1413
69 1906
69 4088
69 4324
69 4706
69 5760
69 6242
69 6293
69 9607
69 9694
70 586
71 79
71 139
71 160
71 270
71 296
71 404
71 473
71 545
71 613
71 878
71 925
71 1543
71 1843
71 2272
71 2287
71 3111
71 3225
71 3471
71 3523
71 3558
71 3680
71 4074
71 4350
71 4581
71 5861
71 6241
71 6330
71 6453
71 7164
71 7361
71 8469
71 9287
72 389
72 684
72 802
72 2493
72 3874
72 4160
72 5905
72 5953
72 6230
72 6434
72 8587
73 480
73 703
73 724
73 775
73 1075
73 1155
73 2183
73 3669
73 8193
73 8445
73 9065
74 82
74 129
74 275
74 340
74 383
74 479
74 546
74 552
74 1167
74 1494
74 1912
74 2518
74 3741
74 3915
74 3932
74 4232
74 4584
74 4668
74 4944
74 5145
74 5243
74 7559
74 9133
75 9581
77 5244
77 5763
77 5973
78 148
78 168
78 219
78 245
78 271
78 363
78 515
78 634
78 692
78 2042
78 2240
78 2639
78 2664
78 3016
78 3064
78 3206
78 3405
78 4120
78 4247
78 4820
78 5915
78 5969
78 7750
78 8179
78 8303
78 8664
79 6896
80 3126
80 4125
80 7798
81 142
81 734
81 4471
81 5264
81 9978
82 305
82 1481
82 3488
82 8386
83 507
83 683
83 1335
83 1504
83 2251
83 3565
83 4168
83 4369
83 6927
84 198
84 347
84 754
84 908
84 1114
84 1499
84 1892
84 1911
84 2737
84 3482
84 3788
84 4110
84 5332
84 6890
84 7510
84 8865
84 9180
84 9737
85 317
85 474
85 536
85 623
85 788
85 887
85 895
85 1087
85 1326
85 1779
85 2175
85 2278
85 3441
85 4189
85 4401
85 4461
85 4560
85 4782
85 5322
85 5947
85 6113
85 6190
85 6743
85 7711
85 8076
85 9063
85 9525
86 121
86 145
86 149
86 163
86 244
86 467
86 636
86 834
86 886
86 1080
86 1786
86 1813
86 1919
86 2614
86 3019
86 3604
86 3929
86 4831
86 4834
86 4939
86 6403
86 6616
86 7435
86 7800
86 7884
86 7932
86 8184
86 8584
86 8857
86 9740
87 132
87 190
87 226
87 330
87 730
87 1040
87 1083
87 1437
87 2293
87 2390
87 5515
87 6298
87 7727
87 8296
87 8977
87 9923
89 154
89 181
89 505
89 1468
89 1688
89 1706
89 1716
89 2007
89 2300
89 2476
89 2806
89 3037
89 3793
89 4077
89 4154
89 4676
89 5083
89 5343
89 5446
89 5460
89 5513
89 5602
89 6859
89 6977
89 7247
89 7305
89 7679
90 116
90 310
90 360
90 884
90 1316
90 1766
90 3035
90 3728
90 6708
90 6759
90 7302
90 9522
90 9800
91 135
91 5667
91 5833
91 6282
91 6328
91 7187
92 122
92 173
92 1202
92 1393
92 1461
92 2731
92 3715
92 4464
92 5024
92 5381
92 9020
92 9388
92 9560
93 264
93 477
93 647
93 1510
93 1593
93 2215
93 2350
93 3415
93 4393
93 5690
94 230
94 621
94 2620
94 2790
94 4901
95 798
95 5629
96 3149
96 5805
96 6349
96 6526
96 6816
97 234
97 8029
98 110
98 204
98 396
98 397
98 498
98 629
98 665
98 760
98 1385
98 1497
98 1793
98 2179
98 2522
98 2819
98 3928
98 4431
98 4596
98 4884
98 4896
98 5242
98 6347
98 7014
98 7145
98 7850
98 8532
98 8802
98 9009
98 9132
99 4869
100 346
100 784
100 1062
100 2947
101 232
101 1224
101 3091
101 6833
101 7036
101 7677
101 7944
101 8444
102 250
102 257
102 1556
102 2366
102 3275
102 4482
102 4948
102 5687
102 6725
103 8449
103 9567
104 1012
104 5358
104 7308
105 106
105 123
105 211
105 236
105 273
105 869
105 930
105 967
105 1340
105 1355
105 1382
105 1444
105 2036
105 2438
105 2670
105 3340
105 5991
105 6025
105 6076
105 6618
105 7894
105 7979
105 8674
105 9968
106 1081
106 1488
106 3158
106 4090
106 4732
106 6059
106 6344
106 6984
106 7485
106 8636
107 272
107 1609
107 1969
107 2012
107 3521
107 4833
107 5042
107 5378
107 7229
107 8170
109 2038
109 2952
110 298
110 761
110 1134
110 2976
110 3166
110 9814
111 569
111 661
111 1020
111 1035
111 1274
111 1292
111 1698
111 1724
111 1807
111 2005
111 2218
111 2612
111 3761
111 4614
111 8389
111 8682
111 9939
112 369
112 487
112 593
112 681
112 706
112 1528
112 3777
112 4688
112 9264
113 980
113 1024
113 1575
113 2271
113 2936
113 3598
113 4859
113 8039
113 8577
114 6044
115 572
115 718
115 740
115 942
115 1005
115 1921
115 2783
115 5149
115 6366
115 7012
115 7231
115 8520
116 5412
117 140
118 488
118 4349
119 815
120 900
120 3473
120 5997
120 6686
121 677
121 863
121 2241
121 3221
121 4035
121 4116
122 213
122 326
122 1152
122 1232
122 1409
122 2665
122 2774
122 6481
122 8614
122 8630
122 9439
123 137
123 1896
123 4157
123 7981
124 5868
125 382
125 675
125 2461
125 3320
125 3520
126 3484
127 1740
127 8830
128 543
128 911
128 1378
128 2214
128 6965
129 179
129 251
129 495
129 1124
129 1314
129 2213
129 2317
129 3198
129 3707
129 4108
129 4468
129 9945
130 2216
130 2521
130 2586
130 2751
130 3243
130 4714
130 7042
132 3301
133 136
133 138
133 242
133 441
133 1323
133 1375
133 1403
133 2185
133 2253
133 3507
133 4413
133 7003
133 9461
135 144
135 374
135 771
135 976
135 1430
135 1984
135 2027
135 2840
135 3022
135 3323
135 3853
135 4423
135 4690
135 5338
135 6090
135 8158
135 9028
137 451
137 523
137 541
137 571
137 1806
137 1818
137 1846
137 1860
137 2400
137 5202
137 5995
137 7899
137 8481
137 8990
137 9352
137 9693
139 175
139 319
139 553
139 1737
139 1855
139 2039
139 2070
139 2617
139 3115
139 4673
139 5163
139 5920
139 5959
139 6705
139 6719
139 7263
139 7657
140 1522
140 1630
140 1971
140 2469
140 3127
140 4927
140 6401
140 8426
140 9899
141 351
141 564
141 850
141 961
141 1161
141 1174
141 1177
141 4540
141 5632
141 5716
141 6763
141 6806
141 7515
141 9276
144 2301
144 5655
144 7236
145 513
145 753
145 962
145 1138
145 1268
145 2246
145 2348
145 3124
145 4047
145 4564
145 5065
145 5204
145 7839
147 1049
147 1076
147 1277
147 1439
147 1753
147 1958
147 2909
147 3040
147 4224
147 4448
147 4699
147 5296
147 6488
147 7723
147 9216
147 9562
148 1752
148 4285
148 6369
148 9443
149 192
149 409
149 550
149 643
149 656
149 660
149 727
149 1084
149 1555
149 1618
149 1684
149 2108
149 2406
149 3059
149 3094
149 3159
149 5303
149 5576
149 5789
149 7887
149 8037
149 8236
150 183
150 709
150 3338
151 299
151 2135
151 8460
154 2710
154 5461
155 446
155 1661
155 2924
155 5729
156 619
156 2823
156 2896
156 4298
156 5128
156 5511
156 6368
156 7100
156 8711
156 8869
156 9246
156 9419
157 1200
157 1397
157 1827
157 1833
157 2566
157 2569
157 2887
157 2901
157 3106
157 3350
157 3561
157 4092
157 4626
157 4636
157 5015
157 5100
157 6151
157 6898
157 7831
157 9728
158 9839
159 630
159 6484
161 547
161 626
161 687
161 822
161 909
161 960
161 1079
161 1258
161 1307
161 1392
161 1538
161 1588
161 1617
161 1625
161 2181
161 2637
161 3542
161 3573
161 3697
161 4127
161 4351
161 4408
161 4657
161 4797
161 5273
161 5415
161 5440
161 7614
161 8784
161 8902
161 9993
162 1315
162 1659
162 9168
163 946
163 2500
163 3458
163 5391
163 7620
163 8187
163 9523
164 169
164 905
164 2822
164 7399
164 8419
164 8483
165 266
165 3049
165 5450
165 6946
165 7404
166 1424
167 2189
167 4524
167 9615
169 209
169 957
169 1596
169 1681
169 2509
169 3388
169 3685
169 5458
169 6577
169 7266
169 9733
170 496
170 2002
170 6923
170 7749
171 1111
171 1727
171 2545
171 3537
171 4573
171 5088
171 6088
171 7615
171 8012
171 9010
172 224
172 2047
172 2126
172 3498
172 3989
172 5615
172 6155
172 8745
173 614
173 860
173 1897
173 3165
173 3382
173 5417
174 5477
175 516
175 1043
175 1322
175 2466
175 3151
175 3238
175 4043
175 5663
176 325
176 2414
176 3306
176 4039
176 4721
176 4818
177 3312
178 223
178 563
178 611
178 1088
178 1210
178 1354
178 2087
178 2404
178 2506
178 2554
178 2707
178 2957
178 3273
178 3714
178 3791
178 4176
178 5257
178 5304
178 5542
178 5707
178 6469
178 7112
178 7125
178 8529
178 9057
178 9549
179 309
179 663
179 3339
179 5844
179 7057
179 7752
179 9397
180 1222
181 799
181 1156
181 1254
181 2125
181 2227
181 6774
182 885
182 1230
182 7573
183 1419
183 5038
183 5523
184 503
184 737
184 915
184 1094
184 1675
184 1953
184 2530
184 2587
184 2758
184 3557
184 3673
184 5292
184 6738
184 7193
184 7238
184 7735
184 9117
185 651
185 1407
185 1704
185 1913
185 4766
185 4840
185 5514
185 5686
185 7663
185 8395
185 9305
187 772
187 823
187 889
187 1351
187 2903
187 8667
188 4290
189 559
189 1999
189 3774
189 7502
189 9725
191 876
192 293
192 795
192 3574
192 6409
193 268
194 1622
194 6779
194 8440
195 465
195 1006
195 1361
195 1387
195 1537
195 2537
195 5570
195 5785
195 7785
196 252
196 390
196 672
196 837
196 1191
196 1302
196 1717
196 2485
196 2800
196 3816
196 4008
196 5706
196 5891
196 5982
196 6346
196 6378
196 6937
196 7109
196 7747
196 8645
196 8841
196 9903
197 355
197 4029
197 8890
198 4260
198 8560
198 8565
199 435
199 4930
199 5342
199 7366
200 439
200 471
200 551
200 673
200 1272
200 2176
200 2321
200 2593
200 3790
200 5677
200 6998
200 9491
200 9760
201 1023
202 8304
203 670
203 1565
203 3980
203 4422
203 4610
203 8413
204 832
204 3536
204 7175
204 8524
205 457
205 686
205 990
205 1349
205 1562
205 1861
205 2192
205 2763
205 2866
205 2983
205 6794
205 9002
207 462
207 920
207 1857
207 3041
207 3647
207 4338
207 4906
207 5152
207 5229
207 6184
207 6956
207 7122
207 9215
207 9768
208 240
208 492
208 654
208 964
208 1099
208 1193
208 1582
208 2165
208 2744
208 3522
208 5606
208 6684
208 6989
208 9696
208 9790
209 646
209 1215
209 3496
209 4648
209 5306
209 7774
209 7901
209 8901
209 9348
210 388
210 748
210 1682
210 2123
210 4694
210 7318
210 7553
210 9315
211 4000
212 7534
214 4790
214 6734
214 8930
215 318
215 1654
215 4817
215 8887
215 9199
216 3710
217 627
217 713
217 828
217 932
217 1824
217 3845
217 4781
218 239
218 1192
218 2010
218 2627
218 4070
218 4550
218 5710
218 6262
218 6417
218 9000
218 9017
219 233
219 281
219 289
219 463
219 874
219 1520
219 1975
219 2164
219 2457
219 3342
219 5218
219 6565
219 6723
219 6835
219 7331
219 7529
219 7889
219 8165
219 9971
220 432
220 535
220 622
220 776
220 812
220 880
220 1369
220 2113
220 2341
220 2955
220 4525
220 4853
220 6978
220 7317
220 7328
220 7819
220 8828
221 2912
222 384
222 3796
222 7372
223 7918
224 246
224 261
224 311
224 1185
224 1450
224 1635
224 1689
224 2329
224 3603
226 928
226 2440
226 4994
226 5528
226 7216
226 8224
226 9055
226 9650
227 1007
227 1017
227 1113
227 2223
227 3547
227 4655
227 5731
228 1605
228 9482
230 4398
231 617
231 1270
231 1736
231 2098
231 2713
231 3425
231 3445
231 4271
231 8832
232 1405
235 3051
235 4234
235 6784
235 7085
236 9255
237 831
238 328
238 491
238 1647
239 544
239 1033
239 2789
239 5473
240 644
240 769
240 1141
240 1235
240 1933
240 2495
240 2629
240 2962
240 3752
240 4276
240 4466
240 4720
240 4973
240 5009
240 5291
240 5470
240 6436
240 7160
240 9270
241 288
241 562
241 1557
241 4943
241 6146
241 7267
241 8853
241 9316
243 9082
244 260
244 368
244 592
244 1304
244 1305
244 2226
244 2392
244 2648
244 2656
244 2736
244 2799
244 2809
244 2900
244 3196
244 3771
244 3970
244 4331
244 4367
244 4511
244 4921
244 4962
244 5775
244 5790
244 6358
244 6636
244 6661
244 8616
244 9022
244 9512
244 9916
244 9983
245 2356
245 8960
246 1817
246 2536
246 4280
246 4985
246 7182
246 9849
247 4320
248 267
248 322
248 482
248 1151
248 2306
248 2507
248 5185
248 7456
248 7558
248 9977
249 668
249 2982
251 4185
251 6041
252 354
252 731
252 779
252 1320
252 1368
252 4291
252 5621
252 6791
252 9843
253 671
253 793
253 1686
253 2825
253 2941
253 3235
255 8594
255 9154
256 394
256 466
256 801
256 1583
256 1648
256 1718
256 2094
256 3337
256 3556
256 4015
256 6470
256 6830
256 9077
256 9821
257 269
257 286
257 452
257 539
257 584
257 648
257 912
257 1173
257 1249
257 1303
257 1519
257 1530
257 1694
257 1959
257 2178
257 2684
257 2719
257 2728
257 2826
257 3202
257 3378
257 3559
257 4809
257 5407
257 6326
257 6388
257 6467
257 7029
257 7915
257 8106
257 8463
257 9234
258 1992
258 2014
258 4295
258 8042
259 914
260 418
260 780
260 1267
260 1666
260 1692
260 2878
260 5101
260 6396
260 6508
260 8848
260 9444
261 590
261 1082
262 9240
265 521
265 1546
265 4972
265 9586
266 366
266 375
266 587
266 983
266 1159
266 2396
266 2543
266 2968
266 3956
266 4263
266 4659
266 5262
266 6494
266 6607
266 6614
266 7486
266 8337
266 9301
266 9640
267 437
267 1157
267 1772
267 2260
267 3313
267 9140
267 9337
268 4028
270 387
270 423
270 652
270 970
270 2538
270 4220
270 4507
270 5192
270 5676
270 7503
270 7566
271 635
271 1317
271 1709
271 1759
271 2618
271 3867
271 3975
271 4588
273 4593
274 1003
274 4510
274 6967
274 7919
277 297
277 472
277 483
277 501
277 696
277 1077
277 1127
277 1900
277 1948
277 2337
277 2490
277 2514
277 2636
277 3349
277 3434
277 6594
277 6993
277 8160
277 8295
277 8724
277 8886
277 8981
277 9367
277 9674
277 9966
278 4620
280 1840
280 2232
280 4281
280 4360
280 5888
280 8132
280 8803
281 689
281 1284
281 1293
281 2994
281 3145
281 3831
281 4481
281 5746
281 6701
281 9421
282 599
282 5433
282 6414
283 944
283 2883
283 3329
283 3508
283 6307
284 442
284 1334
284 1346
284 2525
284 2975
284 4467
284 4874
284 5918
285 3577
285 5752
285 7159
285 7920
285 8115
285 9160
285 9369
286 3003
286 3278
286 3477
286 4450
286 4535
286 8290
287 824
287 8509
288 8101
289 406
289 411
289 583
289 738
289 1891
289 3862
289 8345
290 870
290 902
290 2204
290 4392
290 5403
290 6106
291 5730
292 1000
292 1169
292 1589
292 1763
292 1808
292 6617
292 7633
292 7732
292 8747
293 3252
294 393
294 2376
294 9332
295 7959
299 7350
300 304
300 1221
301 428
301 851
301 1136
301 1245
301 1418
301 1442
301 2761
301 4141
301 5624
301 6596
302 508
302 1548
302 4506
303 323
303 1008
303 1577
303 5740
303 5843
303 6121
303 7156
303 7786
304 982
304 1781
304 2754
304 3987
304 5250
304 5978
304 6810
305 953
305 1701
305 3239
305 3503
305 4854
305 8235
306 653
306 2309
306 3613
306 6626
306 9045
307 1598
307 1875
307 2106
308 893
308 1186
308 2325
308 2456
308 2802
308 3282
308 3379
308 4955
308 5907
308 6505
308 7631
308 8323
309 419
309 2295
309 5776
309 7978
311 598
311 985
311 5445
311 7708
312 5062
313 602
313 1146
313 4937
313 7334
313 7778
313 8506
314 1454
315 2394
315 2857
315 2921
315 6472
315 8739
316 1092
316 2974
317 1095
317 2334
318 8353
318 9784
319 4723
323 2128
324 370
324 924
325 2553
325 5384
325 8428
326 766
326 1295
326 3169
326 3456
326 6880
327 329
327 447
327 460
327 1219
327 2730
327 8240
328 5512
329 422
329 1036
329 1116
329 1125
329 1527
329 1629
329 2206
329 5142
329 7069
329 7464
329 9967
333 1586
333 2547
333 4863
333 5509
334 538
334 756
334 827
334 2095
334 2305
334 3268
334 3411
334 4551
334 4563
335 358
335 4016
335 4647
335 8425
335 9497
336 790
336 3422
336 3644
336 8308
337 518
337 929
337 1150
337 1389
337 5795
337 8173
338 1225
338 1636
338 1934
338 2111
338 2169
338 2365
338 2873
338 4433
338 4479
338 5943
338 6061
338 7353
338 9251
339 573
339 2344
339 2700
339 3704
339 4697
339 8955
340 1627
340 3203
340 6010
341 808
341 919
341 1010
341 1097
341 1321
341 1344
341 1508
341 1554
341 2245
341 2980
341 4548
341 4819
341 5146
341 5594
341 5908
341 6729
341 9683
343 401
343 819
343 2059
343 7262
344 841
344 1425
344 8903
345 2969
345 3684
345 3720
345 3768
345 8442
346 4615
347 4213
347 5577
348 528
348 1110
348 4645
348 4715
348 5483
348 6194
348 9099
348 9441
348 9807
349 1448
349 1457
349 2703
349 3007
349 3698
349 6111
349 8850
350 1366
350 2801
350 8347
351 749
351 2384
352 371
352 1178
352 2460
352 3991
352 4211
352 5591
352 5671
352 8759
353 380
353 468
353 785
353 3050
353 6092
353 7568
354 1044
354 1068
354 2429
354 5917
354 8234
355 855
357 522
357 2437
357 6071
358 682
358 1170
358 1495
358 2529
358 3258
358 5402
358 7195
358 7985
358 8052
359 1566
359 8687
361 2255
361 9920
361 9953
362 666
362 690
362 693
362 865
362 1129
362 3212
362 4053
363 1426
363 1568
363 2653
363 3122
363 3190
363 6570
363 7905
363 8499
363 9272
363 9823
364 604
364 1962
364 3904
364 5605
364 6062
365 762
365 9954
366 514
366 5044
367 777
368 525
368 4045
368 5901
369 1128
369 2672
370 1691
370 1822
372 1967
372 3582
372 3859
372 5476
372 5727
373 9824
374 589
374 3257
375 707
375 1336
375 1928
375 2559
375 5800
375 6492
376 485
376 486
376 782
376 1343
376 2708
376 3583
376 4427
376 4583
376 6201
376 7539
376 8709
376 9831
377 6689
378 2436
378 2546
378 7864
378 9741
378 9751
381 839
381 1883
381 2503
381 3810
382 448
382 645
382 5842
382 8906
384 499
384 7213
384 7239
384 9094
385 561
385 820
385 1194
385 2479
385 2862
385 3066
385 9346
385 9394
386 1281
386 3973
387 416
387 797
387 1471
387 1810
387 2161
388 868
388 1711
388 1982
388 2127
388 2688
388 4179
388 5680
388 9911
389 8455
390 1994
391 764
391 996
391 1286
391 2592
391 3132
391 3910
391 4539
391 4986
391 6658
391 7001
391 7235
391 7792
391 9338
392 3207
393 829
393 4089
394 935
394 1208
394 1560
394 2079
394 2971
394 3081
394 4159
394 5722
394 6126
394 7487
395 6460
395 6498
396 1201
396 1318
396 4020
396 7068
397 7203
398 444
398 450
398 637
398 695
398 2652
398 4257
398 4321
398 5657
398 8071
399 4225
399 9481
400 3467
400 5275
401 7634
401 8172
403 1486
403 1951
403 2112
403 3256
403 3954
403 4414
404 755
404 899
404 3447
404 4075
404 5011
404 5749
404 6177
405 3751
405 8068
406 459
406 470
406 1276
406 1726
406 1761
406 2421
406 2541
406 4051
406 4379
406 4687
406 5951
406 7242
406 7722
406 7858
406 8113
406 8125
406 9384
407 2063
407 2273
407 2616
407 4101
408 811
408 5750
408 7409
409 591
409 1204
409 2513
411 1942
411 8009
412 476
412 849
412 1212
412 1533
412 1746
412 2848
412 4104
412 5207
412 6820
412 7625
412 7900
412 9819
413 481
413 2088
413 4083
413 5937
415 557
415 842
415 1371
415 2017
415 2849
415 3487
415 7975
415 8069
415 8277
415 8332
416 1353
416 1918
417 497
417 1072
417 1795
417 4521
417 4574
417 7407
417 8330
417 9565
418 657
418 1441
418 2208
418 2721
418 3943
418 6277
419 475
419 1066
419 1532
419 1539
419 2477
419 2856
419 2861
419 5388
419 5506
419 9105
419 9965
420 917
420 997
420 1329
420 1802
420 2498
420 2585
420 3075
420 3130
420 3264
420 3412
420 3687
420 4283
420 4717
420 7304
420 8162
420 8255
420 9111
420 9626
421 4761
421 9191
422 494
422 9676
424 1370
424 5259
426 3291
427 700
427 1703
427 2520
427 2555
427 3440
427 3656
427 4308
427 4638
427 5034
427 6690
427 8020
427 8897
427 9474
427 9999
430 7281
430 7791
432 464
432 3461
432 3499
432 9205
433 4273
434 1105
434 1107
434 1980
434 9469
435 2296
435 6133
435 6831
436 631
436 1379
436 2805
436 8543
438 1388
438 2450
439 741
439 794
439 872
439 988
439 1038
439 1057
439 1098
439 1259
439 1417
439 1923
439 2138
439 2298
439 2433
439 2551
439 2773
439 2959
439 3073
439 3250
439 3571
439 3762
439 4456
439 5006
439 6487
439 6809
439 6892
439 7024
439 7178
442 1487
442 5348
442 5616
442 9837
444 830
444 1374
444 7422
445 456
445 669
445 2610
445 3161
445 4080
445 4801
446 7535
447 527
447 936
447 1732
447 1894
447 1927
447 2378
447 4683
447 4949
447 6296
447 7759
447 7820
447 9530
448 6120
448 6823
449 8768
451 3173
451 6822
452 1574
452 1904
453 1687
454 704
454 838
454 3322
454 7462
455 1067
455 2121
455 2152
455 2184
455 2371
455 2949
455 3696
455 4380
455 6856
455 9502
455 9641
456 576
456 624
456 1143
456 3332
456 3672
456 5095
456 8049
456 8573
456 9228
456 9590
458 3528
459 1989
459 3809
459 4105
459 5945
462 5050
462 6452
463 2146
463 2641
463 4621
465 933
465 6586
465 9511
468 4354
468 9592
469 2377
469 3187
469 3863
469 7202
470 664
470 1773
470 1862
470 2089
470 3129
470 3432
470 3529
470 4284
470 4970
470 5293
470 5670
470 6430
470 7261
470 9892
471 1021
471 2156
472 751
473 5916
473 7648
473 8708
474 862
474 921
474 1133
474 2072
474 2535
474 2573
474 4221
474 6213
474 9016
474 9424
474 9681
474 9877
475 4958
476 1829
476 1986
476 4592
476 8609
476 8794
477 2445
477 5886
477 8707
477 9110
480 3939
480 4938
480 5757
480 6239
480 9498
481 783
481 1165
481 1229
481 1381
481 2577
481 3836
481 4410
481 5462
481 5666
481 6032
481 6425
481 6602
481 8663
481 9753
482 1492
482 3208
482 3530
482 5016
482 6832
482 6948
482 8950
483 800
483 1423
483 1572
483 1955
483 2410
483 9970
484 605
484 1243
484 1337
484 1832
484 1978
484 2243
484 2290
484 2399
484 3543
484 3841
484 5480
484 5675
484 6072
484 6803
484 6854
484 7275
484 7599
484 7623
484 8555
484 8721
484 9139
484 9363
484 9879
484 9888
485 2149
485 8079
486 1893
486 2650
486 2757
486 3511
486 6019
486 9453
487 8604
488 6611
488 9531
489 1608
489 2646
489 3133
489 3918
490 632
490 857
490 7836
491 618
491 7610
493 1784
493 4734
493 9431
494 1028
494 1261
494 2312
494 5589
494 9952
495 1153
495 1545
495 4218
495 9217
495 9817
497 674
497 2033
497 2973
497 4216
497 9278
498 787
498 3255
498 6849
498 9612
499 5708
499 7094
499 8686
500 4310
501 1130
501 7199
501 8278
502 1291
502 2613
502 3429
502 6449
504 845
504 4591
506 3267
506 4634
509 5033
509 6023
509 7167
510 807
510 1879
510 1990
510 3454
510 4663
511 2160
511 6270
513 739
513 5437
514 5484
516 981
516 2690
516 6253
516 8932
517 2649
517 5971
517 8556
517 9724
518 5324
518 9053
520 773
520 2411
520 5802
520 6821
520 9396
521 582
521 816
521 1453
521 1858
521 4787
524 540
524 1117
524 7017
524 9382
526 1697
526 5464
528 9317
529 1637
529 3769
529 5496
529 9535
530 580
530 715
530 746
530 1569
530 2080
530 5954
530 6300
530 7316
530 7381
531 2144
532 1147
532 2420
532 3125
532 5529
532 7015
532 7678
532 7990
532 8938
533 913
533 956
533 1690
533 2349
533 3307
533 4001
533 7780
533 9158
534 742
534 4870
534 4882
534 5521
534 5742
534 8104
534 9772
535 9361
536 5135
537 1821
537 5930
540 1376
540 1926
540 3047
540 3690
540 4558
541 861
541 4759
541 7118
541 7533
541 9904
542 600
542 1634
542 1815
542 2590
542 3407
542 5448
544 1137
544 1563
544 2259
544 2853
544 3052
544 3067
544 3468
544 8334
544 8693
545 2157
545 2836
545 8047
546 2584
546 2765
546 6542
546 6726
547 7621
547 7707
547 9803
548 1401
548 3366
548 6007
548 7377
548 7547
548 8153
551 1757
551 3814
551 4835
551 5102
551 5223
551 6443
551 8658
553 998
554 4207
555 2100
555 3880
556 993
556 1358
556 1702
556 1729
556 2159
556 2978
556 3726
556 3818
556 4653
556 5444
556 5540
556 6954
556 7498
556 7795
556 7838
556 9628
556 9716
557 954
557 1339
557 3823
557 6585
557 7779
558 594
558 1031
558 1073
558 3643
558 5544
558 8093
559 898
559 1705
559 2068
559 2491
559 2870
559 4265
559 4304
559 4763
559 6426
559 7155
560 1780
560 2011
560 2683
560 4067
560 7630
561 1112
561 1463
561 5315
561 6666
561 8229
562 959
562 2140
563 676
563 1916
563 5855
564 3020
564 4091
564 4130
564 4278
564 6324
564 7340
564 7773
565 1965
565 9403
567 1181
567 1905
567 1950
567 2927
567 4662
567 6137
567 6980
568 1966
568 3805
568 4925
571 814
571 1887
571 2483
571 4219
571 6541
571 7856
572 694
572 1602
574 2236
574 5735
574 6534
575 1056
575 1411
575 2067
575 3663
575 4799
575 5773
575 7474
575 9257
575 9446
575 9679
576 1760
576 3358
576 5556
576 8398
577 1719
577 1738
577 5308
577 8211
578 1715
578 2508
578 2767
578 4453
578 7084
578 9436
579 7766
580 4769
581 2368
581 8050
582 4643
582 6206
582 7212
583 3333
583 7540
583 8855
585 610
585 1196
585 2383
585 2733
585 3057
585 4288
585 5118
585 5155
585 8053
585 9456
586 714
586 3421
586 3513
586 3994
586 4698
586 6553
586 6673
586 9655
587 3869
587 5642
587 7127
587 7909
588 3384
588 7521
589 2727
589 5856
589 6732
589 7832
589 7964
590 6815
590 9108
592 7669
593 1837
593 2056
593 5397
593 7833
594 2322
595 8190
596 969
596 2177
596 2938
596 4250
596 5140
596 7595
596 9149
597 1166
597 1237
597 2372
597 3180
597 3474
597 4031
597 5335
597 5799
597 9173
597 9838
598 752
598 3185
599 7982
600 8723
600 8767
601 2478
601 4691
601 9907
602 6000
604 818
604 1584
604 2284
604 2333
604 2354
604 3883
604 3917
604 9102
605 679
605 685
605 1435
605 2796
605 7997
605 8783
606 3629
607 705
607 3517
607 5459
607 9604
608 655
608 973
608 9116
609 6221
609 6321
610 1041
610 2051
610 3070
610 3944
610 4880
611 2090
611 2428
612 1257
612 3103
612 5637
612 6710
612 7744
612 7977
615 1053
615 1521
615 2110
615 2911
615 3137
615 3781
615 5227
615 5360
616 2021
616 4099
616 5190
616 8405
617 9103
618 1929
618 5574
618 6165
618 6234
618 7233
618 8346
619 5618
620 5924
620 6180
621 2283
621 3779
622 688
622 2946
624 1845
624 8852
626 757
626 1184
626 2875
626 5566
626 6170
626 6916
626 8607
626 9528
627 1420
627 2997
630 1050
630 3110
630 6615
630 7044
631 1119
631 2237
631 2867
631 3584
633 781
633 906
633 3850
635 7400
636 6021
636 8391
638 1009
638 1359
638 1434
638 1478
638 1792
638 1873
638 2275
638 2374
638 2497
638 4660
638 5575
638 5897
638 5936
638 7013
638 8180
638 8958
638 9465
639 1496
639 2556
639 3734
639 5361
639 5831
639 6474
639 6973
639 7929
639 9610
639 9686
640 3545
641 1078
641 1480
641 2282
641 3272
641 4454
641 4806
641 6333
641 7910
641 9097
642 1475
643 3063
643 3253
644 5702
644 6252
645 2915
645 3642
645 4372
645 6795
646 5074
646 5592
646 5635
647 7425
649 1785
649 3146
649 4917
654 6698
655 1014
655 1976
655 2155
655 2486
655 7489
659 991
659 1345
659 4862
659 6765
659 8512
660 4107
662 1122
662 4993
662 5765
662 6082
662 7197
663 3893
664 710
664 5456
664 8319
664 9984
667 2256
667 4483
669 2597
669 3381
669 6497
670 2037
670 3651
670 7205
670 7431
670 8114
671 833
671 1115
671 1756
671 1768
671 3334
671 5517
671 9019
673 2228
673 6290
673 6720
673 7310
674 7428
676 848
676 1377
676 1438
676 1470
676 1788
676 2832
676 6770
676 8411
677 2235
677 2326
677 2482
678 3375
678 5502
678 6360
678 8014
678 9059
680 1639
680 3377
680 6940
683 1754
683 2291
683 2931
683 4134
683 7552
684 947
685 2076
685 2086
685 3594
685 3700
685 8435
686 890
686 1104
686 5058
687 729
687 918
687 938
687 2205
687 7198
687 8307
690 1190
691 1096
691 1466
694 1940
695 3885
696 1665
696 5318
696 6200
696 8503
697 1172
697 1283
697 1571
697 1954
697 1956
697 2918
697 5421
697 7673
698 4494
698 4504
700 826
700 7643
702 1469
702 6706
702 9418
703 711
703 2716
706 758
706 937
706 2574
706 4444
706 4912
706 5955
707 3963
707 5104
707 5590
707 9627
708 1102
708 1570
708 9480
709 3420
709 4114
710 1800
710 4735
713 1825
713 2270
713 3061
713 6468
714 2673
714 5798
714 6699
714 7925
715 3018
715 3717
715 3959
715 4066
715 8231
715 9224
715 9518
716 5165
716 7771
716 9860
717 2502
718 2833
718 7184
718 7440
718 7937
719 2632
719 3846
719 6950
720 744
720 873
720 1162
720 1313
720 1607
720 2496
720 3017
720 3285
720 4633
720 5019
720 6069
720 6731
720 7367
720 8174
720 9467
720 9625
721 810
721 2791
721 3872
721 4041
721 4058
721 6424
721 6846
721 9115
721 9736
722 725
722 2748
722 3008
722 3848
722 5247
722 6945
722 9764
723 1775
724 1777
724 2572
724 9027
725 1037
725 4063
725 4365
725 4860
725 5481
725 7383
725 7585
726 1187
726 2097
729 3843
730 7066
731 2340
732 2066
732 3866
732 4936
732 6035
733 759
733 963
733 2824
733 2965
733 3703
733 4014
733 4084
733 7706
734 1275
734 2077
734 2480
734 2884
734 2939
734 3518
734 4336
734 4538
734 4878
734 5224
734 6524
734 6785
734 7237
734 8917
734 9190
734 9331
737 1595
738 1123
738 1431
738 1730
738 2073
739 1830
739 3478
739 4233
739 4872
739 5111
739 8464
740 8241
742 966
742 2289
742 2342
742 2409
742 3945
742 5167
742 8894
744 6261
745 4252
745 5854
746 6269
749 7646
749 8491
750 903
750 1544
750 7753
751 3937
752 951
752 2091
752 3172
752 3628
752 3691
752 5809
752 7953
753 5913
754 763
754 941
754 7645
754 8716
755 1260
755 2449
756 1479
756 3480
756 7065
756 9564
757 7511
759 7783
760 1449
760 4024
760 8888
761 1591
761 3367
761 5195
762 2009
763 7781
764 3865
764 4010
764 7034
766 1758
766 4022
766 4446
766 5698
767 4007
767 6043
767 8929
768 1820
770 2057
772 2788
772 7374
772 7676
772 9163
773 1935
774 3099
774 5452
774 7740
775 792
777 9024
778 994
778 1937
778 2427
778 3369
778 5182
778 7544
778 7699
779 1348
779 1500
779 3738
779 3950
779 4268
779 6776
779 8944
779 9445
781 974
781 1491
781 2459
781 4469
781 7073
781 7338
781 7499
781 8760
782 3281
782 6714
782 7341
782 7384
782 8146
783 2180
784 1679
784 1728
784 1751
784 1871
784 8385
786 8253
786 8703
787 2945
788 3952
788 5132
789 968
789 2589
789 2864
789 5681
792 2972
792 3336
792 5430
792 9841
794 5046
794 7549
794 9687
797 8182
799 1789
799 2993
799 6418
799 8870
799 8912
801 1027
801 4212
802 7468
802 7893
805 1253
805 4076
805 7658
805 7767
805 7815
805 8077
805 8681
806 3045
808 3501
808 6522
810 922
810 1001
810 1342
810 1663
810 3612
810 5490
811 1101
811 1708
811 3088
811 3359
811 5878
812 4740
812 5753
812 9170
812 9185
813 1233
813 2680
813 2960
813 3469
813 3540
813 4071
813 5820
813 5850
813 8181
813 8621
814 1770
814 6363
814 9288
815 2166
816 2465
816 3502
816 5022
816 8186
816 8301
817 1432
817 2598
818 1015
818 2343
818 3622
818 8054
819 1590
820 4607
820 5835
820 6334
820 8484
822 1228
823 975
823 2385
824 1120
824 4208
824 5525
826 3163
826 3935
826 8824
827 9428
830 2814
830 3200
830 6677
832 4488
834 3293
834 4316
835 3633
835 4093
835 6027
836 1899
837 3249
837 4549
837 6284
839 2225
839 5974
839 5992
840 2961
840 7142
840 8813
841 6909
842 931
843 4886
844 854
844 2985
844 3227
844 3654
844 4908
844 8349
845 3031
845 7217
847 3116
848 1460
848 3933
848 6975
848 9030
849 3563
849 7004
851 1373
851 1901
851 2562
851 2583
851 3723
852 2346
852 4748
852 8274
853 3058
853 8298
856 1610
856 2315
856 2355
856 2540
857 2685
857 4843
857 5160
857 9722
858 875
858 1071
858 1338
858 1416
858 1655
858 1668
858 6345
858 8572
858 8632
865 1227
865 1514
865 2692
865 4355
865 7569
869 7161
871 1132
871 2187
873 4343
873 5747
873 8015
874 4300
874 5164
874 5356
874 5931
876 1086
877 1347
877 1526
877 1529
877 2463
877 2879
877 3555
877 3825
877 4963
877 5186
877 5279
877 6312
877 8265
878 910
878 2734
878 5121
878 5352
881 2016
881 5398
882 4293
882 7754
884 1332
884 2316
884 7782
886 984
886 2539
886 3027
886 6238
886 7337
886 7639
887 3919
888 1710
888 1713
888 1851
888 2267
888 5532
888 6343
890 5977
890 6733
892 2375
892 2694
892 5501
893 2859
895 926
895 4238
896 1585
897 992
898 1367
898 1721
898 2004
898 3930
898 5371
898 6595
898 6772
899 2262
899 2926
899 5252
900 3071
900 3080
900 7076
901 3042
901 4951
902 1465
902 1805
906 2147
909 1264
909 1936
909 2150
909 3086
909 4718
909 5158
909 7571
909 8790
909 8831
910 2386
910 6560
911 1158
911 1211
911 1771
911 1812
911 4830
911 5647
911 6142
911 6812
911 9131
912 4021
912 7070
912 9235
912 9430
913 2015
913 5413
913 6773
913 7861
913 8362
913 9325
913 9785
914 6144
915 4012
916 923
916 2578
916 3277
916 8911
917 1026
917 4821
917 5562
917 9588
920 7370
921 1988
921 2084
921 5898
922 1149
922 1839
922 6078
922 6621
923 4174
926 1319
926 2561
926 7478
927 1262
927 1352
927 1451
927 1700
927 1844
927 2286
927 2320
927 2558
927 2711
927 2858
927 2916
927 3143
927 3247
927 3315
927 3996
927 4078
927 4170
927 4606
927 5212
927 5328
927 6157
927 6580
927 6623
927 6881
927 7190
927 7494
927 8365
927 8510
927 9090
927 9487
927 9924
930 1909
930 2725
933 8624
934 8439
936 5281
936 6619
937 4081
937 5892
937 6235
937 6818
937 8377
938 1325
938 5272
939 2395
939 2932
940 6841
943 3882
944 1240
944 3941
944 6857
945 3417
945 4144
947 1154
947 1669
947 1878
947 2423
947 3188
947 3608
947 3671
947 3916
947 4198
948 4907
949 3892
950 3223
950 8090
952 1656
954 6384
955 1734
955 4605
956 1540
959 1657
960 5125
961 2171
961 7570
961 9645
963 9454
963 9599
964 7173
965 2792
965 3627
965 3817
965 4390
965 4441
965 6017
969 7745
972 2387
972 5965
973 1207
973 1856
973 3631
973 4772
973 7154
974 5825
976 2103
976 4437
976 4847
976 7211
979 5985
981 1300
981 1503
981 1511
981 1748
981 1876
981 2630
981 2726
981 2793
981 3068
981 3302
981 3371
981 5375
981 5578
981 6438
981 8628
981 8895
981 9230
981 9957
983 2248
986 1018
986 1061
986 1946
986 2808
986 8112
986 8839
986 9938
988 1651
988 3390
988 4902
988 6461
988 6724
989 2950
989 8859
990 1030
990 6365
990 7955
991 8942
992 2570
992 3670
992 5652
993 2381
995 1265
995 1485
995 6412
995 8120
996 1624
996 8462
999 1782
1000 6306
1000 7705
1000 8118
1000 8771
1003 1145
1003 3189
1003 5910
1003 9762
1004 1025
1004 4345
1004 4576
1004 9809
1006 2906
1006 8984
1007 1163
1007 2681
1007 3034
1007 7691
1007 7811
1007 7960
1007 9068
1007 9156
1010 2078
1011 2034
1011 5720
1011 6037
1011 8770
1011 9427
1012 3248
1013 1226
1013 2347
1013 6139
1013 7483
1013 7793
1013 8129
1015 7976
1015 8753
1015 9490
1017 3900
1017 7993
1018 2835
1018 9851
1019 2560
1019 3397
1019 5693
1019 8679
1020 1069
1022 6385
1022 7058
1024 9514
1025 2229
1025 2528
1025 9442
1026 1794
1026 3745
1026 4313
1026 4346
1026 4897
1026 9647
1027 1898
1027 5161
1027 6957
1027 7098
1028 4417
1029 4528
1029 4641
1029 7522
1030 4577
1031 2019
1031 7342
1032 1203
1032 1467
1032 1799
1032 2151
1032 5059
1032 6399
1032 8257
1032 9147
1033 3261
1033 4665
1035 1164
1035 1341
1035 1796
1035 2274
1035 2302
1035 2565
1035 2575
1035 5148
1035 9759
1036 4472
1036 8387
1037 4928
1039 2698
1039 4756
1041 3100
1041 3913
1041 4595
1041 6162
1042 1209
1042 4726
1042 8340
1043 1408
1043 9012
1045 2109
1045 7680
1046 2766
1046 4537
1046 5274
1047 7594
1048 2252
1048 7138
1049 2467
1049 2640
1049 2686
1049 8791
1050 2426
1050 2717
1050 4004
1050 6850
1052 3325
1053 6205
1053 6628
1054 1579
1054 4500
1055 1093
1055 1645
1055 2611
1055 2948
1055 3552
1055 5845
1055 6462
1055 7878
1055 9076
1055 9434
1055 9914
1056 1653
1056 1915
1056 4061
1056 7452
1057 2542
1057 3220
1059 6590
1059 6932
1059 7260
1059 9776
1061 2285
1063 1534
1063 2499
1063 2779
1063 3971
1064 4566
1064 4795
1066 2398
1067 1472
1067 1604
1067 5394
1068 1623
1068 1974
1068 6530
1068 7834
1071 6214
1071 8961
1074 3085
1074 3794
1075 2534
1076 3903
1076 5131
1076 5333
1077 1567
1077 2979
1077 4371
1077 5025
1077 6694
1077 8973
1077 9187
1078 1616
1078 2599
1078 2914
1078 3662
1078 4804
1078 7855
1080 1859
1080 4057
1082 1131
1082 1440
1082 1477
1082 2105
1082 2995
1082 3693
1082 3938
1082 6637
1082 6707
1082 7842
1082 7892
1084 2353
1084 5558
1084 5840
1084 7866
1087 1248
1087 1765
1088 9532
1090 3399
1090 5364
1091 1395
1091 1427
1091 3576
1091 4359
1091 4569
1091 5214
1091 5363
1091 5852
1091 6862
1091 8511
1091 9976
1092 1189
1093 2842
1094 4737
1095 2222
1095 5807
1096 4334
1097 1429
1097 4405
1097 4608
1097 5189
1098 2568
1098 4206
1098 6502
1098 6824
1098 8350
1098 8957
1098 9850
1099 6160
1100 3782
1100 8436
1101 1804
1101 4856
1102 1310
1102 1696
1102 1995
1102 8471
1102 9882
1105 8407
1106 1176
1106 4445
1106 5520
1106 7050
1107 1964
1107 3419
1107 4793
1107 5797
1107 7509
1108 2895
1108 6678
1108 9536
1110 1941
1111 6693
1113 4652
1113 9358
1114 9347
1114 9717
1115 1324
1115 2133
1115 7395
1116 2715
1116 3324
1116 3675
1116 6174
1119 1597
1119 5400
1119 8615
1120 6219
1120 6839
1122 2162
1123 3351
1123 8310
1124 5896
1125 2367
1125 8401
1126 1410
1126 3039
1127 1725
1127 7194
1132 4744
1132 9922
1134 2297
1134 8138
1137 5090
1137 5957
1137 6653
1137 9386
1138 1144
1138 5453
1139 1183
1139 2750
1139 3114
1139 5353
1139 5923
1139 7054
1139 8495
1141 5860
1142 7241
1145 1869
1145 1884
1145 2055
1145 2917
1145 3182
1145 3553
1145 4237
1145 5431
1145 6117
1145 7523
1148 3978
1148 9274
1150 1670
1150 3820
1150 4011
1150 4341
1150 7181
1151 2026
1151 2458
1151 2724
1151 6067
1151 6285
1151 7087
1151 7667
1152 1743
1152 2920
1153 1363
1153 3055
1153 3826
1154 3832
1155 1445
1155 1744
1155 2966
1155 3136
1155 5410
1157 5518
1157 8782
1158 8530
1161 9975
1163 2699
1165 1239
1165 5743
1166 4670
1168 3400
1170 2813
1170 3181
1170 3695
1170 4163
1170 5138
1170 7945
1170 9654
1171 7984
1172 6311
1172 8357
1175 1333
1175 4553
1175 5070
1175 6605
1175 9306
1177 3406
1177 4275
1179 3102
1179 3493
1179 3716
1179 7026
1180 2929
1180 3766
1180 6624
1181 2622
1182 7294
1183 2250
1183 2455
1183 3199
1183 4329
1183 4920
1183 5563
1183 8250
1183 8908
1185 3194
1187 3435
1187 5645
1187 9708
1188 4183
1188 9166
1189 1223
1189 1626
1189 2190
1189 2669
1189 4143
1189 4752
1189 5638
1190 1400
1190 3354
1190 5392
1190 5718
1190 7458
1190 7528
1190 9056
1191 5489
1192 2492
1192 2935
1192 3000
1192 3271
1192 4514
1192 8339
1192 9409
1193 2519
1193 5984
1193 9994
1194 1512
1197 3233
1199 2999
1199 6742
1199 7867
1200 2422
1200 2702
1200 2746
1200 2747
1200 4248
1200 5382
1201 3516
1201 9609
1203 3569
1205 1564
1205 3538
1205 3645
1205 4332
1205 4625
1205 4981
1205 7897
1205 8871
1206 3438
1206 4375
1206 7736
1207 1220
1207 5017
1207 6747
1207 7868
1211 1841
1211 5948
1211 8472
1212 2186
1212 5442
1212 7692
1213 1398
1213 5696
1214 4617
1214 8531
1215 1943
1217 6766
1217 8922
1218 1811
1218 3311
1218 6933
1222 7514
1223 2820
1223 7153
1223 7603
1227 1443
1227 2170
1228 2391
1228 9188
1231 4674
1232 3092
1232 3455
1232 5245
1233 3346
1234 3119
1234 5475
1234 8175
1235 4175
1236 1612
1236 1707
1236 7562
1237 5560
1237 6446
1237 7687
1238 1720
1238 2107
1238 2970
1238 3251
1238 3509
1238 4658
1238 7230
1238 7519
1238 7758
1238 8504
1241 1547
1241 1631
1241 2841
1241 3870
1241 4522
1241 5071
1241 8051
1241 8390
1244 2760
1244 5301
1244 6727
1244 8370
1244 8851
1246 1280
1246 2787
1248 1282
1248 6250
1249 2054
1249 2145
1249 2753
1249 3607
1249 8866
1249 8868
1250 6225
1254 1917
1256 3581
1256 5583
1257 2397
1257 2798
1257 3599
1257 6109
1257 7427
1257 7875
1257 9126
1257 9982
1258 2919
1258 4201
1258 7388
1258 7460
1259 8086
1260 1509
1260 1685
1260 2311
1260 3747
1260 7622
1261 5237
1263 1741
1263 1881
1263 2453
1263 2701
1263 2756
1263 3204
1263 4032
1263 4065
1263 7760
1263 9988
1264 1866
1264 2804
1264 2847
1264 8343
1264 8669
1264 8867
1265 4299
1268 7491
1269 1516
1269 2472
1270 1973
1270 2045
1270 4235
1271 3097
1271 5028
1271 5988
1271 8913
1272 6354
1272 8201
1272 8321
1274 3363
1274 3942
1276 2234
1276 3138
1276 7046
1276 8793
1277 5174
1279 6294
1281 1693
1281 3674
1281 9281
1283 3408
1284 5040
1284 6377
1284 7322
1284 8954
1285 5876
1285 6098
1288 4601
1288 8283
1290 2008
1290 2452
1290 2908
1290 3485
1290 4386
1290 5255
1291 8934
1291 9458
1294 1677
1295 3450
1295 4383
1296 2299
1298 3844
1299 2029
1300 1311
1300 1415
1300 9279
1301 4042
1301 7296
1302 3230
1304 1977
1304 4172
1304 5330
1304 7000
1306 2441
1306 6204
1306 9792
1307 5362
1307 9887
1308 1816
1308 3787
1308 3901
1309 2992
1309 3463
1309 7971
1310 1619
1310 9293
1311 1523
1311 1641
1312 1611
1312 2194
1312 2544
1312 7096
1312 8045
1312 8228
1312 8758
1313 3681
1315 5438
1316 2130
1319 1357
1319 6220
1320 9846
1322 2998
1322 9280
1323 6164
1323 6283
1323 7311
1323 9189
1325 1747
1325 2131
1326 3226
1326 8554
1327 2071
1327 2481
1327 2720
1327 3428
1327 5041
1327 5198
1327 5472
1327 5497
1327 5900
1327 6028
1327 8544
1327 9174
1327 9291
1327 9303
1327 9962
1328 3838
1328 8348
1330 4055
1331 9948
1334 3437
1336 2795
1336 2954
1337 2419
1339 9343
1340 1473
1340 1652
1340 6437
1341 1404
1341 2817
1341 3108
1341 3368
1341 7209
1341 7675
1344 3197
1344 3947
1344 6152
1344 6178
1344 9218
1345 2006
1345 3131
1345 3686
1345 4297
1345 6510
1345 9145
1348 3028
1348 3029
1348 4138
1348 5626
1348 6972
1348 8562
1348 9214
1350 2771
1350 3014
1350 3112
1350 3376
1350 3972
1350 4452
1351 2335
1351 2643
1351 5614
1351 9890
1352 1552
1352 9320
1352 9830
1354 2417
1354 6769
1354 7244
1354 8150
1355 1882
1355 2850
1355 6641
1356 8245
1357 1985
1357 2028
1357 4194
1357 6171
1357 6501
1357 7253
1357 8748
1360 3912
1363 2923
1363 3011
1363 3765
1363 5197
1363 9673
1365 3120
1365 3391
1365 4421
1365 4786
1365 6068
1368 5848
1368 6828
1369 2989
1372 1573
1373 1970
1373 2041
1373 2352
1373 4771
1373 7536
1373 7601
1374 1662
1374 1944
1374 5007
1374 9266
1375 1391
1375 1787
1375 2380
1376 1483
1376 1778
1376 2158
1376 2339
1376 3289
1376 3842
1376 4932
1376 5895
1376 9389
1376 9747
1377 5505
1382 1599
1382 2531
1382 4499
1382 4681
1382 4777
1382 6405
1382 6913
1383 7183
1384 3054
1384 5280
1384 9579
1387 5963
1387 7002
1391 1524
1391 8561
1393 2219
1393 3403
1393 6575
1393 7841
1393 8294
1393 8402
1393 9840
1400 3993
1400 6825
1400 8177
1401 8432
1401 9537
1401 9541
1403 3183
1404 5114
1406 1414
1406 1513
1407 1601
1407 1650
1407 1755
1407 3107
1407 6844
1407 9268
1408 2803
1408 4017
1408 4068
1408 6767
1408 8451
1409 9842
1410 3449
1410 3724
1410 8466
1412 1541
1412 1836
1412 5215
1412 6642
1412 8408
1412 8564
1420 1452
1420 5056
1421 3179
1421 9705
1422 6110
1422 9712
1423 4227
1423 5976
1423 6520
1424 2415
1424 5764
1425 2882
1425 3711
1425 4171
1428 8195
1429 1991
1429 2137
1429 5329
1429 7430
1431 5561
1435 3588
1436 2401
1436 6647
1436 7025
1437 2202
1437 5961
1439 1581
1439 3098
1439 8380
1439 9796
1440 6327
1445 1972
1445 2261
1445 2845
1445 9148
1446 2595
1446 3240
1446 5346
1446 5873
1447 9510
1449 9587
1450 1889
1450 5541
1456 2663
1456 6700
1460 5724
1460 8025
1461 1865
1461 3742
1464 2197
1464 7043
1465 6696
1465 9485
1467 3402
1467 4838
1468 7037
1469 4180
1469 4370
1469 8877
1473 8588
1475 1517
1475 9731
1476 2360
1476 3758
1477 2425
1478 3812
1478 4302
1478 9129
1479 2964
1479 3060
1479 7580
1479 7637
1480 2081
1480 7940
1480 7996
1480 9052
1480 9618
1481 2324
1481 3205
1481 6576
1481 7967
1481 8976
1483 2552
1483 2623
1483 6341
1483 8324
1483 8605
1483 9804
1485 3033
1485 5030
1485 5061
1485 7144
1487 2714
1487 3327
1488 3401
1492 3744
1492 3890
1492 5020
1493 2501
1493 4162
1493 4418
1493 7961
1494 1561
1494 1939
1494 3304
1494 6645
1495 5889
1496 1531
1496 2023
1496 8219
1498 4342
1503 3004
1503 4484
1503 4765
1503 6938
1504 4056
1505 5474
1506 1507
1507 2242
1507 2722
1508 8940
1508 9426
1510 3372
1510 3386
1510 5436
1512 2922
1512 4736
1515 3852
1516 3637
1516 4002
1516 4161
1516 5565
1517 2318
1517 2869
1517 3015
1517 3466
1517 4106
1520 9476
1522 7033
1522 8251
1523 2600
1523 5781
1523 5824
1523 6102
1523 6931
1526 1587
1526 5196
1527 6764
1527 8155
1530 2233
1530 2894
1531 7288
1532 9049
1534 2889
1534 3065
1534 4760
1534 5166
1535 1826
1535 1947
1535 2327
1536 8244
1537 5679
1537 6254
1537 7950
1540 4314
1540 8844
1540 9856
1543 5648
1543 7257
1544 9543
1546 2209
1546 4356
1548 9944
1553 7368
1554 4669
1555 5719
1555 7604
1558 1731
1558 6381
1558 6983
1560 1658
1560 2200
1560 2635
1560 3236
1561 1683
1561 2280
1561 5921
1562 1850
1562 3010
1562 4536
1563 1880
1563 9662
1564 1890
1564 2412
1564 7587
1564 8221
1565 3191
1565 5634
1565 6374
1567 2035
1567 2093
1567 2591
1567 3960
1567 8854
1570 3385
1570 5334
1570 5700
1570 6209
1570 8284
1570 9194
1570 9729
1572 2659
1572 2852
1572 4424
1573 3746
1574 3676
1575 8670
1577 1646
1577 7078
1579 2606
1582 1672
1583 2732
1583 2838
1583 3082
1583 3585
1583 6532
1583 9483
1583 9991
1585 2511
1586 1790
1589 2196
1589 8949
1590 7186
1591 2193
1591 4827
1591 6210
1591 6325
1591 7655
1591 9756
1596 3616
1596 8927
1598 2755
1599 3755
1599 3884
1600 4409
1600 4517
1600 6271
1606 2963
1606 3948
1608 2416
1608 5283
1609 4073
1609 5014
1609 9664
1610 1908
1611 3706
1613 3492
1614 9658
1615 2678
1615 2769
1615 4895
1615 7313
1616 2172
1617 8097
1618 2043
1618 5271
1618 9855
1619 2854
1621 1643
1622 5927
1622 8985
1624 2114
1624 7807
1626 2615
1627 4173
1627 4217
1628 2743
1630 9656
1631 6808
1631 9666
1633 2679
1633 2776
1633 4816
1635 1739
1635 8964
1635 9209
1638 2510
1638 3153
1638 5395
1639 1735
1639 8141
1640 3317
1645 2082
1645 2705
1648 1920
1648 3624
1649 1914
1649 2000
1649 4747
1649 4788
1649 5962
1649 6448
1649 7005
1649 9932
1650 4059
1651 4623
1653 3280
1653 5057
1655 3141
1655 8644
1657 6118
1657 8823
1658 7557
1659 3394
1659 4888
1661 3276
1664 4395
1665 1910
1667 2221
1667 2258
1667 3254
1667 3849
1667 7683
1669 5172
1670 2279
1670 3464
1670 4322
1670 4695
1671 2550
1671 3452
1671 3708
1671 4567
1671 7647
1672 2338
1673 2263
1673 5468
1673 8022
1675 2276
1675 2772
1676 2031
1676 2266
1676 2851
1680 7081
1680 7369
1681 1809
1681 2631
1682 4166
1682 5004
1682 5184
1682 7289
1682 7299
1684 6292
1686 8243
1687 5569
1689 2605
1691 2292
1691 4254
1691 4873
1691 5495
1691 6963
1691 7059
1691 9119
1691 9547
1693 5548
1693 6428
1694 1803
1695 8437
1696 1945
1696 2069
1696 2220
1696 2304
1696 2487
1696 2505
1696 2658
1696 2871
1696 6667
1696 7721
1696 7805
1697 4803
1698 2881
1698 3586
1698 4113
1699 2775
1699 9596
1700 6053
1701 7589
1703 5627
1703 8715
1703 9779
1705 9334
1706 3170
1706 3906
1706 5571
1706 7742
1711 1867
1711 4124
1711 9112
1712 3184
1712 7563
1714 2608
1714 3237
1714 3705
1714 8840
1715 2786
1716 7397
1717 3925
1717 5869
1718 5183
1718 7471
1719 2336
1720 2254
1720 7335
1721 6760
1723 6876
1724 7600
1725 3234
1725 3702
1725 5122
1725 8441
1726 1847
1726 2257
1726 3500
1726 5287
1726 6573
1727 5115
1727 6335
1731 1835
1731 2633
1731 4215
1731 9763
1732 2132
1732 3535
1732 3772
1732 6804
1736 2058
1736 2210
1736 2782
1736 2899
1736 4188
1736 4193
1736 8262
1736 8458
1736 9432
1736 9755
1739 1834
1739 4533
1739 5109
1740 3048
1740 6272
1743 4319
1744 4204
1744 6748
1745 7309
1746 2102
1746 6181
1748 7170
1749 2139
1749 4397
1749 6185
1749 6668
1750 4384
1750 5587
1750 9006
1750 9619
1750 9713
1752 1979
1752 2018
1752 2351
1752 2358
1752 3430
1752 6411
1752 6433
1752 8044
1752 8178
1752 9509
1753 5660
1755 3914
1755 4033
1755 7380
1756 2191
1756 2408
1756 4366
1757 9299
1760 3630
1760 4199
1760 6289
1762 3294
1764 1957
1766 6167
1771 2201
1771 2831
1771 3858
1771 3868
1771 6459
1771 6756
1771 8116
1771 8796
1771 9259
1771 9881
1772 2984
1772 3709
1772 4223
1775 4562
1775 6361
1775 9820
1776 4640
1778 4279
1779 3160
1779 4072
1780 2143
1780 5612
1780 7232
1780 9653
1783 2778
1783 5390
1783 7814
1783 9668
1785 1895
1785 5674
1785 6959
1786 8272
1787 3649
1787 6228
1789 2049
1789 2188
1789 2937
1789 3175
1789 4512
1789 4965
1789 5485
1789 5993
1791 3314
1791 7022
1791 7023
1793 4883
1796 1952
1796 2953
1796 3510
1796 4649
1797 5793
1799 2621
1799 2794
1799 3079
1799 4667
1799 6608
1801 3668
1801 7243
1802 7256
1803 4485
1803 9402
1806 2742
1806 3730
1806 4003
1806 5297
1806 6161
1806 7348
1806 9043
1807 2173
1807 4523
1807 6393
1808 2052
1808 8920
1809 3193
1809 4407
1809 6958
1812 2677
1812 3218
1812 3580
1812 4200
1812 4323
1812 5733
1812 8762
1812 9884
1813 2244
1813 5539
1813 5604
1814 2934
1814 3303
1814 5123
1815 5405
1816 8368
1817 3902
1818 4272
1819 2407
1820 2203
1821 2581
1821 4294
1822 3899
1822 4142
1822 6525
1823 2619
1823 3101
1824 6883
1825 4148
1825 4559
1825 4855
1825 6582
1827 2446
1827 7936
1828 6132
1828 8502
1828 8513
1829 3152
1829 3308
1829 5912
1829 6868
1829 7300
1830 3084
1830 4049
1830 5414
1830 5447
1830 6471
1830 9529
1832 1864
1832 2815
1832 3895
1832 5178
1832 5598
1832 5689
1832 6604
1832 8013
1833 2977
1834 8352
1838 3689
1838 3776
1839 7490
1845 5685
1846 5536
1846 5588
1846 8087
1846 8541
1846 9989
1847 6903
1848 7869
1849 3803
1850 1902
1850 2195
1850 6782
1851 7290
1852 5643
1853 2307
1854 6685
1855 5769
1860 5143
1860 5755
1860 7129
1860 7561
1861 3871
1861 5226
1862 4128
1862 4979
1865 2996
1865 3514
1865 6022
1865 7020
1868 2691
1869 1903
1869 6757
1870 4580
1870 8420
1871 2048
1871 2601
1871 2943
1871 7172
1871 8780
1872 3295
1872 3398
1873 3597
1873 7938
1877 6910
1877 9084
1878 3038
1880 6593
1882 4789
1882 4919
1882 5980
1882 9258
1883 7739
1885 3246
1887 2199
1887 4403
1887 9933
1890 2020
1890 2516
1890 3009
1890 3757
1890 4805
1891 2099
1891 4411
1891 7010
1891 8668
1899 9702
1901 7139
1904 2628
1907 9449
1908 6939
1909 3410
1909 5408
1909 8860
1909 9072
1911 3270
1915 2907
1915 8968
1918 4140
1918 7095
1918 8585
1919 8677
1922 7527
1925 6716
1926 3096
1926 4861
1928 3032
1928 5658
1930 2231
1930 2268
1930 4419
1931 4210
1933 8486
1937 4851
1938 4622
1939 8549
1941 5794
1944 3967
1945 7208
1946 3316
1946 5691
1947 2065
1947 4675
1947 6826
1950 7526
1950 9835
1951 5455
1951 8980
1951 9828
1953 6925
1954 3833
1954 4259
1954 8423
1955 8383
1955 8652
1956 3881
1956 7472
1957 9862
1958 8578
1958 8845
1959 4040
1959 5321
1959 5554
1959 6556
1960 4644
1963 1996
1971 2096
1971 5723
1971 8306
1972 2576
1972 2834
1972 3274
1972 6364
1972 7345
1972 8795
1974 3835
1974 6166
1974 9833
1976 4774
1976 8327
1976 8626
1978 6635
1979 5305
1980 2024
1980 8610
1982 4552
1983 6169
1984 9845
1985 7844
1986 2781
1986 3701
1988 3592
1988 4934
1988 5534
1988 5829
1988 6631
1989 7488
1990 3821
1990 4399
1990 5339
1990 7051
1990 7450
1990 8149
1990 8639
1993 5396
1993 8826
1994 3979
1994 5129
1994 6877
1994 7301
1994 8842
1995 8305
1996 3957
1996 5082
1997 8266
2003 5302
2004 7286
2005 3140
2007 2942
2007 5859
2009 2141
2010 2116
2010 6286
2011 7185
2012 3213
2012 3799
2012 9400
2013 2154
2013 2768
2013 4982
2013 6247
2013 8691
2014 2738
2014 9718
2017 6495
2018 2579
2019 2548
2019 5619
2019 5672
2019 9247
2019 9930
2020 2357
2020 3778
2020 5393
2021 9614
2023 5821
2024 4038
2024 4439
2026 2424
2026 2811
2026 4679
2026 5608
2027 4435
2027 7465
2033 5136
2033 7307
2035 2504
2035 5251
2035 9457
2038 4693
2038 5537
2038 6986
2039 2807
2039 9507
2040 3297
2040 3999
2040 4147
2044 3214
2044 7496
2045 4363
2045 4542
2047 8701
2049 2434
2049 4428
2049 4757
2049 6024
2049 6131
2049 6150
2049 6383
2049 6457
2049 7709
2049 9083
2050 7852
2050 8157
2050 9910
2053 4306
2053 7500
2053 7860
2054 2319
2054 3551
2054 5425
2054 8102
2055 4243
2055 9723
2061 2122
2062 8099
2064 2402
2064 2928
2064 4447
2064 5052
2064 5770
2064 9101
2065 4866
2065 5466
2067 2303
2067 3638
2067 6014
2067 6281
2067 8070
2068 6087
2070 4064
2070 5221
2072 3348
2072 3712
2072 4396
2072 5870
2073 4885
2073 7906
2075 2313
2076 4373
2076 7690
2076 8003
2076 8496
2078 3259
2078 6990
2086 6519
2086 7110
2086 9089
2088 4009
2089 4754
2093 2660
2096 3578
2096 4317
2096 9633
2097 4940
2097 6187
2097 8232
2097 8595
2098 3162
2098 3986
2098 4118
2098 4509
2098 4682
2098 8967
2099 8695
2102 6065
2103 2609
2103 2625
2103 3439
2103 6944
2103 9752
2105 2182
2106 2373
2106 3732
2107 3966
2107 5471
2107 7086
2107 8863
2108 4900
2108 8655
2109 3619
2109 4767
2110 3373
2110 4429
2110 5786
2110 9308
2110 9515
2112 5112
2112 7188
2115 5139
2117 3575
2117 8514
2117 9041
2117 9589
2118 2526
2118 6119
2119 5151
2120 4545
2120 5836
2120 6901
2121 2662
2122 5958
2123 5745
2123 7346
2124 5882
2124 5935
2126 6042
2127 3905
2128 3300
2128 7047
2128 9659
2129 2594
2129 4798
2129 5926
2129 8548
2130 4126
2130 5199
2130 5758
2130 6015
2131 2844
2131 3074
2131 3534
2131 3596
2131 4062
2131 4543
2131 5003
2131 5372
2132 8653
2132 9503
2134 2517
2134 3192
2134 3982
2134 8034
2137 3756
2138 4823
2139 8699
2141 5768
2143 5276
2144 2174
2145 8126
2147 3623
2147 6048
2147 8785
2148 6223
2149 9062
2150 2470
2150 3886
2150 3988
2150 5709
2150 6096
2150 6533
2150 7532
2150 9296
2151 8998
2153 5546
2156 2361
2159 2706
2160 4959
2160 5313
2160 6870
2163 4945
2165 2447
2168 8580
2169 4508
2171 3625
2173 9034
2176 6156
2178 2567
2179 2655
2179 5054
2179 6317
2179 6564
2182 2596
2182 6807
2184 3924
2188 4455
2188 4730
2188 4881
2188 5639
2188 6889
2188 6987
2188 7789
2188 9551
2189 3934
2190 8592
2192 8063
2193 5427
2193 7813
2194 3813
2197 6640
2197 7113
2198 5581
2199 6482
2200 5389
2200 6712
2200 8956
2201 3156
2204 3549
2204 3721
2204 7980
2205 4629
2206 5986
2206 6874
2206 7067
2206 8144
2206 8622
2207 7387
2207 9123
2208 3568
2208 5103
2208 9516
2211 3601
2211 9545
2213 2281
2213 2645
2213 6882
2213 9857
2214 2224
2214 6104
2220 5847
2221 2991
2221 8873
2223 2549
2224 4755
2224 8710
2225 3147
2225 4518
2225 4685
2225 6359
2225 6408
2225 7278
2225 9364
2226 4802
2226 9300
2233 2642
2233 7956
2236 5555
2237 3657
2238 3266
2240 4529
2240 4913
2240 5552
2240 6609
2243 3475
2243 3486
2243 6952
2243 7437
2244 7158
2244 9786
2245 4443
2247 8351
2247 8416
2247 9777
2251 4582
2253 7391
2255 8098
2256 7797
2258 2557
2259 8291
2260 4311
2262 4611
2262 7224
2264 2876
2264 3053
2264 3113
2264 3470
2264 4890
2264 5469
2264 7668
2265 3353
2265 3418
2265 3837
2265 6257
2265 7027
2268 2846
2268 5585
2268 7402
2269 3515
2269 5233
2269 6125
2270 8312
2271 9808
2272 3242
2272 3554
2272 4960
2273 2494
2273 4426
2273 5646
2274 2468
2275 3998
2275 6251
2276 3958
2278 6521
2280 5031
2282 4635
2283 7701
2284 2666
2284 8743
2286 2967
2286 8919
2286 9345
2287 2582
2288 7196
2289 3527
2289 3615
2289 4477
2292 3887
2292 8048
2293 8625
2296 2651
2296 7541
2298 3426
2304 3635
2304 6799
2304 9504
2304 9902
2305 2454
2305 2740
2305 4137
2305 8091
2306 6331
2306 7045
2307 3773
2308 2430
2308 2816
2308 2893
2310 6404
2311 4270
2315 4030
2315 8641
2317 3229
2319 3891
2319 4241
2319 5312
2319 9282
2320 6988
2320 8016
2320 9151
2322 8688
2323 7040
2323 8660
2324 3286
2324 4242
2324 5564
2325 4868
2329 4069
2329 9177
2333 5817
2333 6496
2333 9806
2334 4416
2334 9001
2335 3591
2335 8412
2338 2689
2338 9225
2339 3620
2339 6999
2341 2370
2341 2393
2341 5519
2343 3150
2343 6523
2344 3436
2344 6697
2344 8757
2345 3660
2347 5043
2347 7006
2347 8997
2350 4749
2351 4087
2351 8889
2352 8089
2352 8260
2353 3688
2354 7314
2355 7605
2356 3211
2356 3611
2356 7802
2357 8320
2358 3072
2358 3923
2358 7969
2358 8142
2359 4129
2359 4309
2359 8258
2360 2604
2360 2745
2360 8246
2361 2905
2361 6603
2361 8230
2362 3046
2362 4357
2362 4440
2362 4661
2362 6442
2362 6919
2362 7169
2363 6159
2363 8123
2363 8579
2365 2902
2365 3856
2365 8969
2366 4966
2369 4327
2372 3154
2375 2829
2376 5345
2376 7670
2377 3490
2378 8028
2379 4768
2380 3472
2380 8740
2385 4255
2387 2709
2387 6064
2387 9201
2391 9410
2392 8254
2393 2704
2394 3760
2399 7298
2399 9949
2400 4109
2400 7681
2402 5037
2403 3355
2404 8328
2404 9313
2405 6592
2407 6996
2408 4650
2408 7461
2408 8987
2410 3118
2410 4764
2410 8176
2410 8342
2410 8880
2413 3176
2413 9150
2415 3877
2417 2718
2417 4132
2417 4850
2417 6717
2417 7757
2417 7872
2418 3413
2418 5311
2418 9339
2423 3548
2423 4813
2423 9466
2426 4402
2427 2439
2428 2654
2437 6926
2439 5260
2441 5573
2443 7968
2447 7326
2448 4202
2449 2843
2449 3352
2452 6047
2452 6551
2453 7424
2454 6751
2455 5759
2456 4240
2456 4778
2456 5092
2457 4770
2457 5545
2457 9459
2458 2515
2458 6895
2458 7279
2460 3177
2460 3283
2460 3296
2460 3815
2461 7225
2463 6646
2468 4991
2468 9182
2471 5899
2471 9675
2471 9897
2473 2674
2473 3135
2473 4470
2474 4182
2474 4490
2474 6863
2474 8838
2475 2739
2477 8637
2484 3195
2484 3383
2484 6561
2484 6985
2484 8453
2485 4604
2487 4340
2488 2533
2489 4942
2491 3056
2491 9557
2494 3659
2494 4978
2494 6755
2497 5811
2497 8108
2501 3117
2501 5048
2501 6458
2501 9905
2504 5788
2505 3652
2506 4783
2508 9391
2509 3753
2509 9254
2511 5023
2514 3164
2518 3023
2518 3532
2519 3210
2519 6141
2520 2661
2520 4857
2521 7106
2522 4353
2526 3544
2526 4236
2526 8128
2526 8199
2526 9152
2526 9302
2526 9501
2527 3731
2530 3392
2541 3396
2541 6713
2542 3341
2542 4975
2547 7627
2548 3128
2551 7652
2552 9086
2556 4312
2556 9213
2557 8434
2558 3044
2558 5441
2558 9778
2559 3968
2560 4374
2560 4832
2560 5443
2560 7530
2560 8001
2560 9665
2561 5091
2562 2860
2562 3024
2562 3857
2562 9601
2569 4785
2569 5077
2569 5814
2569 6740
2569 8167
2569 8835
2574 3263
2574 4102
2574 4326
2574 4328
2574 5435
2574 6789
2574 7419
2574 8156
2574 9202
2575 4362
2580 3737
2580 7141
2581 8812
2582 4733
2584 2890
2585 2723
2587 3105
2587 3860
2589 3395
2590 2647
2590 4178
2590 6581
2593 3964
2594 5699
2598 7710
2599 2668
2599 4497
2600 9349
2601 5451
2601 8885
2602 3330
2603 4839
2603 5231
2603 8528
2603 9357
2603 9448
2603 9789
2604 6302
2605 9069
2606 2693
2606 4741
2606 9405
2610 4612
2610 4933
2610 5432
2610 6379
2611 2696
2611 4256
2612 8083
2614 8124
2615 5096
2615 8898
2616 3951
2616 6387
2616 7443
2616 9078
2618 4135
2623 2818
2623 5401
2623 6451
2623 8376
2624 2634
2624 2839
2624 4758
2624 5253
2625 6386
2625 8056
2625 9935
2626 3356
2627 3855
2627 4152
2628 3157
2628 3593
2629 6489
2631 4325
2632 4603
2632 8971
2633 2777
2635 4751
2635 6371
2635 7303
2638 4436
2638 6319
2638 7923
2638 9341
2638 9520
2639 2735
2640 4420
2643 5008
2644 4631
2648 9167
2650 4589
2651 7270
2651 9390
2651 9495
2651 9726
2653 4784
2653 6893
2654 5419
2656 4339
2657 2904
2658 3228
2661 3797
2661 9004
2663 3546
2663 7089
2663 8965
2665 3168
2666 3409
2666 7661
2666 8233
2669 4149
2669 4887
2669 6721
2670 3864
2670 4249
2670 5527
2670 9782
2672 4187
2673 4186
2676 3389
2680 2752
2680 5066
2680 5482
2680 6771
2680 9196
2682 8095
2682 8183
2684 3983
2685 6163
2688 6445
2688 8480
2691 2697
2692 3641
2692 7140
2692 8207
2695 8202
2695 9979
2696 4274
2697 7357
2698 3617
2700 9844
2708 4019
2711 4630
2711 5194
2711 5613
2711 8032
2714 3497
2714 3653
2714 5278
2715 5550
2715 6176
2715 7379
2716 7694
2717 4954
2717 5053
2717 5105
2717 5116
2718 3894
2721 3174
2721 3907
2721 4729
2721 7501
2721 8952
2726 7414
2731 3245
2731 9478
2733 5806
2733 6546
2733 6979
2733 7097
2734 9067
2735 2762
2737 8545
2740 4465
2744 8994
2745 3347
2745 8492
2746 7998
2753 4709
2756 7577
2758 4738
2758 9886
2759 3362
2765 8393
2765 8766
2766 6013
2766 6970
2768 3977
2774 3328
2774 3370
2774 6276
2774 7636
2774 9392
2776 3526
2778 4905
2778 6003
2778 8676
2778 9243
2779 3878
2779 5668
2779 7030
2779 7210
2779 7812
2779 9142
2780 3036
2780 6506
2782 8856
2783 7132
2783 7475
2783 8100
2784 3969
2786 5853
2786 9992
2787 3606
2788 3025
2788 5601
2788 6431
2788 8808
2789 3123
2789 3749
2789 4727
2789 7128
2789 7466
2789 8367
2790 4990
2790 8226
2792 7768
2799 5340
2800 7401
2801 5367
2801 5783
2801 8730
2803 8941
2804 5087
2804 8815
2807 7063
2809 3222
2810 3539
2810 4642
2813 4762
2814 3579
2814 9721
2816 4079
2816 5235
2818 2986
2820 3232
2820 3911
2820 5150
2820 5662
2821 5246
2821 5600
2822 9227
2827 5748
2830 4893
2838 3861
2839 5467
2839 8552
2840 4618
2840 6966
2840 9836
2841 3216
2842 3506
2842 4391
2843 8825
2844 5439
2844 9623
2844 9630
2847 4442
2849 4197
2849 5344
2849 5359
2849 8567
2850 8515
2851 4387
2851 5879
2851 7988
2851 8704
2851 9265
2861 5420
2861 5738
2861 5979
2862 3453
2862 7323
2863 3444
2863 5492
2863 5701
2863 8429
2863 8602
2867 3609
2867 5779
2867 6034
2867 6584
2867 8557
2868 3692
2869 2981
2869 9326
2871 8256
2872 4712
2873 6722
2873 8293
2874 7373
2874 7941
2879 4575
2879 4627
2879 6074
2879 6101
2881 7214
2883 4119
2883 4926
2884 6749
2891 9309
2892 8772
2893 6899
2894 3896
2894 6538
2899 6671
2902 4692
2903 6702
2905 8665
2906 4531
2906 5193
2906 6955
2907 4974
2911 3567
2911 7157
2913 4122
2914 4096
2915 7592
2917 2990
2919 4348
2921 6817
2922 5153
2923 3733
2927 8893
2929 5579
2930 3416
2931 8583
2935 3171
2935 4828
2935 5238
2938 3002
2938 8024
2941 3078
2941 3360
2941 3961
2946 5029
2948 6504
2957 6063
2958 3897
2958 4964
2962 6218
2962 6367
2965 3077
2965 6865
2966 4579
2972 4388
2974 4048
2974 5620
2974 6675
2978 3854
2978 4289
2979 3834
2979 3840
2979 5099
2983 4389
2983 4686
2987 8473
2987 9381
2989 8036
2991 4796
2991 9710
2992 4476
2992 8744
2992 9472
2998 4205
2998 7459
3001 4222
3003 6692
3003 9980
3005 5081
3006 4292
3008 5465
3009 7434
3012 3822
3012 8485
3012 9802
3015 7551
3015 8191
3016 3134
3016 4600
3016 4969
3016 8397
3016 8643
3016 9611
3018 6075
3018 7546
3019 3683
3022 4025
3025 5117
3028 7222
3029 8430
3030 6182
3031 8516
3034 8733
3036 3414
3036 4251
3036 7693
3039 4368
3046 3828
3048 6683
3049 7038
3052 3851
3054 4267
3054 6066
3054 7011
3055 6917
3056 3318
3056 8600
3061 7264
3063 5141
3066 8267
3069 5012
3071 5804
3074 3443
3074 5406
3074 5659
3074 6397
3074 9143
3075 6135
3075 8427
3076 3962
3076 5085
3076 7080
3078 8538
3080 3995
3082 4352
3087 6420
3087 7062
3088 4724
3094 9075
3098 3541
3102 9238
3103 7524
3104 5349
3104 6715
3104 7696
3107 4909
3109 3288
3110 7411
3111 3481
3111 7220
3111 8820
3111 9329
3116 6905
3118 4520
3126 5404
3126 6550
3131 3335
3131 5510
3133 9314
3134 3626
3134 6020
3134 7223
3136 3457
3136 4705
3137 6912
3139 9921
3143 4430
3144 4594
3144 8268
3145 6079
3146 3155
3146 4164
3148 7934
3148 9758
3149 8169
3151 3380
3153 5479
3155 4121
3157 5265
3157 5379
3157 6466
3157 6866
3158 3310
3158 7413
3158 9634
3159 7343
3159 8586
3162 4097
3162 4708
3163 5325
3166 3299
3166 4587
3166 6513
3169 5998
3169 8333
3170 5728
3170 6994
3171 4377
3175 6421
3176 5177
3178 7613
3180 5841
3182 3931
3182 7321
3182 8713
3186 5568
3188 4023
3188 8970
3189 6620
3191 4967
3196 5683
3196 5939
3196 8654
3197 3423
3197 4112
3197 4385
3197 4864
3200 4191
3202 3519
3203 3287
3205 6456
3205 7628
3206 5047
3206 5488
3206 7115
3206 7654
3206 8073
3206 9540
3208 3365
3208 5300
3208 6543
3208 6555
3212 9542
3216 8289
3218 6736
3218 7116
3218 8809
3221 3590
3222 4153
3222 4879
3224 8935
3228 4914
3235 7135
3236 9404
3242 3666
3242 6444
3245 3646
3247 3976
3247 3990
3247 5500
3248 3505
3248 6902
3248 9206
3249 7408
3251 3639
3253 3292
3253 7315
3253 9867
3255 6907
3256 3284
3256 3305
3257 3393
3257 8092
3258 7265
3258 8459
3258 9249
3258 9271
3264 7965
3265 3570
3265 3655
3265 5531
3270 5673
3271 3946
3274 5777
3279 8081
3280 5127
3281 3798
3281 5277
3281 6834
3281 7716
3281 9981
3282 8974
3285 8005
3287 3634
3287 5904
3290 3908
3290 6357
3291 4534
3291 7916
3291 8096
3291 8931
3291 9128
3292 4347
3292 5270
3292 8163
3293 9906
3296 4266
3296 4463
3296 6947
3297 3345
3297 5266
3300 3357
3300 3719
3300 7177
3300 7333
3300 8634
3301 3839
3301 8962
3303 3610
3304 3562
3304 9484
3308 3806
3308 9636
3311 3459
3311 5267
3312 4684
3313 4282
3313 6476
3314 3600
3314 7055
3314 7447
3316 6423
3317 8533
3319 4664
3319 6215
3320 3763
3320 5950
3321 4704
3322 5617
3322 8371
3327 7104
3331 9261
3333 8811
3335 3451
3337 7439
3337 9767
3338 8661
3339 8067
3340 7849
3345 5035
3345 7035
3345 7949
3346 4586
3347 7204
3348 4977
3348 5875
3350 9355
3351 4779
3354 4244
3355 5774
3355 7152
3357 3424
3357 9324
3361 3984
3361 6256
3362 4434
3363 3775
3366 3927
3370 4100
3370 4145
3370 4315
3370 9455
3371 8326
3371 9735
3372 3764
3372 8646
3372 8799
3373 5108
3373 8497
3375 4487
3377 5180
3377 7227
3379 5399
3381 7796
3381 8899
3383 6288
3383 7769
3383 9023
3387 4998
3387 6681
3389 8152
3390 5551
3390 9795
3391 6805
3393 4195
3393 6679
3394 6198
3394 6199
3395 6473
3397 4054
3397 4226
3397 4541
3397 5944
3397 9996
3398 4460
3399 5094
3400 9460
3402 5295
3402 5387
3408 5463
3408 6348
3412 4546
3414 7685
3422 8923
3423 9749
3425 8741
3429 9621
3430 4613
3434 6908
3436 3743
3436 4489
3439 7804
3440 8242
3440 8275
3441 5622
3441 6188
3441 7761
3442 7060
3443 5999
3445 6703
3451 4333
3451 7114
3451 7497
3454 6879
3454 7268
3458 3512
3458 3566
3462 4557
3466 4165
3469 8196
3470 3640
3470 7200
3471 4846
3476 3784
3476 4750
3476 9868
3481 4501
3486 5254
3486 5941
3486 6130
3486 6338
3486 7171
3487 7295
3488 4571
3488 5080
3488 5086
3488 6750
3488 9918
3489 3783
3491 5968
3492 3811
3492 5826
3492 5966
3492 6273
3493 8921
3497 8474
3498 9648
3501 3873
3501 4503
3501 8109
3501 8875
3502 3740
3502 7837
3504 5784
3505 8518
3510 6737
3510 7332
3510 9294
3514 7495
3521 4822
3523 4997
3524 5839
3527 5263
3527 5365
3527 6659
3527 6875
3528 9169
3528 9533
3529 4807
3529 7882
3529 8292
3529 9931
3530 4716
3530 6918
3530 7664
3535 8225
3536 7751
3537 3713
3537 4203
3537 6260
3537 6718
3537 7163
3537 7590
3538 4167
3540 3682
3540 5504
3540 8210
3541 5351
3542 6836
3547 3876
3549 6211
3551 5625
3552 4462
3555 5694
3558 6031
3559 5383
3561 4739
3561 5498
3562 6085
3566 5454
3570 6413
3570 8038
3571 4303
3571 4344
3571 7525
3571 7951
3572 4702
3574 4034
3574 4111
3574 5307
3574 7410
3574 7806
3574 8879
3576 3926
3576 8505
3581 5877
3584 5715
3584 9738
3591 4899
3594 5457
3595 3997
3596 6248
3597 8714
3600 7079
3601 9682
3607 8983
3619 3699
3619 3801
3619 4382
3619 9420
3620 6682
3627 9956
3630 4891
3632 5336
3632 5822
3632 6465
3633 4305
3633 7108
3633 7319
3634 7018
3637 3679
3638 7790
3642 7823
3642 9825
3645 6089
3647 5370
3648 3819
3649 4491
3649 7320
3649 9539
3653 6447
3653 9960
3655 3992
3655 4258
3655 5530
3656 7218
3660 4931
3661 7846
3663 8755
3672 8438
3674 5376
3674 9553
3674 9597
3677 4230
3679 4095
3679 5863
3679 6179
3684 6664
3684 6669
3685 4364
3693 8446
3702 6339
3706 4492
3708 9064
3711 5386
3713 4865
3716 5650
3717 6128
3719 4858
3724 6540
3728 7021
3728 9231
3737 3875
3737 4196
3739 4609
3741 4502
3744 7371
3748 5942
3748 6480
3748 7871
3748 9826
3749 3940
3751 3955
3752 9990
3753 3767
3754 5816
3754 5987
3754 6929
3756 4296
3758 8534
3758 8781
3760 4651
3760 6279
3760 6982
3760 9161
3761 5507
3769 8110
3777 4678
3780 4713
3784 5611
3785 5832
3785 9517
3787 8540
3789 4810
3793 8360
3794 3985
3796 7312
3798 4597
3798 8000
3799 7016
3800 5862
3808 5130
3808 6894
3809 9137
3810 7469
3815 5649
3818 6070
3820 4894
3820 6579
3821 4123
3828 5134
3828 7008
3829 7824
3830 4229
3830 5522
3831 9642
3832 9050
3833 4988
3836 4330
3837 8035
3838 5181
3839 6867
3839 8002
3843 4478
3843 9677
3847 4246
3847 6786
3847 9066
3849 9847
3852 5366
3853 6454
3853 6754
3853 9438
3857 5902
3857 6392
3860 4904
3865 6536
3869 4505
3874 6517
3874 9333
3874 9742
3875 4707
3878 7166
3879 4889
3879 5911
3879 7119
3882 6665
3883 7245
3886 4209
3891 8536
3894 9519
3895 7895
3897 5240
3897 8072
3899 7618
3900 7442
3902 4406
3903 6976
3903 7007
3903 7584
3905 4957
3905 6477
3909 4050
3909 6884
3911 5110
3918 5584
3919 4400
3921 5572
3925 8374
3926 6029
3926 9548
3932 6191
3935 4876
3935 5796
3937 6655
3940 3981
3942 9356
3944 4228
3944 4318
3944 5717
3944 6153
3944 9195
3945 5933
3947 7133
3947 8500
3948 7504
3949 7505
3949 8507
3951 4018
3954 5661
3956 6486
3956 8212
3959 8656
3963 4666
3963 7755
3966 4381
3966 4989
3967 4742
3968 5248
3968 6416
3970 7019
3971 8975
3977 4775
3977 4792
3977 5288
3980 6847
3981 9573
3984 6583
3984 8300
3986 6695
3991 9473
3997 4637
3997 5036
3997 5744
3997 6355
4000 5013
4004 9109
4007 4151
4008 9950
4011 9120
4012 4776
4014 7512
4014 8151
4019 5188
4019 8286
4020 5133
4021 4530
4022 6033
4022 6103
4022 8546
4022 9558
4025 5377
4025 8700
4026 7336
4027 5316
4027 6129
4027 9865
4028 6362
4029 6258
4030 4845
4030 6005
4033 8493
4037 4474
4039 5120
4040 7444
4041 5508
4042 8467
4045 5801
4045 9162
4048 4877
4053 9040
4053 9411
4054 6660
4055 4245
4055 6943
4055 7126
4057 9709
4058 7219
4058 9690
4059 4086
4059 7101
4059 7638
4059 7888
4062 4719
4065 5597
4065 6485
4070 4475
4070 5323
4070 5940
4070 6084
4070 7028
4070 7684
4072 9368
4075 4527
4078 4415
4083 7507
4085 9233
4087 4133
4088 6778
4094 8829
4095 4848
4095 7700
4095 8891
4095 9351
4096 8553
4098 6991
4101 7415
4103 5241
4103 9594
4110 7120
4111 7277
4112 5068
4113 8417
4123 9100
4133 7064
4136 5310
4137 5170
4137 6552
4137 6648
4137 7682
4137 8619
4137 9538
4138 6535
4144 7053
4144 7931
4145 8946
4147 4671
4147 7989
4150 5162
4153 6236
4155 9327
4156 9488
4157 4264
4158 4458
4158 6356
4158 8406
4159 6853
4161 6860
4162 5319
4165 8508
4166 5922
4167 4984
4171 8948
4172 5883
4175 5865
4175 9987
4177 7943
4178 4632
4178 8276
4178 9198
4181 4307
4184 9096
4184 9353
4185 5623
4186 7651
4187 6197
4187 9863
4189 7686
4189 9416
4189 9556
4194 5449
4196 5887
4199 6057
4200 6006
4200 9896
4201 6108
4202 9629
4204 7349
4211 8816
4212 5711
4212 6145
4212 7730
4214 8164
4214 8881
4215 7457
4217 5949
4221 8525
4221 8749
4223 4570
4223 4980
4223 7772
4224 8208
4226 4701
4226 5032
4226 5176
4226 7787
4227 7252
4231 7429
4231 7817
4231 8185
4231 9670
4234 4286
4240 5893
4244 5284
4244 8107
4246 9646
4250 9780
4253 7702
4258 6391
4259 4495
4260 9871
4262 7280
4263 5909
4267 8575
4269 4987
4269 6240
4275 4995
4275 7567
4275 9873
4276 6574
4280 7743
4280 9236
4281 9891
4282 8004
4283 4950
4283 6086
4283 7545
4283 7598
4285 5754
4285 5990
4286 4800
4286 8613
4286 9401
4288 4996
4288 8581
4288 9208
4289 5063
4292 5607
4293 5837
4305 9986
4307 5000
4308 4394
4312 8145
4312 9440
4314 8447
4318 5119
4320 4922
4320 7863
4321 5815
4321 6008
4323 7660
4330 7726
4331 9575
4332 6342
4332 8526
4333 6762
4334 5285
4334 5428
4336 6427
4337 5919
4337 8085
4339 4556
4339 7255
4340 5596
4340 5778
4340 7803
4342 8684
4344 7048
4346 8134
4347 8264
4351 5714
4352 6845
4353 4680
4358 9794
4359 7922
4365 7644
4367 5156
4367 9245
4371 4544
4371 4836
4371 5018
4371 8786
4372 4728
4375 5429
4379 6537
4380 6107
4380 8788
4381 4438
4381 5739
4381 6855
4381 7072
4382 5203
4383 6802
4383 8322
4383 8916
4384 4532
4388 5808
4388 7697
4392 8263
4393 5928
4393 7074
4394 5078
4396 5538
4396 6915
4397 6148
4398 8188
4400 6544
4401 8490
4402 9036
4403 7269
4404 4585
4404 6969
4404 9393
4406 4654
4406 5871
4406 8822
4409 7454
4413 7857
4414 5073
4415 7240
4416 8204
4418 9074
4418 9644
4422 4496
4422 5772
4429 5803
4432 5903
4435 5725
4435 5846
4435 6322
4435 9380
4436 5975
4436 7412
4439 4971
4439 8650
4440 7284
4440 8422
4442 6267
4442 6280
4442 8271
4442 9926
4442 9943
4443 7816
4444 7291
4447 9204
4450 8537
4450 8722
4450 9468
4451 5055
4451 5206
4452 9031
4457 5314
4457 5357
4457 7477
4458 5169
4462 5380
4462 6861
4462 8023
4463 5787
4463 8396
4465 5187
4465 8318
4469 7513
4470 5610
4475 6886
4475 7593
4475 7891
4475 8030
4475 9122
4476 8280
4477 7039
4480 7733
4481 7983
4488 4826
4488 8238
4490 5179
4490 6094
4490 6100
4497 6353
4499 4898
4499 5289
4500 5269
4500 6610
4501 5089
4505 6026
4507 5211
4508 4628
4508 9878
4509 8775
4509 8991
4509 9130
4511 8797
4511 9940
4513 4829
4513 8732
4515 6216
4522 7363
4522 8876
4524 5232
4526 5327
4526 9015
4529 4910
4529 8675
4531 4983
4535 8936
4536 4696
4537 9706
4538 4700
4539 9527
4540 4547
4540 9070
4541 5830
4544 5767
4546 5884
4546 9591
4552 9652
4553 5762
4553 6054
4555 5732
4556 4916
4556 7653
4562 4875
4563 5298
4563 6657
4568 5782
4571 6871
4575 5107
4576 7543
4578 4743
4578 6777
4578 6971
4578 8325
4579 4689
4579 8058
4580 5021
4581 5603
4581 6127
4581 9172
4586 5097
4588 6798
4590 4619
4590 4824
4593 5654
4596 4956
4596 5503
4596 5792
4597 6016
4601 7250
4601 8064
4607 6232
4607 6813
4607 8161
4611 6463
4614 7189
4616 7359
4619 5516
4620 7583
4621 7731
4625 4923
4628 6663
4630 7103
4632 6676
4639 7484
4640 6598
4646 5631
4646 5981
4646 7358
4646 7579
4646 9175
4651 7192
4655 5159
4655 9958
4656 4753
4660 7659
4662 6567
4663 6752
4667 5664
4667 8764
4668 6897
4671 8133
4674 8217
4676 4814
4679 9021
4681 4892
4681 7825
4684 5126
4684 8590
4686 7835
4688 7088
4689 5810
4689 9335
4693 5914
4694 8205
4698 5890
4698 7886
4703 5026
4703 7282
4705 6557
4709 9555
4713 6512
4718 5249
4718 6662
4718 7903
4718 9289
4718 9913
4720 5894
4720 6650
4721 5039
4722 7879
4723 4953
4723 8279
4728 5268
4728 7853
4730 5737
4731 5424
4733 6527
4738 6797
4741 5236
4743 5368
4756 6052
4757 8551
4757 9256
4758 5964
4758 6493
4758 6654
4759 6848
4759 8313
4760 9451
4760 9834
4763 7137
4765 4946
4765 5549
4767 4968
4767 9003
4769 8373
4772 5005
4772 7801
4772 8617
4773 5373
4774 4935
4774 5641
4774 7031
4777 6246
4784 4837
4788 5956
4795 9810
4801 5326
4801 7180
4802 6633
4803 8596
4806 6911
4807 7234
4811 5823
4813 7847
4814 5309
4814 5524
4814 5751
4814 8566
4818 4952
4824 6332
4837 5494
4837 9181
4838 6851
4840 5426
4840 6514
4841 5970
4841 6222
4848 5286
4848 8066
4851 6566
4851 8046
4852 7056
4852 8215
4854 6995
4855 7389
4857 7843
4858 7176
4859 6837
4865 5766
4865 6097
4866 5084
4870 5881
4870 6390
4871 9297
4871 9797
4872 5191
4876 5582
4878 6266
4878 6351
4878 8738
4880 7874
4881 7717
4885 5258
4889 7576
4890 6036
4890 6245
4890 7248
4894 9220
4895 5076
4898 7254
4898 8171
4899 5144
4899 5228
4899 5491
4899 8008
4900 6906
4901 5027
4901 8431
4904 5051
4908 8915
4910 7071
4910 8465
4912 6483
4913 7394
4914 5157
4918 5593
4921 9678
4926 5533
4929 6186
4932 6904
4934 5726
4935 6045
4936 8456
4939 5828
4939 6783
4939 8527
4940 6038
4942 6268
4942 8498
4942 9087
4949 6009
4949 8055
4950 5208
4950 8712
4951 8787
4958 8750
4959 6842
4959 9813
4961 5535
4961 7718
4964 8075
4965 5072
4968 5827
4970 9226
4975 9947
4979 5369
4979 9035
4981 9277
4983 9292
4987 9876
4989 7734
4991 6372
4991 9858
4993 7221
4994 6274
4996 6073
4997 5137
4998 5703
4998 6229
4998 7147
4998 7810
4999 5849
5001 9223
5002 9505
5003 6829
5004 5069
5004 9192
5005 8147
5005 9637
5008 5106
5008 8569
5008 9284
5009 6814
5009 6864
5010 8394
5012 7908
5014 7870
5015 6531
5016 8007
5016 9684
5018 9374
5020 9376
5022 6336
5023 6934
5023 7840
5025 6231
5025 9584
5026 6450
5036 7306
5046 8329
5046 8501
5048 8519
5048 9745
5050 7105
5054 8139
5057 6753
5059 6376
5065 6735
5069 6499
5072 7904
5072 7972
5072 8522
5073 5838
5073 6744
5073 6951
5074 6627
5074 7360
5075 6439
5076 5168
5079 6275
5080 6924
5083 6670
5083 7607
5087 6888
5088 6440
5090 8061
5101 8227
5104 6237
5104 6589
5110 9407
5115 5154
5115 6056
5115 9624
5116 5331
5117 5972
5119 6093
5121 6478
5123 8031
5127 6318
5129 6441
5129 7228
5134 6114
5136 6195
5139 8690
5140 7151
5140 9774
5147 9344
5148 9044
5152 7725
5153 6490
5154 6634
5154 7162
5155 6591
5158 9141
5164 7575
5164 9912
5168 5418
5172 5216
5180 6997
5187 8461
5189 6264
5190 7581
5194 6775
5201 8737
5204 5256
5207 7032
5208 7467
5209 5713
5225 7271
5230 5925
5234 5547
5234 9934
5235 7608
5237 9008
5239 9720
5242 9829
5246 5337
5247 6455
5249 7324
5251 9526
5252 8834
5258 6475
5263 7293
5263 8878
5265 9186
5268 8159
5269 5487
5277 8247
5282 6515
5289 5771
5293 8060
5295 8702
5296 9787
5301 8671
5302 5695
5302 7537
5304 5526
5304 6350
5304 9700
5306 5434
5309 7251
5309 8331
5310 9298
5310 9936
5317 6788
5318 7520
5319 9561
5326 5557
5331 6704
5331 9746
5335 7641
5337 6606
5339 6337
5351 7276
5351 8728
5351 9479
5354 7737
5356 5628
5356 9577
5369 6761
5374 7516
5379 6050
5379 6202
5379 7720
5379 9997
5381 6507
5385 6554
5387 6639
5389 6781
5395 7423
5395 8450
5399 7596
5401 5543
5405 8862
5408 6030
5409 8571
5412 8363
5413 7352
5413 8285
5426 9372
5432 8105
5441 7479
5443 8928
5445 7403
5447 6568
5449 7617
5450 6406
5450 6900
5450 8018
5454 7746
5460 7517
5460 7586
5465 9900
5470 6858
5472 6226
5472 8601
5472 8883
5474 5656
5474 7763
5474 8354
5474 8631
5477 6768
5486 7099
5487 8800
5487 9221
5490 6491
5490 8222
5491 6587
5493 5599
5493 8403
5494 6625
5496 7756
5496 8448
5500 6503
5503 8414
5504 6885
5516 9593
5527 8017
5529 8818
5534 9769
5535 9144
5540 7672
5540 8477
5541 6055
5541 6309
5547 8817
5553 6622
5555 8535
5563 6711
5568 5580
5576 6953
5580 6154
5580 6305
5580 8996
5588 6395
5599 7344
5601 7624
5606 6091
5606 6509
5608 7273
5610 9311
5613 9222
5614 5791
5614 9566
5618 8281
5623 6571
5623 7927
5623 8489
5624 7876
5624 7954
5626 9385
5628 6314
5628 9798
5630 7091
5636 8821
5636 8909
5641 6942
5644 7930
5648 5705
5649 5885
5651 6299
5654 8366
5660 6138
5663 5812
5664 9176
5674 5983
5679 5761
5679 5929
5691 9267
5694 9680
5701 7049
5703 6549
5705 6410
5711 6688
5711 8698
5712 8392
5713 8399
5716 8763
5718 8338
5721 5851
5721 9085
5727 8558
5728 6380
5731 9743
5732 7476
5735 7991
5735 7992
5737 9464
5744 6304
5751 9559
5752 8418
5753 8792
5756 9262
5758 6203
5758 9701
5762 6173
5762 8905
5764 9689
5768 7986
5779 7907
5779 9639
5780 8774
5781 6529
5781 8168
5781 8627
5781 9370
5781 9919
5789 7146
5793 7124
5794 6400
5794 7765
5799 8657
5799 9657
5803 7885
5803 7890
5807 8673
5814 7881
5815 8761
5823 5934
5826 6920
5826 7974
5826 8563
5831 6548
5832 6175
5832 6873
5840 8248
5842 6674
5845 7378
5853 9622
5860 7354
5863 9113
5868 6136
5872 7799
5874 6652
5874 7143
5880 6479
5880 6840
5881 6004
5881 8080
5884 6382
5885 9475
5886 8369
5894 7911
5896 7942
5900 6303
5903 8213
5903 8598
5907 8933
5908 6183
5908 6313
5913 9870
5915 6172
5915 6352
5915 6811
5917 6389
5917 7865
5917 8131
5917 9818
5921 9037
5922 7829
5924 6012
5925 9602
5927 7445
5930 9959
5932 6255
5935 7493
5938 9071
5940 7134
5954 6158
5958 9058
5959 6278
5959 7994
5959 9872
5973 9734
5976 7712
5976 8804
5980 7362
5980 7556
5980 9570
5996 8270
5999 9583
6001 8476
6016 8789
6020 8574
6026 8198
6028 6080
6028 8223
6028 8779
6028 9046
6028 9359
6029 6058
6034 7061
6037 6800
6039 8282
6046 7448
6056 6340
6058 9649
6060 7215
6064 7548
6064 8059
6066 9098
6067 6249
6067 9413
6068 6422
6068 9423
6073 8057
6075 6105
6078 7406
6094 8734
6095 7703
6103 9244
6105 8252
6106 8315
6108 8523
6109 8011
6109 9964
6111 9848
6114 8978
6115 8986
6119 6600
6119 8424
6120 7165
6120 8062
6129 8288
6130 6464
6135 8651
6137 8694
6141 6196
6141 7191
6141 8620
6145 6308
6145 6709
6147 8697
6153 8593
6154 6930
6159 9014
6164 7649
6170 6630
6170 9275
6171 8359
6172 6323
6174 6375
6174 7258
6175 9791
6176 7913
6180 8992
6194 7405
6199 6651
6200 7481
6202 7356
6207 8094
6218 8356
6223 7480
6224 7009
6225 9414
6225 9572
6236 6259
6238 8680
6243 6687
6245 6297
6260 9252
6267 8443
6272 8299
6272 9038
6274 6511
6274 6852
6274 9816
6283 6601
6301 9744
6303 6394
6303 8685
6306 7463
6308 9200
6309 9861
6318 8719
6318 9672
6321 6730
6323 9114
6333 7928
6334 8633
6347 7506
6349 9107
6356 9241
6375 8302
6389 7729
6393 7090
6393 9321
6397 7619
6405 9435
6409 8777
6411 7770
6411 9336
6423 9029
6423 9995
6430 7052
6430 7421
6430 9013
6432 6545
6434 7921
6435 9500
6439 7987
6450 8065
6462 8404
6465 7741
6468 9866
6475 8806
6477 9178
6478 8433
6484 8119
6485 6936
6485 9660
6499 9739
6501 8924
6503 6878
6510 8409
6524 9193
6533 7873
6533 9104
6533 9552
6545 7226
6549 8041
6550 8378
6553 8237
6569 9937
6570 9486
6577 6746
6581 9366
6585 8488
6592 7249
6598 6843
6599 7827
6602 9091
6604 9569
6612 7390
6614 7376
6616 8696
6625 7966
6632 6739
6634 8982
6636 7283
6636 7650
6639 8542
6639 8640
6646 7441
6650 8364
6661 8027
6666 7719
6666 7851
6674 9232
6677 7602
6680 9707
6683 9007
6685 6745
6685 7830
6685 9286
6699 8623
6704 9998
6710 6838
6720 7093
6721 9164
6723 9437
6724 8140
6742 7168
6742 7470
6751 7591
6755 7327
6758 7674
6760 7896
6766 7688
6766 8361
6772 8421
6785 6921
6785 8470
6790 7455
6790 9704
6792 9568
6796 7041
6798 9955
6803 8026
6806 9711
6809 7297
6813 6962
6814 9318
6816 7784
6817 7629
6825 9617
6829 9492
6839 8239
6846 8355
6846 9433
6850 7714
6855 7130
6856 7508
6860 9927
6867 7174
6873 9620
6881 7392
6903 7555
6907 8309
6909 8692
6916 8121
6918 7946
6933 8127
6933 8729
6933 9088
6934 8200
6940 8216
6942 7859
6944 9494
6963 9534
6999 9554
7005 7446
7009 9972
7012 7689
7012 9812
7013 7715
7013 9697
7016 9377
7027 8358
7030 7572
7044 8843
7044 9253
7045 7272
7068 8379
7069 8482
7069 8521
7073 8082
7073 9973
7076 9250
7081 9018
7084 9606
7086 7285
7086 9917
7103 9310
7108 7862
7109 7492
7113 8206
7121 8040
7124 9613
7141 7453
7143 8384
7143 9285
7143 9506
7144 7482
7147 7150
7154 7207
7157 7582
7160 7794
7161 8611
7172 8861
7173 9081
7193 7201
7196 7206
7201 8214
7205 7550
7211 8807
7214 9571
7221 8088
7227 7433
7244 8189
7252 7698
7253 7704
7253 8148
7269 8269
7269 8454
7277 9061
7278 7939
7282 9754
7294 8297
7294 9118
7294 9875
7304 8706
7305 9493
7312 7828
7319 8143
7324 7325
7333 7382
7333 7822
7342 7436
7356 8635
7359 7880
7368 9925
7373 8847
7382 8648
7384 8550
7399 7656
7401 7808
7412 8765
7425 7898
7435 8122
7438 8547
7444 7963
7449 8209
7452 8810
7452 9260
7452 9963
7457 8608
7460 9730
7463 8746
7468 7958
7468 8166
7471 9395
7476 8718
7477 8756
7497 7738
7499 9307
7500 9603
7501 9379
7502 8220
7504 8400
7507 9328
7517 8517
7521 9635
7530 7588
7530 7728
7533 7848
7550 7995
7566 7947
7573 8731
7573 9242
7576 7854
7582 8487
7582 8582
7588 8836
7608 8599
7616 8316
7619 9092
7639 8111
7652 9273
7659 9042
7664 8999
7665 8336
7670 9135
7678 8872
7695 9203
7698 8591
7737 9415
7737 9595
7739 9775
7756 8415
7762 9852
7763 9898
7784 9354
7798 9951
7805 8666
7823 9093
7829 9383
7832 9237
7841 9033
7845 8953
7858 8642
7879 9429
7895 9219
7925 8457
7958 9928
7961 8261
7961 9005
7972 8452
7972 9462
7972 9631
7973 8819
7974 8892
7986 9499
7999 9671
8028 8966
8036 9171
8042 9585
8043 8249
8048 8776
8093 9127
8093 9942
8096 9322
8143 9521
8166 9054
8184 8959
8187 8570
8198 9210
8216 8375
8226 9815
8229 8479
8243 9026
8244 8678
8255 9197
8257 9371
8271 8805
8276 8335
8296 9578
8312 8849
8314 9748
8323 9080
8329 9330
8356 9399
8378 8672
8386 9138
8392 9859
8397 8837
8440 8943
8444 9885
8450 8726
8457 9766
8458 9969
8461 9165
8484 8647
8489 9425
8497 8751
8497 9051
8508 8559
8508 9412
8512 8778
8525 9574
8533 9781
8533 9793
8538 9788
8550 9600
8597 9136
8598 9667
8601 9290
8616 8662
8618 9406
8629 9651
8636 9616
8646 8773
8650 8914
8660 9184
8694 9883
8700 8752
8714 9864
8759 9106
8769 8882
8770 9801
8795 9269
8806 8995
8806 9079
8831 8858
8852 9155
8852 9946
8865 9060
8865 9470
8879 8925
8887 8979
8887 8988
8888 8937
8907 9827
8911 9283
8912 9447
8919 9134
8969 9909
8977 9025
9006 9524
9037 9832
9039 9880
9061 9263
9110 9805
9146 9463
9149 9563
9164 9248
9175 9692
9253 9582
9271 9941
9281 9822
9292 9295
9299 9663
9327 9508
9355 9422
9379 9853
9401 9408
9402 9893
9441 9894
9456 9854
9459 9985
9568 9632
9661 9895
9670 9961
9688 9699
9720 9908
9829 9869
