10000 9999
1 0
2 1
3 1
4 3
5 1
6 5
7 1
8 1
9 4
10 9
11 9
12 7
13 8
14 1
15 5
16 14
17 15
18 17
19 13
20 15
21 11
22 20
23 9
24 13
25 14
26 25
27 25
28 25
29 25
30 24
31 13
32 20
33 32
34 22
35 25
36 25
37 25
38 32
39 25
40 8
41 27
42 25
43 25
44 34
45 13
46 33
47 14
48 25
49 23
50 43
51 25
52 42
53 25
54 50
55 25
56 9
57 23
58 55
59 28
60 50
61 30
62 49
63 57
64 34
65 20
66 25
67 25
68 26
69 20
70 32
71 46
72 57
73 56
74 13
75 43
76 32
77 39
78 25
79 25
80 19
81 68
82 25
83 2
84 54
85 73
86 39
87 66
88 25
89 86
90 25
91 25
92 49
93 73
94 70
95 6
96 34
97 81
98 57
99 25
100 68
101 49
102 55
103 25
104 25
105 63
106 92
107 25
108 25
109 95
110 36
111 70
112 111
113 78
114 25
115 25
116 25
117 25
118 65
119 67
120 92
121 105
122 109
123 122
124 44
125 121
126 70
127 36
128 86
129 69
130 118
131 113
132 78
133 25
134 89
135 43
136 95
137 133
138 92
139 25
140 92
141 112
142 34
143 138
144 67
145 27
146 101
147 78
148 22
149 25
150 111
151 13
152 109
153 116
154 144
155 151
156 43
157 112
158 25
159 14
160 3
161 78
162 100
163 25
164 70
165 74
166 129
167 96
168 155
169 165
170 163
171 138
172 114
173 164
174 136
175 151
176 174
177 36
178 83
179 50
180 123
181 136
182 25
183 127
184 144
185 76
186 25
187 120
188 92
189 92
190 79
191 27
192 172
193 25
194 181
195 172
196 169
197 8
198 181
199 178
200 142
201 162
202 169
203 89
204 201
205 139
206 153
207 167
208 205
209 197
210 169
211 138
212 119
213 94
214 182
215 125
216 35
217 202
218 43
219 186
220 172
221 177
222 157
223 169
224 112
225 55
226 190
227 160
228 138
229 101
230 163
231 43
232 153
233 232
234 54
235 204
236 138
237 137
238 45
239 211
240 204
241 206
242 149
243 93
244 181
245 211
246 201
247 157
248 92
249 83
250 157
251 164
252 181
253 40
254 235
255 165
256 138
257 57
258 228
259 130
260 164
261 78
262 60
263 181
264 206
265 154
266 29
267 176
268 52
269 128
270 226
271 9
272 155
273 227
274 186
275 142
276 259
277 131
278 154
279 211
280 61
281 103
282 224
283 272
284 252
285 282
286 169
287 272
288 223
289 272
290 211
291 176
292 205
293 119
294 71
295 101
296 149
297 246
298 200
299 218
300 18
301 271
302 138
303 188
304 118
305 164
306 237
307 234
308 152
309 274
310 59
311 293
312 211
313 206
314 299
315 314
316 290
317 138
318 72
319 172
320 180
321 211
322 43
323 211
324 90
325 160
326 164
327 120
328 102
329 44
330 290
331 32
332 277
333 266
334 242
335 170
336 232
337 16
338 314
339 277
340 93
341 236
342 221
343 292
344 305
345 254
346 64
347 325
348 25
349 25
350 25
351 261
352 228
353 171
354 181
355 166
356 262
357 90
358 348
359 211
360 34
361 145
362 286
363 187
364 232
365 200
366 156
367 25
368 30
369 324
370 314
371 346
372 157
373 332
374 226
375 178
376 194
377 360
378 205
379 178
380 299
381 307
382 138
383 25
384 296
385 361
386 199
387 91
388 86
389 300
390 86
391 299
392 274
393 106
394 332
395 378
396 43
397 346
398 180
399 381
400 43
401 261
402 252
403 369
404 309
405 82
406 302
407 347
408 326
409 78
410 242
411 347
412 257
413 272
414 369
415 244
416 328
417 108
418 57
419 261
420 104
421 218
422 205
423 411
424 398
425 382
426 280
427 290
428 238
429 201
430 261
431 288
432 422
433 160
434 353
435 31
436 179
437 418
438 415
439 117
440 381
441 331
442 79
443 323
444 240
445 321
446 382
447 226
448 368
449 12
450 25
451 25
452 178
453 262
454 359
455 252
456 88
457 456
458 178
459 353
460 153
461 333
462 160
463 339
464 298
465 268
466 34
467 226
468 262
469 376
470 249
471 108
472 347
473 394
474 409
475 51
476 382
477 236
478 155
479 252
480 126
481 459
482 264
483 459
484 418
485 281
486 314
487 293
488 387
489 346
490 211
491 447
492 458
493 206
494 387
495 232
496 35
497 420
498 441
499 466
500 41
501 164
502 198
503 157
504 355
505 226
506 189
507 211
508 205
509 120
510 301
511 342
512 342
513 316
514 273
515 482
516 317
517 252
518 313
519 216
520 346
521 163
522 271
523 298
524 172
525 507
526 288
527 85
528 23
529 511
530 369
531 25
532 387
533 353
534 330
535 498
536 252
537 170
538 323
539 226
540 107
541 525
542 353
543 527
544 229
545 451
546 250
547 546
548 261
549 222
550 115
551 503
552 428
553 511
554 511
555 57
556 528
557 353
558 205
559 498
560 511
561 515
562 506
563 550
564 511
565 27
566 459
567 511
568 456
569 457
570 258
571 341
572 138
573 570
574 296
575 558
576 103
577 271
578 25
579 353
580 541
581 84
582 547
583 138
584 570
585 569
586 563
587 200
588 570
589 284
590 531
591 34
592 400
593 280
594 511
595 429
596 295
597 449
598 224
599 205
600 36
601 261
602 466
603 506
604 21
605 501
606 530
607 511
608 281
609 507
610 587
611 562
612 320
613 549
614 447
615 451
616 204
617 348
618 225
619 563
620 226
621 124
622 181
623 32
624 515
625 541
626 511
627 239
628 99
629 563
630 600
631 145
632 311
633 357
634 116
635 614
636 609
637 197
638 605
639 81
640 527
641 181
642 537
643 465
644 540
645 511
646 515
647 100
648 507
649 509
650 25
651 433
652 186
653 553
654 254
655 400
656 318
657 640
658 322
659 435
660 512
661 401
662 487
663 525
664 602
665 391
666 638
667 169
668 622
669 475
670 217
671 490
672 590
673 633
674 529
675 216
676 205
677 92
678 559
679 602
680 201
681 509
682 338
683 681
684 511
685 147
686 681
687 353
688 638
689 123
690 625
691 511
692 681
693 403
694 214
695 375
696 440
697 483
698 258
699 272
700 382
701 529
702 681
703 382
704 260
705 327
706 426
707 226
708 498
709 37
710 314
711 431
712 579
713 707
714 681
715 667
716 511
717 711
718 515
719 47
720 511
721 683
722 467
723 314
724 264
725 196
726 279
727 628
728 441
729 461
730 670
731 433
732 445
733 680
734 372
735 568
736 676
737 511
738 260
739 55
740 697
741 681
742 515
743 571
744 705
745 203
746 551
747 22
748 525
749 131
750 210
751 395
752 432
753 414
754 681
755 293
756 293
757 552
758 181
759 437
760 416
761 286
762 621
763 579
764 644
765 515
766 525
767 524
768 755
769 524
770 426
771 717
772 204
773 739
774 118
775 493
776 676
777 608
778 332
779 777
780 381
781 491
782 351
783 201
784 511
785 511
786 314
787 484
788 761
789 373
790 682
791 770
792 768
793 132
794 384
795 226
796 465
797 596
798 181
799 534
800 511
801 524
802 736
803 752
804 684
805 387
806 773
807 426
808 304
809 548
810 504
811 143
812 162
813 211
814 128
815 808
816 804
817 389
818 532
819 210
820 807
821 553
822 629
823 254
824 681
825 511
826 625
827 443
828 459
829 163
830 338
831 759
832 353
833 558
834 586
835 511
836 776
837 234
838 32
839 92
840 189
841 563
842 344
843 241
844 744
845 586
846 396
847 706
848 592
849 590
850 804
851 353
852 371
853 293
854 681
855 408
856 476
857 332
858 562
859 857
860 265
861 43
862 531
863 809
864 163
865 742
866 745
867 815
868 788
869 806
870 815
871 344
872 275
873 382
874 511
875 855
876 387
877 532
878 314
879 511
880 437
881 283
882 602
883 754
884 681
885 573
886 795
887 169
888 809
889 425
890 691
891 234
892 356
893 525
894 511
895 25
896 770
897 750
898 573
899 25
900 25
901 813
902 454
903 511
904 510
905 816
906 347
907 511
908 453
909 528
910 804
911 268
912 269
913 524
914 765
915 245
916 804
917 885
918 697
919 892
920 59
921 580
922 150
923 455
924 681
925 746
926 689
927 602
928 343
929 809
930 475
931 226
932 568
933 399
934 682
935 293
936 765
937 759
938 426
939 263
940 402
941 809
942 157
943 200
944 262
945 723
946 534
947 226
948 463
949 865
950 511
951 885
952 806
953 831
954 498
955 952
956 245
957 663
958 763
959 706
960 860
961 807
962 192
963 550
964 271
965 372
966 941
967 711
968 808
969 306
970 871
971 226
972 611
973 964
974 959
975 968
976 73
977 885
978 702
979 403
980 771
981 248
982 954
983 353
984 525
985 714
986 959
987 92
988 960
989 524
990 681
991 869
992 765
993 743
994 411
995 884
996 573
997 706
998 886
999 719
1000 205
1001 511
1002 644
1003 53
1004 925
1005 617
1006 532
1007 520
1008 159
1009 661
1010 999
1011 959
1012 863
1013 804
1014 407
1015 885
1016 999
1017 511
1018 706
1019 525
1020 511
1021 499
1022 81
1023 879
1024 515
1025 520
1026 211
1027 791
1028 761
1029 954
1030 963
1031 952
1032 995
1033 681
1034 573
1035 874
1036 511
1037 465
1038 999
1039 398
1040 902
1041 819
1042 718
1043 712
1044 299
1045 504
1046 723
1047 550
1048 237
1049 776
1050 676
1051 377
1052 354
1053 172
1054 264
1055 511
1056 1027
1057 895
1058 793
1059 729
1060 245
1061 274
1062 262
1063 975
1064 681
1065 1058
1066 296
1067 82
1068 885
1069 636
1070 681
1071 779
1072 1039
1073 811
1074 964
1075 511
1076 44
1077 999
1078 962
1079 607
1080 759
1081 274
1082 1029
1083 308
1084 87
1085 698
1086 1060
1087 409
1088 644
1089 511
1090 614
1091 1029
1092 1029
1093 256
1094 878
1095 767
1096 7
1097 562
1098 511
1099 648
1100 639
1101 525
1102 1018
1103 590
1104 785
1105 506
1106 226
1107 736
1108 1014
1109 524
1110 528
1111 1027
1112 717
1113 274
1114 783
1115 226
1116 569
1117 661
1118 885
1119 327
1120 940
1121 314
1122 999
1123 573
1124 624
1125 702
1126 776
1127 507
1128 1024
1129 642
1130 566
1131 498
1132 706
1133 804
1134 503
1135 436
1136 857
1137 914
1138 1079
1139 67
1140 1061
1141 952
1142 711
1143 730
1144 103
1145 888
1146 258
1147 837
1148 671
1149 723
1150 429
1151 310
1152 857
1153 169
1154 62
1155 511
1156 671
1157 1130
1158 1131
1159 952
1160 864
1161 1030
1162 1065
1163 511
1164 681
1165 759
1166 524
1167 646
1168 236
1169 815
1170 98
1171 1025
1172 944
1173 353
1174 511
1175 1120
1176 459
1177 1159
1178 1061
1179 399
1180 1147
1181 1072
1182 1124
1183 1015
1184 871
1185 330
1186 1077
1187 809
1188 247
1189 999
1190 1100
1191 1006
1192 1120
1193 562
1194 1053
1195 1136
1196 987
1197 651
1198 366
1199 509
1200 194
1201 1020
1202 1107
1203 952
1204 591
1205 962
1206 410
1207 80
1208 681
1209 826
1210 756
1211 1054
1212 989
1213 487
1214 333
1215 704
1216 1008
1217 644
1218 804
1219 646
1220 819
1221 681
1222 697
1223 1052
1224 306
1225 804
1226 25
1227 528
1228 888
1229 738
1230 885
1231 237
1232 1009
1233 885
1234 195
1235 88
1236 511
1237 952
1238 1089
1239 838
1240 1228
1241 1147
1242 1120
1243 681
1244 96
1245 756
1246 1163
1247 314
1248 756
1249 730
1250 271
1251 1147
1252 684
1253 959
1254 1133
1255 658
1256 919
1257 1230
1258 511
1259 804
1260 1254
1261 952
1262 511
1263 929
1264 571
1265 745
1266 888
1267 962
1268 959
1269 819
1270 1237
1271 511
1272 138
1273 885
1274 500
1275 399
1276 511
1277 991
1278 445
1279 524
1280 382
1281 1146
1282 885
1283 511
1284 951
1285 181
1286 169
1287 1100
1288 857
1289 511
1290 804
1291 603
1292 601
1293 246
1294 1265
1295 531
1296 952
1297 952
1298 1120
1299 1190
1300 1224
1301 657
1302 427
1303 963
1304 528
1305 696
1306 421
1307 781
1308 1144
1309 829
1310 761
1311 1108
1312 978
1313 571
1314 494
1315 138
1316 804
1317 1169
1318 804
1319 987
1320 706
1321 885
1322 455
1323 697
1324 728
1325 1185
1326 946
1327 806
1328 999
1329 511
1330 1063
1331 603
1332 661
1333 999
1334 812
1335 528
1336 1190
1337 696
1338 711
1339 656
1340 883
1341 962
1342 1059
1343 348
1344 1081
1345 1125
1346 962
1347 954
1348 252
1349 893
1350 841
1351 747
1352 135
1353 146
1354 776
1355 579
1356 1061
1357 999
1358 804
1359 1345
1360 1334
1361 1118
1362 1120
1363 955
1364 248
1365 733
1366 791
1367 623
1368 1212
1369 1290
1370 226
1371 1319
1372 1190
1373 681
1374 768
1375 159
1376 1162
1377 456
1378 912
1379 646
1380 262
1381 939
1382 1302
1383 704
1384 691
1385 511
1386 1377
1387 781
1388 542
1389 617
1390 573
1391 1101
1392 544
1393 474
1394 438
1395 638
1396 528
1397 1286
1398 1286
1399 952
1400 974
1401 372
1402 686
1403 974
1404 863
1405 1132
1406 781
1407 765
1408 1247
1409 849
1410 1254
1411 286
1412 511
1413 521
1414 957
1415 1120
1416 614
1417 768
1418 136
1419 1180
1420 621
1421 952
1422 809
1423 1251
1424 885
1425 1230
1426 804
1427 1256
1428 818
1429 921
1430 940
1431 32
1432 385
1433 888
1434 1304
1435 1247
1436 878
1437 1391
1438 720
1439 1147
1440 1263
1441 1332
1442 814
1443 286
1444 1230
1445 971
1446 1362
1447 505
1448 901
1449 1045
1450 245
1451 706
1452 694
1453 1360
1454 1218
1455 498
1456 587
1457 885
1458 43
1459 1061
1460 829
1461 1055
1462 1448
1463 1034
1464 681
1465 940
1466 1410
1467 876
1468 952
1469 885
1470 1194
1471 1448
1472 658
1473 1025
1474 399
1475 1450
1476 1045
1477 959
1478 1362
1479 441
1480 630
1481 268
1482 1153
1483 1321
1484 1025
1485 1136
1486 1449
1487 1286
1488 1235
1489 842
1490 526
1491 1107
1492 929
1493 760
1494 660
1495 999
1496 1007
1497 797
1498 1472
1499 478
1500 1061
1501 257
1502 804
1503 959
1504 511
1505 133
1506 920
1507 172
1508 885
1509 418
1510 481
1511 201
1512 1147
1513 1119
1514 951
1515 1161
1516 1286
1517 561
1518 1230
1519 1392
1520 999
1521 667
1522 999
1523 1186
1524 1198
1525 1397
1526 672
1527 1300
1528 722
1529 962
1530 1230
1531 1136
1532 1230
1533 25
1534 795
1535 1500
1536 1030
1537 353
1538 587
1539 476
1540 781
1541 511
1542 1183
1543 681
1544 1289
1545 1205
1546 788
1547 1256
1548 681
1549 1482
1550 992
1551 999
1552 830
1553 1136
1554 1139
1555 804
1556 1497
1557 940
1558 515
1559 201
1560 1154
1561 1450
1562 885
1563 961
1564 1400
1565 767
1566 25
1567 1087
1568 1087
1569 1235
1570 515
1571 987
1572 68
1573 989
1574 524
1575 404
1576 954
1577 1176
1578 1208
1579 1060
1580 1205
1581 254
1582 511
1583 1168
1584 1256
1585 478
1586 281
1587 846
1588 1092
1589 717
1590 893
1591 193
1592 32
1593 1061
1594 319
1595 1118
1596 1029
1597 1256
1598 806
1599 1598
1600 589
1601 1441
1602 693
1603 804
1604 546
1605 459
1606 1247
1607 952
1608 1563
1609 768
1610 498
1611 1500
1612 980
1613 1506
1614 938
1615 124
1616 1268
1617 696
1618 701
1619 1535
1620 763
1621 25
1622 1055
1623 801
1624 607
1625 1327
1626 1427
1627 244
1628 170
1629 353
1630 829
1631 1025
1632 849
1633 1247
1634 645
1635 1188
1636 532
1637 959
1638 894
1639 511
1640 723
1641 770
1642 1590
1643 290
1644 1093
1645 1180
1646 890
1647 1332
1648 1391
1649 1626
1650 1219
1651 511
1652 812
1653 1247
1654 964
1655 1499
1656 1361
1657 799
1658 801
1659 1325
1660 601
1661 1289
1662 1195
1663 1567
1664 1585
1665 1055
1666 1425
1667 999
1668 953
1669 769
1670 1547
1671 723
1672 753
1673 959
1674 169
1675 776
1676 959
1677 562
1678 1622
1679 1457
1680 1448
1681 862
1682 277
1683 1502
1684 264
1685 1067
1686 1567
1687 1422
1688 1633
1689 1461
1690 509
1691 1277
1692 607
1693 544
1694 1118
1695 1608
1696 533
1697 981
1698 365
1699 1136
1700 1361
1701 511
1702 1308
1703 1156
1704 764
1705 1147
1706 366
1707 1247
1708 910
1709 951
1710 1558
1711 912
1712 962
1713 681
1714 1682
1715 1105
1716 1139
1717 706
1718 1320
1719 1284
1720 1537
1721 19
1722 1164
1723 511
1724 1515
1725 512
1726 658
1727 1333
1728 1105
1729 952
1730 1497
1731 782
1732 1526
1733 1215
1734 998
1735 183
1736 885
1737 1440
1738 574
1739 1563
1740 1721
1741 952
1742 1590
1743 1442
1744 1651
1745 682
1746 1456
1747 1314
1748 1388
1749 733
1750 1275
1751 1628
1752 768
1753 563
1754 1727
1755 412
1756 607
1757 1463
1758 1586
1759 617
1760 681
1761 488
1762 258
1763 652
1764 468
1765 1479
1766 1448
1767 851
1768 254
1769 1345
1770 728
1771 1147
1772 999
1773 469
1774 804
1775 511
1776 768
1777 744
1778 1251
1779 1558
1780 1009
1781 1086
1782 1596
1783 1254
1784 1168
1785 1230
1786 911
1787 1033
1788 528
1789 907
1790 1717
1791 1204
1792 1482
1793 1265
1794 1131
1795 155
1796 765
1797 261
1798 1554
1799 723
1800 1779
1801 758
1802 482
1803 651
1804 548
1805 1263
1806 1048
1807 603
1808 1495
1809 441
1810 576
1811 469
1812 952
1813 1558
1814 996
1815 207
1816 1415
1817 1273
1818 1495
1819 1024
1820 1794
1821 584
1822 587
1823 952
1824 1768
1825 1106
1826 1650
1827 1770
1828 1427
1829 1287
1830 1504
1831 290
1832 498
1833 1147
1834 1416
1835 701
1836 1286
1837 1545
1838 1038
1839 701
1840 1673
1841 1679
1842 900
1843 1427
1844 1025
1845 634
1846 1550
1847 970
1848 1591
1849 836
1850 896
1851 7
1852 1397
1853 1195
1854 1672
1855 942
1856 1391
1857 1025
1858 1600
1859 614
1860 1068
1861 962
1862 498
1863 1626
1864 1679
1865 999
1866 346
1867 723
1868 1608
1869 570
1870 1262
1871 1539
1872 1490
1873 56
1874 1230
1875 1701
1876 780
1877 317
1878 983
1879 1412
1880 951
1881 1287
1882 1640
1883 850
1884 1574
1885 1209
1886 1496
1887 181
1888 1260
1889 1169
1890 1457
1891 22
1892 957
1893 1448
1894 1059
1895 948
1896 998
1897 314
1898 525
1899 987
1900 1519
1901 473
1902 1160
1903 952
1904 999
1905 1441
1906 1110
1907 1482
1908 1029
1909 1626
1910 267
1911 1136
1912 1707
1913 1198
1914 1854
1915 801
1916 1117
1917 1349
1918 406
1919 1590
1920 1656
1921 885
1922 1457
1923 1581
1924 1455
1925 667
1926 459
1927 1885
1928 1120
1929 1849
1930 1247
1931 967
1932 1424
1933 1495
1934 857
1935 1495
1936 1497
1937 1214
1938 1557
1939 1427
1940 964
1941 207
1942 1339
1943 1386
1944 1474
1945 1567
1946 1707
1947 1016
1948 1345
1949 792
1950 1539
1951 511
1952 707
1953 1760
1954 1323
1955 1408
1956 1256
1957 1451
1958 1413
1959 1395
1960 1230
1961 110
1962 511
1963 886
1964 1195
1965 990
1966 1928
1967 1073
1968 1500
1969 804
1970 602
1971 1136
1972 1033
1973 1621
1974 889
1975 859
1976 1740
1977 824
1978 1195
1979 952
1980 1158
1981 1591
1982 1558
1983 1130
1984 1235
1985 1278
1986 696
1987 1740
1988 593
1989 141
1990 506
1991 1698
1992 1958
1993 1856
1994 887
1995 169
1996 738
1997 255
1998 1081
1999 1074
2000 511
2001 398
2002 1314
2003 226
2004 915
2005 1120
2006 1475
2007 1812
2008 885
2009 646
2010 1772
2011 1417
2012 1500
2013 1794
2014 471
2015 711
2016 1528
2017 528
2018 1448
2019 1703
2020 511
2021 532
2022 1345
2023 353
2024 459
2025 817
2026 615
2027 1879
2028 1652
2029 1786
2030 226
2031 1656
2032 959
2033 507
2034 1905
2035 382
2036 925
2037 765
2038 1839
2039 1478
2040 370
2041 1336
2042 1192
2043 1147
2044 998
2045 581
2046 459
2047 599
2048 983
2049 1603
2050 1656
2051 1760
2052 1009
2053 511
2054 1294
2055 1004
2056 738
2057 1970
2058 1190
2059 1042
2060 1497
2061 576
2062 1888
2063 2049
2064 560
2065 1541
2066 729
2067 1147
2068 1729
2069 1179
2070 1673
2071 2040
2072 2049
2073 1010
2074 873
2075 1711
2076 946
2077 1986
2078 1934
2079 1269
2080 840
2081 1805
2082 1937
2083 92
2084 525
2085 1585
2086 1600
2087 274
2088 1606
2089 1322
2090 97
2091 1230
2092 2028
2093 711
2094 2013
2095 1448
2096 1147
2097 1539
2098 303
2099 2040
2100 809
2101 1776
2102 1297
2103 1564
2104 1582
2105 1219
2106 1794
2107 711
2108 1847
2109 1140
2110 1591
2111 885
2112 1991
2113 1542
2114 681
2115 648
2116 1532
2117 1630
2118 1827
2119 332
2120 1797
2121 1182
2122 1879
2123 952
2124 962
2125 1545
2126 1126
2127 410
2128 1025
2129 607
2130 1449
2131 1600
2132 204
2133 436
2134 760
2135 1799
2136 2049
2137 1682
2138 1308
2139 1798
2140 1876
2141 414
2142 1039
2143 2117
2144 346
2145 1037
2146 1323
2147 806
2148 697
2149 1265
2150 1111
2151 999
2152 232
2153 2040
2154 643
2155 761
2156 1760
2157 666
2158 1551
2159 952
2160 2049
2161 2073
2162 1095
2163 2002
2164 1219
2165 1407
2166 1415
2167 1490
2168 211
2169 1996
2170 737
2171 1492
2172 451
2173 1490
2174 1846
2175 336
2176 952
2177 78
2178 337
2179 1415
2180 659
2181 501
2182 1451
2183 1605
2184 2040
2185 1115
2186 2102
2187 661
2188 1203
2189 768
2190 562
2191 2113
2192 164
2193 809
2194 898
2195 2049
2196 1999
2197 568
2198 2005
2199 1900
2200 1052
2201 1328
2202 1709
2203 804
2204 999
2205 1942
2206 350
2207 1857
2208 759
2209 864
2210 1994
2211 511
2212 2015
2213 813
2214 2015
2215 1448
2216 959
2217 1593
2218 1754
2219 1616
2220 2049
2221 1680
2222 983
2223 1726
2224 2013
2225 432
2226 667
2227 1905
2228 952
2229 1195
2230 105
2231 1197
2232 1060
2233 525
2234 804
2235 155
2236 1819
2237 885
2238 2049
2239 1756
2240 1648
2241 2021
2242 1702
2243 1241
2244 1187
2245 1846
2246 1353
2247 966
2248 153
2249 1219
2250 1143
2251 2020
2252 1345
2253 515
2254 2004
2255 1750
2256 958
2257 912
2258 1720
2259 812
2260 1147
2261 1867
2262 1190
2263 999
2264 189
2265 211
2266 0
2267 1197
2268 1494
2269 2040
2270 748
2271 1403
2272 657
2273 2082
2274 467
2275 2049
2276 681
2277 576
2278 422
2279 1289
2280 1009
2281 1578
2282 2158
2283 511
2284 1029
2285 2002
2286 2049
2287 1436
2288 667
2289 1654
2290 219
2291 2216
2292 1591
2293 1180
2294 1406
2295 1953
2296 1577
2297 2040
2298 1286
2299 957
2300 2176
2301 959
2302 563
2303 2021
2304 2206
2305 339
2306 2243
2307 1876
2308 1939
2309 261
2310 1519
2311 923
2312 1539
2313 2114
2314 1852
2315 1782
2316 2181
2317 1970
2318 2002
2319 2117
2320 527
2321 1972
2322 1745
2323 1147
2324 647
2325 1683
2326 1879
2327 616
2328 511
2329 1375
2330 2154
2331 945
2332 1120
2333 503
2334 1360
2335 805
2336 1967
2337 1274
2338 697
2339 2095
2340 1453
2341 200
2342 1579
2343 2270
2344 691
2345 1495
2346 820
2347 804
2348 2049
2349 1511
2350 1907
2351 594
2352 1181
2353 1900
2354 1575
2355 524
2356 138
2357 1500
2358 2002
2359 1406
2360 2210
2361 2313
2362 1345
2363 1876
2364 1740
2365 2291
2366 1367
2367 951
2368 1520
2369 1626
2370 1137
2371 220
2372 2117
2373 681
2374 956
2375 2314
2376 2002
2377 667
2378 906
2379 1991
2380 1181
2381 681
2382 2093
2383 885
2384 518
2385 1120
2386 577
2387 1919
2388 2049
2389 1454
2390 1500
2391 854
2392 833
2393 840
2394 1558
2395 2151
2396 71
2397 1435
2398 1926
2399 271
2400 999
2401 1997
2402 1586
2403 1645
2404 685
2405 1308
2406 2111
2407 2121
2408 2198
2409 956
2410 334
2411 2077
2412 2130
2413 1069
2414 1147
2415 602
2416 1323
2417 2151
2418 763
2419 503
2420 1760
2421 861
2422 597
2423 1520
2424 1856
2425 1188
2426 2274
2427 1861
2428 952
2429 1256
2430 511
2431 1148
2432 1713
2433 2306
2434 1036
2435 2049
2436 797
2437 1943
2438 1993
2439 1386
2440 1662
2441 1280
2442 211
2443 2436
2444 229
2445 1629
2446 1521
2447 2116
2448 1986
2449 681
2450 649
2451 1856
2452 1230
2453 1876
2454 2140
2455 1644
2456 1254
2457 1581
2458 221
2459 681
2460 952
2461 1389
2462 2236
2463 877
2464 1948
2465 1301
2466 285
2467 1102
2468 1722
2469 952
2470 1030
2471 2462
2472 2327
2473 1924
2474 1879
2475 1709
2476 1873
2477 93
2478 618
2479 2213
2480 347
2481 766
2482 2072
2483 765
2484 761
2485 1247
2486 1900
2487 2049
2488 1872
2489 511
2490 2283
2491 1147
2492 1991
2493 681
2494 511
2495 1120
2496 2454
2497 397
2498 1489
2499 1736
2500 2463
2501 1350
2502 731
2503 2257
2504 2273
2505 1919
2506 1048
2507 2049
2508 2049
2509 2489
2510 612
2511 193
2512 312
2513 940
2514 1764
2515 905
2516 1495
2517 723
2518 1904
2519 1988
2520 1120
2521 1741
2522 1588
2523 1864
2524 1247
2525 485
2526 1549
2527 1199
2528 1009
2529 1367
2530 650
2531 2015
2532 498
2533 2367
2534 1660
2535 1752
2536 2361
2537 2109
2538 1028
2539 2002
2540 1939
2541 281
2542 1891
2543 1741
2544 602
2545 587
2546 971
2547 1662
2548 1991
2549 1185
2550 271
2551 2204
2552 1885
2553 1485
2554 2364
2555 2049
2556 1435
2557 513
2558 1265
2559 1928
2560 2051
2561 2101
2562 1888
2563 555
2564 498
2565 2320
2566 1638
2567 2192
2568 956
2569 959
2570 2211
2571 2454
2572 1067
2573 962
2574 1034
2575 224
2576 1564
2577 1725
2578 1363
2579 1443
2580 429
2581 2488
2582 804
2583 2049
2584 2023
2585 1198
2586 1132
2587 885
2588 1254
2589 2314
2590 999
2591 2291
2592 1729
2593 2578
2594 2459
2595 2570
2596 2104
2597 1737
2598 1750
2599 2055
2600 999
2601 2354
2602 1876
2603 1255
2604 1230
2605 984
2606 713
2607 976
2608 1663
2609 1760
2610 1561
2611 2113
2612 1550
2613 1970
2614 2067
2615 1266
2616 2334
2617 1669
2618 713
2619 1346
2620 712
2621 1493
2622 2049
2623 681
2624 928
2625 962
2626 1445
2627 2442
2628 804
2629 2110
2630 1582
2631 1014
2632 761
2633 959
2634 2378
2635 497
2636 1948
2637 2116
2638 2559
2639 2354
2640 2495
2641 1203
2642 2027
2643 2458
2644 696
2645 2025
2646 1190
2647 2420
2648 2580
2649 1948
2650 1120
2651 947
2652 1919
2653 1921
2654 706
2655 411
2656 1307
2657 1656
2658 713
2659 2049
2660 2049
2661 2031
2662 1855
2663 999
2664 566
2665 2485
2666 1469
2667 2596
2668 2443
2669 973
2670 2310
2671 681
2672 2009
2673 1190
2674 952
2675 2275
2676 1839
2677 2569
2678 2516
2679 1511
2680 2040
2681 1838
2682 2647
2683 2643
2684 305
2685 1181
2686 2636
2687 1675
2688 713
2689 940
2690 2431
2691 1541
2692 1694
2693 537
2694 886
2695 1802
2696 1722
2697 905
2698 2402
2699 1776
2700 553
2701 716
2702 2138
2703 1827
2704 535
2705 2102
2706 2010
2707 2622
2708 2605
2709 84
2710 525
2711 519
2712 1663
2713 2236
2714 297
2715 1872
2716 1752
2717 2465
2718 1943
2719 1345
2720 1033
2721 681
2722 2696
2723 2579
2724 1630
2725 1428
2726 2061
2727 1815
2728 885
2729 515
2730 988
2731 1038
2732 1435
2733 2194
2734 2020
2735 1256
2736 620
2737 2326
2738 1728
2739 1741
2740 1136
2741 1682
2742 2552
2743 481
2744 2367
2745 1009
2746 1859
2747 2311
2748 2648
2749 2104
2750 2734
2751 2061
2752 2296
2753 1591
2754 1564
2755 1522
2756 1500
2757 778
2758 1991
2759 372
2760 2681
2761 1247
2762 924
2763 2749
2764 1882
2765 2527
2766 2049
2767 851
2768 1411
2769 2163
2770 1097
2771 665
2772 157
2773 954
2774 1415
2775 94
2776 2612
2777 916
2778 2620
2779 2573
2780 230
2781 1625
2782 1471
2783 2197
2784 2049
2785 1230
2786 2704
2787 2696
2788 481
2789 602
2790 2735
2791 1926
2792 2725
2793 1860
2794 1795
2795 2730
2796 804
2797 2566
2798 2636
2799 1846
2800 2212
2801 2466
2802 262
2803 1326
2804 987
2805 644
2806 1179
2807 976
2808 2190
2809 2040
2810 2327
2811 1880
2812 2384
2813 525
2814 2471
2815 1687
2816 2337
2817 2635
2818 1247
2819 798
2820 2745
2821 2359
2822 2361
2823 2682
2824 2677
2825 1120
2826 2750
2827 735
2828 1604
2829 2401
2830 1254
2831 2636
2832 2435
2833 1433
2834 1258
2835 511
2836 2293
2837 695
2838 382
2839 2317
2840 2583
2841 2002
2842 1177
2843 2126
2844 433
2845 2647
2846 2647
2847 475
2848 2185
2849 681
2850 1772
2851 1603
2852 885
2853 181
2854 353
2855 1357
2856 1025
2857 2234
2858 2311
2859 1551
2860 482
2861 2065
2862 2331
2863 1832
2864 2338
2865 1041
2866 2431
2867 580
2868 2235
2869 2629
2870 2193
2871 2670
2872 1943
2873 737
2874 1991
2875 1747
2876 1798
2877 1563
2878 1563
2879 1582
2880 2867
2881 1544
2882 2808
2883 2133
2884 2040
2885 1133
2886 2864
2887 1953
2888 2077
2889 2473
2890 2494
2891 291
2892 1151
2893 1280
2894 1876
2895 2784
2896 1600
2897 1205
2898 1391
2899 696
2900 2749
2901 2185
2902 858
2903 2829
2904 1385
2905 667
2906 1948
2907 1619
2908 2876
2909 2696
2910 2787
2911 1856
2912 1239
2913 2437
2914 2308
2915 2191
2916 2545
2917 959
2918 2634
2919 2801
2920 2192
2921 2787
2922 2783
2923 1361
2924 955
2925 1655
2926 1521
2927 1394
2928 733
2929 2082
2930 2647
2931 2218
2932 804
2933 2049
2934 2395
2935 1461
2936 1908
2937 1122
2938 1465
2939 2547
2940 2307
2941 1255
2942 2075
2943 2493
2944 1703
2945 2197
2946 2487
2947 2935
2948 734
2949 633
2950 2849
2951 2368
2952 810
2953 1903
2954 1674
2955 2704
2956 1974
2957 952
2958 2314
2959 1526
2960 1638
2961 2167
2962 668
2963 962
2964 211
2965 1649
2966 738
2967 2183
2968 609
2969 2612
2970 955
2971 2462
2972 1345
2973 1201
2974 1305
2975 1230
2976 2518
2977 2955
2978 1230
2979 2674
2980 526
2981 2155
2982 1619
2983 2914
2984 2968
2985 1703
2986 2660
2987 976
2988 2591
2989 2209
2990 1231
2991 2677
2992 2077
2993 1702
2994 1742
2995 1883
2996 1699
2997 1793
2998 529
2999 1918
3000 2673
3001 2648
3002 2062
3003 804
3004 1147
3005 2375
3006 713
3007 2049
3008 1038
3009 2606
3010 765
3011 2942
3012 2785
3013 2552
3014 2864
3015 681
3016 1805
3017 1117
3018 1197
3019 2813
3020 730
3021 2331
3022 2358
3023 2648
3024 2872
3025 1361
3026 1414
3027 2452
3028 1622
3029 1002
3030 1225
3031 2820
3032 723
3033 1203
3034 1991
3035 699
3036 775
3037 928
3038 1438
3039 2090
3040 1247
3041 2049
3042 853
3043 25
3044 2629
3045 2286
3046 1901
3047 2180
3048 181
3049 2696
3050 2008
3051 2093
3052 2162
3053 952
3054 2998
3055 383
3056 2674
3057 1768
3058 2787
3059 1895
3060 2279
3061 1429
3062 1811
3063 2843
3064 253
3065 2998
3066 1595
3067 2297
3068 1486
3069 57
3070 2958
3071 372
3072 2177
3073 768
3074 2812
3075 1490
3076 2647
3077 2326
3078 1345
3079 1558
3080 2049
3081 1905
3082 511
3083 2696
3084 1083
3085 950
3086 290
3087 2049
3088 2759
3089 681
3090 2067
3091 633
3092 840
3093 2962
3094 2049
3095 2495
3096 2641
3097 936
3098 1435
3099 877
3100 2903
3101 812
3102 2688
3103 1734
3104 2561
3105 2363
3106 1223
3107 138
3108 2916
3109 2977
3110 2329
3111 1096
3112 1953
3113 270
3114 2677
3115 299
3116 1655
3117 2361
3118 2554
3119 3082
3120 1716
3121 2833
3122 2145
3123 2277
3124 2324
3125 1814
3126 2696
3127 1028
3128 1900
3129 2805
3130 511
3131 3118
3132 2594
3133 95
3134 2737
3135 1063
3136 2724
3137 3054
3138 3030
3139 691
3140 2743
3141 824
3142 2407
3143 2102
3144 3031
3145 962
3146 1107
3147 1239
3148 1099
3149 1446
3150 1633
3151 2493
3152 2488
3153 1849
3154 3047
3155 172
3156 762
3157 952
3158 1581
3159 504
3160 3027
3161 2178
3162 2162
3163 1701
3164 317
3165 2314
3166 2218
3167 1848
3168 1591
3169 1067
3170 654
3171 825
3172 2934
3173 971
3174 1035
3175 3046
3176 644
3177 3130
3178 1474
3179 1446
3180 1991
3181 652
3182 1117
3183 3094
3184 1858
3185 446
3186 2093
3187 1658
3188 303
3189 2820
3190 2525
3191 2049
3192 459
3193 2646
3194 735
3195 1583
3196 1980
3197 1622
3198 2307
3199 2117
3200 765
3201 3110
3202 2759
3203 286
3204 1772
3205 3170
3206 585
3207 3054
3208 2414
3209 809
3210 3191
3211 2238
3212 3075
3213 1656
3214 2097
3215 1483
3216 1310
3217 2993
3218 2183
3219 3055
3220 1586
3221 1127
3222 2843
3223 2049
3224 977
3225 2285
3226 3034
3227 3172
3228 1262
3229 2916
3230 2696
3231 885
3232 3194
3233 2767
3234 2145
3235 179
3236 358
3237 138
3238 1989
3239 1439
3240 1203
3241 2274
3242 1310
3243 1003
3244 1071
3245 1410
3246 498
3247 2849
3248 2367
3249 436
3250 2942
3251 809
3252 2933
3253 262
3254 885
3255 226
3256 172
3257 1331
3258 2660
3259 2116
3260 2310
3261 602
3262 1520
3263 3040
3264 1435
3265 2511
3266 1555
3267 1565
3268 1725
3269 2427
3270 2760
3271 2992
3272 1690
3273 2218
3274 1891
3275 532
3276 2839
3277 2270
3278 2549
3279 2664
3280 3095
3281 1329
3282 2454
3283 3265
3284 1749
3285 1487
3286 1702
3287 2327
3288 1507
3289 2385
3290 3130
3291 1283
3292 3242
3293 204
3294 2002
3295 2485
3296 3203
3297 706
3298 233
3299 3086
3300 2331
3301 3060
3302 2625
3303 1748
3304 381
3305 1955
3306 1494
3307 3009
3308 1619
3309 1398
3310 3013
3311 2677
3312 1136
3313 3036
3314 999
3315 1286
3316 2566
3317 927
3318 426
3319 3119
3320 803
3321 2796
3322 2600
3323 2268
3324 1617
3325 2034
3326 2274
3327 1790
3328 2477
3329 1216
3330 1794
3331 2266
3332 1084
3333 2837
3334 1250
3335 2422
3336 3064
3337 2952
3338 227
3339 3133
3340 1851
3341 1096
3342 209
3343 448
3344 2476
3345 10
3346 1434
3347 604
3348 1997
3349 2180
3350 1795
3351 757
3352 13
3353 1740
3354 337
3355 2263
3356 2329
3357 389
3358 1207
3359 2542
3360 276
3361 294
3362 21
3363 1351
3364 148
3365 22
3366 142
3367 1170
3368 229
3369 1067
3370 119
3371 545
3372 1937
3373 1343
3374 25
3375 578
3376 48
3377 1393
3378 25
3379 77
3380 1973
3381 2335
3382 1527
3383 1572
3384 1533
3385 3155
3386 650
3387 1845
3388 1217
3389 2410
3390 25
3391 442
3392 450
3393 465
3394 25
3395 1057
3396 575
3397 899
3398 727
3399 1566
3400 1226
3401 25
3402 25
3403 563
3404 25
3405 349
3406 25
3407 1591
3408 900
3409 58
3410 369
3411 158
3412 88
3413 25
3414 2206
3415 930
3416 417
3417 2817
3418 3043
3419 521
3420 1295
3421 3055
3422 310
3423 25
3424 25
3425 1763
3426 191
3427 519
3428 367
3429 709
3430 281
3431 3243
3432 1735
3433 439
3434 1172
3435 1452
3436 27
3437 1274
3438 565
3439 145
3440 3297
3441 1431
3442 2912
3443 185
3444 623
3445 1592
3446 331
3447 38
3448 480
3449 1244
3450 346
3451 591
3452 1021
3453 34
3454 1076
3455 1051
3456 35
3457 496
3458 2268
3459 1480
3460 1961
3461 388
3462 75
3463 43
3464 400
3465 421
3466 2421
3467 1587
3468 1706
3469 1458
3470 1352
3471 658
3472 231
3473 1420
3474 329
3475 1560
3476 363
3477 2067
3478 3235
3479 2045
3480 1493
3481 806
3482 2478
3483 543
3484 57
3485 2563
3486 3069
3487 418
3488 215
3489 1501
3490 318
3491 58
3492 1613
3493 63
3494 65
3495 1139
3496 184
3497 2090
3498 100
3499 598
3500 2775
3501 2567
3502 2396
3503 72
3504 976
3505 3328
3506 76
3507 3072
3508 2404
3509 1731
3510 339
3511 1162
3512 161
3513 2901
3514 1190
3515 1022
3516 405
3517 82
3518 470
3519 2709
3520 134
3521 390
3522 1378
3523 88
3524 2439
3525 88
3526 1488
3527 2997
3528 633
3529 140
3530 92
3531 2356
3532 2264
3533 2083
3534 1364
3535 839
3536 677
3537 2098
3538 1899
3539 92
3540 393
3541 93
3542 340
3543 243
3544 213
3545 939
3546 180
3547 207
3548 2340
3549 2324
3550 1353
3551 1497
3552 1144
3553 2277
3554 2230
3555 2014
3556 1083
3557 922
3558 613
3559 3238
3560 112
3561 112
3562 113
3563 116
3564 153
3565 1169
3566 774
3567 662
3568 212
3569 681
3570 1119
3571 926
3572 123
3573 1615
3574 1743
3575 128
3576 749
3577 131
3578 1505
3579 133
3580 1418
3581 136
3582 1910
3583 136
3584 136
3585 137
3586 2336
3587 1315
3588 2442
3589 572
3590 1093
3591 583
3592 138
3593 3237
3594 3107
3595 1272
3596 434
3597 2999
3598 138
3599 138
3600 236
3601 516
3602 352
3603 889
3604 142
3605 200
3606 872
3607 278
3608 1432
3609 631
3610 794
3611 175
3612 232
3613 206
3614 2248
3615 460
3616 860
3617 155
3618 478
3619 168
3620 272
3621 155
3622 2235
3623 503
3624 2828
3625 372
3626 1855
3627 2425
3628 2772
3629 158
3630 3329
3631 2378
3632 2844
3633 462
3634 201
3635 829
3636 230
3637 2989
3638 642
3639 163
3640 251
3641 875
3642 2684
3643 2157
3644 173
3645 738
3646 164
3647 2961
3648 3296
3649 897
3650 3315
3651 667
3652 2250
3653 1674
3654 1994
3655 169
3656 725
3657 1482
3658 1995
3659 335
3660 170
3661 1751
3662 524
3663 2371
3664 3256
3665 1470
3666 1234
3667 1594
3668 962
3669 1507
3670 172
3671 172
3672 172
3673 174
3674 2891
3675 452
3676 379
3677 178
3678 492
3679 386
3680 436
3681 1039
3682 180
3683 2510
3684 2200
3685 502
3686 1801
3687 402
3688 641
3689 2962
3690 1285
3691 1627
3692 2819
3693 2853
3694 469
3695 181
3696 3048
3697 1887
3698 184
3699 274
3700 2290
3701 2738
3702 840
3703 2511
3704 1200
3705 637
3706 200
3707 464
3708 1538
3709 2341
3710 1991
3711 943
3712 200
3713 1114
3714 2679
3715 2327
3716 201
3717 1559
3718 2580
3719 201
3720 1749
3721 246
3722 772
3723 204
3724 240
3725 3293
3726 2132
3727 3205
3728 204
3729 208
3730 3037
3731 676
3732 1000
3733 2225
3734 508
3735 751
3736 2047
3737 313
3738 1211
3739 843
3740 3036
3741 1941
3742 2727
3743 819
3744 2964
3745 726
3746 445
3747 1831
3748 2168
3749 2265
3750 627
3751 1040
3752 211
3753 2512
3754 2985
3755 1026
3756 2568
3757 2479
3758 827
3759 2033
3760 675
3761 218
3762 391
3763 2458
3764 2919
3765 2575
3766 3241
3767 971
3768 931
3769 2651
3770 226
3771 1370
3772 1534
3773 2003
3774 226
3775 1825
3776 226
3777 2618
3778 3255
3779 1447
3780 226
3781 3113
3782 2736
3783 491
3784 374
3785 2030
3786 539
3787 226
3788 514
3789 258
3790 228
3791 2444
3792 1392
3793 2780
3794 495
3795 2152
3796 364
3797 3298
3798 232
3799 2175
3800 232
3801 2644
3802 891
3803 1784
3804 477
3805 1313
3806 237
3807 2990
3808 1806
3809 238
3810 444
3811 1206
3812 243
3813 243
3814 1394
3815 1561
3816 1060
3817 2254
3818 245
3819 246
3820 297
3821 246
3822 246
3823 1293
3824 248
3825 1697
3826 250
3827 517
3828 479
3829 252
3830 1858
3831 2089
3832 1348
3833 536
3834 345
3835 254
3836 1923
3837 823
3838 1768
3839 1755
3840 257
3841 258
3842 258
3843 258
3844 258
3845 1146
3846 1762
3847 573
3848 1085
3849 1733
3850 261
3851 261
3852 261
3853 1292
3854 419
3855 261
3856 261
3857 261
3858 261
3859 430
3860 1804
3861 261
3862 661
3863 261
3864 2120
3865 2309
3866 262
3867 1380
3868 262
3869 2514
3870 3253
3871 908
3872 356
3873 2802
3874 262
3875 1062
3876 1684
3877 264
3878 515
3879 724
3880 1481
3881 911
3882 2399
3883 2550
3884 577
3885 522
3886 1940
3887 904
3888 881
3889 413
3890 3035
3891 287
3892 272
3893 289
3894 273
3895 273
3896 274
3897 404
3898 274
3899 2087
3900 1113
3901 392
3902 1459
3903 1998
3904 277
3905 789
3906 1682
3907 277
3908 2519
3909 3190
3910 777
3911 281
3912 2541
3913 1758
3914 2768
3915 761
3916 362
3917 2723
3918 286
3919 1931
3920 3086
3921 513
3922 1643
3923 946
3924 290
3925 290
3926 290
3927 1382
3928 290
3929 632
3930 293
3931 755
3932 935
3933 3042
3934 293
3935 1248
3936 293
3937 1066
3938 1738
3939 297
3940 2714
3941 297
3942 298
3943 523
3944 299
3945 1044
3946 3115
3947 314
3948 380
3949 3188
3950 305
3951 344
3952 306
3953 969
3954 2892
3955 2812
3956 786
3957 1930
3958 1121
3959 1897
3960 1094
3961 315
3962 314
3963 710
3964 486
3965 338
3966 314
3967 1867
3968 314
3969 314
3970 2040
3971 314
3972 317
3973 1877
3974 3164
3975 656
3976 319
3977 320
3978 538
3979 323
3980 325
3981 844
3982 330
3983 1185
3984 331
3985 441
3986 1975
3987 1901
3988 2119
3989 332
3990 2757
3991 333
3992 461
3993 3161
3994 1552
3995 934
3996 463
3997 2305
3998 511
3999 970
4000 1489
4001 2497
4002 2144
4003 1866
4004 852
4005 489
4006 2856
4007 423
4008 2480
4009 347
4010 347
4011 1311
4012 472
4013 1759
4014 3236
4015 2584
4016 1173
4017 1388
4018 1355
4019 353
4020 2743
4021 687
4022 1537
4023 353
4024 851
4025 353
4026 2222
4027 832
4028 2854
4029 557
4030 1629
4031 353
4032 533
4033 353
4034 919
4035 361
4036 1524
4037 693
4038 369
4039 606
4040 1854
4041 370
4042 965
4043 372
4044 3071
4045 734
4046 3202
4047 372
4048 1401
4049 374
4050 375
4051 379
4052 381
4053 1876
4054 1750
4055 3304
4056 2441
4057 700
4058 382
4059 2074
4060 2838
4061 382
4062 382
4063 856
4064 382
4065 703
4066 3185
4067 2035
4068 1761
4069 1467
4070 532
4071 494
4072 388
4073 389
4074 2645
4075 665
4076 397
4077 397
4078 2001
4079 424
4080 399
4081 399
4082 399
4083 3178
4084 2806
4085 933
4086 848
4087 655
4088 400
4089 1938
4090 979
4091 403
4092 2354
4093 1087
4094 410
4095 2127
4096 994
4097 411
4098 2655
4099 411
4100 413
4101 413
4102 2141
4103 414
4104 418
4105 1509
4106 880
4107 787
4108 420
4109 1306
4110 421
4111 422
4112 2278
4113 426
4114 426
4115 770
4116 1614
4117 820
4118 3318
4119 1150
4120 595
4121 429
4122 430
4123 430
4124 803
4125 433
4126 2231
4127 2502
4128 434
4129 2883
4130 3249
4131 1135
4132 436
4133 759
4134 1809
4135 1324
4136 1765
4137 498
4138 441
4139 1985
4140 732
4141 1834
4142 450
4143 451
4144 451
4145 2172
4146 2026
4147 923
4148 568
4149 1116
4150 456
4151 459
4152 828
4153 2024
4154 2183
4155 2791
4156 1577
4157 459
4158 3279
4159 459
4160 459
4161 3192
4162 697
4163 459
4164 459
4165 459
4166 459
4167 459
4168 459
4169 2046
4170 729
4171 461
4172 462
4173 462
4174 3059
4175 464
4176 2145
4177 796
4178 465
4179 2154
4180 882
4181 466
4182 467
4183 467
4184 1528
4185 469
4186 1773
4187 3062
4188 2847
4189 475
4190 669
4191 475
4192 1950
4193 2085
4194 478
4195 3116
4196 478
4197 479
4198 479
4199 481
4200 2788
4201 1510
4202 482
4203 2860
4204 1802
4205 483
4206 484
4207 1213
4208 488
4209 490
4210 491
4211 781
4212 491
4213 492
4214 2875
4215 678
4216 1862
4217 2564
4218 498
4219 1610
4220 708
4221 3246
4222 2704
4223 2863
4224 1158
4225 2532
4226 954
4227 1455
4228 2181
4229 501
4230 501
4231 2333
4232 2036
4233 2419
4234 1134
4235 503
4236 3159
4237 504
4238 1045
4239 504
4240 505
4241 506
4242 506
4243 1331
4244 972
4245 506
4246 1990
4247 506
4248 507
4249 1127
4250 525
4251 507
4252 2115
4253 2413
4254 2450
4255 3272
4256 1199
4257 1023
4258 2053
4259 1541
4260 2494
4261 511
4262 1246
4263 2328
4264 701
4265 1879
4266 903
4267 511
4268 1830
4269 2344
4270 2000
4271 645
4272 1236
4273 511
4274 511
4275 511
4276 511
4277 2834
4278 1262
4279 2251
4280 2566
4281 511
4282 1951
4283 3319
4284 3163
4285 511
4286 1001
4287 1651
4288 511
4289 874
4290 564
4291 3130
4292 1385
4293 2489
4294 1276
4295 511
4296 511
4297 1329
4298 1502
4299 2490
4300 1201
4301 511
4302 1017
4303 511
4304 626
4305 567
4306 1098
4307 2430
4308 737
4309 511
4310 835
4311 1104
4312 511
4313 653
4314 1174
4315 511
4316 1155
4317 607
4318 1438
4319 1075
4320 554
4321 2434
4322 1238
4323 2835
4324 784
4325 2701
4326 3171
4327 2935
4328 3291
4329 511
4330 1789
4331 511
4332 800
4333 511
4334 1723
4335 3085
4336 2104
4337 511
4338 511
4339 511
4340 1271
4341 2064
4342 511
4343 511
4344 2351
4345 1639
4346 511
4347 1962
4348 511
4349 2595
4350 1775
4351 3060
4352 1725
4353 2557
4354 515
4355 2729
4356 515
4357 515
4358 1570
4359 2059
4360 561
4361 515
4362 515
4363 2236
4364 1167
4365 2483
4366 515
4367 515
4368 515
4369 2253
4370 1124
4371 515
4372 515
4373 949
4374 1813
4375 517
4376 517
4377 2711
4378 1007
4379 1992
4380 523
4381 1368
4382 801
4383 1109
4384 524
4385 1166
4386 1669
4387 1279
4388 2355
4389 524
4390 524
4391 524
4392 1574
4393 1095
4394 913
4395 663
4396 2084
4397 2813
4398 2898
4399 766
4400 1898
4401 1019
4402 2343
4403 2233
4404 1917
4405 984
4406 2710
4407 2880
4408 2980
4409 526
4410 526
4411 2565
4412 527
4413 640
4414 1227
4415 1788
4416 1396
4417 1906
4418 528
4419 2017
4420 528
4421 909
4422 556
4423 1335
4424 674
4425 3065
4426 1103
4427 862
4428 532
4429 2021
4430 3275
4431 1636
4432 532
4433 1006
4434 532
4435 532
4436 3099
4437 532
4438 2792
4439 1696
4440 534
4441 1657
4442 2693
4443 540
4444 541
4445 541
4446 690
4447 541
4448 1693
4449 544
4450 546
4451 582
4452 546
4453 547
4454 2870
4455 2470
4456 1047
4457 550
4458 553
4459 821
4460 553
4461 553
4462 2700
4463 558
4464 2392
4465 558
4466 558
4467 561
4468 561
4469 1517
4470 1193
4471 562
4472 1677
4473 562
4474 562
4475 858
4476 2190
4477 562
4478 2770
4479 562
4480 562
4481 563
4482 2302
4483 619
4484 1350
4485 563
4486 563
4487 822
4488 1753
4489 586
4490 1130
4491 568
4492 2197
4493 735
4494 568
4495 932
4496 3206
4497 1869
4498 588
4499 1821
4500 571
4501 1264
4502 993
4503 917
4504 573
4505 1814
4506 2574
4507 1390
4508 1123
4509 573
4510 573
4511 898
4512 2726
4513 1810
4514 2386
4515 577
4516 577
4517 579
4518 2256
4519 2620
4520 3061
4521 582
4522 586
4523 845
4524 834
4525 1822
4526 610
4527 1746
4528 587
4529 2916
4530 588
4531 588
4532 590
4533 1526
4534 590
4535 590
4536 1409
4537 590
4538 590
4539 1791
4540 599
4541 600
4542 2534
4543 602
4544 602
4545 664
4546 679
4547 602
4548 602
4549 2789
4550 927
4551 3261
4552 2544
4553 602
4554 602
4555 602
4556 602
4557 2415
4558 602
4559 602
4560 2613
4561 1807
4562 1291
4563 607
4564 1624
4565 1756
4566 607
4567 2129
4568 607
4569 607
4570 1079
4571 1692
4572 608
4573 2984
4574 1090
4575 614
4576 2746
4577 614
4578 635
4579 614
4580 1005
4581 2461
4582 3156
4583 621
4584 2529
4585 1927
4586 629
4587 629
4588 632
4589 633
4590 673
4591 3091
4592 2949
4593 633
4594 633
4595 633
4596 634
4597 635
4598 637
4599 1395
4600 688
4601 638
4602 2272
4603 1129
4604 642
4605 3129
4606 3176
4607 1704
4608 1088
4609 3029
4610 645
4611 1634
4612 1379
4613 2105
4614 2672
4615 1099
4616 648
4617 2530
4618 1803
4619 652
4620 3181
4621 655
4622 2205
4623 2717
4624 2603
4625 2223
4626 658
4627 658
4628 1498
4629 659
4630 659
4631 1332
4632 661
4633 2280
4634 661
4635 1117
4636 2187
4637 2299
4638 665
4639 2771
4640 665
4641 667
4642 667
4643 1521
4644 715
4645 2905
4646 2226
4647 2288
4648 1925
4649 667
4650 667
4651 667
4652 2377
4653 668
4654 2431
4655 674
4656 676
4657 676
4658 802
4659 676
4660 1354
4661 1050
4662 676
4663 676
4664 680
4665 681
4666 1032
4667 681
4668 2671
4669 2391
4670 681
4671 681
4672 1722
4673 1548
4674 702
4675 1070
4676 2449
4677 1760
4678 1243
4679 681
4680 714
4681 1543
4682 1373
4683 681
4684 681
4685 721
4686 1787
4687 681
4688 1221
4689 681
4690 681
4691 681
4692 681
4693 2276
4694 2623
4695 2762
4696 1977
4697 681
4698 681
4699 681
4700 2373
4701 3089
4702 681
4703 1208
4704 681
4705 1340
4706 2493
4707 692
4708 681
4709 681
4710 681
4711 1965
4712 2459
4713 1064
4714 681
4715 681
4716 681
4717 3015
4718 741
4719 2849
4720 681
4721 1713
4722 681
4723 1464
4724 1402
4725 2381
4726 681
4727 681
4728 2721
4729 681
4730 2361
4731 2322
4732 682
4733 790
4734 682
4735 683
4736 1252
4737 686
4738 686
4739 687
4740 3139
4741 1646
4742 691
4743 1384
4744 691
4745 692
4746 1602
4747 693
4748 2899
4749 1986
4750 696
4751 696
4752 696
4753 696
4754 2974
4755 696
4756 1337
4757 1617
4758 696
4759 697
4760 1222
4761 2338
4762 697
4763 697
4764 918
4765 2146
4766 2148
4767 740
4768 697
4769 697
4770 1835
4771 1839
4772 1618
4773 1312
4774 702
4775 1359
4776 1383
4777 705
4778 705
4779 705
4780 997
4781 1132
4782 706
4783 706
4784 706
4785 706
4786 1790
4787 706
4788 706
4789 1957
4790 706
4791 959
4792 2654
4793 706
4794 2467
4795 706
4796 1718
4797 706
4798 706
4799 847
4800 706
4801 1952
4802 709
4803 709
4804 709
4805 709
4806 711
4807 711
4808 3051
4809 1589
4810 1142
4811 2214
4812 1338
4813 711
4814 2107
4815 711
4816 1043
4817 712
4818 712
4819 713
4820 3009
4821 3102
4822 713
4823 2658
4824 3006
4825 714
4826 985
4827 714
4828 717
4829 771
4830 1112
4831 719
4832 720
4833 720
4834 722
4835 722
4836 723
4837 723
4838 723
4839 2135
4840 3300
4841 723
4842 1640
4843 723
4844 1149
4845 723
4846 723
4847 2517
4848 1671
4849 723
4850 1046
4851 3032
4852 723
4853 726
4854 1770
4855 728
4856 2066
4857 1059
4858 3020
4859 1249
4860 732
4861 732
4862 2928
4863 733
4864 733
4865 1365
4866 2948
4867 735
4868 735
4869 2827
4870 735
4871 3194
4872 736
4873 1491
4874 737
4875 2170
4876 737
4877 2873
4878 738
4879 738
4880 1229
4881 2169
4882 2966
4883 738
4884 738
4885 2056
4886 1777
4887 745
4888 866
4889 745
4890 1776
4891 1210
4892 1245
4893 756
4894 758
4895 759
4896 1668
4897 1080
4898 2208
4899 759
4900 759
4901 937
4902 759
4903 1165
4904 759
4905 2134
4906 760
4907 760
4908 3242
4909 2484
4910 3127
4911 761
4912 761
4913 761
4914 2155
4915 1546
4916 761
4917 2632
4918 1620
4919 2418
4920 765
4921 3010
4922 1796
4923 2037
4924 2612
4925 765
4926 765
4927 765
4928 936
4929 3200
4930 765
4931 2370
4932 765
4933 2165
4934 765
4935 765
4936 765
4937 765
4938 765
4939 2481
4940 1565
4941 1609
4942 3073
4943 2189
4944 768
4945 2716
4946 2011
4947 1374
4948 768
4949 1949
4950 769
4951 791
4952 1850
4953 1641
4954 1612
4955 775
4956 775
4957 3222
4958 2687
4959 1049
4960 1849
4961 3244
4962 780
4963 781
4964 781
4965 1387
4966 2656
4967 2359
4968 1540
4969 783
4970 786
4971 868
4972 1056
4973 1366
4974 794
4975 886
4976 2668
4977 801
4978 1623
4979 1915
4980 801
4981 1658
4982 802
4983 802
4984 803
4985 3320
4986 804
4987 804
4988 2777
4989 3321
4990 804
4991 804
4992 804
4993 804
4994 804
4995 1013
4996 2582
4997 804
4998 1774
4999 2784
5000 1316
5001 804
5002 804
5003 804
5004 1259
5005 804
5006 2628
5007 804
5008 910
5009 1883
5010 2697
5011 1358
5012 1426
5013 804
5014 1969
5015 804
5016 804
5017 804
5018 2885
5019 804
5020 804
5021 804
5022 804
5023 3003
5024 2234
5025 804
5026 804
5027 804
5028 3138
5029 804
5030 2932
5031 2203
5032 1318
5033 804
5034 3266
5035 2389
5036 1290
5037 2347
5038 804
5039 806
5040 2781
5041 952
5042 2147
5043 991
5044 806
5045 1599
5046 1868
5047 808
5048 975
5049 2815
5050 2247
5051 3209
5052 3251
5053 2171
5054 1240
5055 809
5056 2244
5057 1404
5058 809
5059 2100
5060 811
5061 3101
5062 812
5063 2092
5064 812
5065 2259
5066 1448
5067 813
5068 813
5069 814
5070 814
5071 870
5072 867
5073 1269
5074 819
5075 1220
5076 1041
5077 2346
5078 3141
5079 824
5080 826
5081 1630
5082 1460
5083 829
5084 829
5085 1309
5086 831
5087 835
5088 836
5089 836
5090 3092
5091 2393
5092 840
5093 2080
5094 842
5095 842
5096 842
5097 842
5098 842
5099 842
5100 1632
5101 2767
5102 1767
5103 856
5104 1152
5105 2078
5106 1699
5107 857
5108 1288
5109 858
5110 2902
5111 858
5112 858
5113 2795
5114 860
5115 1681
5116 863
5117 1012
5118 1902
5119 864
5120 864
5121 871
5122 871
5123 1184
5124 872
5125 873
5126 3174
5127 2500
5128 2287
5129 880
5130 881
5131 885
5132 885
5133 885
5134 1282
5135 1457
5136 885
5137 885
5138 885
5139 885
5140 2728
5141 885
5142 1508
5143 1233
5144 885
5145 885
5146 2653
5147 885
5148 885
5149 1273
5150 885
5151 1542
5152 885
5153 2499
5154 885
5155 2237
5156 3224
5157 1880
5158 885
5159 885
5160 1230
5161 885
5162 2587
5163 885
5164 3254
5165 2923
5166 885
5167 885
5168 885
5169 1562
5170 885
5171 2666
5172 2852
5173 1424
5174 885
5175 2008
5176 885
5177 885
5178 885
5179 885
5180 2383
5181 1860
5182 885
5183 885
5184 885
5185 2111
5186 1321
5187 3231
5188 886
5189 886
5190 886
5191 1963
5192 886
5193 886
5194 886
5195 1896
5196 2694
5197 888
5198 1145
5199 888
5200 3121
5201 2615
5202 2956
5203 893
5204 1642
5205 893
5206 893
5207 895
5208 2733
5209 899
5210 1842
5211 901
5212 905
5213 2515
5214 905
5215 905
5216 910
5217 1708
5218 910
5219 911
5220 911
5221 2029
5222 911
5223 2257
5224 1711
5225 912
5226 913
5227 914
5228 914
5229 914
5230 915
5231 916
5232 1256
5233 919
5234 921
5235 921
5236 921
5237 922
5238 922
5239 2747
5240 1004
5241 927
5242 3317
5243 927
5244 2624
5245 928
5246 929
5247 1263
5248 929
5249 3097
5250 937
5251 1381
5252 1465
5253 940
5254 2689
5255 2513
5256 1430
5257 2005
5258 940
5259 940
5260 944
5261 946
5262 2076
5263 2803
5264 946
5265 948
5266 948
5267 951
5268 1709
5269 951
5270 1514
5271 951
5272 1284
5273 951
5274 2367
5275 951
5276 2674
5277 2957
5278 2068
5279 1141
5280 1468
5281 3157
5282 1607
5283 952
5284 952
5285 3053
5286 1823
5287 952
5288 2102
5289 952
5290 2228
5291 952
5292 2159
5293 2300
5294 952
5295 1270
5296 952
5297 2469
5298 1421
5299 952
5300 952
5301 1261
5302 952
5303 2460
5304 952
5305 952
5306 952
5307 952
5308 955
5309 1741
5310 2953
5311 1031
5312 952
5313 952
5314 952
5315 2007
5316 1296
5317 3033
5318 952
5319 2123
5320 952
5321 1399
5322 1979
5323 952
5324 1159
5325 2428
5326 952
5327 953
5328 953
5329 953
5330 953
5331 953
5332 953
5333 982
5334 954
5335 1347
5336 954
5337 954
5338 2773
5339 954
5340 1588
5341 1576
5342 954
5343 955
5344 2970
5345 955
5346 955
5347 2924
5348 1363
5349 956
5350 2374
5351 2409
5352 3026
5353 1892
5354 2032
5355 959
5356 1253
5357 959
5358 1676
5359 1477
5360 2070
5361 959
5362 1503
5363 959
5364 2677
5365 1011
5366 959
5367 959
5368 959
5369 959
5370 959
5371 959
5372 2754
5373 959
5374 2917
5375 2988
5376 959
5377 959
5378 1637
5379 1616
5380 959
5381 959
5382 2633
5383 959
5384 2301
5385 959
5386 986
5387 959
5388 2427
5389 3145
5390 1078
5391 962
5392 1267
5393 962
5394 1529
5395 962
5396 2124
5397 1205
5398 2573
5399 2625
5400 962
5401 2619
5402 2963
5403 1341
5404 1712
5405 1303
5406 2196
5407 2289
5408 964
5409 973
5410 967
5411 970
5412 970
5413 2108
5414 3173
5415 971
5416 2626
5417 2546
5418 973
5419 973
5420 973
5421 2669
5422 973
5423 973
5424 974
5425 2271
5426 1063
5427 975
5428 2987
5429 2807
5430 976
5431 976
5432 2607
5433 976
5434 1878
5435 983
5436 2048
5437 984
5438 2708
5439 987
5440 987
5441 1571
5442 987
5443 2804
5444 1319
5445 1196
5446 987
5447 988
5448 989
5449 1573
5450 991
5451 991
5452 1691
5453 996
5454 1734
5455 2044
5456 998
5457 998
5458 1523
5459 1808
5460 2855
5461 999
5462 3314
5463 999
5464 2151
5465 1038
5466 999
5467 1947
5468 1772
5469 1667
5470 1865
5471 2663
5472 999
5473 2073
5474 1551
5475 1522
5476 1189
5477 2400
5478 999
5479 1520
5480 999
5481 2600
5482 1904
5483 1328
5484 2590
5485 2551
5486 999
5487 2937
5488 2218
5489 1000
5490 1003
5491 2055
5492 1006
5493 1191
5494 1006
5495 1886
5496 1232
5497 2528
5498 2820
5499 1780
5500 2052
5501 1010
5502 2631
5503 1015
5504 1015
5505 1015
5506 1015
5507 1023
5508 1023
5509 1128
5510 1024
5511 1473
5512 1631
5513 1025
5514 1844
5515 1025
5516 1025
5517 1857
5518 1025
5519 1171
5520 1025
5521 1025
5522 1484
5523 2128
5524 1025
5525 1025
5526 1025
5527 1111
5528 1027
5529 2538
5530 1028
5531 1029
5532 1029
5533 1082
5534 1029
5535 1029
5536 1908
5537 1091
5538 2284
5539 1029
5540 1029
5541 2315
5542 1029
5543 1029
5544 1029
5545 1030
5546 1030
5547 1030
5548 1161
5549 1536
5550 1031
5551 2720
5552 2321
5553 1034
5554 1757
5555 1038
5556 1038
5557 2731
5558 1038
5559 2681
5560 1038
5561 1038
5562 1038
5563 3008
5564 1038
5565 1039
5566 2142
5567 1181
5568 1040
5569 1041
5570 1041
5571 2865
5572 1041
5573 1045
5574 2130
5575 1476
5576 2506
5577 1048
5578 1050
5579 3106
5580 1622
5581 1665
5582 1059
5583 1894
5584 1342
5585 1059
5586 1059
5587 1059
5588 1059
5589 1059
5590 1781
5591 2232
5592 1060
5593 2342
5594 1060
5595 1061
5596 1061
5597 1356
5598 1178
5599 2357
5600 2217
5601 1061
5602 1061
5603 1061
5604 1061
5605 1061
5606 1061
5607 1061
5608 2109
5609 1061
5610 1061
5611 1062
5612 1063
5613 1063
5614 1063
5615 1063
5616 1063
5617 3135
5618 1063
5619 1330
5620 1063
5621 1066
5622 1067
5623 1067
5624 2572
5625 3169
5626 1067
5627 1067
5628 1067
5629 1067
5630 1067
5631 1685
5632 1067
5633 1067
5634 1071
5635 1077
5636 1079
5637 1138
5638 1079
5639 1344
5640 1082
5641 3084
5642 1085
5643 1086
5644 1086
5645 1086
5646 1087
5647 1686
5648 1087
5649 1568
5650 1087
5651 2455
5652 1093
5653 2162
5654 1096
5655 1096
5656 3111
5657 1096
5658 1096
5659 1098
5660 3148
5661 1881
5662 1100
5663 1715
5664 1202
5665 1107
5666 3146
5667 1110
5668 1110
5669 2150
5670 1111
5671 1115
5672 1116
5673 1116
5674 1117
5675 1117
5676 1117
5677 1117
5678 1117
5679 1916
5680 3017
5681 3182
5682 1117
5683 1117
5684 1118
5685 2692
5686 3066
5687 1118
5688 1118
5689 1513
5690 1242
5691 1120
5692 1362
5693 1120
5694 1120
5695 1120
5696 2042
5697 1298
5698 1120
5699 1120
5700 1120
5701 2520
5702 3289
5703 1120
5704 1120
5705 1120
5706 1120
5707 2774
5708 1120
5709 1120
5710 1120
5711 1120
5712 1120
5713 1120
5714 1120
5715 1120
5716 1175
5717 1120
5718 1120
5719 1120
5720 1120
5721 1120
5722 1120
5723 1120
5724 1120
5725 1120
5726 1120
5727 2650
5728 2332
5729 1120
5730 2825
5731 1928
5732 1120
5733 1120
5734 2640
5735 1124
5736 2407
5737 1125
5738 3221
5739 1130
5740 1130
5741 1983
5742 1157
5743 1130
5744 1794
5745 1131
5746 1131
5747 2586
5748 1132
5749 1405
5750 1254
5751 1136
5752 1136
5753 1136
5754 1195
5755 1136
5756 3312
5757 1553
5758 1531
5759 1911
5760 1136
5761 1136
5762 1971
5763 1485
5764 1136
5765 1136
5766 2740
5767 1137
5768 1137
5769 3120
5770 1139
5771 2139
5772 1140
5773 1140
5774 1140
5775 1144
5776 1144
5777 1144
5778 2242
5779 1144
5780 1145
5781 1146
5782 1281
5783 1146
5784 2260
5785 1147
5786 3239
5787 2491
5788 1147
5789 1147
5790 1705
5791 2323
5792 1147
5793 1833
5794 1147
5795 1147
5796 1771
5797 1512
5798 1147
5799 1147
5800 1241
5801 1147
5802 1147
5803 1147
5804 1147
5805 1147
5806 1147
5807 2414
5808 1778
5809 1419
5810 1147
5811 3004
5812 1147
5813 1147
5814 2096
5815 1147
5816 2043
5817 1147
5818 1149
5819 1151
5820 1152
5821 1152
5822 3196
5823 1159
5824 2842
5825 1159
5826 1159
5827 1724
5828 1376
5829 1164
5830 1167
5831 1167
5832 1168
5833 1168
5834 3195
5835 1889
5836 1169
5837 1169
5838 1317
5839 1169
5840 1170
5841 2069
5842 2403
5843 2293
5844 1180
5845 1181
5846 2380
5847 2685
5848 2352
5849 1181
5850 1181
5851 1659
5852 3278
5853 1635
5854 1189
5855 1189
5856 1189
5857 3193
5858 3000
5859 1190
5860 1190
5861 2262
5862 1190
5863 1372
5864 1190
5865 2058
5866 1190
5867 1299
5868 2041
5869 1191
5870 1193
5871 1193
5872 1193
5873 1193
5874 1195
5875 1964
5876 2229
5877 1853
5878 1662
5879 1195
5880 1195
5881 1978
5882 3018
5883 1197
5884 1197
5885 1197
5886 1197
5887 1197
5888 2267
5889 2585
5890 1913
5891 1199
5892 2527
5893 2973
5894 2641
5895 1203
5896 3240
5897 2188
5898 1545
5899 1580
5900 2897
5901 1206
5902 1206
5903 1207
5904 1578
5905 1212
5906 1215
5907 1218
5908 1219
5909 1219
5910 1219
5911 1219
5912 2249
5913 1650
5914 2164
5915 1219
5916 1219
5917 1219
5918 1219
5919 1220
5920 1228
5921 1229
5922 1229
5923 1230
5924 1230
5925 1230
5926 2091
5927 1230
5928 1230
5929 1230
5930 1230
5931 1230
5932 1230
5933 1230
5934 1444
5935 2785
5936 1230
5937 1230
5938 2978
5939 1257
5940 1518
5941 1230
5942 1230
5943 1530
5944 1230
5945 1230
5946 1425
5947 2452
5948 1230
5949 1230
5950 1960
5951 1785
5952 1230
5953 2604
5954 2116
5955 2975
5956 1230
5957 1230
5958 1230
5959 1230
5960 1230
5961 1230
5962 1230
5963 1230
5964 1874
5965 1230
5966 1231
5967 1235
5968 1235
5969 1569
5970 1235
5971 1235
5972 1984
5973 1236
5974 1237
5975 1238
5976 3147
5977 2243
5978 1245
5979 1946
5980 1247
5981 2761
5982 1606
5983 1247
5984 1247
5985 1247
5986 2818
5987 1435
5988 1247
5989 1247
5990 1247
5991 1247
5992 1247
5993 1247
5994 1247
5995 3040
5996 1247
5997 1247
5998 1247
5999 2524
6000 1408
6001 1653
6002 2665
6003 1247
6004 3150
6005 1423
6006 1253
6007 1253
6008 1253
6009 3245
6010 2830
6011 1254
6012 2562
6013 2588
6014 1254
6015 1254
6016 1254
6017 1783
6018 1254
6019 2456
6020 2941
6021 1255
6022 1670
6023 1584
6024 1427
6025 1597
6026 2790
6027 1256
6028 1256
6029 2429
6030 1256
6031 1956
6032 1256
6033 1256
6034 1256
6035 1261
6036 1261
6037 1261
6038 3228
6039 1262
6040 1262
6041 1262
6042 1262
6043 1262
6044 1262
6045 1262
6046 1262
6047 1262
6048 1262
6049 1870
6050 2597
6051 1805
6052 1265
6053 2558
6054 1265
6055 1265
6056 1265
6057 1265
6058 1265
6059 1265
6060 2054
6061 2149
6062 1265
6063 1265
6064 1265
6065 1265
6066 1269
6067 1269
6068 1269
6069 1269
6070 2079
6071 1269
6072 1269
6073 1269
6074 1269
6075 1269
6076 1817
6077 1273
6078 2337
6079 1274
6080 1274
6081 1279
6082 2893
6083 1283
6084 1284
6085 1719
6086 1286
6087 1286
6088 1286
6089 1286
6090 1286
6091 1516
6092 1286
6093 3285
6094 1286
6095 1836
6096 1525
6097 2298
6098 1286
6099 1286
6100 1286
6101 1286
6102 1286
6103 1286
6104 1286
6105 1286
6106 1286
6107 3309
6108 1286
6109 1829
6110 1287
6111 1288
6112 1661
6113 2881
6114 1289
6115 1290
6116 1290
6117 1369
6118 1294
6119 1296
6120 1296
6121 1296
6122 1297
6123 1299
6124 1304
6125 2405
6126 2702
6127 1308
6128 1310
6129 3216
6130 1310
6131 1310
6132 2002
6133 1315
6134 1315
6135 1315
6136 1318
6137 1371
6138 1321
6139 1321
6140 1321
6141 1321
6142 1321
6143 1321
6144 1321
6145 1321
6146 1321
6147 3215
6148 1321
6149 1954
6150 1323
6151 1323
6152 1323
6153 1323
6154 2416
6155 1323
6156 1323
6157 1323
6158 1323
6159 1323
6160 1324
6161 1324
6162 1324
6163 1327
6164 1327
6165 1327
6166 2201
6167 3281
6168 1329
6169 1329
6170 3257
6171 1331
6172 1331
6173 1331
6174 1332
6175 1332
6176 1647
6177 1441
6178 1334
6179 1335
6180 1337
6181 1337
6182 1338
6183 1342
6184 1344
6185 1344
6186 2362
6187 2252
6188 1345
6189 1345
6190 1345
6191 3078
6192 2972
6193 1345
6194 2719
6195 1345
6196 1345
6197 1345
6198 1345
6199 1345
6200 1345
6201 1345
6202 1345
6203 1345
6204 2022
6205 2906
6206 1345
6207 1769
6208 1345
6209 1345
6210 1345
6211 1345
6212 2501
6213 2246
6214 2334
6215 1360
6216 1700
6217 1361
6218 3025
6219 1361
6220 1361
6221 1361
6222 2661
6223 1361
6224 1361
6225 1361
6226 1361
6227 1361
6228 1361
6229 2039
6230 1362
6231 3179
6232 1362
6233 2578
6234 1364
6235 1367
6236 2366
6237 1377
6238 1377
6239 1377
6240 1385
6241 2904
6242 2913
6243 3303
6244 1388
6245 1389
6246 2911
6247 2240
6248 1437
6249 1392
6250 1900
6251 1394
6252 2927
6253 1395
6254 1959
6255 1395
6256 1395
6257 1396
6258 2314
6259 1397
6260 1398
6261 1399
6262 1406
6263 2294
6264 1406
6265 1406
6266 1406
6267 1408
6268 1955
6269 1466
6270 2166
6271 1415
6272 1415
6273 2179
6274 1816
6275 1419
6276 1420
6277 1420
6278 1932
6279 1666
6280 1427
6281 1427
6282 1427
6283 1843
6284 1427
6285 2540
6286 1626
6287 1427
6288 1828
6289 1427
6290 1427
6291 1427
6292 1427
6293 1427
6294 1428
6295 1432
6296 1432
6297 1434
6298 1434
6299 1434
6300 3264
6301 1435
6302 1435
6303 1435
6304 1435
6305 1435
6306 1435
6307 1435
6308 2556
6309 1435
6310 1435
6311 1435
6312 1435
6313 1435
6314 1435
6315 1435
6316 2397
6317 2732
6318 1435
6319 3098
6320 1435
6321 1435
6322 1435
6323 1435
6324 1435
6325 1437
6326 1437
6327 1437
6328 3038
6329 1441
6330 1441
6331 1441
6332 1601
6333 1441
6334 1441
6335 1441
6336 1905
6337 1441
6338 3149
6339 1447
6340 1447
6341 1447
6342 1448
6343 1471
6344 1462
6345 2339
6346 1448
6347 1448
6348 2215
6349 1893
6350 1680
6351 1448
6352 2018
6353 1448
6354 1448
6355 1766
6356 1449
6357 1449
6358 1449
6359 3068
6360 1449
6361 1449
6362 1449
6363 1450
6364 1450
6365 1475
6366 2182
6367 1453
6368 2473
6369 1456
6370 1457
6371 1679
6372 1922
6373 1890
6374 1459
6375 1460
6376 1460
6377 1461
6378 1461
6379 1689
6380 1462
6381 2938
6382 1465
6383 1466
6384 1471
6385 1471
6386 1471
6387 1471
6388 1471
6389 2782
6390 1944
6391 2006
6392 1475
6393 1477
6394 1480
6395 1480
6396 1482
6397 1907
6398 1482
6399 1792
6400 1482
6401 1482
6402 1549
6403 1483
6404 1483
6405 1484
6406 1484
6407 1484
6408 2553
6409 1485
6410 1487
6411 1488
6412 2498
6413 1489
6414 1490
6415 1490
6416 3075
6417 2173
6418 1490
6419 1490
6420 1872
6421 2621
6422 3306
6423 1495
6424 1495
6425 1495
6426 1495
6427 1495
6428 1495
6429 1495
6430 1495
6431 1495
6432 1495
6433 1495
6434 2345
6435 1818
6436 1933
6437 1495
6438 1495
6439 1935
6440 1495
6441 2516
6442 1495
6443 1495
6444 1495
6445 1497
6446 1556
6447 2060
6448 1936
6449 1730
6450 1499
6451 2012
6452 1500
6453 1968
6454 1500
6455 2756
6456 1500
6457 1500
6458 1611
6459 2390
6460 1619
6461 1501
6462 1501
6463 1501
6464 2325
6465 1503
6466 1505
6467 3288
6468 1507
6469 1507
6470 1508
6471 1508
6472 2349
6473 1513
6474 1514
6475 1514
6476 1514
6477 1514
6478 1515
6479 1516
6480 1519
6481 3260
6482 2368
6483 1520
6484 2423
6485 3262
6486 2446
6487 1521
6488 2926
6489 1521
6490 1521
6491 1521
6492 1521
6493 1522
6494 2755
6495 1522
6496 1522
6497 1522
6498 1522
6499 1522
6500 1522
6501 1524
6502 1526
6503 2959
6504 1732
6505 1526
6506 1528
6507 1528
6508 1528
6509 1528
6510 2016
6511 1532
6512 1532
6513 1535
6514 1537
6515 1537
6516 2258
6517 1539
6518 1539
6519 1539
6520 1539
6521 2312
6522 1539
6523 1539
6524 1539
6525 1871
6526 2097
6527 1539
6528 2861
6529 2691
6530 1541
6531 1541
6532 1541
6533 1542
6534 2113
6535 1542
6536 1543
6537 1543
6538 2125
6539 1545
6540 1837
6541 1545
6542 1545
6543 1545
6544 1547
6545 1549
6546 2526
6547 1549
6548 1550
6549 1846
6550 1550
6551 1550
6552 1550
6553 2282
6554 1551
6555 2859
6556 1551
6557 1551
6558 1551
6559 1551
6560 1553
6561 1553
6562 1553
6563 1556
6564 1556
6565 1558
6566 1558
6567 1558
6568 1558
6569 1982
6570 3079
6571 1800
6572 1710
6573 2394
6574 1558
6575 2610
6576 1739
6577 2877
6578 1563
6579 1563
6580 2878
6581 1563
6582 2576
6583 2103
6584 1564
6585 1565
6586 3267
6587 1565
6588 1565
6589 1565
6590 1565
6591 1945
6592 1567
6593 2712
6594 1572
6595 1573
6596 1574
6597 1574
6598 1884
6599 1574
6600 1574
6601 1576
6602 1576
6603 1577
6604 2296
6605 1577
6606 2281
6607 1581
6608 1581
6609 1581
6610 2457
6611 3158
6612 1581
6613 1581
6614 1581
6615 2879
6616 1582
6617 2630
6618 1664
6619 1585
6620 2402
6621 1586
6622 1586
6623 3220
6624 1586
6625 2522
6626 1590
6627 1590
6628 1590
6629 1919
6630 2994
6631 1591
6632 1591
6633 1848
6634 3168
6635 2753
6636 2292
6637 1981
6638 1591
6639 1591
6640 2869
6641 1591
6642 1591
6643 1600
6644 1600
6645 2131
6646 2896
6647 2086
6648 2851
6649 1603
6650 1605
6651 2088
6652 1695
6653 1615
6654 1615
6655 2219
6656 1616
6657 3324
6658 1619
6659 1619
6660 2907
6661 1619
6662 1619
6663 3308
6664 2982
6665 3028
6666 1678
6667 3197
6668 1622
6669 1622
6670 1623
6671 1623
6672 1909
6673 1626
6674 1626
6675 1626
6676 1626
6677 2369
6678 1626
6679 1626
6680 1626
6681 2965
6682 1626
6683 1863
6684 2445
6685 2724
6686 2372
6687 1688
6688 1633
6689 2960
6690 1882
6691 1640
6692 1647
6693 1647
6694 1647
6695 1647
6696 1647
6697 1647
6698 1649
6699 1826
6700 1744
6701 1653
6702 1653
6703 1655
6704 1655
6705 1655
6706 1655
6707 2925
6708 1655
6709 1655
6710 1655
6711 1656
6712 1656
6713 1656
6714 1656
6715 1656
6716 1656
6717 1656
6718 1656
6719 1656
6720 1656
6721 1920
6722 1656
6723 1656
6724 1656
6725 1656
6726 1656
6727 1656
6728 1656
6729 1656
6730 1656
6731 2657
6732 1656
6733 1656
6734 1656
6735 1656
6736 1656
6737 2050
6738 1656
6739 1656
6740 3213
6741 3187
6742 1658
6743 1658
6744 1659
6745 2939
6746 2440
6747 1662
6748 2608
6749 1666
6750 1669
6751 2617
6752 1669
6753 1671
6754 1840
6755 2954
6756 1674
6757 1678
6758 2523
6759 1679
6760 1841
6761 1680
6762 1680
6763 1680
6764 1680
6765 2221
6766 1681
6767 1682
6768 2741
6769 1714
6770 1682
6771 1682
6772 2137
6773 1682
6774 1682
6775 1682
6776 1682
6777 1682
6778 1689
6779 1699
6780 2996
6781 1701
6782 1875
6783 1701
6784 1701
6785 1701
6786 1701
6787 1702
6788 1702
6789 2993
6790 1702
6791 3286
6792 2944
6793 2019
6794 1705
6795 1705
6796 1705
6797 1706
6798 1706
6799 1707
6800 1912
6801 1707
6802 2202
6803 1709
6804 2475
6805 1709
6806 1711
6807 1711
6808 1711
6809 2942
6810 1713
6811 1713
6812 1713
6813 2432
6814 1714
6815 1722
6816 1722
6817 1722
6818 1722
6819 2468
6820 1722
6821 2696
6822 1722
6823 1723
6824 1725
6825 3268
6826 1725
6827 2577
6828 1726
6829 1726
6830 1726
6831 1729
6832 2592
6833 1730
6834 1730
6835 1730
6836 1731
6837 1732
6838 3103
6839 1740
6840 1740
6841 2364
6842 1740
6843 1976
6844 1987
6845 1740
6846 1740
6847 2521
6848 2543
6849 1741
6850 1741
6851 1741
6852 2739
6853 1744
6854 1747
6855 1749
6856 3284
6857 1750
6858 1750
6859 2598
6860 2255
6861 1752
6862 1752
6863 2535
6864 1752
6865 1754
6866 1754
6867 1754
6868 1754
6869 1754
6870 1754
6871 1754
6872 1754
6873 1754
6874 1754
6875 1754
6876 1754
6877 1754
6878 1754
6879 1754
6880 1754
6881 1754
6882 1756
6883 2239
6884 1756
6885 1756
6886 1756
6887 1756
6888 1757
6889 1757
6890 1757
6891 1953
6892 2609
6893 2560
6894 1760
6895 2647
6896 1760
6897 1760
6898 1760
6899 2156
6900 1760
6901 1761
6902 1765
6903 1767
6904 3057
6905 1824
6906 1768
6907 1769
6908 1769
6909 1769
6910 1769
6911 1770
6912 2703
6913 1771
6914 1771
6915 1771
6916 1771
6917 1771
6918 1771
6919 1772
6920 2706
6921 3204
6922 2850
6923 1772
6924 1775
6925 1775
6926 1776
6927 1776
6928 2101
6929 2699
6930 1776
6931 1776
6932 1777
6933 1777
6934 1778
6935 1780
6936 1781
6937 1781
6938 1781
6939 1781
6940 1781
6941 1784
6942 1784
6943 1785
6944 1786
6945 3327
6946 1790
6947 1793
6948 2013
6949 1794
6950 2106
6951 1820
6952 3330
6953 2794
6954 1797
6955 2908
6956 1798
6957 1798
6958 1798
6959 1801
6960 2695
6961 1803
6962 1803
6963 1804
6964 3016
6965 1805
6966 1805
6967 2081
6968 1805
6969 1807
6970 1810
6971 3125
6972 1815
6973 1816
6974 1816
6975 1817
6976 1823
6977 1823
6978 1823
6979 1823
6980 1825
6981 1825
6982 1826
6983 1826
6984 1827
6985 1827
6986 1827
6987 1827
6988 2118
6989 1831
6990 1832
6991 1832
6992 1835
6993 1836
6994 1837
6995 1837
6996 1837
6997 2676
6998 2038
6999 1839
7000 1839
7001 1842
7002 1842
7003 1846
7004 1846
7005 1846
7006 1846
7007 2245
7008 1846
7009 1846
7010 2174
7011 1846
7012 1846
7013 1846
7014 1846
7015 1846
7016 2799
7017 1846
7018 1846
7019 1846
7020 3167
7021 1849
7022 1849
7023 3153
7024 1929
7025 1849
7026 1849
7027 1851
7028 1914
7029 1854
7030 2662
7031 1856
7032 2424
7033 2438
7034 2451
7035 1857
7036 1857
7037 2207
7038 1857
7039 1857
7040 1858
7041 3184
7042 2793
7043 1860
7044 1862
7045 1863
7046 1867
7047 2261
7048 1868
7049 1868
7050 1871
7051 1872
7052 1872
7053 2715
7054 1872
7055 1872
7056 3152
7057 1872
7058 1872
7059 1872
7060 1873
7061 1873
7062 1876
7063 1876
7064 1876
7065 1876
7066 2602
7067 1876
7068 1876
7069 1876
7070 2453
7071 3105
7072 1876
7073 1876
7074 1876
7075 2307
7076 2894
7077 2454
7078 1877
7079 1877
7080 1879
7081 1879
7082 1879
7083 1879
7084 2122
7085 2474
7086 1879
7087 2326
7088 1879
7089 1879
7090 2642
7091 2811
7092 1881
7093 2764
7094 2995
7095 1883
7096 1883
7097 1883
7098 1884
7099 1884
7100 1885
7101 1885
7102 1885
7103 1885
7104 1885
7105 1885
7106 1885
7107 2742
7108 1887
7109 1887
7110 1887
7111 1888
7112 1888
7113 3002
7114 1888
7115 1888
7116 1891
7117 3274
7118 1892
7119 1893
7120 1893
7121 1895
7122 1900
7123 1900
7124 1900
7125 2486
7126 1900
7127 1900
7128 1900
7129 2199
7130 3128
7131 1900
7132 2353
7133 1900
7134 1900
7135 3046
7136 1901
7137 1902
7138 2976
7139 1905
7140 3081
7141 1905
7142 2227
7143 3325
7144 2350
7145 1907
7146 1907
7147 2936
7148 1908
7149 1908
7150 1909
7151 1915
7152 1919
7153 1919
7154 1919
7155 1919
7156 2505
7157 2652
7158 1919
7159 2387
7160 1923
7161 1923
7162 1925
7163 2398
7164 1926
7165 1927
7166 1928
7167 1928
7168 1966
7169 2559
7170 1929
7171 1929
7172 1930
7173 1937
7174 1937
7175 2082
7176 1937
7177 1939
7178 2914
7179 1940
7180 1942
7181 1943
7182 1943
7183 1943
7184 1943
7185 2718
7186 1943
7187 3024
7188 1943
7189 1943
7190 1943
7191 1944
7192 1947
7193 1947
7194 2649
7195 1948
7196 1948
7197 1948
7198 2464
7199 2636
7200 1952
7201 1952
7202 1952
7203 1952
7204 1952
7205 1952
7206 1952
7207 3112
7208 1953
7209 1953
7210 1953
7211 2295
7212 2887
7213 1954
7214 3305
7215 1955
7216 1955
7217 1955
7218 1955
7219 1955
7220 1955
7221 1955
7222 1960
7223 1962
7224 1965
7225 1967
7226 1967
7227 1967
7228 1967
7229 1967
7230 1967
7231 1970
7232 2057
7233 2317
7234 1971
7235 1971
7236 1974
7237 1975
7238 1976
7239 1976
7240 1977
7241 1977
7242 1979
7243 1979
7244 1981
7245 1981
7246 1981
7247 1984
7248 1985
7249 1985
7250 1986
7251 2448
7252 2077
7253 1991
7254 3180
7255 1991
7256 1991
7257 1991
7258 1991
7259 1991
7260 1991
7261 1991
7262 1991
7263 1991
7264 1991
7265 1991
7266 1991
7267 1991
7268 1991
7269 1991
7270 1991
7271 1991
7272 1991
7273 2758
7274 1991
7275 1991
7276 1991
7277 1991
7278 1991
7279 2492
7280 2379
7281 1991
7282 2548
7283 2112
7284 1991
7285 1991
7286 1991
7287 1991
7288 1991
7289 1991
7290 1991
7291 1991
7292 1991
7293 1991
7294 1991
7295 1991
7296 1991
7297 1991
7298 1991
7299 1991
7300 1991
7301 1991
7302 1991
7303 1991
7304 1991
7305 1991
7306 2874
7307 1991
7308 1991
7309 3034
7310 1992
7311 1992
7312 1993
7313 1993
7314 1993
7315 1993
7316 1993
7317 1993
7318 1993
7319 2210
7320 1996
7321 1996
7322 1996
7323 1996
7324 1996
7325 1996
7326 1996
7327 1996
7328 1996
7329 1996
7330 1996
7331 1997
7332 1997
7333 2401
7334 1998
7335 1998
7336 1998
7337 1998
7338 1999
7339 2002
7340 2002
7341 2285
7342 2539
7343 2002
7344 2002
7345 2002
7346 2002
7347 2002
7348 2002
7349 2002
7350 2002
7351 2002
7352 2002
7353 2002
7354 2318
7355 2002
7356 2002
7357 2002
7358 2002
7359 2769
7360 2002
7361 2002
7362 2002
7363 3294
7364 2376
7365 2002
7366 2002
7367 2002
7368 2002
7369 2358
7370 2002
7371 2002
7372 2002
7373 2841
7374 2002
7375 2003
7376 2004
7377 2408
7378 2007
7379 2008
7380 2008
7381 2008
7382 3050
7383 2010
7384 2012
7385 2013
7386 2224
7387 2094
7388 2013
7389 2015
7390 2015
7391 2015
7392 2015
7393 2015
7394 2212
7395 2015
7396 2015
7397 2015
7398 2015
7399 2015
7400 2015
7401 2015
7402 2015
7403 2015
7404 2015
7405 2015
7406 2531
7407 2015
7408 2017
7409 2018
7410 2734
7411 2021
7412 2303
7413 2021
7414 2241
7415 2022
7416 2022
7417 2025
7418 2029
7419 2030
7420 2031
7421 2033
7422 2034
7423 2037
7424 2037
7425 2038
7426 2038
7427 2038
7428 2040
7429 2040
7430 2040
7431 2040
7432 2184
7433 2040
7434 2040
7435 2040
7436 2040
7437 2040
7438 2040
7439 2040
7440 2153
7441 2040
7442 2040
7443 2040
7444 2040
7445 2040
7446 2040
7447 2040
7448 2071
7449 2269
7450 2040
7451 2040
7452 2040
7453 2040
7454 2040
7455 2040
7456 2040
7457 2040
7458 2040
7459 2040
7460 2040
7461 3067
7462 2040
7463 2040
7464 2680
7465 2040
7466 2884
7467 2040
7468 2040
7469 2040
7470 2040
7471 2040
7472 2809
7473 2099
7474 2040
7475 2040
7476 2040
7477 2041
7478 2041
7479 2042
7480 2043
7481 2044
7482 2048
7483 2049
7484 2049
7485 2049
7486 3211
7487 2049
7488 2049
7489 2160
7490 3007
7491 2555
7492 2049
7493 2049
7494 2049
7495 2832
7496 2049
7497 2049
7498 2049
7499 2049
7500 2049
7501 2049
7502 2049
7503 2049
7504 2049
7505 3223
7506 2049
7507 2049
7508 2049
7509 2049
7510 2049
7511 2049
7512 2049
7513 2049
7514 2049
7515 2659
7516 3210
7517 2049
7518 2049
7519 2049
7520 3041
7521 2049
7522 2049
7523 2049
7524 2507
7525 2049
7526 2622
7527 2049
7528 2286
7529 2049
7530 2660
7531 2049
7532 2049
7533 2220
7534 2049
7535 2049
7536 3080
7537 2049
7538 2049
7539 2049
7540 2049
7541 2049
7542 2049
7543 2049
7544 2049
7545 2049
7546 3087
7547 2049
7548 2049
7549 2049
7550 2508
7551 2136
7552 2063
7553 2487
7554 2049
7555 2049
7556 3252
7557 2388
7558 2049
7559 2049
7560 2049
7561 2049
7562 3183
7563 2049
7564 2049
7565 2049
7566 2766
7567 2482
7568 2049
7569 2049
7570 2049
7571 2049
7572 2049
7573 2049
7574 2049
7575 2049
7576 2275
7577 2840
7578 2049
7579 2049
7580 2049
7581 2348
7582 2049
7583 2049
7584 2049
7585 2049
7586 2049
7587 2195
7588 2049
7589 2049
7590 2049
7591 2049
7592 2049
7593 2049
7594 2049
7595 2049
7596 2050
7597 2055
7598 2055
7599 2599
7600 2055
7601 2055
7602 2057
7603 2058
7604 2061
7605 2061
7606 2751
7607 2061
7608 2061
7609 2061
7610 2061
7611 2061
7612 2062
7613 2062
7614 2063
7615 2063
7616 2064
7617 2064
7618 2066
7619 2067
7620 2067
7621 2067
7622 2067
7623 2067
7624 2067
7625 2614
7626 3090
7627 2067
7628 2067
7629 2067
7630 2067
7631 2067
7632 2067
7633 2067
7634 2067
7635 2067
7636 2068
7637 2069
7638 2069
7639 2069
7640 2069
7641 2069
7642 2069
7643 2069
7644 2070
7645 2161
7646 2075
7647 2075
7648 2075
7649 2077
7650 2077
7651 2077
7652 2077
7653 2077
7654 2077
7655 2077
7656 2888
7657 2992
7658 2077
7659 2411
7660 2080
7661 2929
7662 2082
7663 2082
7664 2273
7665 2085
7666 2085
7667 2086
7668 2087
7669 2090
7670 3039
7671 2093
7672 2093
7673 2382
7674 2093
7675 3186
7676 2094
7677 2094
7678 2094
7679 2097
7680 3214
7681 2099
7682 2101
7683 3104
7684 2101
7685 2101
7686 2102
7687 2102
7688 2186
7689 2102
7690 3143
7691 2705
7692 2102
7693 2102
7694 2103
7695 2103
7696 2103
7697 2103
7698 2749
7699 2104
7700 2104
7701 2667
7702 2104
7703 2104
7704 2104
7705 2108
7706 2109
7707 2537
7708 2406
7709 2112
7710 2113
7711 2113
7712 2113
7713 2915
7714 2113
7715 2113
7716 2113
7717 2113
7718 2113
7719 2113
7720 2611
7721 2113
7722 2113
7723 2113
7724 2113
7725 2113
7726 2113
7727 2114
7728 2116
7729 2116
7730 2116
7731 2116
7732 2116
7733 3259
7734 2116
7735 2637
7736 2447
7737 2116
7738 2116
7739 2117
7740 2117
7741 2117
7742 2117
7743 2117
7744 2117
7745 2319
7746 2143
7747 2117
7748 3199
7749 2117
7750 2117
7751 2117
7752 2117
7753 2117
7754 2120
7755 2120
7756 2120
7757 2121
7758 2129
7759 2130
7760 2412
7761 2131
7762 2131
7763 2131
7764 2131
7765 2131
7766 2133
7767 2133
7768 2133
7769 2138
7770 2141
7771 3122
7772 3234
7773 2148
7774 2148
7775 2148
7776 2151
7777 2417
7778 2151
7779 2151
7780 2151
7781 3227
7782 2151
7783 2152
7784 2330
7785 2981
7786 2156
7787 2156
7788 2156
7789 2157
7790 2157
7791 2162
7792 3052
7793 2162
7794 2162
7795 2162
7796 2162
7797 2162
7798 3162
7799 2162
7800 2165
7801 2165
7802 2165
7803 2168
7804 2168
7805 2175
7806 2175
7807 2175
7808 2177
7809 2178
7810 2178
7811 2178
7812 2178
7813 2178
7814 2178
7815 2178
7816 2178
7817 2179
7818 2179
7819 3154
7820 2180
7821 2316
7822 2181
7823 2183
7824 2183
7825 2967
7826 2183
7827 2183
7828 2183
7829 3218
7830 2185
7831 2848
7832 2185
7833 2187
7834 2808
7835 2191
7836 2191
7837 2191
7838 2191
7839 2920
7840 2192
7841 2192
7842 2193
7843 2194
7844 2194
7845 2194
7846 2197
7847 2197
7848 2922
7849 2945
7850 2198
7851 2201
7852 2202
7853 2203
7854 2203
7855 2204
7856 2206
7857 2206
7858 2304
7859 2206
7860 2206
7861 2206
7862 2208
7863 2208
7864 2208
7865 2209
7866 2209
7867 2210
7868 2360
7869 2210
7870 2211
7871 2212
7872 2212
7873 2212
7874 2800
7875 2212
7876 2218
7877 2218
7878 2931
7879 2218
7880 2218
7881 2218
7882 2218
7883 2218
7884 2218
7885 2218
7886 3166
7887 2218
7888 3273
7889 2218
7890 2218
7891 2218
7892 2220
7893 2220
7894 2222
7895 2224
7896 2226
7897 2231
7898 2231
7899 2232
7900 2232
7901 2233
7902 2857
7903 2868
7904 2235
7905 2236
7906 2814
7907 2713
7908 2236
7909 2236
7910 2236
7911 2236
7912 2236
7913 2238
7914 2241
7915 2243
7916 2243
7917 2306
7918 2243
7919 2250
7920 2503
7921 2257
7922 2259
7923 2260
7924 2260
7925 2264
7926 2265
7927 2266
7928 2266
7929 2266
7930 2266
7931 2266
7932 2267
7933 3323
7934 2268
7935 2268
7936 2268
7937 3277
7938 2270
7939 2270
7940 2273
7941 2273
7942 2504
7943 2273
7944 2273
7945 2274
7946 2274
7947 2274
7948 2426
7949 2274
7950 2274
7951 3326
7952 2274
7953 2275
7954 2675
7955 2277
7956 3123
7957 2277
7958 2277
7959 2278
7960 2281
7961 2281
7962 2281
7963 2281
7964 2281
7965 2285
7966 2285
7967 3225
7968 2286
7969 3045
7970 2286
7971 2286
7972 2286
7973 2286
7974 2286
7975 2286
7976 2286
7977 2286
7978 2286
7979 2286
7980 2286
7981 2286
7982 2287
7983 2365
7984 2291
7985 2293
7986 2836
7987 2293
7988 2293
7989 2293
7990 2293
7991 2293
7992 2293
7993 2293
7994 2296
7995 2296
7996 2296
7997 2296
7998 2296
7999 2752
8000 2296
8001 2296
8002 2299
8003 2303
8004 2303
8005 2304
8006 2433
8007 3198
8008 2940
8009 2871
8010 2311
8011 2311
8012 2311
8013 2311
8014 2311
8015 2311
8016 2311
8017 2311
8018 2311
8019 2858
8020 2312
8021 2314
8022 2314
8023 2314
8024 2314
8025 2314
8026 3165
8027 2314
8028 3070
8029 2314
8030 2314
8031 2314
8032 2314
8033 2314
8034 2314
8035 2314
8036 2314
8037 2314
8038 2589
8039 2314
8040 2314
8041 2314
8042 2314
8043 2314
8044 3005
8045 2314
8046 2314
8047 2314
8048 2314
8049 2314
8050 2316
8051 2839
8052 2319
8053 2321
8054 2322
8055 2324
8056 2324
8057 3124
8058 2324
8059 2324
8060 2325
8061 2325
8062 3077
8063 2326
8064 2326
8065 3134
8066 2326
8067 2327
8068 2327
8069 3287
8070 2472
8071 2810
8072 2328
8073 3201
8074 2330
8075 2331
8076 2331
8077 3021
8078 2331
8079 2862
8080 2331
8081 2332
8082 2616
8083 2334
8084 2334
8085 2334
8086 2334
8087 2334
8088 2335
8089 2337
8090 2816
8091 2337
8092 3014
8093 2338
8094 2338
8095 2338
8096 2340
8097 2340
8098 2340
8099 2341
8100 2343
8101 2343
8102 2345
8103 2345
8104 2345
8105 2348
8106 2348
8107 2351
8108 2354
8109 2354
8110 2639
8111 2354
8112 2354
8113 2354
8114 2354
8115 2601
8116 2354
8117 2354
8118 2354
8119 2354
8120 3022
8121 2358
8122 2358
8123 2359
8124 2821
8125 2359
8126 2359
8127 2359
8128 2359
8129 2359
8130 2359
8131 2359
8132 2359
8133 2359
8134 2536
8135 3117
8136 2361
8137 2361
8138 2822
8139 3131
8140 2364
8141 2364
8142 2364
8143 2365
8144 2365
8145 2366
8146 2366
8147 2366
8148 2533
8149 2744
8150 2367
8151 2367
8152 2367
8153 2367
8154 2367
8155 2367
8156 2367
8157 2367
8158 2367
8159 3248
8160 2367
8161 2367
8162 2367
8163 2367
8164 2367
8165 2368
8166 2951
8167 2368
8168 2368
8169 2368
8170 2370
8171 2370
8172 2371
8173 2372
8174 2372
8175 2372
8176 2918
8177 2378
8178 2379
8179 2379
8180 2379
8181 2382
8182 2382
8183 2385
8184 2386
8185 2387
8186 2387
8187 2387
8188 2387
8189 2387
8190 2387
8191 2392
8192 2395
8193 2395
8194 2396
8195 2396
8196 2396
8197 2397
8198 2397
8199 2399
8200 2400
8201 2400
8202 2400
8203 2400
8204 2400
8205 2401
8206 2401
8207 2829
8208 2401
8209 2698
8210 2403
8211 2405
8212 3142
8213 2410
8214 2410
8215 2411
8216 2411
8217 2411
8218 3208
8219 2414
8220 2419
8221 2419
8222 2420
8223 2422
8224 2422
8225 2425
8226 2425
8227 2425
8228 2425
8229 2425
8230 2425
8231 3269
8232 2427
8233 2427
8234 2428
8235 2428
8236 2431
8237 2431
8238 2431
8239 2431
8240 2431
8241 2866
8242 2431
8243 2431
8244 2431
8245 2431
8246 2431
8247 2690
8248 2432
8249 2437
8250 2439
8251 2627
8252 2448
8253 2448
8254 2448
8255 2451
8256 2452
8257 2452
8258 2452
8259 3160
8260 2454
8261 2454
8262 2454
8263 2454
8264 2454
8265 2454
8266 3282
8267 2454
8268 2571
8269 2454
8270 2454
8271 2454
8272 2496
8273 2454
8274 2457
8275 2458
8276 2458
8277 2683
8278 2458
8279 2594
8280 2459
8281 2971
8282 2462
8283 2465
8284 2465
8285 2465
8286 2465
8287 2468
8288 2470
8289 2471
8290 2471
8291 2471
8292 2471
8293 2471
8294 2471
8295 2471
8296 2471
8297 2889
8298 2474
8299 2478
8300 2485
8301 2485
8302 2485
8303 2485
8304 2485
8305 2485
8306 2485
8307 2485
8308 2485
8309 2485
8310 2485
8311 2485
8312 2485
8313 3295
8314 2485
8315 2485
8316 2485
8317 2485
8318 2486
8319 2486
8320 2487
8321 2487
8322 2946
8323 2487
8324 2581
8325 2488
8326 2489
8327 2509
8328 2491
8329 2491
8330 2491
8331 2491
8332 2493
8333 3151
8334 2493
8335 2493
8336 2493
8337 2943
8338 2493
8339 2493
8340 2493
8341 2493
8342 2494
8343 2494
8344 2890
8345 2494
8346 2494
8347 3095
8348 2495
8349 2496
8350 2496
8351 2496
8352 2496
8353 2501
8354 2502
8355 2502
8356 2503
8357 2504
8358 2506
8359 2506
8360 2509
8361 2510
8362 2510
8363 2510
8364 2510
8365 2511
8366 3265
8367 2511
8368 2512
8369 2512
8370 2513
8371 2513
8372 2513
8373 2513
8374 2513
8375 2513
8376 2513
8377 2513
8378 2513
8379 2678
8380 2517
8381 2518
8382 2521
8383 2521
8384 2523
8385 2526
8386 2527
8387 2527
8388 2765
8389 2527
8390 2527
8391 2527
8392 2527
8393 2527
8394 2532
8395 2533
8396 2533
8397 2534
8398 2537
8399 2538
8400 2545
8401 2546
8402 2547
8403 3013
8404 2552
8405 2552
8406 2552
8407 2553
8408 2555
8409 2555
8410 2555
8411 2556
8412 2558
8413 2558
8414 2558
8415 2638
8416 2559
8417 2560
8418 2562
8419 2562
8420 2564
8421 2564
8422 2566
8423 2566
8424 3316
8425 2566
8426 2797
8427 2566
8428 2566
8429 2567
8430 2570
8431 2571
8432 2571
8433 2779
8434 2577
8435 2577
8436 2578
8437 2578
8438 2578
8439 2578
8440 2593
8441 2578
8442 2578
8443 2578
8444 2580
8445 2648
8446 2580
8447 2580
8448 2580
8449 2580
8450 2580
8451 2580
8452 2580
8453 2580
8454 2581
8455 2581
8456 2581
8457 2582
8458 2584
8459 2584
8460 2584
8461 2584
8462 2584
8463 2584
8464 2584
8465 2584
8466 2585
8467 2586
8468 2586
8469 2587
8470 2588
8471 2591
8472 2594
8473 3132
8474 2595
8475 2600
8476 2600
8477 2600
8478 2600
8479 2600
8480 3322
8481 2600
8482 2600
8483 2600
8484 2600
8485 2601
8486 2603
8487 2603
8488 2603
8489 2605
8490 2606
8491 2610
8492 2610
8493 2612
8494 2612
8495 2612
8496 2612
8497 2612
8498 2776
8499 2612
8500 2612
8501 2969
8502 2613
8503 2613
8504 2613
8505 2613
8506 2615
8507 2616
8508 2619
8509 2620
8510 2620
8511 2620
8512 2620
8513 2620
8514 2778
8515 2620
8516 2707
8517 2623
8518 2623
8519 2625
8520 2625
8521 2625
8522 2625
8523 3302
8524 2625
8525 2627
8526 2629
8527 3044
8528 2629
8529 2630
8530 2630
8531 2631
8532 2634
8533 2634
8534 2634
8535 2634
8536 2635
8537 2636
8538 2686
8539 2636
8540 2831
8541 2798
8542 2636
8543 2637
8544 2637
8545 2638
8546 2638
8547 2638
8548 2638
8549 2638
8550 2639
8551 2641
8552 3096
8553 2641
8554 2642
8555 2644
8556 2647
8557 2846
8558 2647
8559 3076
8560 2647
8561 2647
8562 2647
8563 2647
8564 2647
8565 2647
8566 2647
8567 2647
8568 2647
8569 2647
8570 2647
8571 2647
8572 2647
8573 2647
8574 2647
8575 2647
8576 2647
8577 2647
8578 2647
8579 2647
8580 2647
8581 2647
8582 2647
8583 2930
8584 2647
8585 2845
8586 2823
8587 2647
8588 2647
8589 2647
8590 2647
8591 2648
8592 2648
8593 2648
8594 2648
8595 2648
8596 2648
8597 2648
8598 2648
8599 3023
8600 2648
8601 2648
8602 2648
8603 2648
8604 2648
8605 2648
8606 2648
8607 2648
8608 2648
8609 2648
8610 3001
8611 2648
8612 2648
8613 2648
8614 2648
8615 2748
8616 2648
8617 2648
8618 2648
8619 2648
8620 2648
8621 2648
8622 2648
8623 2648
8624 2648
8625 2648
8626 2651
8627 2653
8628 2653
8629 2654
8630 2654
8631 2654
8632 2654
8633 2654
8634 2654
8635 2657
8636 2657
8637 2660
8638 2660
8639 2660
8640 2660
8641 2660
8642 2660
8643 2660
8644 2660
8645 2660
8646 2660
8647 2660
8648 3258
8649 2986
8650 2660
8651 2660
8652 2661
8653 2662
8654 2665
8655 2670
8656 2670
8657 2670
8658 2670
8659 2670
8660 2671
8661 2672
8662 2672
8663 2672
8664 2674
8665 2674
8666 2979
8667 2674
8668 2674
8669 3056
8670 2675
8671 2677
8672 2677
8673 2677
8674 2677
8675 2677
8676 2677
8677 2677
8678 2677
8679 2677
8680 2677
8681 2677
8682 2677
8683 2677
8684 2991
8685 2677
8686 3311
8687 2824
8688 2677
8689 2677
8690 2677
8691 2677
8692 2677
8693 2677
8694 2677
8695 2677
8696 2677
8697 2677
8698 3114
8699 2677
8700 2677
8701 2677
8702 2677
8703 2677
8704 2677
8705 2677
8706 2677
8707 2677
8708 2677
8709 2677
8710 2677
8711 2677
8712 2681
8713 2760
8714 2682
8715 2684
8716 2685
8717 2685
8718 2685
8719 2685
8720 2685
8721 2685
8722 2685
8723 2685
8724 2686
8725 2687
8726 2689
8727 2689
8728 2691
8729 2691
8730 2691
8731 2693
8732 2693
8733 2693
8734 2693
8735 2694
8736 2694
8737 2696
8738 2696
8739 2696
8740 2696
8741 2696
8742 2696
8743 2909
8744 2722
8745 2696
8746 2696
8747 2696
8748 2696
8749 2696
8750 2696
8751 2696
8752 2696
8753 3049
8754 2696
8755 2696
8756 2696
8757 2696
8758 2696
8759 2696
8760 2696
8761 3230
8762 2696
8763 3083
8764 2696
8765 2696
8766 2696
8767 2696
8768 2696
8769 2696
8770 2696
8771 2696
8772 2696
8773 2696
8774 2696
8775 2696
8776 2696
8777 2696
8778 3126
8779 2696
8780 2696
8781 2696
8782 2696
8783 2696
8784 2787
8785 2696
8786 2696
8787 2696
8788 2696
8789 2696
8790 2696
8791 2696
8792 2696
8793 2696
8794 2696
8795 2701
8796 2701
8797 2701
8798 2701
8799 2701
8800 2701
8801 2701
8802 2703
8803 2703
8804 2704
8805 2704
8806 2786
8807 3109
8808 2704
8809 2705
8810 2718
8811 2719
8812 2720
8813 2720
8814 2720
8815 2720
8816 2723
8817 3136
8818 2724
8819 2724
8820 2724
8821 2726
8822 2729
8823 2729
8824 2729
8825 2729
8826 2729
8827 2729
8828 2729
8829 2730
8830 2750
8831 2734
8832 2734
8833 2734
8834 2734
8835 2734
8836 2734
8837 2741
8838 2742
8839 3140
8840 2743
8841 2746
8842 2747
8843 2749
8844 2749
8845 2749
8846 2749
8847 2900
8848 2749
8849 2763
8850 2749
8851 2749
8852 2826
8853 2751
8854 2755
8855 2758
8856 2758
8857 3088
8858 2760
8859 2760
8860 2760
8861 2760
8862 3270
8863 2760
8864 2760
8865 2761
8866 2761
8867 2761
8868 2761
8869 2765
8870 2765
8871 2765
8872 2765
8873 2765
8874 2765
8875 2766
8876 2767
8877 2767
8878 2767
8879 3233
8880 2767
8881 2768
8882 2771
8883 2774
8884 2774
8885 2775
8886 2775
8887 2775
8888 2776
8889 2777
8890 2779
8891 2781
8892 2782
8893 2783
8894 2784
8895 2784
8896 2784
8897 2784
8898 2895
8899 2784
8900 3012
8901 2785
8902 2785
8903 2785
8904 2785
8905 2785
8906 2785
8907 2787
8908 2787
8909 2787
8910 2787
8911 2787
8912 2787
8913 2787
8914 2787
8915 2787
8916 2787
8917 2910
8918 2787
8919 2787
8920 2787
8921 2787
8922 2787
8923 2787
8924 2787
8925 2787
8926 2787
8927 2787
8928 2921
8929 2787
8930 2787
8931 2787
8932 2787
8933 2787
8934 2787
8935 2787
8936 2787
8937 2787
8938 3058
8939 2787
8940 2787
8941 2787
8942 2787
8943 2787
8944 2787
8945 2787
8946 2787
8947 2787
8948 2787
8949 2787
8950 2788
8951 2790
8952 2790
8953 2791
8954 2793
8955 2793
8956 2793
8957 2796
8958 2800
8959 2800
8960 2800
8961 2800
8962 2800
8963 2800
8964 2800
8965 2800
8966 2802
8967 2802
8968 2804
8969 2805
8970 2805
8971 2805
8972 2805
8973 2805
8974 2805
8975 2805
8976 2805
8977 2808
8978 2882
8979 2808
8980 2810
8981 2812
8982 3074
8983 2812
8984 2812
8985 3019
8986 2813
8987 2813
8988 2814
8989 2814
8990 2814
8991 2819
8992 2820
8993 3031
8994 2820
8995 2820
8996 2820
8997 2820
8998 2820
8999 2820
9000 2820
9001 2820
9002 2820
9003 2820
9004 2820
9005 2820
9006 2820
9007 2820
9008 2820
9009 2820
9010 2820
9011 2820
9012 3189
9013 2820
9014 2820
9015 2820
9016 2824
9017 2826
9018 2827
9019 2827
9020 2829
9021 2829
9022 2903
9023 2831
9024 2831
9025 2831
9026 2831
9027 2831
9028 2831
9029 2831
9030 2831
9031 2831
9032 2831
9033 2832
9034 2832
9035 2835
9036 2835
9037 2835
9038 2836
9039 2837
9040 2837
9041 2837
9042 2839
9043 3276
9044 2839
9045 2839
9046 2841
9047 2842
9048 3063
9049 2844
9050 2846
9051 2846
9052 2950
9053 3247
9054 2849
9055 2852
9056 2852
9057 2856
9058 2857
9059 2858
9060 2860
9061 2860
9062 2886
9063 2864
9064 2864
9065 2869
9066 2869
9067 2875
9068 2875
9069 2875
9070 2875
9071 2877
9072 2877
9073 2880
9074 2882
9075 2882
9076 2882
9077 2882
9078 2882
9079 2882
9080 2882
9081 2883
9082 2883
9083 2885
9084 2885
9085 2885
9086 2885
9087 2885
9088 2889
9089 2889
9090 2891
9091 2891
9092 2894
9093 2894
9094 2897
9095 2897
9096 2897
9097 2897
9098 2898
9099 2898
9100 2898
9101 2898
9102 2900
9103 2901
9104 2901
9105 2901
9106 2901
9107 2901
9108 2903
9109 3100
9110 2903
9111 2903
9112 2912
9113 2912
9114 2912
9115 2912
9116 2912
9117 2912
9118 2913
9119 2913
9120 2983
9121 2914
9122 2914
9123 2914
9124 2914
9125 2914
9126 2914
9127 2914
9128 2914
9129 3229
9130 2916
9131 2916
9132 3108
9133 2916
9134 2916
9135 2916
9136 2916
9137 2916
9138 2916
9139 2917
9140 2917
9141 2917
9142 2917
9143 2917
9144 2917
9145 2918
9146 2921
9147 2921
9148 2921
9149 2921
9150 2921
9151 2921
9152 2921
9153 2921
9154 2921
9155 2921
9156 2921
9157 2921
9158 2921
9159 2921
9160 2921
9161 2921
9162 2921
9163 2921
9164 2921
9165 2924
9166 2924
9167 2924
9168 2924
9169 2926
9170 2927
9171 2927
9172 2927
9173 2927
9174 2927
9175 2928
9176 2930
9177 2931
9178 2932
9179 2932
9180 2932
9181 2933
9182 2933
9183 2933
9184 2933
9185 2933
9186 2947
9187 2935
9188 2935
9189 2939
9190 2941
9191 2941
9192 2941
9193 2941
9194 2942
9195 3011
9196 2942
9197 2942
9198 2942
9199 2942
9200 2942
9201 2942
9202 2942
9203 2942
9204 2942
9205 2942
9206 2942
9207 2942
9208 2942
9209 2942
9210 2942
9211 3250
9212 2942
9213 2942
9214 2942
9215 2942
9216 2943
9217 2943
9218 2945
9219 2945
9220 2946
9221 2946
9222 2948
9223 2948
9224 2948
9225 2948
9226 2948
9227 2949
9228 2949
9229 2949
9230 2949
9231 2950
9232 2950
9233 2950
9234 2950
9235 2950
9236 2950
9237 2950
9238 2950
9239 2953
9240 2953
9241 2954
9242 2954
9243 2954
9244 2954
9245 2955
9246 2955
9247 2959
9248 2961
9249 2962
9250 2962
9251 2962
9252 2962
9253 2962
9254 2962
9255 2962
9256 2962
9257 2962
9258 2962
9259 2962
9260 2962
9261 2962
9262 2962
9263 2962
9264 2962
9265 2962
9266 2962
9267 2962
9268 2962
9269 2962
9270 2962
9271 2962
9272 3093
9273 2962
9274 2962
9275 2965
9276 2965
9277 2965
9278 2965
9279 2966
9280 2967
9281 2967
9282 2968
9283 2969
9284 2970
9285 2971
9286 2971
9287 2971
9288 2972
9289 2972
9290 2972
9291 2973
9292 2975
9293 2975
9294 2981
9295 2981
9296 2981
9297 2983
9298 2990
9299 2990
9300 2991
9301 3271
9302 2992
9303 2992
9304 2992
9305 2992
9306 2992
9307 2993
9308 3217
9309 2993
9310 2998
9311 2998
9312 2998
9313 2998
9314 2998
9315 3054
9316 3004
9317 3004
9318 3005
9319 3005
9320 3005
9321 3005
9322 3009
9323 3009
9324 3307
9325 3009
9326 3012
9327 3013
9328 3013
9329 3013
9330 3013
9331 3310
9332 3014
9333 3014
9334 3014
9335 3015
9336 3015
9337 3017
9338 3017
9339 3017
9340 3017
9341 3017
9342 3017
9343 3019
9344 3019
9345 3019
9346 3019
9347 3019
9348 3020
9349 3020
9350 3020
9351 3021
9352 3021
9353 3023
9354 3023
9355 3024
9356 3025
9357 3025
9358 3025
9359 3025
9360 3025
9361 3025
9362 3025
9363 3031
9364 3031
9365 3031
9366 3144
9367 3031
9368 3033
9369 3034
9370 3034
9371 3034
9372 3034
9373 3034
9374 3226
9375 3035
9376 3313
9377 3036
9378 3039
9379 3039
9380 3040
9381 3263
9382 3040
9383 3041
9384 3043
9385 3045
9386 3175
9387 3049
9388 3049
9389 3050
9390 3050
9391 3052
9392 3053
9393 3054
9394 3207
9395 3054
9396 3054
9397 3054
9398 3054
9399 3137
9400 3054
9401 3054
9402 3219
9403 3058
9404 3059
9405 3060
9406 3060
9407 3060
9408 3060
9409 3060
9410 3301
9411 3060
9412 3060
9413 3060
9414 3060
9415 3060
9416 3060
9417 3060
9418 3060
9419 3060
9420 3060
9421 3060
9422 3060
9423 3060
9424 3060
9425 3060
9426 3060
9427 3060
9428 3060
9429 3060
9430 3060
9431 3060
9432 3060
9433 3060
9434 3060
9435 3060
9436 3060
9437 3061
9438 3061
9439 3063
9440 3063
9441 3063
9442 3063
9443 3063
9444 3063
9445 3063
9446 3063
9447 3063
9448 3063
9449 3064
9450 3064
9451 3064
9452 3067
9453 3067
9454 3068
9455 3068
9456 3068
9457 3069
9458 3069
9459 3069
9460 3070
9461 3070
9462 3071
9463 3071
9464 3071
9465 3073
9466 3073
9467 3073
9468 3073
9469 3074
9470 3074
9471 3074
9472 3074
9473 3074
9474 3074
9475 3074
9476 3075
9477 3075
9478 3075
9479 3212
9480 3075
9481 3075
9482 3075
9483 3076
9484 3085
9485 3086
9486 3086
9487 3086
9488 3086
9489 3086
9490 3086
9491 3086
9492 3086
9493 3086
9494 3086
9495 3086
9496 3086
9497 3086
9498 3086
9499 3086
9500 3086
9501 3086
9502 3086
9503 3086
9504 3086
9505 3086
9506 3086
9507 3299
9508 3086
9509 3086
9510 3089
9511 3089
9512 3089
9513 3089
9514 3089
9515 3089
9516 3094
9517 3094
9518 3095
9519 3095
9520 3095
9521 3095
9522 3095
9523 3095
9524 3095
9525 3095
9526 3095
9527 3095
9528 3095
9529 3280
9530 3095
9531 3095
9532 3095
9533 3095
9534 3095
9535 3096
9536 3096
9537 3100
9538 3101
9539 3102
9540 3103
9541 3104
9542 3107
9543 3112
9544 3113
9545 3114
9546 3114
9547 3114
9548 3114
9549 3114
9550 3114
9551 3114
9552 3115
9553 3115
9554 3117
9555 3118
9556 3121
9557 3121
9558 3122
9559 3122
9560 3122
9561 3122
9562 3122
9563 3123
9564 3126
9565 3126
9566 3127
9567 3290
9568 3177
9569 3131
9570 3135
9571 3138
9572 3138
9573 3138
9574 3138
9575 3138
9576 3139
9577 3140
9578 3140
9579 3141
9580 3143
9581 3144
9582 3144
9583 3144
9584 3144
9585 3144
9586 3145
9587 3151
9588 3152
9589 3152
9590 3152
9591 3153
9592 3154
9593 3154
9594 3154
9595 3154
9596 3154
9597 3155
9598 3155
9599 3155
9600 3155
9601 3155
9602 3155
9603 3155
9604 3155
9605 3155
9606 3156
9607 3156
9608 3156
9609 3156
9610 3165
9611 3165
9612 3167
9613 3167
9614 3167
9615 3167
9616 3167
9617 3167
9618 3170
9619 3170
9620 3171
9621 3171
9622 3171
9623 3171
9624 3172
9625 3172
9626 3173
9627 3173
9628 3175
9629 3175
9630 3175
9631 3175
9632 3175
9633 3175
9634 3176
9635 3178
9636 3178
9637 3178
9638 3181
9639 3181
9640 3181
9641 3181
9642 3181
9643 3184
9644 3184
9645 3188
9646 3189
9647 3189
9648 3190
9649 3191
9650 3191
9651 3192
9652 3192
9653 3232
9654 3194
9655 3194
9656 3195
9657 3196
9658 3196
9659 3197
9660 3197
9661 3197
9662 3197
9663 3197
9664 3197
9665 3197
9666 3200
9667 3201
9668 3201
9669 3201
9670 3201
9671 3201
9672 3202
9673 3203
9674 3203
9675 3203
9676 3203
9677 3204
9678 3204
9679 3204
9680 3204
9681 3206
9682 3207
9683 3207
9684 3209
9685 3210
9686 3212
9687 3212
9688 3212
9689 3212
9690 3212
9691 3212
9692 3212
9693 3212
9694 3212
9695 3212
9696 3212
9697 3212
9698 3212
9699 3212
9700 3212
9701 3212
9702 3212
9703 3212
9704 3212
9705 3212
9706 3212
9707 3212
9708 3212
9709 3212
9710 3212
9711 3212
9712 3212
9713 3212
9714 3212
9715 3212
9716 3212
9717 3212
9718 3212
9719 3212
9720 3213
9721 3213
9722 3214
9723 3214
9724 3214
9725 3216
9726 3216
9727 3216
9728 3218
9729 3219
9730 3219
9731 3219
9732 3219
9733 3219
9734 3220
9735 3225
9736 3225
9737 3225
9738 3230
9739 3231
9740 3235
9741 3235
9742 3235
9743 3235
9744 3235
9745 3235
9746 3235
9747 3235
9748 3235
9749 3235
9750 3235
9751 3235
9752 3235
9753 3235
9754 3235
9755 3235
9756 3235
9757 3235
9758 3235
9759 3235
9760 3235
9761 3235
9762 3235
9763 3235
9764 3235
9765 3235
9766 3235
9767 3235
9768 3235
9769 3235
9770 3235
9771 3235
9772 3235
9773 3235
9774 3235
9775 3235
9776 3235
9777 3235
9778 3235
9779 3235
9780 3235
9781 3235
9782 3235
9783 3235
9784 3235
9785 3235
9786 3235
9787 3235
9788 3235
9789 3235
9790 3235
9791 3235
9792 3235
9793 3235
9794 3235
9795 3235
9796 3235
9797 3235
9798 3235
9799 3235
9800 3235
9801 3235
9802 3235
9803 3235
9804 3236
9805 3236
9806 3236
9807 3236
9808 3236
9809 3236
9810 3236
9811 3236
9812 3236
9813 3236
9814 3237
9815 3238
9816 3238
9817 3239
9818 3239
9819 3240
9820 3242
9821 3242
9822 3292
9823 3242
9824 3242
9825 3242
9826 3242
9827 3242
9828 3242
9829 3242
9830 3242
9831 3242
9832 3242
9833 3242
9834 3242
9835 3242
9836 3242
9837 3242
9838 3242
9839 3242
9840 3242
9841 3242
9842 3242
9843 3242
9844 3242
9845 3242
9846 3242
9847 3242
9848 3242
9849 3242
9850 3242
9851 3242
9852 3242
9853 3242
9854 3242
9855 3242
9856 3242
9857 3242
9858 3242
9859 3242
9860 3242
9861 3242
9862 3242
9863 3242
9864 3242
9865 3242
9866 3242
9867 3242
9868 3242
9869 3242
9870 3242
9871 3242
9872 3242
9873 3242
9874 3242
9875 3242
9876 3242
9877 3242
9878 3242
9879 3242
9880 3242
9881 3242
9882 3242
9883 3242
9884 3242
9885 3242
9886 3242
9887 3242
9888 3242
9889 3242
9890 3242
9891 3242
9892 3243
9893 3245
9894 3247
9895 3248
9896 3249
9897 3250
9898 3251
9899 3252
9900 3252
9901 3252
9902 3252
9903 3252
9904 3252
9905 3252
9906 3252
9907 3252
9908 3252
9909 3252
9910 3252
9911 3252
9912 3252
9913 3252
9914 3252
9915 3255
9916 3257
9917 3257
9918 3259
9919 3260
9920 3263
9921 3283
9922 3265
9923 3265
9924 3268
9925 3268
9926 3269
9927 3269
9928 3269
9929 3271
9930 3272
9931 3273
9932 3273
9933 3273
9934 3273
9935 3273
9936 3281
9937 3282
9938 3282
9939 3282
9940 3287
9941 3289
9942 3289
9943 3289
9944 3291
9945 3291
9946 3291
9947 3291
9948 3291
9949 3291
9950 3291
9951 3294
9952 3294
9953 3294
9954 3294
9955 3294
9956 3294
9957 3294
9958 3297
9959 3297
9960 3297
9961 3297
9962 3297
9963 3297
9964 3300
9965 3300
9966 3304
9967 3305
9968 3307
9969 3308
9970 3308
9971 3310
9972 3310
9973 3310
9974 3310
9975 3310
9976 3310
9977 3310
9978 3310
9979 3310
9980 3310
9981 3310
9982 3317
9983 3319
9984 3319
9985 3319
9986 3319
9987 3319
9988 3319
9989 3319
9990 3319
9991 3319
9992 3319
9993 3319
9994 3320
9995 3322
9996 3322
9997 3322
9998 3324
9999 3327
