10000 9999
1 0
2 0
3 2
4 0
5 4
6 5
7 6
8 3
9 5
10 1
11 8
12 6
13 12
14 12
15 13
16 15
17 15
18 16
19 15
20 19
21 15
22 14
23 7
24 17
25 15
26 12
27 23
28 15
29 5
30 21
31 15
32 18
33 15
34 13
35 24
36 18
37 23
38 7
39 24
40 15
41 19
42 32
43 28
44 18
45 40
46 36
47 15
48 9
49 39
50 15
51 30
52 6
53 27
54 20
55 53
56 51
57 15
58 53
59 53
60 36
61 15
62 53
63 53
64 53
65 53
66 62
67 15
68 53
69 53
70 62
71 53
72 10
73 6
74 15
75 53
76 53
77 69
78 46
79 51
80 39
81 53
82 24
83 13
84 61
85 73
86 56
87 53
88 62
89 33
90 85
91 36
92 15
93 76
94 15
95 15
96 51
97 83
98 57
99 46
100 38
101 53
102 91
103 97
104 98
105 56
106 93
107 96
108 15
109 53
110 84
111 84
112 57
113 27
114 51
115 53
116 57
117 84
118 101
119 118
120 45
121 69
122 61
123 105
124 15
125 107
126 24
127 21
128 15
129 97
130 78
131 57
132 61
133 35
134 101
135 15
136 126
137 53
138 110
139 128
140 102
141 128
142 55
143 84
144 53
145 15
146 120
147 13
148 44
149 51
150 33
151 130
152 149
153 106
154 62
155 49
156 53
157 46
158 121
159 51
160 155
161 84
162 27
163 63
164 15
165 48
166 149
167 159
168 53
169 98
170 39
171 143
172 154
173 24
174 148
175 98
176 73
177 101
178 141
179 53
180 88
181 176
182 152
183 84
184 173
185 101
186 53
187 178
188 156
189 39
190 53
191 186
192 184
193 154
194 101
195 154
196 146
197 53
198 121
199 98
200 149
201 143
202 47
203 117
204 148
205 129
206 60
207 88
208 53
209 180
210 89
211 17
212 173
213 126
214 132
215 62
216 184
217 53
218 118
219 132
220 141
221 136
222 186
223 212
224 95
225 173
226 51
227 86
228 209
229 225
230 169
231 15
232 31
233 15
234 66
235 180
236 84
237 194
238 63
239 177
240 115
241 50
242 225
243 158
244 149
245 219
246 151
247 88
248 45
249 186
250 112
251 22
252 192
253 97
254 173
255 167
256 53
257 118
258 102
259 190
260 218
261 184
262 34
263 139
264 165
265 102
266 211
267 209
268 77
269 209
270 106
271 266
272 15
273 226
274 209
275 189
276 102
277 236
278 98
279 209
280 228
281 101
282 53
283 14
284 282
285 255
286 101
287 15
288 252
289 192
290 39
291 286
292 186
293 166
294 186
295 98
296 145
297 184
298 110
299 184
300 242
301 140
302 84
303 209
304 252
305 269
306 83
307 283
308 206
309 213
310 185
311 53
312 302
313 270
314 39
315 108
316 57
317 105
318 186
319 252
320 315
321 209
322 284
323 321
324 163
325 262
326 99
327 308
328 291
329 323
330 252
331 88
332 251
333 163
334 209
335 176
336 318
337 219
338 321
339 199
340 87
341 53
342 318
343 330
344 228
345 321
346 318
347 186
348 101
349 333
350 43
351 192
352 180
353 109
354 184
355 209
356 209
357 275
358 209
359 241
360 14
361 286
362 318
363 186
364 303
365 195
366 209
367 361
368 258
369 219
370 124
371 318
372 212
373 72
374 366
375 219
376 200
377 314
378 318
379 209
380 294
381 176
382 307
383 219
384 231
385 224
386 209
387 68
388 331
389 209
390 275
391 39
392 390
393 54
394 275
395 302
396 291
397 321
398 15
399 255
400 229
401 284
402 103
403 15
404 212
405 321
406 204
407 321
408 318
409 219
410 176
411 296
412 219
413 402
414 318
415 346
416 281
417 258
418 318
419 209
420 186
421 269
422 53
423 252
424 325
425 389
426 191
427 300
428 297
429 365
430 180
431 138
432 149
433 216
434 314
435 192
436 340
437 102
438 209
439 63
440 284
441 275
442 186
443 180
444 275
445 143
446 184
447 381
448 426
449 250
450 377
451 94
452 265
453 384
454 209
455 381
456 370
457 136
458 318
459 80
460 83
461 64
462 369
463 186
464 305
465 15
466 396
467 176
468 23
469 459
470 334
471 354
472 154
473 460
474 383
475 209
476 384
477 381
478 209
479 478
480 46
481 478
482 209
483 459
484 459
485 209
486 368
487 214
488 303
489 419
490 372
491 431
492 432
493 90
494 487
495 227
496 483
497 345
498 286
499 314
500 459
501 275
502 399
503 57
504 22
505 291
506 236
507 490
508 156
509 229
510 310
511 495
512 24
513 173
514 318
515 98
516 52
517 53
518 209
519 57
520 290
521 381
522 354
523 219
524 257
525 186
526 367
527 302
528 399
529 272
530 426
531 461
532 370
533 402
534 328
535 274
536 318
537 191
538 119
539 422
540 233
541 134
542 209
543 53
544 441
545 521
546 229
547 532
548 522
549 384
550 284
551 291
552 358
553 209
554 275
555 53
556 485
557 317
558 186
559 284
560 53
561 351
562 382
563 81
564 384
565 236
566 229
567 154
568 559
569 293
570 567
571 405
572 284
573 252
574 379
575 257
576 338
577 432
578 186
579 426
580 47
581 236
582 6
583 301
584 218
585 499
586 192
587 572
588 209
589 426
590 344
591 209
592 219
593 97
594 387
595 371
596 585
597 389
598 87
599 209
600 478
601 209
602 303
603 270
604 419
605 429
606 275
607 476
608 330
609 384
610 485
611 26
612 229
613 573
614 586
615 18
616 583
617 209
618 259
619 539
620 291
621 573
622 32
623 121
624 147
625 125
626 404
627 485
628 53
629 620
630 51
631 559
632 597
633 494
634 583
635 566
636 426
637 186
638 610
639 478
640 406
641 478
642 583
643 306
644 523
645 578
646 613
647 642
648 347
649 182
650 191
651 180
652 5
653 123
654 53
655 599
656 381
657 144
658 567
659 426
660 613
661 209
662 478
663 413
664 294
665 173
666 610
667 510
668 542
669 98
670 78
671 633
672 186
673 179
674 324
675 209
676 400
677 192
678 533
679 673
680 573
681 613
682 474
683 98
684 275
685 6
686 320
687 535
688 575
689 567
690 520
691 501
692 548
693 207
694 53
695 528
696 406
697 632
698 264
699 588
700 209
701 180
702 678
703 556
704 459
705 188
706 483
707 682
708 381
709 491
710 684
711 112
712 382
713 555
714 209
715 503
716 341
717 115
718 317
719 609
720 602
721 662
722 184
723 610
724 561
725 63
726 342
727 127
728 703
729 75
730 721
731 664
732 589
733 347
734 559
735 38
736 563
737 682
738 186
739 253
740 610
741 384
742 303
743 356
744 384
745 466
746 695
747 498
748 404
749 459
750 706
751 139
752 592
753 745
754 682
755 219
756 303
757 304
758 563
759 281
760 610
761 370
762 314
763 447
764 610
765 610
766 415
767 398
768 186
769 443
770 286
771 695
772 679
773 382
774 694
775 53
776 218
777 328
778 548
779 459
780 489
781 427
782 610
783 613
784 387
785 486
786 697
787 205
788 249
789 613
790 470
791 15
792 736
793 177
794 363
795 275
796 651
797 672
798 322
799 329
800 332
801 705
802 586
803 600
804 685
805 635
806 245
807 57
808 291
809 751
810 290
811 593
812 610
813 534
814 517
815 762
816 560
817 574
818 559
819 15
820 729
821 281
822 62
823 437
824 452
825 787
826 578
827 318
828 381
829 428
830 318
831 459
832 419
833 251
834 613
835 834
836 318
837 410
838 412
839 57
840 787
841 478
842 387
843 757
844 555
845 729
846 820
847 613
848 339
849 441
850 478
851 634
852 53
853 841
854 613
855 373
856 222
857 318
858 434
859 362
860 307
861 171
862 613
863 840
864 803
865 41
866 665
867 573
868 338
869 673
870 752
871 457
872 844
873 523
874 817
875 318
876 387
877 309
878 698
879 179
880 142
881 791
882 426
883 302
884 814
885 549
886 250
887 727
888 416
889 613
890 641
891 853
892 644
893 627
894 539
895 544
896 851
897 376
898 366
899 702
900 548
901 613
902 92
903 688
904 897
905 439
906 318
907 463
908 610
909 153
910 384
911 338
912 443
913 102
914 499
915 695
916 666
917 610
918 892
919 384
920 854
921 613
922 728
923 834
924 787
925 610
926 610
927 68
928 543
929 689
930 443
931 700
932 658
933 666
934 149
935 420
936 499
937 209
938 737
939 75
940 288
941 706
942 804
943 942
944 845
945 795
946 513
947 468
948 918
949 861
950 623
951 483
952 535
953 186
954 610
955 793
956 757
957 348
958 947
959 565
960 921
961 321
962 270
963 660
964 372
965 762
966 485
967 257
968 908
969 848
970 777
971 602
972 805
973 293
974 962
975 434
976 673
977 270
978 387
979 53
980 507
981 743
982 701
983 972
984 415
985 333
986 610
987 811
988 683
989 674
990 704
991 381
992 956
993 889
994 878
995 844
996 379
997 462
998 256
999 51
1000 609
1001 772
1002 318
1003 897
1004 758
1005 841
1006 15
1007 349
1008 507
1009 609
1010 604
1011 607
1012 1003
1013 378
1014 844
1015 610
1016 866
1017 15
1018 148
1019 335
1020 706
1021 705
1022 1013
1023 51
1024 541
1025 586
1026 641
1027 741
1028 15
1029 65
1030 629
1031 318
1032 610
1033 1016
1034 1015
1035 569
1036 722
1037 379
1038 266
1039 269
1040 461
1041 856
1042 485
1043 853
1044 365
1045 610
1046 131
1047 806
1048 681
1049 108
1050 679
1051 228
1052 706
1053 132
1054 407
1055 711
1056 57
1057 1004
1058 304
1059 69
1060 643
1061 590
1062 897
1063 1011
1064 952
1065 291
1066 972
1067 844
1068 277
1069 679
1070 666
1071 462
1072 770
1073 802
1074 844
1075 239
1076 911
1077 318
1078 501
1079 655
1080 706
1081 820
1082 338
1083 610
1084 482
1085 766
1086 1061
1087 690
1088 1052
1089 674
1090 373
1091 508
1092 1034
1093 924
1094 870
1095 196
1096 684
1097 701
1098 601
1099 870
1100 853
1101 1088
1102 82
1103 565
1104 459
1105 1062
1106 1008
1107 1043
1108 595
1109 192
1110 958
1111 992
1112 161
1113 1045
1114 186
1115 184
1116 1021
1117 291
1118 591
1119 176
1120 782
1121 395
1122 703
1123 67
1124 248
1125 565
1126 1050
1127 432
1128 513
1129 436
1130 558
1131 947
1132 1119
1133 923
1134 786
1135 1065
1136 952
1137 310
1138 566
1139 34
1140 506
1141 705
1142 184
1143 1063
1144 653
1145 978
1146 1093
1147 318
1148 611
1149 705
1150 864
1151 53
1152 713
1153 610
1154 955
1155 202
1156 675
1157 339
1158 886
1159 229
1160 674
1161 1031
1162 1075
1163 925
1164 916
1165 295
1166 921
1167 771
1168 379
1169 853
1170 1008
1171 912
1172 787
1173 433
1174 567
1175 868
1176 417
1177 950
1178 957
1179 763
1180 1091
1181 98
1182 987
1183 705
1184 834
1185 925
1186 929
1187 747
1188 336
1189 956
1190 942
1191 972
1192 951
1193 1097
1194 573
1195 684
1196 757
1197 925
1198 613
1199 523
1200 529
1201 717
1202 728
1203 608
1204 962
1205 850
1206 547
1207 703
1208 710
1209 443
1210 1058
1211 1027
1212 1191
1213 778
1214 427
1215 921
1216 635
1217 862
1218 688
1219 924
1220 944
1221 730
1222 962
1223 613
1224 577
1225 586
1226 318
1227 1040
1228 929
1229 682
1230 370
1231 844
1232 1062
1233 424
1234 1021
1235 100
1236 269
1237 723
1238 1153
1239 71
1240 1226
1241 860
1242 482
1243 877
1244 478
1245 674
1246 384
1247 1215
1248 923
1249 407
1250 108
1251 637
1252 1090
1253 947
1254 275
1255 52
1256 474
1257 866
1258 64
1259 71
1260 1040
1261 323
1262 613
1263 1187
1264 559
1265 1077
1266 946
1267 1040
1268 1191
1269 1245
1270 554
1271 484
1272 867
1273 1131
1274 1065
1275 705
1276 995
1277 1265
1278 831
1279 1074
1280 101
1281 1023
1282 1224
1283 632
1284 285
1285 662
1286 1208
1287 680
1288 707
1289 548
1290 109
1291 389
1292 518
1293 88
1294 1274
1295 111
1296 1080
1297 610
1298 318
1299 992
1300 1294
1301 1062
1302 573
1303 764
1304 613
1305 1026
1306 1151
1307 531
1308 995
1309 117
1310 599
1311 921
1312 497
1313 1234
1314 933
1315 586
1316 549
1317 999
1318 1188
1319 157
1320 569
1321 1061
1322 318
1323 1299
1324 1094
1325 517
1326 441
1327 291
1328 1191
1329 1090
1330 459
1331 1018
1332 540
1333 312
1334 1174
1335 442
1336 1321
1337 947
1338 819
1339 1279
1340 1284
1341 654
1342 606
1343 721
1344 793
1345 1245
1346 1316
1347 1284
1348 1283
1349 1028
1350 1191
1351 898
1352 1191
1353 872
1354 337
1355 1262
1356 291
1357 1109
1358 135
1359 1118
1360 1216
1361 873
1362 243
1363 279
1364 1003
1365 647
1366 759
1367 1283
1368 1090
1369 1340
1370 706
1371 459
1372 1364
1373 941
1374 372
1375 1064
1376 920
1377 708
1378 1154
1379 38
1380 705
1381 555
1382 597
1383 1096
1384 543
1385 936
1386 1236
1387 270
1388 1007
1389 1233
1390 328
1391 923
1392 729
1393 331
1394 1016
1395 219
1396 384
1397 1365
1398 1092
1399 1339
1400 610
1401 1179
1402 260
1403 557
1404 1269
1405 1335
1406 1042
1407 986
1408 379
1409 1179
1410 1263
1411 1316
1412 84
1413 689
1414 404
1415 925
1416 1065
1417 1088
1418 629
1419 925
1420 812
1421 1239
1422 1124
1423 797
1424 1034
1425 230
1426 1154
1427 282
1428 720
1429 553
1430 1130
1431 318
1432 382
1433 1215
1434 952
1435 1383
1436 291
1437 616
1438 552
1439 803
1440 829
1441 1109
1442 695
1443 704
1444 693
1445 1416
1446 1344
1447 897
1448 1245
1449 1258
1450 321
1451 1335
1452 1162
1453 1345
1454 1160
1455 531
1456 438
1457 581
1458 229
1459 1245
1460 1238
1461 1316
1462 1386
1463 885
1464 79
1465 1323
1466 1374
1467 927
1468 838
1469 1340
1470 1431
1471 1416
1472 309
1473 1306
1474 343
1475 844
1476 1335
1477 610
1478 897
1479 289
1480 277
1481 926
1482 1280
1483 705
1484 366
1485 897
1486 496
1487 546
1488 426
1489 667
1490 1417
1491 1008
1492 1340
1493 476
1494 101
1495 682
1496 772
1497 984
1498 1162
1499 1128
1500 1330
1501 493
1502 483
1503 1191
1504 1245
1505 892
1506 15
1507 639
1508 1257
1509 1302
1510 1316
1511 430
1512 275
1513 1323
1514 610
1515 1141
1516 580
1517 1101
1518 1171
1519 1405
1520 1340
1521 1061
1522 1445
1523 1316
1524 666
1525 284
1526 1090
1527 1179
1528 675
1529 1181
1530 1240
1531 610
1532 1340
1533 1526
1534 540
1535 1191
1536 384
1537 459
1538 471
1539 1376
1540 642
1541 1435
1542 1275
1543 443
1544 197
1545 929
1546 1417
1547 1543
1548 1297
1549 1377
1550 655
1551 1258
1552 1198
1553 1323
1554 1412
1555 888
1556 1141
1557 1502
1558 1345
1559 652
1560 942
1561 53
1562 958
1563 1448
1564 991
1565 1528
1566 1104
1567 1562
1568 694
1569 1371
1570 1275
1571 572
1572 1090
1573 381
1574 1164
1575 240
1576 769
1577 1416
1578 1132
1579 1113
1580 1416
1581 890
1582 209
1583 255
1584 996
1585 209
1586 748
1587 284
1588 1324
1589 1021
1590 1502
1591 209
1592 965
1593 787
1594 975
1595 99
1596 542
1597 1369
1598 1210
1599 682
1600 868
1601 624
1602 1580
1603 1156
1604 844
1605 839
1606 1340
1607 886
1608 270
1609 391
1610 1065
1611 1130
1612 575
1613 908
1614 1245
1615 1517
1616 338
1617 1069
1618 1175
1619 306
1620 1425
1621 1409
1622 844
1623 1340
1624 1502
1625 1562
1626 318
1627 916
1628 215
1629 823
1630 1062
1631 1507
1632 1002
1633 459
1634 507
1635 821
1636 1063
1637 1492
1638 1229
1639 1345
1640 1562
1641 1432
1642 389
1643 252
1644 1226
1645 1200
1646 1340
1647 1180
1648 726
1649 1243
1650 625
1651 540
1652 514
1653 219
1654 426
1655 843
1656 8
1657 897
1658 1024
1659 1240
1660 1217
1661 1508
1662 1275
1663 1642
1664 478
1665 426
1666 1132
1667 613
1668 252
1669 645
1670 1437
1671 843
1672 1538
1673 1581
1674 1191
1675 1550
1676 914
1677 1631
1678 1248
1679 1520
1680 704
1681 1251
1682 1523
1683 559
1684 1439
1685 441
1686 1545
1687 522
1688 1191
1689 1303
1690 866
1691 459
1692 1457
1693 1439
1694 1280
1695 1488
1696 695
1697 742
1698 1256
1699 963
1700 1416
1701 1432
1702 962
1703 1317
1704 1090
1705 958
1706 1324
1707 844
1708 1677
1709 1380
1710 811
1711 844
1712 768
1713 1546
1714 1258
1715 432
1716 610
1717 1215
1718 603
1719 1143
1720 613
1721 925
1722 430
1723 794
1724 88
1725 251
1726 1659
1727 426
1728 1385
1729 810
1730 1432
1731 89
1732 610
1733 614
1734 1474
1735 573
1736 1340
1737 651
1738 1265
1739 1432
1740 187
1741 578
1742 1517
1743 1696
1744 333
1745 1062
1746 1686
1747 1281
1748 64
1749 157
1750 384
1751 1616
1752 1353
1753 1695
1754 1687
1755 885
1756 962
1757 682
1758 1042
1759 1227
1760 1437
1761 1567
1762 1329
1763 829
1764 780
1765 1208
1766 637
1767 1147
1768 1326
1769 834
1770 418
1771 381
1772 1732
1773 1101
1774 1523
1775 1047
1776 1703
1777 1530
1778 665
1779 1090
1780 1724
1781 610
1782 1081
1783 768
1784 899
1785 1103
1786 1160
1787 537
1788 1114
1789 1496
1790 867
1791 1245
1792 825
1793 1419
1794 1673
1795 443
1796 68
1797 1397
1798 1607
1799 302
1800 1798
1801 1766
1802 1463
1803 302
1804 432
1805 1779
1806 1550
1807 1316
1808 1789
1809 223
1810 1739
1811 1280
1812 1789
1813 1253
1814 910
1815 1340
1816 1573
1817 1661
1818 1713
1819 1549
1820 11
1821 1437
1822 1148
1823 1340
1824 910
1825 392
1826 672
1827 787
1828 1581
1829 1750
1830 1062
1831 1694
1832 1207
1833 990
1834 635
1835 1537
1836 1305
1837 1464
1838 1101
1839 1323
1840 1451
1841 1742
1842 117
1843 1788
1844 690
1845 1519
1846 1593
1847 1244
1848 1409
1849 1839
1850 679
1851 1318
1852 1415
1853 1245
1854 109
1855 549
1856 1160
1857 1789
1858 1244
1859 1154
1860 1777
1861 481
1862 819
1863 507
1864 1581
1865 1843
1866 414
1867 917
1868 674
1869 1120
1870 1491
1871 441
1872 1203
1873 53
1874 1850
1875 1721
1876 1623
1877 844
1878 1458
1879 1336
1880 757
1881 1406
1882 1432
1883 485
1884 788
1885 1163
1886 128
1887 1335
1888 1047
1889 533
1890 173
1891 1068
1892 384
1893 1886
1894 1302
1895 1502
1896 1091
1897 1340
1898 1414
1899 1076
1900 70
1901 1340
1902 1156
1903 830
1904 660
1905 1455
1906 1014
1907 1670
1908 1416
1909 1868
1910 1340
1911 632
1912 1894
1913 1724
1914 22
1915 1880
1916 1379
1917 1357
1918 39
1919 660
1920 1879
1921 209
1922 1850
1923 844
1924 1238
1925 1310
1926 942
1927 935
1928 1340
1929 1315
1930 757
1931 1197
1932 1432
1933 87
1934 314
1935 629
1936 1652
1937 1914
1938 1251
1939 1830
1940 1694
1941 1376
1942 844
1943 1774
1944 583
1945 1437
1946 291
1947 1689
1948 1801
1949 983
1950 1934
1951 1793
1952 787
1953 834
1954 397
1955 1703
1956 1401
1957 1703
1958 1708
1959 384
1960 1258
1961 1926
1962 1572
1963 1491
1964 1354
1965 610
1966 1195
1967 1956
1968 303
1969 1724
1970 1630
1971 834
1972 1818
1973 682
1974 515
1975 1502
1976 229
1977 559
1978 853
1979 958
1980 1598
1981 610
1982 786
1983 974
1984 1594
1985 1796
1986 1796
1987 1163
1988 1915
1989 1930
1990 1756
1991 1677
1992 1305
1993 1930
1994 1254
1995 701
1996 1303
1997 545
1998 1850
1999 1643
2000 1340
2001 624
2002 675
2003 1724
2004 15
2005 1126
2006 1894
2007 1496
2008 844
2009 401
2010 666
2011 799
2012 1224
2013 1832
2014 1702
2015 1932
2016 1534
2017 1645
2018 610
2019 1437
2020 340
2021 610
2022 1302
2023 1562
2024 1245
2025 1141
2026 1379
2027 1179
2028 646
2029 1269
2030 1794
2031 1876
2032 1987
2033 795
2034 281
2035 737
2036 128
2037 1491
2038 1921
2039 1971
2040 1839
2041 1616
2042 459
2043 834
2044 1451
2045 98
2046 88
2047 1383
2048 184
2049 1340
2050 834
2051 1947
2052 772
2053 1064
2054 1981
2055 1943
2056 2010
2057 1956
2058 566
2059 1787
2060 1502
2061 1821
2062 972
2063 596
2064 1020
2065 2013
2066 1657
2067 443
2068 184
2069 419
2070 1344
2071 1867
2072 666
2073 138
2074 1956
2075 1097
2076 1247
2077 582
2078 1069
2079 1767
2080 1231
2081 1767
2082 1328
2083 1206
2084 394
2085 2077
2086 1095
2087 1333
2088 1913
2089 1956
2090 1971
2091 1052
2092 1956
2093 1598
2094 451
2095 423
2096 175
2097 1797
2098 1331
2099 564
2100 1661
2101 1086
2102 1432
2103 225
2104 1273
2105 209
2106 449
2107 610
2108 2085
2109 1106
2110 1857
2111 951
2112 1946
2113 1644
2114 1627
2115 1061
2116 1480
2117 508
2118 2021
2119 2016
2120 1876
2121 1703
2122 1793
2123 2010
2124 1258
2125 923
2126 1807
2127 587
2128 731
2129 1703
2130 1255
2131 939
2132 385
2133 459
2134 1352
2135 844
2136 1436
2137 278
2138 1502
2139 88
2140 1212
2141 512
2142 1201
2143 2054
2144 2099
2145 1922
2146 1640
2147 1980
2148 1191
2149 217
2150 621
2151 764
2152 548
2153 1222
2154 1768
2155 1956
2156 1159
2157 53
2158 1956
2159 62
2160 1996
2161 886
2162 834
2163 1259
2164 2062
2165 536
2166 1706
2167 2017
2168 919
2169 2167
2170 1163
2171 1191
2172 1839
2173 972
2174 1779
2175 2046
2176 871
2177 360
2178 2110
2179 1793
2180 1800
2181 2094
2182 573
2183 1724
2184 2116
2185 1802
2186 1777
2187 1277
2188 1178
2189 1271
2190 1782
2191 1876
2192 1989
2193 1040
2194 844
2195 1153
2196 2084
2197 2112
2198 15
2199 1739
2200 1616
2201 2073
2202 1954
2203 1842
2204 876
2205 1809
2206 1608
2207 186
2208 2137
2209 1956
2210 1949
2211 1478
2212 2140
2213 1554
2214 1251
2215 1701
2216 1982
2217 1269
2218 1466
2219 1809
2220 1956
2221 370
2222 112
2223 2153
2224 1446
2225 426
2226 1595
2227 2009
2228 1280
2229 511
2230 1153
2231 493
2232 1051
2233 1886
2234 2214
2235 1583
2236 2204
2237 1724
2238 2017
2239 1040
2240 1420
2241 704
2242 1105
2243 604
2244 1373
2245 1526
2246 2199
2247 2200
2248 655
2249 2028
2250 2205
2251 1616
2252 1885
2253 1747
2254 270
2255 1745
2256 1777
2257 2084
2258 1642
2259 1405
2260 176
2261 1973
2262 1274
2263 729
2264 1753
2265 1644
2266 275
2267 1403
2268 1510
2269 1883
2270 704
2271 1029
2272 1694
2273 2055
2274 2000
2275 2100
2276 1963
2277 354
2278 2187
2279 567
2280 1541
2281 1225
2282 822
2283 927
2284 1728
2285 610
2286 844
2287 1934
2288 1501
2289 1502
2290 661
2291 858
2292 1408
2293 318
2294 1752
2295 2219
2296 1866
2297 1664
2298 1101
2299 1065
2300 850
2301 610
2302 1839
2303 1357
2304 2255
2305 1016
2306 1724
2307 1792
2308 2300
2309 1618
2310 2209
2311 186
2312 2221
2313 1824
2314 671
2315 2084
2316 2260
2317 2036
2318 408
2319 1174
2320 695
2321 2143
2322 1943
2323 291
2324 254
2325 2091
2326 1733
2327 1631
2328 1677
2329 7
2330 1179
2331 725
2332 2099
2333 617
2334 2140
2335 1190
2336 2183
2337 1109
2338 2094
2339 2190
2340 1746
2341 1703
2342 1591
2343 1694
2344 2248
2345 2168
2346 384
2347 1547
2348 1830
2349 359
2350 760
2351 1929
2352 1980
2353 1287
2354 1185
2355 1916
2356 1874
2357 1491
2358 2084
2359 1725
2360 2333
2361 2084
2362 909
2363 2084
2364 192
2365 1310
2366 1719
2367 1371
2368 170
2369 1692
2370 210
2371 369
2372 1853
2373 1541
2374 1088
2375 2001
2376 652
2377 2204
2378 1631
2379 613
2380 932
2381 1724
2382 1312
2383 1883
2384 1642
2385 895
2386 2258
2387 2202
2388 1153
2389 1833
2390 2384
2391 1603
2392 897
2393 609
2394 2316
2395 1739
2396 53
2397 2086
2398 972
2399 1911
2400 1922
2401 2283
2402 1282
2403 507
2404 703
2405 1793
2406 1768
2407 332
2408 1464
2409 1434
2410 1065
2411 1814
2412 163
2413 2303
2414 828
2415 321
2416 2084
2417 1245
2418 2011
2419 2406
2420 613
2421 1273
2422 224
2423 2047
2424 2388
2425 1184
2426 1885
2427 1756
2428 844
2429 2082
2430 1914
2431 396
2432 540
2433 2366
2434 844
2435 2190
2436 1956
2437 1993
2438 1493
2439 637
2440 500
2441 1193
2442 2227
2443 304
2444 1282
2445 1191
2446 1130
2447 2204
2448 251
2449 2429
2450 2010
2451 1463
2452 205
2453 1480
2454 1956
2455 251
2456 1273
2457 419
2458 705
2459 924
2460 255
2461 2201
2462 613
2463 2279
2464 2061
2465 1230
2466 433
2467 1499
2468 2438
2469 1838
2470 682
2471 1553
2472 366
2473 990
2474 549
2475 757
2476 1806
2477 1979
2478 1598
2479 1196
2480 1326
2481 1602
2482 1842
2483 1606
2484 1645
2485 1228
2486 624
2487 1357
2488 1588
2489 1824
2490 2014
2491 2099
2492 1403
2493 1176
2494 1413
2495 453
2496 1729
2497 700
2498 907
2499 1987
2500 1463
2501 787
2502 1793
2503 2306
2504 2458
2505 1902
2506 1735
2507 1956
2508 2506
2509 1245
2510 1513
2511 1839
2512 2019
2513 2485
2514 460
2515 1876
2516 1746
2517 1725
2518 704
2519 2206
2520 1041
2521 1143
2522 2443
2523 2189
2524 2455
2525 98
2526 2158
2527 704
2528 1293
2529 631
2530 1724
2531 1971
2532 83
2533 53
2534 1269
2535 1396
2536 1445
2537 2485
2538 185
2539 1365
2540 1244
2541 2049
2542 1338
2543 673
2544 1228
2545 2204
2546 666
2547 1893
2548 554
2549 402
2550 992
2551 2119
2552 1724
2553 1767
2554 2084
2555 2179
2556 2084
2557 998
2558 285
2559 299
2560 2006
2561 793
2562 2227
2563 1489
2564 1956
2565 1519
2566 1739
2567 2028
2568 1371
2569 485
2570 2201
2571 415
2572 1594
2573 2424
2574 2291
2575 1956
2576 101
2577 544
2578 1297
2579 2351
2580 1739
2581 1793
2582 1956
2583 1609
2584 1956
2585 2010
2586 2338
2587 2352
2588 318
2589 1930
2590 1765
2591 2058
2592 962
2593 932
2594 2348
2595 1757
2596 1724
2597 384
2598 740
2599 2103
2600 729
2601 1904
2602 2593
2603 1454
2604 2204
2605 925
2606 1245
2607 1278
2608 2066
2609 2556
2610 1502
2611 2211
2612 851
2613 1409
2614 2265
2615 51
2616 1673
2617 1538
2618 1903
2619 2015
2620 610
2621 1724
2622 705
2623 318
2624 1724
2625 1777
2626 2061
2627 1375
2628 1703
2629 622
2630 1327
2631 1724
2632 2604
2633 1956
2634 1340
2635 1154
2636 2352
2637 321
2638 958
2639 1987
2640 1269
2641 2133
2642 997
2643 354
2644 285
2645 682
2646 1793
2647 652
2648 1762
2649 460
2650 1748
2651 2421
2652 2557
2653 184
2654 2296
2655 995
2656 1281
2657 1976
2658 1390
2659 548
2660 25
2661 1554
2662 1273
2663 1340
2664 1904
2665 1151
2666 2114
2667 150
2668 1604
2669 612
2670 1830
2671 2168
2672 1887
2673 2427
2674 454
2675 1598
2676 865
2677 1943
2678 251
2679 2084
2680 1182
2681 2154
2682 1231
2683 1090
2684 2511
2685 275
2686 298
2687 1956
2688 1416
2689 255
2690 2439
2691 2040
2692 1258
2693 2680
2694 1739
2695 1562
2696 567
2697 1583
2698 2417
2699 1971
2700 2095
2701 720
2702 824
2703 1529
2704 369
2705 459
2706 1316
2707 1554
2708 2036
2709 1353
2710 2522
2711 2084
2712 1069
2713 370
2714 2201
2715 1876
2716 1857
2717 1861
2718 1926
2719 1622
2720 1410
2721 1824
2722 2717
2723 786
2724 1724
2725 1504
2726 1979
2727 674
2728 2593
2729 1416
2730 2062
2731 787
2732 1136
2733 459
2734 1214
2735 1218
2736 1070
2737 1490
2738 1962
2739 705
2740 1644
2741 1277
2742 2098
2743 2637
2744 1920
2745 464
2746 635
2747 15
2748 2507
2749 1809
2750 1789
2751 2527
2752 2546
2753 2588
2754 1416
2755 1679
2756 1631
2757 2137
2758 1271
2759 2436
2760 2193
2761 1964
2762 1191
2763 1772
2764 499
2765 2460
2766 2084
2767 2345
2768 2256
2769 2422
2770 2758
2771 2227
2772 2410
2773 2678
2774 2497
2775 1172
2776 2449
2777 1336
2778 1796
2779 2742
2780 2546
2781 1830
2782 1245
2783 1988
2784 1047
2785 1876
2786 1197
2787 474
2788 1036
2789 2009
2790 881
2791 2226
2792 252
2793 1340
2794 2207
2795 1561
2796 674
2797 2145
2798 682
2799 235
2800 2153
2801 1324
2802 1151
2803 2180
2804 1696
2805 1416
2806 2457
2807 1736
2808 1277
2809 2010
2810 806
2811 980
2812 2168
2813 2260
2814 1839
2815 675
2816 333
2817 2024
2818 1777
2819 1391
2820 1681
2821 2104
2822 1724
2823 2410
2824 1839
2825 1056
2826 1627
2827 2448
2828 1966
2829 2058
2830 275
2831 2526
2832 613
2833 998
2834 1999
2835 472
2836 926
2837 996
2838 1362
2839 719
2840 382
2841 666
2842 2168
2843 610
2844 1063
2845 298
2846 806
2847 1484
2848 1924
2849 1340
2850 1742
2851 2111
2852 1754
2853 1391
2854 2777
2855 1956
2856 2124
2857 2383
2858 2571
2859 2144
2860 1932
2861 1154
2862 1724
2863 1423
2864 2275
2865 1460
2866 2784
2867 1956
2868 2804
2869 1614
2870 1108
2871 703
2872 2084
2873 1777
2874 1787
2875 1554
2876 2273
2877 904
2878 1787
2879 670
2880 1062
2881 1546
2882 2739
2883 2332
2884 1474
2885 1599
2886 2345
2887 2384
2888 1980
2889 7
2890 1793
2891 446
2892 962
2893 1598
2894 2593
2895 1712
2896 1672
2897 1076
2898 1801
2899 66
2900 2283
2901 291
2902 1173
2903 2777
2904 60
2905 1245
2906 2665
2907 1594
2908 1124
2909 2236
2910 2691
2911 813
2912 1671
2913 1724
2914 2344
2915 2646
2916 1862
2917 1962
2918 449
2919 1609
2920 610
2921 2350
2922 2061
2923 315
2924 2097
2925 1694
2926 2266
2927 1791
2928 1441
2929 2162
2930 2715
2931 2819
2932 2084
2933 2729
2934 2328
2935 2466
2936 1334
2937 262
2938 1796
2939 2084
2940 2204
2941 1724
2942 870
2943 964
2944 2153
2945 2045
2946 1839
2947 2132
2948 2638
2949 2198
2950 1947
2951 1231
2952 1109
2953 2530
2954 2780
2955 2101
2956 1916
2957 2915
2958 2445
2959 1673
2960 2440
2961 1598
2962 1649
2963 2201
2964 1721
2965 1616
2966 2327
2967 2281
2968 896
2969 2846
2970 2638
2971 2270
2972 1663
2973 2819
2974 2736
2975 1880
2976 1793
2977 1862
2978 2380
2979 2722
2980 1554
2981 1888
2982 1010
2983 1067
2984 364
2985 2260
2986 2193
2987 1909
2988 2060
2989 1340
2990 1912
2991 1943
2992 1065
2993 2000
2994 1916
2995 1771
2996 2665
2997 2117
2998 1962
2999 2179
3000 1066
3001 2296
3002 2015
3003 2010
3004 2581
3005 2084
3006 3003
3007 1191
3008 625
3009 1505
3010 761
3011 2928
3012 2147
3013 1502
3014 655
3015 2783
3016 384
3017 760
3018 1021
3019 1435
3020 1597
3021 741
3022 993
3023 2681
3024 2558
3025 2352
3026 1084
3027 3019
3028 2107
3029 2783
3030 2155
3031 2797
3032 2638
3033 1130
3034 2410
3035 2091
3036 1269
3037 3020
3038 2550
3039 2897
3040 1491
3041 1513
3042 2751
3043 2625
3044 2183
3045 2255
3046 613
3047 1681
3048 2994
3049 1502
3050 1177
3051 1863
3052 834
3053 2471
3054 2469
3055 1257
3056 2083
3057 548
3058 509
3059 1956
3060 1739
3061 2190
3062 1340
3063 1926
3064 1983
3065 2742
3066 1178
3067 1824
3068 409
3069 209
3070 1957
3071 844
3072 2947
3073 2767
3074 1598
3075 2898
3076 1654
3077 527
3078 2489
3079 3003
3080 1724
3081 1340
3082 2038
3083 2297
3084 2028
3085 1897
3086 2692
3087 2006
3088 676
3089 1030
3090 3045
3091 2819
3092 1142
3093 834
3094 2600
3095 2463
3096 2165
3097 1372
3098 2987
3099 885
3100 2503
3101 2244
3102 977
3103 2748
3104 412
3105 1818
3106 1876
3107 559
3108 1905
3109 1298
3110 844
3111 1956
3112 1614
3113 1655
3114 2429
3115 2737
3116 2374
3117 3019
3118 613
3119 3003
3120 1822
3121 3003
3122 2760
3123 2093
3124 2817
3125 204
3126 1558
3127 3104
3128 2040
3129 1648
3130 1122
3131 2968
3132 1724
3133 1956
3134 2824
3135 2187
3136 2384
3137 2627
3138 2387
3139 288
3140 186
3141 624
3142 1705
3143 2916
3144 720
3145 1008
3146 366
3147 1789
3148 1008
3149 1934
3150 1421
3151 2876
3152 1956
3153 1808
3154 1456
3155 1157
3156 2815
3157 1685
3158 2778
3159 2022
3160 1867
3161 613
3162 1859
3163 2125
3164 2204
3165 2959
3166 2681
3167 2902
3168 2201
3169 654
3170 1828
3171 2904
3172 2791
3173 3168
3174 1269
3175 676
3176 2203
3177 1071
3178 1739
3179 2740
3180 3084
3181 1521
3182 440
3183 2084
3184 2595
3185 1922
3186 1502
3187 695
3188 1956
3189 2601
3190 1926
3191 2084
3192 109
3193 2829
3194 1661
3195 1670
3196 2844
3197 1136
3198 1527
3199 642
3200 1844
3201 897
3202 2876
3203 2019
3204 867
3205 2677
3206 2028
3207 275
3208 245
3209 2692
3210 2596
3211 42
3212 651
3213 757
3214 402
3215 2819
3216 2952
3217 2594
3218 2364
3219 613
3220 2636
3221 419
3222 2264
3223 1631
3224 293
3225 2032
3226 1155
3227 2760
3228 2648
3229 2822
3230 3068
3231 1167
3232 2023
3233 1374
3234 1009
3235 756
3236 1924
3237 2991
3238 1205
3239 3210
3240 2998
3241 603
3242 2572
3243 2293
3244 2980
3245 666
3246 682
3247 2777
3248 2532
3249 2769
3250 731
3251 2725
3252 1879
3253 1867
3254 2179
3255 1282
3256 953
3257 2204
3258 2011
3259 3045
3260 1698
3261 3094
3262 1378
3263 2159
3264 1336
3265 3003
3266 2829
3267 208
3268 1231
3269 2010
3270 1456
3271 575
3272 2902
3273 2674
3274 1930
3275 1451
3276 2742
3277 3082
3278 1264
3279 3049
3280 186
3281 1723
3282 2545
3283 3045
3284 2983
3285 2633
3286 3152
3287 3019
3288 1571
3289 2201
3290 2794
3291 3167
3292 2182
3293 1952
3294 1947
3295 2677
3296 3199
3297 1495
3298 3040
3299 1200
3300 2084
3301 1631
3302 2556
3303 2719
3304 2700
3305 3003
3306 3240
3307 1985
3308 3003
3309 2495
3310 704
3311 2061
3312 1269
3313 601
3314 2070
3315 3231
3316 1061
3317 1437
3318 2744
3319 2431
3320 2028
3321 2008
3322 2637
3323 1724
3324 2934
3325 2858
3326 2260
3327 2731
3328 2548
3329 2122
3330 1872
3331 1779
3332 9
3333 1820
3334 652
3335 2889
3336 29
3337 1255
3338 942
3339 2260
3340 6
3341 582
3342 3120
3343 2329
3344 735
3345 7
3346 23
3347 1656
3348 48
3349 12
3350 1601
3351 504
3352 15
3353 1139
3354 739
3355 360
3356 1641
3357 232
3358 15
3359 224
3360 1516
3361 403
3362 1123
3363 1506
3364 2790
3365 1018
3366 2349
3367 1006
3368 902
3369 2667
3370 127
3371 74
3372 540
3373 15
3374 15
3375 1358
3376 411
3377 1349
3378 15
3379 2703
3380 393
3381 2198
3382 761
3383 164
3384 465
3385 1886
3386 350
3387 231
3388 1017
3389 1124
3390 2004
3391 271
3392 2181
3393 2747
3394 767
3395 1338
3396 1645
3397 15
3398 287
3399 61
3400 1049
3401 2660
3402 1918
3403 258
3404 3211
3405 615
3406 2676
3407 114
3408 2773
3409 2430
3410 947
3411 37
3412 113
3413 133
3414 2324
3415 877
3416 1102
3417 2141
3418 24
3419 26
3420 162
3421 2802
3422 2629
3423 1731
3424 1389
3425 2879
3426 327
3427 2026
3428 1235
3429 38
3430 155
3431 459
3432 1825
3433 450
3434 1609
3435 2496
3436 39
3437 2368
3438 2086
3439 45
3440 1319
3441 1595
3442 480
3443 3226
3444 48
3445 878
3446 255
3447 273
3448 51
3449 1464
3450 630
3451 1317
3452 2229
3453 51
3454 2656
3455 1650
3456 2615
3457 1485
3458 516
3459 137
3460 2533
3461 53
3462 2131
3463 142
3464 340
3465 168
3466 1873
3467 1239
3468 208
3469 976
3470 1544
3471 775
3472 716
3473 657
3474 2833
3475 2142
3476 909
3477 53
3478 58
3479 2283
3480 53
3481 53
3482 508
3483 543
3484 2149
3485 1152
3486 792
3487 268
3488 53
3489 852
3490 59
3491 1325
3492 2650
3493 628
3494 353
3495 2271
3496 63
3497 2795
3498 619
3499 979
3500 2157
3501 311
3502 2396
3503 826
3504 694
3505 101
3506 3169
3507 560
3508 154
3509 53
3510 1427
3511 618
3512 718
3513 519
3514 807
3515 1046
3516 2825
3517 839
3518 57
3519 112
3520 715
3521 316
3522 116
3523 3171
3524 494
3525 122
3526 1309
3527 62
3528 1900
3529 2175
3530 2282
3531 1628
3532 234
3533 2159
3534 2331
3535 163
3536 238
3537 439
3538 1455
3539 1714
3540 2899
3541 68
3542 594
3543 3307
3544 1059
3545 1362
3546 1259
3547 72
3548 493
3549 73
3550 2263
3551 246
3552 78
3553 1619
3554 83
3555 473
3556 2532
3557 83
3558 183
3559 1112
3560 1803
3561 2201
3562 949
3563 84
3564 1295
3565 84
3566 1412
3567 1692
3568 598
3569 1933
3570 207
3571 1209
3572 2822
3573 388
3574 2139
3575 247
3576 1293
3577 2370
3578 2680
3579 1952
3580 402
3581 97
3582 2137
3583 1974
3584 988
3585 230
3586 2525
3587 848
3588 104
3589 2945
3590 2096
3591 1165
3592 669
3593 326
3594 237
3595 1137
3596 2576
3597 1280
3598 101
3599 888
3600 101
3601 1494
3602 1178
3603 584
3604 541
3605 1410
3606 177
3607 102
3608 102
3609 913
3610 276
3611 102
3612 1629
3613 2968
3614 2702
3615 1144
3616 2519
3617 108
3618 108
3619 2923
3620 1250
3621 3192
3622 1854
3623 1290
3624 2845
3625 1055
3626 1607
3627 2222
3628 112
3629 113
3630 1575
3631 2482
3632 203
3633 118
3634 967
3635 538
3636 119
3637 120
3638 198
3639 950
3640 221
3641 126
3642 887
3643 128
3644 128
3645 128
3646 2036
3647 220
3648 263
3649 1653
3650 1053
3651 2176
3652 136
3653 709
3654 138
3655 751
3656 1740
3657 880
3658 445
3659 201
3660 143
3661 174
3662 3125
3663 934
3664 244
3665 3224
3666 649
3667 1127
3668 172
3669 2728
3670 2835
3671 1044
3672 193
3673 160
3674 1183
3675 1749
3676 2796
3677 333
3678 2412
3679 866
3680 173
3681 2103
3682 2277
3683 1890
3684 2811
3685 2467
3686 335
3687 467
3688 1666
3689 837
3690 181
3691 656
3692 1452
3693 1154
3694 177
3695 879
3696 1511
3697 352
3698 2799
3699 796
3700 180
3701 209
3702 982
3703 184
3704 2048
3705 2068
3706 2788
3707 2891
3708 2559
3709 2902
3710 3092
3711 261
3712 1115
3713 2653
3714 252
3715 184
3716 428
3717 2538
3718 2498
3719 186
3720 1788
3721 525
3722 186
3723 935
3724 294
3725 3280
3726 186
3727 292
3728 186
3729 2311
3730 186
3731 1826
3732 650
3733 186
3734 738
3735 3140
3736 906
3737 186
3738 186
3739 1430
3740 2895
3741 788
3742 186
3743 2520
3744 1723
3745 3290
3746 347
3747 637
3748 1840
3749 3256
3750 187
3751 189
3752 1787
3753 579
3754 2364
3755 192
3756 192
3757 2952
3758 677
3759 192
3760 2326
3761 724
3762 192
3763 435
3764 1479
3765 203
3766 640
3767 2452
3768 207
3769 1444
3770 207
3771 3267
3772 208
3773 1582
3774 1585
3775 1098
3776 280
3777 1363
3778 2290
3779 209
3780 209
3781 3082
3782 1039
3783 209
3784 971
3785 470
3786 1359
3787 2342
3788 267
3789 3069
3790 209
3791 209
3792 675
3793 209
3794 209
3795 699
3796 355
3797 209
3798 209
3799 2105
3800 274
3801 937
3802 209
3803 209
3804 1596
3805 2472
3806 2365
3807 2292
3808 209
3809 386
3810 1429
3811 2674
3812 893
3813 3270
3814 1242
3815 1438
3816 1291
3817 1764
3818 209
3819 475
3820 209
3821 478
3822 981
3823 2774
3824 321
3825 209
3826 1292
3827 714
3828 209
3829 2360
3830 212
3831 1898
3832 1809
3833 1402
3834 776
3835 2704
3836 755
3837 219
3838 219
3839 2761
3840 592
3841 3230
3842 383
3843 1468
3844 523
3845 219
3846 375
3847 1395
3848 219
3849 219
3850 3208
3851 222
3852 2769
3853 2132
3854 2734
3855 509
3856 1061
3857 1051
3858 1878
3859 1976
3860 229
3861 1487
3862 229
3863 676
3864 2669
3865 2058
3866 2156
3867 1425
3868 1892
3869 1891
3870 506
3871 565
3872 243
3873 806
3874 245
3875 246
3876 250
3877 2106
3878 250
3879 2448
3880 2524
3881 833
3882 2517
3883 251
3884 251
3885 2407
3886 2182
3887 252
3888 1668
3889 1058
3890 1203
3891 2834
3892 319
3893 2700
3894 940
3895 252
3896 2792
3897 2689
3898 1583
3899 255
3900 2460
3901 2320
3902 2644
3903 256
3904 1612
3905 524
3906 257
3907 258
3908 1176
3909 785
3910 2937
3911 1038
3912 421
3913 2745
3914 1386
3915 269
3916 269
3917 1756
3918 1387
3919 2254
3920 3241
3921 3102
3922 270
3923 313
3924 274
3925 2409
3926 554
3927 2828
3928 357
3929 2084
3930 3207
3931 2685
3932 691
3933 275
3934 1994
3935 1512
3936 275
3937 275
3938 1342
3939 275
3940 2926
3941 1871
3942 444
3943 2830
3944 945
3945 276
3946 2453
3947 280
3948 2034
3949 281
3950 1635
3951 281
3952 1366
3953 1525
3954 284
3955 798
3956 3182
3957 572
3958 284
3959 401
3960 734
3961 1587
3962 550
3963 3024
3964 1340
3965 1072
3966 526
3967 286
3968 3089
3969 3139
3970 690
3971 290
3972 290
3973 2299
3974 291
3975 2901
3976 291
3977 291
3978 2136
3979 970
3980 2630
3981 291
3982 2323
3983 1946
3984 1117
3985 291
3986 291
3987 505
3988 291
3989 551
3990 291
3991 1356
3992 745
3993 291
3994 808
3995 1035
3996 973
3997 294
3998 2128
3999 380
4000 2686
4001 299
4002 299
4003 302
4004 883
4005 1121
4006 3077
4007 302
4008 1799
4009 302
4010 2087
4011 302
4012 1697
4013 303
4014 1968
4015 303
4016 488
4017 303
4018 2984
4019 3235
4020 2710
4021 757
4022 305
4023 1060
4024 860
4025 1472
4026 1489
4027 310
4028 815
4029 1934
4030 434
4031 1676
4032 686
4033 1403
4034 1866
4035 318
4036 2318
4037 318
4038 3096
4039 318
4040 1298
4041 1013
4042 875
4043 318
4044 1626
4045 1188
4046 1770
4047 342
4048 1161
4049 318
4050 836
4051 318
4052 318
4053 1767
4054 1903
4055 1322
4056 1077
4057 458
4058 2870
4059 318
4060 857
4061 2623
4062 1936
4063 1226
4064 318
4065 318
4066 318
4067 318
4068 3243
4069 415
4070 859
4071 318
4072 2753
4073 827
4074 1632
4075 318
4076 1470
4077 1054
4078 321
4079 329
4080 2897
4081 2415
4082 2202
4083 1450
4084 571
4085 961
4086 2382
4087 2637
4088 1261
4089 327
4090 2658
4091 534
4092 329
4093 2011
4094 329
4095 343
4096 1393
4097 331
4098 800
4099 985
4100 333
4101 333
4102 1388
4103 2816
4104 1744
4105 333
4106 1019
4107 335
4108 335
4109 335
4110 337
4111 338
4112 1082
4113 1616
4114 576
4115 1600
4116 339
4117 339
4118 3155
4119 339
4120 339
4121 1129
4122 2020
4123 342
4124 3129
4125 343
4126 343
4127 1474
4128 346
4129 733
4130 648
4131 347
4132 347
4133 351
4134 353
4135 3057
4136 2617
4137 2643
4138 2177
4139 360
4140 605
4141 366
4142 366
4143 1351
4144 374
4145 366
4146 3146
4147 2847
4148 368
4149 2642
4150 2371
4151 369
4152 2312
4153 456
4154 3056
4155 2465
4156 370
4157 2713
4158 1466
4159 2943
4160 855
4161 377
4162 379
4163 1168
4164 1584
4165 874
4166 379
4167 1037
4168 455
4169 2414
4170 447
4171 381
4172 1564
4173 1377
4174 477
4175 1816
4176 381
4177 381
4178 381
4179 1771
4180 381
4181 381
4182 1997
4183 381
4184 562
4185 2840
4186 773
4187 712
4188 474
4189 3078
4190 384
4191 1027
4192 609
4193 384
4194 2495
4195 476
4196 885
4197 1536
4198 744
4199 3016
4200 1959
4201 384
4202 384
4203 2168
4204 384
4205 2535
4206 384
4207 2099
4208 384
4209 384
4210 1246
4211 384
4212 1829
4213 2597
4214 2346
4215 876
4216 387
4217 387
4218 387
4219 784
4220 1145
4221 842
4222 2386
4223 425
4224 632
4225 389
4226 392
4227 392
4228 396
4229 2431
4230 397
4231 397
4232 502
4233 2009
4234 402
4235 678
4236 402
4237 402
4238 3214
4239 413
4240 402
4241 2549
4242 403
4243 626
4244 1586
4245 696
4246 1249
4247 3127
4248 663
4249 1497
4250 415
4251 3325
4252 766
4253 418
4254 2806
4255 2069
4256 3221
4257 419
4258 832
4259 604
4260 422
4261 423
4262 659
4263 448
4264 3076
4265 426
4266 882
4267 530
4268 636
4269 1665
4270 732
4271 1727
4272 2225
4273 426
4274 426
4275 1753
4276 427
4277 781
4278 1440
4279 428
4280 1722
4281 432
4282 577
4283 1715
4284 492
4285 432
4286 432
4287 1804
4288 432
4289 2935
4290 433
4291 1594
4292 2574
4293 436
4294 437
4295 437
4296 437
4297 905
4298 441
4299 544
4300 1685
4301 849
4302 2419
4303 441
4304 2067
4305 930
4306 1518
4307 1795
4308 1576
4309 1543
4310 763
4311 2918
4312 450
4313 452
4314 453
4315 453
4316 455
4317 1624
4318 2733
4319 2641
4320 3310
4321 500
4322 2042
4323 459
4324 469
4325 459
4326 1330
4327 484
4328 459
4329 1278
4330 459
4331 779
4332 459
4333 459
4334 1633
4335 459
4336 1691
4337 459
4338 1569
4339 1566
4340 2705
4341 1835
4342 749
4343 460
4344 2649
4345 460
4346 2514
4347 1040
4348 3177
4349 465
4350 467
4351 790
4352 682
4353 2787
4354 3260
4355 2468
4356 476
4357 476
4358 476
4359 476
4360 607
4361 476
4362 1664
4363 1507
4364 478
4365 2979
4366 478
4367 1150
4368 841
4369 478
4370 850
4371 479
4372 2540
4373 478
4374 1026
4375 1285
4376 479
4377 479
4378 479
4379 3026
4380 1192
4381 483
4382 1052
4383 1486
4384 2758
4385 485
4386 2404
4387 2569
4388 1042
4389 485
4390 966
4391 610
4392 2383
4393 486
4394 490
4395 2231
4396 2288
4397 2314
4398 494
4399 596
4400 2764
4401 1728
4402 2440
4403 500
4404 1078
4405 501
4406 503
4407 505
4408 1140
4409 2403
4410 1634
4411 1008
4412 507
4413 3051
4414 508
4415 508
4416 1896
4417 2997
4418 3058
4419 1266
4420 884
4421 1754
4422 873
4423 523
4424 1199
4425 523
4426 523
4427 644
4428 1307
4429 1889
4430 534
4431 534
4432 2911
4433 687
4434 535
4435 539
4436 894
4437 2016
4438 1651
4439 2432
4440 540
4441 1332
4442 540
4443 1024
4444 668
4445 1384
4446 928
4447 895
4448 2577
4449 546
4450 1289
4451 2659
4452 548
4453 548
4454 900
4455 692
4456 2152
4457 778
4458 1855
4459 2474
4460 1510
4461 549
4462 554
4463 3328
4464 1270
4465 1381
4466 555
4467 844
4468 556
4469 559
4470 3278
4471 1977
4472 2529
4473 818
4474 568
4475 3107
4476 559
4477 559
4478 1683
4479 560
4480 816
4481 560
4482 560
4483 563
4484 1004
4485 565
4486 565
4487 1125
4488 1103
4489 959
4490 1138
4491 635
4492 689
4493 567
4494 2319
4495 567
4496 567
4497 2279
4498 2696
4499 567
4500 567
4501 570
4502 568
4503 568
4504 568
4505 568
4506 569
4507 1320
4508 569
4509 2127
4510 1571
4511 1272
4512 573
4513 573
4514 613
4515 2506
4516 3159
4517 2353
4518 1194
4519 2150
4520 3271
4521 1218
4522 576
4523 577
4524 1224
4525 1741
4526 578
4527 1669
4528 578
4529 581
4530 2108
4531 582
4532 1760
4533 583
4534 583
4535 1944
4536 1397
4537 583
4538 1225
4539 2351
4540 1025
4541 1073
4542 592
4543 2488
4544 596
4545 2063
4546 597
4547 597
4548 1382
4549 655
4550 601
4551 3313
4552 720
4553 1718
4554 603
4555 604
4556 2243
4557 604
4558 604
4559 1010
4560 604
4561 604
4562 2844
4563 607
4564 607
4565 609
4566 2839
4567 1000
4568 609
4569 609
4570 2393
4571 609
4572 609
4573 609
4574 3234
4575 1083
4576 1613
4577 1477
4578 1424
4579 954
4580 638
4581 2388
4582 764
4583 1772
4584 765
4585 610
4586 610
4587 610
4588 1400
4589 2301
4590 1869
4591 2285
4592 2354
4593 610
4594 610
4595 610
4596 1407
4597 2598
4598 610
4599 2920
4600 1032
4601 3017
4602 1867
4603 2018
4604 610
4605 2054
4606 1548
4607 1237
4608 610
4609 610
4610 1113
4611 1574
4612 1514
4613 610
4614 1781
4615 610
4616 3028
4617 2118
4618 610
4619 926
4620 2620
4621 610
4622 610
4623 610
4624 610
4625 610
4626 610
4627 1716
4628 1531
4629 2240
4630 1965
4631 2843
4632 610
4633 612
4634 847
4635 3219
4636 1660
4637 1355
4638 613
4639 3046
4640 1223
4641 1720
4642 2379
4643 783
4644 1667
4645 613
4646 613
4647 613
4648 1552
4649 2420
4650 613
4651 2050
4652 901
4653 921
4654 2028
4655 920
4656 3161
4657 2832
4658 681
4659 2462
4660 1904
4661 789
4662 889
4663 3118
4664 1304
4665 619
4666 2375
4667 624
4668 3141
4669 2486
4670 3008
4671 1935
4672 1418
4673 629
4674 630
4675 2399
4676 632
4677 1283
4678 632
4679 2216
4680 1360
4681 2746
4682 635
4683 635
4684 1834
4685 805
4686 635
4687 1938
4688 637
4689 2439
4690 1948
4691 637
4692 890
4693 641
4694 1540
4695 3199
4696 642
4697 892
4698 644
4699 644
4700 651
4701 1737
4702 651
4703 651
4704 3212
4705 651
4706 651
4707 651
4708 652
4709 652
4710 1559
4711 2376
4712 652
4713 2647
4714 652
4715 1341
4716 654
4717 654
4718 654
4719 2248
4720 1079
4721 3014
4722 1675
4723 655
4724 658
4725 658
4726 660
4727 1919
4728 1699
4729 662
4730 1221
4731 662
4732 664
4733 665
4734 1778
4735 665
4736 666
4737 2736
4738 666
4739 666
4740 666
4741 666
4742 666
4743 1314
4744 666
4745 666
4746 2010
4747 2752
4748 2841
4749 666
4750 1524
4751 666
4752 2072
4753 3245
4754 666
4755 666
4756 666
4757 666
4758 671
4759 2863
4760 673
4761 869
4762 2543
4763 673
4764 1874
4765 2727
4766 674
4767 3098
4768 1245
4769 1160
4770 1089
4771 989
4772 674
4773 675
4774 675
4775 1528
4776 675
4777 1902
4778 675
4779 2002
4780 675
4781 675
4782 675
4783 3156
4784 3175
4785 3088
4786 676
4787 899
4788 1496
4789 1126
4790 679
4791 1069
4792 1048
4793 2470
4794 2798
4795 2035
4796 3297
4797 682
4798 682
4799 682
4800 3246
4801 682
4802 682
4803 2645
4804 682
4805 1638
4806 2261
4807 682
4808 2885
4809 682
4810 2595
4811 754
4812 682
4813 1288
4814 710
4815 1096
4816 684
4817 687
4818 903
4819 688
4820 688
4821 688
4822 688
4823 929
4824 1413
4825 1087
4826 1844
4827 694
4828 694
4829 1568
4830 694
4831 774
4832 694
4833 695
4834 1442
4835 3187
4836 746
4837 2804
4838 915
4839 1167
4840 695
4841 698
4842 699
4843 931
4844 700
4845 700
4846 1097
4847 701
4848 701
4849 1995
4850 701
4851 701
4852 703
4853 703
4854 1832
4855 2871
4856 728
4857 703
4858 3130
4859 703
4860 704
4861 704
4862 704
4863 704
4864 2518
4865 2241
4866 704
4867 704
4868 2971
4869 2751
4870 704
4871 704
4872 1680
4873 704
4874 704
4875 1443
4876 2389
4877 704
4878 2504
4879 1275
4880 801
4881 1149
4882 1116
4883 705
4884 2739
4885 705
4886 1380
4887 1483
4888 2025
4889 705
4890 2622
4891 1296
4892 750
4893 941
4894 706
4895 706
4896 706
4897 2064
4898 1370
4899 707
4900 2590
4901 710
4902 715
4903 715
4904 1428
4905 2701
4906 3144
4907 721
4908 1343
4909 726
4910 1202
4911 922
4912 2600
4913 729
4914 1392
4915 944
4916 729
4917 729
4918 846
4919 3250
4920 737
4921 737
4922 737
4923 938
4924 737
4925 737
4926 3021
4927 744
4928 753
4929 745
4930 745
4931 745
4932 809
4933 751
4934 755
4935 2589
4936 843
4937 757
4938 757
4939 2479
4940 757
4941 2975
4942 2475
4943 757
4944 3213
4945 757
4946 1111
4947 757
4948 2921
4949 3010
4950 762
4951 1592
4952 1527
4953 764
4954 1996
4955 2151
4956 765
4957 766
4958 1085
4959 1783
4960 2052
4961 1001
4962 778
4963 1213
4964 780
4965 780
4966 780
4967 782
4968 783
4969 783
4970 783
4971 786
4972 786
4973 2723
4974 1134
4975 3327
4976 1846
4977 2307
4978 2501
4979 1827
4980 2775
4981 924
4982 863
4983 1884
4984 788
4985 788
4986 793
4987 793
4988 793
4989 3314
4990 793
4991 2561
4992 2033
4993 797
4994 802
4995 1693
4996 803
4997 972
4998 805
4999 2981
5000 2969
5001 2810
5002 1710
5003 815
5004 819
5005 2977
5006 2339
5007 821
5008 824
5009 825
5010 1763
5011 832
5012 834
5013 834
5014 1769
5015 834
5016 1971
5017 834
5018 1953
5019 2043
5020 835
5021 1248
5022 834
5023 2425
5024 834
5025 834
5026 834
5027 3093
5028 834
5029 3052
5030 2929
5031 1605
5032 841
5033 853
5034 1005
5035 841
5036 843
5037 2912
5038 3113
5039 843
5040 2428
5041 2135
5042 844
5043 844
5044 844
5045 844
5046 3321
5047 844
5048 3110
5049 844
5050 844
5051 1604
5052 2194
5053 844
5054 844
5055 844
5056 1353
5057 844
5058 1707
5059 1923
5060 1711
5061 844
5062 844
5063 844
5064 844
5065 2719
5066 1906
5067 1942
5068 2080
5069 844
5070 1877
5071 844
5072 3071
5073 844
5074 2434
5075 1074
5076 2983
5077 1475
5078 2286
5079 844
5080 844
5081 844
5082 2655
5083 845
5084 845
5085 846
5086 846
5087 969
5088 3238
5089 850
5090 850
5091 2308
5092 850
5093 2612
5094 1978
5095 853
5096 1169
5097 1107
5098 1100
5099 891
5100 1241
5101 1690
5102 866
5103 866
5104 3055
5105 1016
5106 1790
5107 3204
5108 1175
5109 869
5110 869
5111 869
5112 1099
5113 2942
5114 1361
5115 873
5116 875
5117 2204
5118 876
5119 877
5120 2962
5121 994
5122 881
5123 2451
5124 885
5125 885
5126 885
5127 885
5128 885
5129 3099
5130 885
5131 1755
5132 1158
5133 886
5134 2161
5135 886
5136 886
5137 886
5138 886
5139 1555
5140 888
5141 889
5142 889
5143 889
5144 3022
5145 889
5146 889
5147 890
5148 1581
5149 892
5150 892
5151 892
5152 892
5153 3009
5154 948
5155 893
5156 893
5157 2385
5158 897
5159 897
5160 897
5161 897
5162 1745
5163 1447
5164 3201
5165 897
5166 1012
5167 2877
5168 897
5169 2392
5170 897
5171 897
5172 2611
5173 2608
5174 897
5175 898
5176 1784
5177 907
5178 968
5179 909
5180 2362
5181 909
5182 910
5183 2411
5184 912
5185 916
5186 1627
5187 920
5188 1539
5189 921
5190 1215
5191 921
5192 921
5193 960
5194 1166
5195 921
5196 921
5197 1311
5198 3163
5199 2853
5200 1133
5201 923
5202 1146
5203 1219
5204 924
5205 2459
5206 924
5207 925
5208 1793
5209 925
5210 2605
5211 1721
5212 925
5213 1987
5214 1852
5215 1197
5216 1481
5217 2836
5218 1467
5219 929
5220 929
5221 929
5222 1545
5223 1186
5224 1228
5225 929
5226 2978
5227 934
5228 935
5229 935
5230 1927
5231 935
5232 937
5233 939
5234 939
5235 1373
5236 942
5237 3063
5238 943
5239 1560
5240 1190
5241 1220
5242 3032
5243 947
5244 1337
5245 1253
5246 1273
5247 948
5248 3050
5249 2851
5250 1136
5251 3137
5252 952
5253 952
5254 955
5255 1189
5256 2695
5257 2477
5258 1110
5259 1705
5260 959
5261 960
5262 960
5263 961
5264 962
5265 962
5266 962
5267 2490
5268 1204
5269 962
5270 2592
5271 962
5272 2892
5273 962
5274 962
5275 962
5276 1983
5277 962
5278 2153
5279 962
5280 962
5281 964
5282 965
5283 965
5284 972
5285 972
5286 2173
5287 1066
5288 972
5289 972
5290 972
5291 2398
5292 1191
5293 2210
5294 2062
5295 972
5296 972
5297 972
5298 976
5299 976
5300 976
5301 979
5302 982
5303 985
5304 985
5305 985
5306 989
5307 2473
5308 990
5309 990
5310 990
5311 990
5312 990
5313 1299
5314 3038
5315 993
5316 993
5317 1276
5318 1308
5319 996
5320 996
5321 2837
5322 996
5323 996
5324 2557
5325 1364
5326 1057
5327 1007
5328 2109
5329 1008
5330 1170
5331 1491
5332 3145
5333 1008
5334 1008
5335 1008
5336 3148
5337 2982
5338 1011
5339 1011
5340 1011
5341 1011
5342 1022
5343 1394
5344 1016
5345 2305
5346 1016
5347 1016
5348 1016
5349 1033
5350 2098
5351 1021
5352 1021
5353 1234
5354 1021
5355 1021
5356 1021
5357 3018
5358 1021
5359 1589
5360 1021
5361 1021
5362 1658
5363 1305
5364 1026
5365 1211
5366 1027
5367 1033
5368 1092
5369 1035
5370 1035
5371 1037
5372 1039
5373 1040
5374 1040
5375 1227
5376 2193
5377 1267
5378 1040
5379 1260
5380 1040
5381 1040
5382 2239
5383 1406
5384 1042
5385 1758
5386 1045
5387 1045
5388 1775
5389 1047
5390 2784
5391 1049
5392 2232
5393 1051
5394 1052
5395 2091
5396 1546
5397 1052
5398 1210
5399 1521
5400 1086
5401 3247
5402 1061
5403 3316
5404 1061
5405 2115
5406 2348
5407 1232
5408 1301
5409 1062
5410 1970
5411 2880
5412 1062
5413 2242
5414 1636
5415 1063
5416 1063
5417 2521
5418 2053
5419 2410
5420 1065
5421 1416
5422 1065
5423 1294
5424 1065
5425 1065
5426 1065
5427 2992
5428 1610
5429 1065
5430 1135
5431 3000
5432 1069
5433 1069
5434 1069
5435 2078
5436 1617
5437 1069
5438 1069
5439 1069
5440 2712
5441 1069
5442 1070
5443 1070
5444 1070
5445 1071
5446 1071
5447 1399
5448 1899
5449 1265
5450 1077
5451 1077
5452 1081
5453 1086
5454 2101
5455 1087
5456 1088
5457 1088
5458 1088
5459 1101
5460 1088
5461 2374
5462 1088
5463 1088
5464 1088
5465 1088
5466 1090
5467 1368
5468 1704
5469 2683
5470 1090
5471 1090
5472 1090
5473 1090
5474 1090
5475 1090
5476 1090
5477 1329
5478 1090
5479 1526
5480 1252
5481 1572
5482 1091
5483 1647
5484 1398
5485 1094
5486 1096
5487 3027
5488 1096
5489 1096
5490 2441
5491 2075
5492 1098
5493 1099
5494 1099
5495 1099
5496 1099
5497 1099
5498 1773
5499 1838
5500 1742
5501 2298
5502 1785
5503 1104
5504 1104
5505 1105
5506 1106
5507 1109
5508 1109
5509 2928
5510 2413
5511 2337
5512 1110
5513 1111
5514 1579
5515 1113
5516 1115
5517 1115
5518 1124
5519 2908
5520 1124
5521 1422
5522 1124
5523 2005
5524 1126
5525 1126
5526 2446
5527 3033
5528 1611
5529 1131
5530 1131
5531 1578
5532 1132
5533 1133
5534 3197
5535 2732
5536 1138
5537 1141
5538 1141
5539 1141
5540 1515
5541 1141
5542 1141
5543 1141
5544 1141
5545 1556
5546 1141
5547 1142
5548 2366
5549 1143
5550 1146
5551 1146
5552 1146
5553 1146
5554 1306
5555 2665
5556 1151
5557 1153
5558 1153
5559 1238
5560 2230
5561 2195
5562 1153
5563 1154
5564 1426
5565 3262
5566 2635
5567 1859
5568 2861
5569 1154
5570 1603
5571 1159
5572 1160
5573 1160
5574 1160
5575 1160
5576 1454
5577 1160
5578 1160
5579 1856
5580 1160
5581 1160
5582 1160
5583 1160
5584 1786
5585 1160
5586 1160
5587 1498
5588 1163
5589 2170
5590 1163
5591 1885
5592 3315
5593 1167
5594 1168
5595 1170
5596 1172
5597 1172
5598 1173
5599 1334
5600 1174
5601 1174
5602 1174
5603 1618
5604 1175
5605 2493
5606 3066
5607 2188
5608 1179
5609 2582
5610 1179
5611 2027
5612 1179
5613 1179
5614 1179
5615 1179
5616 1179
5617 2330
5618 1409
5619 1185
5620 1188
5621 1851
5622 2335
5623 1191
5624 3007
5625 1674
5626 1191
5627 1328
5628 1191
5629 2762
5630 1191
5631 1191
5632 1212
5633 1503
5634 1191
5635 1191
5636 1191
5637 2148
5638 1191
5639 2171
5640 1191
5641 1688
5642 1191
5643 1191
5644 1535
5645 1191
5646 1350
5647 1191
5648 1268
5649 2134
5650 2445
5651 1191
5652 1191
5653 1191
5654 1191
5655 1191
5656 1191
5657 1197
5658 1197
5659 2786
5660 1197
5661 1197
5662 1931
5663 3299
5664 1202
5665 3330
5666 1207
5667 1286
5668 1209
5669 1210
5670 1598
5671 2140
5672 1215
5673 1215
5674 1215
5675 1433
5676 2076
5677 1717
5678 1216
5679 1217
5680 2735
5681 1218
5682 1218
5683 1220
5684 1220
5685 2012
5686 2402
5687 1224
5688 1225
5689 1225
5690 1225
5691 2967
5692 1226
5693 1226
5694 1226
5695 1226
5696 1226
5697 2818
5698 1226
5699 1226
5700 1226
5701 1226
5702 1226
5703 2113
5704 1759
5705 1227
5706 1227
5707 2513
5708 1228
5709 1228
5710 1228
5711 1228
5712 2544
5713 1230
5714 1230
5715 1230
5716 1230
5717 1231
5718 2951
5719 3268
5720 1231
5721 2682
5722 1231
5723 1234
5724 1313
5725 1234
5726 1236
5727 1236
5728 1237
5729 1924
5730 1238
5731 1238
5732 2865
5733 1238
5734 1239
5735 1421
5736 1726
5737 1241
5738 1241
5739 1242
5740 1242
5741 1858
5742 1847
5743 1245
5744 2024
5745 1245
5746 2509
5747 2905
5748 1563
5749 1614
5750 1245
5751 1245
5752 1245
5753 1245
5754 1245
5755 1245
5756 1245
5757 1245
5758 1245
5759 2698
5760 1245
5761 1245
5762 1245
5763 1245
5764 2782
5765 2927
5766 1245
5767 1245
5768 1245
5769 1245
5770 1245
5771 1453
5772 1245
5773 1245
5774 1245
5775 1245
5776 2725
5777 2372
5778 1459
5779 1245
5780 1245
5781 2606
5782 1245
5783 1269
5784 1246
5785 1678
5786 1248
5787 1251
5788 2214
5789 2820
5790 1252
5791 1252
5792 1252
5793 1813
5794 1253
5795 2130
5796 1508
5797 3086
5798 1258
5799 2856
5800 1960
5801 1449
5802 1258
5803 1258
5804 1258
5805 1551
5806 1258
5807 2163
5808 1259
5809 1259
5810 1259
5811 1260
5812 1260
5813 1260
5814 1263
5815 1277
5816 1738
5817 1267
5818 1267
5819 1269
5820 1269
5821 1269
5822 3036
5823 2029
5824 1269
5825 1269
5826 1404
5827 1269
5828 3312
5829 2640
5830 1269
5831 1269
5832 1269
5833 2534
5834 2217
5835 1269
5836 1269
5837 1269
5838 1269
5839 1269
5840 1269
5841 1269
5842 1269
5843 3174
5844 1270
5845 1270
5846 1270
5847 1270
5848 2189
5849 2456
5850 1273
5851 2104
5852 2651
5853 2662
5854 2262
5855 1275
5856 1662
5857 1542
5858 1275
5859 1570
5860 1275
5861 1275
5862 2741
5863 2187
5864 1277
5865 1277
5866 2808
5867 2607
5868 1278
5869 1278
5870 1280
5871 1280
5872 1280
5873 1482
5874 1280
5875 1694
5876 1280
5877 1280
5878 1280
5879 2228
5880 1280
5881 1811
5882 1281
5883 1281
5884 1281
5885 2253
5886 2444
5887 3255
5888 1367
5889 1348
5890 1347
5891 1285
5892 1290
5893 1291
5894 2528
5895 1293
5896 1300
5897 1294
5898 1297
5899 2578
5900 1298
5901 1298
5902 3109
5903 3041
5904 1302
5905 1912
5906 1509
5907 1303
5908 1303
5909 1689
5910 1303
5911 1305
5912 1992
5913 1836
5914 1473
5915 1306
5916 1925
5917 1310
5918 1316
5919 2706
5920 1316
5921 1316
5922 1316
5923 1346
5924 1316
5925 2126
5926 1316
5927 1316
5928 1316
5929 1316
5930 1411
5931 1523
5932 1316
5933 1461
5934 1703
5935 1317
5936 1318
5937 1319
5938 2471
5939 1323
5940 1323
5941 1323
5942 1323
5943 1465
5944 1323
5945 1323
5946 1323
5947 1323
5948 1323
5949 1839
5950 1323
5951 1323
5952 1323
5953 1323
5954 1323
5955 1323
5956 1324
5957 1324
5958 2801
5959 2166
5960 1325
5961 1326
5962 2480
5963 2082
5964 1328
5965 1329
5966 2648
5967 1500
5968 1333
5969 1333
5970 1334
5971 2936
5972 1335
5973 1845
5974 1335
5975 1335
5976 1476
5977 2672
5978 1336
5979 1336
5980 1336
5981 1336
5982 3264
5983 1336
5984 1336
5985 3252
5986 1336
5987 1336
5988 1336
5989 1338
5990 1338
5991 1338
5992 1338
5993 1338
5994 2542
5995 1338
5996 1338
5997 1338
5998 1338
5999 1338
6000 1340
6001 1901
6002 1340
6003 1340
6004 1876
6005 1520
6006 3020
6007 1340
6008 1340
6009 1928
6010 1340
6011 1646
6012 2483
6013 1340
6014 1340
6015 2849
6016 1910
6017 2049
6018 1340
6019 1340
6020 1637
6021 1340
6022 1340
6023 2807
6024 1469
6025 1340
6026 1340
6027 2634
6028 1340
6029 1340
6030 1340
6031 2000
6032 1897
6033 1340
6034 1340
6035 3081
6036 1340
6037 2663
6038 2989
6039 1340
6040 1823
6041 1532
6042 1340
6043 3062
6044 2793
6045 1340
6046 1340
6047 1340
6048 1340
6049 1340
6050 1815
6051 1343
6052 1343
6053 2224
6054 1558
6055 1345
6056 1345
6057 1639
6058 1345
6059 1349
6060 1351
6061 1351
6062 1352
6063 2294
6064 1353
6065 1353
6066 2709
6067 2487
6068 1917
6069 1357
6070 1359
6071 2838
6072 3097
6073 1365
6074 2539
6075 1365
6076 1365
6077 1365
6078 1367
6079 2568
6080 2367
6081 1371
6082 1373
6083 3101
6084 3233
6085 1941
6086 1376
6087 1377
6088 1377
6089 1377
6090 1819
6091 1378
6092 1379
6093 1379
6094 1379
6095 1379
6096 1916
6097 1379
6098 1709
6099 1380
6100 1383
6101 2047
6102 1383
6103 1385
6104 1385
6105 1386
6106 1386
6107 1462
6108 1388
6109 1389
6110 1390
6111 1391
6112 2819
6113 1391
6114 1391
6115 1393
6116 1397
6117 1397
6118 2924
6119 1397
6120 1397
6121 1397
6122 1398
6123 1398
6124 1398
6125 1401
6126 1401
6127 1403
6128 2267
6129 1403
6130 1403
6131 2492
6132 1403
6133 1404
6134 1404
6135 2259
6136 1405
6137 1405
6138 1405
6139 1881
6140 1409
6141 1848
6142 1409
6143 1621
6144 1409
6145 1409
6146 1409
6147 2613
6148 1409
6149 1410
6150 1410
6151 1410
6152 2720
6153 1410
6154 2980
6155 1413
6156 1413
6157 2494
6158 1413
6159 1416
6160 2729
6161 1416
6162 1416
6163 1416
6164 2688
6165 1416
6166 1471
6167 1416
6168 1416
6169 1416
6170 1700
6171 1416
6172 1416
6173 2805
6174 1416
6175 2481
6176 1416
6177 1416
6178 1416
6179 1445
6180 1908
6181 1416
6182 2754
6183 1577
6184 1416
6185 1417
6186 1490
6187 1418
6188 1418
6189 1421
6190 3150
6191 1421
6192 1620
6193 1425
6194 1425
6195 1427
6196 1428
6197 1431
6198 1432
6199 1432
6200 1730
6201 1432
6202 1432
6203 1432
6204 2102
6205 1432
6206 1432
6207 2215
6208 1739
6209 1432
6210 1882
6211 1432
6212 1932
6213 1432
6214 1432
6215 1435
6216 1435
6217 1435
6218 2373
6219 1437
6220 3195
6221 1437
6222 1437
6223 1437
6224 1437
6225 1437
6226 1437
6227 1437
6228 1437
6229 1437
6230 1437
6231 1437
6232 3317
6233 1437
6234 1437
6235 2019
6236 1437
6237 1437
6238 1945
6239 1821
6240 1437
6241 1439
6242 1684
6243 1439
6244 1440
6245 1445
6246 2536
6247 1522
6248 1445
6249 1445
6250 1448
6251 1451
6252 3275
6253 2044
6254 1451
6255 2603
6256 1905
6257 3154
6258 1459
6259 1462
6260 1462
6261 1462
6262 1462
6263 1463
6264 1463
6265 2500
6266 1802
6267 1463
6268 1464
6269 1837
6270 2408
6271 1465
6272 1465
6273 2218
6274 1466
6275 1466
6276 1468
6277 1469
6278 1469
6279 1471
6280 1474
6281 1474
6282 1734
6283 1474
6284 2884
6285 1475
6286 1475
6287 1478
6288 1480
6289 2116
6290 1481
6291 1481
6292 1481
6293 1481
6294 1481
6295 1485
6296 1486
6297 1486
6298 1487
6299 2563
6300 1489
6301 1490
6302 1490
6303 3115
6304 1490
6305 1490
6306 1491
6307 1491
6308 3298
6309 1491
6310 1491
6311 2037
6312 1491
6313 2357
6314 1491
6315 2276
6316 1491
6317 1870
6318 1491
6319 1492
6320 1492
6321 1492
6322 1494
6323 2007
6324 1496
6325 1496
6326 1789
6327 1496
6328 1496
6329 1497
6330 1497
6331 2138
6332 3013
6333 1502
6334 1502
6335 1557
6336 1502
6337 2289
6338 1502
6339 1502
6340 3186
6341 1502
6342 1895
6343 3279
6344 1502
6345 1502
6346 1502
6347 1975
6348 1502
6349 2610
6350 1590
6351 1502
6352 2060
6353 1502
6354 1502
6355 1503
6356 1503
6357 2378
6358 1508
6359 1508
6360 1508
6361 1661
6362 1510
6363 2268
6364 1510
6365 1513
6366 2510
6367 1517
6368 1615
6369 2565
6370 1520
6371 1520
6372 1520
6373 1520
6374 1520
6375 2755
6376 1520
6377 1520
6378 3181
6379 1521
6380 1522
6381 1682
6382 1774
6383 1526
6384 1533
6385 1526
6386 2245
6387 1526
6388 3198
6389 1565
6390 1534
6391 1672
6392 1540
6393 2280
6394 1541
6395 2347
6396 1544
6397 2340
6398 1713
6399 2881
6400 1550
6401 1550
6402 2476
6403 1550
6404 1554
6405 1554
6406 2707
6407 1554
6408 1554
6409 1554
6410 2213
6411 2875
6412 1554
6413 2661
6414 1555
6415 1558
6416 3126
6417 1562
6418 1761
6419 1562
6420 1562
6421 3232
6422 1562
6423 1562
6424 1562
6425 1562
6426 1640
6427 1562
6428 1625
6429 1562
6430 1562
6431 1562
6432 1562
6433 1562
6434 1563
6435 1567
6436 3288
6437 1571
6438 1571
6439 1571
6440 1572
6441 1962
6442 1573
6443 1576
6444 1579
6445 1579
6446 1580
6447 1581
6448 1864
6449 3170
6450 1581
6451 1581
6452 1581
6453 1673
6454 1583
6455 2235
6456 1583
6457 1583
6458 2697
6459 1586
6460 1588
6461 1592
6462 1594
6463 1594
6464 1984
6465 1594
6466 1594
6467 1594
6468 1594
6469 2907
6470 3242
6471 1594
6472 1594
6473 1595
6474 2226
6475 1595
6476 1596
6477 1596
6478 1597
6479 2675
6480 3123
6481 2478
6482 1598
6483 2893
6484 3074
6485 2961
6486 1598
6487 1598
6488 1598
6489 2352
6490 1599
6491 1601
6492 1603
6493 2391
6494 2668
6495 1607
6496 1607
6497 1607
6498 2803
6499 1608
6500 1608
6501 2583
6502 2919
6503 1611
6504 3112
6505 2869
6506 1614
6507 1614
6508 1616
6509 1616
6510 1616
6511 1751
6512 2251
6513 2247
6514 2965
6515 1616
6516 1616
6517 1616
6518 2041
6519 2309
6520 1618
6521 1618
6522 1622
6523 1624
6524 1625
6525 2666
6526 2826
6527 1627
6528 1627
6529 1627
6530 1630
6531 1631
6532 1631
6533 1631
6534 1631
6535 1631
6536 1677
6537 1631
6538 3301
6539 2756
6540 2327
6541 1631
6542 3223
6543 1631
6544 1637
6545 1638
6546 1638
6547 1638
6548 1639
6549 1640
6550 2146
6551 1642
6552 1642
6553 1642
6554 1642
6555 1642
6556 1642
6557 2887
6558 1663
6559 1643
6560 1644
6561 1644
6562 3179
6563 2265
6564 2017
6565 1645
6566 2484
6567 1652
6568 1655
6569 1656
6570 1656
6571 1657
6572 1660
6573 1661
6574 1661
6575 2864
6576 1661
6577 1661
6578 1661
6579 1817
6580 3194
6581 1661
6582 1661
6583 1661
6584 1663
6585 2972
6586 1663
6587 1663
6588 1663
6589 2297
6590 1666
6591 1666
6592 1666
6593 1666
6594 1907
6595 1671
6596 1671
6597 2896
6598 1673
6599 1673
6600 1673
6601 2616
6602 1673
6603 1673
6604 2959
6605 1794
6606 1673
6607 1673
6608 1674
6609 1675
6610 1675
6611 1675
6612 1675
6613 1676
6614 2328
6615 1677
6616 1677
6617 1677
6618 1991
6619 1677
6620 1958
6621 1679
6622 1680
6623 1681
6624 1681
6625 1681
6626 3047
6627 1681
6628 1681
6629 3157
6630 1686
6631 1947
6632 1691
6633 1692
6634 1692
6635 2369
6636 1692
6637 2925
6638 1694
6639 2272
6640 2343
6641 1831
6642 1694
6643 1694
6644 1694
6645 1940
6646 1694
6647 1694
6648 1694
6649 1694
6650 1694
6651 1695
6652 1696
6653 1743
6654 1696
6655 1696
6656 1696
6657 1701
6658 1776
6659 2121
6660 1703
6661 2341
6662 1703
6663 1703
6664 1703
6665 3070
6666 2628
6667 1703
6668 2129
6669 1703
6670 1703
6671 1703
6672 1955
6673 1703
6674 1703
6675 1703
6676 1703
6677 3142
6678 1705
6679 1705
6680 1705
6681 1705
6682 1705
6683 1705
6684 1705
6685 1705
6686 1705
6687 1705
6688 1705
6689 1708
6690 1710
6691 3105
6692 1713
6693 1713
6694 1714
6695 1715
6696 1715
6697 1715
6698 1715
6699 1715
6700 1718
6701 1719
6702 1719
6703 1721
6704 2964
6705 1721
6706 1875
6707 1722
6708 1723
6709 3281
6710 1724
6711 2941
6712 1724
6713 1724
6714 1724
6715 1724
6716 1724
6717 3100
6718 1969
6719 3044
6720 2530
6721 1724
6722 1724
6723 1724
6724 1724
6725 1724
6726 1724
6727 2381
6728 1724
6729 1724
6730 1780
6731 1724
6732 1724
6733 1724
6734 1724
6735 1724
6736 2724
6737 1724
6738 1724
6739 1724
6740 3080
6741 1724
6742 1724
6743 1724
6744 1724
6745 2621
6746 1724
6747 1724
6748 1724
6749 3132
6750 1724
6751 1724
6752 1913
6753 1724
6754 2237
6755 1724
6756 1724
6757 2596
6758 1724
6759 2552
6760 1724
6761 1724
6762 1724
6763 1724
6764 3323
6765 2913
6766 2624
6767 1724
6768 2003
6769 1724
6770 2631
6771 2862
6772 1724
6773 1724
6774 1725
6775 2359
6776 2284
6777 1731
6778 1732
6779 1732
6780 1732
6781 1734
6782 1734
6783 1739
6784 1739
6785 2199
6786 2566
6787 1810
6788 1739
6789 1739
6790 1739
6791 1739
6792 1739
6793 1739
6794 1739
6795 1739
6796 1739
6797 1739
6798 1739
6799 1739
6800 1739
6801 3178
6802 2580
6803 2694
6804 1739
6805 1739
6806 1739
6807 1739
6808 1739
6809 1739
6810 1739
6811 2395
6812 1739
6813 1739
6814 1739
6815 3060
6816 1739
6817 1739
6818 1841
6819 1742
6820 1742
6821 2850
6822 2255
6823 1746
6824 2516
6825 1750
6826 1752
6827 1753
6828 3222
6829 1753
6830 1753
6831 1754
6832 2852
6833 1754
6834 1756
6835 1756
6836 1990
6837 2427
6838 1756
6839 1756
6840 1762
6841 1763
6842 1763
6843 1766
6844 1766
6845 1767
6846 1767
6847 2553
6848 2081
6849 2079
6850 1768
6851 2154
6852 1769
6853 1770
6854 2995
6855 2763
6856 1772
6857 1943
6858 1774
6859 1774
6860 1774
6861 1777
6862 1777
6863 1777
6864 2186
6865 2873
6866 1777
6867 1777
6868 1777
6869 2768
6870 1777
6871 1860
6872 1777
6873 1777
6874 2625
6875 1777
6876 1777
6877 2174
6878 1805
6879 1779
6880 1780
6881 1780
6882 1781
6883 1783
6884 2059
6885 2874
6886 2878
6887 1788
6888 1788
6889 1865
6890 1788
6891 1788
6892 1788
6893 1788
6894 1788
6895 1788
6896 1789
6897 1789
6898 1812
6899 1789
6900 1857
6901 2750
6902 1789
6903 1789
6904 3153
6905 1789
6906 3147
6907 1789
6908 1789
6909 1789
6910 3004
6911 2405
6912 1793
6913 2122
6914 2890
6915 2976
6916 1951
6917 1793
6918 1793
6919 1793
6920 3254
6921 1793
6922 2646
6923 1793
6924 1793
6925 1793
6926 1793
6927 1793
6928 1793
6929 1793
6930 1793
6931 1793
6932 2502
6933 1794
6934 1794
6935 1794
6936 2030
6937 1795
6938 1795
6939 1796
6940 2938
6941 1796
6942 1796
6943 1986
6944 1796
6945 3158
6946 1796
6947 1796
6948 1799
6949 1799
6950 1799
6951 1799
6952 1799
6953 1799
6954 1799
6955 1799
6956 1801
6957 1801
6958 1801
6959 1801
6960 1801
6961 1801
6962 1801
6963 2898
6964 2185
6965 1805
6966 2219
6967 1809
6968 1809
6969 1809
6970 1809
6971 1809
6972 2205
6973 2749
6974 1809
6975 1810
6976 1810
6977 1814
6978 1972
6979 1819
6980 2922
6981 1824
6982 1824
6983 1824
6984 2721
6985 1824
6986 3067
6987 2313
6988 1824
6989 1828
6990 1830
6991 1830
6992 1830
6993 1830
6994 2781
6995 2670
6996 1830
6997 1830
6998 1830
6999 1830
7000 1830
7001 1830
7002 1939
7003 1830
7004 1830
7005 1830
7006 1830
7007 2065
7008 1832
7009 1838
7010 3054
7011 2172
7012 2946
7013 1839
7014 2040
7015 1839
7016 1839
7017 1839
7018 1839
7019 1839
7020 2684
7021 2814
7022 1839
7023 1839
7024 2302
7025 1849
7026 1839
7027 1839
7028 2824
7029 1839
7030 1841
7031 3176
7032 1843
7033 1844
7034 3200
7035 1845
7036 1845
7037 1845
7038 1846
7039 1847
7040 1847
7041 1847
7042 1847
7043 1847
7044 1850
7045 1850
7046 1850
7047 1850
7048 1850
7049 1922
7050 1998
7051 1850
7052 1857
7053 1857
7054 1857
7055 1857
7056 1857
7057 2716
7058 1857
7059 2178
7060 1858
7061 1858
7062 1858
7063 3162
7064 1859
7065 1859
7066 1860
7067 2916
7068 1864
7069 2654
7070 2071
7071 3160
7072 3253
7073 1867
7074 1867
7075 1869
7076 2356
7077 1875
7078 1876
7079 1876
7080 2785
7081 1876
7082 1876
7083 1876
7084 2031
7085 1876
7086 1876
7087 1876
7088 2515
7089 1876
7090 1876
7091 1876
7092 1876
7093 1876
7094 1876
7095 1876
7096 1876
7097 1876
7098 1876
7099 2120
7100 1876
7101 2191
7102 3106
7103 1876
7104 1876
7105 1876
7106 1876
7107 1876
7108 1876
7109 1876
7110 2715
7111 1876
7112 1877
7113 1877
7114 1879
7115 1879
7116 2744
7117 1879
7118 1880
7119 1880
7120 2783
7121 1883
7122 2269
7123 1884
7124 1884
7125 1885
7126 2252
7127 2426
7128 1885
7129 1885
7130 1885
7131 1885
7132 1886
7133 1886
7134 1886
7135 1886
7136 1893
7137 1886
7138 1886
7139 1886
7140 2233
7141 1886
7142 1886
7143 1888
7144 1892
7145 1892
7146 2547
7147 1893
7148 1893
7149 1893
7150 1893
7151 1894
7152 1894
7153 1894
7154 2560
7155 1895
7156 1895
7157 3085
7158 1900
7159 1900
7160 1900
7161 1900
7162 1900
7163 1900
7164 1900
7165 1901
7166 1902
7167 2505
7168 1902
7169 1903
7170 2618
7171 1903
7172 1904
7173 1904
7174 1904
7175 2664
7176 2601
7177 1904
7178 1904
7179 1904
7180 1904
7181 1904
7182 1904
7183 3108
7184 1912
7185 2990
7186 2088
7187 1937
7188 2956
7189 1916
7190 2355
7191 2994
7192 1916
7193 1916
7194 1916
7195 1921
7196 1921
7197 1922
7198 3185
7199 2145
7200 2400
7201 2848
7202 1924
7203 1924
7204 3236
7205 2718
7206 1961
7207 1926
7208 1926
7209 1926
7210 1926
7211 1926
7212 1926
7213 3190
7214 1927
7215 1929
7216 2192
7217 1930
7218 1993
7219 1930
7220 3274
7221 1930
7222 1931
7223 1932
7224 3002
7225 1932
7226 1932
7227 2860
7228 1933
7229 1934
7230 1934
7231 1934
7232 1934
7233 1934
7234 1950
7235 1934
7236 3149
7237 1934
7238 1934
7239 2287
7240 1934
7241 1935
7242 1935
7243 1935
7244 1936
7245 1936
7246 1936
7247 1943
7248 2677
7249 3202
7250 2322
7251 1943
7252 1943
7253 2991
7254 1943
7255 1946
7256 1946
7257 1946
7258 1946
7259 1946
7260 2112
7261 1946
7262 1946
7263 2950
7264 1947
7265 2051
7266 3294
7267 1951
7268 1951
7269 1951
7270 1951
7271 1952
7272 1952
7273 1952
7274 1952
7275 3293
7276 1952
7277 1954
7278 1954
7279 1954
7280 1956
7281 3111
7282 1956
7283 1956
7284 1956
7285 1956
7286 2089
7287 1956
7288 2584
7289 1956
7290 1956
7291 1956
7292 2158
7293 1956
7294 1956
7295 1956
7296 3133
7297 1956
7298 1956
7299 1956
7300 2855
7301 1956
7302 2220
7303 1956
7304 1956
7305 1956
7306 1956
7307 1956
7308 1956
7309 1956
7310 2057
7311 1956
7312 2092
7313 2867
7314 1956
7315 1956
7316 1956
7317 3103
7318 1956
7319 3059
7320 1956
7321 1956
7322 1956
7323 1956
7324 1956
7325 3152
7326 1956
7327 3030
7328 2436
7329 1956
7330 1956
7331 1956
7332 1956
7333 1956
7334 1956
7335 1956
7336 1956
7337 1956
7338 1956
7339 1956
7340 1956
7341 1956
7342 1956
7343 1956
7344 1967
7345 1956
7346 2575
7347 1956
7348 1956
7349 1956
7350 2633
7351 1956
7352 1956
7353 1956
7354 2564
7355 2074
7356 2454
7357 2209
7358 1956
7359 1956
7360 1956
7361 1956
7362 1956
7363 2687
7364 3188
7365 1956
7366 1956
7367 1956
7368 1956
7369 1956
7370 1956
7371 1956
7372 1956
7373 1956
7374 1956
7375 1959
7376 2917
7377 1962
7378 2738
7379 1962
7380 1962
7381 1962
7382 1962
7383 2998
7384 1965
7385 1970
7386 2090
7387 1971
7388 1971
7389 1971
7390 1971
7391 2531
7392 2699
7393 2039
7394 1971
7395 1971
7396 1972
7397 2657
7398 2726
7399 1979
7400 3012
7401 1980
7402 2888
7403 1981
7404 1981
7405 3064
7406 1984
7407 1985
7408 1987
7409 2499
7410 1987
7411 3225
7412 2639
7413 1987
7414 1987
7415 1989
7416 1989
7417 1990
7418 1990
7419 1990
7420 1990
7421 1990
7422 1991
7423 2437
7424 1993
7425 1993
7426 1994
7427 1996
7428 1996
7429 1996
7430 2160
7431 1998
7432 1998
7433 1998
7434 2000
7435 2000
7436 2000
7437 2993
7438 2000
7439 2000
7440 2000
7441 2274
7442 2000
7443 2000
7444 2000
7445 2000
7446 2000
7447 2000
7448 2000
7449 2002
7450 2002
7451 2002
7452 2003
7453 2003
7454 3087
7455 2007
7456 2008
7457 2008
7458 2009
7459 2227
7460 2789
7461 2009
7462 2010
7463 2010
7464 2010
7465 2010
7466 2010
7467 2010
7468 2809
7469 2010
7470 2010
7471 2010
7472 2010
7473 2010
7474 2010
7475 2010
7476 2010
7477 2010
7478 2585
7479 2010
7480 2010
7481 2010
7482 2010
7483 2010
7484 2450
7485 3269
7486 2010
7487 2010
7488 2056
7489 2010
7490 2010
7491 2010
7492 2010
7493 2123
7494 2010
7495 3003
7496 2010
7497 2010
7498 2011
7499 2418
7500 3258
7501 2013
7502 2619
7503 2015
7504 2015
7505 2119
7506 2016
7507 2169
7508 2238
7509 2019
7510 2512
7511 2019
7512 2019
7513 2019
7514 2019
7515 2019
7516 2019
7517 2019
7518 2019
7519 2019
7520 3203
7521 2022
7522 2022
7523 2022
7524 2022
7525 2022
7526 2023
7527 2024
7528 3124
7529 2024
7530 2025
7531 2028
7532 2028
7533 2028
7534 3206
7535 2028
7536 2028
7537 2249
7538 2028
7539 2028
7540 2028
7541 3084
7542 2567
7543 2028
7544 2028
7545 3320
7546 2028
7547 2030
7548 2030
7549 2030
7550 2031
7551 2035
7552 2036
7553 2708
7554 2036
7555 2317
7556 2036
7557 2037
7558 2038
7559 2038
7560 2910
7561 2040
7562 2040
7563 3128
7564 2040
7565 2040
7566 2046
7567 2046
7568 2047
7569 2047
7570 2047
7571 2423
7572 2047
7573 2047
7574 2047
7575 2047
7576 2047
7577 2048
7578 2048
7579 2049
7580 2049
7581 2049
7582 2541
7583 2049
7584 2052
7585 2143
7586 2058
7587 2058
7588 2058
7589 2829
7590 2591
7591 2059
7592 2060
7593 2988
7594 2061
7595 2061
7596 2061
7597 2061
7598 2061
7599 2061
7600 2626
7601 2061
7602 3311
7603 2061
7604 2464
7605 2164
7606 2730
7607 2066
7608 2070
7609 2071
7610 2075
7611 2075
7612 2075
7613 2076
7614 2079
7615 2079
7616 2080
7617 3114
7618 2084
7619 2084
7620 2084
7621 3191
7622 3005
7623 2084
7624 2084
7625 3300
7626 2084
7627 2766
7628 2084
7629 2084
7630 2084
7631 2872
7632 2084
7633 2084
7634 2084
7635 2084
7636 2084
7637 2084
7638 2084
7639 2084
7640 2084
7641 2084
7642 2084
7643 2084
7644 2084
7645 2084
7646 2679
7647 2084
7648 2939
7649 2084
7650 2084
7651 2084
7652 2084
7653 2084
7654 2084
7655 2084
7656 2084
7657 2711
7658 2084
7659 2257
7660 2315
7661 2084
7662 2084
7663 2084
7664 2363
7665 2084
7666 2084
7667 2084
7668 2554
7669 3183
7670 2084
7671 2084
7672 2556
7673 2084
7674 2361
7675 2196
7676 2932
7677 2084
7678 2358
7679 2084
7680 2084
7681 2416
7682 2084
7683 2084
7684 2085
7685 2085
7686 2397
7687 2086
7688 2086
7689 2086
7690 2086
7691 2087
7692 2087
7693 2087
7694 2088
7695 2090
7696 2090
7697 2091
7698 2091
7699 2091
7700 2091
7701 2091
7702 3035
7703 2091
7704 2091
7705 2091
7706 2091
7707 2091
7708 2091
7709 2091
7710 2091
7711 2091
7712 2091
7713 2325
7714 2586
7715 2095
7716 2779
7717 2099
7718 2099
7719 2099
7720 2099
7721 2099
7722 2099
7723 2099
7724 2099
7725 2099
7726 2099
7727 2859
7728 2883
7729 2099
7730 2491
7731 2100
7732 2955
7733 2599
7734 2103
7735 2103
7736 2103
7737 2103
7738 2103
7739 2103
7740 2821
7741 2110
7742 2110
7743 2197
7744 2112
7745 2112
7746 2113
7747 2115
7748 2115
7749 2184
7750 2116
7751 2117
7752 2117
7753 2119
7754 2119
7755 2551
7756 2120
7757 2121
7758 2121
7759 2121
7760 3329
7761 2123
7762 2127
7763 2127
7764 2127
7765 2127
7766 2127
7767 2129
7768 2132
7769 2947
7770 2132
7771 2132
7772 2133
7773 2133
7774 2133
7775 2137
7776 2757
7777 2137
7778 2137
7779 2208
7780 2137
7781 2137
7782 2212
7783 2140
7784 2334
7785 2143
7786 2143
7787 2321
7788 2143
7789 2143
7790 2145
7791 2797
7792 2148
7793 2148
7794 2148
7795 2153
7796 2800
7797 2153
7798 2153
7799 2153
7800 2223
7801 2153
7802 2153
7803 2153
7804 2944
7805 2681
7806 2154
7807 2155
7808 2155
7809 2155
7810 2157
7811 2157
7812 2526
7813 2158
7814 2159
7815 2159
7816 2159
7817 2159
7818 2159
7819 2159
7820 2159
7821 2159
7822 2159
7823 2159
7824 3263
7825 2159
7826 2160
7827 2163
7828 2163
7829 2163
7830 2163
7831 2163
7832 2168
7833 2168
7834 2168
7835 2168
7836 2168
7837 2168
7838 2168
7839 2168
7840 2168
7841 2168
7842 2168
7843 2168
7844 2168
7845 2168
7846 2168
7847 2168
7848 2168
7849 2168
7850 2168
7851 2168
7852 2168
7853 2168
7854 2168
7855 2812
7856 2168
7857 2671
7858 2168
7859 2842
7860 2168
7861 2168
7862 2168
7863 2168
7864 2168
7865 2345
7866 2168
7867 2169
7868 2170
7869 2171
7870 2174
7871 2176
7872 2176
7873 2176
7874 2176
7875 2177
7876 2177
7877 2178
7878 2555
7879 2999
7880 2179
7881 2179
7882 2179
7883 2179
7884 2179
7885 2182
7886 2182
7887 3292
7888 2336
7889 2184
7890 2184
7891 2185
7892 2278
7893 3135
7894 2187
7895 2187
7896 2188
7897 2523
7898 2189
7899 2189
7900 2435
7901 3061
7902 2191
7903 2192
7904 2192
7905 2192
7906 2986
7907 2193
7908 2193
7909 2760
7910 2194
7911 2949
7912 2199
7913 2246
7914 2200
7915 2200
7916 2201
7917 2201
7918 3168
7919 2201
7920 2201
7921 2201
7922 2201
7923 2201
7924 2201
7925 2201
7926 2201
7927 2461
7928 2201
7929 2201
7930 2201
7931 2963
7932 2201
7933 2201
7934 2714
7935 2201
7936 2201
7937 2201
7938 2201
7939 2201
7940 2570
7941 2201
7942 2201
7943 2201
7944 3289
7945 2201
7946 2201
7947 2201
7948 2201
7949 2201
7950 2202
7951 2202
7952 2202
7953 2202
7954 2202
7955 2202
7956 3138
7957 2202
7958 2203
7959 2203
7960 2203
7961 2204
7962 2204
7963 2632
7964 2909
7965 3257
7966 2204
7967 2204
7968 2204
7969 2447
7970 2204
7971 2204
7972 2940
7973 2204
7974 2377
7975 2204
7976 2545
7977 2204
7978 2204
7979 3164
7980 2204
7981 2204
7982 2250
7983 2208
7984 2209
7985 2310
7986 2213
7987 2213
7988 2234
7989 2219
7990 2219
7991 2295
7992 2219
7993 2225
7994 2791
7995 2227
7996 2771
7997 2442
7998 2227
7999 2227
8000 2227
8001 2562
8002 2229
8003 2229
8004 2229
8005 2230
8006 2231
8007 2231
8008 2232
8009 2235
8010 2235
8011 2236
8012 2237
8013 2238
8014 2239
8015 2241
8016 2242
8017 2243
8018 2243
8019 2247
8020 2914
8021 2250
8022 2253
8023 2253
8024 3045
8025 2255
8026 2304
8027 2256
8028 2256
8029 2256
8030 2256
8031 2257
8032 2394
8033 2260
8034 2260
8035 2260
8036 2985
8037 2260
8038 2260
8039 2260
8040 2260
8041 2260
8042 2260
8043 2813
8044 2260
8045 2260
8046 3326
8047 2260
8048 2265
8049 2265
8050 2614
8051 2270
8052 2274
8053 2277
8054 3095
8055 2279
8056 2900
8057 2283
8058 2401
8059 2283
8060 2283
8061 2286
8062 2287
8063 2287
8064 2288
8065 2288
8066 2288
8067 2290
8068 2291
8069 2293
8070 2294
8071 2295
8072 2295
8073 2295
8074 2296
8075 3001
8076 2296
8077 2297
8078 2297
8079 2297
8080 3083
8081 2297
8082 2297
8083 2300
8084 2303
8085 2304
8086 2304
8087 2304
8088 2304
8089 2305
8090 2305
8091 2305
8092 2305
8093 2306
8094 2308
8095 2308
8096 2308
8097 2309
8098 2314
8099 2314
8100 2315
8101 2315
8102 2316
8103 2326
8104 2327
8105 2327
8106 2327
8107 2327
8108 2327
8109 2966
8110 3324
8111 2328
8112 2328
8113 2328
8114 2328
8115 2328
8116 2328
8117 2328
8118 2329
8119 2329
8120 2330
8121 2330
8122 2330
8123 2331
8124 2332
8125 2332
8126 2335
8127 2335
8128 2336
8129 2339
8130 2339
8131 2340
8132 2341
8133 2341
8134 2342
8135 2343
8136 2343
8137 2344
8138 2344
8139 2344
8140 2345
8141 2345
8142 2345
8143 2345
8144 2345
8145 2345
8146 2345
8147 2345
8148 2345
8149 2886
8150 2767
8151 2347
8152 2347
8153 2347
8154 3217
8155 2351
8156 2351
8157 2579
8158 3025
8159 2352
8160 2352
8161 3220
8162 2587
8163 2352
8164 2352
8165 2352
8166 2352
8167 2352
8168 2352
8169 2352
8170 2352
8171 2352
8172 2352
8173 2352
8174 2352
8175 2352
8176 2352
8177 2352
8178 2352
8179 2352
8180 2352
8181 2352
8182 2352
8183 2352
8184 2352
8185 2352
8186 2352
8187 2353
8188 2357
8189 2357
8190 2358
8191 2358
8192 2359
8193 2362
8194 2363
8195 2363
8196 3218
8197 2365
8198 2365
8199 2366
8200 2433
8201 2370
8202 2370
8203 2373
8204 3116
8205 2375
8206 2376
8207 2376
8208 2377
8209 2377
8210 2379
8211 2379
8212 2379
8213 2379
8214 2383
8215 2383
8216 2857
8217 2384
8218 2384
8219 2390
8220 2384
8221 2384
8222 2384
8223 2384
8224 3136
8225 2387
8226 2388
8227 2573
8228 2391
8229 2391
8230 2391
8231 2391
8232 2391
8233 2391
8234 2391
8235 2392
8236 2392
8237 2392
8238 2392
8239 2392
8240 2396
8241 2397
8242 2400
8243 2400
8244 2400
8245 2404
8246 2407
8247 2407
8248 2408
8249 2408
8250 2408
8251 2408
8252 2408
8253 2408
8254 2408
8255 2408
8256 2408
8257 2410
8258 2410
8259 2410
8260 2410
8261 2410
8262 2410
8263 2772
8264 2410
8265 2410
8266 2823
8267 3034
8268 2411
8269 2411
8270 2411
8271 2412
8272 2412
8273 2413
8274 2417
8275 2417
8276 2417
8277 2417
8278 2417
8279 2417
8280 2417
8281 2418
8282 2419
8283 2419
8284 2419
8285 2419
8286 2419
8287 2422
8288 2423
8289 2425
8290 2426
8291 2426
8292 2673
8293 2427
8294 2427
8295 2427
8296 2427
8297 2428
8298 2429
8299 2429
8300 2429
8301 2429
8302 2449
8303 2429
8304 2431
8305 3319
8306 2431
8307 2433
8308 2436
8309 2759
8310 2438
8311 2438
8312 2438
8313 2438
8314 2439
8315 2439
8316 2439
8317 2439
8318 2439
8319 2439
8320 2690
8321 2439
8322 2960
8323 2440
8324 2444
8325 2958
8326 2446
8327 2446
8328 2446
8329 2446
8330 2447
8331 2827
8332 2776
8333 2449
8334 2453
8335 2455
8336 2455
8337 2456
8338 2456
8339 2456
8340 2456
8341 2456
8342 2457
8343 2458
8344 2459
8345 2765
8346 2461
8347 2464
8348 2468
8349 2471
8350 2471
8351 3053
8352 2474
8353 2480
8354 2480
8355 2480
8356 2481
8357 2483
8358 2485
8359 2537
8360 2485
8361 2486
8362 2486
8363 2490
8364 2491
8365 2491
8366 2491
8367 2491
8368 2492
8369 2492
8370 2492
8371 2494
8372 2494
8373 2495
8374 2495
8375 2495
8376 2495
8377 2495
8378 3309
8379 2495
8380 2495
8381 2502
8382 2502
8383 2505
8384 2505
8385 2505
8386 2505
8387 2505
8388 2506
8389 2508
8390 2506
8391 2506
8392 2506
8393 2508
8394 2509
8395 2509
8396 2509
8397 2510
8398 2511
8399 2511
8400 2511
8401 2515
8402 2515
8403 2515
8404 2831
8405 2528
8406 2953
8407 2530
8408 2530
8409 2530
8410 2530
8411 2530
8412 2530
8413 3248
8414 2532
8415 2532
8416 2532
8417 2532
8418 2532
8419 2532
8420 2532
8421 2532
8422 2534
8423 2536
8424 2536
8425 2536
8426 2537
8427 2537
8428 2537
8429 2539
8430 2539
8431 2539
8432 2539
8433 2540
8434 2540
8435 2545
8436 3282
8437 2954
8438 2546
8439 2549
8440 2549
8441 2549
8442 2549
8443 2550
8444 2552
8445 2552
8446 2552
8447 2552
8448 2554
8449 2554
8450 2554
8451 2555
8452 2555
8453 2556
8454 2556
8455 2556
8456 3302
8457 2609
8458 2557
8459 2652
8460 2558
8461 2558
8462 2558
8463 2560
8464 2563
8465 2564
8466 2565
8467 2565
8468 2567
8469 2567
8470 2569
8471 2570
8472 2570
8473 2571
8474 2574
8475 2575
8476 2575
8477 2578
8478 2578
8479 2578
8480 2578
8481 2580
8482 2580
8483 2580
8484 2581
8485 2582
8486 2582
8487 2582
8488 2584
8489 2588
8490 2588
8491 2588
8492 2588
8493 2588
8494 2588
8495 2590
8496 2592
8497 2593
8498 2593
8499 2593
8500 2593
8501 2593
8502 2593
8503 2593
8504 2593
8505 2593
8506 2593
8507 2593
8508 2894
8509 2593
8510 2593
8511 2593
8512 2593
8513 2593
8514 2602
8515 2595
8516 3184
8517 2595
8518 3210
8519 3094
8520 2600
8521 2600
8522 2600
8523 2600
8524 2600
8525 2600
8526 2601
8527 2601
8528 2601
8529 2601
8530 2601
8531 2601
8532 3189
8533 2601
8534 2601
8535 2601
8536 2601
8537 2601
8538 2602
8539 2602
8540 2602
8541 2607
8542 2613
8543 2614
8544 2614
8545 2614
8546 2615
8547 2615
8548 2619
8549 2621
8550 2621
8551 2625
8552 2625
8553 2625
8554 2625
8555 3043
8556 2626
8557 2627
8558 2629
8559 2629
8560 2629
8561 2629
8562 2632
8563 3285
8564 2637
8565 2637
8566 3322
8567 2637
8568 2637
8569 2743
8570 2638
8571 2970
8572 2948
8573 2638
8574 2638
8575 2638
8576 2639
8577 2639
8578 2639
8579 2642
8580 2643
8581 2644
8582 2646
8583 2646
8584 2957
8585 2646
8586 2646
8587 2646
8588 2646
8589 2646
8590 2646
8591 2646
8592 2647
8593 2648
8594 2648
8595 2648
8596 3228
8597 2648
8598 2650
8599 2652
8600 2652
8601 2653
8602 2656
8603 2656
8604 2656
8605 2656
8606 2656
8607 2656
8608 2656
8609 2661
8610 2665
8611 2665
8612 2665
8613 2996
8614 2665
8615 2665
8616 2665
8617 2906
8618 2665
8619 2665
8620 2665
8621 2667
8622 2667
8623 2667
8624 2667
8625 2667
8626 2669
8627 2672
8628 2674
8629 2674
8630 2674
8631 2674
8632 3273
8633 3205
8634 2677
8635 3295
8636 2677
8637 2678
8638 2693
8639 3166
8640 2681
8641 2681
8642 3023
8643 2681
8644 2685
8645 2686
8646 2686
8647 2686
8648 2686
8649 2686
8650 2687
8651 3209
8652 2692
8653 2692
8654 2692
8655 2692
8656 2692
8657 2693
8658 2693
8659 2693
8660 2693
8661 2696
8662 2696
8663 2697
8664 2697
8665 2697
8666 2697
8667 2697
8668 3304
8669 2702
8670 2702
8671 2706
8672 2706
8673 2708
8674 2708
8675 2709
8676 2709
8677 2709
8678 2714
8679 2930
8680 2716
8681 2716
8682 2717
8683 2719
8684 3303
8685 2719
8686 2719
8687 2719
8688 2719
8689 2719
8690 2719
8691 2719
8692 2720
8693 2721
8694 2721
8695 2721
8696 2723
8697 2723
8698 2723
8699 2723
8700 2723
8701 2725
8702 2725
8703 2725
8704 2725
8705 2725
8706 3251
8707 2725
8708 2725
8709 2725
8710 2725
8711 2725
8712 2729
8713 2729
8714 2729
8715 2729
8716 2729
8717 2729
8718 2729
8719 2729
8720 2933
8721 2731
8722 2732
8723 2732
8724 2733
8725 2733
8726 2733
8727 2736
8728 2736
8729 2736
8730 2974
8731 2736
8732 2737
8733 2738
8734 2882
8735 2739
8736 2740
8737 2740
8738 2742
8739 2742
8740 2742
8741 2742
8742 2742
8743 3065
8744 2742
8745 3276
8746 2742
8747 2742
8748 2742
8749 2742
8750 2742
8751 2742
8752 2742
8753 2742
8754 3318
8755 2744
8756 2744
8757 2745
8758 2745
8759 2745
8760 2745
8761 2745
8762 2749
8763 2749
8764 2749
8765 2749
8766 2749
8767 2751
8768 2751
8769 2751
8770 3042
8771 2752
8772 2753
8773 2753
8774 2753
8775 2754
8776 2755
8777 2755
8778 2755
8779 2755
8780 2755
8781 2755
8782 2757
8783 2770
8784 2760
8785 2760
8786 3227
8787 2760
8788 2760
8789 2760
8790 2760
8791 2760
8792 2760
8793 3122
8794 2764
8795 2764
8796 2764
8797 2764
8798 2764
8799 2764
8800 2767
8801 3073
8802 2768
8803 2768
8804 2769
8805 2769
8806 2769
8807 2769
8808 2769
8809 3249
8810 2770
8811 2771
8812 2773
8813 2773
8814 2773
8815 2774
8816 2774
8817 2774
8818 2854
8819 2903
8820 2778
8821 2780
8822 2782
8823 3029
8824 3015
8825 2783
8826 2784
8827 2866
8828 2785
8829 2786
8830 2786
8831 2786
8832 2786
8833 2786
8834 2786
8835 2786
8836 2787
8837 2789
8838 2789
8839 2790
8840 2790
8841 2790
8842 2790
8843 2790
8844 2791
8845 3172
8846 2792
8847 2793
8848 2796
8849 2797
8850 2797
8851 2797
8852 2797
8853 2797
8854 2797
8855 3031
8856 2797
8857 2797
8858 2797
8859 2797
8860 2797
8861 2797
8862 2797
8863 2797
8864 2797
8865 2798
8866 2801
8867 2804
8868 2804
8869 2804
8870 2868
8871 2804
8872 2804
8873 2804
8874 2804
8875 2805
8876 2805
8877 2805
8878 2805
8879 2805
8880 2809
8881 2809
8882 2809
8883 2809
8884 2809
8885 2809
8886 2809
8887 2810
8888 2814
8889 2819
8890 2819
8891 3091
8892 2819
8893 2819
8894 2819
8895 2819
8896 2819
8897 2973
8898 2819
8899 2819
8900 2819
8901 2819
8902 2819
8903 2819
8904 2819
8905 2819
8906 2819
8907 2819
8908 2819
8909 2819
8910 2819
8911 2819
8912 2819
8913 2819
8914 2819
8915 2819
8916 2819
8917 2819
8918 2819
8919 2819
8920 2819
8921 2819
8922 2819
8923 2819
8924 2819
8925 2819
8926 2819
8927 2819
8928 2819
8929 2931
8930 2819
8931 2819
8932 2819
8933 2819
8934 2819
8935 2819
8936 3215
8937 2819
8938 2821
8939 2821
8940 3229
8941 2824
8942 2824
8943 2824
8944 3134
8945 2827
8946 2827
8947 3193
8948 2829
8949 3266
8950 2830
8951 2830
8952 2831
8953 2831
8954 2836
8955 2837
8956 2838
8957 2840
8958 2841
8959 2841
8960 2841
8961 2841
8962 2841
8963 2843
8964 2843
8965 2843
8966 2843
8967 2843
8968 2843
8969 3196
8970 2844
8971 2844
8972 2844
8973 2845
8974 2848
8975 2849
8976 2850
8977 2850
8978 2852
8979 2853
8980 2853
8981 2853
8982 2854
8983 2854
8984 2854
8985 2855
8986 2856
8987 2857
8988 2859
8989 2860
8990 2860
8991 2860
8992 2860
8993 2863
8994 2863
8995 2864
8996 2864
8997 2866
8998 2866
8999 2866
9000 2866
9001 2866
9002 2866
9003 2866
9004 2866
9005 2866
9006 2866
9007 2866
9008 2866
9009 2869
9010 2869
9011 2869
9012 2869
9013 2869
9014 2871
9015 2871
9016 2872
9017 2872
9018 2872
9019 2873
9020 2874
9021 3151
9022 2878
9023 2878
9024 2879
9025 2879
9026 2880
9027 2880
9028 2880
9029 2880
9030 2880
9031 2880
9032 2881
9033 2881
9034 2881
9035 2882
9036 2882
9037 2887
9038 2887
9039 2887
9040 2887
9041 2887
9042 2888
9043 2890
9044 2890
9045 2892
9046 2895
9047 2897
9048 2897
9049 2897
9050 3039
9051 2897
9052 2897
9053 2897
9054 2897
9055 2897
9056 2897
9057 2898
9058 2898
9059 3075
9060 2901
9061 2902
9062 2902
9063 2902
9064 2902
9065 3167
9066 3272
9067 2903
9068 2903
9069 2903
9070 2903
9071 2903
9072 2903
9073 2903
9074 2903
9075 2903
9076 2903
9077 2905
9078 2907
9079 2908
9080 2910
9081 2910
9082 2914
9083 2914
9084 2914
9085 2916
9086 2916
9087 3143
9088 2918
9089 2918
9090 2918
9091 2918
9092 2918
9093 2918
9094 2924
9095 2924
9096 2924
9097 2924
9098 2926
9099 2926
9100 2926
9101 2926
9102 2926
9103 2926
9104 2927
9105 2928
9106 3011
9107 2929
9108 2929
9109 2929
9110 2931
9111 2931
9112 2932
9113 2932
9114 2932
9115 2932
9116 2935
9117 2936
9118 2937
9119 2937
9120 2937
9121 2937
9122 2938
9123 2940
9124 2941
9125 2941
9126 2941
9127 2941
9128 2941
9129 2941
9130 2941
9131 2941
9132 2941
9133 2941
9134 2941
9135 2941
9136 2941
9137 2941
9138 2941
9139 2941
9140 2941
9141 2942
9142 2942
9143 2947
9144 2947
9145 2947
9146 3072
9147 2947
9148 2950
9149 2950
9150 2951
9151 2951
9152 2951
9153 2951
9154 2951
9155 2951
9156 2951
9157 2951
9158 2951
9159 2951
9160 3216
9161 2954
9162 2954
9163 2956
9164 2956
9165 2957
9166 2958
9167 2958
9168 2958
9169 2958
9170 2958
9171 2958
9172 3165
9173 2959
9174 2959
9175 2959
9176 2959
9177 2959
9178 2959
9179 2960
9180 2960
9181 2960
9182 2960
9183 2961
9184 2963
9185 2963
9186 2963
9187 2963
9188 2963
9189 2963
9190 2963
9191 2963
9192 2963
9193 2963
9194 2965
9195 2965
9196 2968
9197 2968
9198 2968
9199 2968
9200 2968
9201 2968
9202 2968
9203 2968
9204 2968
9205 2968
9206 2968
9207 2968
9208 3131
9209 2968
9210 2968
9211 2968
9212 2968
9213 2968
9214 2968
9215 2968
9216 2968
9217 2968
9218 2968
9219 2968
9220 2968
9221 2969
9222 2969
9223 2969
9224 2970
9225 2972
9226 2973
9227 2975
9228 2976
9229 2978
9230 2978
9231 2978
9232 2978
9233 2978
9234 2980
9235 3244
9236 2981
9237 2983
9238 3284
9239 2983
9240 2985
9241 2986
9242 2988
9243 2988
9244 2988
9245 2989
9246 2991
9247 3237
9248 2994
9249 3048
9250 2994
9251 2994
9252 2994
9253 2994
9254 2994
9255 2994
9256 2995
9257 2996
9258 2997
9259 2997
9260 2997
9261 2997
9262 2997
9263 2997
9264 2997
9265 2997
9266 3240
9267 2999
9268 3000
9269 3000
9270 3000
9271 3000
9272 3000
9273 3000
9274 3000
9275 3000
9276 3003
9277 3003
9278 3003
9279 3003
9280 3003
9281 3003
9282 3003
9283 3003
9284 3003
9285 3003
9286 3003
9287 3003
9288 3003
9289 3003
9290 3003
9291 3003
9292 3003
9293 3003
9294 3003
9295 3003
9296 3003
9297 3003
9298 3003
9299 3003
9300 3003
9301 3003
9302 3003
9303 3003
9304 3003
9305 3003
9306 3003
9307 3003
9308 3003
9309 3003
9310 3003
9311 3003
9312 3003
9313 3003
9314 3003
9315 3003
9316 3003
9317 3003
9318 3003
9319 3003
9320 3003
9321 3305
9322 3003
9323 3003
9324 3003
9325 3003
9326 3003
9327 3003
9328 3003
9329 3003
9330 3003
9331 3003
9332 3003
9333 3003
9334 3003
9335 3003
9336 3003
9337 3003
9338 3003
9339 3003
9340 3006
9341 3003
9342 3003
9343 3003
9344 3003
9345 3003
9346 3003
9347 3003
9348 3003
9349 3003
9350 3003
9351 3003
9352 3003
9353 3003
9354 3003
9355 3003
9356 3308
9357 3003
9358 3003
9359 3121
9360 3003
9361 3003
9362 3119
9363 3003
9364 3003
9365 3003
9366 3003
9367 3079
9368 3003
9369 3003
9370 3003
9371 3265
9372 3003
9373 3003
9374 3003
9375 3003
9376 3003
9377 3003
9378 3003
9379 3003
9380 3003
9381 3003
9382 3003
9383 3003
9384 3003
9385 3003
9386 3003
9387 3003
9388 3003
9389 3006
9390 3007
9391 3007
9392 3007
9393 3007
9394 3007
9395 3007
9396 3010
9397 3010
9398 3011
9399 3011
9400 3011
9401 3011
9402 3011
9403 3012
9404 3012
9405 3014
9406 3015
9407 3016
9408 3016
9409 3019
9410 3117
9411 3019
9412 3287
9413 3020
9414 3020
9415 3020
9416 3037
9417 3021
9418 3021
9419 3023
9420 3024
9421 3024
9422 3024
9423 3025
9424 3025
9425 3025
9426 3028
9427 3028
9428 3032
9429 3033
9430 3033
9431 3037
9432 3042
9433 3045
9434 3045
9435 3045
9436 3045
9437 3045
9438 3045
9439 3045
9440 3045
9441 3045
9442 3045
9443 3045
9444 3045
9445 3045
9446 3045
9447 3045
9448 3045
9449 3045
9450 3045
9451 3045
9452 3045
9453 3045
9454 3283
9455 3045
9456 3045
9457 3045
9458 3045
9459 3045
9460 3045
9461 3045
9462 3045
9463 3045
9464 3045
9465 3045
9466 3045
9467 3259
9468 3045
9469 3045
9470 3045
9471 3045
9472 3045
9473 3045
9474 3045
9475 3045
9476 3045
9477 3045
9478 3045
9479 3045
9480 3045
9481 3045
9482 3045
9483 3045
9484 3045
9485 3045
9486 3090
9487 3045
9488 3045
9489 3045
9490 3045
9491 3045
9492 3045
9493 3045
9494 3045
9495 3045
9496 3045
9497 3045
9498 3045
9499 3045
9500 3050
9501 3052
9502 3052
9503 3053
9504 3053
9505 3054
9506 3054
9507 3054
9508 3054
9509 3054
9510 3054
9511 3054
9512 3054
9513 3054
9514 3054
9515 3055
9516 3055
9517 3055
9518 3056
9519 3056
9520 3057
9521 3057
9522 3057
9523 3057
9524 3057
9525 3057
9526 3057
9527 3057
9528 3057
9529 3058
9530 3059
9531 3059
9532 3059
9533 3060
9534 3060
9535 3063
9536 3063
9537 3063
9538 3069
9539 3069
9540 3074
9541 3076
9542 3079
9543 3080
9544 3081
9545 3277
9546 3082
9547 3082
9548 3083
9549 3083
9550 3083
9551 3083
9552 3180
9553 3084
9554 3089
9555 3089
9556 3089
9557 3089
9558 3089
9559 3089
9560 3089
9561 3089
9562 3089
9563 3089
9564 3089
9565 3089
9566 3089
9567 3089
9568 3089
9569 3089
9570 3089
9571 3090
9572 3092
9573 3261
9574 3094
9575 3094
9576 3094
9577 3094
9578 3098
9579 3100
9580 3104
9581 3104
9582 3104
9583 3104
9584 3104
9585 3104
9586 3106
9587 3106
9588 3106
9589 3106
9590 3106
9591 3106
9592 3106
9593 3106
9594 3106
9595 3106
9596 3106
9597 3106
9598 3106
9599 3106
9600 3108
9601 3108
9602 3108
9603 3108
9604 3108
9605 3108
9606 3110
9607 3112
9608 3112
9609 3112
9610 3112
9611 3113
9612 3113
9613 3113
9614 3117
9615 3117
9616 3117
9617 3118
9618 3118
9619 3120
9620 3120
9621 3123
9622 3123
9623 3123
9624 3125
9625 3125
9626 3129
9627 3129
9628 3129
9629 3130
9630 3130
9631 3130
9632 3130
9633 3130
9634 3130
9635 3134
9636 3135
9637 3136
9638 3136
9639 3136
9640 3136
9641 3139
9642 3142
9643 3142
9644 3142
9645 3143
9646 3143
9647 3145
9648 3147
9649 3150
9650 3286
9651 3153
9652 3153
9653 3153
9654 3153
9655 3154
9656 3154
9657 3154
9658 3154
9659 3154
9660 3157
9661 3162
9662 3162
9663 3163
9664 3163
9665 3163
9666 3163
9667 3165
9668 3166
9669 3167
9670 3291
9671 3167
9672 3167
9673 3173
9674 3168
9675 3168
9676 3168
9677 3170
9678 3170
9679 3174
9680 3175
9681 3175
9682 3175
9683 3175
9684 3175
9685 3176
9686 3178
9687 3178
9688 3178
9689 3178
9690 3178
9691 3179
9692 3181
9693 3182
9694 3182
9695 3186
9696 3191
9697 3191
9698 3192
9699 3192
9700 3192
9701 3193
9702 3193
9703 3193
9704 3193
9705 3195
9706 3197
9707 3199
9708 3199
9709 3199
9710 3296
9711 3199
9712 3201
9713 3201
9714 3206
9715 3207
9716 3207
9717 3207
9718 3207
9719 3207
9720 3207
9721 3207
9722 3207
9723 3207
9724 3207
9725 3207
9726 3207
9727 3207
9728 3207
9729 3207
9730 3207
9731 3207
9732 3207
9733 3207
9734 3207
9735 3207
9736 3207
9737 3207
9738 3207
9739 3207
9740 3207
9741 3207
9742 3207
9743 3207
9744 3207
9745 3207
9746 3207
9747 3207
9748 3207
9749 3207
9750 3207
9751 3207
9752 3207
9753 3207
9754 3207
9755 3207
9756 3207
9757 3207
9758 3207
9759 3207
9760 3207
9761 3207
9762 3207
9763 3207
9764 3207
9765 3207
9766 3207
9767 3207
9768 3207
9769 3207
9770 3207
9771 3207
9772 3208
9773 3210
9774 3210
9775 3210
9776 3210
9777 3210
9778 3210
9779 3210
9780 3210
9781 3210
9782 3210
9783 3210
9784 3210
9785 3210
9786 3210
9787 3210
9788 3210
9789 3210
9790 3210
9791 3210
9792 3210
9793 3210
9794 3210
9795 3210
9796 3210
9797 3210
9798 3210
9799 3210
9800 3210
9801 3210
9802 3210
9803 3210
9804 3210
9805 3210
9806 3210
9807 3210
9808 3210
9809 3210
9810 3210
9811 3210
9812 3210
9813 3210
9814 3210
9815 3210
9816 3239
9817 3210
9818 3210
9819 3210
9820 3210
9821 3210
9822 3210
9823 3210
9824 3210
9825 3210
9826 3210
9827 3210
9828 3210
9829 3210
9830 3210
9831 3210
9832 3210
9833 3210
9834 3210
9835 3210
9836 3210
9837 3210
9838 3210
9839 3210
9840 3210
9841 3210
9842 3210
9843 3210
9844 3210
9845 3212
9846 3212
9847 3215
9848 3215
9849 3222
9850 3224
9851 3226
9852 3226
9853 3226
9854 3226
9855 3226
9856 3226
9857 3226
9858 3226
9859 3226
9860 3226
9861 3226
9862 3226
9863 3226
9864 3226
9865 3226
9866 3226
9867 3226
9868 3226
9869 3226
9870 3232
9871 3235
9872 3235
9873 3235
9874 3240
9875 3240
9876 3306
9877 3240
9878 3240
9879 3240
9880 3240
9881 3240
9882 3240
9883 3240
9884 3240
9885 3243
9886 3243
9887 3243
9888 3243
9889 3243
9890 3243
9891 3243
9892 3243
9893 3243
9894 3243
9895 3243
9896 3243
9897 3243
9898 3243
9899 3243
9900 3243
9901 3243
9902 3243
9903 3243
9904 3243
9905 3243
9906 3243
9907 3243
9908 3243
9909 3243
9910 3243
9911 3243
9912 3243
9913 3243
9914 3243
9915 3244
9916 3245
9917 3246
9918 3247
9919 3247
9920 3257
9921 3259
9922 3260
9923 3260
9924 3260
9925 3260
9926 3260
9927 3260
9928 3260
9929 3263
9930 3263
9931 3263
9932 3267
9933 3268
9934 3268
9935 3268
9936 3271
9937 3271
9938 3271
9939 3271
9940 3271
9941 3271
9942 3271
9943 3274
9944 3274
9945 3274
9946 3276
9947 3276
9948 3276
9949 3276
9950 3276
9951 3276
9952 3279
9953 3279
9954 3279
9955 3279
9956 3279
9957 3280
9958 3281
9959 3283
9960 3287
9961 3289
9962 3290
9963 3291
9964 3294
9965 3296
9966 3299
9967 3299
9968 3299
9969 3299
9970 3299
9971 3302
9972 3302
9973 3302
9974 3304
9975 3304
9976 3305
9977 3305
9978 3307
9979 3307
9980 3309
9981 3309
9982 3310
9983 3311
9984 3313
9985 3316
9986 3317
9987 3322
9988 3323
9989 3323
9990 3324
9991 3324
9992 3325
9993 3325
9994 3325
9995 3326
9996 3326
9997 3327
9998 3329
9999 3330
