10000 9999
1 0
2 0
3 2
4 1
5 1
6 4
7 5
8 3
9 5
10 9
11 9
12 9
13 9
14 9
15 3
16 10
17 9
18 8
19 3
20 10
21 9
22 19
23 18
24 7
25 6
26 19
27 7
28 21
29 16
30 16
31 9
32 30
33 31
34 25
35 3
36 32
37 32
38 10
39 38
40 33
41 11
42 30
43 9
44 30
45 44
46 31
47 31
48 32
49 33
50 34
51 27
52 48
53 39
54 46
55 50
56 30
57 39
58 52
59 9
60 54
61 44
62 30
63 57
64 8
65 62
66 40
67 45
68 47
69 48
70 35
71 52
72 13
73 31
74 65
75 48
76 41
77 42
78 44
79 29
80 78
81 70
82 32
83 55
84 48
85 52
86 75
87 63
88 87
89 48
90 31
91 31
92 76
93 84
94 51
95 24
96 60
97 84
98 75
99 30
100 47
101 53
102 53
103 75
104 9
105 100
106 46
107 33
108 71
109 56
110 39
111 70
112 85
113 97
114 62
115 95
116 45
117 103
118 31
119 49
120 104
121 78
122 64
123 108
124 74
125 95
126 114
127 32
128 125
129 90
130 123
131 101
132 118
133 15
134 32
135 44
136 67
137 40
138 12
139 124
140 82
141 72
142 73
143 48
144 133
145 113
146 121
147 53
148 115
149 18
150 95
151 141
152 148
153 62
154 143
155 99
156 130
157 156
158 95
159 148
160 138
161 18
162 129
163 31
164 39
165 150
166 56
167 14
168 92
169 167
170 114
171 150
172 114
173 92
174 150
175 110
176 32
177 148
178 148
179 121
180 117
181 167
182 127
183 178
184 119
185 116
186 173
187 139
188 167
189 167
190 91
191 143
192 167
193 68
194 150
195 190
196 146
197 29
198 193
199 84
200 158
201 75
202 110
203 150
204 94
205 193
206 125
207 175
208 78
209 49
210 179
211 56
212 180
213 139
214 167
215 151
216 207
217 144
218 150
219 167
220 54
221 56
222 102
223 220
224 56
225 156
226 219
227 151
228 163
229 166
230 225
231 167
232 225
233 225
234 86
235 157
236 235
237 206
238 222
239 211
240 48
241 142
242 236
243 207
244 164
245 218
246 206
247 101
248 247
249 178
250 243
251 39
252 234
253 208
254 109
255 225
256 56
257 249
258 205
259 225
260 185
261 193
262 188
263 224
264 222
265 167
266 206
267 96
268 235
269 241
270 169
271 261
272 152
273 222
274 135
275 221
276 105
277 225
278 225
279 257
280 247
281 65
282 161
283 192
284 267
285 36
286 243
287 214
288 150
289 211
290 225
291 225
292 241
293 214
294 142
295 138
296 260
297 256
298 243
299 281
300 255
301 295
302 167
303 189
304 174
305 182
306 121
307 89
308 167
309 295
310 225
311 247
312 95
313 44
314 283
315 182
316 167
317 282
318 178
319 309
320 57
321 271
322 295
323 295
324 290
325 292
326 295
327 243
328 295
329 290
330 11
331 295
332 80
333 142
334 295
335 206
336 225
337 193
338 243
339 144
340 274
341 245
342 230
343 37
344 325
345 120
346 193
347 256
348 194
349 312
350 296
351 164
352 279
353 255
354 308
355 93
356 150
357 243
358 228
359 231
360 167
361 206
362 293
363 295
364 95
365 193
366 354
367 225
368 56
369 216
370 301
371 261
372 278
373 167
374 353
375 33
376 167
377 171
378 225
379 289
380 238
381 239
382 376
383 302
384 332
385 286
386 295
387 359
388 371
389 322
390 301
391 297
392 242
393 277
394 254
395 238
396 288
397 122
398 251
399 309
400 332
401 105
402 78
403 368
404 328
405 193
406 339
407 386
408 289
409 395
410 243
411 178
412 411
413 117
414 184
415 359
416 282
417 229
418 295
419 249
420 276
421 210
422 299
423 81
424 359
425 172
426 342
427 190
428 244
429 240
430 182
431 308
432 390
433 62
434 225
435 105
436 372
437 434
438 146
439 436
440 275
441 30
442 295
443 58
444 225
445 232
446 156
447 393
448 82
449 54
450 207
451 348
452 378
453 295
454 279
455 243
456 314
457 129
458 78
459 431
460 146
461 309
462 167
463 436
464 342
465 289
466 403
467 423
468 430
469 382
470 154
471 274
472 243
473 110
474 447
475 457
476 311
477 289
478 399
479 352
480 261
481 289
482 38
483 404
484 359
485 278
486 295
487 304
488 397
489 487
490 360
491 185
492 238
493 243
494 450
495 349
496 38
497 285
498 459
499 295
500 270
501 127
502 303
503 243
504 193
505 66
506 359
507 431
508 349
509 133
510 72
511 497
512 225
513 278
514 408
515 167
516 225
517 503
518 243
519 296
520 349
521 57
522 295
523 424
524 435
525 186
526 276
527 351
528 402
529 295
530 174
531 474
532 500
533 354
534 449
535 419
536 167
537 400
538 431
539 506
540 48
541 307
542 352
543 52
544 358
545 336
546 537
547 321
548 251
549 302
550 79
551 160
552 206
553 123
554 328
555 310
556 448
557 431
558 328
559 428
560 435
561 48
562 511
563 89
564 309
565 313
566 112
567 368
568 532
569 225
570 190
571 250
572 335
573 225
574 315
575 451
576 507
577 295
578 502
579 295
580 225
581 225
582 431
583 567
584 265
585 500
586 234
587 200
588 392
589 454
590 500
591 485
592 530
593 359
594 195
595 295
596 195
597 435
598 520
599 328
600 465
601 566
602 533
603 90
604 183
605 225
606 532
607 439
608 511
609 273
610 233
611 421
612 183
613 586
614 148
615 243
616 521
617 225
618 383
619 226
620 243
621 610
622 425
623 533
624 500
625 581
626 555
627 309
628 449
629 440
630 614
631 574
632 584
633 625
634 190
635 420
636 88
637 225
638 511
639 178
640 497
641 109
642 104
643 564
644 559
645 559
646 566
647 625
648 95
649 9
650 523
651 354
652 282
653 453
654 483
655 518
656 106
657 395
658 442
659 580
660 491
661 657
662 374
663 578
664 319
665 613
666 625
667 295
668 500
669 148
670 500
671 648
672 329
673 389
674 469
675 453
676 579
677 419
678 566
679 364
680 650
681 545
682 598
683 295
684 426
685 328
686 295
687 460
688 115
689 533
690 507
691 530
692 239
693 438
694 601
695 596
696 524
697 578
698 193
699 570
700 649
701 546
702 614
703 625
704 478
705 619
706 304
707 263
708 279
709 367
710 698
711 649
712 455
713 686
714 295
715 698
716 532
717 647
718 347
719 664
720 243
721 533
722 610
723 511
724 487
725 300
726 694
727 688
728 698
729 485
730 402
731 662
732 665
733 686
734 669
735 679
736 299
737 622
738 335
739 645
740 580
741 464
742 89
743 380
744 175
745 402
746 135
747 548
748 710
749 243
750 362
751 585
752 533
753 153
754 686
755 283
756 242
757 507
758 254
759 43
760 225
761 653
762 207
763 613
764 614
765 295
766 608
767 613
768 295
769 178
770 511
771 373
772 681
773 167
774 704
775 769
776 625
777 748
778 424
779 613
780 595
781 126
782 182
783 353
784 148
785 17
786 295
787 41
788 511
789 278
790 669
791 359
792 780
793 48
794 622
795 118
796 392
797 494
798 331
799 197
800 436
801 560
802 323
803 698
804 295
805 780
806 789
807 295
808 627
809 649
810 732
811 698
812 316
813 223
814 604
815 610
816 546
817 335
818 247
819 468
820 615
821 350
822 225
823 709
824 255
825 115
826 780
827 593
828 778
829 243
830 152
831 225
832 741
833 627
834 690
835 313
836 780
837 551
838 827
839 833
840 565
841 164
842 380
843 816
844 568
845 225
846 110
847 225
848 541
849 741
850 412
851 780
852 158
853 698
854 840
855 496
856 741
857 780
858 458
859 698
860 775
861 225
862 668
863 500
864 20
865 780
866 175
867 791
868 524
869 735
870 485
871 741
872 150
873 773
874 650
875 243
876 698
877 309
878 392
879 818
880 471
881 649
882 193
883 613
884 420
885 698
886 807
887 247
888 818
889 655
890 817
891 792
892 243
893 372
894 544
895 243
896 368
897 761
898 577
899 775
900 442
901 328
902 750
903 485
904 841
905 253
906 225
907 725
908 765
909 590
910 702
911 48
912 613
913 392
914 698
915 616
916 715
917 609
918 20
919 295
920 595
921 720
922 368
923 111
924 791
925 833
926 295
927 114
928 698
929 761
930 614
931 874
932 858
933 660
934 763
935 660
936 234
937 278
938 325
939 338
940 557
941 193
942 550
943 102
944 528
945 649
946 560
947 629
948 437
949 520
950 818
951 563
952 578
953 799
954 225
955 309
956 156
957 953
958 555
959 587
960 818
961 295
962 243
963 827
964 26
965 870
966 895
967 559
968 897
969 225
970 827
971 696
972 775
973 863
974 631
975 929
976 611
977 780
978 284
979 871
980 243
981 158
982 762
983 953
984 563
985 709
986 353
987 507
988 749
989 304
990 601
991 953
992 727
993 558
994 649
995 559
996 106
997 238
998 871
999 867
1000 428
1001 891
1002 255
1003 295
1004 563
1005 365
1006 354
1007 966
1008 780
1009 771
1010 391
1011 891
1012 947
1013 420
1014 732
1015 483
1016 907
1017 417
1018 741
1019 780
1020 712
1021 748
1022 578
1023 282
1024 222
1025 462
1026 705
1027 341
1028 856
1029 973
1030 837
1031 567
1032 90
1033 480
1034 700
1035 15
1036 862
1037 564
1038 623
1039 328
1040 826
1041 906
1042 78
1043 871
1044 649
1045 571
1046 698
1047 23
1048 343
1049 332
1050 290
1051 1048
1052 698
1053 243
1054 755
1055 825
1056 470
1057 714
1058 357
1059 752
1060 455
1061 741
1062 520
1063 985
1064 727
1065 225
1066 406
1067 781
1068 818
1069 1028
1070 1065
1071 595
1072 622
1073 279
1074 851
1075 465
1076 181
1077 134
1078 660
1079 824
1080 1015
1081 993
1082 780
1083 328
1084 834
1085 791
1086 526
1087 789
1088 874
1089 862
1090 597
1091 528
1092 573
1093 817
1094 178
1095 511
1096 483
1097 640
1098 1034
1099 887
1100 649
1101 754
1102 243
1103 655
1104 877
1105 870
1106 1009
1107 535
1108 660
1109 442
1110 633
1111 328
1112 377
1113 916
1114 928
1115 901
1116 918
1117 566
1118 825
1119 1086
1120 698
1121 698
1122 931
1123 619
1124 442
1125 641
1126 289
1127 660
1128 381
1129 147
1130 326
1131 786
1132 734
1133 987
1134 327
1135 837
1136 346
1137 1108
1138 974
1139 463
1140 1008
1141 260
1142 196
1143 566
1144 741
1145 958
1146 759
1147 813
1148 583
1149 998
1150 485
1151 920
1152 576
1153 649
1154 392
1155 1057
1156 1063
1157 641
1158 945
1159 1134
1160 566
1161 910
1162 510
1163 559
1164 717
1165 953
1166 274
1167 360
1168 1101
1169 827
1170 692
1171 691
1172 1076
1173 648
1174 1025
1175 1158
1176 1041
1177 809
1178 556
1179 497
1180 807
1181 215
1182 429
1183 359
1184 901
1185 1080
1186 255
1187 1111
1188 272
1189 860
1190 892
1191 897
1192 1115
1193 578
1194 388
1195 682
1196 649
1197 150
1198 500
1199 418
1200 1154
1201 753
1202 511
1203 1085
1204 1074
1205 669
1206 835
1207 247
1208 694
1209 1149
1210 1200
1211 1041
1212 342
1213 933
1214 765
1215 834
1216 243
1217 328
1218 423
1219 528
1220 978
1221 249
1222 1012
1223 717
1224 780
1225 492
1226 269
1227 865
1228 669
1229 802
1230 639
1231 421
1232 737
1233 387
1234 911
1235 755
1236 951
1237 970
1238 1117
1239 365
1240 851
1241 964
1242 1231
1243 830
1244 472
1245 1230
1246 886
1247 317
1248 617
1249 775
1250 511
1251 1157
1252 1065
1253 459
1254 1114
1255 334
1256 1149
1257 258
1258 1106
1259 791
1260 801
1261 349
1262 1230
1263 1112
1264 328
1265 504
1266 225
1267 950
1268 1085
1269 1074
1270 580
1271 540
1272 108
1273 530
1274 1193
1275 536
1276 225
1277 711
1278 1009
1279 164
1280 1195
1281 539
1282 1070
1283 834
1284 789
1285 578
1286 1279
1287 542
1288 1028
1289 296
1290 295
1291 686
1292 891
1293 295
1294 728
1295 108
1296 247
1297 1080
1298 728
1299 654
1300 834
1301 439
1302 778
1303 150
1304 1093
1305 432
1306 1292
1307 1199
1308 787
1309 827
1310 1016
1311 295
1312 1064
1313 231
1314 837
1315 131
1316 122
1317 740
1318 1029
1319 673
1320 261
1321 582
1322 1201
1323 897
1324 649
1325 778
1326 601
1327 596
1328 698
1329 264
1330 732
1331 455
1332 741
1333 943
1334 31
1335 601
1336 147
1337 1063
1338 342
1339 636
1340 798
1341 98
1342 213
1343 721
1344 872
1345 836
1346 857
1347 810
1348 1281
1349 936
1350 426
1351 486
1352 941
1353 902
1354 368
1355 1129
1356 806
1357 897
1358 278
1359 646
1360 186
1361 679
1362 780
1363 530
1364 871
1365 1080
1366 1301
1367 669
1368 507
1369 1187
1370 273
1371 775
1372 225
1373 413
1374 680
1375 530
1376 697
1377 1230
1378 761
1379 791
1380 915
1381 1065
1382 1182
1383 1172
1384 239
1385 295
1386 1244
1387 564
1388 844
1389 1328
1390 1008
1391 698
1392 1207
1393 1135
1394 1133
1395 1263
1396 1284
1397 996
1398 191
1399 1369
1400 1375
1401 61
1402 368
1403 733
1404 167
1405 800
1406 430
1407 312
1408 1236
1409 506
1410 1156
1411 253
1412 1268
1413 413
1414 295
1415 693
1416 939
1417 953
1418 901
1419 618
1420 647
1421 1118
1422 1230
1423 167
1424 851
1425 1403
1426 1038
1427 934
1428 1204
1429 487
1430 360
1431 705
1432 1009
1433 1244
1434 664
1435 1297
1436 907
1437 1298
1438 809
1439 1041
1440 498
1441 735
1442 1230
1443 818
1444 1378
1445 791
1446 908
1447 1145
1448 256
1449 696
1450 756
1451 1302
1452 357
1453 749
1454 724
1455 870
1456 937
1457 1188
1458 162
1459 1029
1460 1074
1461 238
1462 363
1463 727
1464 944
1465 1444
1466 843
1467 580
1468 1178
1469 649
1470 1024
1471 328
1472 1045
1473 575
1474 1328
1475 1246
1476 1041
1477 1411
1478 532
1479 667
1480 1256
1481 408
1482 1474
1483 792
1484 148
1485 735
1486 386
1487 1235
1488 625
1489 1151
1490 749
1491 649
1492 889
1493 649
1494 1267
1495 413
1496 225
1497 1041
1498 693
1499 53
1500 614
1501 637
1502 1499
1503 765
1504 791
1505 824
1506 243
1507 598
1508 225
1509 1191
1510 294
1511 500
1512 1379
1513 1041
1514 1121
1515 1270
1516 1179
1517 780
1518 780
1519 548
1520 1038
1521 1322
1522 1041
1523 771
1524 291
1525 282
1526 828
1527 295
1528 625
1529 604
1530 1508
1531 919
1532 1408
1533 237
1534 1328
1535 1419
1536 691
1537 1274
1538 1106
1539 691
1540 1080
1541 1508
1542 316
1543 1125
1544 1361
1545 741
1546 629
1547 1456
1548 1346
1549 766
1550 701
1551 1477
1552 182
1553 902
1554 1372
1555 1543
1556 436
1557 787
1558 1179
1559 1537
1560 1146
1561 683
1562 357
1563 266
1564 649
1565 313
1566 742
1567 801
1568 1537
1569 676
1570 1516
1571 1395
1572 953
1573 955
1574 488
1575 1179
1576 760
1577 265
1578 1195
1579 1442
1580 1068
1581 1558
1582 791
1583 1372
1584 811
1585 1251
1586 1080
1587 1471
1588 506
1589 928
1590 1015
1591 578
1592 1106
1593 309
1594 911
1595 579
1596 1109
1597 696
1598 965
1599 783
1600 1348
1601 595
1602 1388
1603 1256
1604 710
1605 1451
1606 888
1607 842
1608 1369
1609 388
1610 290
1611 1247
1612 1476
1613 1074
1614 282
1615 1141
1616 1593
1617 611
1618 1508
1619 1054
1620 1389
1621 660
1622 289
1623 1220
1624 1593
1625 653
1626 632
1627 950
1628 906
1629 506
1630 1543
1631 600
1632 809
1633 238
1634 1374
1635 335
1636 1345
1637 791
1638 675
1639 1611
1640 1467
1641 1587
1642 1373
1643 1468
1644 532
1645 178
1646 847
1647 938
1648 1392
1649 572
1650 1561
1651 829
1652 44
1653 1118
1654 578
1655 884
1656 1514
1657 1508
1658 1642
1659 439
1660 1261
1661 861
1662 1456
1663 1623
1664 988
1665 1533
1666 698
1667 898
1668 1282
1669 1030
1670 1515
1671 1543
1672 1142
1673 1266
1674 922
1675 1042
1676 383
1677 439
1678 1305
1679 144
1680 1036
1681 614
1682 365
1683 515
1684 176
1685 1582
1686 1283
1687 1199
1688 1630
1689 1015
1690 646
1691 23
1692 327
1693 1460
1694 1495
1695 904
1696 1635
1697 1390
1698 1561
1699 444
1700 566
1701 1694
1702 1231
1703 32
1704 695
1705 522
1706 170
1707 1561
1708 606
1709 1299
1710 1703
1711 578
1712 859
1713 1706
1714 1283
1715 1328
1716 1641
1717 1207
1718 485
1719 1687
1720 1179
1721 1508
1722 1504
1723 1635
1724 1509
1725 538
1726 1593
1727 848
1728 1508
1729 618
1730 698
1731 1564
1732 825
1733 907
1734 1069
1735 524
1736 1113
1737 243
1738 516
1739 845
1740 919
1741 1230
1742 1723
1743 901
1744 487
1745 1312
1746 613
1747 660
1748 1383
1749 1474
1750 1679
1751 1593
1752 1635
1753 138
1754 1635
1755 279
1756 1700
1757 937
1758 1051
1759 1342
1760 399
1761 225
1762 1179
1763 1131
1764 445
1765 297
1766 1375
1767 1577
1768 1424
1769 634
1770 1590
1771 1510
1772 1256
1773 1516
1774 698
1775 401
1776 1054
1777 569
1778 1508
1779 855
1780 1743
1781 1689
1782 724
1783 783
1784 605
1785 1512
1786 1666
1787 634
1788 1593
1789 1230
1790 1674
1791 1569
1792 1782
1793 1258
1794 578
1795 1390
1796 1365
1797 614
1798 1022
1799 744
1800 1253
1801 1008
1802 1751
1803 388
1804 651
1805 1706
1806 234
1807 1537
1808 1720
1809 653
1810 1180
1811 1732
1812 1080
1813 1372
1814 742
1815 928
1816 722
1817 262
1818 1540
1819 525
1820 823
1821 1419
1822 335
1823 1335
1824 667
1825 1593
1826 1739
1827 1008
1828 1395
1829 1543
1830 1041
1831 1768
1832 150
1833 225
1834 691
1835 259
1836 1422
1837 168
1838 265
1839 1776
1840 660
1841 1819
1842 44
1843 780
1844 1491
1845 430
1846 1768
1847 290
1848 426
1849 153
1850 1777
1851 1080
1852 1508
1853 1635
1854 1849
1855 527
1856 1710
1857 1591
1858 1294
1859 1738
1860 1768
1861 1354
1862 366
1863 1305
1864 1442
1865 680
1866 1593
1867 883
1868 1816
1869 686
1870 783
1871 159
1872 1430
1873 571
1874 167
1875 652
1876 1119
1877 498
1878 1505
1879 534
1880 960
1881 823
1882 1008
1883 1666
1884 1008
1885 1041
1886 1537
1887 1426
1888 1041
1889 666
1890 727
1891 282
1892 1768
1893 282
1894 1635
1895 222
1896 294
1897 1143
1898 1678
1899 1056
1900 1229
1901 1811
1902 1819
1903 1328
1904 979
1905 1041
1906 243
1907 1162
1908 549
1909 1460
1910 827
1911 1676
1912 1535
1913 1761
1914 328
1915 243
1916 798
1917 709
1918 1029
1919 1778
1920 135
1921 1586
1922 295
1923 179
1924 1298
1925 1376
1926 1593
1927 605
1928 1674
1929 1646
1930 342
1931 1901
1932 975
1933 1157
1934 1395
1935 1231
1936 1397
1937 1144
1938 1912
1939 599
1940 559
1941 1398
1942 1857
1943 1644
1944 1474
1945 1147
1946 375
1947 791
1948 833
1949 670
1950 19
1951 1819
1952 1768
1953 388
1954 950
1955 1900
1956 1388
1957 1395
1958 328
1959 1867
1960 1816
1961 789
1962 824
1963 500
1964 1570
1965 601
1966 1344
1967 1393
1968 950
1969 220
1970 1930
1971 485
1972 1452
1973 1857
1974 462
1975 879
1976 1041
1977 1161
1978 1903
1979 473
1980 1357
1981 1867
1982 1442
1983 1493
1984 426
1985 1748
1986 1722
1987 1642
1988 1476
1989 167
1990 1736
1991 289
1992 1497
1993 552
1994 736
1995 314
1996 923
1997 1179
1998 382
1999 771
2000 1593
2001 778
2002 388
2003 1978
2004 729
2005 1890
2006 1328
2007 808
2008 1953
2009 1375
2010 2008
2011 1561
2012 1694
2013 1704
2014 1657
2015 1361
2016 389
2017 1739
2018 1360
2019 1635
2020 1901
2021 780
2022 62
2023 1635
2024 1631
2025 1712
2026 891
2027 483
2028 769
2029 1028
2030 1074
2031 1666
2032 1019
2033 983
2034 1041
2035 1418
2036 1789
2037 741
2038 1474
2039 1369
2040 1372
2041 897
2042 1674
2043 1963
2044 1889
2045 1700
2046 402
2047 2010
2048 2010
2049 1162
2050 930
2051 1413
2052 1720
2053 1856
2054 1382
2055 919
2056 1821
2057 1988
2058 1752
2059 433
2060 897
2061 28
2062 1510
2063 1635
2064 2025
2065 614
2066 685
2067 1527
2068 1203
2069 1573
2070 1917
2071 780
2072 1543
2073 1901
2074 617
2075 1417
2076 1205
2077 1602
2078 1728
2079 1122
2080 1133
2081 225
2082 2010
2083 1593
2084 289
2085 1184
2086 1688
2087 1901
2088 2010
2089 2010
2090 966
2091 2028
2092 1947
2093 2010
2094 1680
2095 1392
2096 1924
2097 954
2098 1554
2099 524
2100 1759
2101 1063
2102 1739
2103 649
2104 901
2105 1849
2106 1036
2107 649
2108 2017
2109 887
2110 1328
2111 1242
2112 1534
2113 614
2114 1921
2115 1508
2116 1091
2117 1857
2118 1049
2119 1798
2120 2080
2121 1668
2122 265
2123 1219
2124 1735
2125 1972
2126 1323
2127 1085
2128 651
2129 1645
2130 1942
2131 1809
2132 1958
2133 483
2134 1395
2135 1887
2136 1725
2137 1903
2138 679
2139 1041
2140 484
2141 1466
2142 614
2143 1342
2144 1356
2145 1508
2146 409
2147 698
2148 848
2149 1718
2150 1544
2151 1218
2152 1687
2153 2028
2154 1893
2155 1402
2156 203
2157 1410
2158 892
2159 1466
2160 1666
2161 767
2162 1801
2163 709
2164 1899
2165 1603
2166 1397
2167 1244
2168 1712
2169 9
2170 2161
2171 613
2172 1346
2173 2052
2174 2081
2175 1208
2176 1468
2177 1939
2178 1411
2179 1635
2180 2071
2181 780
2182 1728
2183 1508
2184 2072
2185 1572
2186 295
2187 1148
2188 225
2189 829
2190 194
2191 2108
2192 2175
2193 1372
2194 1466
2195 2163
2196 1953
2197 1655
2198 1593
2199 1908
2200 2128
2201 1070
2202 1803
2203 513
2204 1346
2205 1366
2206 741
2207 1842
2208 1775
2209 1593
2210 1087
2211 678
2212 180
2213 1861
2214 1485
2215 1768
2216 787
2217 1548
2218 2030
2219 2110
2220 2010
2221 2128
2222 621
2223 1818
2224 501
2225 98
2226 128
2227 1635
2228 1718
2229 190
2230 2224
2231 770
2232 815
2233 1474
2234 2082
2235 1901
2236 243
2237 953
2238 408
2239 1953
2240 818
2241 1138
2242 614
2243 2151
2244 611
2245 709
2246 2080
2247 2162
2248 608
2249 1593
2250 448
2251 1785
2252 392
2253 2102
2254 1194
2255 1864
2256 1733
2257 2227
2258 1969
2259 1953
2260 1410
2261 1508
2262 1108
2263 601
2264 2051
2265 2064
2266 1276
2267 295
2268 1369
2269 1773
2270 2045
2271 1483
2272 1314
2273 727
2274 1927
2275 1703
2276 530
2277 207
2278 559
2279 1466
2280 741
2281 1074
2282 756
2283 1646
2284 698
2285 649
2286 1297
2287 1635
2288 1543
2289 1751
2290 2243
2291 653
2292 543
2293 1878
2294 318
2295 649
2296 1221
2297 1717
2298 1781
2299 2250
2300 1371
2301 1769
2302 1901
2303 2262
2304 1901
2305 1508
2306 1665
2307 407
2308 1075
2309 1690
2310 1545
2311 328
2312 1685
2313 1857
2314 2028
2315 1466
2316 1953
2317 1328
2318 1561
2319 1829
2320 1174
2321 851
2322 791
2323 802
2324 1492
2325 1066
2326 919
2327 577
2328 1553
2329 617
2330 1900
2331 2019
2332 1773
2333 1853
2334 1818
2335 1734
2336 1876
2337 1898
2338 1615
2339 1655
2340 1901
2341 1354
2342 1998
2343 2077
2344 1845
2345 1903
2346 1857
2347 1695
2348 1003
2349 1843
2350 2227
2351 1405
2352 1761
2353 1635
2354 1857
2355 1837
2356 1472
2357 2216
2358 500
2359 1101
2360 1905
2361 1614
2362 840
2363 349
2364 643
2365 1857
2366 252
2367 1768
2368 626
2369 780
2370 1761
2371 2172
2372 1537
2373 750
2374 1145
2375 2183
2376 611
2377 1454
2378 1589
2379 1771
2380 1983
2381 1293
2382 185
2383 1411
2384 1011
2385 1384
2386 1635
2387 1667
2388 204
2389 1078
2390 1271
2391 1751
2392 175
2393 853
2394 1755
2395 557
2396 1901
2397 653
2398 2076
2399 791
2400 1821
2401 1408
2402 1041
2403 1593
2404 1543
2405 1324
2406 2053
2407 2372
2408 912
2409 1678
2410 2272
2411 861
2412 1504
2413 1720
2414 511
2415 749
2416 1738
2417 1964
2418 517
2419 615
2420 1225
2421 780
2422 751
2423 1768
2424 2418
2425 1600
2426 2332
2427 884
2428 2297
2429 1504
2430 1028
2431 1343
2432 566
2433 1045
2434 1274
2435 2316
2436 1026
2437 1997
2438 1747
2439 2078
2440 1093
2441 1749
2442 1027
2443 1940
2444 2010
2445 39
2446 874
2447 340
2448 1065
2449 1331
2450 1720
2451 2010
2452 1953
2453 1788
2454 1067
2455 586
2456 1230
2457 1291
2458 2028
2459 1407
2460 1461
2461 2087
2462 1800
2463 1270
2464 1995
2465 175
2466 1655
2467 2104
2468 1033
2469 2180
2470 1192
2471 1959
2472 1054
2473 2058
2474 1925
2475 500
2476 1950
2477 2128
2478 1479
2479 397
2480 1466
2481 1570
2482 2214
2483 1934
2484 2338
2485 780
2486 1199
2487 1901
2488 1221
2489 1557
2490 1406
2491 2010
2492 1132
2493 1269
2494 1076
2495 2204
2496 1901
2497 1953
2498 1561
2499 1041
2500 928
2501 2094
2502 745
2503 1687
2504 142
2505 1012
2506 1738
2507 1867
2508 439
2509 289
2510 753
2511 1462
2512 667
2513 1508
2514 2380
2515 2003
2516 1022
2517 1508
2518 514
2519 2159
2520 1563
2521 1730
2522 1312
2523 1382
2524 356
2525 2197
2526 2521
2527 1706
2528 1486
2529 2303
2530 31
2531 2196
2532 335
2533 1230
2534 874
2535 615
2536 1987
2537 2432
2538 2536
2539 1334
2540 2534
2541 1231
2542 295
2543 2130
2544 466
2545 839
2546 1447
2547 795
2548 1210
2549 2541
2550 225
2551 707
2552 2010
2553 1666
2554 1809
2555 1302
2556 1666
2557 1543
2558 2341
2559 1133
2560 1418
2561 2194
2562 1635
2563 1015
2564 614
2565 1495
2566 368
2567 780
2568 2530
2569 2060
2570 2030
2571 1006
2572 1481
2573 1054
2574 1901
2575 2083
2576 1812
2577 169
2578 1666
2579 2413
2580 2112
2581 2225
2582 2431
2583 2380
2584 1175
2585 754
2586 2317
2587 1365
2588 1901
2589 1523
2590 1638
2591 1738
2592 673
2593 857
2594 1070
2595 826
2596 1307
2597 1738
2598 1639
2599 2559
2600 1511
2601 1032
2602 1901
2603 2060
2604 1100
2605 1462
2606 115
2607 1900
2608 1759
2609 1901
2610 47
2611 1047
2612 614
2613 1593
2614 59
2615 2385
2616 1773
2617 1687
2618 1463
2619 225
2620 649
2621 1426
2622 1028
2623 2509
2624 225
2625 908
2626 1559
2627 1917
2628 1525
2629 649
2630 1924
2631 1888
2632 2106
2633 2617
2634 2260
2635 330
2636 2085
2637 1768
2638 578
2639 1655
2640 1972
2641 1819
2642 1840
2643 2478
2644 1411
2645 2536
2646 1033
2647 801
2648 1455
2649 1076
2650 1924
2651 1769
2652 2301
2653 2118
2654 1411
2655 282
2656 923
2657 1145
2658 1441
2659 796
2660 923
2661 1690
2662 1375
2663 2000
2664 2136
2665 2536
2666 2154
2667 2195
2668 993
2669 1452
2670 1890
2671 1756
2672 1751
2673 142
2674 1813
2675 415
2676 231
2677 2003
2678 1700
2679 571
2680 2638
2681 2542
2682 2650
2683 1565
2684 1901
2685 1342
2686 1906
2687 2350
2688 1561
2689 2424
2690 2142
2691 1691
2692 1876
2693 2330
2694 2289
2695 225
2696 296
2697 1730
2698 2242
2699 840
2700 2304
2701 2654
2702 1694
2703 1967
2704 2418
2705 1905
2706 2617
2707 1071
2708 2223
2709 1252
2710 829
2711 402
2712 1899
2713 1170
2714 866
2715 2105
2716 295
2717 2311
2718 587
2719 1858
2720 2394
2721 2265
2722 2102
2723 1595
2724 1897
2725 1655
2726 1458
2727 2422
2728 2430
2729 2042
2730 1857
2731 1152
2732 778
2733 735
2734 1100
2735 566
2736 1198
2737 1974
2738 2671
2739 2076
2740 1321
2741 2363
2742 1635
2743 1936
2744 2511
2745 1989
2746 1754
2747 664
2748 1561
2749 1953
2750 2650
2751 1680
2752 2572
2753 2495
2754 1527
2755 1508
2756 2277
2757 552
2758 1996
2759 2019
2760 2367
2761 2626
2762 2579
2763 271
2764 1931
2765 1244
2766 2610
2767 2030
2768 1910
2769 583
2770 1402
2771 326
2772 749
2773 1435
2774 792
2775 1076
2776 780
2777 2597
2778 295
2779 2635
2780 1267
2781 2395
2782 2765
2783 2295
2784 2020
2785 780
2786 2285
2787 493
2788 698
2789 559
2790 1738
2791 1901
2792 2363
2793 1234
2794 2536
2795 1619
2796 1779
2797 865
2798 2378
2799 2024
2800 782
2801 1655
2802 2626
2803 1180
2804 359
2805 827
2806 2415
2807 2427
2808 1036
2809 2542
2810 1912
2811 1645
2812 2085
2813 1925
2814 2227
2815 1508
2816 955
2817 2676
2818 2150
2819 1798
2820 1259
2821 248
2822 2641
2823 1504
2824 778
2825 2335
2826 2286
2827 1082
2828 1942
2829 2311
2830 2070
2831 942
2832 295
2833 1680
2834 1457
2835 1655
2836 2435
2837 1326
2838 1474
2839 426
2840 2328
2841 2723
2842 431
2843 2559
2844 888
2845 972
2846 869
2847 1531
2848 1690
2849 1897
2850 2736
2851 48
2852 1365
2853 986
2854 1577
2855 583
2856 1988
2857 2386
2858 2638
2859 2626
2860 1905
2861 1366
2862 928
2863 2149
2864 1921
2865 2311
2866 1107
2867 674
2868 1306
2869 1336
2870 2857
2871 603
2872 1106
2873 265
2874 2860
2875 613
2876 2530
2877 1033
2878 1574
2879 1867
2880 238
2881 1707
2882 2862
2883 1901
2884 1655
2885 2138
2886 2038
2887 1409
2888 1901
2889 2647
2890 1953
2891 882
2892 1857
2893 1293
2894 1725
2895 1900
2896 1561
2897 2633
2898 1616
2899 2617
2900 1917
2901 966
2902 2128
2903 1169
2904 2017
2905 1720
2906 646
2907 339
2908 1388
2909 1976
2910 2028
2911 1912
2912 1700
2913 1739
2914 849
2915 2617
2916 1901
2917 1388
2918 722
2919 225
2920 2237
2921 1924
2922 481
2923 2078
2924 1052
2925 2291
2926 1565
2927 2617
2928 2115
2929 2142
2930 2849
2931 2818
2932 563
2933 273
2934 1336
2935 2647
2936 2060
2937 1737
2938 142
2939 2584
2940 2424
2941 2560
2942 2312
2943 2138
2944 1057
2945 2691
2946 1474
2947 1163
2948 2386
2949 1923
2950 1680
2951 2844
2952 2408
2953 2809
2954 2728
2955 1196
2956 2394
2957 2737
2958 767
2959 2084
2960 2434
2961 2773
2962 295
2963 190
2964 1358
2965 2546
2966 2617
2967 698
2968 1550
2969 2617
2970 2598
2971 77
2972 625
2973 1768
2974 500
2975 1904
2976 671
2977 1474
2978 2359
2979 1937
2980 1558
2981 1783
2982 1369
2983 339
2984 2640
2985 1231
2986 1965
2987 2882
2988 2978
2989 1798
2990 1053
2991 1786
2992 1715
2993 1090
2994 2220
2995 2542
2996 1445
2997 2041
2998 2183
2999 1508
3000 1508
3001 390
3002 2950
3003 2638
3004 2414
3005 2625
3006 2010
3007 2238
3008 686
3009 1859
3010 2704
3011 1319
3012 1083
3013 1243
3014 2701
3015 1610
3016 2375
3017 2724
3018 700
3019 2010
3020 29
3021 295
3022 780
3023 1635
3024 2594
3025 295
3026 1857
3027 308
3028 2559
3029 1759
3030 1182
3031 1508
3032 2646
3033 1113
3034 2762
3035 725
3036 2536
3037 3036
3038 1591
3039 2950
3040 225
3041 1905
3042 2035
3043 1041
3044 1576
3045 1237
3046 2843
3047 2617
3048 2376
3049 1107
3050 1312
3051 2656
3052 2185
3053 1546
3054 2950
3055 2228
3056 884
3057 698
3058 2292
3059 2848
3060 2793
3061 1531
3062 2818
3063 1419
3064 2691
3065 1134
3066 778
3067 2138
3068 1388
3069 2247
3070 2647
3071 2012
3072 2201
3073 2617
3074 2542
3075 2722
3076 1317
3077 698
3078 1768
3079 3073
3080 775
3081 2315
3082 2951
3083 2757
3084 2546
3085 737
3086 1409
3087 2450
3088 1497
3089 2069
3090 2329
3091 3002
3092 1570
3093 780
3094 467
3095 1988
3096 934
3097 2676
3098 2877
3099 2802
3100 695
3101 1655
3102 2543
3103 1110
3104 2360
3105 1425
3106 385
3107 1158
3108 2496
3109 716
3110 2536
3111 2517
3112 2429
3113 2422
3114 2405
3115 3037
3116 1857
3117 2183
3118 3037
3119 1823
3120 2394
3121 2158
3122 1999
3123 2834
3124 732
3125 2502
3126 499
3127 2513
3128 2127
3129 753
3130 2672
3131 2535
3132 2412
3133 2626
3134 780
3135 1593
3136 2518
3137 2063
3138 2626
3139 368
3140 1857
3141 741
3142 3020
3143 852
3144 2720
3145 1145
3146 1739
3147 1859
3148 284
3149 2615
3150 2648
3151 1645
3152 1953
3153 1635
3154 2188
3155 730
3156 2264
3157 2181
3158 2930
3159 2912
3160 2950
3161 2213
3162 282
3163 2123
3164 3002
3165 703
3166 2082
3167 818
3168 2507
3169 2617
3170 2311
3171 2676
3172 2818
3173 2851
3174 2865
3175 1485
3176 566
3177 1655
3178 1028
3179 1080
3180 2626
3181 1675
3182 2687
3183 698
3184 206
3185 1730
3186 1041
3187 1488
3188 1508
3189 2617
3190 1720
3191 952
3192 3176
3193 2722
3194 1487
3195 1166
3196 1720
3197 1320
3198 1085
3199 222
3200 653
3201 3029
3202 1734
3203 716
3204 1467
3205 2152
3206 2281
3207 1961
3208 2275
3209 2950
3210 2141
3211 2906
3212 1074
3213 49
3214 1654
3215 3088
3216 2570
3217 2016
3218 2277
3219 2943
3220 2019
3221 3007
3222 1777
3223 1123
3224 1768
3225 871
3226 1720
3227 361
3228 2478
3229 2273
3230 2619
3231 2588
3232 1462
3233 2401
3234 1177
3235 1864
3236 1048
3237 2635
3238 1621
3239 2471
3240 2095
3241 2918
3242 2241
3243 1462
3244 2840
3245 1394
3246 2356
3247 2382
3248 1552
3249 2013
3250 1635
3251 691
3252 824
3253 1857
3254 2249
3255 2394
3256 1454
3257 407
3258 2626
3259 2542
3260 2950
3261 1031
3262 789
3263 1712
3264 1712
3265 1700
3266 2385
3267 1930
3268 2885
3269 786
3270 3254
3271 1900
3272 1680
3273 1924
3274 1419
3275 1901
3276 3025
3277 3130
3278 441
3279 1230
3280 3005
3281 2637
3282 990
3283 2841
3284 693
3285 3119
3286 875
3287 2640
3288 1008
3289 2617
3290 3144
3291 1970
3292 1041
3293 2355
3294 1864
3295 2626
3296 925
3297 1085
3298 1467
3299 2618
3300 2617
3301 1901
3302 3121
3303 2010
3304 821
3305 2687
3306 2737
3307 295
3308 1456
3309 2766
3310 1739
3311 1346
3312 1655
3313 2081
3314 2440
3315 2504
3316 2769
3317 3128
3318 919
3319 448
3320 2998
3321 981
3322 3256
3323 1665
3324 3316
3325 1088
3326 1761
3327 2655
3328 359
3329 3003
3330 1099
3331 3051
3332 2388
3333 83
3334 1035
3335 1241
3336 1316
3337 21
3338 688
3339 149
3340 642
3341 141
3342 3142
3343 649
3344 138
3345 1146
3346 785
3347 544
3348 2614
3349 2169
3350 1817
3351 1308
3352 846
3353 864
3354 2635
3355 12
3356 133
3357 155
3358 282
3359 2691
3360 22
3361 1950
3362 1116
3363 2061
3364 1047
3365 2831
3366 2185
3367 2059
3368 1401
3369 140
3370 3278
3371 368
3372 2971
3373 2726
3374 31
3375 427
3376 1334
3377 2568
3378 2208
3379 2938
3380 656
3381 137
3382 2547
3383 574
3384 32
3385 1856
3386 32
3387 343
3388 1077
3389 540
3390 497
3391 32
3392 1684
3393 32
3394 107
3395 1946
3396 209
3397 33
3398 482
3399 2796
3400 251
3401 1296
3402 2445
3403 1339
3404 351
3405 505
3406 2018
3407 41
3408 78
3409 2207
3410 313
3411 746
3412 1652
3413 3247
3414 136
3415 449
3416 2610
3417 193
3418 443
3419 117
3420 2851
3421 355
3422 561
3423 470
3424 69
3425 429
3426 307
3427 793
3428 3060
3429 3213
3430 119
3431 2292
3432 123
3433 112
3434 2934
3435 102
3436 1502
3437 2258
3438 1663
3439 2713
3440 275
3441 718
3442 1933
3443 1017
3444 707
3445 915
3446 320
3447 59
3448 1706
3449 74
3450 2022
3451 1201
3452 299
3453 3094
3454 1162
3455 124
3456 86
3457 2581
3458 75
3459 75
3460 201
3461 75
3462 76
3463 458
3464 1049
3465 306
3466 3181
3467 253
3468 78
3469 2046
3470 78
3471 81
3472 3319
3473 199
3474 145
3475 234
3476 88
3477 88
3478 1566
3479 89
3480 1004
3481 2871
3482 2601
3483 1837
3484 246
3485 158
3486 150
3487 2976
3488 2459
3489 679
3490 95
3491 95
3492 95
3493 1341
3494 1315
3495 1470
3496 1333
3497 345
3498 696
3499 1119
3500 1936
3501 106
3502 1295
3503 1272
3504 394
3505 2465
3506 1979
3507 202
3508 2724
3509 112
3510 112
3511 2454
3512 927
3513 425
3514 2606
3515 1055
3516 148
3517 212
3518 1373
3519 132
3520 118
3521 118
3522 414
3523 146
3524 1923
3525 2479
3526 123
3527 553
3528 3044
3529 124
3530 139
3531 2226
3532 2224
3533 475
3534 129
3535 509
3536 2983
3537 274
3538 135
3539 1920
3540 1393
3541 1596
3542 1753
3543 2608
3544 187
3545 215
3546 241
3547 142
3548 2673
3549 1896
3550 2504
3551 333
3552 1398
3553 217
3554 1750
3555 1672
3556 460
3557 693
3558 1355
3559 148
3560 148
3561 1484
3562 177
3563 1529
3564 159
3565 830
3566 784
3567 614
3568 2076
3569 1303
3570 1395
3571 1197
3572 245
3573 165
3574 872
3575 2524
3576 2156
3577 304
3578 1832
3579 396
3580 2190
3581 227
3582 272
3583 2105
3584 956
3585 2282
3586 446
3587 156
3588 3321
3589 158
3590 3143
3591 959
3592 1871
3593 162
3594 164
3595 2443
3596 1286
3597 2347
3598 2373
3599 308
3600 2119
3601 167
3602 316
3603 1874
3604 771
3605 2320
3606 1183
3607 1423
3608 167
3609 167
3610 2775
3611 1275
3612 490
3613 1404
3614 1911
3615 265
3616 2577
3617 873
3618 1989
3619 2436
3620 2342
3621 314
3622 1683
3623 532
3624 592
3625 175
3626 175
3627 2714
3628 2392
3629 175
3630 744
3631 207
3632 176
3633 176
3634 1094
3635 850
3636 2294
3637 1249
3638 639
3639 3151
3640 2866
3641 1231
3642 180
3643 2212
3644 305
3645 430
3646 1552
3647 782
3648 183
3649 612
3650 1615
3651 935
3652 185
3653 185
3654 1841
3655 2229
3656 1327
3657 1787
3658 699
3659 2963
3660 405
3661 198
3662 1265
3663 1136
3664 193
3665 941
3666 193
3667 1682
3668 698
3669 3032
3670 1257
3671 193
3672 337
3673 2891
3674 1473
3675 594
3676 1822
3677 1533
3678 1563
3679 1993
3680 3184
3681 3227
3682 2277
3683 1915
3684 369
3685 982
3686 797
3687 210
3688 1126
3689 287
3690 1181
3691 1945
3692 1370
3693 3199
3694 661
3695 1329
3696 1895
3697 225
3698 531
3699 1050
3700 225
3701 1372
3702 225
3703 225
3704 1092
3705 948
3706 2203
3707 225
3708 625
3709 225
3710 310
3711 230
3712 1881
3713 1777
3714 225
3715 1041
3716 847
3717 225
3718 1835
3719 2074
3720 1186
3721 225
3722 2550
3723 2222
3724 1764
3725 2919
3726 2174
3727 225
3728 1761
3729 3040
3730 2695
3731 1738
3732 3310
3733 605
3734 659
3735 2188
3736 225
3737 1065
3738 2624
3739 1833
3740 831
3741 2097
3742 225
3743 3230
3744 225
3745 1661
3746 1524
3747 822
3748 2266
3749 225
3750 225
3751 1496
3752 681
3753 969
3754 1501
3755 1673
3756 225
3757 225
3758 1508
3759 225
3760 512
3761 452
3762 1699
3763 225
3764 1338
3765 231
3766 2676
3767 1313
3768 1349
3769 2507
3770 1806
3771 2366
3772 234
3773 235
3774 235
3775 235
3776 268
3777 997
3778 2880
3779 1633
3780 1607
3781 2460
3782 238
3783 492
3784 239
3785 3266
3786 1128
3787 1226
3788 344
3789 1200
3790 410
3791 875
3792 1216
3793 1020
3794 620
3795 2937
3796 2686
3797 895
3798 243
3799 243
3800 2433
3801 2236
3802 243
3803 962
3804 2535
3805 2765
3806 980
3807 286
3808 655
3809 493
3810 2990
3811 243
3812 243
3813 3302
3814 243
3815 243
3816 1416
3817 2772
3818 2418
3819 243
3820 357
3821 1102
3822 243
3823 1159
3824 1506
3825 921
3826 298
3827 243
3828 243
3829 243
3830 243
3831 829
3832 243
3833 2442
3834 1099
3835 247
3836 280
3837 247
3838 2821
3839 476
3840 1207
3841 247
3842 1975
3843 249
3844 2488
3845 589
3846 548
3847 398
3848 3014
3849 905
3850 758
3851 725
3852 255
3853 1079
3854 1002
3855 353
3856 297
3857 256
3858 1448
3859 260
3860 2696
3861 2763
3862 1953
3863 3197
3864 2854
3865 2122
3866 2873
3867 584
3868 1838
3869 547
3870 2834
3871 272
3872 917
3873 2933
3874 340
3875 3195
3876 880
3877 440
3878 276
3879 635
3880 278
3881 937
3882 1396
3883 903
3884 2351
3885 278
3886 2964
3887 708
3888 1073
3889 2394
3890 542
3891 1525
3892 1639
3893 282
3894 416
3895 282
3896 2655
3897 282
3898 2154
3899 1875
3900 2361
3901 282
3902 1891
3903 282
3904 1023
3905 282
3906 282
3907 3162
3908 3194
3909 3148
3910 3106
3911 287
3912 287
3913 2959
3914 289
3915 1631
3916 477
3917 379
3918 289
3919 289
3920 1622
3921 2922
3922 2238
3923 289
3924 2623
3925 289
3926 1991
3927 290
3928 1847
3929 290
3930 3015
3931 324
3932 672
3933 1510
3934 386
3935 3021
3936 3307
3937 295
3938 961
3939 2348
3940 295
3941 2716
3942 919
3943 295
3944 295
3945 1340
3946 2381
3947 1414
3948 363
3949 1705
3950 673
3951 2067
3952 877
3953 1290
3954 3259
3955 295
3956 295
3957 1922
3958 370
3959 804
3960 2778
3961 2771
3962 807
3963 295
3964 295
3965 768
3966 577
3967 1385
3968 765
3969 529
3970 2267
3971 1638
3972 1264
3973 295
3974 2186
3975 295
3976 295
3977 2596
3978 3105
3979 2323
3980 295
3981 295
3982 2962
3983 2512
3984 1255
3985 2832
3986 295
3987 295
3988 1351
3989 2707
3990 295
3991 926
3992 3269
3993 295
3994 2688
3995 3276
3996 1155
3997 3126
3998 579
3999 1311
4000 350
4001 296
4002 296
4003 296
4004 519
4005 296
4006 1289
4007 1010
4008 1765
4009 422
4010 1994
4011 1863
4012 2199
4013 302
4014 989
4015 304
4016 724
4017 706
4018 1727
4019 2842
4020 308
4021 354
4022 3027
4023 2663
4024 461
4025 2747
4026 309
4027 309
4028 2816
4029 2007
4030 2364
4031 704
4032 309
4033 309
4034 2374
4035 349
4036 1206
4037 854
4038 2926
4039 313
4040 456
4041 1995
4042 812
4043 1542
4044 1647
4045 1130
4046 326
4047 1692
4048 2311
4049 1369
4050 1217
4051 328
4052 1716
4053 328
4054 2132
4055 1039
4056 554
4057 328
4058 1083
4059 1081
4060 1015
4061 1914
4062 2066
4063 2177
4064 2085
4065 384
4066 1550
4067 333
4068 1649
4069 738
4070 335
4071 1304
4072 2019
4073 2532
4074 2907
4075 2325
4076 339
4077 339
4078 2447
4079 2206
4080 342
4081 3267
4082 1212
4083 1350
4084 1758
4085 345
4086 508
4087 349
4088 2741
4089 495
4090 1195
4091 349
4092 1261
4093 3304
4094 1855
4095 479
4096 2981
4097 2853
4098 353
4099 731
4100 533
4101 1804
4102 1862
4103 2571
4104 355
4105 355
4106 357
4107 1058
4108 357
4109 357
4110 2669
4111 1562
4112 357
4113 357
4114 357
4115 358
4116 2804
4117 924
4118 359
4119 359
4120 2675
4121 2140
4122 3328
4123 874
4124 1409
4125 593
4126 1233
4127 1872
4128 1167
4129 2605
4130 1239
4131 1005
4132 3139
4133 368
4134 2213
4135 1674
4136 2544
4137 368
4138 3261
4139 368
4140 1402
4141 896
4142 2566
4143 370
4144 893
4145 379
4146 743
4147 382
4148 674
4149 1729
4150 383
4151 386
4152 3257
4153 2528
4154 1609
4155 1803
4156 2002
4157 2254
4158 388
4159 388
4160 389
4161 3217
4162 3001
4163 392
4164 588
4165 392
4166 392
4167 2252
4168 2659
4169 392
4170 392
4171 913
4172 392
4173 878
4174 395
4175 395
4176 2146
4177 488
4178 1760
4179 2711
4180 402
4181 944
4182 3155
4183 3125
4184 2307
4185 408
4186 408
4187 3136
4188 2572
4189 410
4190 413
4191 413
4192 2565
4193 2051
4194 416
4195 677
4196 884
4197 1013
4198 421
4199 1617
4200 2151
4201 424
4202 778
4203 622
4204 425
4205 2839
4206 426
4207 426
4208 684
4209 1984
4210 1848
4211 1000
4212 428
4213 1182
4214 2490
4215 430
4216 2344
4217 819
4218 2781
4219 459
4220 431
4221 1321
4222 538
4223 690
4224 433
4225 433
4226 2993
4227 946
4228 463
4229 1556
4230 1659
4231 439
4232 607
4233 1677
4234 2205
4235 2508
4236 1546
4237 441
4238 442
4239 1124
4240 900
4241 658
4242 442
4243 2250
4244 1468
4245 448
4246 628
4247 449
4248 1879
4249 450
4250 3200
4251 453
4252 455
4253 2449
4254 1060
4255 458
4256 932
4257 458
4258 1800
4259 1440
4260 459
4261 460
4262 687
4263 2737
4264 1139
4265 2308
4266 1056
4267 470
4268 475
4269 476
4270 476
4271 476
4272 478
4273 479
4274 481
4275 483
4276 483
4277 483
4278 1096
4279 483
4280 483
4281 1709
4282 2027
4283 2133
4284 485
4285 1598
4286 485
4287 485
4288 485
4289 485
4290 591
4291 1150
4292 485
4293 1971
4294 485
4295 2004
4296 485
4297 485
4298 485
4299 485
4300 3055
4301 486
4302 487
4303 487
4304 1744
4305 489
4306 1429
4307 2878
4308 2420
4309 2787
4310 496
4311 1097
4312 1179
4313 723
4314 1877
4315 1511
4316 500
4317 500
4318 624
4319 973
4320 909
4321 668
4322 2043
4323 2475
4324 2358
4325 2974
4326 2727
4327 1198
4328 1949
4329 500
4330 504
4331 1629
4332 1588
4333 1281
4334 507
4335 757
4336 1368
4337 507
4338 2731
4339 2599
4340 1095
4341 511
4342 1202
4343 3004
4344 1549
4345 511
4346 511
4347 511
4348 511
4349 638
4350 1250
4351 562
4352 788
4353 2231
4354 519
4355 949
4356 1062
4357 524
4358 524
4359 868
4360 2099
4361 524
4362 1735
4363 3163
4364 2116
4365 2276
4366 530
4367 1273
4368 1363
4369 1171
4370 2009
4371 530
4372 1943
4373 844
4374 716
4375 1478
4376 1708
4377 532
4378 602
4379 1059
4380 533
4381 689
4382 533
4383 2135
4384 533
4385 533
4386 721
4387 1725
4388 539
4389 540
4390 1271
4391 540
4392 1287
4393 544
4394 894
4395 545
4396 843
4397 747
4398 1519
4399 3083
4400 552
4401 552
4402 626
4403 557
4404 940
4405 557
4406 967
4407 2789
4408 2947
4409 995
4410 644
4411 2278
4412 559
4413 739
4414 559
4415 560
4416 801
4417 560
4418 560
4419 560
4420 562
4421 562
4422 563
4423 2932
4424 1236
4425 563
4426 563
4427 563
4428 984
4429 563
4430 1387
4431 1037
4432 565
4433 566
4434 1160
4435 3192
4436 566
4437 566
4438 3265
4439 2432
4440 566
4441 566
4442 566
4443 601
4444 566
4445 566
4446 646
4447 1238
4448 566
4449 566
4450 2211
4451 2735
4452 3316
4453 2679
4454 1873
4455 572
4456 572
4457 974
4458 577
4459 577
4460 2327
4461 2387
4462 3191
4463 1794
4464 578
4465 663
4466 578
4467 1285
4468 1591
4469 1193
4470 578
4471 578
4472 3214
4473 2638
4474 697
4475 1711
4476 2723
4477 1791
4478 1467
4479 1317
4480 1670
4481 2855
4482 583
4483 583
4484 2187
4485 583
4486 1626
4487 2455
4488 586
4489 2718
4490 827
4491 1151
4492 595
4493 1362
4494 595
4495 1601
4496 3100
4497 596
4498 596
4499 596
4500 597
4501 1507
4502 3285
4503 2837
4504 1208
4505 2263
4506 2986
4507 990
4508 601
4509 814
4510 605
4511 1784
4512 2274
4513 607
4514 607
4515 608
4516 2248
4517 722
4518 2232
4519 3048
4520 611
4521 976
4522 2244
4523 613
4524 613
4525 613
4526 2875
4527 613
4528 613
4529 613
4530 613
4531 613
4532 767
4533 779
4534 2171
4535 3124
4536 613
4537 763
4538 2408
4539 613
4540 1746
4541 614
4542 2142
4543 614
4544 614
4545 614
4546 614
4547 614
4548 2612
4549 614
4550 2050
4551 2242
4552 614
4553 614
4554 614
4555 614
4556 614
4557 614
4558 614
4559 702
4560 764
4561 2065
4562 614
4563 2564
4564 614
4565 1681
4566 2113
4567 614
4568 1500
4569 630
4570 614
4571 1797
4572 820
4573 615
4574 2419
4575 616
4576 1248
4577 2329
4578 1419
4579 3223
4580 621
4581 622
4582 1072
4583 794
4584 737
4585 3165
4586 625
4587 3187
4588 776
4589 2972
4590 1164
4591 1110
4592 666
4593 1528
4594 626
4595 2368
4596 626
4597 3296
4598 947
4599 634
4600 2651
4601 634
4602 634
4603 636
4604 637
4605 639
4606 2533
4607 1543
4608 2661
4609 646
4610 2906
4611 1359
4612 646
4613 646
4614 646
4615 1420
4616 647
4617 1173
4618 648
4619 649
4620 700
4621 649
4622 649
4623 2786
4624 649
4625 1493
4626 649
4627 2620
4628 1491
4629 2107
4630 1731
4631 1632
4632 649
4633 649
4634 2955
4635 881
4636 649
4637 649
4638 2734
4639 2629
4640 649
4641 649
4642 945
4643 1277
4644 2295
4645 1469
4646 649
4647 1044
4648 649
4649 3114
4650 2103
4651 994
4652 1153
4653 1634
4654 2128
4655 651
4656 651
4657 653
4658 1625
4659 761
4660 653
4661 2291
4662 2131
4663 2397
4664 655
4665 1103
4666 1492
4667 655
4668 657
4669 1108
4670 2642
4671 1213
4672 3238
4673 1747
4674 1127
4675 2389
4676 660
4677 664
4678 1434
4679 664
4680 719
4681 2044
4682 3228
4683 1824
4684 862
4685 668
4686 1367
4687 790
4688 1228
4689 2492
4690 669
4691 670
4692 673
4693 2592
4694 673
4695 673
4696 3011
4697 673
4698 2867
4699 2658
4700 2138
4701 679
4702 1361
4703 1865
4704 680
4705 680
4706 680
4707 680
4708 772
4709 683
4710 684
4711 713
4712 686
4713 2457
4714 2359
4715 3008
4716 1869
4717 3229
4718 1714
4719 691
4720 1834
4721 1536
4722 691
4723 691
4724 1539
4725 691
4726 691
4727 3251
4728 691
4729 691
4730 1415
4731 3284
4732 1498
4733 726
4734 1704
4735 971
4736 696
4737 1449
4738 696
4739 1597
4740 696
4741 696
4742 2474
4743 1391
4744 698
4745 698
4746 885
4747 2031
4748 698
4749 698
4750 2147
4751 698
4752 698
4753 698
4754 916
4755 698
4756 698
4757 2924
4758 698
4759 1584
4760 2284
4761 698
4762 1924
4763 698
4764 876
4765 3183
4766 1046
4767 698
4768 1254
4769 698
4770 698
4771 698
4772 698
4773 3057
4774 698
4775 2788
4776 1730
4777 698
4778 1120
4779 1656
4780 698
4781 914
4782 698
4783 2393
4784 1712
4785 698
4786 2967
4787 803
4788 1774
4789 710
4790 3077
4791 1474
4792 699
4793 3018
4794 700
4795 1034
4796 700
4797 910
4798 774
4799 1431
4800 707
4801 707
4802 2551
4803 1337
4804 2900
4805 2163
4806 2245
4807 710
4808 777
4809 1604
4810 713
4811 3203
4812 3109
4813 717
4814 1223
4815 2582
4816 721
4817 721
4818 2918
4819 1816
4820 722
4821 723
4822 2377
4823 1792
4824 725
4825 2256
4826 3035
4827 725
4828 725
4829 3299
4830 1890
4831 727
4832 727
4833 992
4834 1745
4835 1858
4836 729
4837 1014
4838 732
4839 1347
4840 1330
4841 732
4842 732
4843 2846
4844 2482
4845 2733
4846 737
4847 3085
4848 1232
4849 741
4850 1043
4851 1144
4852 741
4853 741
4854 741
4855 2914
4856 2310
4857 741
4858 1332
4859 741
4860 741
4861 3141
4862 2037
4863 741
4864 741
4865 1018
4866 2029
4867 2280
4868 741
4869 1061
4870 832
4871 1814
4872 1799
4873 747
4874 747
4875 1021
4876 2415
4877 749
4878 1453
4879 749
4880 749
4881 1664
4882 1490
4883 749
4884 902
4885 3129
4886 753
4887 753
4888 753
4889 2510
4890 753
4891 753
4892 753
4893 2585
4894 1839
4895 1450
4896 758
4897 758
4898 760
4899 761
4900 929
4901 1465
4902 761
4903 761
4904 2126
4905 3096
4906 765
4907 1503
4908 1214
4909 765
4910 1446
4911 2958
4912 2170
4913 767
4914 2091
4915 770
4916 771
4917 3122
4918 771
4919 771
4920 1009
4921 771
4922 2589
4923 771
4924 899
4925 3080
4926 775
4927 1189
4928 775
4929 2300
4930 2845
4931 775
4932 777
4933 777
4934 777
4935 2732
4936 778
4937 2824
4938 828
4939 2001
4940 1325
4941 1302
4942 3066
4943 3134
4944 780
4945 780
4946 2567
4947 780
4948 826
4949 780
4950 2421
4951 977
4952 1882
4953 2776
4954 2071
4955 1517
4956 780
4957 780
4958 780
4959 780
4960 780
4961 780
4962 2485
4963 851
4964 780
4965 780
4966 780
4967 3093
4968 3022
4969 780
4970 780
4971 865
4972 780
4973 1636
4974 780
4975 780
4976 1082
4977 1518
4978 780
4979 1019
4980 780
4981 2021
4982 780
4983 2785
4984 780
4985 1224
4986 780
4987 780
4988 2593
4989 780
4990 805
4991 2868
4992 780
4993 3157
4994 1843
4995 2369
4996 2800
4997 782
4998 782
4999 782
5000 1599
5001 1870
5002 1131
5003 1557
5004 2357
5005 788
5006 788
5007 3262
5008 789
5009 789
5010 806
5011 2210
5012 3207
5013 789
5014 2996
5015 791
5016 2322
5017 791
5018 791
5019 1637
5020 791
5021 2820
5022 999
5023 791
5024 791
5025 791
5026 791
5027 2942
5028 1085
5029 2092
5030 791
5031 791
5032 791
5033 791
5034 2399
5035 791
5036 791
5037 2823
5038 791
5039 2251
5040 2774
5041 2271
5042 794
5043 794
5044 795
5045 1916
5046 800
5047 801
5048 1260
5049 1567
5050 801
5051 2935
5052 1900
5053 2144
5054 1475
5055 1810
5056 809
5057 1438
5058 3234
5059 813
5060 890
5061 817
5062 1580
5063 950
5064 1606
5065 1880
5066 818
5067 1443
5068 818
5069 2240
5070 3167
5071 818
5072 823
5073 1820
5074 3252
5075 824
5076 2293
5077 824
5078 1962
5079 825
5080 1811
5081 825
5082 1421
5083 2595
5084 1040
5085 963
5086 2768
5087 2903
5088 1237
5089 827
5090 1309
5091 827
5092 838
5093 827
5094 827
5095 827
5096 827
5097 2805
5098 1526
5099 829
5100 829
5101 829
5102 2710
5103 1651
5104 2189
5105 830
5106 830
5107 830
5108 3013
5109 830
5110 1948
5111 2545
5112 834
5113 834
5114 1215
5115 1084
5116 1300
5117 1669
5118 2272
5119 837
5120 838
5121 2362
5122 840
5123 2699
5124 841
5125 2315
5126 1388
5127 846
5128 1646
5129 848
5130 2148
5131 851
5132 851
5133 1768
5134 2321
5135 851
5136 1240
5137 1460
5138 851
5139 851
5140 856
5141 1346
5142 857
5143 857
5144 857
5145 857
5146 857
5147 857
5148 857
5149 857
5150 857
5151 2411
5152 1089
5153 1680
5154 865
5155 1227
5156 865
5157 2797
5158 1455
5159 870
5160 1105
5161 870
5162 1364
5163 3225
5164 871
5165 871
5166 871
5167 871
5168 1904
5169 998
5170 1966
5171 874
5172 874
5173 874
5174 874
5175 1122
5176 3325
5177 874
5178 2446
5179 874
5180 2534
5181 874
5182 875
5183 3286
5184 877
5185 877
5186 877
5187 1104
5188 877
5189 882
5190 883
5191 2427
5192 884
5193 2339
5194 3056
5195 2109
5196 2844
5197 1001
5198 891
5199 2026
5200 2384
5201 891
5202 1190
5203 893
5204 893
5205 893
5206 894
5207 895
5208 895
5209 895
5210 895
5211 895
5212 2090
5213 897
5214 897
5215 897
5216 2060
5217 1191
5218 897
5219 2997
5220 1357
5221 897
5222 968
5223 898
5224 901
5225 2467
5226 901
5227 901
5228 1418
5229 2470
5230 1780
5231 902
5232 1553
5233 1353
5234 1628
5235 1436
5236 907
5237 1310
5238 907
5239 3005
5240 908
5241 909
5242 1161
5243 1594
5244 1380
5245 1113
5246 918
5247 919
5248 2055
5249 3318
5250 919
5251 919
5252 919
5253 2847
5254 919
5255 2326
5256 919
5257 919
5258 1740
5259 919
5260 919
5261 922
5262 923
5263 923
5264 923
5265 1996
5266 2660
5267 928
5268 928
5269 2500
5270 2798
5271 928
5272 2862
5273 1815
5274 928
5275 928
5276 929
5277 929
5278 975
5279 929
5280 929
5281 1427
5282 936
5283 1456
5284 1757
5285 937
5286 937
5287 939
5288 1352
5289 1464
5290 945
5291 2939
5292 1222
5293 947
5294 2780
5295 1968
5296 1627
5297 1954
5298 952
5299 953
5300 1165
5301 957
5302 991
5303 2920
5304 953
5305 983
5306 2075
5307 953
5308 953
5309 3089
5310 956
5311 962
5312 964
5313 964
5314 964
5315 964
5316 2901
5317 1007
5318 966
5319 1318
5320 3242
5321 974
5322 1932
5323 982
5324 983
5325 983
5326 2033
5327 983
5328 983
5329 989
5330 989
5331 990
5332 3282
5333 990
5334 992
5335 992
5336 2668
5337 996
5338 998
5339 1480
5340 1000
5341 1000
5342 1002
5343 1004
5344 1005
5345 1005
5346 1801
5347 1008
5348 1140
5349 1008
5350 1008
5351 1008
5352 1697
5353 3288
5354 1008
5355 1008
5356 1008
5357 1827
5358 1884
5359 1106
5360 1278
5361 1432
5362 1010
5363 1010
5364 1010
5365 2505
5366 1013
5367 2298
5368 1015
5369 1015
5370 2563
5371 1080
5372 1015
5373 1590
5374 1015
5375 1015
5376 1015
5377 1015
5378 1015
5379 1015
5380 1015
5381 1015
5382 1015
5383 2032
5384 2516
5385 1026
5386 1026
5387 1026
5388 1028
5389 1028
5390 1288
5391 1028
5392 1028
5393 2622
5394 1028
5395 1028
5396 1028
5397 2728
5398 1028
5399 3178
5400 1028
5401 1028
5402 3202
5403 1028
5404 1028
5405 1029
5406 1029
5407 1029
5408 1029
5409 1029
5410 1029
5411 1029
5412 1029
5413 1459
5414 1918
5415 1030
5416 1031
5417 1031
5418 1031
5419 1031
5420 1032
5421 2468
5422 3098
5423 1033
5424 1098
5425 2808
5426 2632
5427 1036
5428 1520
5429 1038
5430 1040
5431 1041
5432 1041
5433 1041
5434 3043
5435 1041
5436 3292
5437 1041
5438 2139
5439 1830
5440 1211
5441 1041
5442 1041
5443 3186
5444 1513
5445 2402
5446 1041
5447 1176
5448 1041
5449 1041
5450 1041
5451 1041
5452 1041
5453 1041
5454 1041
5455 1992
5456 1041
5457 1888
5458 1905
5459 1439
5460 2909
5461 1041
5462 1041
5463 1041
5464 1041
5465 1041
5466 1522
5467 1041
5468 1041
5469 1476
5470 2034
5471 1041
5472 1885
5473 2499
5474 1045
5475 1472
5476 1046
5477 2611
5478 1048
5479 1048
5480 1048
5481 1048
5482 3236
5483 2653
5484 2472
5485 1619
5486 2573
5487 1054
5488 1054
5489 2712
5490 1056
5491 1057
5492 2944
5493 1059
5494 1059
5495 1059
5496 1059
5497 2101
5498 1063
5499 2634
5500 1065
5501 1065
5502 1065
5503 1381
5504 2448
5505 2709
5506 1065
5507 1070
5508 1069
5509 1069
5510 2594
5511 1070
5512 1070
5513 2201
5514 1282
5515 1070
5516 1074
5517 2281
5518 1074
5519 1074
5520 1074
5521 1074
5522 1074
5523 3216
5524 3212
5525 1269
5526 1074
5527 1204
5528 1613
5529 1383
5530 1076
5531 2494
5532 1076
5533 1076
5534 1076
5535 2649
5536 1077
5537 1080
5538 1080
5539 1080
5540 1080
5541 2864
5542 1080
5543 1080
5544 1080
5545 1365
5546 1080
5547 1080
5548 1080
5549 1185
5550 1080
5551 1851
5552 1297
5553 1540
5554 1080
5555 2576
5556 1080
5557 3179
5558 1080
5559 2827
5560 3012
5561 1084
5562 1084
5563 3198
5564 1203
5565 1412
5566 3297
5567 3128
5568 1085
5569 2440
5570 1093
5571 1093
5572 1093
5573 3330
5574 1100
5575 1100
5576 1100
5577 2604
5578 1101
5579 1168
5580 1101
5581 1101
5582 2872
5583 1106
5584 1258
5585 1538
5586 1106
5587 1592
5588 3049
5589 1107
5590 2262
5591 1137
5592 1108
5593 3103
5594 1110
5595 1111
5596 1111
5597 1113
5598 1990
5599 3033
5600 1113
5601 1117
5602 1117
5603 1118
5604 1653
5605 1118
5606 1118
5607 1118
5608 2336
5609 1121
5610 1122
5611 2079
5612 1126
5613 1129
5614 1130
5615 1131
5616 1763
5617 3245
5618 2120
5619 3065
5620 1138
5621 1139
5622 1141
5623 1141
5624 1141
5625 1142
5626 1142
5627 1142
5628 2979
5629 1145
5630 3145
5631 1145
5632 2657
5633 1447
5634 1145
5635 1560
5636 1146
5637 1147
5638 1147
5639 1148
5640 1209
5641 1151
5642 1151
5643 1489
5644 1151
5645 1152
5646 1152
5647 1251
5648 1158
5649 1158
5650 3107
5651 1161
5652 1977
5653 2049
5654 1162
5655 1162
5656 1907
5657 1162
5658 1166
5659 1167
5660 1167
5661 1173
5662 1173
5663 1175
5664 1179
5665 1179
5666 1720
5667 1179
5668 2417
5669 1179
5670 1179
5671 1179
5672 1558
5673 1575
5674 1179
5675 1762
5676 1179
5677 1997
5678 1179
5679 1179
5680 2803
5681 1180
5682 1180
5683 1182
5684 3030
5685 1382
5686 1183
5687 1190
5688 1190
5689 1191
5690 1724
5691 1274
5692 1194
5693 1195
5694 1578
5695 1280
5696 2850
5697 1198
5698 1719
5699 1199
5700 2486
5701 1199
5702 1210
5703 1521
5704 1201
5705 1202
5706 1202
5707 2068
5708 1204
5709 1428
5710 1206
5711 1207
5712 1648
5713 2297
5714 2192
5715 1209
5716 2548
5717 1210
5718 1211
5719 1211
5720 1211
5721 1211
5722 1212
5723 1212
5724 1212
5725 1213
5726 1213
5727 1215
5728 1221
5729 2296
5730 1221
5731 1221
5732 1221
5733 1224
5734 1226
5735 1226
5736 1377
5737 1442
5738 1230
5739 2456
5740 1836
5741 1741
5742 1230
5743 1230
5744 1262
5745 1230
5746 1230
5747 1230
5748 2036
5749 1230
5750 1230
5751 1245
5752 3279
5753 1230
5754 1230
5755 1231
5756 1702
5757 1231
5758 2541
5759 1231
5760 1231
5761 2111
5762 1231
5763 1231
5764 1935
5765 2985
5766 1231
5767 1231
5768 1232
5769 1235
5770 1235
5771 1408
5772 1237
5773 3045
5774 1237
5775 1242
5776 1244
5777 2167
5778 1244
5779 1244
5780 1433
5781 1244
5782 1386
5783 1244
5784 1244
5785 1244
5786 1246
5787 1249
5788 1585
5789 1253
5790 1255
5791 1603
5792 1772
5793 1793
5794 1258
5795 1660
5796 1263
5797 1494
5798 1268
5799 1269
5800 2493
5801 2463
5802 2390
5803 1271
5804 1273
5805 1274
5806 2960
5807 1274
5808 1274
5809 1274
5810 1886
5811 1274
5812 1276
5813 1276
5814 1276
5815 1276
5816 1277
5817 1280
5818 1281
5819 1281
5820 1281
5821 1348
5822 1668
5823 1686
5824 1283
5825 1290
5826 1291
5827 1292
5828 2893
5829 1293
5830 1296
5831 1296
5832 1296
5833 1296
5834 2826
5835 1435
5836 1298
5837 1298
5838 1437
5839 1300
5840 1300
5841 1302
5842 2555
5843 1451
5844 1302
5845 1302
5846 1302
5847 1303
5848 1303
5849 1303
5850 1304
5851 1305
5852 1678
5853 1308
5854 1308
5855 1308
5856 1308
5857 1308
5858 1308
5859 1310
5860 1310
5861 1310
5862 1310
5863 1312
5864 1312
5865 3050
5866 2522
5867 1312
5868 1312
5869 1312
5870 1312
5871 1315
5872 3076
5873 1318
5874 1321
5875 2740
5876 1321
5877 1321
5878 1321
5879 1322
5880 1322
5881 1326
5882 1328
5883 2317
5884 2006
5885 2110
5886 1903
5887 1328
5888 2112
5889 1328
5890 1620
5891 1715
5892 1329
5893 1330
5894 1330
5895 1334
5896 2539
5897 1335
5898 2869
5899 1341
5900 1342
5901 2143
5902 1342
5903 2685
5904 1342
5905 1344
5906 2204
5907 3311
5908 2371
5909 2217
5910 1346
5911 1346
5912 1346
5913 1346
5914 2425
5915 1352
5916 2558
5917 1354
5918 1354
5919 1356
5920 1356
5921 1357
5922 1980
5923 1361
5924 2818
5925 1361
5926 2015
5927 1364
5928 2587
5929 1796
5930 1365
5931 2852
5932 1365
5933 2861
5934 2268
5935 1608
5936 1369
5937 1399
5938 1369
5939 1369
5940 2039
5941 2982
5942 1370
5943 2040
5944 1583
5945 1372
5946 2098
5947 1372
5948 1813
5949 1372
5950 2193
5951 1373
5952 1642
5953 1374
5954 1374
5955 1374
5956 1375
5957 1375
5958 1375
5959 1375
5960 1375
5961 1375
5962 2662
5963 1375
5964 1400
5965 1766
5966 1377
5967 1379
5968 1379
5969 1379
5970 1379
5971 1379
5972 1379
5973 1380
5974 1380
5975 2523
5976 2054
5977 1985
5978 1385
5979 1388
5980 1388
5981 1388
5982 3068
5983 1388
5984 1388
5985 1388
5986 1388
5987 1388
5988 2917
5989 1388
5990 1956
5991 1388
5992 2908
5993 1388
5994 1388
5995 1388
5996 2343
5997 1388
5998 1795
5999 1391
6000 3240
6001 2703
6002 1828
6003 2134
6004 2483
6005 1571
6006 1957
6007 1395
6008 2166
6009 1398
6010 1398
6011 1398
6012 1941
6013 1398
6014 1400
6015 2155
6016 2770
6017 1405
6018 1406
6019 1532
6020 1408
6021 1408
6022 1408
6023 1408
6024 1408
6025 3233
6026 1409
6027 2887
6028 3086
6029 1410
6030 2157
6031 1410
6032 1551
6033 1411
6034 2178
6035 2644
6036 2383
6037 1412
6038 1416
6039 1417
6040 1418
6041 2035
6042 2941
6043 1535
6044 3274
6045 2400
6046 1419
6047 1419
6048 3063
6049 1420
6050 1420
6051 1421
6052 1422
6053 1424
6054 1424
6055 2621
6056 1429
6057 1429
6058 1429
6059 1429
6060 1434
6061 2961
6062 1436
6063 1437
6064 1438
6065 1442
6066 1442
6067 1442
6068 1982
6069 1579
6070 2255
6071 1442
6072 1444
6073 1444
6074 1446
6075 1446
6076 1446
6077 2546
6078 1447
6079 1605
6080 2640
6081 3256
6082 2648
6083 1455
6084 1456
6085 1456
6086 1456
6087 1662
6088 1547
6089 3308
6090 1456
6091 1459
6092 1459
6093 1693
6094 1909
6095 1460
6096 1462
6097 3232
6098 3243
6099 1462
6100 2511
6101 1462
6102 1462
6103 1465
6104 1466
6105 2480
6106 2194
6107 2279
6108 3210
6109 2159
6110 1467
6111 3204
6112 3298
6113 1467
6114 1640
6115 1467
6116 1468
6117 1643
6118 2176
6119 1468
6120 1468
6121 3246
6122 1474
6123 1474
6124 1474
6125 2946
6126 1474
6127 1474
6128 1474
6129 1474
6130 1474
6131 1474
6132 1474
6133 1474
6134 1474
6135 1474
6136 1944
6137 1482
6138 2977
6139 2038
6140 2838
6141 1474
6142 1474
6143 1474
6144 2233
6145 1474
6146 1474
6147 1474
6148 1474
6149 1474
6150 1474
6151 1474
6152 1749
6153 1474
6154 1474
6155 1474
6156 1476
6157 1476
6158 3095
6159 1612
6160 1476
6161 1481
6162 1483
6163 3175
6164 1489
6165 1489
6166 1489
6167 1489
6168 1844
6169 2324
6170 1492
6171 1492
6172 2380
6173 1494
6174 1494
6175 1694
6176 3088
6177 1497
6178 1501
6179 1501
6180 3132
6181 1504
6182 1986
6183 1504
6184 1504
6185 1504
6186 1504
6187 3112
6188 1508
6189 1508
6190 1508
6191 1618
6192 1508
6193 1508
6194 1530
6195 1508
6196 1508
6197 1508
6198 2815
6199 1728
6200 1657
6201 1508
6202 1508
6203 1508
6204 1508
6205 1508
6206 1508
6207 2305
6208 1508
6209 1508
6210 1508
6211 1508
6212 1508
6213 1508
6214 1508
6215 2115
6216 3188
6217 1508
6218 1508
6219 2145
6220 1721
6221 1508
6222 2755
6223 1508
6224 3000
6225 1508
6226 2999
6227 3031
6228 1919
6229 1508
6230 1508
6231 1508
6232 2517
6233 1541
6234 1508
6235 1508
6236 1508
6237 1508
6238 1852
6239 1508
6240 2261
6241 3016
6242 1508
6243 1508
6244 1508
6245 1508
6246 1508
6247 2513
6248 1508
6249 1508
6250 1508
6251 1508
6252 2062
6253 1510
6254 1510
6255 1510
6256 1771
6257 2600
6258 1511
6259 1773
6260 1516
6261 1517
6262 1521
6263 1521
6264 1521
6265 1523
6266 1524
6267 1525
6268 2628
6269 2754
6270 3061
6271 1533
6272 2306
6273 1533
6274 1533
6275 1533
6276 1534
6277 1534
6278 1534
6279 1535
6280 1912
6281 1535
6282 1536
6283 1537
6284 3258
6285 1537
6286 1807
6287 2372
6288 1537
6289 1568
6290 1537
6291 1538
6292 1539
6293 1539
6294 1539
6295 2334
6296 1542
6297 1542
6298 2404
6299 2319
6300 1671
6301 1555
6302 1543
6303 1543
6304 2288
6305 1543
6306 1543
6307 2086
6308 2072
6309 1543
6310 1543
6311 1543
6312 2557
6313 1543
6314 1543
6315 1543
6316 1545
6317 3053
6318 1546
6319 1547
6320 1550
6321 2968
6322 1550
6323 1550
6324 1550
6325 1551
6326 3248
6327 1553
6328 2328
6329 2489
6330 1557
6331 2980
6332 1558
6333 1558
6334 1581
6335 1558
6336 1561
6337 2011
6338 1561
6339 1561
6340 1561
6341 1650
6342 2896
6343 1698
6344 1561
6345 2881
6346 2498
6347 1561
6348 1561
6349 1561
6350 1561
6351 2318
6352 1561
6353 1561
6354 1561
6355 2748
6356 1561
6357 2520
6358 2683
6359 1569
6360 1569
6361 1570
6362 1570
6363 1570
6364 1570
6365 1570
6366 3092
6367 1570
6368 1570
6369 1570
6370 1570
6371 2481
6372 1570
6373 1574
6374 1574
6375 1767
6376 1578
6377 1580
6378 1581
6379 1582
6380 1582
6381 1587
6382 1770
6383 3038
6384 1973
6385 1591
6386 1593
6387 2198
6388 1593
6389 1593
6390 3270
6391 1593
6392 1593
6393 1624
6394 1593
6395 1593
6396 1593
6397 1593
6398 1593
6399 1593
6400 1593
6401 1593
6402 2453
6403 1593
6404 3135
6405 1593
6406 1593
6407 1726
6408 1593
6409 1593
6410 1593
6411 1593
6412 1593
6413 1593
6414 1593
6415 2083
6416 1593
6417 1593
6418 1593
6419 1593
6420 1593
6421 1593
6422 2209
6423 1866
6424 2613
6425 1751
6426 1926
6427 1593
6428 1616
6429 2403
6430 1593
6431 1593
6432 1593
6433 1593
6434 1593
6435 1825
6436 1593
6437 1596
6438 1596
6439 1596
6440 1598
6441 1599
6442 2165
6443 1603
6444 1603
6445 1604
6446 1606
6447 1606
6448 1612
6449 1614
6450 1615
6451 2338
6452 1615
6453 2898
6454 2795
6455 1631
6456 2799
6457 1632
6458 1635
6459 1635
6460 1635
6461 1635
6462 1635
6463 3250
6464 1853
6465 1635
6466 1635
6467 1635
6468 2948
6469 1635
6470 1635
6471 1635
6472 1635
6473 1635
6474 3153
6475 1635
6476 1635
6477 2353
6478 1635
6479 1635
6480 1635
6481 1635
6482 1635
6483 1635
6484 1635
6485 3023
6486 1894
6487 1635
6488 1635
6489 1742
6490 2063
6491 1635
6492 1635
6493 1635
6494 1635
6495 1635
6496 2287
6497 1635
6498 1635
6499 2742
6500 1635
6501 1635
6502 2023
6503 2058
6504 2562
6505 1635
6506 2179
6507 2746
6508 1635
6509 1696
6510 1635
6511 1635
6512 1635
6513 1635
6514 2227
6515 1635
6516 1636
6517 1638
6518 1638
6519 2590
6520 1638
6521 1639
6522 1639
6523 2598
6524 1639
6525 1639
6526 1640
6527 1658
6528 1987
6529 1643
6530 1644
6531 1645
6532 2811
6533 1645
6534 2129
6535 1645
6536 1646
6537 1646
6538 1646
6539 1646
6540 1646
6541 1646
6542 1646
6543 1929
6544 2283
6545 1646
6546 1646
6547 1649
6548 1650
6549 1651
6550 1652
6551 1655
6552 2884
6553 1655
6554 1655
6555 1655
6556 3177
6557 1655
6558 1655
6559 2639
6560 1655
6561 1655
6562 1655
6563 3312
6564 1655
6565 1655
6566 1655
6567 1655
6568 1655
6569 2466
6570 1655
6571 3101
6572 2725
6573 1655
6574 2801
6575 2835
6576 2525
6577 1656
6578 1657
6579 2014
6580 1663
6581 3323
6582 1883
6583 2991
6584 1666
6585 2553
6586 2578
6587 2160
6588 1666
6589 1666
6590 2556
6591 1666
6592 1667
6593 2121
6594 1673
6595 2042
6596 1790
6597 1674
6598 1674
6599 1928
6600 1675
6601 1676
6602 1676
6603 1678
6604 1678
6605 1678
6606 2409
6607 1678
6608 2337
6609 1678
6610 1679
6611 2833
6612 2751
6613 2094
6614 1680
6615 1680
6616 1680
6617 1680
6618 1680
6619 1680
6620 1680
6621 1680
6622 1680
6623 3272
6624 1680
6625 1680
6626 2950
6627 1685
6628 1686
6629 1687
6630 3205
6631 2706
6632 1687
6633 2503
6634 1690
6635 1690
6636 2309
6637 2848
6638 1691
6639 1691
6640 1693
6641 1701
6642 2012
6643 2702
6644 1695
6645 1700
6646 2671
6647 1700
6648 2912
6649 2678
6650 2270
6651 1700
6652 1702
6653 1702
6654 1702
6655 1703
6656 3208
6657 1703
6658 1703
6659 1703
6660 1703
6661 3249
6662 1704
6663 1704
6664 2527
6665 1713
6666 1706
6667 1706
6668 1805
6669 1707
6670 1708
6671 1709
6672 1712
6673 3263
6674 1712
6675 1712
6676 1712
6677 1712
6678 1712
6679 2168
6680 1712
6681 2025
6682 1712
6683 1712
6684 1712
6685 1712
6686 3264
6687 1712
6688 1712
6689 1712
6690 1713
6691 1715
6692 2992
6693 1716
6694 1716
6695 2149
6696 1720
6697 1720
6698 1720
6699 1720
6700 2905
6701 1720
6702 1720
6703 1720
6704 2413
6705 3226
6706 1720
6707 1720
6708 2450
6709 1720
6710 1720
6711 3196
6712 3190
6713 1720
6714 1808
6715 1720
6716 1720
6717 1720
6718 2173
6719 1723
6720 1723
6721 1725
6722 2664
6723 2894
6724 1725
6725 2078
6726 1728
6727 2182
6728 1730
6729 2697
6730 3185
6731 2526
6732 1732
6733 1733
6734 1734
6735 2825
6736 2124
6737 1735
6738 1735
6739 1735
6740 1735
6741 1737
6742 1737
6743 2416
6744 1738
6745 1738
6746 2506
6747 1738
6748 1738
6749 1738
6750 1738
6751 2790
6752 1738
6753 1738
6754 1738
6755 1738
6756 2591
6757 1738
6758 2597
6759 3009
6760 1739
6761 2913
6762 1826
6763 3146
6764 2017
6765 1739
6766 1739
6767 1739
6768 1739
6769 1739
6770 2102
6771 1744
6772 1747
6773 1747
6774 1747
6775 2438
6776 1747
6777 1749
6778 2441
6779 1749
6780 2391
6781 2694
6782 3130
6783 1802
6784 1751
6785 1752
6786 1752
6787 1757
6788 1757
6789 1759
6790 3201
6791 1759
6792 1759
6793 1759
6794 1759
6795 1759
6796 1759
6797 1759
6798 2100
6799 1759
6800 1759
6801 1760
6802 1760
6803 1761
6804 3326
6805 1761
6806 2352
6807 1761
6808 1913
6809 2370
6810 1761
6811 1765
6812 1765
6813 1767
6814 1767
6815 1952
6816 1768
6817 1768
6818 3281
6819 1768
6820 1768
6821 1768
6822 1768
6823 1768
6824 1768
6825 3078
6826 1768
6827 1768
6828 1768
6829 1768
6830 3224
6831 1768
6832 1768
6833 1768
6834 2760
6835 2973
6836 1768
6837 1768
6838 1768
6839 1768
6840 1768
6841 2423
6842 1768
6843 1768
6844 2215
6845 1768
6846 1831
6847 1892
6848 1768
6849 1768
6850 1768
6851 1768
6852 1768
6853 1860
6854 1846
6855 1768
6856 1768
6857 1768
6858 1768
6859 1768
6860 1769
6861 2652
6862 1770
6863 2379
6864 2269
6865 1773
6866 1773
6867 1773
6868 1773
6869 2616
6870 1773
6871 2332
6872 1776
6873 1776
6874 1777
6875 1777
6876 3222
6877 1777
6878 1777
6879 1850
6880 1777
6881 1779
6882 1779
6883 1781
6884 1783
6885 1784
6886 1786
6887 1786
6888 1787
6889 1791
6890 1792
6891 1795
6892 1795
6893 2819
6894 2989
6895 1800
6896 2462
6897 1800
6898 1800
6899 2162
6900 1803
6901 2202
6902 1807
6903 1807
6904 1807
6905 1809
6906 2554
6907 1809
6908 1811
6909 1811
6910 1901
6911 2674
6912 1813
6913 1813
6914 1816
6915 1960
6916 1868
6917 1816
6918 1816
6919 1816
6920 1816
6921 1816
6922 2708
6923 1902
6924 1819
6925 2641
6926 1951
6927 1819
6928 1821
6929 1821
6930 1821
6931 2056
6932 1821
6933 1823
6934 1823
6935 1823
6936 1823
6937 1825
6938 1825
6939 1827
6940 1832
6941 1832
6942 1836
6943 1836
6944 1836
6945 1837
6946 3293
6947 1837
6948 1837
6949 1840
6950 1841
6951 1843
6952 1843
6953 2349
6954 1844
6955 1844
6956 1846
6957 1846
6958 1846
6959 1846
6960 1846
6961 1847
6962 1847
6963 1854
6964 1853
6965 1853
6966 1853
6967 2333
6968 1853
6969 1853
6970 1856
6971 1856
6972 2406
6973 1856
6974 1856
6975 1857
6976 1857
6977 2365
6978 1857
6979 1857
6980 1857
6981 2313
6982 1857
6983 1857
6984 1857
6985 2117
6986 1857
6987 1857
6988 1857
6989 1857
6990 2354
6991 3140
6992 1857
6993 1857
6994 1857
6995 1857
6996 1857
6997 1857
6998 1857
6999 1857
7000 3253
7001 1857
7002 1857
7003 3116
7004 2730
7005 1857
7006 1857
7007 2892
7008 1857
7009 1857
7010 1857
7011 3026
7012 1857
7013 1857
7014 1857
7015 1857
7016 2346
7017 1857
7018 1857
7019 1857
7020 1857
7021 1857
7022 1857
7023 1857
7024 1942
7025 1857
7026 1857
7027 1857
7028 1857
7029 1857
7030 1857
7031 1857
7032 1858
7033 2719
7034 1858
7035 1858
7036 1858
7037 1858
7038 1858
7039 3147
7040 1859
7041 1860
7042 1860
7043 1861
7044 1862
7045 1863
7046 3235
7047 1864
7048 3294
7049 1866
7050 2879
7051 1867
7052 1981
7053 1867
7054 1959
7055 1867
7056 1869
7057 1869
7058 1869
7059 1871
7060 1873
7061 1873
7062 2692
7063 1876
7064 1876
7065 1877
7066 1877
7067 1877
7068 1877
7069 1885
7070 1887
7071 1888
7072 2631
7073 1888
7074 1890
7075 1890
7076 1890
7077 1890
7078 2670
7079 1890
7080 2005
7081 1893
7082 1893
7083 1893
7084 1893
7085 1893
7086 1897
7087 1897
7088 2849
7089 1897
7090 1897
7091 1897
7092 2164
7093 1900
7094 1900
7095 1900
7096 1900
7097 1900
7098 1900
7099 1955
7100 1900
7101 1900
7102 1900
7103 1900
7104 1900
7105 1900
7106 2693
7107 1900
7108 2895
7109 1900
7110 1900
7111 3271
7112 1900
7113 1900
7114 2607
7115 1900
7116 1900
7117 1900
7118 1901
7119 2916
7120 2302
7121 1901
7122 1901
7123 3275
7124 2340
7125 1901
7126 1901
7127 1901
7128 1901
7129 1901
7130 1901
7131 2609
7132 1901
7133 1901
7134 1901
7135 1901
7136 2396
7137 1901
7138 1901
7139 1901
7140 1901
7141 1901
7142 1901
7143 1901
7144 3301
7145 2574
7146 2883
7147 1901
7148 1901
7149 1901
7150 2020
7151 1901
7152 1901
7153 2235
7154 1901
7155 2791
7156 1901
7157 1901
7158 2700
7159 3108
7160 1901
7161 1931
7162 1901
7163 1901
7164 2602
7165 1901
7166 1901
7167 1901
7168 1901
7169 2461
7170 2684
7171 1901
7172 1901
7173 1901
7174 1901
7175 1901
7176 2888
7177 2073
7178 1901
7179 1901
7180 1901
7181 1901
7182 1901
7183 1901
7184 2487
7185 1901
7186 1901
7187 1901
7188 2588
7189 1901
7190 1903
7191 1903
7192 2137
7193 1903
7194 1903
7195 1903
7196 1903
7197 1903
7198 1903
7199 1903
7200 1903
7201 1978
7202 1903
7203 2345
7204 1903
7205 1904
7206 2975
7207 1904
7208 2705
7209 1905
7210 1905
7211 1905
7212 1905
7213 1905
7214 3041
7215 2874
7216 1905
7217 1905
7218 1905
7219 1905
7220 2360
7221 1905
7222 1905
7223 1905
7224 1909
7225 1909
7226 1911
7227 1938
7228 2911
7229 2810
7230 1913
7231 1914
7232 1915
7233 1915
7234 1917
7235 1917
7236 1917
7237 1917
7238 2627
7239 1917
7240 1917
7241 2070
7242 1921
7243 1921
7244 2114
7245 2949
7246 2750
7247 1924
7248 1924
7249 1924
7250 1924
7251 1924
7252 2630
7253 3273
7254 2096
7255 1924
7256 1924
7257 1924
7258 2921
7259 1924
7260 1925
7261 1925
7262 1925
7263 2813
7264 1925
7265 1925
7266 1925
7267 1925
7268 1925
7269 1925
7270 1926
7271 1970
7272 1930
7273 1930
7274 2764
7275 1935
7276 1936
7277 2743
7278 1937
7279 1938
7280 1940
7281 1940
7282 1942
7283 1942
7284 2828
7285 1942
7286 3102
7287 1942
7288 1944
7289 1944
7290 1944
7291 1945
7292 1945
7293 1945
7294 1945
7295 1945
7296 1945
7297 1945
7298 1945
7299 1945
7300 1945
7301 1945
7302 1945
7303 1945
7304 1945
7305 1945
7306 1945
7307 1945
7308 1947
7309 1949
7310 1950
7311 1950
7312 2476
7313 1951
7314 2435
7315 1953
7316 1953
7317 1953
7318 1953
7319 1953
7320 1953
7321 1953
7322 1953
7323 1953
7324 1953
7325 3152
7326 1953
7327 2531
7328 2890
7329 2239
7330 1953
7331 2452
7332 2497
7333 2010
7334 1953
7335 2259
7336 1953
7337 1953
7338 1953
7339 1953
7340 1953
7341 1953
7342 2749
7343 1953
7344 1957
7345 1957
7346 1957
7347 1957
7348 1959
7349 2471
7350 1959
7351 1959
7352 1962
7353 1964
7354 1966
7355 1968
7356 1969
7357 1969
7358 1969
7359 3291
7360 1970
7361 1970
7362 1972
7363 2125
7364 1972
7365 1972
7366 1975
7367 1975
7368 1977
7369 1978
7370 1978
7371 2677
7372 1980
7373 1980
7374 1980
7375 1980
7376 1980
7377 1980
7378 1984
7379 1984
7380 1984
7381 1987
7382 1987
7383 2536
7384 1987
7385 1987
7386 1987
7387 1987
7388 1987
7389 1987
7390 1987
7391 2856
7392 2057
7393 1988
7394 1988
7395 1988
7396 1988
7397 1988
7398 1988
7399 1988
7400 1988
7401 1989
7402 1989
7403 2745
7404 1989
7405 1989
7406 1989
7407 1989
7408 1989
7409 1989
7410 1989
7411 1989
7412 1989
7413 1992
7414 1992
7415 1993
7416 1993
7417 2464
7418 2758
7419 1997
7420 1997
7421 1997
7422 1997
7423 2437
7424 1997
7425 1997
7426 1999
7427 1999
7428 1999
7429 1999
7430 2000
7431 2001
7432 2002
7433 2003
7434 2003
7435 2003
7436 2515
7437 2003
7438 2004
7439 2004
7440 2004
7441 2451
7442 3303
7443 2010
7444 2010
7445 2010
7446 2010
7447 2093
7448 2089
7449 2010
7450 2010
7451 2010
7452 2444
7453 2082
7454 2491
7455 2088
7456 2010
7457 2010
7458 2010
7459 3019
7460 2010
7461 2010
7462 2047
7463 2552
7464 2010
7465 3006
7466 2010
7467 2010
7468 2010
7469 2010
7470 2010
7471 2010
7472 2010
7473 2010
7474 2010
7475 2048
7476 2010
7477 2010
7478 2010
7479 2220
7480 2010
7481 2010
7482 2011
7483 2012
7484 3071
7485 2904
7486 2191
7487 2017
7488 2017
7489 2017
7490 2017
7491 2017
7492 2017
7493 2017
7494 2019
7495 2331
7496 3220
7497 2019
7498 2759
7499 2019
7500 2019
7501 2019
7502 2019
7503 2019
7504 2019
7505 2019
7506 2020
7507 2784
7508 2020
7509 2021
7510 2021
7511 2024
7512 2721
7513 2027
7514 2027
7515 2028
7516 2028
7517 2028
7518 2458
7519 2314
7520 2153
7521 2910
7522 2028
7523 2767
7524 2218
7525 2031
7526 2035
7527 3042
7528 2037
7529 2038
7530 2038
7531 2038
7532 2886
7533 2038
7534 2038
7535 2041
7536 2042
7537 2729
7538 2045
7539 2045
7540 2047
7541 2048
7542 2049
7543 2050
7544 2050
7545 3156
7546 2051
7547 2052
7548 2053
7549 2058
7550 2473
7551 2058
7552 2058
7553 2058
7554 2936
7555 2060
7556 2060
7557 2060
7558 2060
7559 2569
7560 2060
7561 2603
7562 2060
7563 2061
7564 2061
7565 2061
7566 2061
7567 3137
7568 2066
7569 2068
7570 2830
7571 2070
7572 2469
7573 2071
7574 2184
7575 2072
7576 2072
7577 2072
7578 2076
7579 2076
7580 2739
7581 2398
7582 2076
7583 2077
7584 2078
7585 2078
7586 2078
7587 2078
7588 2078
7589 2439
7590 2923
7591 2078
7592 2080
7593 2246
7594 2080
7595 2080
7596 2080
7597 2081
7598 2081
7599 2081
7600 3313
7601 2081
7602 2081
7603 2081
7604 2234
7605 2082
7606 2082
7607 3166
7608 2083
7609 2083
7610 2083
7611 2083
7612 2575
7613 2084
7614 2085
7615 2636
7616 2812
7617 2087
7618 2087
7619 2088
7620 2089
7621 2090
7622 2092
7623 2501
7624 2094
7625 2096
7626 2096
7627 2096
7628 2097
7629 2099
7630 2099
7631 2101
7632 2253
7633 2102
7634 2102
7635 2102
7636 2102
7637 2102
7638 2102
7639 3193
7640 2102
7641 2102
7642 2102
7643 2102
7644 2102
7645 2102
7646 2102
7647 2102
7648 2103
7649 2103
7650 2103
7651 2103
7652 2103
7653 2103
7654 2104
7655 2104
7656 2104
7657 2105
7658 2105
7659 2105
7660 2105
7661 2105
7662 2105
7663 2715
7664 2106
7665 2107
7666 2107
7667 2108
7668 2110
7669 2110
7670 2110
7671 2219
7672 2111
7673 2580
7674 2113
7675 2928
7676 2117
7677 2120
7678 2124
7679 2124
7680 2221
7681 2128
7682 2902
7683 2128
7684 2200
7685 2128
7686 2477
7687 2130
7688 2130
7689 2130
7690 2132
7691 2132
7692 2135
7693 2135
7694 2137
7695 3219
7696 3268
7697 2138
7698 2138
7699 2138
7700 2138
7701 2138
7702 2138
7703 3067
7704 2139
7705 2139
7706 2139
7707 2141
7708 2142
7709 2142
7710 2142
7711 2142
7712 2690
7713 2929
7714 2142
7715 2143
7716 2144
7717 2144
7718 2149
7719 2863
7720 2149
7721 2150
7722 2151
7723 2151
7724 2151
7725 2243
7726 2151
7727 2151
7728 2153
7729 2153
7730 2154
7731 2154
7732 2154
7733 2154
7734 2154
7735 2154
7736 2154
7737 2154
7738 2154
7739 2154
7740 2154
7741 2666
7742 2154
7743 2155
7744 2156
7745 2156
7746 2156
7747 2156
7748 2157
7749 2158
7750 2519
7751 2162
7752 2162
7753 2162
7754 3069
7755 2162
7756 2163
7757 2667
7758 2163
7759 2165
7760 2166
7761 2166
7762 2168
7763 2170
7764 2170
7765 2182
7766 2182
7767 2182
7768 3320
7769 2183
7770 3117
7771 2183
7772 2184
7773 2185
7774 2185
7775 2185
7776 3052
7777 2187
7778 3154
7779 2192
7780 2194
7781 2561
7782 2196
7783 2198
7784 2201
7785 2201
7786 3072
7787 2202
7788 2202
7789 2495
7790 2204
7791 2205
7792 2206
7793 2206
7794 2206
7795 2206
7796 2211
7797 2213
7798 2213
7799 2213
7800 3161
7801 2213
7802 2214
7803 2220
7804 2994
7805 2221
7806 2221
7807 2224
7808 2230
7809 2226
7810 2227
7811 2227
7812 2227
7813 2227
7814 2227
7815 2227
7816 2257
7817 2227
7818 2227
7819 2350
7820 2814
7821 2228
7822 2228
7823 2228
7824 2228
7825 2228
7826 2228
7827 2228
7828 2228
7829 2228
7830 2228
7831 2228
7832 2230
7833 2232
7834 2232
7835 2235
7836 2235
7837 2236
7838 3221
7839 2238
7840 2238
7841 2238
7842 2239
7843 2241
7844 2698
7845 2290
7846 2244
7847 2244
7848 2244
7849 2244
7850 2245
7851 2245
7852 2245
7853 2245
7854 2247
7855 2247
7856 2247
7857 2248
7858 2249
7859 2299
7860 2250
7861 2255
7862 2256
7863 2256
7864 2256
7865 2256
7866 2257
7867 2260
7868 2260
7869 2262
7870 2303
7871 2263
7872 2263
7873 2264
7874 2264
7875 2264
7876 2264
7877 2264
7878 2264
7879 2264
7880 2264
7881 2264
7882 2264
7883 2264
7884 2264
7885 2264
7886 2264
7887 2264
7888 2264
7889 2264
7890 2264
7891 2264
7892 2266
7893 2267
7894 2267
7895 2267
7896 2269
7897 2410
7898 2273
7899 2273
7900 2273
7901 2273
7902 2756
7903 2277
7904 2277
7905 2277
7906 2277
7907 2277
7908 2277
7909 2277
7910 2277
7911 2277
7912 2277
7913 2277
7914 2277
7915 2277
7916 2277
7917 2277
7918 3218
7919 2277
7920 2277
7921 2277
7922 2277
7923 2277
7924 2277
7925 2277
7926 2277
7927 2277
7928 2277
7929 2277
7930 2277
7931 2277
7932 2277
7933 2277
7934 2277
7935 2277
7936 2279
7937 2279
7938 2281
7939 3206
7940 2281
7941 2282
7942 2285
7943 2285
7944 2286
7945 2286
7946 2286
7947 2286
7948 2290
7949 2290
7950 2291
7951 2291
7952 2291
7953 2925
7954 2291
7955 2292
7956 2292
7957 2292
7958 3058
7959 2293
7960 2293
7961 2295
7962 2295
7963 2295
7964 2783
7965 2295
7966 2296
7967 2296
7968 2428
7969 2301
7970 2529
7971 2308
7972 2308
7973 2309
7974 2309
7975 2310
7976 2310
7977 2310
7978 2311
7979 2717
7980 2311
7981 2311
7982 2311
7983 2311
7984 2311
7985 3174
7986 2311
7987 2311
7988 2311
7989 3170
7990 2311
7991 2829
7992 2311
7993 2311
7994 2311
7995 2311
7996 2311
7997 2311
7998 2311
7999 2311
8000 2311
8001 2311
8002 2313
8003 2314
8004 2314
8005 2314
8006 2314
8007 2314
8008 2314
8009 3081
8010 2316
8011 2316
8012 2316
8013 2316
8014 2317
8015 2586
8016 2317
8017 2317
8018 2317
8019 2317
8020 2317
8021 2317
8022 2325
8023 2325
8024 2325
8025 2325
8026 2325
8027 2327
8028 3244
8029 2329
8030 2329
8031 2329
8032 2329
8033 2329
8034 3090
8035 2329
8036 2329
8037 2426
8038 2333
8039 2333
8040 2338
8041 2484
8042 2339
8043 2339
8044 2339
8045 2340
8046 2340
8047 2340
8048 2342
8049 2342
8050 2343
8051 2343
8052 2344
8053 2345
8054 2345
8055 2345
8056 2346
8057 2348
8058 2350
8059 2350
8060 3305
8061 2354
8062 2354
8063 2355
8064 2358
8065 2358
8066 2359
8067 2359
8068 2978
8069 3104
8070 2363
8071 2792
8072 2363
8073 2363
8074 2365
8075 2366
8076 2367
8077 2371
8078 2407
8079 2372
8080 2372
8081 2372
8082 2374
8083 2374
8084 2375
8085 2375
8086 2375
8087 2380
8088 2514
8089 2380
8090 2380
8091 2380
8092 2380
8093 2380
8094 2380
8095 2583
8096 2380
8097 2380
8098 2383
8099 2383
8100 3149
8101 2385
8102 2386
8103 2386
8104 2857
8105 2386
8106 2389
8107 2389
8108 2389
8109 2389
8110 2391
8111 2394
8112 2394
8113 2956
8114 2394
8115 3255
8116 2394
8117 2394
8118 3120
8119 2394
8120 2394
8121 2720
8122 2394
8123 2394
8124 2394
8125 2394
8126 2394
8127 2394
8128 2396
8129 2396
8130 2400
8131 2400
8132 2400
8133 2400
8134 2402
8135 2402
8136 2405
8137 2405
8138 2405
8139 2405
8140 2405
8141 2405
8142 2405
8143 2952
8144 2408
8145 2408
8146 2409
8147 2413
8148 2413
8149 2413
8150 2413
8151 2579
8152 2414
8153 2806
8154 2415
8155 2415
8156 2415
8157 2416
8158 2416
8159 2416
8160 2416
8161 2416
8162 2416
8163 2417
8164 2704
8165 2418
8166 2418
8167 2418
8168 2418
8169 2418
8170 2424
8171 2418
8172 2418
8173 2418
8174 2418
8175 2418
8176 2419
8177 2419
8178 2419
8179 2420
8180 3113
8181 2422
8182 2422
8183 2422
8184 2422
8185 2422
8186 2422
8187 2422
8188 2422
8189 2423
8190 2423
8191 2940
8192 2424
8193 2424
8194 2689
8195 2424
8196 2424
8197 2424
8198 2424
8199 2424
8200 2425
8201 2425
8202 2426
8203 2426
8204 2426
8205 2426
8206 2427
8207 2427
8208 2427
8209 2807
8210 2429
8211 2537
8212 2432
8213 2432
8214 2432
8215 2435
8216 2836
8217 2435
8218 2435
8219 2435
8220 3314
8221 2440
8222 2441
8223 2441
8224 2441
8225 2441
8226 2441
8227 2442
8228 2444
8229 2444
8230 2444
8231 2447
8232 2447
8233 2447
8234 2449
8235 2449
8236 2449
8237 2449
8238 3087
8239 2450
8240 2451
8241 2451
8242 2451
8243 2452
8244 2453
8245 2454
8246 2454
8247 2454
8248 2455
8249 2458
8250 2458
8251 2458
8252 2458
8253 2464
8254 2464
8255 2464
8256 2464
8257 2467
8258 2468
8259 2468
8260 2469
8261 2469
8262 2469
8263 2469
8264 2469
8265 2469
8266 2469
8267 2469
8268 2470
8269 3239
8270 2472
8271 2474
8272 2474
8273 2474
8274 2474
8275 2474
8276 2476
8277 2476
8278 2476
8279 2476
8280 2477
8281 2477
8282 2477
8283 2478
8284 2478
8285 2643
8286 2478
8287 2478
8288 2481
8289 2483
8290 2483
8291 2484
8292 2484
8293 2484
8294 2484
8295 2484
8296 2484
8297 2484
8298 2484
8299 2487
8300 2490
8301 2491
8302 2492
8303 2753
8304 2495
8305 2495
8306 2496
8307 2496
8308 2496
8309 2496
8310 2498
8311 2498
8312 2498
8313 2498
8314 2498
8315 2501
8316 2503
8317 3315
8318 2504
8319 2505
8320 2506
8321 2507
8322 2507
8323 3168
8324 2511
8325 2511
8326 2511
8327 2511
8328 2511
8329 2511
8330 2511
8331 2511
8332 2744
8333 2511
8334 3127
8335 2514
8336 2514
8337 2514
8338 2515
8339 2515
8340 2515
8341 2515
8342 2515
8343 2517
8344 2517
8345 3111
8346 2517
8347 2517
8348 2517
8349 2517
8350 2517
8351 2517
8352 2520
8353 2521
8354 2525
8355 2525
8356 2528
8357 2876
8358 2530
8359 2530
8360 2530
8361 2532
8362 2532
8363 2534
8364 2534
8365 2534
8366 2534
8367 2540
8368 2534
8369 2534
8370 2535
8371 2535
8372 3131
8373 2535
8374 2536
8375 2536
8376 2536
8377 2536
8378 2536
8379 2536
8380 2538
8381 2794
8382 2536
8383 2536
8384 2536
8385 2536
8386 2536
8387 2536
8388 2536
8389 2536
8390 2536
8391 3110
8392 2536
8393 2536
8394 2536
8395 2536
8396 2536
8397 2536
8398 2536
8399 2536
8400 2536
8401 2536
8402 2645
8403 2536
8404 2536
8405 2536
8406 2665
8407 2536
8408 2536
8409 3037
8410 2536
8411 2536
8412 2536
8413 2536
8414 2536
8415 2536
8416 2536
8417 2536
8418 2536
8419 2536
8420 2536
8421 2536
8422 2536
8423 2536
8424 2536
8425 2536
8426 2536
8427 2536
8428 2536
8429 2536
8430 2536
8431 2539
8432 2540
8433 2540
8434 2549
8435 2542
8436 2542
8437 2542
8438 2542
8439 2542
8440 2542
8441 2542
8442 2542
8443 2542
8444 2542
8445 2542
8446 2995
8447 2542
8448 2542
8449 2542
8450 2542
8451 2542
8452 3074
8453 2953
8454 2542
8455 2542
8456 2681
8457 2542
8458 2542
8459 2542
8460 2542
8461 2542
8462 2542
8463 2542
8464 2542
8465 2542
8466 2542
8467 2542
8468 2542
8469 2542
8470 2542
8471 2546
8472 3084
8473 2546
8474 2546
8475 2965
8476 2546
8477 2546
8478 2547
8479 2548
8480 2549
8481 2549
8482 2549
8483 2549
8484 2549
8485 2550
8486 2550
8487 2551
8488 2551
8489 2551
8490 2551
8491 2551
8492 2551
8493 2551
8494 2551
8495 2551
8496 2551
8497 2554
8498 2556
8499 2557
8500 2557
8501 2558
8502 2558
8503 3028
8504 3046
8505 2559
8506 2560
8507 2561
8508 2561
8509 2572
8510 2572
8511 2572
8512 2572
8513 2572
8514 2572
8515 2572
8516 2572
8517 2572
8518 2572
8519 2572
8520 2572
8521 2572
8522 2572
8523 2752
8524 2572
8525 2574
8526 2574
8527 2576
8528 2577
8529 2577
8530 2577
8531 2577
8532 2577
8533 2578
8534 2579
8535 3034
8536 2581
8537 2582
8538 2584
8539 2584
8540 2585
8541 2586
8542 2587
8543 3231
8544 2589
8545 2589
8546 2592
8547 2592
8548 2592
8549 2593
8550 3024
8551 2594
8552 2597
8553 2777
8554 2970
8555 2600
8556 2600
8557 2600
8558 2601
8559 2601
8560 2601
8561 2601
8562 2601
8563 2601
8564 2601
8565 2601
8566 2601
8567 2601
8568 2602
8569 3309
8570 2610
8571 2610
8572 2611
8573 2612
8574 2615
8575 2616
8576 2616
8577 2616
8578 2616
8579 2617
8580 2899
8581 2617
8582 2617
8583 2617
8584 2617
8585 2617
8586 2617
8587 2617
8588 2617
8589 2617
8590 2617
8591 2915
8592 2617
8593 2617
8594 2617
8595 2617
8596 2617
8597 3189
8598 2617
8599 2617
8600 2617
8601 2617
8602 2617
8603 2617
8604 2617
8605 2617
8606 2617
8607 2617
8608 2617
8609 2927
8610 2617
8611 2617
8612 2617
8613 2617
8614 2617
8615 2617
8616 2617
8617 2617
8618 2617
8619 2617
8620 2617
8621 2617
8622 2617
8623 2617
8624 2617
8625 2617
8626 2617
8627 3073
8628 2617
8629 2617
8630 2617
8631 3169
8632 2617
8633 2617
8634 2617
8635 2617
8636 2617
8637 2617
8638 2617
8639 2617
8640 2617
8641 3300
8642 2617
8643 2633
8644 2617
8645 2617
8646 2617
8647 2617
8648 2969
8649 2966
8650 2617
8651 2617
8652 2617
8653 2617
8654 2617
8655 2617
8656 2617
8657 2617
8658 2617
8659 2617
8660 2617
8661 2617
8662 2617
8663 3289
8664 2617
8665 2617
8666 3047
8667 2617
8668 2617
8669 2617
8670 2617
8671 2617
8672 2617
8673 2617
8674 2626
8675 3180
8676 2626
8677 2859
8678 3099
8679 2626
8680 2626
8681 2626
8682 2626
8683 2761
8684 2626
8685 3295
8686 3138
8687 2626
8688 2626
8689 2626
8690 2626
8691 2626
8692 2626
8693 2626
8694 2626
8695 3133
8696 2626
8697 2626
8698 2626
8699 2626
8700 2628
8701 2628
8702 2628
8703 2628
8704 2628
8705 2630
8706 2632
8707 2897
8708 2633
8709 2635
8710 2635
8711 2779
8712 2635
8713 2635
8714 3237
8715 2635
8716 2635
8717 2638
8718 2638
8719 2638
8720 3003
8721 2638
8722 2638
8723 2638
8724 2638
8725 2638
8726 2638
8727 2638
8728 2638
8729 2638
8730 2638
8731 2638
8732 2638
8733 2638
8734 2638
8735 2638
8736 2638
8737 2638
8738 2638
8739 2638
8740 2638
8741 2638
8742 2638
8743 2638
8744 2858
8745 2638
8746 2680
8747 2638
8748 2638
8749 2639
8750 2639
8751 2640
8752 2640
8753 2640
8754 2984
8755 2640
8756 2640
8757 3287
8758 2640
8759 2640
8760 2640
8761 2822
8762 2641
8763 2641
8764 2641
8765 2641
8766 2889
8767 3070
8768 2648
8769 3150
8770 2682
8771 2650
8772 2652
8773 3327
8774 2655
8775 2655
8776 2656
8777 2658
8778 2659
8779 2660
8780 2660
8781 2660
8782 2660
8783 2660
8784 2660
8785 2661
8786 2661
8787 2664
8788 2668
8789 2738
8790 2674
8791 2675
8792 2676
8793 3171
8794 2676
8795 2676
8796 2676
8797 2676
8798 2676
8799 2676
8800 2676
8801 3097
8802 2676
8803 2817
8804 2676
8805 2676
8806 2676
8807 2676
8808 2677
8809 2679
8810 2679
8811 2679
8812 2687
8813 3182
8814 2688
8815 2690
8816 2945
8817 2691
8818 2691
8819 2691
8820 3064
8821 2691
8822 2691
8823 2691
8824 2691
8825 2691
8826 2691
8827 2691
8828 2694
8829 2694
8830 2694
8831 2695
8832 2695
8833 2695
8834 2698
8835 2699
8836 2699
8837 2699
8838 2703
8839 2703
8840 2703
8841 2703
8842 2703
8843 2703
8844 3010
8845 2704
8846 2704
8847 2704
8848 2704
8849 2704
8850 2704
8851 2704
8852 2704
8853 2704
8854 2704
8855 2706
8856 2706
8857 2706
8858 2706
8859 2706
8860 2706
8861 2706
8862 2706
8863 2706
8864 2707
8865 2708
8866 2708
8867 2710
8868 2710
8869 2711
8870 2716
8871 3144
8872 2720
8873 2720
8874 2720
8875 2722
8876 2722
8877 3075
8878 2841
8879 2723
8880 2723
8881 3017
8882 2724
8883 2724
8884 2724
8885 2724
8886 2724
8887 2724
8888 2724
8889 2724
8890 2724
8891 2724
8892 2725
8893 2725
8894 2725
8895 2726
8896 2726
8897 2726
8898 2727
8899 2728
8900 2728
8901 2954
8902 2728
8903 2728
8904 2729
8905 2734
8906 2735
8907 2737
8908 2737
8909 3306
8910 2737
8911 2957
8912 2738
8913 2738
8914 2738
8915 2738
8916 2738
8917 2744
8918 2744
8919 2744
8920 2745
8921 2745
8922 2745
8923 2751
8924 2754
8925 2754
8926 2755
8927 2761
8928 2763
8929 2782
8930 2767
8931 2775
8932 2775
8933 2780
8934 2780
8935 2783
8936 2783
8937 2783
8938 2783
8939 2783
8940 2783
8941 2783
8942 2783
8943 2783
8944 2784
8945 2784
8946 2784
8947 2784
8948 2784
8949 2784
8950 2784
8951 2784
8952 2784
8953 2784
8954 2784
8955 2784
8956 2784
8957 2784
8958 2786
8959 2788
8960 2788
8961 2790
8962 2794
8963 2794
8964 2797
8965 2798
8966 2799
8967 2802
8968 2803
8969 2804
8970 2804
8971 2805
8972 2805
8973 2805
8974 2806
8975 2807
8976 2808
8977 2809
8978 2809
8979 2813
8980 2813
8981 2815
8982 2815
8983 2815
8984 2816
8985 2931
8986 2818
8987 2818
8988 2818
8989 2818
8990 3172
8991 2818
8992 3062
8993 2820
8994 2834
8995 2834
8996 2834
8997 2834
8998 3123
8999 2834
9000 2834
9001 2834
9002 2836
9003 2838
9004 2838
9005 2838
9006 2838
9007 2840
9008 2840
9009 3283
9010 2841
9011 2842
9012 2842
9013 2842
9014 3082
9015 2844
9016 2844
9017 2848
9018 2848
9019 2848
9020 2848
9021 3059
9022 2848
9023 2848
9024 2848
9025 2848
9026 2848
9027 2848
9028 2848
9029 2849
9030 2930
9031 2849
9032 2849
9033 2849
9034 2849
9035 2851
9036 2851
9037 2851
9038 2851
9039 2851
9040 3173
9041 2851
9042 2852
9043 2852
9044 2852
9045 2857
9046 2857
9047 2870
9048 2857
9049 2857
9050 2857
9051 2857
9052 2857
9053 2857
9054 2857
9055 2859
9056 2859
9057 2859
9058 2882
9059 2862
9060 2862
9061 2862
9062 2862
9063 2862
9064 2863
9065 2863
9066 2864
9067 2865
9068 2865
9069 2870
9070 2870
9071 2870
9072 2872
9073 2873
9074 2880
9075 2880
9076 2882
9077 2882
9078 2987
9079 2882
9080 2882
9081 2882
9082 2887
9083 2888
9084 2891
9085 2891
9086 2891
9087 2892
9088 2893
9089 2893
9090 2893
9091 2897
9092 2898
9093 2899
9094 2899
9095 2899
9096 2900
9097 2901
9098 2903
9099 2904
9100 2904
9101 2904
9102 2904
9103 2904
9104 2906
9105 3211
9106 2906
9107 2909
9108 2912
9109 2912
9110 3159
9111 2913
9112 2915
9113 2915
9114 2915
9115 2917
9116 2918
9117 2918
9118 2918
9119 3241
9120 2918
9121 2918
9122 2919
9123 2919
9124 2921
9125 2921
9126 2921
9127 2921
9128 2921
9129 2921
9130 2921
9131 2923
9132 2923
9133 2926
9134 2926
9135 2926
9136 2926
9137 2927
9138 2927
9139 2928
9140 2929
9141 2929
9142 2930
9143 2930
9144 2930
9145 2930
9146 3158
9147 2930
9148 2930
9149 2931
9150 2931
9151 2933
9152 2933
9153 2933
9154 2933
9155 2934
9156 2934
9157 2935
9158 2936
9159 2936
9160 2936
9161 2940
9162 2940
9163 2941
9164 2941
9165 2941
9166 2941
9167 2944
9168 2945
9169 2946
9170 2950
9171 2950
9172 2950
9173 2950
9174 2950
9175 2950
9176 2950
9177 3039
9178 2950
9179 2950
9180 2950
9181 2950
9182 2950
9183 2950
9184 2950
9185 2950
9186 2950
9187 2950
9188 2950
9189 2950
9190 2950
9191 3209
9192 2950
9193 2950
9194 2950
9195 2950
9196 2950
9197 2950
9198 2950
9199 2950
9200 2950
9201 2950
9202 2950
9203 2950
9204 2950
9205 2950
9206 2950
9207 2950
9208 2950
9209 2950
9210 2950
9211 2950
9212 2950
9213 2950
9214 2950
9215 2950
9216 2950
9217 2950
9218 2950
9219 2950
9220 2950
9221 2950
9222 2950
9223 2950
9224 2950
9225 3260
9226 2950
9227 2950
9228 2950
9229 2950
9230 2950
9231 2950
9232 2950
9233 2950
9234 2950
9235 2950
9236 2950
9237 2950
9238 2950
9239 2950
9240 2950
9241 2950
9242 2950
9243 3054
9244 2950
9245 2950
9246 2950
9247 2950
9248 2950
9249 2950
9250 2950
9251 2950
9252 2950
9253 2950
9254 2950
9255 3160
9256 2950
9257 2950
9258 2950
9259 2950
9260 2950
9261 2950
9262 2950
9263 2950
9264 2950
9265 2950
9266 2950
9267 2950
9268 2950
9269 2950
9270 3002
9271 2950
9272 2950
9273 2950
9274 2950
9275 2950
9276 2950
9277 2950
9278 2950
9279 2950
9280 2950
9281 2950
9282 2950
9283 2952
9284 2952
9285 2952
9286 2952
9287 2952
9288 2952
9289 2952
9290 2952
9291 2952
9292 2952
9293 2952
9294 2952
9295 2952
9296 2952
9297 2952
9298 2952
9299 2955
9300 2956
9301 2956
9302 2956
9303 2958
9304 2958
9305 2961
9306 2961
9307 2961
9308 2967
9309 2967
9310 2968
9311 2969
9312 2971
9313 2971
9314 2973
9315 2974
9316 2975
9317 2975
9318 2975
9319 2978
9320 2978
9321 2978
9322 2978
9323 2978
9324 2978
9325 2978
9326 2978
9327 2978
9328 2978
9329 2988
9330 2982
9331 2984
9332 2984
9333 2984
9334 2984
9335 2984
9336 2984
9337 2984
9338 2985
9339 2986
9340 2986
9341 2986
9342 2986
9343 2986
9344 2988
9345 2988
9346 2993
9347 2994
9348 2994
9349 2994
9350 2996
9351 2996
9352 2996
9353 2996
9354 2996
9355 2997
9356 2997
9357 2999
9358 2999
9359 2999
9360 3000
9361 3000
9362 3000
9363 3000
9364 3000
9365 3000
9366 3000
9367 3000
9368 3002
9369 3091
9370 3002
9371 3164
9372 3329
9373 3003
9374 3003
9375 3004
9376 3004
9377 3004
9378 3004
9379 3004
9380 3004
9381 3005
9382 3280
9383 3005
9384 3005
9385 3005
9386 3005
9387 3008
9388 3008
9389 3010
9390 3010
9391 3010
9392 3010
9393 3011
9394 3012
9395 3012
9396 3013
9397 3014
9398 3015
9399 3020
9400 3020
9401 3024
9402 3024
9403 3025
9404 3028
9405 3028
9406 3028
9407 3033
9408 3034
9409 3034
9410 3034
9411 3034
9412 3034
9413 3034
9414 3034
9415 3036
9416 3037
9417 3037
9418 3037
9419 3037
9420 3037
9421 3037
9422 3037
9423 3037
9424 3037
9425 3115
9426 3037
9427 3037
9428 3037
9429 3037
9430 3118
9431 3037
9432 3037
9433 3037
9434 3037
9435 3038
9436 3038
9437 3038
9438 3038
9439 3038
9440 3039
9441 3039
9442 3039
9443 3040
9444 3040
9445 3040
9446 3042
9447 3043
9448 3043
9449 3043
9450 3043
9451 3043
9452 3043
9453 3043
9454 3043
9455 3044
9456 3044
9457 3044
9458 3044
9459 3045
9460 3048
9461 3048
9462 3048
9463 3048
9464 3048
9465 3050
9466 3050
9467 3050
9468 3050
9469 3050
9470 3051
9471 3052
9472 3052
9473 3053
9474 3053
9475 3055
9476 3055
9477 3057
9478 3058
9479 3058
9480 3060
9481 3060
9482 3060
9483 3060
9484 3062
9485 3062
9486 3062
9487 3062
9488 3064
9489 3068
9490 3068
9491 3068
9492 3070
9493 3070
9494 3072
9495 3073
9496 3073
9497 3073
9498 3079
9499 3073
9500 3073
9501 3075
9502 3085
9503 3086
9504 3086
9505 3086
9506 3086
9507 3086
9508 3086
9509 3086
9510 3088
9511 3088
9512 3215
9513 3088
9514 3088
9515 3088
9516 3088
9517 3088
9518 3089
9519 3090
9520 3092
9521 3092
9522 3093
9523 3093
9524 3094
9525 3095
9526 3095
9527 3098
9528 3098
9529 3099
9530 3099
9531 3099
9532 3099
9533 3099
9534 3099
9535 3101
9536 3101
9537 3101
9538 3106
9539 3107
9540 3107
9541 3109
9542 3109
9543 3116
9544 3116
9545 3116
9546 3116
9547 3122
9548 3123
9549 3123
9550 3123
9551 3123
9552 3125
9553 3127
9554 3128
9555 3128
9556 3128
9557 3128
9558 3317
9559 3128
9560 3130
9561 3130
9562 3130
9563 3130
9564 3130
9565 3130
9566 3130
9567 3130
9568 3130
9569 3130
9570 3130
9571 3130
9572 3130
9573 3277
9574 3130
9575 3130
9576 3130
9577 3130
9578 3130
9579 3130
9580 3130
9581 3130
9582 3132
9583 3133
9584 3136
9585 3136
9586 3136
9587 3136
9588 3136
9589 3136
9590 3136
9591 3136
9592 3136
9593 3136
9594 3136
9595 3141
9596 3141
9597 3143
9598 3143
9599 3143
9600 3144
9601 3144
9602 3144
9603 3144
9604 3144
9605 3144
9606 3144
9607 3144
9608 3144
9609 3144
9610 3144
9611 3144
9612 3144
9613 3144
9614 3144
9615 3144
9616 3144
9617 3144
9618 3144
9619 3144
9620 3144
9621 3144
9622 3144
9623 3144
9624 3144
9625 3144
9626 3144
9627 3144
9628 3144
9629 3144
9630 3290
9631 3144
9632 3144
9633 3144
9634 3144
9635 3145
9636 3145
9637 3147
9638 3148
9639 3155
9640 3157
9641 3157
9642 3170
9643 3170
9644 3170
9645 3173
9646 3182
9647 3182
9648 3183
9649 3184
9650 3184
9651 3184
9652 3184
9653 3184
9654 3184
9655 3184
9656 3184
9657 3184
9658 3184
9659 3189
9660 3189
9661 3189
9662 3189
9663 3189
9664 3189
9665 3189
9666 3189
9667 3189
9668 3189
9669 3189
9670 3189
9671 3190
9672 3191
9673 3191
9674 3193
9675 3193
9676 3193
9677 3193
9678 3193
9679 3193
9680 3193
9681 3193
9682 3193
9683 3193
9684 3193
9685 3193
9686 3193
9687 3193
9688 3193
9689 3193
9690 3193
9691 3193
9692 3193
9693 3193
9694 3193
9695 3193
9696 3193
9697 3193
9698 3193
9699 3193
9700 3193
9701 3193
9702 3193
9703 3194
9704 3194
9705 3194
9706 3196
9707 3198
9708 3198
9709 3201
9710 3203
9711 3205
9712 3205
9713 3205
9714 3205
9715 3207
9716 3210
9717 3211
9718 3211
9719 3214
9720 3215
9721 3215
9722 3215
9723 3219
9724 3219
9725 3219
9726 3219
9727 3219
9728 3219
9729 3219
9730 3219
9731 3219
9732 3219
9733 3219
9734 3222
9735 3223
9736 3226
9737 3226
9738 3226
9739 3226
9740 3226
9741 3226
9742 3226
9743 3226
9744 3226
9745 3228
9746 3228
9747 3229
9748 3229
9749 3229
9750 3233
9751 3233
9752 3233
9753 3233
9754 3235
9755 3235
9756 3235
9757 3237
9758 3238
9759 3240
9760 3246
9761 3247
9762 3247
9763 3247
9764 3247
9765 3247
9766 3247
9767 3247
9768 3247
9769 3247
9770 3247
9771 3251
9772 3251
9773 3255
9774 3255
9775 3255
9776 3255
9777 3255
9778 3255
9779 3255
9780 3255
9781 3255
9782 3255
9783 3255
9784 3256
9785 3256
9786 3256
9787 3256
9788 3256
9789 3256
9790 3256
9791 3322
9792 3256
9793 3256
9794 3256
9795 3256
9796 3256
9797 3256
9798 3256
9799 3256
9800 3256
9801 3256
9802 3256
9803 3256
9804 3256
9805 3256
9806 3256
9807 3256
9808 3256
9809 3256
9810 3256
9811 3256
9812 3256
9813 3256
9814 3256
9815 3256
9816 3256
9817 3256
9818 3256
9819 3260
9820 3260
9821 3260
9822 3260
9823 3260
9824 3260
9825 3260
9826 3260
9827 3260
9828 3260
9829 3260
9830 3260
9831 3260
9832 3260
9833 3260
9834 3260
9835 3262
9836 3262
9837 3266
9838 3266
9839 3266
9840 3267
9841 3267
9842 3267
9843 3267
9844 3267
9845 3267
9846 3269
9847 3269
9848 3269
9849 3270
9850 3270
9851 3270
9852 3270
9853 3270
9854 3270
9855 3270
9856 3270
9857 3270
9858 3271
9859 3272
9860 3273
9861 3273
9862 3273
9863 3273
9864 3273
9865 3276
9866 3276
9867 3276
9868 3276
9869 3276
9870 3276
9871 3276
9872 3277
9873 3277
9874 3277
9875 3277
9876 3277
9877 3277
9878 3279
9879 3279
9880 3279
9881 3279
9882 3279
9883 3279
9884 3279
9885 3279
9886 3279
9887 3279
9888 3279
9889 3279
9890 3279
9891 3279
9892 3279
9893 3279
9894 3279
9895 3282
9896 3282
9897 3282
9898 3285
9899 3285
9900 3285
9901 3285
9902 3285
9903 3285
9904 3285
9905 3285
9906 3285
9907 3285
9908 3285
9909 3285
9910 3285
9911 3285
9912 3290
9913 3290
9914 3292
9915 3292
9916 3292
9917 3292
9918 3292
9919 3292
9920 3292
9921 3292
9922 3292
9923 3292
9924 3292
9925 3293
9926 3293
9927 3293
9928 3293
9929 3293
9930 3293
9931 3293
9932 3293
9933 3294
9934 3294
9935 3294
9936 3294
9937 3297
9938 3299
9939 3300
9940 3300
9941 3300
9942 3302
9943 3302
9944 3304
9945 3304
9946 3305
9947 3308
9948 3308
9949 3308
9950 3308
9951 3308
9952 3308
9953 3308
9954 3311
9955 3311
9956 3311
9957 3311
9958 3311
9959 3311
9960 3314
9961 3314
9962 3316
9963 3316
9964 3316
9965 3316
9966 3316
9967 3316
9968 3316
9969 3316
9970 3316
9971 3316
9972 3316
9973 3316
9974 3316
9975 3316
9976 3324
9977 3316
9978 3316
9979 3316
9980 3316
9981 3316
9982 3316
9983 3320
9984 3320
9985 3323
9986 3327
9987 3328
9988 3329
9989 3329
9990 3329
9991 3329
9992 3329
9993 3329
9994 3329
9995 3329
9996 3329
9997 3329
9998 3329
9999 3330
