10000 9999
1 0
2 0
3 2
4 3
5 3
6 5
7 2
8 1
9 2
10 8
11 10
12 3
13 12
14 4
15 9
16 14
17 3
18 17
19 16
20 17
21 8
22 11
23 22
24 17
25 19
26 7
27 6
28 27
29 3
30 8
31 11
32 30
33 28
34 18
35 22
36 35
37 17
38 28
39 30
40 38
41 27
42 39
43 28
44 35
45 41
46 23
47 42
48 45
49 47
50 45
51 41
52 21
53 24
54 47
55 37
56 28
57 47
58 47
59 50
60 45
61 58
62 47
63 43
64 48
65 13
66 16
67 47
68 47
69 54
70 55
71 47
72 45
73 30
74 26
75 47
76 63
77 76
78 58
79 33
80 35
81 25
82 73
83 45
84 73
85 50
86 81
87 47
88 76
89 29
90 15
91 66
92 80
93 76
94 81
95 2
96 82
97 76
98 76
99 86
100 35
101 38
102 73
103 94
104 3
105 87
106 45
107 104
108 45
109 23
110 43
111 84
112 47
113 75
114 47
115 76
116 108
117 56
118 86
119 97
120 117
121 76
122 39
123 111
124 47
125 46
126 60
127 3
128 111
129 19
130 124
131 3
132 119
133 45
134 76
135 34
136 51
137 27
138 50
139 47
140 114
141 47
142 101
143 140
144 86
145 76
146 47
147 130
148 63
149 45
150 91
151 35
152 63
153 108
154 61
155 71
156 69
157 76
158 47
159 20
160 88
161 45
162 81
163 50
164 30
165 31
166 69
167 76
168 47
169 35
170 82
171 150
172 75
173 82
174 35
175 68
176 163
177 63
178 119
179 151
180 126
181 128
182 73
183 128
184 181
185 151
186 119
187 30
188 47
189 132
190 184
191 59
192 188
193 185
194 115
195 95
196 50
197 61
198 47
199 188
200 115
201 47
202 73
203 148
204 55
205 45
206 179
207 181
208 32
209 45
210 47
211 80
212 184
213 88
214 64
215 80
216 139
217 130
218 168
219 208
220 116
221 205
222 128
223 184
224 188
225 142
226 188
227 105
228 119
229 203
230 181
231 131
232 229
233 23
234 127
235 45
236 36
237 46
238 227
239 224
240 159
241 49
242 147
243 55
244 61
245 43
246 182
247 76
248 114
249 110
250 160
251 155
252 221
253 200
254 203
255 204
256 177
257 197
258 188
259 155
260 169
261 113
262 191
263 103
264 263
265 255
266 240
267 243
268 229
269 37
270 248
271 181
272 105
273 222
274 197
275 271
276 265
277 166
278 121
279 227
280 204
281 141
282 224
283 248
284 127
285 86
286 45
287 178
288 57
289 208
290 119
291 137
292 118
293 81
294 129
295 261
296 169
297 62
298 284
299 66
300 224
301 52
302 245
303 178
304 56
305 75
306 210
307 243
308 238
309 70
310 61
311 166
312 47
313 170
314 76
315 47
316 115
317 236
318 308
319 277
320 79
321 282
322 67
323 312
324 111
325 314
326 301
327 261
328 285
329 263
330 185
331 235
332 275
333 231
334 40
335 279
336 239
337 198
338 75
339 332
340 294
341 146
342 83
343 243
344 283
345 263
346 255
347 312
348 173
349 61
350 293
351 76
352 224
353 214
354 275
355 86
356 301
357 218
358 76
359 330
360 304
361 61
362 339
363 300
364 169
365 152
366 136
367 151
368 243
369 366
370 13
371 248
372 224
373 118
374 86
375 204
376 69
377 243
378 208
379 156
380 314
381 47
382 86
383 243
384 11
385 71
386 373
387 233
388 243
389 154
390 243
391 27
392 45
393 128
394 282
395 119
396 330
397 188
398 301
399 18
400 270
401 285
402 350
403 389
404 257
405 309
406 339
407 333
408 399
409 78
410 289
411 373
412 80
413 295
414 202
415 47
416 269
417 243
418 224
419 144
420 83
421 3
422 338
423 382
424 273
425 301
426 281
427 47
428 243
429 382
430 426
431 203
432 243
433 308
434 98
435 56
436 226
437 69
438 82
439 263
440 398
441 27
442 75
443 295
444 434
445 229
446 323
447 241
448 243
449 224
450 408
451 275
452 45
453 192
454 302
455 81
456 76
457 131
458 75
459 276
460 75
461 272
462 451
463 318
464 103
465 291
466 58
467 316
468 318
469 426
470 76
471 260
472 349
473 139
474 435
475 460
476 435
477 72
478 316
479 74
480 236
481 314
482 370
483 370
484 294
485 196
486 51
487 261
488 236
489 456
490 248
491 435
492 145
493 45
494 330
495 331
496 314
497 90
498 481
499 224
500 103
501 431
502 240
503 144
504 435
505 504
506 453
507 39
508 377
509 283
510 335
511 188
512 435
513 286
514 328
515 441
516 414
517 379
518 310
519 297
520 38
521 73
522 311
523 186
524 200
525 122
526 433
527 379
528 458
529 8
530 435
531 519
532 424
533 446
534 114
535 265
536 254
537 185
538 316
539 279
540 435
541 320
542 461
543 407
544 185
545 232
546 368
547 511
548 205
549 293
550 85
551 47
552 454
553 339
554 508
555 546
556 543
557 435
558 181
559 547
560 424
561 519
562 85
563 335
564 509
565 189
566 543
567 449
568 561
569 336
570 564
571 314
572 536
573 47
574 275
575 328
576 416
577 564
578 423
579 275
580 556
581 466
582 414
583 86
584 337
585 453
586 522
587 176
588 224
589 28
590 543
591 60
592 519
593 162
594 511
595 113
596 447
597 431
598 581
599 554
600 331
601 519
602 581
603 319
604 555
605 344
606 319
607 256
608 348
609 278
610 209
611 581
612 314
613 561
614 18
615 248
616 253
617 549
618 22
619 494
620 564
621 429
622 391
623 562
624 581
625 302
626 401
627 543
628 435
629 76
630 349
631 625
632 75
633 543
634 447
635 543
636 449
637 510
638 487
639 543
640 420
641 544
642 166
643 306
644 227
645 464
646 235
647 608
648 308
649 225
650 467
651 450
652 543
653 193
654 645
655 204
656 569
657 376
658 571
659 248
660 488
661 596
662 496
663 511
664 264
665 625
666 561
667 128
668 61
669 561
670 314
671 540
672 625
673 549
674 543
675 71
676 615
677 263
678 569
679 608
680 561
681 549
682 288
683 641
684 259
685 47
686 678
687 349
688 208
689 659
690 525
691 389
692 293
693 165
694 301
695 569
696 543
697 418
698 567
699 232
700 581
701 535
702 61
703 359
704 301
705 387
706 532
707 221
708 331
709 224
710 243
711 677
712 581
713 143
714 537
715 543
716 625
717 586
718 539
719 519
720 586
721 617
722 455
723 441
724 519
725 564
726 236
727 314
728 581
729 290
730 554
731 581
732 147
733 330
734 435
735 543
736 717
737 668
738 581
739 620
740 342
741 34
742 118
743 435
744 131
745 687
746 443
747 304
748 355
749 66
750 680
751 435
752 433
753 602
754 484
755 742
756 128
757 47
758 45
759 407
760 284
761 720
762 569
763 706
764 690
765 359
766 524
767 763
768 137
769 617
770 753
771 307
772 435
773 426
774 674
775 742
776 630
777 678
778 581
779 519
780 654
781 338
782 561
783 570
784 543
785 435
786 47
787 709
788 555
789 725
790 678
791 718
792 372
793 547
794 690
795 346
796 314
797 558
798 224
799 519
800 380
801 208
802 663
803 452
804 731
805 654
806 263
807 243
808 82
809 581
810 376
811 561
812 569
813 604
814 634
815 581
816 314
817 37
818 208
819 581
820 742
821 229
822 298
823 391
824 103
825 695
826 566
827 742
828 701
829 248
830 180
831 581
832 47
833 205
834 543
835 293
836 816
837 625
838 248
839 435
840 45
841 153
842 543
843 742
844 608
845 584
846 557
847 104
848 776
849 435
850 267
851 435
852 847
853 154
854 630
855 616
856 424
857 479
858 594
859 690
860 581
861 504
862 564
863 519
864 625
865 687
866 678
867 323
868 461
869 617
870 643
871 686
872 543
873 791
874 511
875 742
876 174
877 439
878 45
879 435
880 339
881 845
882 382
883 520
884 812
885 571
886 742
887 843
888 801
889 547
890 593
891 314
892 543
893 315
894 519
895 229
896 733
897 229
898 47
899 237
900 204
901 564
902 369
903 705
904 200
905 648
906 581
907 824
908 885
909 817
910 64
911 872
912 793
913 847
914 687
915 543
916 435
917 594
918 607
919 794
920 780
921 701
922 243
923 385
924 354
925 193
926 569
927 550
928 659
929 187
930 891
931 568
932 793
933 625
934 547
935 745
936 167
937 547
938 581
939 581
940 430
941 581
942 829
943 868
944 229
945 665
946 742
947 877
948 843
949 256
950 816
951 577
952 368
953 581
954 235
955 722
956 312
957 942
958 946
959 89
960 242
961 758
962 304
963 946
964 314
965 869
966 733
967 848
968 543
969 435
970 325
971 654
972 702
973 286
974 841
975 529
976 293
977 728
978 471
979 841
980 740
981 962
982 776
983 837
984 742
985 898
986 913
987 753
988 526
989 862
990 581
991 223
992 856
993 435
994 561
995 579
996 543
997 225
998 543
999 843
1000 561
1001 243
1002 564
1003 374
1004 418
1005 144
1006 76
1007 652
1008 670
1009 217
1010 827
1011 625
1012 648
1013 703
1014 243
1015 906
1016 788
1017 594
1018 686
1019 455
1020 608
1021 706
1022 459
1023 870
1024 36
1025 948
1026 564
1027 186
1028 942
1029 474
1030 710
1031 314
1032 100
1033 912
1034 757
1035 47
1036 257
1037 308
1038 609
1039 916
1040 243
1041 221
1042 537
1043 575
1044 255
1045 678
1046 381
1047 391
1048 729
1049 28
1050 665
1051 358
1052 142
1053 980
1054 881
1055 581
1056 581
1057 349
1058 254
1059 460
1060 843
1061 560
1062 968
1063 581
1064 601
1065 686
1066 1043
1067 999
1068 793
1069 569
1070 612
1071 587
1072 596
1073 725
1074 923
1075 543
1076 678
1077 995
1078 427
1079 461
1080 55
1081 491
1082 687
1083 1065
1084 904
1085 942
1086 926
1087 389
1088 588
1089 312
1090 847
1091 567
1092 191
1093 431
1094 431
1095 810
1096 1048
1097 687
1098 231
1099 959
1100 239
1101 723
1102 1056
1103 138
1104 982
1105 414
1106 569
1107 799
1108 1018
1109 811
1110 740
1111 1080
1112 865
1113 686
1114 770
1115 598
1116 848
1117 581
1118 872
1119 185
1120 457
1121 1039
1122 940
1123 561
1124 747
1125 403
1126 980
1127 581
1128 527
1129 308
1130 581
1131 697
1132 1113
1133 985
1134 435
1135 775
1136 1069
1137 236
1138 904
1139 545
1140 520
1141 645
1142 564
1143 411
1144 994
1145 494
1146 188
1147 395
1148 391
1149 836
1150 253
1151 467
1152 663
1153 934
1154 1150
1155 845
1156 314
1157 379
1158 986
1159 1075
1160 918
1161 359
1162 533
1163 435
1164 766
1165 400
1166 314
1167 980
1168 308
1169 1016
1170 543
1171 229
1172 1050
1173 1106
1174 96
1175 869
1176 208
1177 644
1178 1124
1179 537
1180 980
1181 581
1182 816
1183 969
1184 405
1185 1050
1186 819
1187 1018
1188 756
1189 402
1190 795
1191 227
1192 646
1193 847
1194 720
1195 569
1196 543
1197 1016
1198 997
1199 1189
1200 608
1201 581
1202 872
1203 799
1204 1029
1205 581
1206 1106
1207 957
1208 561
1209 733
1210 936
1211 543
1212 1061
1213 447
1214 994
1215 1037
1216 711
1217 800
1218 608
1219 881
1220 1097
1221 820
1222 543
1223 983
1224 314
1225 1097
1226 595
1227 874
1228 896
1229 326
1230 911
1231 849
1232 546
1233 793
1234 791
1235 549
1236 872
1237 630
1238 564
1239 999
1240 377
1241 401
1242 1128
1243 581
1244 993
1245 1189
1246 884
1247 822
1248 621
1249 1089
1250 31
1251 1038
1252 1114
1253 475
1254 581
1255 907
1256 1210
1257 328
1258 130
1259 848
1260 678
1261 564
1262 720
1263 499
1264 547
1265 963
1266 339
1267 913
1268 1096
1269 1130
1270 1050
1271 1054
1272 654
1273 519
1274 727
1275 564
1276 537
1277 1164
1278 735
1279 1062
1280 150
1281 331
1282 980
1283 528
1284 742
1285 248
1286 248
1287 262
1288 561
1289 980
1290 924
1291 28
1292 185
1293 62
1294 641
1295 235
1296 1113
1297 1060
1298 579
1299 564
1300 314
1301 1015
1302 608
1303 672
1304 493
1305 205
1306 1050
1307 872
1308 711
1309 733
1310 608
1311 1097
1312 255
1313 564
1314 1050
1315 430
1316 581
1317 1096
1318 569
1319 1188
1320 742
1321 1097
1322 1123
1323 670
1324 697
1325 1045
1326 687
1327 1166
1328 1121
1329 151
1330 1033
1331 519
1332 465
1333 405
1334 107
1335 1264
1336 906
1337 977
1338 736
1339 564
1340 334
1341 717
1342 581
1343 247
1344 949
1345 980
1346 654
1347 420
1348 1148
1349 705
1350 835
1351 587
1352 581
1353 1190
1354 461
1355 665
1356 339
1357 992
1358 945
1359 1095
1360 425
1361 569
1362 575
1363 1328
1364 608
1365 595
1366 594
1367 691
1368 543
1369 948
1370 1203
1371 968
1372 511
1373 757
1374 129
1375 1138
1376 824
1377 1153
1378 1231
1379 224
1380 1096
1381 62
1382 783
1383 699
1384 313
1385 708
1386 1075
1387 795
1388 1075
1389 211
1390 581
1391 1332
1392 941
1393 786
1394 608
1395 814
1396 1373
1397 76
1398 123
1399 662
1400 1018
1401 726
1402 839
1403 945
1404 867
1405 1358
1406 184
1407 569
1408 561
1409 1162
1410 770
1411 733
1412 102
1413 1111
1414 818
1415 872
1416 863
1417 1095
1418 1232
1419 1075
1420 1328
1421 328
1422 102
1423 516
1424 1183
1425 448
1426 795
1427 964
1428 1369
1429 661
1430 413
1431 106
1432 644
1433 1346
1434 1075
1435 992
1436 248
1437 942
1438 462
1439 833
1440 1388
1441 416
1442 1148
1443 630
1444 942
1445 1284
1446 314
1447 237
1448 1385
1449 232
1450 1016
1451 1328
1452 569
1453 793
1454 260
1455 1124
1456 1189
1457 310
1458 1346
1459 1114
1460 673
1461 1177
1462 1328
1463 1089
1464 512
1465 1338
1466 188
1467 1217
1468 389
1469 729
1470 507
1471 1049
1472 1109
1473 762
1474 678
1475 930
1476 1423
1477 482
1478 433
1479 1129
1480 565
1481 886
1482 650
1483 581
1484 916
1485 524
1486 524
1487 1277
1488 1449
1489 980
1490 793
1491 816
1492 1095
1493 1095
1494 826
1495 1342
1496 332
1497 1106
1498 1328
1499 543
1500 286
1501 1346
1502 1141
1503 511
1504 349
1505 958
1506 561
1507 1501
1508 648
1509 980
1510 1299
1511 755
1512 589
1513 899
1514 1077
1515 564
1516 1495
1517 1172
1518 631
1519 581
1520 881
1521 420
1522 1202
1523 243
1524 1305
1525 437
1526 1376
1527 493
1528 543
1529 1370
1530 1179
1531 188
1532 543
1533 774
1534 1192
1535 1050
1536 847
1537 162
1538 1189
1539 1067
1540 1420
1541 1454
1542 774
1543 1378
1544 675
1545 687
1546 1074
1547 219
1548 906
1549 471
1550 1493
1551 740
1552 1398
1553 1337
1554 1420
1555 905
1556 215
1557 1473
1558 1050
1559 1521
1560 1331
1561 420
1562 1046
1563 1041
1564 357
1565 1166
1566 1142
1567 1110
1568 715
1569 1210
1570 165
1571 1251
1572 941
1573 1357
1574 847
1575 1183
1576 887
1577 1210
1578 1107
1579 1353
1580 255
1581 1238
1582 1477
1583 1293
1584 943
1585 1024
1586 724
1587 1517
1588 1012
1589 1363
1590 1034
1591 45
1592 881
1593 581
1594 1462
1595 888
1596 1225
1597 1188
1598 1328
1599 776
1600 1002
1601 1111
1602 1545
1603 1140
1604 1128
1605 1089
1606 1092
1607 1129
1608 1075
1609 1530
1610 564
1611 849
1612 649
1613 547
1614 942
1615 1282
1616 1536
1617 1215
1618 688
1619 1531
1620 1033
1621 248
1622 1016
1623 906
1624 331
1625 564
1626 1050
1627 1098
1628 1308
1629 1589
1630 170
1631 1011
1632 154
1633 234
1634 176
1635 689
1636 1199
1637 615
1638 543
1639 1152
1640 828
1641 1095
1642 1569
1643 881
1644 333
1645 1530
1646 1097
1647 1476
1648 651
1649 1460
1650 1517
1651 1447
1652 212
1653 1392
1654 622
1655 248
1656 1640
1657 1085
1658 1075
1659 1529
1660 733
1661 648
1662 1024
1663 1111
1664 840
1665 553
1666 682
1667 817
1668 1477
1669 279
1670 881
1671 1589
1672 1535
1673 1561
1674 793
1675 559
1676 1080
1677 1329
1678 1331
1679 1231
1680 1555
1681 1433
1682 224
1683 128
1684 874
1685 625
1686 1464
1687 872
1688 1397
1689 1322
1690 1388
1691 561
1692 1620
1693 435
1694 1506
1695 1690
1696 1209
1697 1584
1698 1633
1699 549
1700 882
1701 293
1702 397
1703 980
1704 608
1705 1162
1706 1556
1707 1558
1708 1060
1709 380
1710 1646
1711 810
1712 1654
1713 770
1714 620
1715 686
1716 1465
1717 1397
1718 1285
1719 500
1720 287
1721 356
1722 926
1723 1539
1724 1598
1725 117
1726 171
1727 701
1728 1694
1729 1368
1730 816
1731 858
1732 1185
1733 980
1734 1656
1735 1322
1736 1402
1737 420
1738 1665
1739 1198
1740 564
1741 1096
1742 1365
1743 47
1744 1366
1745 399
1746 667
1747 1486
1748 1744
1749 517
1750 1465
1751 599
1752 561
1753 1023
1754 1237
1755 1238
1756 1727
1757 1300
1758 571
1759 845
1760 1754
1761 1415
1762 1227
1763 1083
1764 1089
1765 1050
1766 1592
1767 1175
1768 1179
1769 888
1770 93
1771 723
1772 1434
1773 1564
1774 189
1775 742
1776 1164
1777 58
1778 509
1779 615
1780 980
1781 1058
1782 1208
1783 1700
1784 1411
1785 1629
1786 686
1787 223
1788 404
1789 447
1790 1420
1791 684
1792 1386
1793 581
1794 1097
1795 1111
1796 1685
1797 1096
1798 969
1799 76
1800 1183
1801 1573
1802 1778
1803 1572
1804 1786
1805 1494
1806 960
1807 1593
1808 1080
1809 435
1810 1189
1811 758
1812 420
1813 838
1814 862
1815 1631
1816 34
1817 1381
1818 1192
1819 561
1820 1017
1821 1589
1822 1801
1823 942
1824 1426
1825 1584
1826 1775
1827 1203
1828 314
1829 1219
1830 740
1831 185
1832 422
1833 1568
1834 1411
1835 1373
1836 942
1837 1111
1838 963
1839 886
1840 805
1841 1707
1842 1049
1843 220
1844 1555
1845 1095
1846 1097
1847 340
1848 1808
1849 758
1850 1392
1851 392
1852 276
1853 1738
1854 1584
1855 231
1856 980
1857 980
1858 1849
1859 641
1860 1854
1861 1240
1862 1084
1863 1346
1864 1014
1865 965
1866 107
1867 1322
1868 848
1869 1097
1870 1356
1871 1257
1872 776
1873 486
1874 1113
1875 1131
1876 1420
1877 980
1878 184
1879 1097
1880 420
1881 1547
1882 149
1883 1374
1884 1429
1885 1207
1886 1112
1887 794
1888 318
1889 1697
1890 1328
1891 946
1892 377
1893 1062
1894 1240
1895 1712
1896 1355
1897 286
1898 561
1899 841
1900 329
1901 1095
1902 1814
1903 980
1904 711
1905 1398
1906 1284
1907 1529
1908 228
1909 678
1910 1763
1911 816
1912 1043
1913 872
1914 1278
1915 58
1916 1832
1917 903
1918 1095
1919 1754
1920 720
1921 1685
1922 848
1923 1006
1924 946
1925 1392
1926 1820
1927 1387
1928 81
1929 740
1930 1027
1931 485
1932 1744
1933 1640
1934 1606
1935 1075
1936 1796
1937 1063
1938 1680
1939 584
1940 511
1941 1593
1942 1898
1943 1597
1944 1593
1945 1067
1946 1063
1947 866
1948 1231
1949 776
1950 614
1951 1274
1952 196
1953 119
1954 554
1955 47
1956 286
1957 1067
1958 1398
1959 112
1960 1786
1961 95
1962 803
1963 1177
1964 1702
1965 216
1966 1935
1967 916
1968 733
1969 789
1970 1700
1971 1796
1972 1157
1973 561
1974 972
1975 1671
1976 549
1977 894
1978 243
1979 1284
1980 1365
1981 1680
1982 1075
1983 815
1984 1055
1985 1319
1986 1748
1987 873
1988 1238
1989 742
1990 651
1991 1583
1992 746
1993 628
1994 1097
1995 1062
1996 1417
1997 1075
1998 581
1999 248
2000 169
2001 968
2002 1281
2003 946
2004 847
2005 1387
2006 224
2007 1007
2008 824
2009 1501
2010 190
2011 1736
2012 1189
2013 1582
2014 733
2015 1620
2016 1463
2017 953
2018 2016
2019 920
2020 1536
2021 1997
2022 1407
2023 1197
2024 564
2025 1411
2026 1763
2027 435
2028 856
2029 1189
2030 1315
2031 1075
2032 1827
2033 347
2034 180
2035 1623
2036 1457
2037 742
2038 1870
2039 345
2040 946
2041 1753
2042 1584
2043 1259
2044 1714
2045 1308
2046 241
2047 28
2048 1904
2049 561
2050 431
2051 1707
2052 678
2053 714
2054 1405
2055 2053
2056 712
2057 1922
2058 701
2059 1136
2060 1795
2061 2057
2062 1948
2063 1734
2064 1091
2065 1758
2066 419
2067 1539
2068 1095
2069 1566
2070 1634
2071 1247
2072 564
2073 1914
2074 2050
2075 105
2076 667
2077 1357
2078 1174
2079 1517
2080 243
2081 1615
2082 435
2083 180
2084 2053
2085 1936
2086 972
2087 1975
2088 1328
2089 1778
2090 1050
2091 1340
2092 1682
2093 1980
2094 1935
2095 478
2096 1859
2097 2049
2098 2091
2099 1528
2100 1210
2101 1188
2102 1602
2103 1501
2104 1899
2105 824
2106 1451
2107 1812
2108 1260
2109 1977
2110 1828
2111 1179
2112 1451
2113 1625
2114 1205
2115 1786
2116 359
2117 1398
2118 581
2119 2107
2120 1876
2121 1452
2122 1686
2123 700
2124 188
2125 1899
2126 1654
2127 1330
2128 1768
2129 1480
2130 1953
2131 1744
2132 2096
2133 463
2134 1935
2135 1018
2136 2058
2137 824
2138 2075
2139 1604
2140 561
2141 916
2142 661
2143 1899
2144 638
2145 845
2146 1823
2147 1833
2148 390
2149 1616
2150 1078
2151 1539
2152 1671
2153 547
2154 388
2155 1248
2156 1402
2157 2143
2158 1465
2159 184
2160 1573
2161 2100
2162 1241
2163 2159
2164 1722
2165 1050
2166 1707
2167 694
2168 314
2169 434
2170 2075
2171 1682
2172 2075
2173 2141
2174 946
2175 980
2176 1287
2177 2077
2178 1095
2179 314
2180 541
2181 969
2182 2115
2183 980
2184 1637
2185 1799
2186 493
2187 795
2188 2115
2189 968
2190 1944
2191 1737
2192 2138
2193 1303
2194 1776
2195 1097
2196 2025
2197 2002
2198 564
2199 980
2200 435
2201 1411
2202 1075
2203 1340
2204 2034
2205 2175
2206 1914
2207 1470
2208 1546
2209 314
2210 1661
2211 795
2212 1205
2213 1623
2214 468
2215 1299
2216 311
2217 504
2218 1973
2219 2095
2220 964
2221 581
2222 1208
2223 1126
2224 1137
2225 1203
2226 2075
2227 1458
2228 229
2229 1703
2230 330
2231 1435
2232 1845
2233 1907
2234 1240
2235 2055
2236 2076
2237 188
2238 1123
2239 1749
2240 1448
2241 1860
2242 697
2243 110
2244 2053
2245 1113
2246 1236
2247 1719
2248 784
2249 742
2250 1290
2251 1536
2252 2075
2253 1900
2254 1810
2255 1523
2256 1922
2257 1780
2258 729
2259 2075
2260 2075
2261 1328
2262 2210
2263 1584
2264 1935
2265 564
2266 1449
2267 1284
2268 1210
2269 275
2270 1640
2271 1786
2272 1367
2273 678
2274 1091
2275 1757
2276 1846
2277 1425
2278 1837
2279 848
2280 435
2281 628
2282 318
2283 1660
2284 1538
2285 1072
2286 752
2287 1783
2288 1563
2289 543
2290 561
2291 1073
2292 1506
2293 1990
2294 1272
2295 1165
2296 1786
2297 2231
2298 1111
2299 162
2300 1858
2301 1552
2302 280
2303 331
2304 1055
2305 157
2306 1684
2307 2075
2308 370
2309 1500
2310 2165
2311 1914
2312 608
2313 2083
2314 1097
2315 1882
2316 1018
2317 76
2318 379
2319 877
2320 2285
2321 973
2322 876
2323 2046
2324 2254
2325 2075
2326 1427
2327 598
2328 314
2329 1832
2330 1443
2331 1018
2332 2143
2333 1497
2334 1881
2335 1819
2336 1189
2337 1999
2338 2199
2339 602
2340 1398
2341 2076
2342 969
2343 1593
2344 1958
2345 1847
2346 1487
2347 768
2348 1294
2349 686
2350 2076
2351 405
2352 2075
2353 1067
2354 1821
2355 1763
2356 2283
2357 360
2358 1215
2359 145
2360 1512
2361 963
2362 2075
2363 2248
2364 1912
2365 1865
2366 1465
2367 1328
2368 1133
2369 2210
2370 349
2371 1935
2372 326
2373 1489
2374 678
2375 2221
2376 1324
2377 1551
2378 2133
2379 317
2380 1075
2381 2377
2382 1538
2383 76
2384 2307
2385 1552
2386 1173
2387 1753
2388 1189
2389 2075
2390 2210
2391 1673
2392 1701
2393 581
2394 874
2395 608
2396 1779
2397 2100
2398 2076
2399 249
2400 565
2401 1473
2402 569
2403 1296
2404 1914
2405 2112
2406 2076
2407 2379
2408 386
2409 1033
2410 1623
2411 2286
2412 567
2413 395
2414 2244
2415 1215
2416 648
2417 625
2418 2036
2419 1284
2420 1203
2421 2075
2422 2273
2423 710
2424 2410
2425 359
2426 1899
2427 1642
2428 979
2429 2112
2430 1470
2431 1814
2432 1447
2433 523
2434 1226
2435 1457
2436 731
2437 151
2438 2053
2439 1708
2440 1269
2441 763
2442 1333
2443 1769
2444 581
2445 2328
2446 2076
2447 2374
2448 1407
2449 569
2450 1266
2451 1874
2452 415
2453 1223
2454 1188
2455 439
2456 1792
2457 1041
2458 1283
2459 827
2460 2133
2461 1559
2462 1062
2463 166
2464 2075
2465 305
2466 2449
2467 1563
2468 1380
2469 1593
2470 2258
2471 1864
2472 2149
2473 1439
2474 1155
2475 2130
2476 1282
2477 1912
2478 980
2479 2219
2480 2301
2481 1189
2482 2236
2483 687
2484 1392
2485 666
2486 1075
2487 1340
2488 1284
2489 847
2490 47
2491 2210
2492 1095
2493 946
2494 1410
2495 547
2496 1747
2497 980
2498 1514
2499 1912
2500 2104
2501 1042
2502 547
2503 1914
2504 1962
2505 1506
2506 814
2507 1763
2508 2068
2509 414
2510 1796
2511 1307
2512 847
2513 1381
2514 547
2515 1831
2516 1097
2517 2420
2518 2096
2519 2165
2520 2166
2521 1749
2522 1707
2523 128
2524 2485
2525 1882
2526 2165
2527 625
2528 2377
2529 547
2530 2006
2531 1373
2532 816
2533 1725
2534 1434
2535 1746
2536 2075
2537 938
2538 1962
2539 1075
2540 1328
2541 1474
2542 1130
2543 2144
2544 1189
2545 1441
2546 520
2547 2001
2548 435
2549 2535
2550 1690
2551 1769
2552 2492
2553 893
2554 447
2555 197
2556 2265
2557 875
2558 2210
2559 2212
2560 1740
2561 2075
2562 960
2563 2153
2564 1364
2565 1325
2566 2180
2567 846
2568 276
2569 2391
2570 1860
2571 869
2572 743
2573 2075
2574 2215
2575 2553
2576 1941
2577 2300
2578 549
2579 993
2580 581
2581 2075
2582 1717
2583 2391
2584 1534
2585 1114
2586 1700
2587 1420
2588 1145
2589 1175
2590 1050
2591 224
2592 2391
2593 1396
2594 2469
2595 1328
2596 1920
2597 2531
2598 2356
2599 627
2600 2233
2601 2053
2602 773
2603 816
2604 1922
2605 190
2606 783
2607 531
2608 2429
2609 2541
2610 592
2611 1899
2612 1906
2613 605
2614 1097
2615 651
2616 903
2617 2615
2618 1680
2619 1329
2620 2063
2621 2367
2622 2588
2623 1376
2624 2552
2625 2602
2626 2155
2627 2027
2628 1792
2629 1633
2630 1577
2631 1455
2632 980
2633 877
2634 1219
2635 2248
2636 2248
2637 2515
2638 910
2639 1392
2640 1075
2641 1506
2642 575
2643 1175
2644 1165
2645 745
2646 918
2647 2156
2648 1322
2649 2590
2650 1737
2651 543
2652 1584
2653 2636
2654 2254
2655 2644
2656 1177
2657 2351
2658 2086
2659 569
2660 1748
2661 1770
2662 1911
2663 2198
2664 2159
2665 1877
2666 2060
2667 2165
2668 1730
2669 339
2670 2614
2671 1883
2672 2437
2673 1231
2674 2635
2675 1899
2676 1445
2677 1734
2678 1328
2679 2019
2680 1914
2681 2133
2682 1812
2683 1539
2684 2501
2685 2324
2686 2263
2687 1328
2688 447
2689 313
2690 872
2691 547
2692 2661
2693 2165
2694 1450
2695 1510
2696 2075
2697 1477
2698 2289
2699 843
2700 2240
2701 547
2702 1420
2703 433
2704 555
2705 2359
2706 1450
2707 1874
2708 2649
2709 782
2710 1257
2711 223
2712 1192
2713 45
2714 2633
2715 2079
2716 1632
2717 1965
2718 2403
2719 742
2720 184
2721 1914
2722 1232
2723 1921
2724 2008
2725 2669
2726 1690
2727 2198
2728 1357
2729 2089
2730 2076
2731 702
2732 53
2733 1683
2734 2650
2735 2696
2736 1836
2737 435
2738 1046
2739 2425
2740 1861
2741 2305
2742 2147
2743 1948
2744 1834
2745 2027
2746 1422
2747 622
2748 810
2749 917
2750 1975
2751 1935
2752 2010
2753 2330
2754 2709
2755 135
2756 1621
2757 2075
2758 720
2759 2196
2760 730
2761 2027
2762 2483
2763 1041
2764 1695
2765 479
2766 2214
2767 1146
2768 1736
2769 2369
2770 2447
2771 339
2772 2118
2773 581
2774 2694
2775 2724
2776 561
2777 1189
2778 1050
2779 2116
2780 1450
2781 814
2782 735
2783 2281
2784 2478
2785 2662
2786 816
2787 980
2788 1097
2789 842
2790 1763
2791 1050
2792 1870
2793 2783
2794 460
2795 1284
2796 239
2797 1915
2798 1550
2799 1778
2800 1995
2801 1903
2802 2248
2803 1119
2804 2075
2805 2118
2806 543
2807 2264
2808 1875
2809 2634
2810 1410
2811 165
2812 193
2813 809
2814 1914
2815 1613
2816 1483
2817 760
2818 2588
2819 1870
2820 2701
2821 2053
2822 2427
2823 2562
2824 1253
2825 725
2826 2764
2827 2406
2828 1216
2829 1230
2830 733
2831 1451
2832 2535
2833 2751
2834 2248
2835 2079
2836 727
2837 2533
2838 1641
2839 1990
2840 2263
2841 2522
2842 2053
2843 1822
2844 1376
2845 2681
2846 743
2847 2204
2848 1222
2849 2075
2850 1577
2851 1700
2852 2014
2853 1467
2854 2778
2855 2231
2856 2805
2857 2587
2858 942
2859 193
2860 2211
2861 1659
2862 2617
2863 1792
2864 758
2865 561
2866 2208
2867 2497
2868 2396
2869 1736
2870 1573
2871 994
2872 2343
2873 910
2874 1282
2875 822
2876 2319
2877 2534
2878 2075
2879 1162
2880 436
2881 2202
2882 1661
2883 2662
2884 431
2885 1796
2886 2149
2887 2578
2888 1778
2889 1201
2890 824
2891 1486
2892 1100
2893 2689
2894 2404
2895 1889
2896 615
2897 2679
2898 1934
2899 768
2900 1420
2901 433
2902 2710
2903 543
2904 561
2905 980
2906 2731
2907 2166
2908 1422
2909 1888
2910 695
2911 1824
2912 2671
2913 1096
2914 2502
2915 2075
2916 2858
2917 172
2918 1786
2919 2602
2920 2034
2921 2892
2922 2644
2923 1640
2924 1773
2925 2631
2926 1055
2927 1932
2928 2809
2929 667
2930 1674
2931 1962
2932 868
2933 1078
2934 1591
2935 2279
2936 1421
2937 2405
2938 1148
2939 1376
2940 2273
2941 1914
2942 1577
2943 1968
2944 2143
2945 1813
2946 1918
2947 35
2948 1075
2949 2940
2950 1222
2951 243
2952 980
2953 2779
2954 2064
2955 743
2956 1925
2957 2053
2958 594
2959 1830
2960 2329
2961 2955
2962 1123
2963 824
2964 1738
2965 1026
2966 414
2967 2588
2968 906
2969 2498
2970 2425
2971 2602
2972 2075
2973 1935
2974 2789
2975 420
2976 2905
2977 2364
2978 2826
2979 2053
2980 2342
2981 829
2982 1056
2983 420
2984 401
2985 2684
2986 1977
2987 2075
2988 2812
2989 2166
2990 510
2991 2428
2992 1835
2993 718
2994 2474
2995 1044
2996 1935
2997 1649
2998 248
2999 2808
3000 654
3001 2425
3002 2572
3003 2006
3004 1560
3005 608
3006 1357
3007 1552
3008 1340
3009 1113
3010 2075
3011 2598
3012 1773
3013 1153
3014 2076
3015 1177
3016 2689
3017 1284
3018 1725
3019 2381
3020 2778
3021 2566
3022 1680
3023 2022
3024 1454
3025 774
3026 1299
3027 301
3028 2519
3029 2391
3030 111
3031 1436
3032 1501
3033 263
3034 564
3035 2859
3036 2293
3037 2708
3038 1760
3039 2696
3040 2611
3041 910
3042 2253
3043 2553
3044 2739
3045 109
3046 641
3047 1097
3048 2789
3049 2631
3050 2697
3051 2912
3052 2868
3053 1398
3054 243
3055 804
3056 2739
3057 3004
3058 1536
3059 574
3060 2519
3061 1134
3062 1296
3063 2788
3064 2682
3065 2880
3066 2527
3067 2058
3068 1032
3069 195
3070 2977
3071 2299
3072 1116
3073 2946
3074 2439
3075 1796
3076 1914
3077 1284
3078 2548
3079 1962
3080 2787
3081 2807
3082 1451
3083 2684
3084 1976
3085 1031
3086 1025
3087 2920
3088 2566
3089 2251
3090 2410
3091 2617
3092 1935
3093 1381
3094 1050
3095 701
3096 1111
3097 618
3098 914
3099 2018
3100 2460
3101 1287
3102 683
3103 2553
3104 1016
3105 1170
3106 2608
3107 2713
3108 2197
3109 2858
3110 2642
3111 330
3112 2567
3113 1497
3114 783
3115 2075
3116 2706
3117 2109
3118 2759
3119 1442
3120 1592
3121 2023
3122 2883
3123 1051
3124 2820
3125 2121
3126 705
3127 1768
3128 1187
3129 2580
3130 2822
3131 1573
3132 2639
3133 2338
3134 3082
3135 1516
3136 3035
3137 564
3138 2171
3139 1892
3140 2418
3141 2075
3142 2075
3143 243
3144 2530
3145 292
3146 1263
3147 2031
3148 430
3149 3129
3150 2014
3151 2023
3152 2458
3153 2075
3154 581
3155 678
3156 2709
3157 569
3158 1257
3159 2659
3160 1965
3161 1257
3162 564
3163 702
3164 1175
3165 2985
3166 2248
3167 2771
3168 3001
3169 1343
3170 2734
3171 2940
3172 2684
3173 1427
3174 2900
3175 637
3176 2150
3177 2118
3178 1035
3179 1340
3180 1880
3181 1615
3182 2705
3183 1920
3184 1075
3185 2472
3186 537
3187 2355
3188 2498
3189 2764
3190 771
3191 2075
3192 2628
3193 2835
3194 435
3195 435
3196 1089
3197 3146
3198 2649
3199 2580
3200 1551
3201 2061
3202 47
3203 1302
3204 1864
3205 569
3206 1482
3207 581
3208 1956
3209 1696
3210 1506
3211 1845
3212 1935
3213 1411
3214 894
3215 678
3216 2796
3217 1539
3218 1602
3219 679
3220 2461
3221 1253
3222 608
3223 1008
3224 1651
3225 1690
3226 2422
3227 1019
3228 2955
3229 3210
3230 2961
3231 1680
3232 1923
3233 2189
3234 424
3235 2583
3236 2306
3237 1982
3238 2520
3239 193
3240 1104
3241 3111
3242 1952
3243 843
3244 1314
3245 454
3246 2075
3247 3224
3248 2428
3249 2649
3250 2460
3251 2851
3252 3088
3253 2053
3254 2068
3255 1549
3256 2561
3257 2835
3258 2708
3259 2592
3260 1828
3261 1043
3262 1814
3263 2138
3264 1790
3265 2553
3266 3147
3267 2095
3268 704
3269 701
3270 2555
3271 808
3272 2775
3273 1954
3274 1527
3275 2255
3276 1018
3277 2684
3278 3053
3279 2938
3280 1739
3281 3044
3282 2138
3283 2075
3284 2125
3285 2588
3286 1912
3287 523
3288 1518
3289 2462
3290 1391
3291 314
3292 2110
3293 1930
3294 22
3295 479
3296 497
3297 65
3298 1961
3299 1120
3300 692
3301 399
3302 421
3303 104
3304 3
3305 89
3306 2817
3307 515
3308 975
3309 1721
3310 246
3311 1570
3312 11
3313 384
3314 2308
3315 66
3316 24
3317 502
3318 1441
3319 18
3320 1816
3321 1950
3322 1883
3323 46
3324 35
3325 618
3326 3045
3327 1349
3328 2732
3329 2047
3330 803
3331 3290
3332 2747
3333 1052
3334 256
3335 916
3336 33
3337 1291
3338 1512
3339 1471
3340 2334
3341 690
3342 164
3343 929
3344 1250
3345 541
3346 741
3347 2755
3348 1389
3349 44
3350 206
3351 35
3352 2947
3353 35
3354 2322
3355 1024
3356 364
3357 3068
3358 1401
3359 909
3360 37
3361 1676
3362 2546
3363 1340
3364 47
3365 1470
3366 902
3367 2243
3368 864
3369 161
3370 878
3371 149
3372 252
3373 45
3374 209
3375 45
3376 45
3377 1664
3378 342
3379 45
3380 2934
3381 830
3382 191
3383 1431
3384 1851
3385 758
3386 133
3387 3107
3388 235
3389 477
3390 973
3391 2873
3392 1527
3393 841
3394 125
3395 1447
3396 47
3397 3012
3398 47
3399 57
3400 158
3401 322
3402 210
3403 216
3404 201
3405 685
3406 1009
3407 341
3408 573
3409 1586
3410 985
3411 47
3412 1743
3413 1162
3414 713
3415 1393
3416 47
3417 3178
3418 2329
3419 1955
3420 3202
3421 426
3422 832
3423 551
3424 47
3425 2046
3426 2738
3427 1525
3428 2145
3429 3153
3430 1959
3431 2553
3432 1590
3433 61
3434 175
3435 2490
3436 427
3437 321
3438 1544
3439 2452
3440 927
3441 587
3442 1952
3443 1103
3444 1873
3445 1184
3446 204
3447 432
3448 981
3449 120
3450 1666
3451 409
3452 2797
3453 1777
3454 581
3455 58
3456 59
3457 591
3458 2716
3459 61
3460 518
3461 2658
3462 3270
3463 244
3464 472
3465 361
3466 737
3467 1583
3468 2513
3469 365
3470 213
3471 148
3472 63
3473 63
3474 214
3475 749
3476 299
3477 1726
3478 606
3479 1972
3480 657
3481 1074
3482 155
3483 324
3484 1412
3485 521
3486 2509
3487 438
3488 75
3489 2917
3490 2794
3491 2458
3492 305
3493 442
3494 632
3495 2434
3496 119
3497 1397
3498 1006
3499 3169
3500 629
3501 134
3502 194
3503 470
3504 2317
3505 76
3506 2305
3507 1210
3508 76
3509 2383
3510 77
3511 2692
3512 3123
3513 434
3514 351
3515 145
3516 314
3517 1251
3518 489
3519 1799
3520 1556
3521 92
3522 412
3523 81
3524 94
3525 81
3526 1928
3527 1003
3528 3227
3529 1537
3530 82
3531 1200
3532 2078
3533 1384
3534 82
3535 3271
3536 420
3537 623
3538 748
3539 86
3540 583
3541 285
3542 86
3543 99
3544 578
3545 1143
3546 1005
3547 250
3548 959
3549 103
3550 3069
3551 2746
3552 824
3553 664
3554 500
3555 1502
3556 1334
3557 1574
3558 227
3559 1079
3560 1866
3561 108
3562 220
3563 249
3564 110
3565 1398
3566 3030
3567 1212
3568 327
3569 534
3570 114
3571 2756
3572 1375
3573 467
3574 1725
3575 117
3576 742
3577 3145
3578 2433
3579 119
3580 565
3581 303
3582 2470
3583 1908
3584 1953
3585 395
3586 122
3587 122
3588 1633
3589 667
3590 2101
3591 2523
3592 230
3593 2733
3594 183
3595 393
3596 294
3597 129
3598 732
3599 1258
3600 744
3601 131
3602 1098
3603 131
3604 131
3605 131
3606 136
3607 137
3608 137
3609 2347
3610 473
3611 3280
3612 503
3613 2066
3614 3182
3615 492
3616 146
3617 146
3618 960
3619 232
3620 1882
3621 1280
3622 151
3623 2515
3624 2437
3625 2619
3626 367
3627 154
3628 154
3629 853
3630 2272
3631 1791
3632 251
3633 157
3634 158
3635 159
3636 160
3637 3071
3638 890
3639 2811
3640 693
3641 2216
3642 2463
3643 642
3644 169
3645 169
3646 3255
3647 296
3648 2000
3649 1630
3650 2070
3651 1720
3652 2034
3653 2313
3654 2720
3655 797
3656 207
3657 2269
3658 182
3659 1406
3660 2159
3661 1787
3662 1652
3663 2605
3664 184
3665 1878
3666 185
3667 641
3668 2803
3669 925
3670 396
3671 714
3672 1292
3673 185
3674 185
3675 1027
3676 188
3677 2124
3678 2767
3679 188
3680 1466
3681 258
3682 226
3683 585
3684 397
3685 2237
3686 1619
3687 188
3688 199
3689 511
3690 1774
3691 2752
3692 1934
3693 262
3694 191
3695 2859
3696 3239
3697 2812
3698 193
3699 193
3700 193
3701 653
3702 194
3703 485
3704 274
3705 257
3706 524
3707 1150
3708 1093
3709 1781
3710 2302
3711 1580
3712 900
3713 375
3714 204
3715 655
3716 1524
3717 833
3718 205
3719 548
3720 205
3721 207
3722 208
3723 378
3724 688
3725 1176
3726 2551
3727 1414
3728 410
3729 610
3730 1023
3731 353
3732 1965
3733 216
3734 1843
3735 707
3736 2763
3737 2711
3738 991
3739 223
3740 1088
3741 2591
3742 224
3743 3144
3744 224
3745 224
3746 363
3747 224
3748 636
3749 3146
3750 224
3751 418
3752 709
3753 224
3754 224
3755 3216
3756 224
3757 372
3758 352
3759 798
3760 224
3761 3138
3762 1379
3763 1612
3764 2880
3765 1191
3766 1669
3767 2845
3768 227
3769 1432
3770 227
3771 227
3772 895
3773 944
3774 1171
3775 229
3776 268
3777 897
3778 821
3779 2228
3780 445
3781 759
3782 1855
3783 1383
3784 1139
3785 2266
3786 1295
3787 954
3788 331
3789 646
3790 1137
3791 480
3792 2407
3793 236
3794 660
3795 237
3796 237
3797 1513
3798 3157
3799 1100
3800 266
3801 2688
3802 2471
3803 1425
3804 1978
3805 428
3806 2951
3807 1892
3808 417
3809 807
3810 1030
3811 243
3812 3143
3813 383
3814 243
3815 850
3816 2148
3817 343
3818 922
3819 243
3820 243
3821 3054
3822 546
3823 2080
3824 388
3825 243
3826 771
3827 1040
3828 243
3829 243
3830 1001
3831 1523
3832 244
3833 1286
3834 248
3835 1813
3836 1165
3837 605
3838 248
3839 1999
3840 3031
3841 2981
3842 1655
3843 2998
3844 2896
3845 490
3846 928
3847 1718
3848 371
3849 248
3850 248
3851 2399
3852 855
3853 254
3854 572
3855 254
3856 1312
3857 2995
3858 1022
3859 255
3860 2911
3861 256
3862 1344
3863 256
3864 256
3865 607
3866 1036
3867 257
3868 1788
3869 1454
3870 261
3871 1992
3872 2543
3873 1287
3874 2455
3875 677
3876 2039
3877 329
3878 263
3879 3033
3880 806
3881 263
3882 265
3883 265
3884 265
3885 921
3886 268
3887 274
3888 1438
3889 1496
3890 354
3891 1298
3892 3059
3893 2568
3894 1852
3895 278
3896 563
3897 2993
3898 394
3899 509
3900 284
3901 2071
3902 285
3903 285
3904 1362
3905 2984
3906 286
3907 513
3908 3208
3909 1500
3910 1897
3911 291
3912 1350
3913 976
3914 681
3915 2336
3916 1701
3917 294
3918 294
3919 754
3920 1847
3921 1430
3922 295
3923 3027
3924 1360
3925 2167
3926 440
3927 1229
3928 3268
3929 301
3930 552
3931 1178
3932 2357
3933 2465
3934 1129
3935 648
3936 2901
3937 1168
3938 1215
3939 1457
3940 2758
3941 956
3942 1249
3943 347
3944 2689
3945 1399
3946 891
3947 1300
3948 314
3949 314
3950 1070
3951 314
3952 3085
3953 1446
3954 1709
3955 970
3956 1224
3957 2168
3958 1323
3959 2220
3960 908
3961 2179
3962 1327
3963 314
3964 314
3965 2603
3966 1156
3967 498
3968 314
3969 314
3970 2209
3971 2836
3972 314
3973 2328
3974 314
3975 314
3976 2110
3977 796
3978 3291
3979 478
3980 538
3981 2282
3982 318
3983 1888
3984 318
3985 2214
3986 603
3987 320
3988 323
3989 1404
3990 2372
3991 1257
3992 2936
3993 328
3994 514
3995 3042
3996 1660
3997 3241
3998 2116
3999 2588
4000 2230
4001 2197
4002 2303
4003 1624
4004 2240
4005 600
4006 495
4007 331
4008 331
4009 331
4010 332
4011 406
4012 1644
4013 335
4014 510
4015 338
4016 781
4017 2819
4018 2725
4019 339
4020 880
4021 362
4022 1266
4023 1853
4024 339
4025 339
4026 2771
4027 1509
4028 342
4029 346
4030 347
4031 347
4032 2033
4033 1504
4034 349
4035 1057
4036 854
4037 687
4038 2370
4039 349
4040 924
4041 359
4042 2970
4043 1013
4044 1161
4045 765
4046 359
4047 359
4048 359
4049 952
4050 483
4051 482
4052 792
4053 386
4054 376
4055 1095
4056 377
4057 2234
4058 1954
4059 2318
4060 2239
4061 1242
4062 379
4063 800
4064 2626
4065 882
4066 2408
4067 2154
4068 1125
4069 389
4070 389
4071 1087
4072 1468
4073 1047
4074 1148
4075 391
4076 391
4077 823
4078 392
4079 393
4080 1147
4081 395
4082 2413
4083 1702
4084 1745
4085 2615
4086 2162
4087 401
4088 626
4089 401
4090 401
4091 2657
4092 1333
4093 543
4094 1105
4095 2966
4096 582
4097 414
4098 1423
4099 576
4100 417
4101 1004
4102 697
4103 418
4104 418
4105 418
4106 418
4107 418
4108 1673
4109 2983
4110 1347
4111 420
4112 2650
4113 420
4114 3180
4115 2461
4116 2119
4117 420
4118 420
4119 420
4120 640
4121 2975
4122 421
4123 3234
4124 856
4125 424
4126 706
4127 3148
4128 2602
4129 469
4130 2933
4131 2030
4132 430
4133 1122
4134 430
4135 2074
4136 1094
4137 597
4138 431
4139 2884
4140 431
4141 431
4142 431
4143 501
4144 2411
4145 1478
4146 433
4147 433
4148 988
4149 2703
4150 444
4151 434
4152 2169
4153 1993
4154 2737
4155 435
4156 1081
4157 435
4158 3228
4159 1204
4160 1231
4161 435
4162 435
4163 3195
4164 1809
4165 435
4166 435
4167 1134
4168 1163
4169 879
4170 435
4171 851
4172 3194
4173 734
4174 476
4175 530
4176 751
4177 785
4178 435
4179 3078
4180 435
4181 2200
4182 435
4183 435
4184 435
4185 772
4186 504
4187 2011
4188 435
4189 969
4190 2627
4191 2082
4192 2280
4193 435
4194 435
4195 1693
4196 671
4197 512
4198 3112
4199 435
4200 435
4201 1244
4202 877
4203 1771
4204 814
4205 2554
4206 1213
4207 1789
4208 447
4209 2285
4210 698
4211 453
4212 506
4213 454
4214 3245
4215 454
4216 955
4217 460
4218 460
4219 1059
4220 3221
4221 460
4222 460
4223 542
4224 868
4225 461
4226 1354
4227 464
4228 467
4229 1151
4230 1482
4231 978
4232 478
4233 478
4234 3267
4235 2765
4236 479
4237 479
4238 479
4239 857
4240 479
4241 480
4242 482
4243 1477
4244 485
4245 485
4246 1931
4247 2186
4248 1304
4249 619
4250 499
4251 1719
4252 500
4253 502
4254 502
4255 503
4256 2217
4257 504
4258 504
4259 861
4260 505
4261 509
4262 509
4263 2560
4264 1778
4265 2990
4266 3175
4267 1227
4268 1940
4269 511
4270 511
4271 2701
4272 511
4273 1503
4274 2749
4275 511
4276 511
4277 663
4278 1372
4279 512
4280 512
4281 512
4282 512
4283 1464
4284 518
4285 601
4286 519
4287 779
4288 519
4289 2607
4290 519
4291 1331
4292 1273
4293 519
4294 719
4295 561
4296 519
4297 1107
4298 519
4299 2610
4300 519
4301 1416
4302 519
4303 3214
4304 1140
4305 883
4306 522
4307 3287
4308 524
4309 1485
4310 2891
4311 2194
4312 532
4313 537
4314 537
4315 1276
4316 537
4317 3127
4318 537
4319 3186
4320 2501
4321 540
4322 2180
4323 543
4324 543
4325 2789
4326 998
4327 543
4328 784
4329 543
4330 1638
4331 627
4332 1499
4333 1211
4334 543
4335 834
4336 2289
4337 633
4338 2950
4339 639
4340 543
4341 543
4342 915
4343 543
4344 590
4345 543
4346 543
4347 543
4348 543
4349 1532
4350 543
4351 1533
4352 543
4353 1528
4354 543
4355 543
4356 1307
4357 2806
4358 1729
4359 996
4360 1075
4361 968
4362 543
4363 2651
4364 2311
4365 715
4366 543
4367 1170
4368 892
4369 1196
4370 580
4371 543
4372 2903
4373 1805
4374 543
4375 696
4376 2007
4377 543
4378 543
4379 635
4380 1418
4381 546
4382 2704
4383 546
4384 2691
4385 1675
4386 547
4387 2529
4388 932
4389 547
4390 1613
4391 889
4392 2514
4393 547
4394 2914
4395 1264
4396 1377
4397 2563
4398 2495
4399 937
4400 1699
4401 1976
4402 549
4403 2578
4404 1460
4405 617
4406 1235
4407 551
4408 552
4409 553
4410 2760
4411 1751
4412 3121
4413 555
4414 555
4415 813
4416 561
4417 931
4418 561
4419 561
4420 613
4421 1898
4422 561
4423 561
4424 2140
4425 561
4426 1506
4427 561
4428 1000
4429 561
4430 561
4431 1288
4432 561
4433 1472
4434 2290
4435 561
4436 1123
4437 1408
4438 561
4439 561
4440 561
4441 561
4442 1819
4443 561
4444 669
4445 561
4446 561
4447 561
4448 561
4449 750
4450 561
4451 2218
4452 1752
4453 561
4454 2776
4455 561
4456 561
4457 561
4458 2049
4459 561
4460 1782
4461 561
4462 2524
4463 782
4464 561
4465 2904
4466 2871
4467 561
4468 2865
4469 1691
4470 561
4471 1313
4472 1339
4473 564
4474 564
4475 564
4476 3162
4477 2024
4478 901
4479 564
4480 1261
4481 951
4482 1299
4483 1275
4484 2044
4485 564
4486 564
4487 1600
4488 989
4489 1142
4490 1515
4491 1073
4492 564
4493 1610
4494 564
4495 564
4496 2965
4497 2113
4498 2265
4499 1988
4500 2663
4501 564
4502 564
4503 564
4504 564
4505 3034
4506 564
4507 564
4508 3137
4509 3114
4510 564
4511 2072
4512 564
4513 564
4514 2129
4515 565
4516 2400
4517 1091
4518 2412
4519 1246
4520 2333
4521 926
4522 569
4523 1557
4524 2448
4525 2108
4526 2466
4527 3159
4528 1318
4529 3205
4530 3125
4531 569
4532 569
4533 2402
4534 569
4535 569
4536 1195
4537 569
4538 2059
4539 656
4540 2910
4541 1361
4542 571
4543 658
4544 2065
4545 575
4546 3261
4547 2642
4548 995
4549 579
4550 1130
4551 2393
4552 1352
4553 581
4554 581
4555 581
4556 953
4557 1127
4558 581
4559 581
4560 2212
4561 1186
4562 581
4563 1593
4564 990
4565 2118
4566 1548
4567 2444
4568 1519
4569 1793
4570 1254
4571 581
4572 2375
4573 2537
4574 581
4575 581
4576 712
4577 1983
4578 1117
4579 581
4580 2773
4581 731
4582 1056
4583 860
4584 581
4585 581
4586 581
4587 728
4588 581
4589 3154
4590 581
4591 581
4592 2327
4593 581
4594 2339
4595 1998
4596 581
4597 778
4598 2304
4599 1181
4600 3207
4601 611
4602 1390
4603 3129
4604 2816
4605 2889
4606 738
4607 581
4608 581
4609 581
4610 581
4611 1316
4612 831
4613 2123
4614 809
4615 581
4616 941
4617 1243
4618 581
4619 581
4620 581
4621 581
4622 581
4623 581
4624 939
4625 581
4626 581
4627 581
4628 581
4629 581
4630 3135
4631 624
4632 581
4633 581
4634 1063
4635 581
4636 1939
4637 1341
4638 1071
4639 1351
4640 588
4641 588
4642 588
4643 592
4644 594
4645 2958
4646 1926
4647 1731
4648 1744
4649 595
4650 1980
4651 595
4652 661
4653 596
4654 597
4655 597
4656 1115
4657 1064
4658 601
4659 602
4660 987
4661 602
4662 602
4663 603
4664 2613
4665 918
4666 3222
4667 608
4668 1218
4669 608
4670 3005
4671 2564
4672 844
4673 608
4674 2395
4675 2312
4676 3203
4677 608
4678 1704
4679 3219
4680 647
4681 608
4682 608
4683 608
4684 608
4685 1394
4686 608
4687 1310
4688 608
4689 608
4690 1020
4691 608
4692 615
4693 676
4694 2184
4695 1779
4696 617
4697 617
4698 617
4699 721
4700 617
4701 3164
4702 769
4703 617
4704 618
4705 3097
4706 618
4707 739
4708 620
4709 620
4710 622
4711 1895
4712 625
4713 2453
4714 2417
4715 625
4716 1815
4717 631
4718 1685
4719 2193
4720 933
4721 1896
4722 2527
4723 716
4724 2599
4725 2783
4726 1104
4727 3038
4728 1443
4729 1518
4730 631
4731 631
4732 633
4733 634
4734 637
4735 638
4736 638
4737 638
4738 639
4739 3046
4740 2096
4741 641
4742 641
4743 641
4744 3102
4745 641
4746 2348
4747 1177
4748 644
4749 645
4750 780
4751 1818
4752 646
4753 2416
4754 1508
4755 1844
4756 648
4757 1588
4758 648
4759 2210
4760 648
4761 648
4762 2839
4763 1648
4764 651
4765 654
4766 654
4767 654
4768 654
4769 971
4770 3000
4771 654
4772 1346
4773 1272
4774 1840
4775 655
4776 656
4777 656
4778 657
4779 1635
4780 660
4781 661
4782 661
4783 1884
4784 2142
4785 663
4786 802
4787 1639
4788 664
4789 945
4790 1050
4791 665
4792 666
4793 2535
4794 2482
4795 2929
4796 667
4797 667
4798 667
4799 669
4800 669
4801 1008
4802 673
4803 1216
4804 678
4805 678
4806 678
4807 678
4808 1947
4809 678
4810 678
4811 678
4812 678
4813 686
4814 2374
4815 1909
4816 2541
4817 3226
4818 2052
4819 3155
4820 2565
4821 3215
4822 678
4823 678
4824 777
4825 678
4826 678
4827 1076
4828 790
4829 678
4830 679
4831 681
4832 685
4833 685
4834 1763
4835 686
4836 2349
4837 1108
4838 1715
4839 3062
4840 871
4841 1786
4842 1326
4843 687
4844 1545
4845 3098
4846 687
4847 687
4848 687
4849 687
4850 935
4851 687
4852 1097
4853 687
4854 1886
4855 687
4856 687
4857 687
4858 1082
4859 2762
4860 688
4861 1618
4862 690
4863 794
4864 859
4865 690
4866 764
4867 825
4868 2376
4869 697
4870 697
4871 697
4872 697
4873 2242
4874 2999
4875 697
4876 1640
4877 3269
4878 701
4879 701
4880 1727
4881 2058
4882 3095
4883 701
4884 2731
4885 3163
4886 703
4887 3126
4888 1917
4889 705
4890 1021
4891 2441
4892 706
4893 708
4894 787
4895 2423
4896 711
4897 1904
4898 2045
4899 2056
4900 714
4901 2053
4902 714
4903 714
4904 714
4905 714
4906 1568
4907 716
4908 1465
4909 791
4910 720
4911 3183
4912 720
4913 1262
4914 720
4915 720
4916 1194
4917 761
4918 720
4919 722
4920 723
4921 723
4922 723
4923 1101
4924 2825
4925 1969
4926 726
4927 1274
4928 1337
4929 1741
4930 1469
4931 2436
4932 3055
4933 733
4934 1309
4935 2830
4936 733
4937 2852
4938 733
4939 733
4940 733
4941 1209
4942 733
4943 733
4944 733
4945 1228
4946 966
4947 733
4948 2943
4949 1834
4950 735
4951 2782
4952 736
4953 737
4954 739
4955 739
4956 740
4957 1929
4958 1110
4959 3200
4960 740
4961 2959
4962 1511
4963 742
4964 875
4965 1320
4966 1839
4967 946
4968 1221
4969 742
4970 2037
4971 742
4972 742
4973 984
4974 742
4975 2249
4976 1826
4977 1135
4978 2459
4979 843
4980 2719
4981 1284
4982 742
4983 1989
4984 743
4985 2846
4986 3002
4987 743
4988 2645
4989 746
4990 1252
4991 753
4992 754
4993 757
4994 2597
4995 758
4996 758
4997 758
4998 758
4999 758
5000 758
5001 758
5002 1849
5003 758
5004 758
5005 961
5006 1811
5007 758
5008 2864
5009 758
5010 758
5011 762
5012 762
5013 763
5014 767
5015 2899
5016 1713
5017 2810
5018 3190
5019 771
5020 774
5021 3025
5022 1542
5023 776
5024 1949
5025 848
5026 1599
5027 1872
5028 779
5029 780
5030 920
5031 780
5032 2709
5033 783
5034 783
5035 1382
5036 783
5037 2606
5038 783
5039 2834
5040 790
5041 1987
5042 1234
5043 1068
5044 1233
5045 1453
5046 1490
5047 793
5048 793
5049 2930
5050 793
5051 1033
5052 919
5053 1887
5054 795
5055 795
5056 795
5057 1579
5058 2187
5059 795
5060 2005
5061 2860
5062 799
5063 799
5064 1203
5065 1467
5066 1962
5067 807
5068 2813
5069 809
5070 810
5071 810
5072 2748
5073 1711
5074 810
5075 811
5076 811
5077 811
5078 813
5079 2506
5080 2781
5081 1395
5082 815
5083 816
5084 816
5085 2786
5086 816
5087 816
5088 816
5089 1730
5090 816
5091 950
5092 1182
5093 816
5094 816
5095 1491
5096 1911
5097 816
5098 1149
5099 816
5100 2532
5101 816
5102 817
5103 817
5104 1667
5105 817
5106 2875
5107 822
5108 2105
5109 2939
5110 824
5111 2008
5112 2890
5113 824
5114 2963
5115 824
5116 1255
5117 2137
5118 825
5119 827
5120 1010
5121 2858
5122 831
5123 833
5124 1439
5125 834
5126 838
5127 838
5128 841
5129 841
5130 841
5131 841
5132 974
5133 841
5134 841
5135 979
5136 2500
5137 841
5138 841
5139 841
5140 841
5141 1067
5142 2699
5143 843
5144 843
5145 3243
5146 843
5147 843
5148 843
5149 843
5150 843
5151 843
5152 1576
5153 843
5154 1708
5155 1025
5156 843
5157 1759
5158 1670
5159 845
5160 2474
5161 846
5162 846
5163 1193
5164 1090
5165 2004
5166 847
5167 852
5168 2512
5169 913
5170 1536
5171 2489
5172 2057
5173 2043
5174 1868
5175 848
5176 848
5177 967
5178 3072
5179 2935
5180 849
5181 1611
5182 849
5183 849
5184 852
5185 853
5186 854
5187 2028
5188 2177
5189 856
5190 861
5191 1814
5192 868
5193 2840
5194 868
5195 2932
5196 868
5197 869
5198 2365
5199 869
5200 869
5201 2571
5202 871
5203 2829
5204 1522
5205 872
5206 872
5207 1415
5208 1687
5209 872
5210 872
5211 872
5212 872
5213 872
5214 872
5215 1118
5216 872
5217 872
5218 872
5219 872
5220 872
5221 1913
5222 872
5223 2246
5224 872
5225 872
5226 872
5227 872
5228 2690
5229 872
5230 873
5231 873
5232 873
5233 874
5234 1684
5235 2394
5236 2557
5237 2876
5238 947
5239 877
5240 877
5241 2714
5242 881
5243 1766
5244 1520
5245 881
5246 881
5247 1643
5248 881
5249 1829
5250 881
5251 1271
5252 881
5253 882
5254 2586
5255 882
5256 884
5257 1481
5258 1595
5259 891
5260 1475
5261 2109
5262 898
5263 899
5264 899
5265 2616
5266 1862
5267 905
5268 1301
5269 906
5270 2968
5271 1336
5272 1623
5273 906
5274 910
5275 910
5276 910
5277 910
5278 910
5279 3041
5280 910
5281 2638
5282 1267
5283 1158
5284 916
5285 916
5286 1121
5287 916
5288 1484
5289 2141
5290 916
5291 916
5292 1967
5293 917
5294 2646
5295 1160
5296 918
5297 2679
5298 920
5299 920
5300 920
5301 2250
5302 2164
5303 1086
5304 927
5305 927
5306 927
5307 930
5308 930
5309 938
5310 1653
5311 941
5312 941
5313 941
5314 1572
5315 941
5316 1437
5317 1823
5318 942
5319 1657
5320 942
5321 942
5322 942
5323 942
5324 2736
5325 1614
5326 1028
5327 942
5328 1885
5329 1444
5330 1403
5331 1358
5332 946
5333 2003
5334 946
5335 946
5336 1505
5337 1838
5338 2040
5339 946
5340 2174
5341 2493
5342 1924
5343 946
5344 1891
5345 946
5346 947
5347 947
5348 1428
5349 949
5350 951
5351 953
5352 2017
5353 953
5354 953
5355 955
5356 959
5357 959
5358 959
5359 1099
5360 960
5361 1806
5362 960
5363 2823
5364 2361
5365 1265
5366 964
5367 1427
5368 965
5369 966
5370 967
5371 968
5372 968
5373 968
5374 968
5375 1371
5376 1062
5377 2189
5378 2001
5379 1183
5380 2181
5381 969
5382 1798
5383 2342
5384 969
5385 1974
5386 973
5387 2321
5388 973
5389 975
5390 975
5391 975
5392 975
5393 2428
5394 979
5395 980
5396 980
5397 980
5398 2478
5399 2497
5400 2476
5401 980
5402 980
5403 980
5404 2952
5405 980
5406 1345
5407 980
5408 1780
5409 980
5410 1733
5411 1856
5412 980
5413 2229
5414 1857
5415 1180
5416 1903
5417 980
5418 980
5419 2787
5420 2632
5421 2223
5422 980
5423 980
5424 2205
5425 980
5426 980
5427 980
5428 980
5429 980
5430 980
5431 1167
5432 2905
5433 980
5434 2183
5435 980
5436 2665
5437 980
5438 2199
5439 980
5440 1053
5441 980
5442 1289
5443 980
5444 1489
5445 980
5446 980
5447 981
5448 2368
5449 985
5450 986
5451 990
5452 992
5453 2231
5454 2579
5455 1144
5456 1214
5457 1077
5458 999
5459 1239
5460 1923
5461 1006
5462 1006
5463 1006
5464 1008
5465 3223
5466 1012
5467 1622
5468 1016
5469 1016
5470 1169
5471 1016
5472 3104
5473 1016
5474 1016
5475 1016
5476 2706
5477 1016
5478 1018
5479 3128
5480 1018
5481 2331
5482 1018
5483 1018
5484 1018
5485 1400
5486 2316
5487 2135
5488 3276
5489 1018
5490 1018
5491 1019
5492 1019
5493 1019
5494 1019
5495 1019
5496 1019
5497 2387
5498 1585
5499 1662
5500 1025
5501 3086
5502 1930
5503 1028
5504 1028
5505 1031
5506 2127
5507 1033
5508 1620
5509 1033
5510 2409
5511 1034
5512 1035
5513 1037
5514 1039
5515 1039
5516 2457
5517 2467
5518 1043
5519 1043
5520 1043
5521 1912
5522 1066
5523 1043
5524 1043
5525 1043
5526 1562
5527 1046
5528 1842
5529 1049
5530 1049
5531 1049
5532 1050
5533 2649
5534 2165
5535 1050
5536 1841
5537 1050
5538 1050
5539 1672
5540 1185
5541 1050
5542 2778
5543 1765
5544 1050
5545 1050
5546 1050
5547 1050
5548 1050
5549 1050
5550 1270
5551 1314
5552 1050
5553 1050
5554 1050
5555 3094
5556 1050
5557 1050
5558 1050
5559 1050
5560 1050
5561 1050
5562 1050
5563 1050
5564 2791
5565 1050
5566 1050
5567 1050
5568 1587
5569 1306
5570 1626
5571 1050
5572 2090
5573 1050
5574 2926
5575 1055
5576 1984
5577 1055
5578 1055
5579 1056
5580 1056
5581 2982
5582 1056
5583 1102
5584 1058
5585 1297
5586 1061
5587 1893
5588 3289
5589 1995
5590 1279
5591 1062
5592 1063
5593 1946
5594 1937
5595 1066
5596 1067
5597 1945
5598 1957
5599 1539
5600 1067
5601 2353
5602 1067
5603 1070
5604 1070
5605 2291
5606 2866
5607 1075
5608 2021
5609 1075
5610 1075
5611 1075
5612 1075
5613 1075
5614 1075
5615 2877
5616 3266
5617 2881
5618 2539
5619 1075
5620 1075
5621 1075
5622 1075
5623 2973
5624 1075
5625 1658
5626 3184
5627 2948
5628 1075
5629 1388
5630 1075
5631 1075
5632 1075
5633 1075
5634 1075
5635 1075
5636 2380
5637 1075
5638 1608
5639 2486
5640 1075
5641 1419
5642 1075
5643 1075
5644 2640
5645 1075
5646 1982
5647 1792
5648 1159
5649 1076
5650 1076
5651 2498
5652 1078
5653 2150
5654 1078
5655 1111
5656 1808
5657 1080
5658 1083
5659 1083
5660 1084
5661 1088
5662 3196
5663 1089
5664 1605
5665 1089
5666 1089
5667 1764
5668 2016
5669 1090
5670 2954
5671 2274
5672 1092
5673 1359
5674 1996
5675 1095
5676 1095
5677 3073
5678 2492
5679 1492
5680 1095
5681 2838
5682 1095
5683 2178
5684 1095
5685 1095
5686 1095
5687 1095
5688 2798
5689 1095
5690 1095
5691 1095
5692 2068
5693 1845
5694 1095
5695 1095
5696 1901
5697 1095
5698 1095
5699 1268
5700 1380
5701 1096
5702 1096
5703 1797
5704 1317
5705 2913
5706 1096
5707 1096
5708 1096
5709 1097
5710 1097
5711 1097
5712 1994
5713 1321
5714 1097
5715 1097
5716 1097
5717 1097
5718 1097
5719 1596
5720 1097
5721 2276
5722 1097
5723 1097
5724 1097
5725 1097
5726 1097
5727 1097
5728 1794
5729 1220
5730 1646
5731 1097
5732 1097
5733 1869
5734 1097
5735 1097
5736 2670
5737 2788
5738 1097
5739 3047
5740 1097
5741 1311
5742 1097
5743 2516
5744 1097
5745 1879
5746 1097
5747 1097
5748 2314
5749 1097
5750 1097
5751 1097
5752 1097
5753 2195
5754 1627
5755 1098
5756 2892
5757 3240
5758 1105
5759 1206
5760 1106
5761 1173
5762 1578
5763 1107
5764 1107
5765 1567
5766 1110
5767 1110
5768 1110
5769 1413
5770 1111
5771 1111
5772 3096
5773 1111
5774 1663
5775 2298
5776 1601
5777 1111
5778 1837
5779 2666
5780 1111
5781 1111
5782 1111
5783 1111
5784 3009
5785 1113
5786 1113
5787 1132
5788 2245
5789 2707
5790 1459
5791 1114
5792 2585
5793 1116
5794 1116
5795 1328
5796 1123
5797 1123
5798 1123
5799 2962
5800 1123
5801 1123
5802 1123
5803 1123
5804 1123
5805 1123
5806 1123
5807 2238
5808 1123
5809 1123
5810 1322
5811 1123
5812 2631
5813 1125
5814 2139
5815 1128
5816 1128
5817 1129
5818 1607
5819 1479
5820 1269
5821 1130
5822 1130
5823 2542
5824 1130
5825 3061
5826 2224
5827 1603
5828 1142
5829 1566
5830 1145
5831 1145
5832 1147
5833 1147
5834 1148
5835 3119
5836 1148
5837 1148
5838 1148
5839 1148
5840 1348
5841 3279
5842 1148
5843 1154
5844 3013
5845 1153
5846 1154
5847 1154
5848 1161
5849 2879
5850 1162
5851 1409
5852 1162
5853 1705
5854 2346
5855 2295
5856 1165
5857 2644
5858 1165
5859 1565
5860 1166
5861 1169
5862 3105
5863 2386
5864 1175
5865 1767
5866 1175
5867 2643
5868 2589
5869 2656
5870 1177
5871 3015
5872 1461
5873 1177
5874 1963
5875 1178
5876 1179
5877 1179
5878 1179
5879 1179
5880 1645
5881 2111
5882 1181
5883 1182
5884 1800
5885 1424
5886 1575
5887 1183
5888 1183
5889 1183
5890 1185
5891 1732
5892 1185
5893 1188
5894 1188
5895 1188
5896 1188
5897 1597
5898 1319
5899 1188
5900 1188
5901 2454
5902 1188
5903 1245
5904 1189
5905 1189
5906 1189
5907 2481
5908 2012
5909 1189
5910 2388
5911 1456
5912 1189
5913 2544
5914 1636
5915 1189
5916 2029
5917 1810
5918 1189
5919 1189
5920 1189
5921 2382
5922 2777
5923 1189
5924 1191
5925 1191
5926 1192
5927 1192
5928 2712
5929 2584
5930 1192
5931 1200
5932 1200
5933 1200
5934 1203
5935 2032
5936 2225
5937 2420
5938 1659
5939 1203
5940 2114
5941 1205
5942 1208
5943 2222
5944 1209
5945 3209
5946 2268
5947 2850
5948 1210
5949 1256
5950 1210
5951 1210
5952 2822
5953 2397
5954 1211
5955 1617
5956 2415
5957 2358
5958 1216
5959 2828
5960 1216
5961 1218
5962 1218
5963 1218
5964 1218
5965 2809
5966 1219
5967 1219
5968 2848
5969 1762
5970 1227
5971 1228
5972 1231
5973 2673
5974 1231
5975 1231
5976 2062
5977 1231
5978 1543
5979 1679
5980 1231
5981 1232
5982 2722
5983 1581
5984 1755
5985 1240
5986 1240
5987 1240
5988 1240
5989 1861
5990 1240
5991 1894
5992 1240
5993 1240
5994 1240
5995 1248
5996 1248
5997 1571
5998 2824
5999 1253
6000 3161
6001 1257
6002 1871
6003 1257
6004 2710
6005 3158
6006 1257
6007 1258
6008 1258
6009 1262
6010 1263
6011 1264
6012 1335
6013 2450
6014 2440
6015 2294
6016 1272
6017 1272
6018 1272
6019 1951
6020 1275
6021 1276
6022 1277
6023 1278
6024 1281
6025 1282
6026 1615
6027 2874
6028 1282
6029 1282
6030 1282
6031 1282
6032 1282
6033 1445
6034 1284
6035 1284
6036 1284
6037 2267
6038 1284
6039 2419
6040 1284
6041 2612
6042 1284
6043 1284
6044 1284
6045 1284
6046 3077
6047 1979
6048 1284
6049 1284
6050 1284
6051 2488
6052 2795
6053 3017
6054 1284
6055 1287
6056 3101
6057 1287
6058 2176
6059 1290
6060 2403
6061 1299
6062 2574
6063 1299
6064 1299
6065 3026
6066 1299
6067 2695
6068 1299
6069 1299
6070 1757
6071 1302
6072 2511
6073 1307
6074 1628
6075 1308
6076 1308
6077 1312
6078 1312
6079 3244
6080 1314
6081 1985
6082 1319
6083 1320
6084 1322
6085 1322
6086 1322
6087 1867
6088 1689
6089 1322
6090 1322
6091 2648
6092 1322
6093 1735
6094 1322
6095 1322
6096 1323
6097 1323
6098 1323
6099 1328
6100 1594
6101 2540
6102 1328
6103 1328
6104 1890
6105 1328
6106 1328
6107 1328
6108 1328
6109 1328
6110 1589
6111 1328
6112 1328
6113 1328
6114 1328
6115 2367
6116 1328
6117 2120
6118 2595
6119 1328
6120 2678
6121 2088
6122 3134
6123 1598
6124 1328
6125 1328
6126 1498
6127 1328
6128 2261
6129 2687
6130 1328
6131 1677
6132 1331
6133 1560
6134 1331
6135 1331
6136 1331
6137 1678
6138 1331
6139 1331
6140 1331
6141 1332
6142 1332
6143 2442
6144 1335
6145 1337
6146 1553
6147 1337
6148 1337
6149 1337
6150 2487
6151 2098
6152 3008
6153 1340
6154 3179
6155 1340
6156 1340
6157 2203
6158 1340
6159 1346
6160 1346
6161 1681
6162 2227
6163 1863
6164 1346
6165 1501
6166 1346
6167 1346
6168 1351
6169 1354
6170 1354
6171 1354
6172 2728
6173 1357
6174 1357
6175 3006
6176 1357
6177 1357
6178 1573
6179 1357
6180 1357
6181 2054
6182 1363
6183 1365
6184 1742
6185 1367
6186 1367
6187 1367
6188 1367
6189 1367
6190 1370
6191 1373
6192 1373
6193 2992
6194 2593
6195 1373
6196 1374
6197 1374
6198 1375
6199 2844
6200 1376
6201 2623
6202 1526
6203 1376
6204 1376
6205 1376
6206 1376
6207 1378
6208 1380
6209 2468
6210 1817
6211 1381
6212 1381
6213 3093
6214 1381
6215 1383
6216 1387
6217 1927
6218 1388
6219 1388
6220 1690
6221 1440
6222 1391
6223 2956
6224 1392
6225 2484
6226 1850
6227 1392
6228 2639
6229 1392
6230 1392
6231 1396
6232 1396
6233 1396
6234 1396
6235 1688
6236 2582
6237 1397
6238 1397
6239 1398
6240 1398
6241 1398
6242 1398
6243 2385
6244 2340
6245 2117
6246 1398
6247 1958
6248 1398
6249 1398
6250 1398
6251 3278
6252 1905
6253 1401
6254 1401
6255 1401
6256 1402
6257 1402
6258 2647
6259 1407
6260 2022
6261 1407
6262 1408
6263 1410
6264 1410
6265 1410
6266 1410
6267 2494
6268 1410
6269 1410
6270 2201
6271 1784
6272 3213
6273 1411
6274 1411
6275 2196
6276 1411
6277 1761
6278 1416
6279 1420
6280 2857
6281 1420
6282 1420
6283 3174
6284 1790
6285 1420
6286 1420
6287 1420
6288 1554
6289 1420
6290 1420
6291 2702
6292 1540
6293 1420
6294 1422
6295 1422
6296 2908
6297 1422
6298 1422
6299 1647
6300 2277
6301 1427
6302 3173
6303 2326
6304 1427
6305 1427
6306 1430
6307 1431
6308 1433
6309 1433
6310 1434
6311 1434
6312 1772
6313 1434
6314 2473
6315 1439
6316 1439
6317 1439
6318 2545
6319 2753
6320 1443
6321 1443
6322 2676
6323 1446
6324 1446
6325 2432
6326 1651
6327 1448
6328 1449
6329 1449
6330 1449
6331 1488
6332 1449
6333 1449
6334 1450
6335 2780
6336 1450
6337 1450
6338 1450
6339 2774
6340 1451
6341 2112
6342 1451
6343 1451
6344 1451
6345 1451
6346 1451
6347 1451
6348 2106
6349 2831
6350 1451
6351 1452
6352 1452
6353 1454
6354 1454
6355 1454
6356 1541
6357 1454
6358 1454
6359 1454
6360 1454
6361 3024
6362 1454
6363 2435
6364 1457
6365 1457
6366 1457
6367 1457
6368 1457
6369 2036
6370 1649
6371 1461
6372 1462
6373 1686
6374 2366
6375 2158
6376 1465
6377 1716
6378 1750
6379 1467
6380 2853
6381 1467
6382 1469
6383 2207
6384 2430
6385 1471
6386 1471
6387 2401
6388 1473
6389 1477
6390 1477
6391 1582
6392 1477
6393 1477
6394 3050
6395 1668
6396 1477
6397 1477
6398 3206
6399 1486
6400 2496
6401 1489
6402 2373
6403 1489
6404 1491
6405 1495
6406 3113
6407 2309
6408 1500
6409 1501
6410 1501
6411 1501
6412 1501
6413 1501
6414 1507
6415 3032
6416 1501
6417 2009
6418 2103
6419 1502
6420 1504
6421 1506
6422 1506
6423 1506
6424 2641
6425 1728
6426 2505
6427 1506
6428 1506
6429 1506
6430 1506
6431 1506
6432 1506
6433 1506
6434 1506
6435 1506
6436 3229
6437 1506
6438 2292
6439 1511
6440 1511
6441 1511
6442 2360
6443 1512
6444 1513
6445 1513
6446 1513
6447 1515
6448 1516
6449 1516
6450 1516
6451 1516
6452 1517
6453 2835
6454 1650
6455 1518
6456 1518
6457 1518
6458 3288
6459 1523
6460 1523
6461 1523
6462 3275
6463 1523
6464 3274
6465 1527
6466 2099
6467 1529
6468 1529
6469 2233
6470 1529
6471 1529
6472 1609
6473 1530
6474 1531
6475 1531
6476 1531
6477 1531
6478 1531
6479 1532
6480 1533
6481 1616
6482 1536
6483 1536
6484 3089
6485 3058
6486 2020
6487 1536
6488 1536
6489 1536
6490 1536
6491 1536
6492 1536
6493 1538
6494 2284
6495 1539
6496 2067
6497 1539
6498 3217
6499 2683
6500 1723
6501 2151
6502 1541
6503 1542
6504 2102
6505 1545
6506 1545
6507 1548
6508 1551
6509 2377
6510 2480
6511 3007
6512 1552
6513 1552
6514 1552
6515 1552
6516 1680
6517 1555
6518 1555
6519 1556
6520 1706
6521 1556
6522 1557
6523 1557
6524 1557
6525 1557
6526 1557
6527 1557
6528 1557
6529 1559
6530 3057
6531 1560
6532 1562
6533 1562
6534 1562
6535 1562
6536 2288
6537 1563
6538 1563
6539 1563
6540 2069
6541 1566
6542 2742
6543 1569
6544 1569
6545 1569
6546 1803
6547 3131
6548 2843
6549 1573
6550 1573
6551 1573
6552 2160
6553 2870
6554 2630
6555 2942
6556 1579
6557 1580
6558 2013
6559 1582
6560 1991
6561 1584
6562 2241
6563 1584
6564 1584
6565 1584
6566 1584
6567 1584
6568 1584
6569 2652
6570 1584
6571 2895
6572 1584
6573 1584
6574 1825
6575 1584
6576 2042
6577 1785
6578 2354
6579 2152
6580 3120
6581 1944
6582 1593
6583 2594
6584 1593
6585 1593
6586 2576
6587 2343
6588 1593
6589 1593
6590 1807
6591 1593
6592 1593
6593 1593
6594 1595
6595 1943
6596 1597
6597 1598
6598 1724
6599 1600
6600 1600
6601 1602
6602 3218
6603 1603
6604 1603
6605 1604
6606 2815
6607 1613
6608 1614
6609 1615
6610 2081
6611 3181
6612 2149
6613 1617
6614 1619
6615 2015
6616 1692
6617 1621
6618 1622
6619 1622
6620 1622
6621 2213
6622 2410
6623 2035
6624 1623
6625 1623
6626 1623
6627 1624
6628 1625
6629 1632
6630 1633
6631 2629
6632 1698
6633 1635
6634 1635
6635 1638
6636 1933
6637 1640
6638 1640
6639 1640
6640 2620
6641 1640
6642 2923
6643 2270
6644 1642
6645 1642
6646 1646
6647 1646
6648 1646
6649 1646
6650 1646
6651 1710
6652 1646
6653 1647
6654 1649
6655 2997
6656 1649
6657 1651
6658 1651
6659 3224
6660 1652
6661 1652
6662 1652
6663 2126
6664 1654
6665 1654
6666 1657
6667 1658
6668 1658
6669 2861
6670 1659
6671 1659
6672 1660
6673 2598
6674 2882
6675 1661
6676 1661
6677 1667
6678 1975
6679 1671
6680 1671
6681 1671
6682 3029
6683 1674
6684 1676
6685 1676
6686 1938
6687 1680
6688 1680
6689 1981
6690 1680
6691 1680
6692 3022
6693 1680
6694 1680
6695 1680
6696 1680
6697 1680
6698 3231
6699 2618
6700 1680
6701 1680
6702 1680
6703 1680
6704 1680
6705 1681
6706 1681
6707 1682
6708 2092
6709 3236
6710 1684
6711 2723
6712 1685
6713 1796
6714 2122
6715 1689
6716 3225
6717 3189
6718 1690
6719 2550
6720 1690
6721 1690
6722 2726
6723 1690
6724 1690
6725 1692
6726 1692
6727 1693
6728 1694
6729 1694
6730 1694
6731 1696
6732 1696
6733 1783
6734 3251
6735 1970
6736 2392
6737 1701
6738 1702
6739 1702
6740 1964
6741 1702
6742 1707
6743 1707
6744 1707
6745 1707
6746 1707
6747 1707
6748 1707
6749 1707
6750 2841
6751 1707
6752 2051
6753 1707
6754 1707
6755 1707
6756 1707
6757 1707
6758 2166
6759 1707
6760 1707
6761 1707
6762 1707
6763 1707
6764 3074
6765 1708
6766 1712
6767 1712
6768 1713
6769 1713
6770 1716
6771 2247
6772 1719
6773 1719
6774 1719
6775 1720
6776 1722
6777 1725
6778 3018
6779 2837
6780 1726
6781 1727
6782 1756
6783 1729
6784 1730
6785 1730
6786 1730
6787 1730
6788 1730
6789 2668
6790 1730
6791 1734
6792 1734
6793 1734
6794 2677
6795 1736
6796 2869
6797 2768
6798 1736
6799 1736
6800 2191
6801 1738
6802 2964
6803 1740
6804 1742
6805 2131
6806 1744
6807 1744
6808 1986
6809 2927
6810 1747
6811 1748
6812 2660
6813 2521
6814 1749
6815 1749
6816 1750
6817 1750
6818 1750
6819 1750
6820 1750
6821 1750
6822 1751
6823 1753
6824 1753
6825 2041
6826 1753
6827 1753
6828 1919
6829 1754
6830 1754
6831 1754
6832 1754
6833 1756
6834 1757
6835 2275
6836 2355
6837 1763
6838 1763
6839 1763
6840 1763
6841 1763
6842 1763
6843 1910
6844 1763
6845 1763
6846 2790
6847 2026
6848 1763
6849 2507
6850 1765
6851 1767
6852 1768
6853 2128
6854 2443
6855 1769
6856 1770
6857 1770
6858 1770
6859 1770
6860 1770
6861 1770
6862 1770
6863 2924
6864 1773
6865 1774
6866 1777
6867 1778
6868 1778
6869 1778
6870 1778
6871 1778
6872 1778
6873 2799
6874 1778
6875 1778
6876 1778
6877 1778
6878 1778
6879 2089
6880 1778
6881 1778
6882 1778
6883 1778
6884 1778
6885 1802
6886 1778
6887 1778
6888 1778
6889 2888
6890 2396
6891 1779
6892 1779
6893 1780
6894 1780
6895 2257
6896 1781
6897 1781
6898 1782
6899 1782
6900 2287
6901 1786
6902 1786
6903 1786
6904 2271
6905 1786
6906 1786
6907 2188
6908 2296
6909 1960
6910 2918
6911 1804
6912 1786
6913 1786
6914 1786
6915 1786
6916 1786
6917 1786
6918 1786
6919 1786
6920 1786
6921 1786
6922 1787
6923 1787
6924 3264
6925 1791
6926 1792
6927 1792
6928 1792
6929 2456
6930 3192
6931 1792
6932 2863
6933 1792
6934 1796
6935 1796
6936 1796
6937 1796
6938 1796
6939 1796
6940 3075
6941 1796
6942 1796
6943 1796
6944 1796
6945 1936
6946 2510
6947 2885
6948 1796
6949 1796
6950 1796
6951 1796
6952 1796
6953 1796
6954 1971
6955 1796
6956 1796
6957 1796
6958 1796
6959 1797
6960 1797
6961 1799
6962 1799
6963 2185
6964 1805
6965 1805
6966 1806
6967 1848
6968 2654
6969 3064
6970 1813
6971 1813
6972 1813
6973 1813
6974 2945
6975 1814
6976 1814
6977 1902
6978 3262
6979 2431
6980 1815
6981 1815
6982 1815
6983 1816
6984 1816
6985 1818
6986 2335
6987 2146
6988 1825
6989 3260
6990 1916
6991 1834
6992 2744
6993 1835
6994 1835
6995 2278
6996 1837
6997 1837
6998 1842
6999 1845
7000 1845
7001 3211
7002 2232
7003 2345
7004 1847
7005 1847
7006 1848
7007 2300
7008 1850
7009 2570
7010 2740
7011 1861
7012 1863
7013 1863
7014 1864
7015 3204
7016 1864
7017 1864
7018 1864
7019 1864
7020 1868
7021 1868
7022 1868
7023 1868
7024 1870
7025 2792
7026 1870
7027 1870
7028 1870
7029 1870
7030 1870
7031 1870
7032 1870
7033 1870
7034 2038
7035 1870
7036 1872
7037 1872
7038 1872
7039 1872
7040 1872
7041 1872
7042 1874
7043 1874
7044 1874
7045 2451
7046 1874
7047 1875
7048 1878
7049 2315
7050 1882
7051 2525
7052 1882
7053 1882
7054 1882
7055 1882
7056 1882
7057 2671
7058 1883
7059 1883
7060 1883
7061 1884
7062 1885
7063 1887
7064 1887
7065 1887
7066 1888
7067 2909
7068 1889
7069 1890
7070 3139
7071 1893
7072 1894
7073 1895
7074 1942
7075 1899
7076 3040
7077 2125
7078 2426
7079 1899
7080 1899
7081 2675
7082 2157
7083 1899
7084 1899
7085 1899
7086 1899
7087 1899
7088 1899
7089 1899
7090 1900
7091 1903
7092 1903
7093 1903
7094 1903
7095 2801
7096 1903
7097 1903
7098 1903
7099 1903
7100 1903
7101 1903
7102 1903
7103 1903
7104 1903
7105 1903
7106 1903
7107 1903
7108 1903
7109 2048
7110 1905
7111 2662
7112 2499
7113 2477
7114 1912
7115 2977
7116 3286
7117 1913
7118 2503
7119 1914
7120 1914
7121 1914
7122 1914
7123 1914
7124 2721
7125 1914
7126 1914
7127 1914
7128 1914
7129 2206
7130 1914
7131 1914
7132 1914
7133 1914
7134 1914
7135 1914
7136 2941
7137 1914
7138 3076
7139 1914
7140 1914
7141 1914
7142 2680
7143 1914
7144 2073
7145 1914
7146 1914
7147 1914
7148 1914
7149 2404
7150 1914
7151 1914
7152 1914
7153 2814
7154 1914
7155 1914
7156 1914
7157 1914
7158 1916
7159 1919
7160 1919
7161 1919
7162 1919
7163 2596
7164 1920
7165 2604
7166 1922
7167 2256
7168 1923
7169 1923
7170 3232
7171 1923
7172 1923
7173 1923
7174 1923
7175 1923
7176 1923
7177 1924
7178 1924
7179 1926
7180 1926
7181 1926
7182 3293
7183 1930
7184 1931
7185 1931
7186 1931
7187 1931
7188 2898
7189 1934
7190 1934
7191 1935
7192 1935
7193 1935
7194 1935
7195 1935
7196 1935
7197 1935
7198 1935
7199 1935
7200 1935
7201 1935
7202 1935
7203 1935
7204 1935
7205 1935
7206 2371
7207 2996
7208 1935
7209 1935
7210 1935
7211 1935
7212 1935
7213 1935
7214 1935
7215 1935
7216 2751
7217 1935
7218 1935
7219 1935
7220 1935
7221 3212
7222 1935
7223 1966
7224 1935
7225 1935
7226 1935
7227 1935
7228 1935
7229 1935
7230 1935
7231 2134
7232 1935
7233 3092
7234 1935
7235 1935
7236 1935
7237 1935
7238 1935
7239 1935
7240 1935
7241 1935
7242 2094
7243 1935
7244 1935
7245 1935
7246 1935
7247 1935
7248 1935
7249 1935
7250 2264
7251 1935
7252 1936
7253 1936
7254 1936
7255 1936
7256 2085
7257 1936
7258 1936
7259 1936
7260 1936
7261 1936
7262 1938
7263 1940
7264 1941
7265 1941
7266 1941
7267 1942
7268 2190
7269 1946
7270 1946
7271 1948
7272 2743
7273 1950
7274 1951
7275 1952
7276 1952
7277 3242
7278 1952
7279 1952
7280 2130
7281 1953
7282 1953
7283 1953
7284 1953
7285 3273
7286 1956
7287 1956
7288 1956
7289 2344
7290 1960
7291 1960
7292 1960
7293 1960
7294 2931
7295 1962
7296 1962
7297 2504
7298 1962
7299 1962
7300 2538
7301 1962
7302 1962
7303 1962
7304 1962
7305 1962
7306 1962
7307 1962
7308 1962
7309 1962
7310 3079
7311 1965
7312 1965
7313 1965
7314 1965
7315 1965
7316 3160
7317 1965
7318 1965
7319 1965
7320 2717
7321 1965
7322 1967
7323 1967
7324 1975
7325 2750
7326 1975
7327 2087
7328 1975
7329 1976
7330 3084
7331 1976
7332 1977
7333 2986
7334 1977
7335 1977
7336 1977
7337 1977
7338 1979
7339 1980
7340 2093
7341 1982
7342 3237
7343 1984
7344 1989
7345 1989
7346 1989
7347 3036
7348 1994
7349 1994
7350 1995
7351 2800
7352 1996
7353 1998
7354 1999
7355 1999
7356 2337
7357 2001
7358 2001
7359 2001
7360 2547
7361 2005
7362 3003
7363 2006
7364 2007
7365 2008
7366 2775
7367 2008
7368 2010
7369 2014
7370 2014
7371 2014
7372 2014
7373 2014
7374 2014
7375 2014
7376 2014
7377 3150
7378 2014
7379 2014
7380 2014
7381 2014
7382 2015
7383 2016
7384 2016
7385 2018
7386 2018
7387 3099
7388 2018
7389 2019
7390 2019
7391 2019
7392 2020
7393 3023
7394 2022
7395 2022
7396 2023
7397 2023
7398 2023
7399 3151
7400 2025
7401 2026
7402 2745
7403 2761
7404 2031
7405 2920
7406 2847
7407 2034
7408 3140
7409 2039
7410 2040
7411 2040
7412 2042
7413 2043
7414 2043
7415 2046
7416 2046
7417 2323
7418 2046
7419 2046
7420 2046
7421 2046
7422 2046
7423 2046
7424 2046
7425 2047
7426 2047
7427 2097
7428 2049
7429 2049
7430 2050
7431 2051
7432 2052
7433 2052
7434 2053
7435 2053
7436 2235
7437 2438
7438 2842
7439 2053
7440 2084
7441 2601
7442 2053
7443 2053
7444 2053
7445 2053
7446 2053
7447 2053
7448 2053
7449 2053
7450 2053
7451 2053
7452 2053
7453 2053
7454 2053
7455 2053
7456 2053
7457 2053
7458 2053
7459 2053
7460 2821
7461 2979
7462 2053
7463 3253
7464 2244
7465 2053
7466 2053
7467 2053
7468 2957
7469 2053
7470 2053
7471 2053
7472 2053
7473 2057
7474 2057
7475 2057
7476 2057
7477 2057
7478 3201
7479 2057
7480 2057
7481 2057
7482 2136
7483 2058
7484 2058
7485 2058
7486 2058
7487 3067
7488 2060
7489 2066
7490 3254
7491 2068
7492 2508
7493 2068
7494 2068
7495 2068
7496 2068
7497 2071
7498 2071
7499 2074
7500 2075
7501 2075
7502 2075
7503 2075
7504 2075
7505 2075
7506 2075
7507 2259
7508 2075
7509 2075
7510 2075
7511 2075
7512 2075
7513 2362
7514 2075
7515 2075
7516 2075
7517 2075
7518 2075
7519 2075
7520 2581
7521 2226
7522 2075
7523 2075
7524 2075
7525 2075
7526 2075
7527 2075
7528 2075
7529 2075
7530 2075
7531 2075
7532 2075
7533 2172
7534 2075
7535 2573
7536 2075
7537 2075
7538 2915
7539 2075
7540 2075
7541 2075
7542 2075
7543 2075
7544 2075
7545 2075
7546 3282
7547 3142
7548 2075
7549 2075
7550 2075
7551 2075
7552 2075
7553 2075
7554 2075
7555 2075
7556 2325
7557 2075
7558 2075
7559 2075
7560 2075
7561 2075
7562 2804
7563 2075
7564 2075
7565 2536
7566 2389
7567 2075
7568 2075
7569 2075
7570 2075
7571 2352
7572 2075
7573 2075
7574 2075
7575 2972
7576 2561
7577 2075
7578 2075
7579 2075
7580 3115
7581 2075
7582 2878
7583 2075
7584 2075
7585 2075
7586 2075
7587 2075
7588 2075
7589 2075
7590 2075
7591 2075
7592 2075
7593 2075
7594 3010
7595 2075
7596 2075
7597 2384
7598 2987
7599 2421
7600 2075
7601 2075
7602 3141
7603 2075
7604 2075
7605 2075
7606 2075
7607 2075
7608 2075
7609 2075
7610 2075
7611 2075
7612 2075
7613 2075
7614 2075
7615 2075
7616 2075
7617 2075
7618 2075
7619 2075
7620 3246
7621 2075
7622 3191
7623 2075
7624 2252
7625 2849
7626 2260
7627 2075
7628 2075
7629 2075
7630 2075
7631 2075
7632 2075
7633 2075
7634 2075
7635 2075
7636 3283
7637 2075
7638 2075
7639 2075
7640 2075
7641 2075
7642 2075
7643 2464
7644 2075
7645 2075
7646 2075
7647 2075
7648 2075
7649 2075
7650 2075
7651 2075
7652 2757
7653 2075
7654 2170
7655 2075
7656 2075
7657 2075
7658 2075
7659 2075
7660 2075
7661 2075
7662 2075
7663 2075
7664 2075
7665 2075
7666 2075
7667 2696
7668 2076
7669 2076
7670 2076
7671 2076
7672 2076
7673 2076
7674 2446
7675 2350
7676 2076
7677 2076
7678 2076
7679 2076
7680 2076
7681 2076
7682 2076
7683 2076
7684 2076
7685 2076
7686 2076
7687 2730
7688 2076
7689 2076
7690 2076
7691 2341
7692 2076
7693 2076
7694 2406
7695 2076
7696 2076
7697 2076
7698 2076
7699 3014
7700 2398
7701 2076
7702 2076
7703 2077
7704 2077
7705 2077
7706 2077
7707 2077
7708 2079
7709 2079
7710 2715
7711 2083
7712 2085
7713 2729
7714 2089
7715 2089
7716 2090
7717 2092
7718 2092
7719 2092
7720 2092
7721 2094
7722 2219
7723 2096
7724 2132
7725 2096
7726 2096
7727 2518
7728 2100
7729 2100
7730 2100
7731 2100
7732 2161
7733 2100
7734 2100
7735 2100
7736 2100
7737 2100
7738 2100
7739 2100
7740 2100
7741 2100
7742 2100
7743 2100
7744 2100
7745 2100
7746 2101
7747 2103
7748 2107
7749 2107
7750 2108
7751 2108
7752 3117
7753 2110
7754 3292
7755 2111
7756 2111
7757 2111
7758 2112
7759 2405
7760 2112
7761 2112
7762 2112
7763 2112
7764 2112
7765 2112
7766 2429
7767 2115
7768 2115
7769 2115
7770 2115
7771 2182
7772 2115
7773 2116
7774 2116
7775 2116
7776 2116
7777 2779
7778 2116
7779 2116
7780 2117
7781 2118
7782 2805
7783 2118
7784 2118
7785 2118
7786 2118
7787 2118
7788 2118
7789 2118
7790 2118
7791 2772
7792 3177
7793 2118
7794 2118
7795 2118
7796 2118
7797 2119
7798 2119
7799 2120
7800 2120
7801 2121
7802 2121
7803 2123
7804 3284
7805 2125
7806 2127
7807 2127
7808 2127
7809 2127
7810 2475
7811 2131
7812 2132
7813 2133
7814 2378
7815 2133
7816 2460
7817 2134
7818 2134
7819 2135
7820 2136
7821 2136
7822 2137
7823 2138
7824 2138
7825 3263
7826 2138
7827 2138
7828 2192
7829 2138
7830 2138
7831 2138
7832 2138
7833 2138
7834 2138
7835 2138
7836 2138
7837 2138
7838 2139
7839 2173
7840 2143
7841 2944
7842 2143
7843 2143
7844 2143
7845 2332
7846 2145
7847 2146
7848 2149
7849 2149
7850 2149
7851 2149
7852 2149
7853 2149
7854 2472
7855 2149
7856 2149
7857 2886
7858 2149
7859 2149
7860 2149
7861 2149
7862 2149
7863 2149
7864 2149
7865 2149
7866 2149
7867 2149
7868 2149
7869 2149
7870 2149
7871 2149
7872 2149
7873 2149
7874 2149
7875 2149
7876 2149
7877 2149
7878 2150
7879 3176
7880 2150
7881 2150
7882 2150
7883 2151
7884 2151
7885 2151
7886 2153
7887 2153
7888 2664
7889 2159
7890 2159
7891 2163
7892 2159
7893 2161
7894 2163
7895 2164
7896 2310
7897 2165
7898 2165
7899 2165
7900 2693
7901 2165
7902 2165
7903 2165
7904 2165
7905 2165
7906 2165
7907 2667
7908 2165
7909 3060
7910 2165
7911 2165
7912 2165
7913 2526
7914 2166
7915 2907
7916 2989
7917 2520
7918 2166
7919 2168
7920 2168
7921 2169
7922 2169
7923 2169
7924 2170
7925 2172
7926 2174
7927 2174
7928 2176
7929 2178
7930 2179
7931 2179
7932 2179
7933 2566
7934 2181
7935 2184
7936 2188
7937 2188
7938 2188
7939 2189
7940 2189
7941 2189
7942 2189
7943 2189
7944 2189
7945 2189
7946 2189
7947 2189
7948 2189
7949 3233
7950 2191
7951 2191
7952 2192
7953 2195
7954 2195
7955 2196
7956 2759
7957 2196
7958 2196
7959 2196
7960 3108
7961 2197
7962 2727
7963 2198
7964 2338
7965 2202
7966 2202
7967 2202
7968 2209
7969 2491
7970 2210
7971 2210
7972 2558
7973 2210
7974 2210
7975 2210
7976 2210
7977 2210
7978 2769
7979 2262
7980 2210
7981 2210
7982 2210
7983 2210
7984 2390
7985 2211
7986 2559
7987 2212
7988 2212
7989 2212
7990 2212
7991 2212
7992 2766
7993 2214
7994 2216
7995 2219
7996 2219
7997 2479
7998 2219
7999 2219
8000 2223
8001 2223
8002 2223
8003 2223
8004 2224
8005 2226
8006 2226
8007 2229
8008 2231
8009 2297
8010 2231
8011 2231
8012 2231
8013 2231
8014 2855
8015 2232
8016 2233
8017 2600
8018 2233
8019 2233
8020 2233
8021 2233
8022 2233
8023 2233
8024 2235
8025 2235
8026 2235
8027 2235
8028 2235
8029 2236
8030 2237
8031 2237
8032 2237
8033 2237
8034 2237
8035 2237
8036 2237
8037 2237
8038 2237
8039 2237
8040 2237
8041 2238
8042 2239
8043 2240
8044 2700
8045 2242
8046 2414
8047 2247
8048 2248
8049 2802
8050 2248
8051 2248
8052 2248
8053 2248
8054 2674
8055 2248
8056 2248
8057 3166
8058 2248
8059 2248
8060 2363
8061 2248
8062 2248
8063 2248
8064 2248
8065 2653
8066 2249
8067 2685
8068 2254
8069 2259
8070 2261
8071 2261
8072 2261
8073 2261
8074 2263
8075 2263
8076 2263
8077 2263
8078 2263
8079 2263
8080 2263
8081 2686
8082 2263
8083 2264
8084 2264
8085 2807
8086 2264
8087 2556
8088 2266
8089 2266
8090 2269
8091 2271
8092 2940
8093 2274
8094 2274
8095 2274
8096 2274
8097 2275
8098 2275
8099 2279
8100 2280
8101 2280
8102 2284
8103 2284
8104 2284
8105 2284
8106 2284
8107 2285
8108 2320
8109 2286
8110 2286
8111 2286
8112 2286
8113 2286
8114 2286
8115 2286
8116 2286
8117 2286
8118 2286
8119 2698
8120 2289
8121 2289
8122 2289
8123 2290
8124 2293
8125 2293
8126 2294
8127 2294
8128 2294
8129 2294
8130 2296
8131 2297
8132 2298
8133 2298
8134 2298
8135 2299
8136 2300
8137 2300
8138 2300
8139 2300
8140 2300
8141 2300
8142 2300
8143 2300
8144 2577
8145 2302
8146 2305
8147 2305
8148 2305
8149 2741
8150 2305
8151 2306
8152 2310
8153 2311
8154 2315
8155 2315
8156 2317
8157 2317
8158 2318
8159 2325
8160 2328
8161 2445
8162 2328
8163 2328
8164 2328
8165 2329
8166 2329
8167 2960
8168 2329
8169 2329
8170 2330
8171 2335
8172 3133
8173 2340
8174 2980
8175 2872
8176 2343
8177 2343
8178 2350
8179 2350
8180 2352
8181 2352
8182 2352
8183 2354
8184 3187
8185 2355
8186 2355
8187 2355
8188 2355
8189 2355
8190 2355
8191 2356
8192 2356
8193 2356
8194 2356
8195 2356
8196 2356
8197 2356
8198 2356
8199 2362
8200 2362
8201 2362
8202 2367
8203 2621
8204 2367
8205 2367
8206 2368
8207 2368
8208 2369
8209 2369
8210 2369
8211 2369
8212 2369
8213 2372
8214 2374
8215 2374
8216 2374
8217 2770
8218 2374
8219 2374
8220 2374
8221 2376
8222 2376
8223 2377
8224 2377
8225 2377
8226 2528
8227 2381
8228 2377
8229 2378
8230 2378
8231 2378
8232 2378
8233 2378
8234 2378
8235 2378
8236 2378
8237 3019
8238 2381
8239 2389
8240 2390
8241 2390
8242 2390
8243 2390
8244 2391
8245 2391
8246 2391
8247 2391
8248 2583
8249 2391
8250 2391
8251 2569
8252 3259
8253 2391
8254 2391
8255 2391
8256 2393
8257 2393
8258 2393
8259 2393
8260 2868
8261 2397
8262 2397
8263 2397
8264 2397
8265 2401
8266 2402
8267 2402
8268 2718
8269 2404
8270 2404
8271 2894
8272 2937
8273 2827
8274 2408
8275 2410
8276 2410
8277 2410
8278 2410
8279 2410
8280 2410
8281 2410
8282 2410
8283 2410
8284 2410
8285 2410
8286 3090
8287 2410
8288 2410
8289 2410
8290 2410
8291 2424
8292 2410
8293 2410
8294 2410
8295 2410
8296 2411
8297 2411
8298 2413
8299 2413
8300 2413
8301 2416
8302 2416
8303 2416
8304 2418
8305 2418
8306 2418
8307 2419
8308 2419
8309 2419
8310 2419
8311 2419
8312 2419
8313 2419
8314 2419
8315 2419
8316 2517
8317 2425
8318 2425
8319 3168
8320 3044
8321 2991
8322 3248
8323 2428
8324 2428
8325 2428
8326 3106
8327 2431
8328 2432
8329 2436
8330 2436
8331 2436
8332 2436
8333 2672
8334 2437
8335 2438
8336 2438
8337 2439
8338 2440
8339 2444
8340 2444
8341 2446
8342 2448
8343 2448
8344 2454
8345 2454
8346 2454
8347 2454
8348 2454
8349 2454
8350 2455
8351 2458
8352 3152
8353 2460
8354 2460
8355 2460
8356 2460
8357 3250
8358 2460
8359 3100
8360 2461
8361 2461
8362 3220
8363 2462
8364 2462
8365 2464
8366 2464
8367 2466
8368 2466
8369 2466
8370 2466
8371 2470
8372 2470
8373 2470
8374 2470
8375 2470
8376 2472
8377 3185
8378 2472
8379 2472
8380 2472
8381 2472
8382 2472
8383 2473
8384 2473
8385 2994
8386 2478
8387 2784
8388 2480
8389 2481
8390 2484
8391 2487
8392 2488
8393 2489
8394 2490
8395 2490
8396 2490
8397 2552
8398 2867
8399 2498
8400 2498
8401 2498
8402 3188
8403 2969
8404 2498
8405 2498
8406 2498
8407 2499
8408 2501
8409 2501
8410 2501
8411 2501
8412 2501
8413 2501
8414 2501
8415 2501
8416 2501
8417 2501
8418 2501
8419 2501
8420 2501
8421 2684
8422 2501
8423 2501
8424 2504
8425 2506
8426 2506
8427 2506
8428 2506
8429 2506
8430 2506
8431 2506
8432 2506
8433 2506
8434 2506
8435 2507
8436 2507
8437 2511
8438 2511
8439 2511
8440 2513
8441 2514
8442 2514
8443 2514
8444 2514
8445 2515
8446 2515
8447 2515
8448 2515
8449 2515
8450 2515
8451 2637
8452 2515
8453 2515
8454 2517
8455 2518
8456 3028
8457 3238
8458 2520
8459 2520
8460 2520
8461 2520
8462 2520
8463 2520
8464 2520
8465 2520
8466 2520
8467 2520
8468 2520
8469 2520
8470 2520
8471 2524
8472 2524
8473 2525
8474 2525
8475 2527
8476 3066
8477 2527
8478 2527
8479 2527
8480 2527
8481 2527
8482 2529
8483 2533
8484 2533
8485 2549
8486 2535
8487 2535
8488 2832
8489 2535
8490 2535
8491 2535
8492 2535
8493 2536
8494 2536
8495 2536
8496 2536
8497 2538
8498 2538
8499 2538
8500 2540
8501 2541
8502 2609
8503 2541
8504 2541
8505 2544
8506 2548
8507 2548
8508 2549
8509 2552
8510 2624
8511 3103
8512 2575
8513 2553
8514 2553
8515 2553
8516 2553
8517 2553
8518 3043
8519 3265
8520 2553
8521 2558
8522 2558
8523 2558
8524 2558
8525 2558
8526 2559
8527 2561
8528 3256
8529 2561
8530 2561
8531 2562
8532 2562
8533 2562
8534 2562
8535 2562
8536 2562
8537 2562
8538 2563
8539 3252
8540 2566
8541 2566
8542 2566
8543 2566
8544 3021
8545 2567
8546 2567
8547 2573
8548 2574
8549 2574
8550 2575
8551 2578
8552 2887
8553 3199
8554 3235
8555 2584
8556 2584
8557 2584
8558 2584
8559 2584
8560 2584
8561 2584
8562 2587
8563 2587
8564 2588
8565 2588
8566 2588
8567 2622
8568 2588
8569 2588
8570 2588
8571 2588
8572 2588
8573 2588
8574 2588
8575 2588
8576 2588
8577 2588
8578 2588
8579 2588
8580 2588
8581 2818
8582 2588
8583 2588
8584 2588
8585 2588
8586 2588
8587 2588
8588 2588
8589 2588
8590 2588
8591 2588
8592 2588
8593 2588
8594 2588
8595 2588
8596 2588
8597 2588
8598 2588
8599 2588
8600 2588
8601 2588
8602 2588
8603 2588
8604 2588
8605 2588
8606 2588
8607 2588
8608 2588
8609 2588
8610 2588
8611 2588
8612 2588
8613 2588
8614 2588
8615 2967
8616 2588
8617 2588
8618 2588
8619 2588
8620 2588
8621 3285
8622 2590
8623 2591
8624 2591
8625 2593
8626 2594
8627 2597
8628 2598
8629 2598
8630 3011
8631 2599
8632 2599
8633 2599
8634 2599
8635 2599
8636 2599
8637 2602
8638 2602
8639 2602
8640 2602
8641 2602
8642 2625
8643 2971
8644 2602
8645 2602
8646 2919
8647 2602
8648 2602
8649 2602
8650 2602
8651 2602
8652 2602
8653 2602
8654 2602
8655 2602
8656 2602
8657 2603
8658 2607
8659 2612
8660 2612
8661 2612
8662 2614
8663 2615
8664 2615
8665 2617
8666 2616
8667 2617
8668 2617
8669 2617
8670 2617
8671 2617
8672 2862
8673 2617
8674 2617
8675 2617
8676 2617
8677 3091
8678 2617
8679 2617
8680 2617
8681 2617
8682 2617
8683 2617
8684 2617
8685 2617
8686 2617
8687 2617
8688 2617
8689 2617
8690 2617
8691 2617
8692 2617
8693 2617
8694 2618
8695 2620
8696 2620
8697 2620
8698 2620
8699 2620
8700 2620
8701 2620
8702 2620
8703 2623
8704 2623
8705 2623
8706 2623
8707 2623
8708 2623
8709 2624
8710 2624
8711 2625
8712 2628
8713 2630
8714 2630
8715 2630
8716 2630
8717 2630
8718 2925
8719 3049
8720 2631
8721 2633
8722 2633
8723 2635
8724 2635
8725 2635
8726 2636
8727 2636
8728 2636
8729 3132
8730 2641
8731 2641
8732 2641
8733 2642
8734 2642
8735 2642
8736 2642
8737 3110
8738 2643
8739 2644
8740 2644
8741 2644
8742 2644
8743 2644
8744 2655
8745 2644
8746 2644
8747 2644
8748 2644
8749 2644
8750 2644
8751 2644
8752 2644
8753 2644
8754 2644
8755 2644
8756 2644
8757 2644
8758 2644
8759 2644
8760 2644
8761 2644
8762 2644
8763 2644
8764 2922
8765 2644
8766 2644
8767 2644
8768 2644
8769 2644
8770 2644
8771 2644
8772 2644
8773 2645
8774 2645
8775 2645
8776 2649
8777 2649
8778 3198
8779 3249
8780 2649
8781 2649
8782 2649
8783 2649
8784 3258
8785 2649
8786 2649
8787 3170
8788 2650
8789 2652
8790 2652
8791 2653
8792 2653
8793 2653
8794 2656
8795 2656
8796 2656
8797 2658
8798 2658
8799 2658
8800 2658
8801 2660
8802 2660
8803 2662
8804 2662
8805 2662
8806 2662
8807 2883
8808 2662
8809 2662
8810 2662
8811 2662
8812 2785
8813 2666
8814 2666
8815 2666
8816 2666
8817 2666
8818 2666
8819 2669
8820 2669
8821 2671
8822 2912
8823 2678
8824 2678
8825 2897
8826 2680
8827 2682
8828 2684
8829 2684
8830 2985
8831 2684
8832 2684
8833 2684
8834 2684
8835 2684
8836 2684
8837 2684
8838 2684
8839 2684
8840 2684
8841 2684
8842 2684
8843 2684
8844 2684
8845 2684
8846 2684
8847 2684
8848 2684
8849 2684
8850 2684
8851 2684
8852 2684
8853 2684
8854 2684
8855 2684
8856 2684
8857 2684
8858 2684
8859 2684
8860 2684
8861 2684
8862 2684
8863 2684
8864 3277
8865 2684
8866 2684
8867 2684
8868 2684
8869 2684
8870 2684
8871 2684
8872 2684
8873 2684
8874 2684
8875 2684
8876 3172
8877 3083
8878 2684
8879 2684
8880 2684
8881 2684
8882 2684
8883 2684
8884 2684
8885 2684
8886 2685
8887 2686
8888 2689
8889 2689
8890 2893
8891 2689
8892 3016
8893 2689
8894 2690
8895 2690
8896 2690
8897 2690
8898 2690
8899 2690
8900 2691
8901 2691
8902 2692
8903 2694
8904 2696
8905 2735
8906 2696
8907 2696
8908 3039
8909 2696
8910 2696
8911 2696
8912 2696
8913 2696
8914 2696
8915 2696
8916 2696
8917 2696
8918 2696
8919 2696
8920 2697
8921 2698
8922 2698
8923 2698
8924 2698
8925 2699
8926 2820
8927 2703
8928 2703
8929 2703
8930 2703
8931 2703
8932 2703
8933 2705
8934 2705
8935 2706
8936 2706
8937 2706
8938 3116
8939 2706
8940 2708
8941 2708
8942 2708
8943 2708
8944 3037
8945 2708
8946 2708
8947 2708
8948 2709
8949 2754
8950 2709
8951 2709
8952 3156
8953 2709
8954 2709
8955 2709
8956 2709
8957 2709
8958 2902
8959 2710
8960 2711
8961 2714
8962 2716
8963 2717
8964 2718
8965 2719
8966 2719
8967 2722
8968 2724
8969 2724
8970 2724
8971 2724
8972 2724
8973 2724
8974 2724
8975 2724
8976 2724
8977 2724
8978 2724
8979 2724
8980 2724
8981 2724
8982 2724
8983 2724
8984 2724
8985 2724
8986 2725
8987 2726
8988 2726
8989 2726
8990 2726
8991 2730
8992 2730
8993 2731
8994 2906
8995 2731
8996 2731
8997 2732
8998 2734
8999 2736
9000 2736
9001 2736
9002 2738
9003 2738
9004 3056
9005 2740
9006 2743
9007 2745
9008 2746
9009 2746
9010 2746
9011 2748
9012 2748
9013 2748
9014 2748
9015 2748
9016 2751
9017 2751
9018 2833
9019 2751
9020 2752
9021 2753
9022 2754
9023 2754
9024 2754
9025 2754
9026 2755
9027 2755
9028 2755
9029 2755
9030 2755
9031 2755
9032 2758
9033 2758
9034 2759
9035 2759
9036 3118
9037 2759
9038 2761
9039 2762
9040 2763
9041 2763
9042 2978
9043 2764
9044 2767
9045 2768
9046 2768
9047 2771
9048 2771
9049 2771
9050 2771
9051 2771
9052 2771
9053 3167
9054 2771
9055 2773
9056 2774
9057 2774
9058 2774
9059 2774
9060 2774
9061 2774
9062 2774
9063 2774
9064 2774
9065 2774
9066 2774
9067 2775
9068 2775
9069 2775
9070 2775
9071 2775
9072 2775
9073 2775
9074 2775
9075 2775
9076 2775
9077 2775
9078 2775
9079 2775
9080 3272
9081 2775
9082 2775
9083 2775
9084 2775
9085 2775
9086 2778
9087 3020
9088 2854
9089 2779
9090 2953
9091 2780
9092 2793
9093 2783
9094 2785
9095 2785
9096 2785
9097 2786
9098 2786
9099 2786
9100 2787
9101 2787
9102 2787
9103 2787
9104 2787
9105 2787
9106 3080
9107 2787
9108 2787
9109 2787
9110 2787
9111 2787
9112 2787
9113 2787
9114 2787
9115 2787
9116 2787
9117 2787
9118 2787
9119 2787
9120 2787
9121 2787
9122 2787
9123 2787
9124 2787
9125 2787
9126 2787
9127 2787
9128 3063
9129 2788
9130 2788
9131 2788
9132 2788
9133 3048
9134 2789
9135 2789
9136 2789
9137 2974
9138 2789
9139 2789
9140 2789
9141 2789
9142 2789
9143 2789
9144 2789
9145 2792
9146 2792
9147 2794
9148 2797
9149 2798
9150 2798
9151 2798
9152 2803
9153 2804
9154 2805
9155 2805
9156 2805
9157 2805
9158 2805
9159 2805
9160 2805
9161 2805
9162 2805
9163 2805
9164 2805
9165 2805
9166 2805
9167 2805
9168 2805
9169 2805
9170 2805
9171 2805
9172 2856
9173 2805
9174 2805
9175 2806
9176 3081
9177 2809
9178 2928
9179 2809
9180 2810
9181 2810
9182 2810
9183 2811
9184 2812
9185 2812
9186 2812
9187 2812
9188 2812
9189 2812
9190 2812
9191 2812
9192 2812
9193 2988
9194 2813
9195 2813
9196 2813
9197 2813
9198 2813
9199 2813
9200 2813
9201 2813
9202 2813
9203 2813
9204 2816
9205 2816
9206 2816
9207 2817
9208 2820
9209 3124
9210 2820
9211 2820
9212 2820
9213 2820
9214 2820
9215 2820
9216 2822
9217 2822
9218 3130
9219 2823
9220 2823
9221 2826
9222 2826
9223 2831
9224 2833
9225 2833
9226 2834
9227 2835
9228 3257
9229 2835
9230 2835
9231 3193
9232 2835
9233 2835
9234 2836
9235 2836
9236 2836
9237 2840
9238 2840
9239 2841
9240 2846
9241 2851
9242 2851
9243 2851
9244 2852
9245 2852
9246 2852
9247 2852
9248 2853
9249 2854
9250 2855
9251 2855
9252 2855
9253 2855
9254 2855
9255 2856
9256 2856
9257 2857
9258 2857
9259 2858
9260 2858
9261 2858
9262 2858
9263 2916
9264 2858
9265 2858
9266 2858
9267 3109
9268 2859
9269 2859
9270 2859
9271 2859
9272 2859
9273 2859
9274 2859
9275 3035
9276 2859
9277 2868
9278 3052
9279 2868
9280 2868
9281 2868
9282 2868
9283 2868
9284 2868
9285 2868
9286 2868
9287 2868
9288 2869
9289 2869
9290 2869
9291 2873
9292 2873
9293 2873
9294 2873
9295 2874
9296 3065
9297 2880
9298 2880
9299 2881
9300 2881
9301 2881
9302 2881
9303 3122
9304 2886
9305 2886
9306 2886
9307 2886
9308 2886
9309 2891
9310 2891
9311 2891
9312 2892
9313 2892
9314 2892
9315 2892
9316 2892
9317 2892
9318 2892
9319 2892
9320 2892
9321 2921
9322 2894
9323 2894
9324 2894
9325 2894
9326 2894
9327 2894
9328 2895
9329 2895
9330 2896
9331 2902
9332 2902
9333 2903
9334 2905
9335 2905
9336 2905
9337 2905
9338 2976
9339 2905
9340 2905
9341 2905
9342 2905
9343 2905
9344 2905
9345 2905
9346 2905
9347 2905
9348 2906
9349 2906
9350 2909
9351 2909
9352 2909
9353 2911
9354 2911
9355 2912
9356 2912
9357 3051
9358 2912
9359 2912
9360 2912
9361 2912
9362 2912
9363 2912
9364 2915
9365 2919
9366 2919
9367 2919
9368 2920
9369 2920
9370 2920
9371 2920
9372 3087
9373 2920
9374 2920
9375 2922
9376 2923
9377 2923
9378 2924
9379 2924
9380 2924
9381 2926
9382 2926
9383 2926
9384 2931
9385 2932
9386 2932
9387 2933
9388 2935
9389 2935
9390 2936
9391 2938
9392 2940
9393 2940
9394 2940
9395 2940
9396 2940
9397 2940
9398 2940
9399 2949
9400 2940
9401 2940
9402 2940
9403 3171
9404 2943
9405 2943
9406 2943
9407 2943
9408 2943
9409 2943
9410 2943
9411 2943
9412 2943
9413 2943
9414 2944
9415 2944
9416 2945
9417 2945
9418 2948
9419 2948
9420 2951
9421 2952
9422 2952
9423 2952
9424 2954
9425 2955
9426 2955
9427 2961
9428 2955
9429 2957
9430 2960
9431 2960
9432 2961
9433 2961
9434 3230
9435 2962
9436 2962
9437 2963
9438 2965
9439 2965
9440 2965
9441 2965
9442 2965
9443 2967
9444 2967
9445 2967
9446 2967
9447 2967
9448 2967
9449 2967
9450 2967
9451 2967
9452 2967
9453 2967
9454 2967
9455 2967
9456 2969
9457 2971
9458 2971
9459 2975
9460 2977
9461 3070
9462 2977
9463 2978
9464 2979
9465 2979
9466 2979
9467 2981
9468 2981
9469 2981
9470 2982
9471 2984
9472 3165
9473 2986
9474 2986
9475 2986
9476 2986
9477 2986
9478 2986
9479 2986
9480 2988
9481 2988
9482 2992
9483 2995
9484 2996
9485 2998
9486 2999
9487 2999
9488 2999
9489 2999
9490 2999
9491 2999
9492 2999
9493 3002
9494 3003
9495 3003
9496 3004
9497 3004
9498 3004
9499 3004
9500 3004
9501 3005
9502 3005
9503 3005
9504 3005
9505 3006
9506 3006
9507 3006
9508 3006
9509 3006
9510 3006
9511 3006
9512 3007
9513 3007
9514 3011
9515 3011
9516 3011
9517 3011
9518 3012
9519 3016
9520 3016
9521 3016
9522 3016
9523 3016
9524 3016
9525 3016
9526 3016
9527 3016
9528 3017
9529 3017
9530 3017
9531 3018
9532 3018
9533 3018
9534 3018
9535 3018
9536 3019
9537 3020
9538 3023
9539 3025
9540 3029
9541 3029
9542 3029
9543 3029
9544 3029
9545 3029
9546 3029
9547 3029
9548 3030
9549 3033
9550 3033
9551 3034
9552 3136
9553 3036
9554 3036
9555 3039
9556 3039
9557 3039
9558 3039
9559 3039
9560 3039
9561 3040
9562 3042
9563 3042
9564 3042
9565 3042
9566 3042
9567 3042
9568 3044
9569 3281
9570 3044
9571 3044
9572 3044
9573 3044
9574 3044
9575 3044
9576 3044
9577 3053
9578 3053
9579 3053
9580 3054
9581 3054
9582 3054
9583 3054
9584 3056
9585 3056
9586 3056
9587 3056
9588 3059
9589 3059
9590 3060
9591 3061
9592 3061
9593 3061
9594 3061
9595 3061
9596 3061
9597 3062
9598 3062
9599 3062
9600 3062
9601 3062
9602 3068
9603 3070
9604 3071
9605 3072
9606 3072
9607 3072
9608 3073
9609 3074
9610 3074
9611 3074
9612 3076
9613 3078
9614 3081
9615 3081
9616 3081
9617 3081
9618 3081
9619 3081
9620 3083
9621 3084
9622 3086
9623 3087
9624 3089
9625 3090
9626 3090
9627 3090
9628 3098
9629 3099
9630 3099
9631 3100
9632 3101
9633 3101
9634 3101
9635 3101
9636 3101
9637 3101
9638 3101
9639 3102
9640 3104
9641 3104
9642 3104
9643 3104
9644 3104
9645 3104
9646 3104
9647 3104
9648 3105
9649 3105
9650 3105
9651 3105
9652 3105
9653 3105
9654 3105
9655 3105
9656 3105
9657 3105
9658 3105
9659 3105
9660 3105
9661 3105
9662 3105
9663 3105
9664 3105
9665 3105
9666 3105
9667 3105
9668 3105
9669 3105
9670 3105
9671 3105
9672 3105
9673 3105
9674 3105
9675 3105
9676 3105
9677 3105
9678 3105
9679 3105
9680 3105
9681 3105
9682 3105
9683 3105
9684 3105
9685 3110
9686 3110
9687 3110
9688 3110
9689 3110
9690 3110
9691 3110
9692 3110
9693 3112
9694 3112
9695 3112
9696 3112
9697 3112
9698 3112
9699 3112
9700 3112
9701 3112
9702 3112
9703 3112
9704 3112
9705 3112
9706 3114
9707 3114
9708 3117
9709 3117
9710 3117
9711 3117
9712 3117
9713 3117
9714 3119
9715 3123
9716 3127
9717 3127
9718 3129
9719 3129
9720 3129
9721 3149
9722 3129
9723 3129
9724 3129
9725 3133
9726 3133
9727 3133
9728 3133
9729 3134
9730 3137
9731 3141
9732 3145
9733 3146
9734 3146
9735 3146
9736 3146
9737 3146
9738 3146
9739 3146
9740 3146
9741 3146
9742 3197
9743 3146
9744 3146
9745 3146
9746 3148
9747 3148
9748 3148
9749 3150
9750 3150
9751 3151
9752 3151
9753 3151
9754 3151
9755 3152
9756 3152
9757 3152
9758 3161
9759 3163
9760 3163
9761 3164
9762 3164
9763 3164
9764 3164
9765 3164
9766 3166
9767 3170
9768 3172
9769 3172
9770 3172
9771 3172
9772 3172
9773 3173
9774 3173
9775 3173
9776 3173
9777 3173
9778 3173
9779 3173
9780 3174
9781 3174
9782 3174
9783 3174
9784 3174
9785 3174
9786 3174
9787 3174
9788 3175
9789 3175
9790 3175
9791 3175
9792 3175
9793 3175
9794 3175
9795 3176
9796 3180
9797 3180
9798 3180
9799 3180
9800 3180
9801 3180
9802 3180
9803 3180
9804 3180
9805 3180
9806 3180
9807 3180
9808 3180
9809 3180
9810 3180
9811 3180
9812 3180
9813 3180
9814 3180
9815 3180
9816 3181
9817 3181
9818 3181
9819 3183
9820 3183
9821 3189
9822 3191
9823 3195
9824 3195
9825 3195
9826 3199
9827 3199
9828 3200
9829 3200
9830 3200
9831 3200
9832 3200
9833 3201
9834 3201
9835 3201
9836 3201
9837 3202
9838 3202
9839 3202
9840 3203
9841 3203
9842 3203
9843 3206
9844 3206
9845 3207
9846 3207
9847 3207
9848 3207
9849 3207
9850 3207
9851 3207
9852 3209
9853 3211
9854 3211
9855 3213
9856 3218
9857 3219
9858 3219
9859 3219
9860 3219
9861 3219
9862 3219
9863 3220
9864 3221
9865 3222
9866 3223
9867 3223
9868 3223
9869 3223
9870 3223
9871 3223
9872 3223
9873 3247
9874 3224
9875 3224
9876 3224
9877 3224
9878 3224
9879 3224
9880 3224
9881 3224
9882 3224
9883 3225
9884 3225
9885 3225
9886 3225
9887 3225
9888 3228
9889 3228
9890 3228
9891 3229
9892 3229
9893 3229
9894 3229
9895 3229
9896 3229
9897 3229
9898 3229
9899 3229
9900 3229
9901 3229
9902 3229
9903 3229
9904 3235
9905 3235
9906 3235
9907 3235
9908 3235
9909 3235
9910 3238
9911 3238
9912 3238
9913 3238
9914 3238
9915 3238
9916 3238
9917 3238
9918 3238
9919 3238
9920 3238
9921 3238
9922 3238
9923 3238
9924 3239
9925 3240
9926 3240
9927 3240
9928 3240
9929 3240
9930 3241
9931 3241
9932 3241
9933 3241
9934 3241
9935 3241
9936 3241
9937 3241
9938 3241
9939 3241
9940 3243
9941 3243
9942 3243
9943 3243
9944 3244
9945 3244
9946 3248
9947 3251
9948 3251
9949 3251
9950 3252
9951 3252
9952 3253
9953 3253
9954 3254
9955 3254
9956 3254
9957 3254
9958 3256
9959 3256
9960 3257
9961 3257
9962 3257
9963 3258
9964 3260
9965 3260
9966 3261
9967 3262
9968 3262
9969 3264
9970 3264
9971 3266
9972 3267
9973 3267
9974 3267
9975 3268
9976 3269
9977 3274
9978 3275
9979 3277
9980 3280
9981 3280
9982 3280
9983 3280
9984 3280
9985 3284
9986 3284
9987 3286
9988 3286
9989 3288
9990 3289
9991 3289
9992 3289
9993 3290
9994 3290
9995 3290
9996 3293
9997 3293
9998 3293
9999 3293
