10000 9999
1 0
2 0
3 2
4 0
5 1
6 4
7 6
8 6
9 8
10 3
11 6
12 8
13 4
14 4
15 4
16 4
17 13
18 8
19 9
20 19
21 17
22 18
23 7
24 4
25 24
26 23
27 23
28 8
29 10
30 27
31 27
32 23
33 14
34 23
35 34
36 34
37 35
38 17
39 23
40 23
41 18
42 23
43 41
44 23
45 8
46 37
47 23
48 34
49 16
50 23
51 23
52 27
53 11
54 23
55 54
56 23
57 43
58 23
59 38
60 41
61 10
62 23
63 17
64 56
65 4
66 34
67 40
68 65
69 19
70 23
71 8
72 23
73 66
74 69
75 23
76 23
77 30
78 51
79 19
80 19
81 64
82 67
83 23
84 4
85 69
86 4
87 4
88 29
89 8
90 80
91 13
92 71
93 65
94 51
95 38
96 93
97 6
98 4
99 23
100 59
101 47
102 8
103 31
104 23
105 90
106 8
107 63
108 100
109 94
110 4
111 9
112 40
113 72
114 105
115 55
116 8
117 105
118 97
119 23
120 23
121 28
122 112
123 70
124 27
125 8
126 33
127 117
128 102
129 49
130 120
131 63
132 121
133 41
134 101
135 50
136 76
137 93
138 45
139 116
140 71
141 50
142 16
143 93
144 73
145 41
146 53
147 19
148 58
149 76
150 140
151 80
152 150
153 6
154 146
155 105
156 39
157 23
158 113
159 88
160 135
161 74
162 64
163 9
164 52
165 72
166 105
167 156
168 135
169 134
170 59
171 59
172 36
173 23
174 99
175 46
176 4
177 173
178 25
179 34
180 139
181 68
182 16
183 61
184 23
185 161
186 171
187 44
188 63
189 171
190 149
191 91
192 4
193 37
194 86
195 23
196 129
197 189
198 78
199 23
200 13
201 8
202 174
203 174
204 47
205 34
206 118
207 162
208 202
209 138
210 120
211 181
212 62
213 50
214 79
215 189
216 125
217 135
218 99
219 114
220 117
221 167
222 210
223 174
224 135
225 94
226 212
227 90
228 179
229 174
230 135
231 207
232 224
233 121
234 79
235 23
236 16
237 214
238 57
239 64
240 167
241 105
242 17
243 225
244 173
245 82
246 174
247 19
248 181
249 8
250 72
251 225
252 173
253 9
254 124
255 92
256 222
257 42
258 146
259 63
260 148
261 174
262 210
263 92
264 128
265 174
266 111
267 136
268 184
269 186
270 132
271 174
272 6
273 25
274 4
275 232
276 240
277 230
278 64
279 113
280 251
281 233
282 195
283 72
284 210
285 236
286 23
287 5
288 265
289 225
290 58
291 276
292 283
293 25
294 283
295 174
296 291
297 39
298 23
299 199
300 225
301 40
302 174
303 8
304 23
305 105
306 170
307 293
308 184
309 135
310 118
311 88
312 280
313 44
314 105
315 225
316 23
317 113
318 267
319 135
320 196
321 84
322 170
323 93
324 282
325 57
326 117
327 238
328 278
329 225
330 225
331 54
332 296
333 275
334 113
335 334
336 75
337 283
338 225
339 336
340 199
341 23
342 255
343 287
344 268
345 193
346 282
347 218
348 147
349 219
350 139
351 86
352 45
353 279
354 135
355 177
356 329
357 225
358 222
359 272
360 261
361 318
362 336
363 193
364 126
365 278
366 261
367 323
368 295
369 193
370 161
371 146
372 260
373 23
374 240
375 128
376 363
377 201
378 272
379 23
380 331
381 293
382 67
383 324
384 219
385 71
386 107
387 241
388 269
389 139
390 277
391 371
392 318
393 347
394 350
395 69
396 370
397 318
398 174
399 337
400 125
401 353
402 318
403 255
404 353
405 94
406 80
407 351
408 376
409 346
410 250
411 136
412 127
413 301
414 106
415 188
416 135
417 165
418 383
419 134
420 347
421 194
422 417
423 222
424 276
425 162
426 391
427 283
428 418
429 275
430 23
431 152
432 281
433 196
434 375
435 370
436 63
437 89
438 165
439 318
440 318
441 378
442 120
443 225
444 71
445 297
446 41
447 252
448 135
449 283
450 346
451 276
452 227
453 123
454 283
455 347
456 229
457 15
458 176
459 112
460 151
461 182
462 317
463 353
464 318
465 441
466 101
467 247
468 346
469 171
470 272
471 283
472 4
473 19
474 372
475 392
476 450
477 318
478 225
479 225
480 224
481 401
482 455
483 329
484 71
485 180
486 105
487 23
488 455
489 221
490 330
491 319
492 280
493 188
494 466
495 358
496 170
497 82
498 37
499 347
500 372
501 459
502 288
503 441
504 64
505 317
506 502
507 196
508 456
509 132
510 248
511 244
512 356
513 318
514 61
515 118
516 464
517 442
518 403
519 384
520 225
521 424
522 23
523 50
524 443
525 267
526 441
527 401
528 163
529 348
530 154
531 407
532 166
533 294
534 98
535 514
536 436
537 436
538 118
539 461
540 370
541 173
542 280
543 346
544 159
545 510
546 495
547 525
548 135
549 346
550 418
551 63
552 292
553 206
554 70
555 311
556 339
557 129
558 225
559 211
560 23
561 95
562 525
563 485
564 505
565 480
566 523
567 346
568 188
569 146
570 224
571 337
572 433
573 395
574 436
575 439
576 444
577 334
578 442
579 174
580 376
581 351
582 174
583 526
584 346
585 405
586 135
587 485
588 502
589 354
590 460
591 449
592 336
593 225
594 285
595 562
596 300
597 567
598 546
599 455
600 217
601 294
602 591
603 189
604 173
605 550
606 540
607 108
608 4
609 96
610 399
611 449
612 165
613 38
614 370
615 485
616 225
617 376
618 410
619 305
620 441
621 514
622 471
623 521
624 401
625 602
626 544
627 428
628 429
629 318
630 505
631 310
632 32
633 575
634 119
635 173
636 561
637 349
638 505
639 519
640 4
641 591
642 468
643 279
644 578
645 525
646 441
647 275
648 521
649 110
650 441
651 135
652 265
653 288
654 394
655 275
656 346
657 522
658 602
659 441
660 111
661 594
662 619
663 472
664 257
665 367
666 578
667 215
668 493
669 481
670 408
671 654
672 115
673 498
674 76
675 591
676 72
677 441
678 496
679 43
680 399
681 647
682 346
683 388
684 578
685 539
686 104
687 510
688 319
689 275
690 318
691 93
692 228
693 668
694 544
695 237
696 506
697 578
698 564
699 441
700 105
701 225
702 700
703 362
704 647
705 682
706 587
707 135
708 283
709 318
710 668
711 591
712 72
713 23
714 432
715 293
716 266
717 69
718 456
719 683
720 608
721 578
722 418
723 441
724 189
725 279
726 473
727 420
728 217
729 602
730 318
731 318
732 337
733 270
734 675
735 63
736 170
737 424
738 143
739 429
740 602
741 695
742 365
743 463
744 214
745 502
746 516
747 318
748 394
749 429
750 275
751 441
752 664
753 600
754 695
755 624
756 111
757 492
758 482
759 553
760 434
761 677
762 186
763 520
764 709
765 521
766 640
767 419
768 368
769 336
770 170
771 239
772 588
773 136
774 468
775 706
776 366
777 695
778 777
779 777
780 483
781 453
782 696
783 777
784 706
785 520
786 87
787 695
788 497
789 703
790 265
791 695
792 425
793 177
794 381
795 760
796 730
797 173
798 294
799 601
800 709
801 193
802 721
803 524
804 289
805 596
806 562
807 31
808 600
809 798
810 23
811 518
812 441
813 124
814 688
815 598
816 683
817 225
818 289
819 801
820 225
821 654
822 708
823 683
824 529
825 293
826 371
827 627
828 237
829 246
830 683
831 390
832 340
833 501
834 673
835 225
836 521
837 540
838 764
839 441
840 107
841 578
842 655
843 634
844 441
845 610
846 602
847 845
848 672
849 177
850 276
851 526
852 762
853 665
854 21
855 408
856 764
857 3
858 524
859 782
860 777
861 770
862 605
863 657
864 378
865 165
866 695
867 162
868 695
869 135
870 583
871 602
872 320
873 339
874 414
875 437
876 22
877 418
878 455
879 23
880 228
881 683
882 833
883 624
884 462
885 505
886 205
887 263
888 518
889 441
890 798
891 857
892 248
893 354
894 867
895 798
896 389
897 741
898 62
899 578
900 845
901 600
902 793
903 209
904 891
905 470
906 896
907 769
908 441
909 772
910 856
911 128
912 558
913 706
914 857
915 760
916 602
917 619
918 225
919 541
920 293
921 751
922 435
923 807
924 138
925 695
926 815
927 826
928 521
929 602
930 13
931 767
932 755
933 716
934 347
935 463
936 383
937 60
938 439
939 899
940 530
941 852
942 523
943 856
944 485
945 279
946 902
947 287
948 541
949 449
950 697
951 616
952 947
953 879
954 942
955 505
956 714
957 283
958 144
959 590
960 293
961 165
962 576
963 277
964 544
965 494
966 318
967 362
968 945
969 806
970 562
971 777
972 410
973 283
974 441
975 750
976 389
977 643
978 764
979 676
980 106
981 424
982 187
983 731
984 197
985 804
986 623
987 696
988 525
989 173
990 710
991 942
992 513
993 875
994 527
995 523
996 682
997 794
998 519
999 195
1000 695
1001 222
1002 105
1003 986
1004 728
1005 669
1006 505
1007 940
1008 755
1009 855
1010 314
1011 758
1012 718
1013 229
1014 283
1015 805
1016 71
1017 298
1018 444
1019 602
1020 318
1021 988
1022 1010
1023 981
1024 444
1025 405
1026 746
1027 77
1028 441
1029 797
1030 602
1031 370
1032 523
1033 868
1034 42
1035 664
1036 845
1037 755
1038 318
1039 918
1040 811
1041 526
1042 625
1043 485
1044 171
1045 630
1046 1023
1047 573
1048 404
1049 430
1050 541
1051 422
1052 581
1053 347
1054 229
1055 580
1056 895
1057 602
1058 1034
1059 1030
1060 692
1061 685
1062 48
1063 598
1064 1044
1065 578
1066 1036
1067 34
1068 524
1069 94
1070 1023
1071 882
1072 681
1073 199
1074 602
1075 409
1076 565
1077 907
1078 1075
1079 952
1080 173
1081 562
1082 1077
1083 683
1084 601
1085 441
1086 500
1087 1023
1088 23
1089 844
1090 864
1091 962
1092 318
1093 602
1094 662
1095 540
1096 1077
1097 490
1098 545
1099 559
1100 760
1101 1004
1102 899
1103 395
1104 23
1105 712
1106 626
1107 760
1108 761
1109 408
1110 588
1111 1029
1112 929
1113 668
1114 899
1115 563
1116 562
1117 777
1118 625
1119 562
1120 486
1121 1081
1122 380
1123 23
1124 334
1125 781
1126 998
1127 888
1128 909
1129 179
1130 825
1131 935
1132 856
1133 554
1134 865
1135 983
1136 441
1137 608
1138 821
1139 1127
1140 318
1141 935
1142 345
1143 155
1144 964
1145 525
1146 1023
1147 275
1148 698
1149 255
1150 852
1151 227
1152 410
1153 859
1154 918
1155 488
1156 1069
1157 30
1158 602
1159 171
1160 1078
1161 228
1162 1087
1163 562
1164 98
1165 921
1166 784
1167 216
1168 642
1169 879
1170 1136
1171 441
1172 562
1173 1029
1174 1110
1175 891
1176 376
1177 953
1178 1161
1179 1005
1180 903
1181 598
1182 79
1183 1161
1184 164
1185 798
1186 814
1187 527
1188 453
1189 526
1190 673
1191 525
1192 879
1193 507
1194 798
1195 185
1196 1053
1197 879
1198 770
1199 684
1200 510
1201 113
1202 193
1203 392
1204 591
1205 757
1206 590
1207 1147
1208 684
1209 1044
1210 762
1211 1054
1212 472
1213 899
1214 797
1215 867
1216 441
1217 544
1218 527
1219 642
1220 785
1221 1185
1222 217
1223 17
1224 1182
1225 1000
1226 542
1227 990
1228 191
1229 1043
1230 361
1231 139
1232 1077
1233 225
1234 1161
1235 304
1236 1139
1237 370
1238 932
1239 658
1240 899
1241 822
1242 602
1243 275
1244 940
1245 1095
1246 1117
1247 138
1248 59
1249 1212
1250 585
1251 321
1252 166
1253 706
1254 1243
1255 1075
1256 203
1257 619
1258 823
1259 602
1260 949
1261 526
1262 1029
1263 1124
1264 333
1265 826
1266 683
1267 640
1268 359
1269 453
1270 734
1271 1107
1272 884
1273 8
1274 663
1275 128
1276 779
1277 678
1278 438
1279 419
1280 940
1281 770
1282 899
1283 940
1284 1219
1285 477
1286 1105
1287 342
1288 851
1289 505
1290 1157
1291 684
1292 709
1293 87
1294 1108
1295 173
1296 1162
1297 521
1298 183
1299 794
1300 966
1301 529
1302 1133
1303 830
1304 552
1305 354
1306 1147
1307 878
1308 578
1309 1207
1310 1015
1311 1232
1312 545
1313 222
1314 1003
1315 1139
1316 1165
1317 512
1318 1173
1319 434
1320 802
1321 1315
1322 953
1323 1261
1324 1068
1325 1137
1326 625
1327 202
1328 741
1329 1005
1330 1266
1331 602
1332 1254
1333 955
1334 1077
1335 1142
1336 117
1337 278
1338 1296
1339 1306
1340 1120
1341 168
1342 524
1343 1196
1344 940
1345 970
1346 822
1347 578
1348 1212
1349 219
1350 675
1351 719
1352 721
1353 1235
1354 1172
1355 1103
1356 1250
1357 534
1358 425
1359 852
1360 221
1361 1149
1362 452
1363 613
1364 927
1365 959
1366 792
1367 1064
1368 1054
1369 338
1370 182
1371 619
1372 1303
1373 615
1374 1266
1375 434
1376 910
1377 1311
1378 797
1379 225
1380 929
1381 1233
1382 751
1383 971
1384 562
1385 968
1386 139
1387 674
1388 1094
1389 1021
1390 1237
1391 816
1392 1227
1393 1108
1394 627
1395 1161
1396 1241
1397 940
1398 710
1399 1155
1400 715
1401 1344
1402 999
1403 38
1404 933
1405 779
1406 896
1407 42
1408 1403
1409 599
1410 526
1411 12
1412 668
1413 1065
1414 976
1415 1266
1416 1346
1417 49
1418 929
1419 1077
1420 523
1421 1270
1422 1273
1423 1058
1424 1266
1425 1320
1426 668
1427 1331
1428 1142
1429 751
1430 1001
1431 1266
1432 1005
1433 1398
1434 1331
1435 994
1436 936
1437 623
1438 1314
1439 1148
1440 725
1441 591
1442 1316
1443 1427
1444 336
1445 877
1446 937
1447 1331
1448 1378
1449 369
1450 997
1451 265
1452 1161
1453 318
1454 1068
1455 1432
1456 1134
1457 1083
1458 234
1459 307
1460 1342
1461 721
1462 844
1463 174
1464 326
1465 1248
1466 619
1467 962
1468 770
1469 1314
1470 1202
1471 59
1472 864
1473 865
1474 1392
1475 441
1476 1471
1477 1023
1478 502
1479 778
1480 217
1481 1244
1482 845
1483 1463
1484 683
1485 993
1486 88
1487 790
1488 1444
1489 333
1490 748
1491 109
1492 1122
1493 1044
1494 23
1495 544
1496 1338
1497 1135
1498 1005
1499 1067
1500 1331
1501 1223
1502 757
1503 1250
1504 141
1505 1255
1506 1289
1507 23
1508 318
1509 1360
1510 1426
1511 929
1512 1052
1513 1331
1514 1125
1515 1055
1516 1289
1517 512
1518 35
1519 1292
1520 381
1521 578
1522 1331
1523 683
1524 1063
1525 746
1526 370
1527 1236
1528 1484
1529 602
1530 993
1531 1333
1532 74
1533 318
1534 1236
1535 183
1536 84
1537 1045
1538 874
1539 952
1540 1250
1541 371
1542 1136
1543 1303
1544 973
1545 770
1546 1304
1547 1108
1548 370
1549 891
1550 1048
1551 638
1552 1457
1553 1398
1554 572
1555 791
1556 578
1557 777
1558 695
1559 339
1560 1164
1561 896
1562 1515
1563 815
1564 472
1565 695
1566 952
1567 675
1568 934
1569 770
1570 9
1571 505
1572 1374
1573 1559
1574 1207
1575 661
1576 449
1577 328
1578 942
1579 1023
1580 580
1581 1048
1582 891
1583 940
1584 957
1585 1319
1586 755
1587 1406
1588 544
1589 1319
1590 676
1591 1038
1592 371
1593 1266
1594 960
1595 1590
1596 377
1597 1036
1598 1484
1599 1067
1600 1182
1601 472
1602 611
1603 1077
1604 1588
1605 578
1606 290
1607 845
1608 1033
1609 1147
1610 1232
1611 1569
1612 1200
1613 1374
1614 474
1615 1213
1616 1564
1617 1161
1618 751
1619 852
1620 1161
1621 968
1622 1389
1623 539
1624 1608
1625 1366
1626 339
1627 580
1628 318
1629 1537
1630 589
1631 507
1632 1364
1633 1433
1634 683
1635 1588
1636 505
1637 74
1638 944
1639 1558
1640 1585
1641 1376
1642 679
1643 1221
1644 441
1645 976
1646 214
1647 1501
1648 1642
1649 838
1650 1300
1651 957
1652 1273
1653 580
1654 275
1655 826
1656 865
1657 1533
1658 940
1659 956
1660 1044
1661 441
1662 1032
1663 673
1664 961
1665 1112
1666 746
1667 1336
1668 1187
1669 468
1670 869
1671 1090
1672 499
1673 1645
1674 794
1675 1517
1676 116
1677 1359
1678 848
1679 673
1680 9
1681 1120
1682 1118
1683 760
1684 1273
1685 1676
1686 784
1687 1259
1688 895
1689 856
1690 746
1691 685
1692 1252
1693 1235
1694 1470
1695 874
1696 697
1697 188
1698 316
1699 1005
1700 1147
1701 1338
1702 401
1703 1216
1704 1034
1705 339
1706 1705
1707 458
1708 1668
1709 318
1710 1454
1711 1394
1712 930
1713 1207
1714 920
1715 1588
1716 1374
1717 1082
1718 1694
1719 228
1720 1092
1721 627
1722 1559
1723 1093
1724 1361
1725 854
1726 1479
1727 1634
1728 1649
1729 712
1730 129
1731 837
1732 1564
1733 211
1734 1693
1735 1362
1736 1457
1737 90
1738 1695
1739 1689
1740 1036
1741 1588
1742 1203
1743 1126
1744 1062
1745 1589
1746 1136
1747 362
1748 1286
1749 1147
1750 1610
1751 354
1752 1266
1753 318
1754 1456
1755 285
1756 548
1757 1306
1758 1356
1759 1005
1760 1484
1761 899
1762 1564
1763 1409
1764 396
1765 1731
1766 874
1767 1141
1768 683
1769 1280
1770 673
1771 891
1772 903
1773 1446
1774 1556
1775 265
1776 262
1777 190
1778 491
1779 832
1780 123
1781 1547
1782 619
1783 1210
1784 903
1785 1207
1786 848
1787 167
1788 1605
1789 845
1790 579
1791 1142
1792 1250
1793 1378
1794 1764
1795 441
1796 1475
1797 884
1798 327
1799 232
1800 1694
1801 1764
1802 1536
1803 1202
1804 319
1805 891
1806 810
1807 374
1808 588
1809 1733
1810 1649
1811 174
1812 916
1813 1347
1814 939
1815 1378
1816 1470
1817 1750
1818 347
1819 602
1820 965
1821 1689
1822 1266
1823 1077
1824 1753
1825 1658
1826 412
1827 1055
1828 1439
1829 1499
1830 682
1831 1689
1832 1634
1833 1788
1834 896
1835 706
1836 721
1837 1504
1838 891
1839 1240
1840 675
1841 852
1842 1244
1843 1348
1844 1161
1845 1457
1846 851
1847 918
1848 1410
1849 647
1850 1402
1851 1587
1852 1136
1853 1589
1854 1266
1855 1335
1856 845
1857 1822
1858 1656
1859 1519
1860 401
1861 1148
1862 1697
1863 299
1864 683
1865 1292
1866 1237
1867 1861
1868 1315
1869 1472
1870 1133
1871 1621
1872 664
1873 228
1874 434
1875 822
1876 26
1877 1790
1878 1624
1879 1423
1880 1249
1881 617
1882 476
1883 1549
1884 318
1885 1044
1886 1861
1887 1358
1888 1798
1889 1588
1890 759
1891 1429
1892 1385
1893 437
1894 1514
1895 1100
1896 1844
1897 1821
1898 1892
1899 1471
1900 741
1901 713
1902 1736
1903 1370
1904 770
1905 1899
1906 189
1907 283
1908 640
1909 1331
1910 1114
1911 459
1912 1124
1913 1228
1914 1619
1915 1829
1916 912
1917 1092
1918 202
1919 1674
1920 823
1921 856
1922 1153
1923 1840
1924 1138
1925 914
1926 1250
1927 892
1928 1877
1929 952
1930 1409
1931 618
1932 402
1933 1587
1934 1508
1935 1414
1936 891
1937 364
1938 731
1939 1067
1940 1923
1941 935
1942 1277
1943 697
1944 423
1945 874
1946 1768
1947 1877
1948 1043
1949 1374
1950 1504
1951 1297
1952 1689
1953 694
1954 1107
1955 343
1956 1417
1957 227
1958 978
1959 964
1960 1199
1961 1329
1962 1589
1963 1205
1964 1585
1965 1907
1966 1784
1967 1718
1968 1467
1969 1324
1970 1575
1971 870
1972 751
1973 822
1974 746
1975 486
1976 1372
1977 752
1978 609
1979 5
1980 823
1981 214
1982 859
1983 1756
1984 729
1985 923
1986 1406
1987 940
1988 1087
1989 1633
1990 505
1991 1154
1992 992
1993 1923
1994 1608
1995 1409
1996 225
1997 1622
1998 1957
1999 1510
2000 1753
2001 441
2002 1930
2003 925
2004 1314
2005 1412
2006 1367
2007 1993
2008 346
2009 441
2010 1569
2011 549
2012 1790
2013 1384
2014 832
2015 1354
2016 461
2017 1250
2018 1177
2019 790
2020 1627
2021 1796
2022 1608
2023 720
2024 1196
2025 401
2026 1484
2027 1974
2028 1481
2029 1940
2030 1267
2031 1239
2032 1801
2033 1268
2034 71
2035 1870
2036 1765
2037 667
2038 682
2039 1312
2040 545
2041 1273
2042 918
2043 1621
2044 1374
2045 1501
2046 695
2047 1608
2048 1589
2049 1509
2050 1042
2051 826
2052 1315
2053 411
2054 1068
2055 602
2056 918
2057 537
2058 1721
2059 1736
2060 1909
2061 1207
2062 777
2063 1838
2064 671
2065 1481
2066 683
2067 1035
2068 1331
2069 1606
2070 1298
2071 827
2072 974
2073 802
2074 441
2075 1331
2076 1728
2077 1552
2078 1250
2079 242
2080 1957
2081 798
2082 1351
2083 562
2084 1276
2085 1801
2086 765
2087 200
2088 1564
2089 1136
2090 1479
2091 1374
2092 1923
2093 619
2094 1999
2095 683
2096 1957
2097 1972
2098 2017
2099 1222
2100 2092
2101 1622
2102 1484
2103 485
2104 1165
2105 141
2106 355
2107 1239
2108 1817
2109 1422
2110 167
2111 2047
2112 238
2113 2110
2114 1552
2115 2028
2116 953
2117 1234
2118 1294
2119 1595
2120 1608
2121 20
2122 2110
2123 1805
2124 2110
2125 1689
2126 1007
2127 602
2128 850
2129 1552
2130 857
2131 1993
2132 1758
2133 1963
2134 2047
2135 148
2136 1956
2137 1512
2138 1969
2139 283
2140 2106
2141 989
2142 1147
2143 1943
2144 1402
2145 1567
2146 1310
2147 1978
2148 602
2149 663
2150 1394
2151 1749
2152 1202
2153 1994
2154 1266
2155 1331
2156 1870
2157 254
2158 647
2159 2110
2160 2110
2161 1417
2162 764
2163 1940
2164 401
2165 602
2166 742
2167 2110
2168 1953
2169 2164
2170 582
2171 1525
2172 1333
2173 896
2174 1099
2175 2110
2176 1015
2177 1971
2178 1900
2179 1983
2180 760
2181 1624
2182 1484
2183 224
2184 929
2185 1237
2186 1113
2187 1136
2188 2110
2189 1830
2190 303
2191 830
2192 336
2193 1564
2194 1589
2195 2047
2196 204
2197 621
2198 1816
2199 953
2200 683
2201 1606
2202 1992
2203 192
2204 1899
2205 918
2206 929
2207 1503
2208 1368
2209 2110
2210 1683
2211 1552
2212 1118
2213 1529
2214 1705
2215 441
2216 570
2217 1963
2218 1073
2219 2149
2220 1950
2221 2206
2222 1603
2223 2098
2224 2069
2225 1479
2226 527
2227 122
2228 1448
2229 202
2230 826
2231 1511
2232 1486
2233 1097
2234 1887
2235 1372
2236 2096
2237 1203
2238 2058
2239 1497
2240 1075
2241 1552
2242 1044
2243 1477
2244 1277
2245 1161
2246 1256
2247 1147
2248 1698
2249 2211
2250 883
2251 780
2252 388
2253 1705
2254 2230
2255 2016
2256 1544
2257 1545
2258 2113
2259 1012
2260 1907
2261 775
2262 1040
2263 2110
2264 2110
2265 1236
2266 1559
2267 1343
2268 698
2269 2163
2270 1484
2271 371
2272 1520
2273 98
2274 562
2275 1077
2276 602
2277 1408
2278 1957
2279 2110
2280 1620
2281 2037
2282 1100
2283 523
2284 736
2285 1276
2286 2166
2287 1805
2288 799
2289 578
2290 1171
2291 777
2292 1993
2293 2207
2294 981
2295 2110
2296 319
2297 217
2298 1598
2299 2078
2300 1877
2301 1118
2302 1972
2303 602
2304 1774
2305 318
2306 64
2307 1212
2308 1333
2309 1957
2310 1331
2311 547
2312 1917
2313 346
2314 1374
2315 1161
2316 1310
2317 1911
2318 823
2319 1149
2320 540
2321 2152
2322 2286
2323 319
2324 1498
2325 1943
2326 683
2327 1484
2328 1995
2329 2270
2330 1940
2331 741
2332 1445
2333 1028
2334 682
2335 2035
2336 1497
2337 1488
2338 1647
2339 1943
2340 1087
2341 2032
2342 379
2343 517
2344 1292
2345 941
2346 1919
2347 1161
2348 1870
2349 1283
2350 994
2351 505
2352 2110
2353 1888
2354 1595
2355 1801
2356 948
2357 974
2358 416
2359 137
2360 173
2361 318
2362 1009
2363 441
2364 1331
2365 1154
2366 92
2367 2240
2368 441
2369 439
2370 1721
2371 1961
2372 1657
2373 1504
2374 2177
2375 1681
2376 1943
2377 474
2378 2201
2379 760
2380 2216
2381 1333
2382 531
2383 2063
2384 648
2385 1899
2386 1497
2387 1706
2388 2184
2389 936
2390 2275
2391 1104
2392 278
2393 1325
2394 1549
2395 2127
2396 2012
2397 1117
2398 475
2399 1331
2400 1429
2401 354
2402 1128
2403 900
2404 309
2405 1804
2406 1250
2407 2385
2408 401
2409 2278
2410 1417
2411 370
2412 2183
2413 1136
2414 562
2415 1861
2416 1822
2417 706
2418 1904
2419 748
2420 602
2421 707
2422 764
2423 2419
2424 1706
2425 1439
2426 2047
2427 1207
2428 817
2429 2110
2430 1708
2431 1984
2432 1266
2433 2392
2434 1742
2435 1374
2436 2110
2437 1949
2438 1993
2439 1667
2440 1529
2441 1266
2442 2240
2443 896
2444 446
2445 1998
2446 1779
2447 456
2448 2110
2449 2394
2450 243
2451 1454
2452 2074
2453 1332
2454 2310
2455 1404
2456 923
2457 2048
2458 1396
2459 169
2460 2107
2461 596
2462 2419
2463 371
2464 1484
2465 2177
2466 777
2467 2275
2468 1015
2469 1150
2470 1289
2471 444
2472 525
2473 1957
2474 269
2475 1067
2476 1236
2477 2279
2478 367
2479 443
2480 2091
2481 496
2482 2110
2483 2047
2484 2128
2485 34
2486 2221
2487 1417
2488 779
2489 2290
2490 1973
2491 2291
2492 2306
2493 2419
2494 1981
2495 485
2496 578
2497 2390
2498 557
2499 1207
2500 1136
2501 2230
2502 1621
2503 952
2504 826
2505 619
2506 1289
2507 2360
2508 1843
2509 1535
2510 2388
2511 899
2512 940
2513 1306
2514 2110
2515 843
2516 2419
2517 1277
2518 1147
2519 2131
2520 1092
2521 1570
2522 1219
2523 2110
2524 1993
2525 2504
2526 2149
2527 1868
2528 441
2529 1915
2530 2110
2531 1499
2532 105
2533 2172
2534 1367
2535 1206
2536 1452
2537 2178
2538 2175
2539 2194
2540 826
2541 1595
2542 1077
2543 2389
2544 2120
2545 1414
2546 2047
2547 2453
2548 929
2549 2282
2550 2385
2551 1770
2552 2281
2553 1933
2554 1425
2555 1933
2556 1594
2557 2196
2558 2421
2559 2110
2560 1900
2561 1308
2562 967
2563 1961
2564 2110
2565 2354
2566 1497
2567 1919
2568 1236
2569 797
2570 1124
2571 1344
2572 2430
2573 2191
2574 193
2575 1641
2576 1313
2577 1764
2578 702
2579 2179
2580 1207
2581 1365
2582 2357
2583 2155
2584 1668
2585 907
2586 1142
2587 174
2588 1992
2589 2010
2590 2116
2591 2554
2592 2148
2593 881
2594 2353
2595 600
2596 695
2597 1374
2598 2580
2599 736
2600 2580
2601 2034
2602 2390
2603 1571
2604 909
2605 2317
2606 379
2607 2447
2608 2585
2609 562
2610 405
2611 1889
2612 1250
2613 1292
2614 2290
2615 1190
2616 505
2617 197
2618 2227
2619 750
2620 2407
2621 1919
2622 188
2623 2010
2624 812
2625 1445
2626 2236
2627 2112
2628 2441
2629 2177
2630 2419
2631 1439
2632 2533
2633 2212
2634 2379
2635 1266
2636 1759
2637 1497
2638 2369
2639 1992
2640 1801
2641 871
2642 2633
2643 2047
2644 1578
2645 2113
2646 2110
2647 2132
2648 387
2649 2387
2650 1957
2651 2100
2652 1051
2653 2534
2654 1552
2655 2521
2656 2340
2657 1647
2658 2080
2659 1908
2660 1993
2661 1640
2662 2460
2663 1092
2664 1136
2665 1974
2666 911
2667 710
2668 2453
2669 1331
2670 1369
2671 2351
2672 2045
2673 2521
2674 2474
2675 769
2676 2576
2677 942
2678 915
2679 2409
2680 1501
2681 2269
2682 1689
2683 771
2684 1632
2685 2507
2686 1468
2687 2633
2688 935
2689 2272
2690 2599
2691 753
2692 193
2693 2258
2694 1312
2695 863
2696 2631
2697 1437
2698 1966
2699 2453
2700 1439
2701 2451
2702 434
2703 1044
2704 2251
2705 1250
2706 2590
2707 223
2708 1088
2709 1718
2710 1363
2711 1092
2712 2229
2713 1162
2714 2390
2715 816
2716 1712
2717 2022
2718 1954
2719 2408
2720 2483
2721 2183
2722 1528
2723 1801
2724 106
2725 2329
2726 1759
2727 2464
2728 2368
2729 1856
2730 1500
2731 1127
2732 1636
2733 1567
2734 1522
2735 2047
2736 548
2737 1322
2738 2582
2739 1629
2740 2110
2741 813
2742 1053
2743 1829
2744 805
2745 1290
2746 1219
2747 1697
2748 2088
2749 2638
2750 2342
2751 1571
2752 707
2753 2679
2754 1252
2755 1538
2756 2397
2757 2396
2758 1957
2759 2503
2760 2737
2761 451
2762 310
2763 1608
2764 1556
2765 1250
2766 1679
2767 1883
2768 2311
2769 847
2770 2364
2771 2711
2772 2392
2773 2110
2774 2590
2775 1976
2776 988
2777 2110
2778 1567
2779 2521
2780 1029
2781 1737
2782 1811
2783 2136
2784 1460
2785 1554
2786 1759
2787 741
2788 1604
2789 2264
2790 1678
2791 1678
2792 2745
2793 469
2794 1254
2795 1393
2796 2204
2797 1910
2798 2288
2799 777
2800 1557
2801 1653
2802 606
2803 2535
2804 1613
2805 2110
2806 146
2807 2372
2808 2595
2809 2121
2810 2110
2811 1374
2812 2802
2813 2230
2814 1704
2815 1497
2816 2293
2817 1331
2818 1555
2819 1995
2820 1346
2821 1823
2822 441
2823 1558
2824 2633
2825 2329
2826 987
2827 614
2828 1136
2829 1476
2830 675
2831 1049
2832 2830
2833 226
2834 2796
2835 856
2836 338
2837 2756
2838 346
2839 532
2840 412
2841 2453
2842 603
2843 2114
2844 2472
2845 1571
2846 732
2847 1753
2848 1861
2849 596
2850 2312
2851 2757
2852 1621
2853 2666
2854 2337
2855 401
2856 1841
2857 1593
2858 798
2859 1285
2860 1796
2861 2311
2862 739
2863 1552
2864 1250
2865 1580
2866 1438
2867 1608
2868 642
2869 1207
2870 2675
2871 1854
2872 1277
2873 505
2874 2450
2875 2214
2876 1992
2877 2445
2878 64
2879 2790
2880 1705
2881 1133
2882 2491
2883 1759
2884 2193
2885 2512
2886 2735
2887 1087
2888 408
2889 2350
2890 2789
2891 1823
2892 2372
2893 602
2894 2047
2895 1974
2896 991
2897 2110
2898 1647
2899 714
2900 2272
2901 1970
2902 2127
2903 2896
2904 1707
2905 2447
2906 318
2907 1877
2908 170
2909 1962
2910 2340
2911 1077
2912 2110
2913 231
2914 2394
2915 1840
2916 1476
2917 2725
2918 2637
2919 2110
2920 2110
2921 828
2922 1608
2923 2762
2924 944
2925 686
2926 2319
2927 1786
2928 2110
2929 2867
2930 2010
2931 2706
2932 1983
2933 1072
2934 2176
2935 2165
2936 2821
2937 2432
2938 173
2939 2064
2940 2758
2941 1995
2942 2039
2943 2212
2944 1629
2945 1314
2946 1974
2947 2372
2948 2944
2949 1593
2950 775
2951 2397
2952 699
2953 2503
2954 2711
2955 1790
2956 173
2957 1394
2958 2329
2959 1030
2960 2648
2961 990
2962 1664
2963 2757
2964 1105
2965 2941
2966 2372
2967 2777
2968 936
2969 2338
2970 1075
2971 1943
2972 1801
2973 2185
2974 94
2975 2848
2976 743
2977 2749
2978 2479
2979 1406
2980 1411
2981 2570
2982 1765
2983 997
2984 1161
2985 1750
2986 1120
2987 2711
2988 2024
2989 2289
2990 951
2991 1067
2992 1887
2993 202
2994 2175
2995 235
2996 2783
2997 695
2998 602
2999 2554
3000 2518
3001 2110
3002 1965
3003 637
3004 2599
3005 2110
3006 958
3007 602
3008 1335
3009 1431
3010 2358
3011 1158
3012 2773
3013 2795
3014 1460
3015 1589
3016 2912
3017 173
3018 853
3019 941
3020 2616
3021 130
3022 1776
3023 2431
3024 1987
3025 845
3026 1333
3027 2372
3028 661
3029 2791
3030 2763
3031 1511
3032 2049
3033 1458
3034 2503
3035 1764
3036 69
3037 626
3038 2810
3039 1406
3040 1486
3041 961
3042 1118
3043 602
3044 633
3045 2848
3046 1559
3047 2865
3048 2346
3049 189
3050 2570
3051 2562
3052 2554
3053 2110
3054 2364
3055 971
3056 1266
3057 909
3058 1794
3059 2599
3060 2546
3061 3030
3062 2372
3063 2105
3064 1196
3065 2503
3066 2870
3067 2679
3068 1715
3069 2445
3070 1417
3071 139
3072 2202
3073 2799
3074 1643
3075 1301
3076 2939
3077 134
3078 366
3079 1739
3080 339
3081 1096
3082 1444
3083 1378
3084 2712
3085 801
3086 876
3087 68
3088 1255
3089 2049
3090 425
3091 2595
3092 2110
3093 1857
3094 3050
3095 1608
3096 1957
3097 2248
3098 1255
3099 2729
3100 2484
3101 2110
3102 1583
3103 1959
3104 797
3105 2523
3106 2937
3107 1476
3108 2777
3109 1391
3110 2679
3111 2012
3112 2875
3113 2047
3114 2600
3115 2740
3116 3046
3117 2733
3118 2276
3119 1974
3120 2519
3121 2346
3122 2195
3123 591
3124 2511
3125 2195
3126 2899
3127 1029
3128 1575
3129 253
3130 2110
3131 2679
3132 2624
3133 1617
3134 1433
3135 2894
3136 899
3137 1529
3138 1872
3139 2554
3140 1118
3141 1957
3142 2464
3143 2282
3144 3129
3145 1471
3146 1368
3147 1938
3148 2149
3149 789
3150 706
3151 161
3152 1688
3153 1564
3154 2214
3155 2807
3156 2516
3157 1476
3158 2350
3159 2785
3160 1879
3161 1658
3162 1120
3163 2664
3164 434
3165 1087
3166 3090
3167 1691
3168 2231
3169 2679
3170 146
3171 2084
3172 2556
3173 2675
3174 2664
3175 1993
3176 1943
3177 1250
3178 1108
3179 809
3180 2999
3181 2513
3182 2750
3183 3174
3184 2369
3185 1428
3186 538
3187 3082
3188 2626
3189 577
3190 683
3191 2992
3192 2488
3193 1136
3194 2017
3195 2360
3196 2390
3197 742
3198 3186
3199 2753
3200 1331
3201 2292
3202 485
3203 2436
3204 2047
3205 586
3206 3154
3207 3073
3208 773
3209 2626
3210 487
3211 1457
3212 2283
3213 3049
3214 1618
3215 2503
3216 1275
3217 2267
3218 1409
3219 2781
3220 2730
3221 2372
3222 2047
3223 2047
3224 2074
3225 2633
3226 2618
3227 874
3228 2978
3229 1822
3230 1502
3231 3117
3232 3161
3233 2599
3234 2146
3235 2185
3236 3109
3237 695
3238 1266
3239 3215
3240 1386
3241 1796
3242 3111
3243 764
3244 447
3245 3143
3246 2225
3247 1542
3248 2047
3249 1045
3250 637
3251 2356
3252 2527
3253 675
3254 1694
3255 2352
3256 2422
3257 1911
3258 3177
3259 2450
3260 1405
3261 3145
3262 2847
3263 2856
3264 2848
3265 996
3266 1503
3267 1570
3268 2402
3269 1133
3270 1160
3271 2285
3272 2034
3273 1944
3274 1739
3275 2453
3276 2127
3277 2448
3278 1635
3279 2120
3280 1871
3281 764
3282 2213
3283 472
3284 2889
3285 2433
3286 1886
3287 455
3288 2480
3289 441
3290 1044
3291 3049
3292 2419
3293 3162
3294 1079
3295 1357
3296 1175
3297 1953
3298 2359
3299 1712
3300 178
3301 649
3302 421
3303 786
3304 1802
3305 274
3306 1937
3307 472
3308 457
3309 16
3310 2203
3311 272
3312 608
3313 4
3314 2904
3315 2030
3316 1979
3317 146
3318 1016
3319 153
3320 3186
3321 23
3322 7
3323 43
3324 1652
3325 352
3326 8
3327 2190
3328 1231
3329 1275
3330 2980
3331 3126
3332 2724
3333 1596
3334 1167
3335 2455
3336 249
3337 1893
3338 253
3339 528
3340 9
3341 1680
3342 2809
3343 2521
3344 2509
3345 1228
3346 2087
3347 2680
3348 142
3349 1903
3350 129
3351 2901
3352 1725
3353 17
3354 95
3355 2079
3356 17
3357 2094
3358 22
3359 19
3360 529
3361 726
3362 3033
3363 467
3364 1637
3365 80
3366 3086
3367 1901
3368 1698
3369 880
3370 2995
3371 2105
3372 336
3373 341
3374 413
3375 632
3376 1985
3377 2683
3378 1780
3379 2515
3380 2708
3381 23
3382 99
3383 23
3384 1876
3385 1734
3386 3210
3387 286
3388 2925
3389 157
3390 344
3391 2067
3392 1509
3393 1507
3394 136
3395 23
3396 23
3397 2391
3398 1729
3399 1123
3400 560
3401 1806
3402 195
3403 1073
3404 148
3405 1494
3406 2831
3407 1017
3408 2606
3409 380
3410 494
3411 3021
3412 23
3413 373
3414 23
3415 78
3416 23
3417 173
3418 2833
3419 83
3420 982
3421 23
3422 863
3423 23
3424 879
3425 273
3426 1459
3427 2157
3428 164
3429 1027
3430 2792
3431 103
3432 34
3433 1067
3434 1744
3435 172
3436 34
3437 2485
3438 175
3439 3006
3440 886
3441 1518
3442 673
3443 2692
3444 613
3445 1408
3446 1471
3447 38
3448 297
3449 382
3450 459
3451 133
3452 145
3453 446
3454 1773
3455 2814
3456 1407
3457 1648
3458 325
3459 43
3460 313
3461 138
3462 2196
3463 1417
3464 135
3465 523
3466 213
3467 1069
3468 672
3469 1798
3470 2069
3471 59
3472 1465
3473 607
3474 170
3475 1159
3476 2197
3477 62
3478 898
3479 131
3480 63
3481 63
3482 735
3483 551
3484 2057
3485 840
3486 259
3487 63
3488 2878
3489 2392
3490 64
3491 2913
3492 64
3493 2306
3494 504
3495 64
3496 64
3497 81
3498 2174
3499 66
3500 82
3501 3087
3502 3036
3503 717
3504 85
3505 1103
3506 554
3507 2601
3508 385
3509 444
3510 2366
3511 431
3512 484
3513 72
3514 438
3515 113
3516 622
3517 1152
3518 979
3519 72
3520 3151
3521 74
3522 1532
3523 1387
3524 1777
3525 198
3526 1224
3527 744
3528 79
3529 406
3530 2581
3531 90
3532 245
3533 788
3534 1251
3535 351
3536 87
3537 1293
3538 555
3539 2232
3540 2781
3541 1143
3542 1151
3543 92
3544 1287
3545 887
3546 738
3547 2478
3548 96
3549 691
3550 1491
3551 1250
3552 225
3553 2974
3554 636
3555 1978
3556 98
3557 1164
3558 2273
3559 347
3560 3078
3561 931
3562 1349
3563 1464
3564 1002
3565 1388
3566 105
3567 1681
3568 1010
3569 2532
3570 387
3571 105
3572 2839
3573 2578
3574 105
3575 980
3576 1945
3577 386
3578 111
3579 756
3580 660
3581 2227
3582 1201
3583 317
3584 1440
3585 158
3586 3189
3587 1685
3588 1826
3589 117
3590 220
3591 1336
3592 515
3593 206
3594 631
3595 2343
3596 120
3597 1776
3598 509
3599 1269
3600 124
3601 2741
3602 400
3603 126
3604 128
3605 2702
3606 128
3607 264
3608 2853
3609 128
3610 196
3611 129
3612 557
3613 1730
3614 129
3615 733
3616 3077
3617 2459
3618 134
3619 2297
3620 3205
3621 448
3622 651
3623 230
3624 135
3625 1341
3626 2558
3627 1076
3628 3010
3629 491
3630 135
3631 1670
3632 135
3633 2404
3634 1305
3635 548
3636 160
3637 136
3638 2776
3639 2053
3640 136
3641 773
3642 1247
3643 924
3644 138
3645 1180
3646 654
3647 3071
3648 1386
3649 1986
3650 485
3651 2220
3652 146
3653 2806
3654 146
3655 1825
3656 569
3657 146
3658 3170
3659 371
3660 258
3661 260
3662 2135
3663 151
3664 151
3665 370
3666 185
3667 1366
3668 894
3669 1184
3670 612
3671 2652
3672 2962
3673 1858
3674 165
3675 165
3676 165
3677 1252
3678 2110
3679 1787
3680 3100
3681 2686
3682 170
3683 2599
3684 2481
3685 306
3686 322
3687 2908
3688 171
3689 171
3690 2793
3691 2617
3692 2474
3693 1044
3694 171
3695 171
3696 171
3697 604
3698 173
3699 3244
3700 2938
3701 511
3702 1080
3703 2956
3704 173
3705 1295
3706 177
3707 173
3708 541
3709 797
3710 635
3711 173
3712 2360
3713 989
3714 173
3715 3017
3716 174
3717 174
3718 203
3719 271
3720 265
3721 246
3722 174
3723 223
3724 579
3725 398
3726 368
3727 174
3728 174
3729 202
3730 2170
3731 1483
3732 174
3733 2259
3734 2782
3735 2587
3736 302
3737 2106
3738 946
3739 849
3740 177
3741 177
3742 1129
3743 179
3744 248
3745 1623
3746 2070
3747 308
3748 1195
3749 762
3750 568
3751 188
3752 1697
3753 188
3754 188
3755 2622
3756 188
3757 188
3758 415
3759 2842
3760 1906
3761 3049
3762 2037
3763 724
3764 191
3765 193
3766 819
3767 2362
3768 193
3769 193
3770 2574
3771 2321
3772 369
3773 1142
3774 656
3775 2144
3776 195
3777 196
3778 872
3779 1554
3780 507
3781 984
3782 2014
3783 1863
3784 2993
3785 2229
3786 1327
3787 208
3788 1918
3789 203
3790 1256
3791 203
3792 553
3793 210
3794 210
3795 284
3796 1430
3797 211
3798 1809
3799 211
3800 237
3801 1646
3802 1981
3803 216
3804 1480
3805 217
3806 217
3807 2099
3808 728
3809 217
3810 600
3811 3250
3812 219
3813 519
3814 219
3815 489
3816 546
3817 2676
3818 222
3819 222
3820 222
3821 256
3822 3273
3823 2707
3824 224
3825 224
3826 2183
3827 2216
3828 232
3829 225
3830 478
3831 985
3832 2428
3833 315
3834 1996
3835 300
3836 820
3837 225
3838 225
3839 763
3840 225
3841 2233
3842 443
3843 225
3844 357
3845 912
3846 2874
3847 593
3848 701
3849 225
3850 479
3851 225
3852 2990
3853 835
3854 2251
3855 2056
3856 3230
3857 1379
3858 225
3859 225
3860 225
3861 1233
3862 338
3863 226
3864 226
3865 227
3866 2309
3867 1362
3868 1873
3869 1183
3870 1060
3871 1719
3872 229
3873 1054
3874 1013
3875 230
3876 963
3877 1147
3878 232
3879 1799
3880 232
3881 232
3882 233
3883 1565
3884 2921
3885 237
3886 2627
3887 1807
3888 829
3889 687
3890 248
3891 1927
3892 250
3893 3144
3894 254
3895 2926
3896 518
3897 259
3898 2377
3899 360
3900 2019
3901 1775
3902 1451
3903 652
3904 288
3905 318
3906 388
3907 270
3908 378
3909 1268
3910 470
3911 273
3912 275
3913 1654
3914 275
3915 1489
3916 275
3917 749
3918 689
3919 2794
3920 275
3921 275
3922 975
3923 647
3924 842
3925 2761
3926 2294
3927 296
3928 831
3929 1577
3930 278
3931 1337
3932 278
3933 278
3934 742
3935 977
3936 2502
3937 353
3938 280
3939 542
3940 312
3941 936
3942 1014
3943 1602
3944 283
3945 1584
3946 2139
3947 571
3948 454
3949 973
3950 2260
3951 283
3952 283
3953 1304
3954 283
3955 890
3956 427
3957 708
3958 1755
3959 1955
3960 502
3961 653
3962 818
3963 1520
3964 1130
3965 1594
3966 293
3967 1714
3968 715
3969 294
3970 601
3971 533
3972 332
3973 445
3974 298
3975 298
3976 596
3977 303
3978 303
3979 307
3980 307
3981 310
3982 2762
3983 1272
3984 2873
3985 317
3986 317
3987 796
3988 1020
3989 318
3990 1938
3991 318
3992 1932
3993 1453
3994 1508
3995 392
3996 318
3997 318
3998 1533
3999 318
4000 1709
4001 397
4002 2906
4003 2305
4004 318
4005 1753
4006 690
4007 318
4008 439
4009 2361
4010 1859
4011 318
4012 318
4013 1300
4014 747
4015 318
4016 1140
4017 1038
4018 318
4019 477
4020 318
4021 746
4022 1230
4023 440
4024 629
4025 1628
4026 513
4027 318
4028 318
4029 1092
4030 1884
4031 318
4032 2296
4033 319
4034 2405
4035 1186
4036 2323
4037 320
4038 328
4039 1675
4040 1264
4041 1124
4042 335
4043 3187
4044 2192
4045 336
4046 592
4047 336
4048 789
4049 1626
4050 336
4051 769
4052 845
4053 337
4054 337
4055 2846
4056 337
4057 338
4058 2836
4059 338
4060 1369
4061 556
4062 3080
4063 2266
4064 2214
4065 873
4066 341
4067 2334
4068 346
4069 1075
4070 543
4071 584
4072 1882
4073 346
4074 346
4075 549
4076 2313
4077 346
4078 2008
4079 346
4080 597
4081 468
4082 346
4083 2838
4084 346
4085 393
4086 347
4087 727
4088 347
4089 347
4090 347
4091 347
4092 1818
4093 1399
4094 347
4095 347
4096 1568
4097 347
4098 1672
4099 2742
4100 347
4101 350
4102 2382
4103 351
4104 351
4105 1052
4106 463
4107 353
4108 1581
4109 401
4110 353
4111 893
4112 1630
4113 1751
4114 354
4115 2401
4116 361
4117 3051
4118 1747
4119 362
4120 776
4121 853
4122 768
4123 1449
4124 370
4125 540
4126 370
4127 2827
4128 1548
4129 2085
4130 1526
4131 370
4132 922
4133 1031
4134 1237
4135 2411
4136 2271
4137 371
4138 2463
4139 1592
4140 371
4141 2540
4142 426
4143 1541
4144 1086
4145 1176
4146 617
4147 580
4148 1472
4149 378
4150 659
4151 2750
4152 1492
4153 380
4154 794
4155 382
4156 383
4157 862
4158 383
4159 383
4160 383
4161 383
4162 2960
4163 683
4164 388
4165 2252
4166 1414
4167 475
4168 1203
4169 748
4170 394
4171 394
4172 395
4173 395
4174 573
4175 396
4176 680
4177 400
4178 1699
4179 2226
4180 401
4181 2025
4182 1702
4183 755
4184 401
4185 2408
4186 401
4187 2855
4188 2169
4189 401
4190 401
4191 1860
4192 402
4193 404
4194 2610
4195 1025
4196 670
4197 2888
4198 1109
4199 408
4200 410
4201 618
4202 972
4203 412
4204 2840
4205 877
4206 722
4207 2071
4208 1279
4209 424
4210 737
4211 521
4212 2234
4213 3090
4214 425
4215 628
4216 2862
4217 429
4218 433
4219 1375
4220 434
4221 434
4222 2180
4223 1874
4224 3164
4225 1853
4226 574
4227 536
4228 436
4229 436
4230 436
4231 993
4232 1278
4233 3044
4234 938
4235 2369
4236 439
4237 440
4238 441
4239 441
4240 646
4241 441
4242 2001
4243 441
4244 2528
4245 441
4246 2728
4247 1795
4248 441
4249 812
4250 751
4251 441
4252 761
4253 2009
4254 441
4255 2952
4256 889
4257 1796
4258 839
4259 1089
4260 620
4261 1644
4262 908
4263 441
4264 441
4265 441
4266 441
4267 2333
4268 441
4269 3289
4270 723
4271 1085
4272 441
4273 1216
4274 2363
4275 441
4276 441
4277 650
4278 441
4279 503
4280 441
4281 441
4282 2074
4283 441
4284 1171
4285 441
4286 974
4287 2215
4288 441
4289 441
4290 441
4291 1041
4292 465
4293 1661
4294 441
4295 2828
4296 441
4297 2822
4298 441
4299 684
4300 442
4301 2978
4302 1710
4303 1024
4304 2471
4305 1467
4306 444
4307 444
4308 1018
4309 2444
4310 449
4311 1260
4312 1576
4313 591
4314 449
4315 453
4316 781
4317 453
4318 1188
4319 455
4320 3287
4321 455
4322 455
4323 878
4324 599
4325 1011
4326 2905
4327 508
4328 882
4329 1911
4330 459
4331 460
4332 461
4333 2255
4334 2976
4335 463
4336 463
4337 1131
4338 774
4339 1669
4340 2868
4341 905
4342 471
4343 472
4344 472
4345 1762
4346 472
4347 1601
4348 2149
4349 472
4350 1880
4351 3283
4352 1614
4353 474
4354 474
4355 475
4356 475
4357 2398
4358 2859
4359 480
4360 484
4361 2924
4362 3202
4363 2103
4364 485
4365 485
4366 1253
4367 1115
4368 1373
4369 2495
4370 1948
4371 486
4372 1975
4373 486
4374 1778
4375 494
4376 1820
4377 1277
4378 498
4379 696
4380 502
4381 502
4382 502
4383 745
4384 502
4385 1478
4386 588
4387 502
4388 2470
4389 1990
4390 2632
4391 505
4392 885
4393 3020
4394 1571
4395 505
4396 2268
4397 2351
4398 1636
4399 505
4400 1006
4401 1551
4402 1045
4403 505
4404 505
4405 507
4406 1193
4407 1631
4408 510
4409 2040
4410 1612
4411 1317
4412 2588
4413 535
4414 518
4415 2262
4416 518
4417 518
4418 2731
4419 519
4420 519
4421 639
4422 1743
4423 520
4424 1220
4425 521
4426 836
4427 986
4428 2086
4429 521
4430 521
4431 1951
4432 648
4433 928
4434 1662
4435 942
4436 523
4437 523
4438 523
4439 995
4440 2283
4441 523
4442 523
4443 523
4444 1420
4445 566
4446 2784
4447 803
4448 858
4449 525
4450 525
4451 525
4452 1145
4453 1191
4454 2472
4455 970
4456 525
4457 645
4458 2311
4459 525
4460 525
4461 1323
4462 526
4463 1848
4464 1846
4465 2374
4466 526
4467 1189
4468 527
4469 1218
4470 1435
4471 1668
4472 527
4473 824
4474 529
4475 1301
4476 532
4477 532
4478 538
4479 539
4480 3167
4481 1245
4482 2802
4483 1731
4484 2320
4485 1050
4486 919
4487 948
4488 1226
4489 542
4490 543
4491 543
4492 543
4493 3037
4494 1959
4495 1588
4496 1217
4497 1495
4498 1098
4499 1312
4500 598
4501 547
4502 548
4503 1983
4504 548
4505 2736
4506 549
4507 2011
4508 549
4509 549
4510 553
4511 1890
4512 2881
4513 557
4514 2498
4515 557
4516 557
4517 557
4518 557
4519 557
4520 557
4521 2083
4522 562
4523 2274
4524 562
4525 562
4526 562
4527 562
4528 1163
4529 969
4530 2609
4531 562
4532 1116
4533 2013
4534 562
4535 1119
4536 595
4537 562
4538 1172
4539 562
4540 1121
4541 2414
4542 1047
4543 573
4544 573
4545 573
4546 576
4547 578
4548 2496
4549 578
4550 2989
4551 578
4552 2561
4553 1605
4554 1696
4555 578
4556 578
4557 578
4558 899
4559 1413
4560 578
4561 578
4562 2304
4563 1347
4564 578
4565 841
4566 578
4567 578
4568 578
4569 578
4570 578
4571 1352
4572 578
4573 578
4574 1521
4575 578
4576 578
4577 644
4578 578
4579 578
4580 578
4581 578
4582 666
4583 578
4584 1790
4585 579
4586 579
4587 2865
4588 1055
4589 580
4590 2020
4591 580
4592 1653
4593 581
4594 585
4595 585
4596 585
4597 587
4598 1174
4599 1808
4600 909
4601 588
4602 590
4603 2803
4604 590
4605 591
4606 591
4607 711
4608 1441
4609 734
4610 591
4611 602
4612 641
4613 1204
4614 3123
4615 591
4616 593
4617 593
4618 596
4619 596
4620 2849
4621 2461
4622 2744
4623 1181
4624 926
4625 598
4626 1524
4627 598
4628 598
4629 598
4630 1409
4631 599
4632 599
4633 599
4634 808
4635 3091
4636 901
4637 2691
4638 601
4639 2798
4640 1084
4641 601
4642 601
4643 602
4644 602
4645 2641
4646 2420
4647 2107
4648 602
4649 602
4650 2127
4651 1427
4652 3011
4653 1242
4654 2276
4655 602
4656 2592
4657 2303
4658 846
4659 602
4660 2206
4661 740
4662 1074
4663 602
4664 1057
4665 602
4666 1723
4667 602
4668 2431
4669 602
4670 602
4671 602
4672 602
4673 1812
4674 602
4675 602
4676 602
4677 602
4678 602
4679 1326
4680 1019
4681 1059
4682 602
4683 602
4684 2935
4685 1529
4686 2998
4687 3007
4688 2893
4689 1687
4690 602
4691 1819
4692 3043
4693 602
4694 2055
4695 606
4696 606
4697 607
4698 2023
4699 608
4700 1137
4701 608
4702 611
4703 613
4704 1363
4705 613
4706 615
4707 1881
4708 1931
4709 2505
4710 1257
4711 1466
4712 1782
4713 619
4714 619
4715 619
4716 2093
4717 619
4718 917
4719 1371
4720 1437
4721 623
4722 883
4723 3042
4724 625
4725 625
4726 2050
4727 625
4728 1106
4729 2370
4730 1711
4731 633
4732 3003
4733 640
4734 2659
4735 766
4736 641
4737 641
4738 641
4739 642
4740 1168
4741 2522
4742 2158
4743 704
4744 647
4745 2933
4746 647
4747 647
4748 647
4749 1849
4750 2384
4751 1138
4752 2064
4753 654
4754 654
4755 655
4756 3028
4757 662
4758 1274
4759 664
4760 1872
4761 664
4762 664
4763 664
4764 1977
4765 1412
4766 2186
4767 2667
4768 668
4769 693
4770 669
4771 2791
4772 1770
4773 1663
4774 834
4775 2615
4776 1679
4777 675
4778 2832
4779 675
4780 3253
4781 675
4782 2915
4783 1350
4784 1567
4785 675
4786 2541
4787 676
4788 682
4789 682
4790 705
4791 2038
4792 1830
4793 682
4794 996
4795 2593
4796 1946
4797 816
4798 683
4799 683
4800 830
4801 2082
4802 683
4803 683
4804 683
4805 1523
4806 1457
4807 683
4808 683
4809 2095
4810 1864
4811 823
4812 683
4813 1727
4814 1484
4815 683
4816 2326
4817 683
4818 1266
4819 3190
4820 2066
4821 683
4822 2200
4823 1960
4824 1208
4825 1291
4826 685
4827 1061
4828 685
4829 687
4830 688
4831 688
4832 754
4833 695
4834 868
4835 695
4836 787
4837 2818
4838 1900
4839 1225
4840 925
4841 1558
4842 866
4843 2596
4844 3237
4845 695
4846 2997
4847 777
4848 2046
4849 987
4850 696
4851 696
4852 859
4853 950
4854 697
4855 1943
4856 697
4857 697
4858 2425
4859 698
4860 704
4861 704
4862 2417
4863 913
4864 1835
4865 3150
4866 706
4867 784
4868 2261
4869 2752
4870 822
4871 709
4872 800
4873 709
4874 764
4875 710
4876 990
4877 1433
4878 2964
4879 714
4880 1659
4881 714
4882 1400
4883 716
4884 719
4885 721
4886 1461
4887 2073
4888 1836
4889 721
4890 726
4891 726
4892 1101
4893 730
4894 1497
4895 731
4896 734
4897 1270
4898 736
4899 2284
4900 739
4901 739
4902 739
4903 2787
4904 741
4905 897
4906 741
4907 2331
4908 741
4909 1328
4910 741
4911 741
4912 741
4913 2166
4914 3197
4915 743
4916 743
4917 745
4918 746
4919 1690
4920 746
4921 1974
4922 1666
4923 1026
4924 746
4925 746
4926 2171
4927 746
4928 748
4929 1490
4930 2419
4931 748
4932 748
4933 748
4934 748
4935 2619
4936 1891
4937 1382
4938 2097
4939 1165
4940 3214
4941 1238
4942 755
4943 755
4944 755
4945 755
4946 1008
4947 755
4948 1586
4949 1037
4950 755
4951 756
4952 757
4953 757
4954 757
4955 757
4956 1963
4957 1271
4958 2379
4959 760
4960 2678
4961 795
4962 1100
4963 760
4964 2210
4965 760
4966 2795
4967 762
4968 1914
4969 1783
4970 763
4971 1649
4972 856
4973 3243
4974 3256
4975 3281
4976 2162
4977 978
4978 765
4979 767
4980 768
4981 2675
4982 769
4983 2608
4984 770
4985 770
4986 770
4987 770
4988 1545
4989 1198
4990 1904
4991 770
4992 1569
4993 770
4994 770
4995 1281
4996 770
4997 861
4998 770
4999 770
5000 770
5001 770
5002 770
5003 773
5004 3208
5005 2950
5006 777
5007 777
5008 2062
5009 2090
5010 2466
5011 2800
5012 860
5013 777
5014 777
5015 2397
5016 777
5017 2882
5018 777
5019 1383
5020 777
5021 777
5022 783
5023 777
5024 777
5025 3207
5026 777
5027 1405
5028 777
5029 777
5030 777
5031 777
5032 777
5033 778
5034 3192
5035 3171
5036 781
5037 1894
5038 1686
5039 1166
5040 784
5041 789
5042 3149
5043 1487
5044 792
5045 793
5046 794
5047 794
5048 794
5049 794
5050 1450
5051 1919
5052 794
5053 1299
5054 3104
5055 2228
5056 797
5057 1029
5058 2569
5059 1214
5060 797
5061 797
5062 3074
5063 1194
5064 3179
5065 798
5066 2858
5067 1056
5068 2081
5069 798
5070 3085
5071 2554
5072 804
5073 804
5074 2146
5075 807
5076 811
5077 2624
5078 1563
5079 816
5080 816
5081 2715
5082 3109
5083 817
5084 817
5085 1241
5086 1875
5087 2820
5088 2490
5089 823
5090 1920
5091 823
5092 1258
5093 823
5094 2318
5095 1980
5096 825
5097 825
5098 1265
5099 2504
5100 1655
5101 826
5102 2684
5103 2051
5104 2230
5105 830
5106 830
5107 830
5108 830
5109 830
5110 1543
5111 830
5112 830
5113 2191
5114 832
5115 2446
5116 836
5117 841
5118 844
5119 1462
5120 1740
5121 1789
5122 2403
5123 1607
5124 845
5125 845
5126 845
5127 845
5128 845
5129 3099
5130 2769
5131 1482
5132 845
5133 845
5134 3025
5135 846
5136 1786
5137 850
5138 1288
5139 851
5140 851
5141 2856
5142 2345
5143 1677
5144 852
5145 2469
5146 852
5147 3018
5148 1376
5149 2835
5150 1132
5151 856
5152 1689
5153 856
5154 1921
5155 943
5156 2130
5157 1925
5158 857
5159 857
5160 1922
5161 1982
5162 859
5163 2695
5164 864
5165 864
5166 1671
5167 1134
5168 1473
5169 865
5170 1215
5171 867
5172 868
5173 868
5174 1608
5175 1766
5176 874
5177 1538
5178 3227
5179 1738
5180 877
5181 2332
5182 877
5183 878
5184 1307
5185 2116
5186 879
5187 1197
5188 1192
5189 1169
5190 880
5191 1071
5192 882
5193 2250
5194 1797
5195 884
5196 884
5197 888
5198 890
5199 890
5200 2449
5201 891
5202 891
5203 904
5204 891
5205 1771
5206 891
5207 891
5208 2383
5209 891
5210 891
5211 1936
5212 1582
5213 891
5214 891
5215 2287
5216 891
5217 891
5218 891
5219 891
5220 891
5221 893
5222 895
5223 895
5224 895
5225 1688
5226 2173
5227 906
5228 896
5229 896
5230 896
5231 1561
5232 2443
5233 1834
5234 899
5235 3124
5236 1615
5237 1102
5238 899
5239 899
5240 899
5241 899
5242 1839
5243 1814
5244 1761
5245 899
5246 1282
5247 3136
5248 899
5249 1910
5250 899
5251 899
5252 900
5253 903
5254 903
5255 903
5256 1772
5257 1784
5258 905
5259 906
5260 906
5261 906
5262 906
5263 1232
5264 3057
5265 1128
5266 2604
5267 909
5268 912
5269 1916
5270 912
5271 917
5272 917
5273 2205
5274 1039
5275 918
5276 918
5277 918
5278 1847
5279 2042
5280 918
5281 1991
5282 920
5283 922
5284 2456
5285 925
5286 2003
5287 1511
5288 2548
5289 929
5290 929
5291 2184
5292 1380
5293 1665
5294 1418
5295 932
5296 2688
5297 1941
5298 1767
5299 2968
5300 1436
5301 2389
5302 936
5303 940
5304 940
5305 1987
5306 2349
5307 940
5308 2126
5309 1397
5310 1244
5311 3102
5312 940
5313 940
5314 940
5315 940
5316 2571
5317 940
5318 2885
5319 1280
5320 940
5321 3019
5322 941
5323 954
5324 991
5325 942
5326 2677
5327 942
5328 942
5329 942
5330 1578
5331 1638
5332 947
5333 3251
5334 948
5335 1929
5336 1539
5337 2953
5338 952
5339 952
5340 952
5341 1566
5342 952
5343 2199
5344 953
5345 953
5346 1322
5347 953
5348 953
5349 2018
5350 953
5351 1651
5352 958
5353 961
5354 3041
5355 962
5356 1091
5357 964
5358 964
5359 964
5360 1144
5361 964
5362 1898
5363 970
5364 970
5365 970
5366 970
5367 1345
5368 971
5369 3055
5370 2256
5371 973
5372 974
5373 974
5374 2072
5375 2582
5376 1673
5377 976
5378 1958
5379 978
5380 978
5381 978
5382 1023
5383 1314
5384 987
5385 2826
5386 987
5387 988
5388 1389
5389 988
5390 988
5391 2141
5392 1392
5393 2961
5394 2896
5395 991
5396 1485
5397 993
5398 1530
5399 994
5400 994
5401 3158
5402 994
5403 994
5404 995
5405 3265
5406 996
5407 997
5408 2983
5409 1000
5410 1000
5411 1000
5412 1000
5413 1005
5414 1005
5415 1179
5416 1005
5417 1005
5418 1005
5419 1005
5420 1005
5421 1759
5422 1455
5423 1005
5424 1329
5425 2324
5426 1007
5427 1008
5428 1009
5429 1022
5430 1015
5431 2468
5432 2934
5433 1022
5434 1022
5435 1022
5436 1022
5437 1022
5438 1022
5439 1022
5440 1022
5441 1579
5442 1023
5443 1023
5444 1046
5445 1023
5446 1023
5447 1023
5448 2243
5449 1023
5450 1146
5451 1023
5452 1070
5453 1087
5454 1024
5455 1024
5456 1025
5457 1027
5458 3127
5459 1318
5460 1029
5461 1262
5462 2780
5463 1029
5464 1111
5465 2959
5466 3160
5467 1597
5468 1036
5469 1066
5470 1591
5471 1040
5472 1040
5473 1042
5474 1229
5475 1209
5476 1064
5477 1044
5478 1044
5479 1493
5480 1044
5481 2703
5482 1044
5483 1660
5484 2242
5485 1885
5486 3290
5487 1044
5488 1044
5489 1629
5490 3249
5491 1048
5492 1048
5493 1550
5494 1051
5495 1052
5496 2137
5497 1053
5498 3064
5499 3146
5500 1211
5501 1054
5502 1054
5503 1515
5504 1827
5505 1056
5506 1056
5507 1056
5508 1062
5509 2006
5510 1939
5511 2529
5512 2991
5513 2475
5514 1067
5515 1599
5516 2054
5517 1068
5518 2138
5519 1156
5520 1069
5521 1073
5522 2218
5523 1075
5524 1075
5525 2970
5526 3270
5527 1075
5528 1075
5529 3098
5530 2240
5531 1075
5532 2222
5533 1077
5534 3081
5535 1823
5536 1077
5537 1077
5538 1077
5539 2911
5540 1077
5541 1419
5542 2542
5543 1717
5544 2467
5545 1077
5546 1077
5547 1077
5548 1077
5549 1334
5550 1077
5551 1077
5552 1077
5553 1077
5554 1086
5555 2910
5556 1087
5557 1162
5558 2887
5559 3165
5560 1988
5561 1092
5562 2663
5563 2711
5564 2520
5565 1720
5566 1092
5567 1092
5568 1092
5569 2850
5570 1092
5571 1094
5572 1095
5573 1095
5574 1096
5575 1099
5576 1100
5577 2549
5578 1895
5579 1100
5580 1100
5581 1101
5582 1355
5583 1748
5584 1107
5585 2718
5586 1781
5587 1294
5588 3178
5589 1110
5590 1112
5591 1112
5592 1246
5593 1118
5594 1118
5595 1682
5596 1118
5597 2943
5598 1118
5599 1118
5600 1118
5601 1118
5602 1118
5603 2301
5604 3140
5605 1118
5606 1340
5607 3162
5608 2986
5609 1122
5610 1912
5611 2981
5612 1263
5613 1124
5614 1126
5615 1139
5616 1127
5617 3268
5618 1131
5619 1133
5620 1870
5621 3269
5622 1133
5623 1133
5624 1302
5625 1456
5626 1135
5627 1136
5628 1136
5629 1746
5630 1136
5631 1136
5632 2413
5633 1136
5634 1136
5635 1136
5636 1136
5637 1136
5638 1852
5639 1136
5640 1136
5641 1136
5642 1136
5643 3247
5644 3193
5645 2500
5646 1170
5647 1136
5648 3183
5649 1136
5650 2187
5651 1136
5652 2089
5653 1136
5654 1325
5655 1138
5656 1138
5657 1924
5658 1139
5659 1315
5660 1236
5661 1140
5662 1141
5663 2586
5664 1142
5665 1428
5666 1791
5667 1855
5668 1147
5669 3000
5670 1207
5671 1147
5672 1609
5673 1147
5674 1147
5675 1147
5676 1147
5677 2142
5678 1147
5679 1749
5680 1700
5681 1147
5682 1306
5683 2247
5684 1861
5685 1148
5686 1724
5687 1151
5688 1151
5689 1153
5690 1153
5691 1153
5692 1153
5693 2365
5694 1158
5695 1159
5696 1844
5697 1178
5698 2315
5699 1161
5700 2245
5701 2536
5702 1161
5703 1161
5704 1395
5705 1161
5706 1161
5707 1617
5708 1620
5709 2984
5710 1161
5711 1161
5712 2117
5713 1161
5714 2347
5715 1161
5716 1161
5717 1161
5718 1161
5719 1701
5720 1162
5721 2713
5722 1162
5723 1162
5724 1560
5725 1164
5726 1165
5727 1165
5728 1165
5729 1316
5730 2104
5731 1167
5732 2290
5733 1172
5734 2015
5735 1173
5736 1177
5737 1178
5738 1178
5739 1182
5740 1182
5741 1600
5742 1182
5743 1182
5744 1188
5745 1191
5746 1195
5747 1195
5748 1195
5749 1195
5750 1195
5751 2988
5752 3217
5753 1198
5754 1198
5755 1199
5756 1803
5757 1470
5758 1202
5759 2237
5760 1203
5761 1203
5762 1203
5763 1742
5764 1204
5765 1207
5766 1207
5767 1207
5768 1713
5769 1207
5770 1207
5771 2061
5772 1207
5773 1207
5774 1785
5775 2580
5776 1207
5777 2869
5778 1207
5779 1207
5780 2427
5781 1207
5782 1207
5783 1309
5784 2499
5785 1574
5786 1211
5787 1212
5788 1212
5789 2307
5790 1843
5791 1216
5792 1703
5793 1218
5794 1284
5795 2746
5796 1220
5797 1222
5798 1222
5799 1224
5800 1228
5801 1913
5802 1230
5803 1232
5804 1311
5805 2108
5806 1232
5807 1232
5808 1232
5809 1233
5810 1381
5811 1353
5812 1527
5813 1534
5814 2568
5815 2265
5816 2476
5817 1236
5818 1237
5819 3235
5820 1237
5821 1390
5822 1866
5823 2031
5824 2458
5825 1242
5826 1842
5827 2065
5828 1245
5829 1245
5830 1246
5831 1248
5832 1250
5833 3177
5834 1540
5835 1250
5836 2406
5837 1250
5838 1250
5839 1250
5840 1250
5841 1792
5842 2223
5843 2864
5844 1250
5845 2765
5846 2612
5847 1250
5848 1250
5849 2078
5850 1250
5851 1250
5852 1250
5853 1250
5854 1250
5855 1926
5856 1250
5857 1250
5858 2705
5859 1250
5860 1250
5861 1250
5862 1250
5863 2647
5864 1250
5865 1503
5866 1250
5867 1252
5868 1252
5869 1252
5870 1252
5871 1252
5872 2754
5873 1692
5874 1252
5875 2453
5876 1505
5877 3088
5878 2246
5879 1256
5880 1258
5881 1259
5882 1266
5883 1266
5884 1266
5885 2857
5886 1415
5887 1424
5888 1266
5889 1266
5890 1266
5891 1752
5892 2154
5893 1266
5894 1374
5895 1266
5896 1266
5897 3238
5898 2432
5899 2635
5900 1266
5901 3093
5902 1266
5903 1266
5904 1266
5905 2871
5906 1266
5907 1266
5908 1330
5909 3056
5910 1266
5911 1266
5912 2441
5913 1431
5914 2033
5915 1421
5916 2109
5917 2041
5918 1273
5919 1684
5920 3216
5921 3271
5922 1276
5923 2244
5924 1277
5925 1277
5926 1277
5927 1942
5928 1277
5929 2517
5930 1277
5931 1277
5932 2872
5933 1280
5934 1769
5935 1281
5936 1282
5937 1286
5938 1506
5939 2506
5940 1516
5941 1865
5942 2344
5943 2613
5944 1292
5945 1293
5946 2118
5947 1296
5948 1296
5949 1296
5950 1299
5951 1299
5952 1650
5953 1300
5954 1301
5955 3075
5956 1301
5957 1372
5958 1304
5959 1546
5960 2513
5961 1757
5962 1339
5963 1308
5964 1308
5965 1308
5966 2316
5967 1310
5968 1311
5969 1377
5970 1312
5971 2694
5972 2942
5973 1314
5974 2945
5975 1314
5976 2866
5977 1314
5978 2004
5979 1469
5980 1315
5981 1315
5982 2527
5983 1315
5984 2052
5985 1315
5986 1321
5987 1315
5988 1316
5989 1442
5990 2661
5991 1321
5992 1321
5993 1321
5994 1322
5995 2760
5996 2393
5997 1327
5998 1328
5999 1961
6000 1329
6001 1329
6002 1329
6003 1329
6004 1329
6005 1329
6006 1329
6007 1329
6008 1330
6009 2075
6010 2583
6011 1909
6012 3200
6013 1331
6014 1331
6015 1331
6016 1331
6017 2068
6018 1331
6019 1513
6020 3054
6021 1331
6022 1434
6023 2817
6024 2669
6025 1331
6026 2399
6027 1331
6028 2734
6029 1331
6030 1447
6031 2310
6032 2730
6033 1331
6034 1331
6035 1333
6036 2308
6037 1333
6038 1531
6039 3026
6040 1333
6041 2381
6042 3008
6043 1335
6044 1335
6045 1335
6046 1335
6047 1335
6048 2439
6049 1496
6050 1340
6051 1342
6052 1343
6053 1401
6054 1416
6055 1346
6056 1347
6057 1813
6058 1347
6059 1352
6060 1353
6061 1358
6062 1735
6063 1363
6064 2710
6065 1625
6066 2653
6067 1367
6068 1367
6069 1367
6070 1367
6071 2208
6072 1369
6073 2670
6074 1369
6075 1370
6076 1370
6077 1370
6078 1372
6079 1372
6080 1372
6081 2775
6082 2235
6083 1372
6084 1372
6085 2811
6086 2091
6087 1374
6088 1374
6089 1374
6090 1374
6091 1374
6092 2597
6093 1374
6094 1374
6095 1374
6096 1374
6097 2437
6098 1374
6099 1374
6100 2044
6101 1374
6102 1374
6103 1374
6104 2314
6105 1374
6106 1374
6107 1374
6108 1374
6109 1374
6110 1572
6111 1374
6112 1374
6113 1374
6114 1374
6115 1374
6116 1374
6117 1374
6118 1374
6119 1613
6120 1716
6121 1374
6122 2435
6123 1374
6124 2575
6125 3083
6126 1793
6127 1378
6128 1815
6129 1381
6130 1381
6131 1382
6132 1384
6133 1384
6134 1384
6135 3240
6136 1387
6137 1622
6138 1474
6139 1393
6140 1393
6141 1394
6142 2150
6143 1394
6144 1394
6145 2957
6146 1553
6147 1850
6148 1402
6149 1402
6150 1404
6151 3260
6152 1406
6153 1851
6154 2979
6155 3039
6156 1408
6157 2277
6158 1408
6159 1408
6160 1408
6161 1995
6162 1409
6163 1763
6164 1409
6165 1409
6166 2002
6167 3218
6168 1409
6169 1410
6170 1412
6171 2005
6172 1413
6173 1935
6174 2545
6175 1415
6176 1416
6177 1417
6178 3070
6179 1417
6180 1417
6181 1417
6182 2410
6183 1417
6184 2487
6185 1417
6186 1417
6187 1417
6188 1417
6189 1417
6190 1417
6191 1417
6192 1417
6193 1417
6194 1417
6195 1417
6196 1956
6197 2161
6198 1417
6199 1417
6200 1417
6201 1417
6202 1417
6203 1417
6204 1417
6205 1417
6206 1417
6207 1443
6208 1428
6209 1428
6210 1428
6211 3185
6212 1428
6213 1428
6214 1428
6215 1429
6216 2400
6217 1429
6218 1429
6219 1430
6220 3009
6221 1433
6222 1433
6223 3134
6224 1633
6225 1436
6226 1436
6227 1437
6228 2697
6229 1439
6230 1439
6231 1439
6232 2696
6233 1439
6234 1439
6235 1439
6236 1439
6237 1439
6238 1439
6239 1828
6240 2700
6241 1439
6242 1440
6243 1442
6244 1443
6245 1444
6246 2337
6247 1445
6248 1445
6249 2625
6250 1445
6251 1448
6252 2451
6253 1454
6254 1754
6255 1456
6256 1456
6257 1456
6258 1457
6259 1902
6260 1457
6261 1552
6262 1845
6263 3211
6264 3014
6265 1460
6266 1463
6267 1463
6268 1463
6269 1463
6270 1467
6271 1968
6272 2198
6273 1694
6274 1471
6275 3157
6276 3145
6277 1899
6278 1472
6279 1869
6280 1472
6281 1474
6282 1474
6283 1476
6284 1476
6285 2829
6286 3107
6287 1476
6288 2916
6289 1477
6290 3246
6291 1479
6292 1726
6293 1481
6294 1481
6295 1481
6296 2028
6297 1481
6298 1481
6299 1484
6300 1484
6301 2298
6302 2182
6303 1484
6304 1484
6305 2026
6306 1484
6307 1484
6308 2270
6309 1484
6310 1484
6311 1484
6312 2102
6313 1484
6314 1484
6315 1484
6316 1484
6317 1484
6318 1484
6319 1484
6320 3142
6321 1760
6322 2327
6323 1484
6324 1484
6325 1484
6326 2722
6327 1484
6328 1484
6329 1485
6330 1485
6331 1486
6332 3040
6333 2336
6334 1497
6335 1497
6336 2566
6337 2386
6338 2815
6339 1497
6340 1497
6341 2239
6342 2918
6343 1497
6344 1497
6345 1497
6346 1497
6347 1499
6348 2531
6349 1499
6350 1499
6351 1499
6352 1499
6353 1499
6354 1499
6355 1499
6356 1499
6357 1499
6358 1499
6359 1499
6360 1499
6361 1499
6362 1499
6363 1500
6364 1501
6365 1501
6366 1501
6367 2045
6368 1501
6369 2898
6370 1503
6371 2207
6372 3266
6373 1837
6374 2373
6375 1505
6376 1506
6377 1507
6378 1507
6379 1934
6380 1509
6381 1509
6382 1509
6383 3089
6384 1509
6385 1511
6386 3168
6387 1511
6388 3031
6389 1511
6390 1511
6391 1511
6392 1513
6393 1513
6394 1513
6395 1515
6396 1562
6397 1515
6398 1515
6399 1515
6400 1516
6401 1516
6402 1518
6403 2272
6404 1520
6405 1524
6406 1527
6407 1527
6408 1529
6409 3282
6410 2440
6411 1529
6412 1529
6413 1529
6414 1529
6415 1529
6416 1529
6417 3137
6418 1531
6419 1531
6420 2372
6421 1535
6422 1535
6423 1536
6424 1537
6425 1537
6426 2755
6427 1538
6428 1542
6429 2257
6430 1545
6431 1546
6432 1546
6433 1548
6434 1548
6435 1883
6436 1550
6437 1550
6438 1550
6439 1552
6440 1552
6441 1552
6442 2654
6443 2241
6444 2843
6445 1552
6446 2863
6447 1552
6448 2249
6449 1552
6450 1552
6451 1552
6452 2129
6453 1552
6454 1552
6455 1552
6456 2077
6457 1552
6458 1554
6459 3159
6460 1555
6461 1556
6462 1556
6463 1556
6464 2764
6465 1557
6466 1557
6467 1558
6468 1639
6469 1558
6470 1558
6471 1558
6472 2823
6473 1559
6474 1573
6475 1722
6476 3116
6477 1560
6478 1560
6479 1560
6480 1561
6481 1561
6482 1562
6483 1616
6484 2748
6485 3153
6486 1564
6487 1564
6488 1564
6489 1732
6490 1564
6491 1564
6492 1564
6493 1564
6494 1564
6495 1564
6496 2884
6497 2778
6498 1567
6499 3117
6500 2145
6501 1569
6502 1569
6503 1569
6504 1569
6505 2010
6506 1611
6507 3267
6508 1570
6509 1571
6510 2751
6511 2603
6512 1571
6513 2845
6514 1571
6515 1571
6516 1572
6517 3128
6518 1575
6519 1575
6520 1577
6521 1578
6522 1578
6523 1578
6524 1578
6525 2644
6526 1578
6527 1578
6528 1580
6529 1580
6530 1964
6531 1587
6532 1587
6533 1587
6534 1587
6535 2555
6536 1587
6537 1588
6538 1741
6539 1588
6540 2788
6541 1588
6542 3278
6543 1588
6544 2611
6545 1715
6546 3015
6547 1589
6548 2539
6549 1589
6550 2909
6551 1589
6552 1589
6553 2457
6554 1589
6555 1589
6556 1589
6557 1745
6558 1589
6559 1589
6560 1589
6561 1589
6562 1593
6563 2949
6564 1594
6565 3172
6566 1594
6567 1594
6568 2354
6569 2119
6570 1595
6571 1599
6572 1601
6573 1603
6574 1603
6575 1603
6576 1605
6577 1605
6578 1833
6579 2378
6580 1606
6581 1606
6582 1606
6583 1606
6584 1608
6585 3095
6586 1608
6587 1608
6588 2922
6589 1608
6590 1608
6591 2047
6592 2929
6593 1608
6594 2120
6595 1608
6596 2717
6597 1608
6598 1994
6599 1608
6600 1608
6601 1608
6602 1608
6603 1608
6604 2181
6605 1608
6606 3061
6607 1609
6608 1611
6609 1611
6610 1612
6611 2804
6612 1613
6613 1615
6614 1615
6615 1617
6616 1617
6617 3133
6618 1618
6619 1618
6620 1618
6621 1618
6622 1618
6623 1618
6624 2280
6625 1621
6626 1621
6627 2043
6628 1621
6629 1621
6630 3280
6631 1621
6632 1621
6633 2852
6634 1622
6635 1622
6636 1997
6637 1622
6638 2101
6639 1622
6640 1878
6641 1624
6642 1627
6643 2739
6644 2948
6645 1633
6646 1989
6647 1832
6648 2732
6649 1638
6650 1642
6651 1642
6652 1647
6653 1647
6654 2969
6655 2657
6656 1647
6657 1728
6658 1810
6659 1652
6660 1653
6661 2801
6662 3161
6663 1708
6664 2584
6665 1671
6666 1671
6667 1672
6668 2790
6669 1678
6670 1678
6671 1679
6672 2766
6673 1680
6674 1681
6675 2375
6676 1681
6677 1683
6678 1684
6679 1684
6680 1685
6681 1686
6682 3152
6683 1739
6684 2125
6685 1831
6686 1689
6687 1689
6688 1689
6689 1821
6690 2682
6691 1689
6692 1689
6693 1689
6694 1689
6695 1689
6696 1689
6697 1689
6698 1689
6699 1952
6700 1689
6701 1689
6702 1689
6703 1693
6704 1693
6705 3254
6706 1800
6707 1694
6708 1694
6709 2709
6710 1694
6711 1694
6712 1696
6713 2747
6714 1862
6715 1698
6716 1698
6717 3097
6718 1698
6719 1699
6720 1699
6721 1700
6722 1701
6723 1701
6724 1703
6725 1703
6726 1703
6727 1703
6728 1703
6729 2424
6730 2253
6731 2880
6732 2387
6733 2572
6734 1708
6735 1708
6736 2716
6737 3068
6738 1967
6739 1721
6740 1721
6741 1721
6742 2238
6743 1721
6744 1723
6745 1726
6746 1726
6747 1727
6748 1727
6749 1727
6750 1727
6751 1727
6752 1727
6753 1727
6754 1727
6755 1727
6756 1727
6757 1727
6758 1727
6759 1727
6760 1727
6761 2076
6762 1728
6763 1728
6764 2982
6765 1731
6766 1732
6767 1736
6768 2059
6769 3079
6770 3274
6771 1739
6772 1739
6773 1739
6774 1742
6775 1742
6776 1742
6777 2434
6778 1743
6779 1743
6780 1743
6781 1745
6782 2151
6783 1749
6784 2985
6785 1753
6786 2000
6787 1753
6788 2847
6789 1824
6790 1753
6791 1753
6792 2636
6793 2726
6794 1759
6795 1759
6796 2883
6797 1759
6798 1759
6799 2786
6800 1759
6801 1759
6802 1759
6803 1759
6804 1759
6805 1759
6806 1759
6807 1759
6808 1763
6809 1764
6810 1764
6811 2577
6812 3035
6813 3058
6814 1764
6815 1765
6816 1765
6817 2036
6818 1766
6819 1769
6820 2551
6821 1772
6822 1776
6823 3022
6824 1778
6825 1779
6826 1782
6827 1784
6828 2698
6829 1786
6830 2927
6831 2012
6832 1790
6833 1790
6834 1877
6835 2955
6836 1790
6837 1792
6838 1793
6839 2860
6840 2021
6841 1796
6842 1796
6843 1796
6844 3241
6845 1797
6846 1797
6847 2594
6848 1801
6849 1801
6850 2032
6851 2972
6852 2723
6853 1801
6854 1801
6855 2640
6856 1801
6857 2355
6858 1803
6859 1804
6860 1804
6861 1805
6862 1805
6863 2123
6864 1807
6865 1809
6866 1812
6867 1812
6868 1816
6869 1817
6870 1821
6871 1897
6872 1821
6873 1821
6874 1821
6875 2416
6876 1822
6877 3229
6878 2891
6879 1823
6880 2821
6881 1824
6882 1825
6883 1826
6884 2743
6885 2189
6886 1831
6887 1832
6888 1832
6889 1832
6890 1832
6891 1838
6892 1838
6893 1838
6894 1838
6895 1840
6896 1923
6897 1841
6898 1841
6899 1842
6900 2508
6901 1843
6902 1844
6903 1896
6904 1844
6905 1844
6906 1844
6907 1844
6908 1844
6909 1844
6910 1847
6911 1847
6912 1848
6913 1852
6914 1853
6915 1857
6916 1857
6917 1859
6918 1859
6919 2415
6920 1867
6921 1861
6922 1861
6923 1861
6924 1861
6925 3286
6926 2848
6927 1861
6928 1861
6929 1864
6930 1864
6931 1864
6932 1870
6933 2156
6934 2348
6935 1870
6936 1870
6937 1870
6938 2335
6939 1870
6940 1870
6941 3138
6942 1874
6943 1876
6944 1876
6945 1876
6946 1876
6947 1876
6948 1876
6949 1876
6950 1876
6951 1877
6952 1877
6953 1947
6954 1877
6955 1928
6956 2907
6957 2300
6958 1878
6959 1882
6960 1883
6961 1883
6962 1883
6963 2767
6964 1885
6965 1887
6966 3191
6967 1887
6968 1887
6969 1887
6970 1891
6971 1891
6972 1892
6973 1893
6974 1895
6975 1898
6976 1899
6977 1899
6978 2834
6979 2385
6980 1899
6981 1899
6982 1905
6983 1899
6984 2560
6985 1900
6986 1900
6987 2537
6988 1900
6989 1900
6990 1902
6991 1902
6992 1902
6993 1904
6994 2418
6995 1965
6996 2060
6997 2797
6998 1910
6999 1910
7000 1910
7001 1911
7002 1911
7003 3257
7004 2605
7005 1911
7006 1915
7007 2567
7008 2621
7009 1919
7010 2346
7011 1919
7012 1920
7013 1920
7014 1923
7015 1940
7016 2651
7017 1993
7018 1925
7019 1933
7020 2553
7021 1934
7022 1934
7023 1934
7024 3147
7025 1940
7026 1940
7027 2330
7028 2029
7029 2681
7030 2339
7031 3176
7032 1943
7033 1943
7034 1943
7035 1943
7036 1943
7037 2971
7038 2325
7039 1943
7040 2376
7041 2143
7042 1943
7043 1943
7044 1943
7045 1943
7046 1946
7047 1946
7048 1946
7049 1946
7050 1950
7051 1950
7052 2168
7053 1953
7054 1954
7055 2136
7056 1956
7057 1956
7058 1957
7059 1957
7060 3141
7061 2409
7062 1957
7063 1957
7064 1957
7065 1957
7066 1957
7067 1957
7068 1957
7069 1957
7070 1957
7071 2658
7072 2758
7073 3096
7074 1957
7075 1957
7076 1957
7077 2650
7078 1957
7079 1957
7080 2473
7081 1957
7082 1957
7083 1957
7084 1957
7085 2096
7086 1957
7087 1957
7088 1957
7089 2445
7090 1957
7091 1957
7092 1959
7093 1959
7094 1959
7095 1959
7096 1959
7097 1959
7098 1959
7099 1959
7100 3103
7101 1960
7102 1961
7103 2563
7104 1961
7105 1961
7106 1961
7107 1961
7108 1961
7109 1961
7110 1961
7111 1961
7112 2371
7113 1962
7114 2217
7115 2133
7116 3002
7117 1971
7118 1971
7119 1971
7120 1971
7121 1972
7122 1972
7123 1972
7124 1972
7125 1972
7126 1972
7127 2302
7128 1974
7129 2895
7130 1974
7131 1974
7132 1974
7133 1974
7134 1974
7135 1974
7136 2027
7137 1974
7138 1974
7139 2665
7140 1974
7141 1974
7142 1974
7143 3119
7144 2946
7145 1974
7146 1974
7147 1974
7148 1974
7149 1974
7150 1978
7151 2147
7152 1978
7153 1978
7154 1978
7155 1978
7156 1978
7157 1978
7158 2494
7159 2932
7160 2579
7161 1985
7162 3024
7163 1987
7164 1988
7165 1988
7166 1988
7167 1988
7168 1988
7169 1992
7170 1992
7171 1992
7172 1992
7173 1992
7174 1992
7175 1992
7176 3072
7177 2876
7178 1992
7179 1992
7180 2639
7181 1992
7182 1992
7183 1992
7184 1992
7185 1992
7186 1992
7187 1993
7188 1993
7189 1993
7190 1993
7191 3201
7192 3120
7193 1993
7194 1993
7195 1993
7196 1993
7197 1993
7198 1993
7199 1993
7200 1993
7201 2524
7202 1993
7203 1993
7204 1993
7205 1993
7206 1993
7207 1993
7208 1993
7209 3175
7210 1993
7211 1993
7212 1993
7213 1993
7214 1993
7215 1993
7216 1993
7217 1993
7218 1993
7219 1993
7220 2007
7221 1993
7222 1993
7223 1993
7224 2438
7225 1993
7226 2660
7227 2153
7228 2328
7229 1995
7230 1995
7231 1995
7232 1995
7233 1995
7234 1995
7235 1995
7236 1995
7237 2965
7238 1995
7239 2819
7240 1998
7241 1998
7242 1998
7243 2003
7244 2003
7245 2010
7246 2930
7247 2589
7248 2010
7249 2010
7250 2010
7251 2010
7252 2010
7253 2010
7254 2010
7255 2010
7256 2623
7257 2010
7258 2010
7259 2010
7260 2010
7261 2010
7262 2010
7263 2011
7264 2757
7265 3111
7266 2012
7267 2012
7268 2012
7269 2012
7270 2015
7271 2016
7272 3194
7273 2017
7274 2017
7275 2017
7276 2018
7277 2019
7278 2019
7279 2023
7280 2023
7281 2025
7282 2025
7283 2025
7284 2026
7285 2026
7286 2026
7287 2028
7288 2028
7289 2028
7290 2028
7291 2115
7292 2341
7293 2032
7294 2032
7295 2034
7296 3272
7297 2035
7298 2037
7299 2281
7300 2040
7301 2672
7302 2045
7303 2047
7304 2047
7305 2047
7306 2047
7307 2047
7308 2047
7309 2047
7310 2047
7311 2047
7312 3248
7313 2047
7314 2047
7315 2047
7316 2047
7317 2047
7318 2047
7319 2047
7320 2047
7321 2047
7322 2047
7323 2047
7324 2047
7325 3222
7326 2047
7327 2047
7328 2047
7329 2047
7330 2047
7331 2047
7332 2047
7333 2047
7334 2426
7335 3204
7336 2047
7337 2047
7338 2047
7339 2047
7340 2047
7341 2894
7342 2047
7343 2111
7344 2047
7345 2047
7346 3223
7347 2047
7348 2047
7349 2047
7350 2047
7351 2047
7352 2195
7353 2047
7354 3113
7355 2047
7356 2047
7357 2047
7358 2047
7359 2047
7360 2047
7361 2047
7362 2047
7363 2047
7364 2735
7365 2047
7366 2643
7367 2047
7368 2047
7369 2047
7370 2047
7371 2047
7372 2047
7373 2047
7374 2047
7375 3060
7376 2047
7377 2047
7378 2134
7379 2483
7380 2047
7381 2047
7382 2047
7383 2047
7384 2047
7385 2047
7386 2047
7387 2047
7388 2047
7389 2048
7390 2049
7391 3032
7392 2049
7393 2051
7394 2051
7395 2052
7396 2052
7397 2053
7398 2053
7399 2054
7400 2054
7401 2057
7402 2063
7403 2064
7404 3076
7405 2064
7406 2064
7407 2065
7408 2066
7409 2224
7410 2070
7411 2074
7412 2074
7413 2074
7414 2074
7415 2074
7416 2074
7417 3224
7418 2074
7419 2074
7420 2452
7421 2074
7422 2074
7423 2074
7424 2074
7425 2074
7426 2074
7427 2074
7428 2074
7429 2074
7430 2074
7431 2074
7432 2074
7433 2074
7434 2074
7435 2074
7436 2078
7437 2299
7438 2078
7439 2078
7440 2078
7441 2078
7442 2078
7443 2078
7444 2078
7445 2078
7446 2081
7447 2081
7448 2083
7449 2083
7450 2083
7451 2084
7452 2086
7453 2087
7454 2088
7455 2088
7456 2089
7457 2089
7458 2089
7459 2091
7460 2480
7461 2091
7462 2091
7463 2092
7464 2092
7465 2092
7466 2092
7467 2092
7468 2092
7469 2092
7470 2095
7471 2095
7472 2236
7473 2097
7474 2097
7475 2098
7476 2098
7477 2100
7478 2100
7479 2100
7480 2100
7481 2100
7482 2100
7483 2100
7484 2100
7485 2100
7486 2100
7487 2100
7488 2101
7489 2101
7490 2104
7491 2105
7492 2105
7493 3063
7494 2105
7495 2106
7496 2140
7497 2106
7498 2106
7499 2106
7500 2107
7501 2662
7502 2110
7503 2773
7504 3053
7505 2110
7506 2159
7507 2110
7508 2110
7509 2928
7510 2110
7511 3005
7512 2110
7513 2110
7514 2110
7515 2188
7516 2110
7517 2110
7518 2110
7519 2110
7520 2110
7521 2110
7522 2110
7523 3130
7524 2110
7525 2110
7526 2436
7527 2110
7528 2110
7529 2110
7530 2110
7531 2110
7532 2110
7533 2110
7534 2110
7535 2110
7536 2110
7537 2110
7538 2919
7539 2110
7540 2920
7541 2429
7542 2110
7543 2110
7544 2897
7545 2110
7546 2110
7547 2160
7548 2110
7549 2110
7550 2110
7551 2110
7552 2110
7553 2110
7554 2110
7555 2805
7556 2110
7557 2110
7558 2110
7559 2110
7560 2110
7561 2110
7562 2110
7563 2912
7564 2110
7565 2564
7566 2110
7567 2110
7568 3001
7569 2167
7570 2110
7571 2110
7572 2122
7573 2110
7574 2110
7575 2110
7576 2110
7577 2110
7578 2124
7579 2110
7580 2110
7581 2110
7582 2110
7583 2110
7584 2110
7585 2110
7586 2110
7587 2110
7588 2110
7589 2110
7590 2110
7591 2110
7592 2110
7593 2110
7594 2110
7595 2110
7596 2279
7597 2295
7598 2110
7599 2789
7600 2110
7601 2110
7602 2110
7603 2646
7604 2110
7605 2740
7606 2110
7607 3101
7608 2110
7609 2110
7610 2110
7611 3255
7612 2514
7613 2448
7614 2110
7615 2110
7616 2110
7617 2110
7618 2810
7619 2110
7620 2994
7621 2110
7622 2110
7623 2110
7624 2110
7625 2110
7626 2110
7627 2110
7628 2110
7629 2110
7630 2110
7631 2110
7632 2110
7633 2110
7634 2110
7635 2110
7636 2530
7637 2110
7638 2110
7639 2110
7640 2110
7641 2110
7642 2110
7643 2110
7644 2559
7645 2110
7646 2110
7647 2110
7648 2777
7649 2110
7650 2110
7651 2110
7652 2482
7653 2523
7654 2110
7655 2110
7656 2110
7657 2110
7658 2110
7659 2110
7660 2113
7661 2209
7662 2110
7663 2263
7664 2110
7665 2110
7666 2110
7667 3092
7668 2110
7669 2110
7670 2693
7671 2645
7672 2113
7673 2113
7674 2113
7675 2116
7676 2116
7677 2116
7678 2116
7679 2590
7680 2116
7681 2117
7682 2119
7683 2544
7684 3279
7685 2122
7686 2123
7687 2123
7688 2123
7689 2126
7690 2127
7691 2127
7692 3276
7693 2127
7694 2127
7695 2395
7696 2902
7697 2127
7698 2127
7699 2128
7700 2128
7701 2128
7702 2134
7703 2783
7704 2136
7705 2136
7706 2138
7707 2138
7708 2138
7709 2139
7710 2139
7711 2139
7712 2139
7713 2141
7714 2143
7715 2144
7716 2146
7717 3234
7718 2146
7719 2146
7720 2146
7721 2146
7722 2146
7723 2146
7724 2148
7725 2148
7726 2148
7727 2219
7728 2149
7729 2149
7730 3148
7731 2526
7732 2149
7733 2149
7734 2156
7735 2156
7736 2156
7737 2156
7738 2156
7739 2156
7740 2158
7741 2158
7742 2163
7743 2286
7744 2166
7745 2166
7746 2166
7747 2167
7748 2175
7749 2175
7750 2175
7751 2175
7752 2538
7753 2176
7754 2177
7755 2177
7756 2177
7757 2629
7758 2465
7759 2177
7760 2177
7761 2177
7762 2177
7763 2177
7764 2177
7765 2177
7766 2177
7767 2177
7768 2177
7769 2177
7770 2177
7771 2177
7772 2178
7773 2721
7774 2183
7775 2183
7776 2183
7777 2412
7778 2183
7779 2183
7780 2183
7781 2183
7782 2183
7783 2388
7784 2185
7785 2185
7786 2185
7787 2185
7788 2973
7789 2189
7790 2573
7791 2191
7792 2191
7793 2191
7794 2191
7795 2194
7796 3122
7797 2195
7798 2195
7799 2195
7800 2195
7801 2195
7802 2195
7803 3125
7804 2557
7805 2197
7806 2197
7807 2198
7808 2198
7809 2199
7810 2204
7811 2486
7812 2816
7813 2207
7814 2209
7815 2212
7816 3225
7817 2212
7818 3154
7819 3112
7820 2380
7821 2216
7822 2217
7823 2221
7824 2224
7825 3226
7826 2227
7827 2228
7828 2228
7829 3084
7830 2254
7831 2501
7832 2230
7833 2813
7834 2231
7835 2231
7836 2231
7837 2231
7838 2232
7839 2233
7840 2234
7841 2236
7842 2236
7843 2236
7844 2236
7845 2236
7846 3188
7847 2236
7848 2236
7849 2236
7850 2236
7851 2236
7852 2236
7853 2237
7854 2237
7855 2240
7856 2240
7857 2240
7858 2240
7859 2240
7860 2240
7861 2240
7862 2367
7863 2240
7864 2240
7865 2240
7866 2240
7867 2442
7868 2240
7869 2242
7870 2704
7871 2251
7872 2251
7873 2251
7874 2252
7875 2254
7876 2254
7877 2256
7878 2256
7879 2258
7880 2261
7881 2261
7882 2262
7883 2263
7884 2264
7885 2269
7886 2269
7887 2825
7888 2271
7889 2272
7890 2272
7891 2900
7892 2272
7893 2272
7894 2272
7895 2689
7896 2275
7897 2497
7898 2276
7899 2276
7900 2276
7901 2276
7902 3118
7903 2279
7904 2477
7905 2279
7906 2279
7907 2279
7908 2552
7909 2282
7910 2282
7911 3143
7912 3212
7913 2285
7914 2286
7915 2322
7916 2286
7917 2286
7918 2489
7919 2290
7920 2614
7921 2290
7922 2290
7923 2290
7924 2290
7925 2290
7926 2298
7927 2298
7928 2300
7929 2300
7930 2303
7931 2303
7932 2303
7933 2305
7934 2305
7935 2492
7936 2306
7937 2308
7938 2308
7939 2308
7940 2308
7941 2308
7942 2308
7943 2308
7944 2308
7945 2309
7946 2309
7947 2310
7948 2310
7949 2454
7950 2310
7951 2768
7952 2861
7953 2311
7954 2311
7955 2313
7956 2314
7957 2315
7958 2315
7959 2315
7960 2319
7961 2319
7962 2321
7963 2322
7964 2322
7965 2323
7966 2325
7967 2325
7968 2325
7969 2325
7970 2325
7971 2325
7972 2325
7973 2325
7974 2325
7975 2326
7976 2327
7977 2328
7978 2329
7979 2329
7980 2329
7981 2329
7982 2329
7983 2958
7984 2329
7985 2329
7986 2917
7987 2329
7988 2329
7989 2329
7990 2329
7991 2854
7992 2339
7993 2339
7994 2656
7995 2340
7996 2343
7997 3121
7998 3048
7999 2346
8000 2346
8001 2346
8002 2346
8003 2346
8004 2346
8005 2346
8006 2346
8007 2346
8008 2346
8009 2346
8010 2346
8011 2346
8012 2346
8013 2346
8014 2346
8015 2346
8016 2347
8017 2348
8018 2349
8019 2349
8020 2350
8021 3284
8022 2671
8023 2353
8024 2354
8025 2354
8026 2565
8027 2354
8028 2354
8029 2354
8030 2356
8031 2357
8032 2359
8033 2360
8034 2360
8035 2360
8036 2360
8037 2360
8038 2360
8039 2360
8040 2360
8041 3195
8042 2360
8043 2360
8044 2360
8045 2360
8046 2360
8047 2360
8048 2360
8049 2360
8050 2360
8051 2360
8052 2507
8053 2360
8054 2360
8055 2360
8056 2360
8057 2361
8058 2361
8059 2770
8060 2364
8061 2367
8062 2369
8063 2369
8064 2369
8065 2369
8066 2638
8067 2369
8068 3184
8069 2369
8070 2372
8071 2372
8072 2372
8073 2372
8074 2372
8075 2372
8076 2372
8077 2372
8078 2372
8079 2372
8080 2372
8081 2372
8082 2372
8083 2372
8084 2372
8085 2372
8086 2372
8087 2372
8088 2372
8089 2947
8090 2372
8091 2372
8092 2372
8093 2372
8094 2372
8095 2372
8096 3062
8097 2372
8098 2372
8099 3155
8100 2372
8101 3221
8102 3027
8103 2372
8104 2892
8105 2372
8106 2372
8107 2372
8108 2372
8109 2372
8110 2372
8111 2966
8112 2372
8113 2372
8114 2372
8115 2372
8116 2372
8117 2372
8118 2372
8119 2634
8120 2381
8121 2381
8122 2381
8123 2385
8124 2550
8125 2407
8126 2387
8127 2387
8128 2387
8129 2387
8130 2649
8131 2510
8132 2388
8133 2389
8134 2389
8135 2543
8136 2389
8137 2389
8138 2390
8139 2390
8140 2714
8141 2602
8142 2390
8143 2390
8144 2390
8145 2390
8146 2390
8147 2390
8148 2390
8149 2390
8150 2390
8151 3196
8152 2390
8153 2772
8154 2392
8155 2433
8156 2392
8157 2392
8158 2392
8159 2392
8160 2392
8161 2392
8162 2392
8163 2392
8164 2392
8165 2392
8166 2392
8167 2392
8168 2392
8169 2914
8170 2394
8171 2394
8172 2394
8173 2837
8174 2397
8175 2397
8176 2951
8177 2397
8178 2397
8179 2397
8180 2397
8181 2399
8182 2399
8183 2399
8184 2399
8185 2399
8186 2400
8187 2403
8188 2403
8189 2404
8190 2404
8191 2404
8192 2404
8193 2405
8194 2407
8195 2407
8196 2407
8197 2620
8198 2407
8199 2407
8200 2407
8201 2408
8202 2408
8203 2408
8204 2408
8205 2719
8206 2408
8207 2408
8208 2408
8209 2408
8210 2408
8211 2408
8212 2408
8213 2409
8214 2409
8215 2679
8216 2410
8217 2412
8218 2414
8219 2414
8220 2415
8221 2415
8222 2416
8223 2416
8224 2418
8225 2418
8226 2419
8227 2419
8228 2419
8229 2419
8230 2419
8231 2419
8232 2419
8233 2419
8234 2419
8235 2419
8236 2419
8237 2419
8238 2419
8239 2419
8240 2419
8241 2419
8242 2419
8243 2419
8244 2419
8245 2419
8246 2419
8247 2419
8248 2419
8249 2419
8250 2423
8251 2419
8252 2419
8253 2419
8254 2419
8255 2419
8256 3156
8257 2419
8258 2419
8259 2419
8260 2419
8261 2462
8262 2419
8263 2419
8264 2419
8265 2419
8266 2419
8267 2419
8268 2419
8269 2419
8270 2630
8271 2419
8272 2419
8273 2419
8274 2419
8275 2419
8276 3292
8277 2419
8278 2419
8279 2419
8280 2419
8281 2419
8282 2493
8283 2421
8284 2425
8285 2427
8286 2429
8287 3023
8288 3106
8289 3285
8290 2433
8291 2434
8292 2435
8293 2435
8294 2436
8295 2436
8296 2436
8297 2436
8298 3203
8299 2436
8300 2438
8301 2439
8302 2439
8303 2628
8304 2877
8305 2445
8306 3069
8307 2445
8308 2445
8309 2445
8310 2445
8311 2445
8312 2447
8313 2447
8314 2607
8315 2447
8316 2447
8317 2447
8318 2447
8319 3277
8320 2450
8321 2450
8322 2450
8323 3259
8324 2450
8325 2450
8326 2450
8327 2450
8328 2450
8329 2450
8330 2701
8331 2452
8332 2452
8333 2452
8334 2453
8335 2453
8336 2453
8337 2453
8338 2453
8339 2453
8340 2453
8341 2453
8342 2453
8343 2453
8344 2453
8345 2453
8346 2453
8347 2453
8348 2547
8349 2453
8350 2453
8351 2453
8352 2453
8353 2668
8354 2453
8355 2453
8356 2453
8357 2453
8358 2453
8359 2453
8360 2453
8361 3275
8362 2453
8363 2453
8364 2453
8365 2453
8366 2453
8367 2841
8368 2453
8369 2453
8370 2453
8371 2453
8372 2453
8373 2699
8374 2453
8375 2453
8376 2453
8377 2453
8378 2455
8379 2459
8380 2460
8381 2460
8382 2462
8383 2462
8384 2462
8385 2462
8386 2462
8387 2462
8388 2462
8389 2462
8390 2462
8391 2462
8392 2462
8393 2463
8394 2727
8395 2465
8396 2465
8397 2465
8398 2465
8399 2465
8400 2465
8401 2472
8402 2472
8403 2472
8404 2472
8405 2472
8406 2844
8407 2472
8408 2674
8409 2474
8410 2477
8411 2477
8412 2477
8413 2477
8414 2477
8415 2477
8416 2477
8417 2480
8418 2480
8419 2480
8420 3288
8421 2480
8422 2480
8423 2482
8424 2483
8425 2720
8426 2486
8427 2486
8428 2486
8429 2487
8430 2487
8431 2487
8432 2487
8433 2487
8434 2487
8435 2487
8436 2487
8437 2487
8438 2492
8439 2492
8440 2492
8441 2493
8442 2493
8443 2493
8444 2494
8445 2497
8446 2497
8447 2502
8448 2503
8449 2503
8450 2503
8451 2503
8452 2503
8453 2503
8454 2503
8455 2503
8456 2503
8457 2503
8458 2503
8459 2503
8460 2503
8461 3215
8462 2503
8463 2503
8464 2503
8465 3065
8466 2503
8467 2503
8468 2503
8469 2503
8470 2503
8471 2503
8472 2503
8473 3034
8474 2503
8475 2503
8476 2503
8477 2759
8478 2503
8479 2503
8480 2503
8481 2503
8482 2503
8483 2503
8484 2503
8485 2503
8486 2503
8487 2503
8488 2503
8489 2503
8490 2503
8491 2504
8492 2504
8493 2504
8494 2504
8495 2504
8496 2504
8497 2525
8498 2504
8499 2507
8500 2507
8501 2507
8502 2507
8503 2685
8504 2507
8505 2507
8506 2507
8507 2507
8508 2509
8509 2509
8510 2513
8511 2513
8512 2513
8513 2513
8514 2513
8515 2513
8516 2513
8517 2513
8518 3181
8519 2517
8520 2517
8521 2519
8522 2519
8523 2519
8524 2520
8525 2673
8526 2779
8527 2655
8528 2521
8529 2521
8530 2521
8531 3105
8532 2526
8533 2527
8534 3252
8535 2527
8536 2527
8537 2527
8538 2527
8539 2529
8540 2530
8541 2534
8542 2534
8543 2535
8544 2536
8545 2536
8546 2540
8547 2541
8548 2541
8549 2542
8550 2551
8551 2551
8552 2553
8553 2553
8554 2554
8555 2591
8556 3139
8557 2554
8558 2554
8559 3180
8560 2554
8561 3052
8562 2554
8563 2554
8564 2554
8565 2557
8566 2559
8567 2560
8568 2561
8569 2562
8570 2562
8571 2562
8572 2564
8573 2565
8574 2566
8575 2566
8576 2567
8577 2570
8578 2570
8579 2570
8580 3050
8581 2570
8582 2570
8583 2572
8584 2572
8585 2572
8586 2573
8587 2575
8588 2577
8589 2578
8590 2578
8591 2578
8592 2579
8593 2579
8594 2579
8595 2580
8596 2580
8597 2580
8598 2580
8599 2580
8600 2580
8601 2580
8602 2580
8603 2580
8604 2580
8605 2580
8606 2580
8607 2580
8608 2580
8609 2580
8610 2580
8611 2580
8612 2580
8613 2580
8614 2580
8615 2580
8616 2580
8617 2580
8618 2580
8619 2580
8620 2580
8621 2580
8622 2580
8623 2598
8624 2580
8625 2580
8626 2580
8627 2580
8628 2600
8629 2580
8630 2580
8631 2580
8632 2580
8633 2580
8634 2580
8635 2580
8636 2580
8637 2582
8638 2582
8639 2582
8640 2582
8641 2582
8642 2582
8643 2738
8644 2582
8645 2582
8646 2582
8647 2583
8648 2584
8649 2588
8650 2931
8651 2774
8652 2592
8653 2808
8654 2595
8655 2595
8656 2595
8657 2595
8658 2598
8659 2599
8660 2599
8661 2599
8662 2599
8663 2690
8664 3233
8665 2599
8666 2599
8667 2599
8668 2599
8669 2599
8670 2599
8671 2599
8672 2599
8673 2599
8674 2599
8675 3059
8676 2599
8677 3004
8678 2599
8679 2599
8680 2599
8681 2599
8682 2600
8683 2600
8684 3114
8685 2601
8686 2601
8687 2601
8688 2601
8689 2601
8690 2601
8691 2601
8692 2602
8693 2602
8694 2603
8695 2604
8696 2605
8697 2606
8698 2606
8699 2607
8700 2607
8701 2607
8702 2607
8703 2607
8704 2607
8705 2607
8706 2609
8707 2609
8708 2609
8709 2614
8710 2619
8711 2619
8712 2619
8713 2621
8714 2621
8715 2621
8716 2622
8717 2623
8718 2623
8719 3132
8720 2626
8721 3209
8722 2626
8723 2629
8724 2629
8725 2629
8726 2630
8727 2642
8728 2633
8729 2633
8730 2633
8731 2633
8732 2633
8733 2687
8734 2824
8735 2633
8736 2633
8737 2635
8738 2635
8739 2635
8740 2635
8741 2749
8742 2641
8743 2641
8744 2648
8745 2648
8746 2648
8747 2648
8748 2651
8749 2651
8750 2654
8751 2654
8752 2654
8753 2654
8754 2654
8755 2654
8756 2654
8757 2654
8758 2654
8759 2654
8760 2654
8761 2654
8762 2654
8763 2654
8764 2655
8765 2659
8766 2661
8767 2661
8768 2662
8769 2663
8770 2663
8771 2663
8772 2663
8773 2663
8774 2663
8775 3163
8776 2664
8777 2665
8778 2665
8779 2665
8780 2665
8781 2665
8782 2665
8783 2668
8784 2668
8785 2668
8786 2668
8787 2668
8788 2668
8789 2668
8790 2668
8791 2668
8792 2669
8793 2671
8794 2671
8795 2671
8796 2671
8797 2671
8798 2671
8799 2674
8800 2675
8801 2675
8802 3173
8803 2675
8804 2675
8805 2675
8806 2870
8807 2675
8808 2676
8809 2679
8810 2679
8811 3067
8812 2753
8813 2679
8814 2679
8815 3131
8816 2679
8817 2679
8818 2679
8819 2679
8820 2679
8821 2679
8822 2679
8823 2679
8824 2679
8825 2679
8826 2679
8827 2679
8828 2679
8829 2679
8830 2679
8831 2679
8832 3169
8833 2679
8834 2679
8835 2679
8836 2679
8837 2679
8838 2679
8839 2679
8840 2679
8841 2679
8842 2679
8843 2679
8844 2679
8845 2679
8846 2679
8847 2679
8848 2679
8849 2679
8850 2679
8851 2679
8852 2679
8853 2679
8854 2679
8855 3110
8856 2679
8857 2679
8858 2679
8859 2679
8860 2679
8861 2679
8862 2679
8863 2679
8864 2680
8865 2681
8866 2685
8867 2694
8868 2694
8869 2694
8870 2694
8871 2697
8872 2697
8873 2699
8874 2699
8875 2699
8876 2703
8877 2706
8878 2707
8879 2707
8880 2707
8881 2707
8882 2708
8883 2708
8884 2708
8885 2708
8886 2708
8887 2708
8888 2708
8889 2710
8890 2711
8891 2711
8892 2711
8893 2711
8894 2711
8895 2711
8896 2954
8897 2711
8898 2711
8899 2987
8900 2711
8901 2771
8902 2712
8903 2716
8904 2716
8905 2716
8906 2718
8907 2718
8908 2723
8909 2724
8910 2726
8911 2726
8912 2726
8913 2726
8914 2726
8915 2726
8916 2726
8917 2726
8918 2728
8919 2728
8920 2729
8921 3220
8922 2730
8923 2731
8924 2733
8925 2735
8926 2735
8927 2735
8928 2735
8929 2735
8930 2735
8931 2735
8932 2735
8933 2735
8934 2735
8935 2735
8936 2735
8937 2735
8938 2735
8939 2735
8940 2735
8941 2886
8942 2735
8943 2735
8944 2735
8945 2735
8946 2735
8947 2735
8948 2735
8949 2735
8950 2735
8951 3115
8952 2743
8953 2749
8954 2977
8955 2749
8956 2750
8957 2750
8958 2750
8959 2750
8960 2750
8961 2750
8962 3182
8963 2751
8964 2753
8965 2753
8966 3199
8967 2754
8968 2755
8969 2755
8970 2755
8971 2756
8972 2756
8973 2757
8974 2963
8975 2757
8976 2757
8977 2757
8978 2851
8979 2940
8980 2758
8981 2758
8982 2758
8983 2758
8984 2758
8985 2758
8986 2758
8987 2758
8988 2758
8989 2759
8990 2761
8991 2761
8992 2761
8993 2761
8994 2761
8995 2923
8996 2762
8997 2762
8998 2762
8999 2766
9000 2767
9001 2769
9002 2769
9003 2772
9004 2772
9005 3012
9006 2775
9007 2775
9008 2775
9009 2775
9010 2777
9011 2777
9012 2777
9013 2777
9014 2777
9015 2777
9016 2777
9017 2777
9018 2777
9019 2777
9020 2777
9021 2777
9022 2967
9023 3108
9024 2777
9025 2777
9026 2777
9027 2777
9028 2777
9029 2777
9030 2777
9031 2777
9032 2777
9033 2777
9034 2777
9035 2777
9036 2777
9037 2777
9038 2777
9039 2777
9040 2777
9041 2777
9042 2777
9043 2777
9044 2777
9045 2777
9046 2777
9047 2777
9048 2777
9049 2777
9050 2777
9051 2777
9052 2777
9053 2777
9054 2777
9055 2777
9056 2777
9057 2777
9058 2777
9059 2777
9060 2777
9061 2777
9062 2777
9063 2777
9064 2777
9065 2777
9066 2777
9067 2777
9068 2780
9069 3219
9070 2781
9071 2782
9072 2783
9073 2783
9074 2996
9075 2783
9076 2783
9077 2783
9078 2783
9079 2783
9080 2783
9081 2784
9082 2784
9083 2787
9084 2787
9085 2787
9086 2788
9087 2788
9088 2788
9089 2788
9090 2788
9091 2890
9092 2790
9093 2790
9094 2879
9095 2791
9096 3029
9097 2791
9098 2791
9099 2791
9100 2791
9101 2792
9102 2792
9103 2792
9104 2793
9105 2795
9106 3013
9107 2797
9108 2797
9109 2797
9110 2797
9111 2797
9112 2812
9113 2802
9114 2802
9115 2802
9116 2807
9117 2809
9118 2810
9119 2810
9120 2810
9121 2810
9122 2810
9123 3038
9124 2810
9125 2810
9126 2810
9127 2810
9128 2810
9129 2812
9130 2815
9131 2821
9132 2821
9133 2821
9134 2821
9135 2821
9136 2936
9137 2823
9138 2827
9139 2827
9140 2827
9141 2827
9142 2827
9143 2828
9144 2829
9145 2829
9146 2830
9147 2831
9148 2834
9149 2834
9150 2834
9151 2834
9152 2834
9153 2834
9154 2834
9155 2834
9156 2837
9157 2837
9158 2837
9159 2838
9160 2840
9161 2840
9162 2841
9163 2843
9164 2843
9165 2844
9166 2845
9167 2845
9168 2846
9169 2847
9170 2847
9171 2847
9172 2847
9173 2847
9174 2847
9175 2847
9176 2847
9177 2847
9178 2847
9179 2847
9180 2847
9181 2847
9182 2847
9183 3262
9184 2847
9185 2847
9186 2847
9187 2847
9188 2847
9189 2847
9190 2847
9191 2847
9192 2847
9193 2847
9194 3264
9195 2848
9196 2848
9197 2848
9198 2848
9199 2848
9200 2848
9201 2848
9202 3045
9203 2848
9204 2848
9205 2848
9206 2975
9207 2848
9208 2849
9209 2849
9210 2849
9211 2849
9212 2849
9213 2849
9214 2849
9215 2850
9216 2851
9217 2851
9218 2851
9219 2852
9220 2852
9221 2852
9222 2852
9223 2852
9224 2852
9225 2852
9226 2852
9227 2855
9228 2855
9229 2856
9230 2856
9231 2856
9232 2856
9233 3263
9234 2856
9235 2856
9236 2856
9237 2856
9238 2857
9239 2858
9240 2858
9241 2858
9242 2858
9243 2862
9244 3047
9245 2865
9246 2865
9247 2865
9248 2865
9249 2865
9250 2865
9251 2865
9252 2865
9253 2866
9254 2868
9255 2870
9256 2870
9257 3066
9258 2870
9259 2870
9260 2873
9261 2873
9262 2873
9263 2873
9264 2873
9265 2873
9266 2873
9267 2873
9268 2873
9269 2873
9270 2874
9271 2874
9272 2874
9273 2874
9274 2874
9275 2874
9276 2874
9277 2874
9278 2874
9279 2874
9280 2874
9281 2874
9282 2874
9283 2874
9284 2874
9285 2875
9286 2876
9287 2877
9288 2877
9289 2877
9290 2878
9291 2878
9292 2882
9293 2885
9294 2885
9295 2886
9296 2886
9297 2887
9298 2887
9299 2888
9300 2892
9301 2894
9302 2894
9303 3135
9304 2895
9305 2903
9306 2896
9307 2896
9308 2897
9309 2898
9310 2900
9311 2900
9312 2904
9313 2906
9314 2906
9315 2906
9316 2907
9317 2907
9318 2910
9319 2910
9320 2910
9321 2910
9322 2910
9323 2910
9324 2910
9325 2910
9326 3016
9327 2912
9328 2913
9329 2917
9330 2917
9331 2917
9332 2918
9333 2918
9334 2918
9335 2918
9336 2922
9337 2922
9338 2922
9339 2923
9340 2923
9341 2926
9342 2927
9343 2930
9344 2934
9345 2941
9346 2941
9347 2941
9348 2941
9349 2941
9350 2942
9351 2942
9352 2942
9353 2942
9354 2945
9355 2945
9356 2945
9357 2948
9358 2948
9359 2949
9360 2953
9361 2953
9362 2955
9363 2958
9364 2958
9365 2959
9366 2959
9367 2959
9368 2962
9369 2962
9370 2962
9371 2962
9372 2962
9373 2966
9374 2970
9375 2970
9376 2973
9377 2975
9378 2978
9379 3228
9380 2979
9381 2980
9382 2980
9383 2980
9384 2980
9385 2980
9386 2980
9387 2980
9388 2981
9389 2981
9390 2982
9391 2987
9392 2987
9393 2988
9394 2990
9395 2991
9396 2996
9397 2998
9398 2998
9399 2998
9400 2999
9401 3000
9402 3000
9403 3010
9404 3012
9405 3012
9406 3015
9407 3017
9408 3017
9409 3017
9410 3018
9411 3018
9412 3019
9413 3019
9414 3019
9415 3021
9416 3021
9417 3023
9418 3023
9419 3023
9420 3023
9421 3023
9422 3023
9423 3023
9424 3023
9425 3023
9426 3023
9427 3024
9428 3027
9429 3027
9430 3027
9431 3027
9432 3027
9433 3027
9434 3027
9435 3027
9436 3027
9437 3027
9438 3029
9439 3029
9440 3031
9441 3033
9442 3033
9443 3035
9444 3035
9445 3036
9446 3036
9447 3036
9448 3036
9449 3036
9450 3038
9451 3038
9452 3038
9453 3038
9454 3040
9455 3040
9456 3040
9457 3040
9458 3040
9459 3042
9460 3042
9461 3044
9462 3044
9463 3044
9464 3045
9465 3048
9466 3048
9467 3048
9468 3048
9469 3048
9470 3048
9471 3048
9472 3048
9473 3048
9474 3048
9475 3048
9476 3049
9477 3049
9478 3291
9479 3049
9480 3049
9481 3213
9482 3049
9483 3049
9484 3049
9485 3049
9486 3050
9487 3050
9488 3050
9489 3050
9490 3050
9491 3050
9492 3050
9493 3094
9494 3050
9495 3056
9496 3056
9497 3056
9498 3061
9499 3061
9500 3063
9501 3065
9502 3065
9503 3065
9504 3065
9505 3065
9506 3065
9507 3066
9508 3068
9509 3068
9510 3068
9511 3068
9512 3068
9513 3068
9514 3069
9515 3072
9516 3072
9517 3072
9518 3072
9519 3072
9520 3072
9521 3072
9522 3072
9523 3072
9524 3073
9525 3076
9526 3076
9527 3076
9528 3076
9529 3076
9530 3076
9531 3076
9532 3076
9533 3076
9534 3076
9535 3076
9536 3076
9537 3076
9538 3079
9539 3079
9540 3080
9541 3082
9542 3083
9543 3083
9544 3083
9545 3083
9546 3083
9547 3083
9548 3083
9549 3083
9550 3083
9551 3083
9552 3083
9553 3083
9554 3088
9555 3088
9556 3088
9557 3088
9558 3089
9559 3089
9560 3166
9561 3090
9562 3090
9563 3092
9564 3093
9565 3093
9566 3093
9567 3093
9568 3098
9569 3098
9570 3099
9571 3099
9572 3099
9573 3100
9574 3101
9575 3102
9576 3103
9577 3103
9578 3103
9579 3106
9580 3106
9581 3106
9582 3106
9583 3106
9584 3106
9585 3106
9586 3106
9587 3106
9588 3108
9589 3108
9590 3108
9591 3109
9592 3109
9593 3109
9594 3109
9595 3236
9596 3109
9597 3109
9598 3109
9599 3110
9600 3110
9601 3110
9602 3111
9603 3242
9604 3111
9605 3111
9606 3111
9607 3114
9608 3114
9609 3114
9610 3114
9611 3114
9612 3114
9613 3114
9614 3114
9615 3114
9616 3115
9617 3115
9618 3115
9619 3116
9620 3116
9621 3116
9622 3117
9623 3117
9624 3117
9625 3117
9626 3117
9627 3117
9628 3231
9629 3120
9630 3120
9631 3121
9632 3123
9633 3123
9634 3123
9635 3125
9636 3126
9637 3126
9638 3126
9639 3126
9640 3128
9641 3130
9642 3133
9643 3134
9644 3135
9645 3137
9646 3137
9647 3137
9648 3137
9649 3137
9650 3137
9651 3137
9652 3138
9653 3138
9654 3138
9655 3138
9656 3138
9657 3138
9658 3138
9659 3138
9660 3138
9661 3138
9662 3138
9663 3138
9664 3138
9665 3138
9666 3138
9667 3138
9668 3140
9669 3140
9670 3140
9671 3140
9672 3141
9673 3141
9674 3143
9675 3143
9676 3143
9677 3143
9678 3143
9679 3245
9680 3143
9681 3143
9682 3143
9683 3143
9684 3143
9685 3143
9686 3143
9687 3143
9688 3143
9689 3143
9690 3143
9691 3143
9692 3143
9693 3143
9694 3144
9695 3145
9696 3145
9697 3145
9698 3145
9699 3145
9700 3145
9701 3261
9702 3145
9703 3145
9704 3145
9705 3154
9706 3154
9707 3154
9708 3154
9709 3154
9710 3154
9711 3154
9712 3154
9713 3154
9714 3206
9715 3155
9716 3155
9717 3155
9718 3156
9719 3156
9720 3156
9721 3156
9722 3156
9723 3159
9724 3159
9725 3161
9726 3161
9727 3161
9728 3161
9729 3161
9730 3161
9731 3161
9732 3161
9733 3161
9734 3232
9735 3161
9736 3162
9737 3162
9738 3293
9739 3164
9740 3167
9741 3167
9742 3168
9743 3168
9744 3168
9745 3168
9746 3168
9747 3170
9748 3170
9749 3170
9750 3172
9751 3172
9752 3172
9753 3172
9754 3172
9755 3173
9756 3174
9757 3176
9758 3177
9759 3177
9760 3177
9761 3177
9762 3177
9763 3177
9764 3177
9765 3177
9766 3177
9767 3177
9768 3177
9769 3177
9770 3258
9771 3177
9772 3177
9773 3177
9774 3177
9775 3177
9776 3177
9777 3177
9778 3177
9779 3177
9780 3178
9781 3182
9782 3185
9783 3186
9784 3186
9785 3186
9786 3186
9787 3186
9788 3198
9789 3186
9790 3186
9791 3186
9792 3186
9793 3186
9794 3186
9795 3186
9796 3186
9797 3190
9798 3191
9799 3191
9800 3191
9801 3196
9802 3196
9803 3196
9804 3196
9805 3196
9806 3196
9807 3196
9808 3196
9809 3196
9810 3196
9811 3196
9812 3196
9813 3196
9814 3196
9815 3196
9816 3196
9817 3196
9818 3196
9819 3196
9820 3196
9821 3196
9822 3196
9823 3196
9824 3196
9825 3196
9826 3196
9827 3196
9828 3196
9829 3196
9830 3196
9831 3196
9832 3196
9833 3196
9834 3196
9835 3196
9836 3196
9837 3196
9838 3196
9839 3196
9840 3196
9841 3196
9842 3196
9843 3198
9844 3198
9845 3199
9846 3200
9847 3201
9848 3201
9849 3201
9850 3201
9851 3205
9852 3205
9853 3208
9854 3208
9855 3208
9856 3208
9857 3208
9858 3208
9859 3209
9860 3209
9861 3209
9862 3210
9863 3212
9864 3215
9865 3215
9866 3215
9867 3239
9868 3215
9869 3216
9870 3216
9871 3216
9872 3216
9873 3217
9874 3217
9875 3218
9876 3218
9877 3219
9878 3220
9879 3221
9880 3221
9881 3223
9882 3225
9883 3225
9884 3228
9885 3228
9886 3228
9887 3228
9888 3228
9889 3230
9890 3230
9891 3231
9892 3231
9893 3231
9894 3231
9895 3231
9896 3231
9897 3231
9898 3231
9899 3231
9900 3231
9901 3231
9902 3231
9903 3231
9904 3231
9905 3231
9906 3231
9907 3231
9908 3231
9909 3231
9910 3231
9911 3231
9912 3231
9913 3231
9914 3231
9915 3231
9916 3231
9917 3232
9918 3232
9919 3232
9920 3232
9921 3235
9922 3235
9923 3235
9924 3236
9925 3236
9926 3238
9927 3238
9928 3241
9929 3241
9930 3243
9931 3244
9932 3244
9933 3249
9934 3249
9935 3249
9936 3249
9937 3249
9938 3249
9939 3249
9940 3249
9941 3254
9942 3254
9943 3254
9944 3254
9945 3254
9946 3254
9947 3254
9948 3255
9949 3256
9950 3257
9951 3257
9952 3259
9953 3259
9954 3260
9955 3260
9956 3261
9957 3261
9958 3262
9959 3264
9960 3264
9961 3264
9962 3264
9963 3264
9964 3266
9965 3266
9966 3266
9967 3266
9968 3266
9969 3268
9970 3269
9971 3272
9972 3275
9973 3275
9974 3280
9975 3280
9976 3281
9977 3281
9978 3282
9979 3283
9980 3283
9981 3283
9982 3284
9983 3284
9984 3284
9985 3284
9986 3284
9987 3284
9988 3285
9989 3285
9990 3287
9991 3287
9992 3288
9993 3290
9994 3290
9995 3290
9996 3292
9997 3293
9998 3293
9999 3293
