10000 9999
1 0
2 0
3 0
4 3
5 3
6 3
7 3
8 6
9 2
10 3
11 1
12 8
13 2
14 10
15 3
16 3
17 10
18 17
19 2
20 16
21 16
22 10
23 15
24 18
25 18
26 3
27 23
28 21
29 7
30 14
31 29
32 12
33 2
34 18
35 13
36 31
37 12
38 7
39 16
40 30
41 29
42 17
43 3
44 31
45 27
46 22
47 43
48 16
49 15
50 11
51 3
52 43
53 52
54 49
55 53
56 52
57 52
58 0
59 31
60 27
61 52
62 41
63 9
64 16
65 27
66 52
67 16
68 37
69 65
70 65
71 62
72 29
73 65
74 65
75 65
76 51
77 48
78 21
79 26
80 65
81 57
82 65
83 65
84 69
85 65
86 2
87 65
88 19
89 76
90 52
91 10
92 65
93 18
94 70
95 77
96 19
97 75
98 93
99 60
100 25
101 65
102 58
103 68
104 2
105 104
106 65
107 29
108 59
109 65
110 103
111 92
112 111
113 33
114 109
115 81
116 86
117 111
118 16
119 65
120 65
121 100
122 34
123 109
124 83
125 106
126 124
127 65
128 83
129 94
130 116
131 65
132 58
133 16
134 124
135 65
136 123
137 10
138 65
139 65
140 65
141 124
142 43
143 65
144 65
145 79
146 111
147 119
148 64
149 143
150 111
151 66
152 143
153 140
154 129
155 143
156 65
157 143
158 52
159 119
160 106
161 143
162 143
163 143
164 158
165 65
166 151
167 143
168 143
169 38
170 158
171 167
172 143
173 143
174 149
175 104
176 80
177 139
178 143
179 158
180 143
181 125
182 143
183 143
184 40
185 160
186 65
187 143
188 18
189 143
190 149
191 143
192 143
193 174
194 143
195 184
196 158
197 167
198 143
199 192
200 151
201 193
202 143
203 146
204 124
205 44
206 143
207 158
208 111
209 175
210 111
211 44
212 170
213 188
214 111
215 111
216 111
217 167
218 111
219 82
220 111
221 65
222 143
223 176
224 143
225 88
226 167
227 96
228 143
229 143
230 203
231 33
232 192
233 73
234 12
235 147
236 65
237 143
238 117
239 185
240 225
241 111
242 171
243 143
244 2
245 124
246 143
247 65
248 143
249 188
250 65
251 56
252 143
253 211
254 143
255 124
256 192
257 111
258 65
259 149
260 250
261 124
262 143
263 82
264 181
265 74
266 151
267 124
268 188
269 65
270 143
271 253
272 143
273 179
274 65
275 260
276 214
277 197
278 146
279 177
280 99
281 61
282 257
283 151
284 143
285 234
286 218
287 143
288 195
289 65
290 183
291 140
292 165
293 143
294 20
295 252
296 243
297 122
298 258
299 65
300 158
301 143
302 106
303 143
304 234
305 146
306 227
307 259
308 111
309 87
310 109
311 252
312 76
313 158
314 64
315 143
316 27
317 93
318 167
319 191
320 251
321 138
322 124
323 184
324 271
325 278
326 248
327 167
328 324
329 322
330 229
331 193
332 153
333 46
334 65
335 187
336 314
337 65
338 299
339 291
340 99
341 156
342 278
343 143
344 143
345 143
346 300
347 291
348 190
349 233
350 222
351 65
352 295
353 143
354 135
355 123
356 21
357 331
358 143
359 167
360 65
361 246
362 284
363 214
364 292
365 143
366 143
367 125
368 143
369 281
370 224
371 65
372 213
373 317
374 143
375 143
376 296
377 329
378 252
379 65
380 176
381 4
382 143
383 319
384 210
385 263
386 143
387 124
388 138
389 119
390 143
391 314
392 391
393 143
394 101
395 385
396 358
397 294
398 192
399 306
400 296
401 111
402 373
403 115
404 65
405 124
406 143
407 52
408 339
409 65
410 217
411 297
412 167
413 151
414 66
415 143
416 210
417 205
418 65
419 302
420 124
421 388
422 361
423 297
424 221
425 218
426 65
427 292
428 93
429 301
430 212
431 194
432 195
433 143
434 380
435 373
436 143
437 430
438 387
439 65
440 143
441 173
442 143
443 228
444 383
445 124
446 158
447 362
448 334
449 151
450 143
451 184
452 387
453 143
454 241
455 143
456 195
457 335
458 289
459 65
460 24
461 111
462 229
463 111
464 78
465 459
466 193
467 223
468 143
469 143
470 301
471 426
472 459
473 111
474 174
475 253
476 143
477 92
478 65
479 143
480 82
481 143
482 469
483 324
484 113
485 87
486 139
487 469
488 308
489 173
490 434
491 430
492 203
493 28
494 143
495 209
496 124
497 433
498 143
499 51
500 82
501 417
502 339
503 467
504 202
505 143
506 107
507 421
508 334
509 82
510 198
511 86
512 428
513 111
514 329
515 435
516 204
517 151
518 375
519 153
520 215
521 208
522 480
523 303
524 334
525 461
526 111
527 65
528 223
529 309
530 125
531 146
532 434
533 489
534 366
535 265
536 191
537 227
538 124
539 96
540 477
541 525
542 469
543 158
544 158
545 404
546 234
547 362
548 306
549 490
550 65
551 302
552 367
553 425
554 298
555 95
556 274
557 489
558 497
559 471
560 302
561 292
562 143
563 65
564 143
565 556
566 373
567 373
568 278
569 562
570 143
571 520
572 288
573 473
574 537
575 437
576 567
577 162
578 497
579 66
580 546
581 497
582 493
583 306
584 462
585 569
586 262
587 386
588 422
589 95
590 515
591 583
592 516
593 271
594 537
595 143
596 151
597 550
598 191
599 323
600 65
601 207
602 143
603 356
604 65
605 218
606 320
607 201
608 92
609 143
610 569
611 377
612 158
613 105
614 223
615 315
616 234
617 347
618 600
619 179
620 499
621 302
622 65
623 409
624 419
625 525
626 176
627 498
628 373
629 581
630 311
631 368
632 310
633 66
634 234
635 393
636 346
637 499
638 586
639 379
640 527
641 569
642 136
643 642
644 533
645 158
646 605
647 629
648 426
649 271
650 630
651 189
652 629
653 92
654 442
655 46
656 203
657 465
658 428
659 314
660 524
661 408
662 554
663 571
664 621
665 112
666 134
667 456
668 636
669 664
670 302
671 65
672 471
673 507
674 629
675 643
676 360
677 548
678 581
679 253
680 306
681 380
682 664
683 298
684 187
685 523
686 405
687 27
688 16
689 379
690 654
691 215
692 443
693 143
694 352
695 480
696 143
697 582
698 334
699 403
700 231
701 629
702 671
703 124
704 506
705 623
706 318
707 180
708 679
709 429
710 65
711 471
712 254
713 463
714 692
715 559
716 480
717 306
718 581
719 364
720 618
721 380
722 593
723 380
724 2
725 64
726 306
727 493
728 158
729 545
730 664
731 697
732 707
733 123
734 698
735 124
736 143
737 73
738 111
739 220
740 306
741 721
742 334
743 281
744 93
745 548
746 143
747 741
748 420
749 507
750 143
751 554
752 318
753 295
754 630
755 302
756 654
757 564
758 232
759 140
760 146
761 89
762 67
763 291
764 403
765 143
766 65
767 678
768 196
769 582
770 139
771 138
772 638
773 641
774 112
775 167
776 521
777 131
778 745
779 414
780 718
781 354
782 724
783 179
784 164
785 143
786 577
787 668
788 188
789 143
790 638
791 612
792 464
793 143
794 472
795 451
796 143
797 202
798 58
799 598
800 634
801 34
802 797
803 299
804 178
805 537
806 561
807 649
808 388
809 797
810 243
811 186
812 202
813 785
814 480
815 768
816 223
817 239
818 638
819 556
820 547
821 146
822 466
823 151
824 110
825 590
826 109
827 791
828 669
829 292
830 228
831 664
832 334
833 398
834 471
835 391
836 542
837 143
838 148
839 336
840 109
841 578
842 352
843 158
844 314
845 592
846 701
847 545
848 571
849 622
850 374
851 229
852 660
853 420
854 143
855 151
856 334
857 634
858 316
859 297
860 111
861 749
862 66
863 351
864 143
865 292
866 672
867 856
868 641
869 677
870 245
871 870
872 200
873 358
874 796
875 292
876 633
877 793
878 330
879 796
880 615
881 642
882 253
883 707
884 124
885 143
886 324
887 448
888 285
889 124
890 762
891 777
892 111
893 778
894 717
895 158
896 562
897 748
898 858
899 797
900 737
901 844
902 601
903 480
904 853
905 447
906 724
907 234
908 18
909 904
910 797
911 906
912 403
913 32
914 642
915 158
916 542
917 620
918 650
919 142
920 597
921 615
922 825
923 191
924 390
925 96
926 491
927 906
928 403
929 602
930 197
931 638
932 597
933 202
934 799
935 925
936 114
937 906
938 332
939 664
940 724
941 419
942 399
943 720
944 905
945 774
946 649
947 612
948 275
949 730
950 158
951 216
952 946
953 936
954 435
955 459
956 905
957 910
958 665
959 737
960 478
961 511
962 108
963 448
964 561
965 718
966 448
967 495
968 857
969 330
970 430
971 618
972 397
973 737
974 176
975 65
976 975
977 164
978 86
979 634
980 875
981 780
982 523
983 436
984 453
985 124
986 334
987 242
988 517
989 219
990 615
991 774
992 777
993 864
994 915
995 294
996 955
997 696
998 474
999 420
1000 864
1001 776
1002 92
1003 797
1004 810
1005 946
1006 415
1007 644
1008 143
1009 554
1010 179
1011 625
1012 252
1013 853
1014 810
1015 143
1016 548
1017 270
1018 155
1019 730
1020 778
1021 296
1022 922
1023 391
1024 966
1025 699
1026 238
1027 744
1028 1019
1029 291
1030 905
1031 690
1032 781
1033 833
1034 615
1035 434
1036 710
1037 657
1038 979
1039 266
1040 926
1041 997
1042 569
1043 459
1044 989
1045 107
1046 214
1047 596
1048 931
1049 988
1050 259
1051 334
1052 997
1053 143
1054 847
1055 943
1056 233
1057 783
1058 483
1059 741
1060 746
1061 672
1062 229
1063 480
1064 227
1065 395
1066 143
1067 261
1068 664
1069 111
1070 712
1071 796
1072 787
1073 1046
1074 791
1075 750
1076 132
1077 988
1078 212
1079 796
1080 962
1081 42
1082 1039
1083 906
1084 455
1085 1040
1086 691
1087 788
1088 471
1089 1003
1090 469
1091 1002
1092 997
1093 724
1094 924
1095 526
1096 103
1097 880
1098 707
1099 364
1100 1046
1101 296
1102 1022
1103 722
1104 956
1105 254
1106 645
1107 881
1108 575
1109 569
1110 754
1111 662
1112 408
1113 103
1114 480
1115 1059
1116 906
1117 803
1118 35
1119 796
1120 489
1121 914
1122 999
1123 1064
1124 820
1125 1029
1126 111
1127 812
1128 584
1129 146
1130 363
1131 143
1132 1061
1133 354
1134 158
1135 451
1136 1019
1137 143
1138 956
1139 431
1140 179
1141 548
1142 502
1143 801
1144 561
1145 581
1146 402
1147 961
1148 470
1149 241
1150 44
1151 810
1152 903
1153 292
1154 796
1155 700
1156 248
1157 808
1158 554
1159 65
1160 682
1161 1030
1162 1146
1163 245
1164 1078
1165 315
1166 306
1167 748
1168 1029
1169 143
1170 1154
1171 1070
1172 1046
1173 810
1174 796
1175 772
1176 796
1177 16
1178 725
1179 1151
1180 704
1181 796
1182 522
1183 800
1184 973
1185 1090
1186 1160
1187 1005
1188 248
1189 342
1190 324
1191 1142
1192 563
1193 741
1194 764
1195 421
1196 1040
1197 325
1198 1046
1199 246
1200 1079
1201 796
1202 143
1203 445
1204 373
1205 948
1206 418
1207 581
1208 376
1209 498
1210 729
1211 256
1212 928
1213 420
1214 143
1215 906
1216 797
1217 1007
1218 609
1219 295
1220 772
1221 1146
1222 199
1223 102
1224 457
1225 1079
1226 1160
1227 481
1228 559
1229 296
1230 1127
1231 503
1232 724
1233 796
1234 242
1235 111
1236 1105
1237 399
1238 864
1239 1116
1240 796
1241 823
1242 472
1243 233
1244 458
1245 1101
1246 1040
1247 335
1248 948
1249 867
1250 334
1251 1146
1252 111
1253 1205
1254 143
1255 834
1256 233
1257 1007
1258 894
1259 1164
1260 1251
1261 794
1262 762
1263 1255
1264 170
1265 1151
1266 1160
1267 559
1268 1125
1269 1078
1270 314
1271 1027
1272 1123
1273 223
1274 1158
1275 1014
1276 1154
1277 1162
1278 1218
1279 17
1280 499
1281 377
1282 1078
1283 812
1284 568
1285 664
1286 378
1287 852
1288 485
1289 611
1290 1046
1291 692
1292 1202
1293 334
1294 748
1295 879
1296 997
1297 124
1298 340
1299 712
1300 143
1301 195
1302 158
1303 963
1304 1098
1305 754
1306 1199
1307 625
1308 1002
1309 1205
1310 1133
1311 1293
1312 1233
1313 334
1314 1190
1315 93
1316 937
1317 252
1318 1193
1319 1311
1320 306
1321 649
1322 1058
1323 1071
1324 124
1325 924
1326 297
1327 799
1328 943
1329 1202
1330 1007
1331 475
1332 573
1333 950
1334 1162
1335 447
1336 625
1337 626
1338 603
1339 146
1340 794
1341 1082
1342 616
1343 683
1344 1248
1345 1336
1346 604
1347 1163
1348 1162
1349 1202
1350 143
1351 1180
1352 372
1353 1296
1354 614
1355 978
1356 797
1357 1290
1358 1151
1359 742
1360 473
1361 1054
1362 542
1363 978
1364 637
1365 755
1366 1074
1367 877
1368 649
1369 1131
1370 1042
1371 914
1372 427
1373 430
1374 796
1375 143
1376 233
1377 271
1378 700
1379 245
1380 810
1381 125
1382 151
1383 990
1384 868
1385 1078
1386 634
1387 1360
1388 498
1389 1092
1390 683
1391 263
1392 242
1393 1029
1394 1372
1395 179
1396 394
1397 1110
1398 1071
1399 1055
1400 507
1401 143
1402 1017
1403 287
1404 1055
1405 1373
1406 864
1407 1199
1408 191
1409 1046
1410 357
1411 1394
1412 1284
1413 1079
1414 872
1415 64
1416 1199
1417 1148
1418 1040
1419 1161
1420 1307
1421 571
1422 144
1423 309
1424 124
1425 914
1426 290
1427 555
1428 306
1429 158
1430 1130
1431 792
1432 930
1433 967
1434 1214
1435 920
1436 1405
1437 1141
1438 1419
1439 1049
1440 955
1441 1168
1442 796
1443 1285
1444 379
1445 1317
1446 428
1447 906
1448 683
1449 1372
1450 1277
1451 1031
1452 399
1453 1180
1454 660
1455 1323
1456 410
1457 854
1458 420
1459 557
1460 1295
1461 790
1462 1416
1463 1031
1464 120
1465 143
1466 437
1467 778
1468 1137
1469 1160
1470 906
1471 1202
1472 459
1473 1202
1474 1296
1475 1154
1476 1017
1477 796
1478 1406
1479 1104
1480 897
1481 1188
1482 1355
1483 295
1484 590
1485 1153
1486 362
1487 997
1488 1423
1489 1327
1490 1422
1491 1408
1492 1258
1493 896
1494 1412
1495 61
1496 1482
1497 1472
1498 797
1499 1353
1500 831
1501 1416
1502 1049
1503 654
1504 1196
1505 1046
1506 1264
1507 667
1508 1436
1509 881
1510 1372
1511 33
1512 1355
1513 1355
1514 997
1515 1318
1516 1352
1517 430
1518 1295
1519 1518
1520 787
1521 736
1522 753
1523 1115
1524 1483
1525 724
1526 1423
1527 1335
1528 954
1529 653
1530 1115
1531 1504
1532 1500
1533 1476
1534 1425
1535 1287
1536 1074
1537 302
1538 1068
1539 174
1540 1524
1541 1297
1542 796
1543 522
1544 1144
1545 634
1546 235
1547 878
1548 1106
1549 1044
1550 1419
1551 143
1552 1046
1553 125
1554 484
1555 1524
1556 1160
1557 416
1558 707
1559 111
1560 1558
1561 645
1562 1074
1563 778
1564 1340
1565 1380
1566 774
1567 1227
1568 1355
1569 1539
1570 1557
1571 1185
1572 1031
1573 1423
1574 291
1575 810
1576 1151
1577 748
1578 1297
1579 1161
1580 868
1581 625
1582 973
1583 476
1584 248
1585 1143
1586 1499
1587 1011
1588 1046
1589 504
1590 211
1591 92
1592 772
1593 1539
1594 306
1595 1074
1596 1151
1597 754
1598 796
1599 45
1600 1262
1601 642
1602 1572
1603 1401
1604 1234
1605 867
1606 1559
1607 941
1608 797
1609 1058
1610 392
1611 1077
1612 891
1613 973
1614 633
1615 676
1616 1271
1617 1103
1618 796
1619 988
1620 120
1621 328
1622 1499
1623 604
1624 1476
1625 1076
1626 1476
1627 1360
1628 740
1629 297
1630 1419
1631 724
1632 995
1633 1296
1634 746
1635 796
1636 1634
1637 1324
1638 1154
1639 1242
1640 612
1641 507
1642 410
1643 1547
1644 1503
1645 1382
1646 1416
1647 1627
1648 1074
1649 1285
1650 1439
1651 657
1652 1419
1653 372
1654 847
1655 1311
1656 1246
1657 513
1658 1078
1659 1077
1660 997
1661 255
1662 65
1663 1518
1664 1349
1665 1539
1666 1612
1667 1400
1668 1416
1669 1258
1670 1423
1671 612
1672 819
1673 158
1674 137
1675 931
1676 1165
1677 1496
1678 1389
1679 523
1680 483
1681 435
1682 560
1683 341
1684 819
1685 985
1686 1387
1687 840
1688 372
1689 544
1690 29
1691 1299
1692 1234
1693 1358
1694 143
1695 191
1696 1256
1697 418
1698 1202
1699 1534
1700 590
1701 1040
1702 292
1703 65
1704 1423
1705 111
1706 1323
1707 894
1708 1546
1709 379
1710 1205
1711 1573
1712 1210
1713 1146
1714 1214
1715 1153
1716 342
1717 458
1718 1160
1719 495
1720 424
1721 1355
1722 1423
1723 954
1724 1220
1725 1199
1726 1257
1727 888
1728 634
1729 1721
1730 1129
1731 28
1732 87
1733 1447
1734 143
1735 1598
1736 1731
1737 1183
1738 158
1739 1634
1740 1208
1741 530
1742 489
1743 1294
1744 974
1745 1433
1746 121
1747 664
1748 686
1749 999
1750 500
1751 1598
1752 607
1753 1703
1754 1741
1755 1557
1756 1002
1757 311
1758 1099
1759 1160
1760 385
1761 1040
1762 1033
1763 1628
1764 1334
1765 1507
1766 798
1767 952
1768 1199
1769 1734
1770 724
1771 1744
1772 1162
1773 373
1774 1144
1775 1127
1776 1199
1777 207
1778 1115
1779 901
1780 957
1781 631
1782 914
1783 1127
1784 683
1785 1184
1786 810
1787 195
1788 656
1789 199
1790 111
1791 936
1792 1231
1793 388
1794 1741
1795 1634
1796 286
1797 1282
1798 625
1799 1580
1800 1524
1801 878
1802 1627
1803 620
1804 391
1805 802
1806 229
1807 466
1808 1430
1809 537
1810 259
1811 918
1812 921
1813 1627
1814 1630
1815 124
1816 1768
1817 1357
1818 471
1819 1705
1820 1080
1821 1790
1822 334
1823 1455
1824 588
1825 461
1826 1608
1827 560
1828 1727
1829 1649
1830 1555
1831 621
1832 541
1833 1795
1834 1406
1835 1074
1836 1325
1837 282
1838 420
1839 1210
1840 547
1841 1416
1842 1199
1843 1283
1844 1205
1845 548
1846 1416
1847 885
1848 649
1849 1427
1850 1786
1851 1744
1852 771
1853 1127
1854 1676
1855 960
1856 143
1857 478
1858 1604
1859 1539
1860 826
1861 1396
1862 1199
1863 111
1864 1202
1865 1544
1866 1355
1867 1270
1868 697
1869 905
1870 1022
1871 373
1872 274
1873 1132
1874 906
1875 1447
1876 1477
1877 791
1878 1202
1879 1608
1880 1017
1881 1775
1882 496
1883 1416
1884 1774
1885 1793
1886 249
1887 1199
1888 1620
1889 1388
1890 1868
1891 167
1892 906
1893 814
1894 1055
1895 462
1896 1845
1897 1372
1898 774
1899 143
1900 1294
1901 1829
1902 640
1903 271
1904 1097
1905 649
1906 1479
1907 1074
1908 1694
1909 1317
1910 659
1911 1873
1912 1520
1913 1559
1914 1423
1915 1683
1916 1224
1917 1202
1918 1221
1919 1718
1920 419
1921 1332
1922 1831
1923 1859
1924 852
1925 1912
1926 1231
1927 1736
1928 512
1929 1379
1930 634
1931 1501
1932 1124
1933 1930
1934 1178
1935 337
1936 1749
1937 637
1938 547
1939 1831
1940 1022
1941 1758
1942 1002
1943 1376
1944 233
1945 1249
1946 1005
1947 1488
1948 906
1949 252
1950 1846
1951 791
1952 1169
1953 1786
1954 475
1955 1665
1956 1495
1957 1344
1958 1416
1959 1564
1960 1140
1961 1208
1962 1885
1963 1884
1964 1697
1965 1151
1966 1432
1967 187
1968 1167
1969 1837
1970 1494
1971 1444
1972 916
1973 430
1974 1532
1975 1839
1976 1208
1977 368
1978 1920
1979 1035
1980 1727
1981 1866
1982 1948
1983 360
1984 323
1985 251
1986 615
1987 586
1988 1402
1989 258
1990 349
1991 372
1992 906
1993 1590
1994 835
1995 1945
1996 988
1997 1617
1998 1555
1999 1930
2000 1287
2001 768
2002 1492
2003 866
2004 1379
2005 1357
2006 1436
2007 1672
2008 1845
2009 1666
2010 1345
2011 1627
2012 1720
2013 1202
2014 2003
2015 1826
2016 2011
2017 372
2018 1031
2019 797
2020 1195
2021 1348
2022 578
2023 1559
2024 177
2025 1395
2026 1673
2027 1758
2028 1346
2029 1539
2030 1363
2031 1760
2032 1685
2033 1228
2034 444
2035 698
2036 1099
2037 735
2038 459
2039 1157
2040 1355
2041 1595
2042 1178
2043 2026
2044 958
2045 1311
2046 274
2047 1357
2048 403
2049 1386
2050 1087
2051 1187
2052 387
2053 832
2054 2033
2055 1769
2056 985
2057 1694
2058 1202
2059 1421
2060 1940
2061 1345
2062 2009
2063 260
2064 1400
2065 905
2066 599
2067 152
2068 1895
2069 997
2070 1297
2071 1521
2072 1472
2073 471
2074 1046
2075 2024
2076 1992
2077 1992
2078 2002
2079 1766
2080 206
2081 1767
2082 2030
2083 1930
2084 1826
2085 948
2086 1864
2087 1031
2088 997
2089 604
2090 1682
2091 143
2092 314
2093 213
2094 906
2095 1080
2096 221
2097 1552
2098 906
2099 1325
2100 1231
2101 2090
2102 955
2103 1040
2104 733
2105 1579
2106 539
2107 283
2108 1951
2109 493
2110 1518
2111 1627
2112 1374
2113 1355
2114 1043
2115 1992
2116 1873
2117 1074
2118 167
2119 741
2120 1896
2121 1310
2122 1386
2123 471
2124 1948
2125 782
2126 1545
2127 1712
2128 1046
2129 1654
2130 810
2131 1072
2132 1016
2133 1393
2134 1682
2135 1833
2136 1066
2137 287
2138 1499
2139 2125
2140 73
2141 847
2142 727
2143 1127
2144 28
2145 1539
2146 1998
2147 1968
2148 1801
2149 368
2150 1955
2151 796
2152 2078
2153 101
2154 1505
2155 1879
2156 2096
2157 2113
2158 1909
2159 1604
2160 2012
2161 1570
2162 1292
2163 969
2164 2105
2165 1670
2166 1523
2167 1644
2168 388
2169 1348
2170 1031
2171 1158
2172 2156
2173 1539
2174 1085
2175 509
2176 1937
2177 1243
2178 1921
2179 143
2180 1715
2181 244
2182 2107
2183 1852
2184 1355
2185 1572
2186 2082
2187 2144
2188 1291
2189 1094
2190 1579
2191 1539
2192 252
2193 111
2194 997
2195 1083
2196 581
2197 1234
2198 778
2199 263
2200 1735
2201 1332
2202 2106
2203 1616
2204 128
2205 1866
2206 807
2207 1983
2208 103
2209 1436
2210 621
2211 1724
2212 2206
2213 1062
2214 1741
2215 2179
2216 1074
2217 1267
2218 736
2219 1017
2220 649
2221 1017
2222 1758
2223 1283
2224 2176
2225 1923
2226 1423
2227 629
2228 2033
2229 1622
2230 858
2231 1126
2232 1502
2233 1218
2234 1617
2235 1429
2236 1162
2237 1627
2238 1736
2239 1776
2240 980
2241 1060
2242 1760
2243 1740
2244 1308
2245 2239
2246 1202
2247 472
2248 240
2249 1046
2250 1425
2251 278
2252 1355
2253 856
2254 1545
2255 1957
2256 384
2257 1202
2258 796
2259 253
2260 1917
2261 1355
2262 462
2263 1408
2264 1355
2265 939
2266 948
2267 1723
2268 452
2269 2231
2270 921
2271 1694
2272 826
2273 158
2274 1202
2275 1964
2276 1407
2277 1843
2278 569
2279 830
2280 2238
2281 1914
2282 1514
2283 2280
2284 2097
2285 1386
2286 1408
2287 1495
2288 1208
2289 2082
2290 1213
2291 693
2292 1767
2293 1634
2294 951
2295 1355
2296 2280
2297 1314
2298 1423
2299 594
2300 1040
2301 1677
2302 1416
2303 2189
2304 2160
2305 965
2306 2280
2307 2059
2308 2090
2309 917
2310 306
2311 1242
2312 1798
2313 2151
2314 315
2315 1648
2316 1223
2317 2113
2318 1040
2319 1628
2320 1653
2321 1223
2322 1379
2323 1515
2324 1261
2325 309
2326 1940
2327 1197
2328 2322
2329 305
2330 306
2331 1975
2332 1957
2333 1894
2334 958
2335 1007
2336 1170
2337 1501
2338 1900
2339 1866
2340 2280
2341 2030
2342 638
2343 1011
2344 2252
2345 1574
2346 65
2347 143
2348 1480
2349 2002
2350 507
2351 1080
2352 1323
2353 597
2354 2133
2355 2331
2356 298
2357 1416
2358 1264
2359 1940
2360 1551
2361 687
2362 1260
2363 563
2364 481
2365 1144
2366 1745
2367 1824
2368 1199
2369 1539
2370 979
2371 112
2372 1108
2373 992
2374 772
2375 2095
2376 143
2377 2090
2378 1386
2379 1539
2380 143
2381 412
2382 1045
2383 924
2384 2305
2385 1300
2386 2236
2387 1935
2388 1026
2389 930
2390 1741
2391 1425
2392 1896
2393 891
2394 333
2395 1355
2396 1879
2397 1151
2398 2352
2399 2202
2400 1071
2401 2215
2402 1231
2403 2177
2404 1091
2405 2150
2406 1448
2407 1548
2408 2054
2409 1487
2410 1748
2411 143
2412 1604
2413 2208
2414 1965
2415 2204
2416 1925
2417 1135
2418 2063
2419 1727
2420 818
2421 1831
2422 143
2423 1028
2424 1423
2425 1078
2426 2308
2427 1850
2428 621
2429 2380
2430 2125
2431 2127
2432 1247
2433 1873
2434 143
2435 237
2436 334
2437 2212
2438 1975
2439 301
2440 832
2441 1074
2442 2433
2443 1515
2444 71
2445 2344
2446 797
2447 2429
2448 1267
2449 2270
2450 55
2451 292
2452 2194
2453 846
2454 1465
2455 1873
2456 1929
2457 1811
2458 229
2459 1553
2460 976
2461 2054
2462 1925
2463 2424
2464 1673
2465 1078
2466 2231
2467 2176
2468 2127
2469 2092
2470 2443
2471 1993
2472 1874
2473 2162
2474 2376
2475 2449
2476 2149
2477 1896
2478 1930
2479 1425
2480 1042
2481 816
2482 240
2483 1862
2484 1479
2485 2003
2486 1303
2487 2136
2488 826
2489 1179
2490 2002
2491 1690
2492 2024
2493 613
2494 2362
2495 819
2496 1740
2497 1173
2498 1634
2499 1586
2500 2297
2501 159
2502 280
2503 1627
2504 2279
2505 1503
2506 2432
2507 2449
2508 1734
2509 1456
2510 1026
2511 2321
2512 973
2513 1903
2514 1758
2515 1650
2516 1790
2517 1694
2518 1957
2519 847
2520 143
2521 1199
2522 1440
2523 1559
2524 2019
2525 1046
2526 1355
2527 1953
2528 987
2529 2439
2530 2028
2531 2230
2532 143
2533 450
2534 221
2535 870
2536 929
2537 2449
2538 2134
2539 1562
2540 1277
2541 536
2542 1355
2543 1596
2544 111
2545 1871
2546 769
2547 797
2548 1504
2549 2433
2550 1653
2551 2357
2552 1501
2553 281
2554 2090
2555 461
2556 2527
2557 1118
2558 2342
2559 1626
2560 2272
2561 1408
2562 2280
2563 1979
2564 1745
2565 1426
2566 1675
2567 842
2568 2176
2569 191
2570 31
2571 1078
2572 1276
2573 2280
2574 2204
2575 2433
2576 2087
2577 930
2578 1990
2579 1491
2580 1367
2581 826
2582 649
2583 2305
2584 1145
2585 1924
2586 1017
2587 1529
2588 2280
2589 810
2590 545
2591 2414
2592 2280
2593 2504
2594 2305
2595 1534
2596 1930
2597 1690
2598 2397
2599 1798
2600 1605
2601 2539
2602 1046
2603 2432
2604 2305
2605 29
2606 1604
2607 1727
2608 2576
2609 2147
2610 532
2611 881
2612 1231
2613 1524
2614 1361
2615 1404
2616 475
2617 1978
2618 1539
2619 2296
2620 2090
2621 1381
2622 143
2623 1258
2624 2145
2625 1331
2626 1355
2627 1419
2628 2131
2629 2002
2630 1234
2631 1545
2632 1412
2633 1520
2634 2527
2635 1567
2636 1563
2637 1834
2638 2276
2639 1713
2640 1063
2641 2066
2642 1047
2643 826
2644 744
2645 1056
2646 2545
2647 1455
2648 1539
2649 338
2650 2623
2651 1921
2652 2021
2653 380
2654 1716
2655 841
2656 2023
2657 1954
2658 1294
2659 664
2660 1002
2661 2318
2662 1425
2663 269
2664 2133
2665 2373
2666 1214
2667 1873
2668 2543
2669 2205
2670 805
2671 302
2672 306
2673 1149
2674 741
2675 612
2676 1940
2677 881
2678 316
2679 1527
2680 1687
2681 1001
2682 2304
2683 1805
2684 1148
2685 350
2686 2328
2687 2647
2688 2054
2689 277
2690 2147
2691 1535
2692 891
2693 1448
2694 1153
2695 2054
2696 2380
2697 1019
2698 884
2699 2033
2700 2350
2701 525
2702 2220
2703 2153
2704 1949
2705 2140
2706 1323
2707 1558
2708 2514
2709 124
2710 2217
2711 995
2712 1034
2713 2106
2714 1943
2715 1455
2716 2182
2717 1854
2718 2156
2719 1978
2720 1416
2721 1416
2722 2712
2723 2183
2724 2634
2725 2147
2726 1213
2727 1589
2728 2504
2729 2231
2730 274
2731 838
2732 1355
2733 2456
2734 1735
2735 1823
2736 2101
2737 2087
2738 2344
2739 1355
2740 1355
2741 1537
2742 1001
2743 2267
2744 1999
2745 2124
2746 1634
2747 2513
2748 1030
2749 1646
2750 837
2751 1795
2752 1423
2753 2453
2754 1931
2755 302
2756 1595
2757 741
2758 617
2759 1524
2760 2215
2761 1463
2762 2147
2763 2665
2764 710
2765 722
2766 1199
2767 1030
2768 2432
2769 158
2770 1634
2771 1198
2772 1255
2773 361
2774 599
2775 1199
2776 2214
2777 403
2778 2733
2779 1786
2780 621
2781 1202
2782 1741
2783 1280
2784 1880
2785 1634
2786 1343
2787 2489
2788 2099
2789 2180
2790 944
2791 2572
2792 1202
2793 2150
2794 2158
2795 1946
2796 1023
2797 1980
2798 2530
2799 2152
2800 2366
2801 2530
2802 914
2803 229
2804 1499
2805 1913
2806 2485
2807 457
2808 1595
2809 2060
2810 1040
2811 2419
2812 1488
2813 1017
2814 2438
2815 1130
2816 352
2817 1739
2818 1957
2819 2324
2820 2147
2821 1727
2822 1896
2823 2575
2824 2644
2825 2586
2826 2054
2827 2588
2828 520
2829 2565
2830 2046
2831 246
2832 2125
2833 1283
2834 2506
2835 1074
2836 1017
2837 997
2838 796
2839 1067
2840 1803
2841 43
2842 2293
2843 2025
2844 703
2845 469
2846 1078
2847 2435
2848 2773
2849 1741
2850 2802
2851 1840
2852 1343
2853 2087
2854 1300
2855 1160
2856 493
2857 2800
2858 1737
2859 1936
2860 1055
2861 1031
2862 537
2863 2682
2864 351
2865 1738
2866 1122
2867 223
2868 2307
2869 572
2870 862
2871 2052
2872 2756
2873 1896
2874 215
2875 984
2876 2101
2877 2844
2878 1101
2879 2421
2880 2878
2881 2215
2882 2087
2883 2356
2884 2409
2885 824
2886 1963
2887 881
2888 632
2889 1103
2890 2437
2891 410
2892 2222
2893 2147
2894 1425
2895 1416
2896 1741
2897 191
2898 2583
2899 2555
2900 912
2901 1778
2902 984
2903 1539
2904 2824
2905 996
2906 2333
2907 615
2908 1022
2909 2508
2910 527
2911 214
2912 1225
2913 815
2914 535
2915 856
2916 2753
2917 2176
2918 1862
2919 1416
2920 905
2921 2382
2922 2008
2923 1464
2924 2090
2925 2176
2926 2305
2927 2792
2928 2738
2929 2751
2930 2733
2931 2806
2932 1793
2933 2170
2934 1203
2935 1520
2936 2365
2937 1154
2938 600
2939 2082
2940 2193
2941 2808
2942 1293
2943 2023
2944 2474
2945 65
2946 898
2947 214
2948 2242
2949 2759
2950 132
2951 1983
2952 1509
2953 2376
2954 936
2955 1191
2956 815
2957 2086
2958 2946
2959 2449
2960 2415
2961 2618
2962 2591
2963 2061
2964 902
2965 1690
2966 1823
2967 2474
2968 2162
2969 1295
2970 2892
2971 2733
2972 1199
2973 2360
2974 2778
2975 1425
2976 2293
2977 482
2978 797
2979 1723
2980 2764
2981 2605
2982 2435
2983 2824
2984 2807
2985 400
2986 2858
2987 2723
2988 2947
2989 1527
2990 537
2991 542
2992 2432
2993 2803
2994 306
2995 1934
2996 1357
2997 715
2998 1953
2999 2946
3000 1394
3001 1057
3002 988
3003 913
3004 2292
3005 2816
3006 1467
3007 2887
3008 748
3009 1647
3010 1960
3011 1912
3012 1540
3013 2122
3014 1074
3015 2579
3016 1119
3017 3001
3018 2305
3019 1926
3020 594
3021 1956
3022 314
3023 1850
3024 2232
3025 865
3026 1532
3027 2927
3028 1475
3029 2248
3030 2897
3031 2276
3032 1322
3033 2454
3034 1699
3035 2376
3036 2119
3037 94
3038 2615
3039 692
3040 2514
3041 2506
3042 555
3043 2305
3044 1717
3045 1353
3046 796
3047 1176
3048 683
3049 1848
3050 830
3051 1134
3052 648
3053 2968
3054 2156
3055 2769
3056 1229
3057 1627
3058 1878
3059 1503
3060 2531
3061 1232
3062 2493
3063 1416
3064 3045
3065 2071
3066 1942
3067 664
3068 2073
3069 2066
3070 2766
3071 1604
3072 948
3073 1876
3074 2972
3075 1634
3076 1514
3077 2698
3078 1288
3079 2798
3080 2383
3081 2463
3082 1253
3083 2305
3084 2071
3085 1465
3086 1761
3087 2596
3088 1468
3089 2054
3090 1963
3091 796
3092 2889
3093 499
3094 2470
3095 554
3096 2919
3097 1549
3098 1758
3099 2280
3100 2634
3101 933
3102 2024
3103 1830
3104 2527
3105 1520
3106 3003
3107 1807
3108 1606
3109 1932
3110 955
3111 686
3112 146
3113 381
3114 2747
3115 1953
3116 2525
3117 2233
3118 1577
3119 905
3120 2644
3121 167
3122 2233
3123 2489
3124 3003
3125 2292
3126 2101
3127 2507
3128 1436
3129 2482
3130 2078
3131 1031
3132 2393
3133 1587
3134 1124
3135 1833
3136 2857
3137 747
3138 1473
3139 2670
3140 2651
3141 1605
3142 1669
3143 2438
3144 836
3145 939
3146 1982
3147 2511
3148 2247
3149 2769
3150 2272
3151 2468
3152 724
3153 2147
3154 2588
3155 2907
3156 1932
3157 2362
3158 2919
3159 2540
3160 1896
3161 2776
3162 791
3163 2297
3164 2758
3165 2844
3166 2087
3167 1996
3168 296
3169 2726
3170 2272
3171 2222
3172 475
3173 3017
3174 1357
3175 796
3176 1524
3177 2181
3178 342
3179 599
3180 329
3181 1753
3182 1612
3183 416
3184 2635
3185 1768
3186 3161
3187 1168
3188 870
3189 1678
3190 1382
3191 505
3192 2988
3193 390
3194 2485
3195 1261
3196 2945
3197 27
3198 158
3199 2366
3200 2580
3201 1899
3202 345
3203 2433
3204 1355
3205 1902
3206 2378
3207 1046
3208 306
3209 1199
3210 797
3211 427
3212 2331
3213 2591
3214 2437
3215 2887
3216 1666
3217 2327
3218 2777
3219 2927
3220 1071
3221 952
3222 3039
3223 615
3224 1051
3225 2766
3226 1476
3227 439
3228 3003
3229 334
3230 2646
3231 2504
3232 1261
3233 2883
3234 1539
3235 1192
3236 3220
3237 635
3238 3206
3239 304
3240 199
3241 171
3242 2537
3243 583
3244 1399
3245 946
3246 1896
3247 471
3248 1423
3249 1539
3250 2941
3251 954
3252 2648
3253 1003
3254 1111
3255 551
3256 371
3257 2603
3258 2844
3259 2892
3260 1279
3261 914
3262 2486
3263 1896
3264 3049
3265 2780
3266 2588
3267 2501
3268 3127
3269 3011
3270 1148
3271 1809
3272 1566
3273 2527
3274 2858
3275 3249
3276 2078
3277 2572
3278 2877
3279 2508
3280 1264
3281 3094
3282 1896
3283 1539
3284 1539
3285 1014
3286 2883
3287 382
3288 2102
3289 2941
3290 2008
3291 1497
3292 1218
3293 1916
3294 2557
3295 0
3296 5
3297 2950
3298 50
3299 2106
3300 3177
3301 86
3302 1511
3303 2493
3304 1093
3305 63
3306 169
3307 688
3308 3197
3309 381
3310 47
3311 913
3312 2925
3313 655
3314 145
3315 72
3316 91
3317 10
3318 1081
3319 40
3320 1674
3321 3239
3322 1113
3323 54
3324 294
3325 1731
3326 133
3327 1178
3328 39
3329 3042
3330 1177
3331 118
3332 890
3333 16
3334 93
3335 3260
3336 908
3337 2093
3338 18
3339 411
3340 1746
3341 460
3342 3129
3343 603
3344 1431
3345 737
3346 1298
3347 1599
3348 2678
3349 687
3350 28
3351 2856
3352 2187
3353 1690
3354 107
3355 2444
3356 31
3357 2981
3358 36
3359 2570
3360 1150
3361 962
3362 700
3363 484
3364 1585
3365 36
3366 795
3367 142
3368 158
3369 2841
3370 501
3371 2471
3372 333
3373 312
3374 2777
3375 407
3376 779
3377 743
3378 1985
3379 2450
3380 90
3381 2079
3382 2511
3383 2287
3384 1415
3385 2731
3386 1910
3387 139
3388 3235
3389 2864
3390 2923
3391 811
3392 702
3393 418
3394 1159
3395 65
3396 653
3397 65
3398 3052
3399 65
3400 275
3401 777
3402 2663
3403 829
3404 65
3405 1036
3406 2535
3407 65
3408 3181
3409 65
3410 2028
3411 1435
3412 1117
3413 65
3414 1915
3415 354
3416 65
3417 65
3418 65
3419 404
3420 65
3421 2390
3422 65
3423 84
3424 554
3425 65
3426 936
3427 508
3428 1549
3429 3227
3430 65
3431 2168
3432 2346
3433 3037
3434 1423
3435 65
3436 97
3437 3205
3438 65
3439 657
3440 975
3441 3196
3442 705
3443 65
3444 1709
3445 65
3446 65
3447 1935
3448 960
3449 65
3450 849
3451 65
3452 1328
3453 535
3454 2136
3455 3256
3456 236
3457 1861
3458 1744
3459 1422
3460 1983
3461 2096
3462 1662
3463 127
3464 766
3465 65
3466 565
3467 65
3468 759
3469 1708
3470 1717
3471 85
3472 247
3473 2870
3474 633
3475 579
3476 151
3477 66
3478 71
3479 2705
3480 233
3481 761
3482 2199
3483 2175
3484 1063
3485 500
3486 2204
3487 511
3488 1355
3489 130
3490 1288
3491 1732
3492 1591
3493 3066
3494 608
3495 540
3496 1235
3497 567
3498 1315
3499 93
3500 2644
3501 98
3502 1928
3503 154
3504 589
3505 935
3506 2330
3507 2502
3508 99
3509 2703
3510 103
3511 103
3512 2208
3513 1096
3514 824
3515 103
3516 175
3517 105
3518 2741
3519 817
3520 2382
3521 506
3522 109
3523 2888
3524 2680
3525 2581
3526 136
3527 531
3528 111
3529 1566
3530 111
3531 150
3532 1832
3533 463
3534 401
3535 1837
3536 111
3537 111
3538 111
3539 111
3540 663
3541 111
3542 488
3543 892
3544 860
3545 2940
3546 111
3547 1863
3548 1657
3549 111
3550 2294
3551 276
3552 1332
3553 1790
3554 1095
3555 553
3556 2023
3557 2544
3558 208
3559 738
3560 111
3561 2510
3562 111
3563 2256
3564 454
3565 2269
3566 220
3567 1252
3568 1819
3569 1069
3570 2371
3571 2334
3572 389
3573 3267
3574 1888
3575 733
3576 355
3577 1067
3578 666
3579 884
3580 124
3581 1578
3582 1637
3583 2934
3584 124
3585 438
3586 124
3587 2844
3588 141
3589 267
3590 1661
3591 124
3592 329
3593 2037
3594 1882
3595 124
3596 748
3597 124
3598 1424
3599 1748
3600 1815
3601 124
3602 538
3603 126
3604 124
3605 124
3606 2709
3607 889
3608 124
3609 124
3610 516
3611 985
3612 264
3613 125
3614 1553
3615 2621
3616 552
3617 1076
3618 642
3619 321
3620 771
3621 279
3622 770
3623 486
3624 139
3625 763
3626 938
3627 141
3628 919
3629 2422
3630 746
3631 143
3632 982
3633 2593
3634 934
3635 479
3636 651
3637 1551
3638 2380
3639 785
3640 469
3641 1987
3642 143
3643 864
3644 143
3645 2376
3646 143
3647 1202
3648 290
3649 143
3650 564
3651 1254
3652 2533
3653 789
3654 293
3655 143
3656 587
3657 143
3658 547
3659 1952
3660 1006
3661 143
3662 1018
3663 1847
3664 562
3665 143
3666 3191
3667 1021
3668 161
3669 370
3670 1807
3671 2434
3672 343
3673 707
3674 143
3675 577
3676 143
3677 497
3678 1457
3679 3202
3680 406
3681 1742
3682 143
3683 143
3684 143
3685 3088
3686 2347
3687 143
3688 366
3689 143
3690 353
3691 143
3692 2982
3693 1583
3694 344
3695 3201
3696 468
3697 2532
3698 1836
3699 163
3700 143
3701 157
3702 2215
3703 143
3704 143
3705 2875
3706 3293
3707 1889
3708 143
3709 3101
3710 750
3711 1084
3712 1465
3713 1350
3714 143
3715 143
3716 143
3717 2685
3718 2411
3719 1053
3720 143
3721 518
3722 143
3723 143
3724 2067
3725 143
3726 246
3727 1403
3728 2291
3729 1008
3730 272
3731 1139
3732 143
3733 143
3734 143
3735 143
3736 3287
3737 510
3738 2529
3739 168
3740 143
3741 1856
3742 143
3743 796
3744 143
3745 440
3746 143
3747 252
3748 1401
3749 143
3750 2536
3751 143
3752 1375
3753 837
3754 765
3755 226
3756 2055
3757 2091
3758 2271
3759 997
3760 3184
3761 315
3762 143
3763 2666
3764 358
3765 2385
3766 365
3767 983
3768 3237
3769 143
3770 229
3771 1236
3772 1017
3773 1369
3774 1015
3775 143
3776 182
3777 192
3778 172
3779 1521
3780 494
3781 654
3782 1977
3783 877
3784 143
3785 178
3786 2520
3787 595
3788 143
3789 850
3790 143
3791 2080
3792 570
3793 143
3794 248
3795 3117
3796 2622
3797 146
3798 2329
3799 1284
3800 821
3801 3112
3802 656
3803 146
3804 1339
3805 760
3806 1730
3807 259
3808 348
3809 1047
3810 1241
3811 166
3812 855
3813 3190
3814 151
3815 151
3816 2716
3817 1082
3818 872
3819 151
3820 449
3821 413
3822 988
3823 519
3824 156
3825 156
3826 619
3827 430
3828 1738
3829 158
3830 895
3831 1302
3832 313
3833 2964
3834 1561
3835 446
3836 1134
3837 158
3838 728
3839 158
3840 994
3841 1689
3842 158
3843 2235
3844 2273
3845 2769
3846 815
3847 2026
3848 784
3849 3198
3850 843
3851 1520
3852 1333
3853 158
3854 543
3855 158
3856 158
3857 1640
3858 159
3859 159
3860 163
3861 163
3862 977
3863 2118
3864 167
3865 3241
3866 2577
3867 3121
3868 167
3869 1891
3870 167
3871 327
3872 167
3873 775
3874 167
3875 2381
3876 410
3877 706
3878 359
3879 1264
3880 1392
3881 441
3882 474
3883 1539
3884 495
3885 1354
3886 1337
3887 723
3888 2492
3889 177
3890 177
3891 804
3892 178
3893 3001
3894 2843
3895 273
3896 1140
3897 1010
3898 184
3899 195
3900 1984
3901 684
3902 1967
3903 188
3904 1886
3905 188
3906 788
3907 188
3908 268
3909 191
3910 191
3911 2034
3912 923
3913 2541
3914 1695
3915 3030
3916 2569
3917 191
3918 1491
3919 191
3920 1789
3921 758
3922 1211
3923 1762
3924 1752
3925 1410
3926 2869
3927 195
3928 1787
3929 432
3930 1301
3931 667
3932 2689
3933 1222
3934 3240
3935 202
3936 202
3937 1498
3938 2727
3939 1127
3940 492
3941 203
3942 230
3943 203
3944 204
3945 1777
3946 2742
3947 416
3948 593
3949 1078
3950 1688
3951 1588
3952 2947
3953 214
3954 214
3955 363
3956 2911
3957 215
3958 1086
3959 2874
3960 218
3961 646
3962 1796
3963 739
3964 2160
3965 2534
3966 528
3967 223
3968 2867
3969 1273
3970 2100
3971 816
3972 226
3973 2299
3974 1123
3975 714
3976 2993
3977 2213
3978 2163
3979 2458
3980 2262
3981 1806
3982 851
3983 232
3984 233
3985 1990
3986 1056
3987 1696
3988 2714
3989 233
3990 1944
3991 2177
3992 234
3993 907
3994 1727
3995 580
3996 634
3997 616
3998 236
3999 239
4000 239
4001 2248
4002 2673
4003 1692
4004 242
4005 242
4006 242
4007 987
4008 243
4009 243
4010 810
4011 2004
4012 245
4013 1347
4014 246
4015 246
4016 246
4017 2521
4018 2831
4019 2848
4020 246
4021 1584
4022 326
4023 248
4024 1481
4025 1156
4026 248
4027 249
4028 320
4029 252
4030 2704
4031 2192
4032 1757
4033 1012
4034 295
4035 1445
4036 1286
4037 679
4038 2259
4039 3172
4040 882
4041 254
4042 1070
4043 254
4044 255
4045 255
4046 255
4047 1989
4048 1810
4049 307
4050 1050
4051 2063
4052 261
4053 1391
4054 263
4055 2031
4056 265
4057 266
4058 2513
4059 1377
4060 1314
4061 271
4062 1368
4063 1872
4064 2730
4065 2830
4066 1344
4067 2251
4068 3217
4069 2654
4070 280
4071 369
4072 2553
4073 2137
4074 287
4075 288
4076 289
4077 1426
4078 1029
4079 3164
4080 291
4081 2345
4082 1191
4083 2240
4084 292
4085 1510
4086 292
4087 292
4088 1153
4089 2451
4090 1702
4091 719
4092 292
4093 3025
4094 2936
4095 1632
4096 972
4097 2567
4098 1522
4099 1219
4100 1524
4101 2880
4102 296
4103 1208
4104 296
4105 2985
4106 3168
4107 296
4108 296
4109 3056
4110 1326
4111 423
4112 859
4113 297
4114 297
4115 1629
4116 297
4117 2356
4118 683
4119 338
4120 709
4121 1148
4122 301
4123 2755
4124 302
4125 560
4126 3255
4127 302
4128 1920
4129 670
4130 302
4131 302
4132 302
4133 1365
4134 2671
4135 1939
4136 2994
4137 2672
4138 1428
4139 306
4140 306
4141 306
4142 680
4143 399
4144 306
4145 3208
4146 306
4147 1594
4148 1166
4149 1320
4150 2310
4151 306
4152 1707
4153 1141
4154 2319
4155 726
4156 583
4157 2325
4158 529
4159 2457
4160 313
4161 1867
4162 3022
4163 2469
4164 901
4165 839
4166 314
4167 2796
4168 2717
4169 2314
4170 315
4171 315
4172 1383
4173 315
4174 316
4175 2230
4176 752
4177 606
4178 2774
4179 886
4180 1621
4181 324
4182 324
4183 483
4184 327
4185 327
4186 611
4187 3180
4188 514
4189 1547
4190 332
4191 2394
4192 333
4193 1359
4194 2585
4195 1313
4196 3229
4197 2053
4198 334
4199 2035
4200 2942
4201 986
4202 334
4203 2253
4204 3224
4205 334
4206 334
4207 1250
4208 2436
4209 1822
4210 448
4211 335
4212 1247
4213 2649
4214 661
4215 3178
4216 1189
4217 342
4218 346
4219 346
4220 346
4221 347
4222 349
4223 350
4224 863
4225 694
4226 352
4227 3005
4228 1032
4229 354
4230 2121
4231 396
4232 873
4233 1615
4234 588
4235 361
4236 361
4237 1486
4238 362
4239 362
4240 2920
4241 2815
4242 2708
4243 534
4244 1781
4245 2149
4246 1991
4247 1653
4248 2017
4249 1516
4250 1773
4251 373
4252 373
4253 566
4254 1918
4255 373
4256 1723
4257 1204
4258 373
4259 628
4260 2545
4261 374
4262 375
4263 1281
4264 639
4265 1444
4266 689
4267 379
4268 379
4269 741
4270 681
4271 2653
4272 380
4273 2563
4274 380
4275 381
4276 3113
4277 384
4278 1065
4279 2268
4280 2871
4281 1793
4282 2020
4283 2039
4284 388
4285 390
4286 390
4287 390
4288 3193
4289 391
4290 1994
4291 1804
4292 1610
4293 393
4294 396
4295 1237
4296 399
4297 399
4298 942
4299 1452
4300 399
4301 399
4302 399
4303 399
4304 1212
4305 403
4306 2048
4307 403
4308 912
4309 1025
4310 403
4311 403
4312 1194
4313 545
4314 1112
4315 2891
4316 1642
4317 2509
4318 410
4319 410
4320 412
4321 1557
4322 3183
4323 1206
4324 1697
4325 1607
4326 624
4327 1458
4328 1013
4329 1838
4330 420
4331 420
4332 420
4333 420
4334 1213
4335 2859
4336 420
4337 673
4338 1088
4339 427
4340 427
4341 3211
4342 1446
4343 658
4344 1973
4345 430
4346 1436
4347 970
4348 430
4349 2372
4350 430
4351 1517
4352 491
4353 430
4354 2610
4355 434
4356 490
4357 515
4358 1681
4359 1466
4360 437
4361 440
4362 444
4363 1527
4364 887
4365 1024
4366 3262
4367 448
4368 448
4369 448
4370 451
4371 1135
4372 455
4373 455
4374 2984
4375 457
4376 1244
4377 955
4378 459
4379 459
4380 459
4381 472
4382 3291
4383 2038
4384 2114
4385 459
4386 1825
4387 2555
4388 462
4389 1895
4390 584
4391 713
4392 822
4393 467
4394 469
4395 2845
4396 2977
4397 469
4398 542
4399 487
4400 1185
4401 471
4402 672
4403 471
4404 715
4405 2123
4406 471
4407 471
4408 471
4409 471
4410 471
4411 3247
4412 3068
4413 1818
4414 711
4415 1255
4416 471
4417 472
4418 1340
4419 472
4420 2247
4421 1242
4422 1360
4423 998
4424 2625
4425 475
4426 2657
4427 2616
4428 1857
4429 480
4430 480
4431 1152
4432 480
4433 522
4434 1893
4435 716
4436 695
4437 1114
4438 2364
4439 482
4440 1680
4441 1058
4442 1554
4443 489
4444 1120
4445 489
4446 489
4447 489
4448 533
4449 1459
4450 489
4451 549
4452 491
4453 3086
4454 2142
4455 2109
4456 2546
4457 494
4458 1433
4459 1719
4460 497
4461 497
4462 497
4463 497
4464 497
4465 497
4466 578
4467 581
4468 497
4469 497
4470 558
4471 497
4472 497
4473 498
4474 627
4475 1209
4476 498
4477 2783
4478 620
4479 3093
4480 1750
4481 503
4482 1453
4483 506
4484 2350
4485 1641
4486 1400
4487 861
4488 508
4489 1147
4490 512
4491 515
4492 590
4493 845
4494 516
4495 2828
4496 522
4497 522
4498 1182
4499 522
4500 1543
4501 685
4502 1679
4503 2701
4504 525
4505 1420
4506 2910
4507 530
4508 644
4509 535
4510 535
4511 535
4512 535
4513 2914
4514 537
4515 2990
4516 1809
4517 537
4518 2862
4519 2670
4520 574
4521 540
4522 1972
4523 836
4524 542
4525 2991
4526 1362
4527 847
4528 545
4529 2590
4530 545
4531 729
4532 1124
4533 1938
4534 547
4535 547
4536 2851
4537 547
4538 1845
4539 1020
4540 1016
4541 677
4542 548
4543 1009
4544 751
4545 554
4546 554
4547 3095
4548 3254
4549 554
4550 554
4551 554
4552 554
4553 554
4554 554
4555 2171
4556 554
4557 554
4558 1427
4559 555
4560 555
4561 1684
4562 556
4563 558
4564 2033
4565 2448
4566 559
4567 1827
4568 2090
4569 560
4570 806
4571 964
4572 562
4573 562
4574 562
4575 1493
4576 569
4577 2363
4578 757
4579 564
4580 566
4581 576
4582 568
4583 2278
4584 1109
4585 569
4586 2480
4587 569
4588 610
4589 585
4590 569
4591 569
4592 569
4593 569
4594 569
4595 641
4596 848
4597 2059
4598 573
4599 575
4600 786
4601 577
4602 577
4603 2655
4604 578
4605 578
4606 578
4607 2022
4608 578
4609 581
4610 2196
4611 718
4612 767
4613 581
4614 581
4615 581
4616 1207
4617 629
4618 581
4619 2584
4620 697
4621 3243
4622 591
4623 1128
4624 585
4625 638
4626 1824
4627 590
4628 1700
4629 590
4630 590
4631 590
4632 1484
4633 825
4634 593
4635 593
4636 593
4637 2765
4638 594
4639 3020
4640 594
4641 2353
4642 932
4643 597
4644 599
4645 2066
4646 3179
4647 2938
4648 602
4649 602
4650 1338
4651 1623
4652 604
4653 2089
4654 609
4655 1289
4656 612
4657 612
4658 1671
4659 612
4660 612
4661 947
4662 791
4663 2675
4664 613
4665 615
4666 2722
4667 615
4668 2449
4669 1904
4670 615
4671 1986
4672 2907
4673 3223
4674 615
4675 1342
4676 617
4677 971
4678 619
4679 2840
4680 2309
4681 2210
4682 621
4683 2780
4684 3067
4685 621
4686 2428
4687 624
4688 624
4689 2963
4690 625
4691 1798
4692 1581
4693 3133
4694 625
4695 625
4696 627
4697 629
4698 2227
4699 647
4700 652
4701 629
4702 629
4703 629
4704 2753
4705 674
4706 1305
4707 630
4708 633
4709 1614
4710 876
4711 634
4712 1386
4713 634
4714 1728
4715 1930
4716 634
4717 634
4718 2126
4719 3274
4720 634
4721 634
4722 634
4723 968
4724 2370
4725 1364
4726 1675
4727 1461
4728 638
4729 638
4730 1175
4731 818
4732 2558
4733 641
4734 641
4735 868
4736 773
4737 642
4738 642
4739 642
4740 675
4741 914
4742 1601
4743 881
4744 1007
4745 2407
4746 2702
4747 3049
4748 649
4749 1905
4750 2582
4751 649
4752 649
4753 649
4754 649
4755 1321
4756 946
4757 649
4758 649
4759 649
4760 2206
4761 649
4762 650
4763 653
4764 653
4765 1529
4766 653
4767 654
4768 1503
4769 1031
4770 756
4771 654
4772 654
4773 654
4774 1788
4775 656
4776 1037
4777 1651
4778 658
4779 658
4780 658
4781 660
4782 1454
4783 2265
4784 664
4785 664
4786 664
4787 682
4788 664
4789 1285
4790 664
4791 2659
4792 664
4793 664
4794 2697
4795 828
4796 664
4797 1747
4798 1500
4799 664
4800 664
4801 1068
4802 667
4803 667
4804 667
4805 667
4806 1507
4807 1911
4808 672
4809 866
4810 869
4811 679
4812 679
4813 708
4814 682
4815 682
4816 1160
4817 683
4818 3048
4819 683
4820 1390
4821 683
4822 2852
4823 2406
4824 1784
4825 686
4826 3111
4827 2361
4828 692
4829 1291
4830 3039
4831 697
4832 697
4833 697
4834 1868
4835 731
4836 734
4837 1378
4838 700
4839 1155
4840 703
4841 1560
4842 1304
4843 732
4844 707
4845 883
4846 2764
4847 712
4848 1691
4849 2997
4850 981
4851 718
4852 718
4853 2305
4854 721
4855 721
4856 721
4857 722
4858 722
4859 2889
4860 722
4861 722
4862 722
4863 722
4864 1770
4865 2139
4866 724
4867 724
4868 724
4869 724
4870 906
4871 1525
4872 3061
4873 1631
4874 724
4875 724
4876 724
4877 724
4878 724
4879 940
4880 724
4881 3152
4882 727
4883 2431
4884 949
4885 2104
4886 733
4887 735
4888 2218
4889 900
4890 959
4891 2512
4892 739
4893 2674
4894 3094
4895 741
4896 741
4897 741
4898 2757
4899 741
4900 741
4901 2119
4902 3137
4903 2166
4904 744
4905 744
4906 744
4907 1616
4908 2241
4909 1634
4910 746
4911 1167
4912 748
4913 1743
4914 748
4915 1577
4916 748
4917 748
4918 2348
4919 748
4920 3008
4921 750
4922 1075
4923 1597
4924 754
4925 1397
4926 755
4927 756
4928 756
4929 756
4930 760
4931 1262
4932 763
4933 763
4934 767
4935 767
4936 767
4937 767
4938 768
4939 2001
4940 768
4941 771
4942 2183
4943 772
4944 1592
4945 1724
4946 2374
4947 772
4948 774
4949 774
4950 774
4951 774
4952 945
4953 774
4954 991
4955 1898
4956 774
4957 777
4958 2373
4959 891
4960 778
4961 3006
4962 778
4963 778
4964 2198
4965 893
4966 2636
4967 782
4968 813
4969 786
4970 2628
4971 2050
4972 788
4973 2108
4974 791
4975 791
4976 1877
4977 1366
4978 791
4979 791
4980 791
4981 3162
4982 827
4983 1261
4984 796
4985 1542
4986 2258
4987 796
4988 796
4989 796
4990 796
4991 879
4992 1154
4993 1071
4994 796
4995 796
4996 3091
4997 796
4998 796
4999 3175
5000 1413
5001 796
5002 796
5003 796
5004 796
5005 796
5006 796
5007 796
5008 796
5009 796
5010 796
5011 796
5012 1240
5013 2112
5014 796
5015 796
5016 1618
5017 2838
5018 796
5019 796
5020 1442
5021 796
5022 3047
5023 1174
5024 796
5025 1201
5026 796
5027 796
5028 796
5029 796
5030 796
5031 3016
5032 3046
5033 796
5034 796
5035 1735
5036 874
5037 796
5038 796
5039 1635
5040 1876
5041 2151
5042 1312
5043 1181
5044 796
5045 3210
5046 797
5047 797
5048 1780
5049 797
5050 797
5051 1879
5052 1356
5053 797
5054 797
5055 809
5056 2978
5057 1805
5058 2547
5059 1216
5060 2524
5061 899
5062 797
5063 1089
5064 797
5065 797
5066 2446
5067 1489
5068 806
5069 809
5070 1151
5071 2497
5072 1575
5073 2130
5074 810
5075 1850
5076 810
5077 1004
5078 810
5079 810
5080 810
5081 810
5082 810
5083 2589
5084 1380
5085 810
5086 810
5087 3285
5088 812
5089 1283
5090 812
5091 2913
5092 2956
5093 815
5094 2481
5095 2420
5096 2495
5097 819
5098 1672
5099 820
5100 820
5101 2885
5102 825
5103 825
5104 1022
5105 825
5106 825
5107 2643
5108 2272
5109 826
5110 826
5111 826
5112 1860
5113 2488
5114 826
5115 828
5116 3050
5117 831
5118 2440
5119 833
5120 834
5121 3144
5122 2750
5123 839
5124 843
5125 846
5126 847
5127 2129
5128 2519
5129 2141
5130 2614
5131 847
5132 852
5133 2000
5134 909
5135 867
5136 2915
5137 2946
5138 859
5139 859
5140 1000
5141 1238
5142 864
5143 2637
5144 993
5145 864
5146 864
5147 864
5148 2003
5149 866
5150 1945
5151 867
5152 867
5153 1605
5154 1580
5155 1384
5156 871
5157 3188
5158 871
5159 1414
5160 873
5161 877
5162 1367
5163 1801
5164 878
5165 1295
5166 881
5167 2887
5168 881
5169 881
5170 1107
5171 2952
5172 2611
5173 2677
5174 881
5175 881
5176 881
5177 881
5178 883
5179 884
5180 884
5181 3077
5182 886
5183 886
5184 886
5185 886
5186 888
5187 889
5188 2393
5189 891
5190 3182
5191 891
5192 891
5193 891
5194 891
5195 2692
5196 894
5197 1258
5198 900
5199 1779
5200 902
5201 902
5202 904
5203 905
5204 1030
5205 2065
5206 905
5207 3119
5208 1869
5209 2790
5210 1906
5211 2076
5212 906
5213 1733
5214 906
5215 906
5216 906
5217 906
5218 906
5219 906
5220 906
5221 906
5222 1470
5223 1215
5224 906
5225 906
5226 2094
5227 3146
5228 911
5229 906
5230 906
5231 1874
5232 2195
5233 906
5234 906
5235 927
5236 1316
5237 1892
5238 2098
5239 906
5240 1239
5241 910
5242 2900
5243 3003
5244 1371
5245 1121
5246 914
5247 2662
5248 914
5249 1782
5250 3261
5251 914
5252 2850
5253 915
5254 919
5255 921
5256 921
5257 1812
5258 921
5259 923
5260 924
5261 2383
5262 924
5263 2303
5264 924
5265 926
5266 2389
5267 1966
5268 1048
5269 1791
5270 953
5271 936
5272 2954
5273 939
5274 3145
5275 1399
5276 944
5277 944
5278 944
5279 946
5280 3245
5281 946
5282 1005
5283 946
5284 952
5285 946
5286 947
5287 947
5288 947
5289 947
5290 947
5291 947
5292 1710
5293 2266
5294 2085
5295 3072
5296 2292
5297 3221
5298 953
5299 953
5300 3251
5301 1528
5302 955
5303 3288
5304 955
5305 955
5306 3110
5307 955
5308 2522
5309 2905
5310 955
5311 956
5312 1138
5313 2044
5314 1855
5315 962
5316 962
5317 1080
5318 972
5319 1613
5320 1582
5321 973
5322 973
5323 1785
5324 973
5325 973
5326 2460
5327 976
5328 977
5329 1363
5330 978
5331 1038
5332 2902
5333 984
5334 984
5335 984
5336 984
5337 984
5338 2056
5339 985
5340 2032
5341 986
5342 986
5343 986
5344 987
5345 2528
5346 987
5347 1077
5348 1619
5349 1049
5350 988
5351 3002
5352 988
5353 988
5354 988
5355 988
5356 1996
5357 993
5358 993
5359 993
5360 2711
5361 2884
5362 1041
5363 1678
5364 997
5365 2194
5366 997
5367 997
5368 997
5369 1660
5370 997
5371 997
5372 997
5373 997
5374 997
5375 997
5376 2069
5377 997
5378 1514
5379 2088
5380 997
5381 2837
5382 1052
5383 2138
5384 1122
5385 1001
5386 1001
5387 2681
5388 1308
5389 1756
5390 1091
5391 2660
5392 1003
5393 3253
5394 1003
5395 1003
5396 1003
5397 1003
5398 1003
5399 1003
5400 1004
5401 1004
5402 1005
5403 1005
5404 1187
5405 1005
5406 2795
5407 1005
5408 1006
5409 1330
5410 1007
5411 1217
5412 1007
5413 1726
5414 1007
5415 1007
5416 2335
5417 1010
5418 1010
5419 2343
5420 1012
5421 1014
5422 1014
5423 1275
5424 1014
5425 1015
5426 1016
5427 2132
5428 2221
5429 2784
5430 1017
5431 1988
5432 2836
5433 1017
5434 1017
5435 1476
5436 2825
5437 2813
5438 1017
5439 1017
5440 1017
5441 1017
5442 2219
5443 1017
5444 1136
5445 2423
5446 1021
5447 1870
5448 2908
5449 1940
5450 1022
5451 1022
5452 1102
5453 1023
5454 1024
5455 1026
5456 1026
5457 2388
5458 1026
5459 1026
5460 2133
5461 1168
5462 1268
5463 1029
5464 2748
5465 1030
5466 1419
5467 2767
5468 1030
5469 2018
5470 2170
5471 1451
5472 2861
5473 2761
5474 3131
5475 2087
5476 1031
5477 1031
5478 1031
5479 1572
5480 1038
5481 1040
5482 1701
5483 2103
5484 1040
5485 1085
5486 1040
5487 1040
5488 1040
5489 1531
5490 1040
5491 1656
5492 1040
5493 1040
5494 1040
5495 1040
5496 2318
5497 2300
5498 1040
5499 1040
5500 1418
5501 1040
5502 2810
5503 1040
5504 1040
5505 1040
5506 1040
5507 1041
5508 1042
5509 1370
5510 1043
5511 1043
5512 1043
5513 2128
5514 1046
5515 1073
5516 2284
5517 1046
5518 3207
5519 1046
5520 1046
5521 1046
5522 1046
5523 2074
5524 1046
5525 1046
5526 1409
5527 1046
5528 2771
5529 1046
5530 1046
5531 1046
5532 1046
5533 1046
5534 1046
5535 1046
5536 1290
5537 1046
5538 1046
5539 1046
5540 1046
5541 3116
5542 1046
5543 1046
5544 2249
5545 1046
5546 1505
5547 1046
5548 1172
5549 1046
5550 1100
5551 2602
5552 1046
5553 1046
5554 1046
5555 1046
5556 1046
5557 2642
5558 1502
5559 2515
5560 1049
5561 1049
5562 1050
5563 1050
5564 1055
5565 1055
5566 1055
5567 2860
5568 1055
5569 1055
5570 2906
5571 1404
5572 1055
5573 1055
5574 1056
5575 2645
5576 3032
5577 1609
5578 1058
5579 1059
5580 2640
5581 1067
5582 1067
5583 2839
5584 1067
5585 1538
5586 1171
5587 3220
5588 1071
5589 2400
5590 1071
5591 2715
5592 1398
5593 1072
5594 1562
5595 1074
5596 2216
5597 1907
5598 1074
5599 3014
5600 1074
5601 1074
5602 1074
5603 2117
5604 2041
5605 2441
5606 1536
5607 2835
5608 1074
5609 1074
5610 1835
5611 1648
5612 1076
5613 1076
5614 1625
5615 1076
5616 1077
5617 1077
5618 1077
5619 1077
5620 1077
5621 1659
5622 1611
5623 1077
5624 1077
5625 1078
5626 1078
5627 1269
5628 2465
5629 1658
5630 1078
5631 1078
5632 2571
5633 1078
5634 1078
5635 2846
5636 1385
5637 1078
5638 1078
5639 1078
5640 1078
5641 1078
5642 1078
5643 2425
5644 1078
5645 1078
5646 1259
5647 1078
5648 1078
5649 1078
5650 1282
5651 1078
5652 1079
5653 1225
5654 1079
5655 1200
5656 1820
5657 1080
5658 2351
5659 1080
5660 1080
5661 1080
5662 1080
5663 2375
5664 1341
5665 2174
5666 1089
5667 1089
5668 2404
5669 1092
5670 1093
5671 1098
5672 1098
5673 2036
5674 1099
5675 1100
5676 1245
5677 1102
5678 1103
5679 2234
5680 1103
5681 1103
5682 1107
5683 1115
5684 1530
5685 1115
5686 1115
5687 2901
5688 1115
5689 1115
5690 2866
5691 1272
5692 3134
5693 3109
5694 1126
5695 1126
5696 1127
5697 1127
5698 2143
5699 1853
5700 1127
5701 1230
5702 1127
5703 1127
5704 1881
5705 1783
5706 1127
5707 1129
5708 1430
5709 1130
5710 3051
5711 1134
5712 1134
5713 1135
5714 2417
5715 1139
5716 1139
5717 1960
5718 1437
5719 1142
5720 1143
5721 1544
5722 1144
5723 1144
5724 1774
5725 1144
5726 2169
5727 1146
5728 1146
5729 2362
5730 1146
5731 2639
5732 1147
5733 1417
5734 1148
5735 3270
5736 2684
5737 1148
5738 1148
5739 1148
5740 1148
5741 1151
5742 1151
5743 1151
5744 1151
5745 1358
5746 1151
5747 1179
5748 1151
5749 1151
5750 1151
5751 1151
5752 2598
5753 1151
5754 1965
5755 1151
5756 1151
5757 1151
5758 1151
5759 1265
5760 1151
5761 2543
5762 1151
5763 1576
5764 1153
5765 2694
5766 1153
5767 1485
5768 1153
5769 1153
5770 2789
5771 1638
5772 1276
5773 1154
5774 2937
5775 2336
5776 3028
5777 1154
5778 1154
5779 1154
5780 1154
5781 1274
5782 1160
5783 1160
5784 1186
5785 1160
5786 1160
5787 1160
5788 2855
5789 1160
5790 1160
5791 1160
5792 1160
5793 1160
5794 1718
5795 1226
5796 1160
5797 1160
5798 1759
5799 1160
5800 1266
5801 1160
5802 1469
5803 1160
5804 1556
5805 1160
5806 1160
5807 1160
5808 1161
5809 1579
5810 1162
5811 1764
5812 1162
5813 1772
5814 3159
5815 1162
5816 1162
5817 2386
5818 1163
5819 1163
5820 1166
5821 1166
5822 1968
5823 1167
5824 1441
5825 1168
5826 3187
5827 1176
5828 1176
5829 2042
5830 2995
5831 3123
5832 1179
5833 1180
5834 1351
5835 1571
5836 2051
5837 1191
5838 2955
5839 1191
5840 1199
5841 2368
5842 1199
5843 1862
5844 1199
5845 1199
5846 1199
5847 1199
5848 2775
5849 1407
5850 1199
5851 1199
5852 2239
5853 1199
5854 1199
5855 1199
5856 1199
5857 1199
5858 1199
5859 1199
5860 1199
5861 1199
5862 1199
5863 2766
5864 3074
5865 1199
5866 1725
5867 1199
5868 1842
5869 1199
5870 1816
5871 1199
5872 1306
5873 1887
5874 3209
5875 1199
5876 1416
5877 1199
5878 1199
5879 1329
5880 1202
5881 3058
5882 3027
5883 1202
5884 1202
5885 2781
5886 1202
5887 1202
5888 2257
5889 2162
5890 1698
5891 1202
5892 1202
5893 1202
5894 1202
5895 1349
5896 2274
5897 1202
5898 1202
5899 1202
5900 1471
5901 2957
5902 1202
5903 1202
5904 1202
5905 1202
5906 2246
5907 2013
5908 2058
5909 1202
5910 1202
5911 1202
5912 1473
5913 1202
5914 1202
5915 1917
5916 1203
5917 1203
5918 1203
5919 1203
5920 1309
5921 1205
5922 1205
5923 1205
5924 3082
5925 1205
5926 1205
5927 1205
5928 1844
5929 1976
5930 2288
5931 2496
5932 1208
5933 1961
5934 1975
5935 1211
5936 3169
5937 1213
5938 1213
5939 2290
5940 1714
5941 1214
5942 1434
5943 1214
5944 1214
5945 1215
5946 3292
5947 1278
5948 1218
5949 1219
5950 1220
5951 1223
5952 2316
5953 2912
5954 1225
5955 1226
5956 1227
5957 1231
5958 1231
5959 1792
5960 2402
5961 3019
5962 2612
5963 1231
5964 1231
5965 1234
5966 1234
5967 2630
5968 2197
5969 1234
5970 1604
5971 1234
5972 1242
5973 1639
5974 2311
5975 1243
5976 1243
5977 2432
5978 1247
5979 1247
5980 1247
5981 1247
5982 1251
5983 1252
5984 1253
5985 1253
5986 1255
5987 1263
5988 1255
5989 2772
5990 1256
5991 1258
5992 1258
5993 1492
5994 2623
5995 1669
5996 1260
5997 2819
5998 1261
5999 1261
6000 3195
6001 1261
6002 1261
6003 3232
6004 1262
6005 1600
6006 1262
6007 1506
6008 1264
6009 1264
6010 2358
6011 1264
6012 3280
6013 1265
6014 2710
6015 1267
6016 1269
6017 1269
6018 1272
6019 1272
6020 1274
6021 1275
6022 3277
6023 1276
6024 1277
6025 1450
6026 1280
6027 1280
6028 1281
6029 1797
6030 1282
6031 2277
6032 1283
6033 2833
6034 1283
6035 2223
6036 1494
6037 1285
6038 1285
6039 1285
6040 1285
6041 1443
6042 1285
6043 1285
6044 1901
6045 1286
6046 2691
6047 3078
6048 1289
6049 1289
6050 1290
6051 1357
6052 2188
6053 1291
6054 1291
6055 1293
6056 1293
6057 1311
6058 1294
6059 1294
6060 1294
6061 1294
6062 2658
6063 2338
6064 1294
6065 1518
6066 1460
6067 1295
6068 1295
6069 2969
6070 1296
6071 1474
6072 1633
6073 2070
6074 1541
6075 1297
6076 1298
6077 1300
6078 1300
6079 2854
6080 1301
6081 1304
6082 1305
6083 2244
6084 1655
6085 1311
6086 1319
6087 1311
6088 1311
6089 1311
6090 1311
6091 2045
6092 1314
6093 2297
6094 1314
6095 1316
6096 1909
6097 1318
6098 1321
6099 2352
6100 1323
6101 1323
6102 1706
6103 2706
6104 1323
6105 1325
6106 2788
6107 1328
6108 1921
6109 1332
6110 1332
6111 2201
6112 1332
6113 1959
6114 1340
6115 2786
6116 1344
6117 1344
6118 1344
6119 1344
6120 1344
6121 1957
6122 2010
6123 1348
6124 2652
6125 1664
6126 1349
6127 1349
6128 1349
6129 1349
6130 1349
6131 1349
6132 1349
6133 1349
6134 1349
6135 1349
6136 1350
6137 1352
6138 1352
6139 3064
6140 1355
6141 1355
6142 3204
6143 1355
6144 1512
6145 1355
6146 1355
6147 1355
6148 1355
6149 2264
6150 1355
6151 1355
6152 2732
6153 1355
6154 1355
6155 1355
6156 1355
6157 1355
6158 1355
6159 1355
6160 1355
6161 1355
6162 2261
6163 1355
6164 2395
6165 2040
6166 1355
6167 1355
6168 1355
6169 2295
6170 1355
6171 1513
6172 1355
6173 1355
6174 2626
6175 2344
6176 1355
6177 1355
6178 2542
6179 2669
6180 1355
6181 2740
6182 1355
6183 1568
6184 2184
6185 1355
6186 2157
6187 1729
6188 1355
6189 1355
6190 2301
6191 2526
6192 1355
6193 1355
6194 2739
6195 1355
6196 1355
6197 1356
6198 1356
6199 1356
6200 1356
6201 3174
6202 1357
6203 2996
6204 1357
6205 1357
6206 2005
6207 2047
6208 1357
6209 1357
6210 1817
6211 1693
6212 1360
6213 1360
6214 1360
6215 1360
6216 1360
6217 1627
6218 1387
6219 1362
6220 2030
6221 1365
6222 1365
6223 1366
6224 1367
6225 1367
6226 2580
6227 1371
6228 1897
6229 1394
6230 1449
6231 1376
6232 1376
6233 1376
6234 1378
6235 1378
6236 1378
6237 1378
6238 1378
6239 2322
6240 1929
6241 1565
6242 1380
6243 1645
6244 1384
6245 1385
6246 2285
6247 1386
6248 2378
6249 2049
6250 1386
6251 2122
6252 1386
6253 1686
6254 1389
6255 1389
6256 1394
6257 1411
6258 3000
6259 3244
6260 1399
6261 1400
6262 2064
6263 1667
6264 1400
6265 1400
6266 1400
6267 1401
6268 1401
6269 1401
6270 1401
6271 1603
6272 1401
6273 1401
6274 1402
6275 1402
6276 2615
6277 1404
6278 1404
6279 1405
6280 1478
6281 1406
6282 1406
6283 2276
6284 1408
6285 2286
6286 1408
6287 2263
6288 1408
6289 2561
6290 2632
6291 1412
6292 1415
6293 2919
6294 1416
6295 1416
6296 1416
6297 1501
6298 1416
6299 1416
6300 1416
6301 1416
6302 1950
6303 1416
6304 1416
6305 1416
6306 1958
6307 2551
6308 1416
6309 2895
6310 1416
6311 1416
6312 1416
6313 1416
6314 1416
6315 1668
6316 1841
6317 3063
6318 1416
6319 1883
6320 1462
6321 1416
6322 1416
6323 1416
6324 2302
6325 1416
6326 1416
6327 2720
6328 1416
6329 1416
6330 1416
6331 2749
6332 1416
6333 2721
6334 1416
6335 1419
6336 1438
6337 1419
6338 2627
6339 1419
6340 1652
6341 1630
6342 1550
6343 1419
6344 1419
6345 1419
6346 1419
6347 1419
6348 1419
6349 1419
6350 1419
6351 1421
6352 1421
6353 1421
6354 1422
6355 1490
6356 1423
6357 2812
6358 1423
6359 1423
6360 3248
6361 2281
6362 1423
6363 1423
6364 1423
6365 1423
6366 1670
6367 1423
6368 1423
6369 1423
6370 2298
6371 2226
6372 1722
6373 1423
6374 1423
6375 1526
6376 2463
6377 1423
6378 1423
6379 1423
6380 1423
6381 1711
6382 2752
6383 1423
6384 1423
6385 1704
6386 1423
6387 1423
6388 1423
6389 1423
6390 2250
6391 2894
6392 3034
6393 2479
6394 1425
6395 1425
6396 1425
6397 1425
6398 1425
6399 1425
6400 1425
6401 1425
6402 2975
6403 1425
6404 1425
6405 2391
6406 2565
6407 1849
6408 1430
6409 1430
6410 1808
6411 1430
6412 1430
6413 1430
6414 1430
6415 1431
6416 1432
6417 2564
6418 1433
6419 1433
6420 1433
6421 1436
6422 3128
6423 2209
6424 1436
6425 1436
6426 1436
6427 1436
6428 1436
6429 2006
6430 1436
6431 1436
6432 1508
6433 1438
6434 1438
6435 1439
6436 1971
6437 1447
6438 1875
6439 1447
6440 1448
6441 2693
6442 1448
6443 1450
6444 1451
6445 1452
6446 1452
6447 2735
6448 1455
6449 2687
6450 1455
6451 1456
6452 1456
6453 1456
6454 1456
6455 1456
6456 1456
6457 1456
6458 1458
6459 1460
6460 1460
6461 1465
6462 3033
6463 3085
6464 1465
6465 1470
6466 1472
6467 1472
6468 1472
6469 1472
6470 2072
6471 3138
6472 1474
6473 1474
6474 1474
6475 1474
6476 1476
6477 1624
6478 1476
6479 1476
6480 3226
6481 1533
6482 1626
6483 1476
6484 1476
6485 2484
6486 1480
6487 1481
6488 1485
6489 1486
6490 1947
6491 1489
6492 2579
6493 1492
6494 2078
6495 1970
6496 1495
6497 1495
6498 1956
6499 1495
6500 1622
6501 1586
6502 2804
6503 1499
6504 1499
6505 1500
6506 3026
6507 1501
6508 1501
6509 1501
6510 2754
6511 2337
6512 2552
6513 1502
6514 2232
6515 1502
6516 2167
6517 1503
6518 1503
6519 1503
6520 2505
6521 1503
6522 1503
6523 3059
6524 1503
6525 2548
6526 1504
6527 2154
6528 1507
6529 1765
6530 1508
6531 1508
6532 1508
6533 1508
6534 3076
6535 2282
6536 1514
6537 2323
6538 1515
6539 1518
6540 1518
6541 1518
6542 2110
6543 1519
6544 1518
6545 1518
6546 1663
6547 1519
6548 1520
6549 1520
6550 1912
6551 1520
6552 1520
6553 1520
6554 1520
6555 1520
6556 1520
6557 1520
6558 2633
6559 1520
6560 1520
6561 3105
6562 1520
6563 2935
6564 1521
6565 2071
6566 2613
6567 1540
6568 2949
6569 1800
6570 1524
6571 1524
6572 1524
6573 1524
6574 1524
6575 1524
6576 1524
6577 1524
6578 1524
6579 1524
6580 3176
6581 1524
6582 1555
6583 1524
6584 1525
6585 1526
6586 1527
6587 1527
6588 1527
6589 2679
6590 2989
6591 1527
6592 1529
6593 1529
6594 2587
6595 1532
6596 1974
6597 1534
6598 2595
6599 1534
6600 1535
6601 1537
6602 1537
6603 3284
6604 1539
6605 1539
6606 1539
6607 1539
6608 1539
6609 1539
6610 1539
6611 1539
6612 2150
6613 1539
6614 1539
6615 1539
6616 1539
6617 1569
6618 1859
6619 1539
6620 1539
6621 2903
6622 1539
6623 1539
6624 2961
6625 1539
6626 1539
6627 2173
6628 2624
6629 1539
6630 1539
6631 1539
6632 1539
6633 1539
6634 1539
6635 2191
6636 2029
6637 1539
6638 1539
6639 1539
6640 1539
6641 3249
6642 1539
6643 1539
6644 2369
6645 2379
6646 1539
6647 1539
6648 3283
6649 3234
6650 1539
6651 1539
6652 3252
6653 1539
6654 1539
6655 1539
6656 1539
6657 1539
6658 1539
6659 1593
6660 1539
6661 1540
6662 3012
6663 1542
6664 1865
6665 1544
6666 2631
6667 2254
6668 1545
6669 1545
6670 1546
6671 1546
6672 1643
6673 3097
6674 1550
6675 1550
6676 1550
6677 1551
6678 2973
6679 2459
6680 1554
6681 1554
6682 1830
6683 2146
6684 1555
6685 1755
6686 1570
6687 2707
6688 1558
6689 1558
6690 2523
6691 2805
6692 1606
6693 1560
6694 1560
6695 1560
6696 1560
6697 1560
6698 1560
6699 1560
6700 1561
6701 1562
6702 1562
6703 2601
6704 1564
6705 1566
6706 3272
6707 1567
6708 1567
6709 1567
6710 2161
6711 1570
6712 1570
6713 1572
6714 2185
6715 1572
6716 1602
6717 1577
6718 1577
6719 3118
6720 1577
6721 1578
6722 1579
6723 2190
6724 2164
6725 1579
6726 1579
6727 1579
6728 1579
6729 1799
6730 1580
6731 1581
6732 1581
6733 1581
6734 1581
6735 1581
6736 1581
6737 1581
6738 1581
6739 1584
6740 1584
6741 1585
6742 2499
6743 1587
6744 1587
6745 1587
6746 1588
6747 1590
6748 1595
6749 1595
6750 2872
6751 1595
6752 2808
6753 1596
6754 1751
6755 1603
6756 2159
6757 2412
6758 3071
6759 1604
6760 1604
6761 1604
6762 1604
6763 1858
6764 1604
6765 2606
6766 1604
6767 1604
6768 1604
6769 1604
6770 1605
6771 3141
6772 1605
6773 2600
6774 1605
6775 3108
6776 1606
6777 1606
6778 1606
6779 1606
6780 1608
6781 1608
6782 1608
6783 2084
6784 1608
6785 1608
6786 1666
6787 1612
6788 1616
6789 1616
6790 2203
6791 1616
6792 1616
6793 1617
6794 1997
6795 2229
6796 1625
6797 2559
6798 1627
6799 1627
6800 1627
6801 1627
6802 1627
6803 1627
6804 1802
6805 1627
6806 1627
6807 1647
6808 3057
6809 1627
6810 2111
6811 1627
6812 1627
6813 1627
6814 1627
6815 1627
6816 1627
6817 1627
6818 2237
6819 2503
6820 1813
6821 1627
6822 2016
6823 1628
6824 1763
6825 1628
6826 1628
6827 1814
6828 1631
6829 1631
6830 1632
6831 1634
6832 1634
6833 1634
6834 2751
6835 2785
6836 1634
6837 1634
6838 1634
6839 2293
6840 2746
6841 2770
6842 1634
6843 1634
6844 1634
6845 1634
6846 1634
6847 1634
6848 1634
6849 1634
6850 2498
6851 1634
6852 1634
6853 1634
6854 1634
6855 1634
6856 1634
6857 1739
6858 1634
6859 1634
6860 3075
6861 1636
6862 1634
6863 1634
6864 1634
6865 1637
6866 1638
6867 1641
6868 1643
6869 3009
6870 1647
6871 2315
6872 2550
6873 2320
6874 1654
6875 1654
6876 1657
6877 1657
6878 1657
6879 1657
6880 1657
6881 1658
6882 1660
6883 1660
6884 1664
6885 2009
6886 1666
6887 1666
6888 1666
6889 1666
6890 1666
6891 1666
6892 3216
6893 3142
6894 1670
6895 2165
6896 1671
6897 1671
6898 2007
6899 1673
6900 2464
6901 1673
6902 1673
6903 1675
6904 2566
6905 1675
6906 1678
6907 3189
6908 1681
6909 1681
6910 1682
6911 1682
6912 1682
6913 2538
6914 1682
6915 1682
6916 1684
6917 1684
6918 1688
6919 1688
6920 2491
6921 1690
6922 1690
6923 2597
6924 2965
6925 1693
6926 1694
6927 1694
6928 1694
6929 1694
6930 1694
6931 2057
6932 1694
6933 1908
6934 1694
6935 1694
6936 2517
6937 1694
6938 1694
6939 1694
6940 1694
6941 1694
6942 1695
6943 1696
6944 1696
6945 1696
6946 1697
6947 1697
6948 2275
6949 1704
6950 1704
6951 1704
6952 1704
6953 1704
6954 3044
6955 1718
6956 1919
6957 1723
6958 1723
6959 1723
6960 2743
6961 1723
6962 1723
6963 2979
6964 2211
6965 1727
6966 2821
6967 1727
6968 1727
6969 2811
6970 1828
6971 1727
6972 1980
6973 1727
6974 2607
6975 1727
6976 1727
6977 1729
6978 1730
6979 1731
6980 1927
6981 1734
6982 1734
6983 1734
6984 1734
6985 2909
6986 2734
6987 1735
6988 2200
6989 2280
6990 1738
6991 1738
6992 1738
6993 2865
6994 1738
6995 1739
6996 2817
6997 1740
6998 1740
6999 1740
7000 1740
7001 1740
7002 1740
7003 1740
7004 2243
7005 1740
7006 1740
7007 1740
7008 1740
7009 1740
7010 1740
7011 1740
7012 1741
7013 1794
7014 1741
7015 2896
7016 1741
7017 1741
7018 1741
7019 1754
7020 3161
7021 1741
7022 1741
7023 1741
7024 1741
7025 1741
7026 1741
7027 2849
7028 1741
7029 2782
7030 1743
7031 1744
7032 1771
7033 1851
7034 1745
7035 1745
7036 2800
7037 1748
7038 2410
7039 1748
7040 1751
7041 1753
7042 1755
7043 1755
7044 1755
7045 1755
7046 1756
7047 1757
7048 3098
7049 1758
7050 1758
7051 1758
7052 1758
7053 1758
7054 1758
7055 2027
7056 2222
7057 1758
7058 1758
7059 1941
7060 1758
7061 1758
7062 1760
7063 2948
7064 1761
7065 1761
7066 1764
7067 1767
7068 2081
7069 1767
7070 1767
7071 1767
7072 1768
7073 1768
7074 3185
7075 1768
7076 1770
7077 1770
7078 1770
7079 1963
7080 1774
7081 1774
7082 1779
7083 1780
7084 1780
7085 1780
7086 1780
7087 1784
7088 1785
7089 2779
7090 2998
7091 2516
7092 1821
7093 1793
7094 1962
7095 2932
7096 1833
7097 1797
7098 2312
7099 1798
7100 2599
7101 1799
7102 1799
7103 1801
7104 2148
7105 1803
7106 1804
7107 2683
7108 1806
7109 1807
7110 3107
7111 1807
7112 1808
7113 1809
7114 3271
7115 1809
7116 1818
7117 1819
7118 1821
7119 2966
7120 2367
7121 1824
7122 1826
7123 1826
7124 1826
7125 1826
7126 2015
7127 1826
7128 1826
7129 1826
7130 1827
7131 1830
7132 1830
7133 3103
7134 1831
7135 1922
7136 1831
7137 2421
7138 1831
7139 1833
7140 1833
7141 1833
7142 1833
7143 2135
7144 3135
7145 1833
7146 1833
7147 1834
7148 1834
7149 1834
7150 1837
7151 1837
7152 1969
7153 1838
7154 1838
7155 1838
7156 1838
7157 1838
7158 1842
7159 3263
7160 2922
7161 1845
7162 3023
7163 1850
7164 1850
7165 1850
7166 1850
7167 1850
7168 1850
7169 1850
7170 1850
7171 2427
7172 1850
7173 1850
7174 1850
7175 1850
7176 1853
7177 1853
7178 1853
7179 1923
7180 1859
7181 1861
7182 2918
7183 2483
7184 1863
7185 1865
7186 1981
7187 2339
7188 1867
7189 1867
7190 1867
7191 1867
7192 1867
7193 1867
7194 1867
7195 1867
7196 1867
7197 1868
7198 1890
7199 1870
7200 1872
7201 1873
7202 2116
7203 2455
7204 2433
7205 1873
7206 2667
7207 1873
7208 1874
7209 1874
7210 1874
7211 2472
7212 1874
7213 1874
7214 1874
7215 1874
7216 1875
7217 1875
7218 1875
7219 1875
7220 3073
7221 1879
7222 1879
7223 1879
7224 2396
7225 2155
7226 1879
7227 1879
7228 1879
7229 1884
7230 1884
7231 1885
7232 1886
7233 1886
7234 1886
7235 1892
7236 1895
7237 1895
7238 2068
7239 1896
7240 1896
7241 1896
7242 3282
7243 1896
7244 2873
7245 1896
7246 1896
7247 1896
7248 2822
7249 3246
7250 2120
7251 1896
7252 1896
7253 1896
7254 2392
7255 2477
7256 3160
7257 1896
7258 1897
7259 1897
7260 1898
7261 1898
7262 1898
7263 1898
7264 1898
7265 1899
7266 1899
7267 1899
7268 1900
7269 1900
7270 1901
7271 1904
7272 1905
7273 1908
7274 1908
7275 1909
7276 1909
7277 1909
7278 2794
7279 3011
7280 2416
7281 1913
7282 1913
7283 1913
7284 1913
7285 1915
7286 1915
7287 1915
7288 1916
7289 1916
7290 1916
7291 2260
7292 1917
7293 1917
7294 1918
7295 1978
7296 2178
7297 1921
7298 2651
7299 1922
7300 1922
7301 1923
7302 2225
7303 1923
7304 1923
7305 1923
7306 1923
7307 1923
7308 1923
7309 1923
7310 1923
7311 1923
7312 1923
7313 1923
7314 1923
7315 2462
7316 1925
7317 1926
7318 1926
7319 1928
7320 1929
7321 1929
7322 2733
7323 1929
7324 3087
7325 1933
7326 2478
7327 1930
7328 1930
7329 1930
7330 2083
7331 1930
7332 1930
7333 1930
7334 1930
7335 1930
7336 1930
7337 1930
7338 1930
7339 2744
7340 3156
7341 1935
7342 2387
7343 1935
7344 1935
7345 1937
7346 1939
7347 2809
7348 1940
7349 1940
7350 1940
7351 2676
7352 2359
7353 1940
7354 1940
7355 1940
7356 2326
7357 1940
7358 1942
7359 1944
7360 1995
7361 1945
7362 1947
7363 1947
7364 2745
7365 1948
7366 1950
7367 1951
7368 1951
7369 1953
7370 1953
7371 1953
7372 1953
7373 1953
7374 1953
7375 1953
7376 1953
7377 3115
7378 2527
7379 1954
7380 1954
7381 1956
7382 1956
7383 1956
7384 1956
7385 3021
7386 1956
7387 1956
7388 1956
7389 1956
7390 1956
7391 1956
7392 2332
7393 2255
7394 1957
7395 1957
7396 2818
7397 1957
7398 2518
7399 1957
7400 1957
7401 1959
7402 1959
7403 3010
7404 1960
7405 1961
7406 1963
7407 2886
7408 3090
7409 1965
7410 2591
7411 1965
7412 1966
7413 2690
7414 1968
7415 1968
7416 1969
7417 1971
7418 1971
7419 1971
7420 1971
7421 1971
7422 1971
7423 1971
7424 1971
7425 2331
7426 1975
7427 2438
7428 1975
7429 1976
7430 1977
7431 1977
7432 1977
7433 1977
7434 1978
7435 1978
7436 1978
7437 1978
7438 1978
7439 2617
7440 1978
7441 1978
7442 2719
7443 2797
7444 1980
7445 1980
7446 1980
7447 1980
7448 1980
7449 1980
7450 1980
7451 1980
7452 1981
7453 2951
7454 1983
7455 2207
7456 1984
7457 1987
7458 1988
7459 1988
7460 1988
7461 1990
7462 1990
7463 2578
7464 1990
7465 2115
7466 1992
7467 2077
7468 1992
7469 1992
7470 1993
7471 1993
7472 1994
7473 1994
7474 1996
7475 3167
7476 2001
7477 2001
7478 2002
7479 2002
7480 2002
7481 2002
7482 2002
7483 2002
7484 2490
7485 2002
7486 2002
7487 2002
7488 2629
7489 2002
7490 2002
7491 2349
7492 2002
7493 2002
7494 2002
7495 2002
7496 2002
7497 2002
7498 2002
7499 2014
7500 2931
7501 2005
7502 2007
7503 3290
7504 2062
7505 2011
7506 2015
7507 2015
7508 2015
7509 2017
7510 2021
7511 2021
7512 2023
7513 2656
7514 2023
7515 2023
7516 2943
7517 2023
7518 2023
7519 2075
7520 3102
7521 2025
7522 2025
7523 2025
7524 2043
7525 2028
7526 2530
7527 2082
7528 2030
7529 2341
7530 2030
7531 2030
7532 2030
7533 2032
7534 2033
7535 2228
7536 2033
7537 2033
7538 2699
7539 2033
7540 2054
7541 2033
7542 2033
7543 2034
7544 2037
7545 2040
7546 2040
7547 2041
7548 2042
7549 2043
7550 2043
7551 2043
7552 2043
7553 2043
7554 2046
7555 2046
7556 2046
7557 2046
7558 2046
7559 2046
7560 2046
7561 2051
7562 2052
7563 2052
7564 2054
7565 2054
7566 2054
7567 2054
7568 2054
7569 2054
7570 2054
7571 2054
7572 2054
7573 2054
7574 2054
7575 2054
7576 2054
7577 2054
7578 2054
7579 2826
7580 2054
7581 2054
7582 2054
7583 2054
7584 2054
7585 2408
7586 2054
7587 2054
7588 2054
7589 2461
7590 2054
7591 3089
7592 2054
7593 2054
7594 2054
7595 2695
7596 2054
7597 2688
7598 2054
7599 2054
7600 2054
7601 2054
7602 2054
7603 2054
7604 2055
7605 2056
7606 2056
7607 2307
7608 2059
7609 2063
7610 2418
7611 2066
7612 3069
7613 2641
7614 2071
7615 3065
7616 2071
7617 2071
7618 3084
7619 2075
7620 2075
7621 2077
7622 2078
7623 2078
7624 2078
7625 2152
7626 2078
7627 2078
7628 3130
7629 3276
7630 2078
7631 2082
7632 2289
7633 2082
7634 2186
7635 2939
7636 2853
7637 2737
7638 2087
7639 2087
7640 2087
7641 2087
7642 2087
7643 2882
7644 2087
7645 2576
7646 2087
7647 2087
7648 2087
7649 3166
7650 2088
7651 2090
7652 2377
7653 3126
7654 2090
7655 2090
7656 2426
7657 2090
7658 2554
7659 2620
7660 2090
7661 2090
7662 2090
7663 2090
7664 2090
7665 2924
7666 2090
7667 2090
7668 2090
7669 2090
7670 2090
7671 2090
7672 2095
7673 2095
7674 2095
7675 2095
7676 2156
7677 2097
7678 2099
7679 2100
7680 2100
7681 2101
7682 2876
7683 2736
7684 2105
7685 2106
7686 2106
7687 2106
7688 2106
7689 2106
7690 2106
7691 2106
7692 2106
7693 2106
7694 2106
7695 2106
7696 2106
7697 2106
7698 2202
7699 2106
7700 2106
7701 2106
7702 2713
7703 2106
7704 2106
7705 2106
7706 2106
7707 2108
7708 2317
7709 2113
7710 2113
7711 2119
7712 2119
7713 2119
7714 3036
7715 2119
7716 2119
7717 2120
7718 2122
7719 2122
7720 2122
7721 3013
7722 2123
7723 2832
7724 2430
7725 2126
7726 2126
7727 2126
7728 3151
7729 2128
7730 2132
7731 2133
7732 2664
7733 2133
7734 2354
7735 2133
7736 2135
7737 2135
7738 2136
7739 2487
7740 2136
7741 2138
7742 2138
7743 2138
7744 2140
7745 2140
7746 2140
7747 2140
7748 2142
7749 2142
7750 2142
7751 2142
7752 2893
7753 2762
7754 2147
7755 2147
7756 2820
7757 2609
7758 2147
7759 3153
7760 2725
7761 2149
7762 2476
7763 2150
7764 2405
7765 2793
7766 2150
7767 2151
7768 2151
7769 2313
7770 2151
7771 2151
7772 2152
7773 2152
7774 2799
7775 2153
7776 2153
7777 2155
7778 2156
7779 2156
7780 2156
7781 2156
7782 3054
7783 2156
7784 2156
7785 2156
7786 2172
7787 2718
7788 2157
7789 2160
7790 2304
7791 2160
7792 2160
7793 2968
7794 2473
7795 2163
7796 2169
7797 2170
7798 2170
7799 2933
7800 2170
7801 2171
7802 2173
7803 2174
7804 2175
7805 2175
7806 2176
7807 2917
7808 2176
7809 2176
7810 2176
7811 2176
7812 2176
7813 2568
7814 2224
7815 2467
7816 2403
7817 2179
7818 2179
7819 2183
7820 2183
7821 2723
7822 2183
7823 2184
7824 2184
7825 2185
7826 2185
7827 2185
7828 2185
7829 2185
7830 2186
7831 2186
7832 2186
7833 2188
7834 2188
7835 2188
7836 2194
7837 2194
7838 2452
7839 2197
7840 2197
7841 2201
7842 2399
7843 2202
7844 2203
7845 2204
7846 2204
7847 2204
7848 2415
7849 2574
7850 2206
7851 3214
7852 2207
7853 2208
7854 2413
7855 2208
7856 2209
7857 2211
7858 2211
7859 2213
7860 2213
7861 2213
7862 2215
7863 2401
7864 2215
7865 2215
7866 2215
7867 2215
7868 2881
7869 2215
7870 2215
7871 2215
7872 2215
7873 2215
7874 2215
7875 2215
7876 2760
7877 2215
7878 2215
7879 2215
7880 2215
7881 2215
7882 2215
7883 2215
7884 2217
7885 2217
7886 2217
7887 2217
7888 2217
7889 2218
7890 2219
7891 2219
7892 2219
7893 2220
7894 2221
7895 2222
7896 2222
7897 2222
7898 2222
7899 2222
7900 2222
7901 2222
7902 2970
7903 2222
7904 3171
7905 2225
7906 3060
7907 2231
7908 2231
7909 2231
7910 2231
7911 2231
7912 2729
7913 2231
7914 2231
7915 2231
7916 2466
7917 2231
7918 2231
7919 3024
7920 2233
7921 2233
7922 2233
7923 3122
7924 2236
7925 2237
7926 2239
7927 2245
7928 2240
7929 2241
7930 2241
7931 2242
7932 2242
7933 2242
7934 2242
7935 2243
7936 2243
7937 2243
7938 2244
7939 2246
7940 3148
7941 2248
7942 3029
7943 2248
7944 2248
7945 2248
7946 2248
7947 2248
7948 2248
7949 2248
7950 2248
7951 2253
7952 2253
7953 2258
7954 2261
7955 2261
7956 2261
7957 2263
7958 2263
7959 2263
7960 2263
7961 2263
7962 2264
7963 2264
7964 2264
7965 2264
7966 2264
7967 2267
7968 2271
7969 2272
7970 2272
7971 2272
7972 3170
7973 2272
7974 2272
7975 2560
7976 2272
7977 2272
7978 2272
7979 2272
7980 3150
7981 2272
7982 2273
7983 2638
7984 2276
7985 2276
7986 2276
7987 3031
7988 2276
7989 2277
7990 2278
7991 2280
7992 2562
7993 2280
7994 2280
7995 2280
7996 2280
7997 2280
7998 2280
7999 2280
8000 2280
8001 2280
8002 2280
8003 2280
8004 2280
8005 2280
8006 2280
8007 2280
8008 2280
8009 2280
8010 2280
8011 2280
8012 2280
8013 2280
8014 2280
8015 2280
8016 2280
8017 2340
8018 2280
8019 2280
8020 2280
8021 2280
8022 2280
8023 2280
8024 2592
8025 2283
8026 2619
8027 2280
8028 2280
8029 2827
8030 2280
8031 2280
8032 2280
8033 2280
8034 2280
8035 2280
8036 2280
8037 2280
8038 2306
8039 2280
8040 2280
8041 2280
8042 2280
8043 2573
8044 2280
8045 2280
8046 2280
8047 2280
8048 3099
8049 2281
8050 2281
8051 2281
8052 2281
8053 2281
8054 2281
8055 2281
8056 2282
8057 2288
8058 2289
8059 2289
8060 2290
8061 2292
8062 2292
8063 2292
8064 2292
8065 2292
8066 2292
8067 2292
8068 2292
8069 3004
8070 3125
8071 2976
8072 2293
8073 2842
8074 2293
8075 2297
8076 2500
8077 3163
8078 2297
8079 2297
8080 2298
8081 2298
8082 2298
8083 2300
8084 2300
8085 2304
8086 2863
8087 3043
8088 3083
8089 2305
8090 2594
8091 2305
8092 2305
8093 2305
8094 2305
8095 2305
8096 2305
8097 2305
8098 2305
8099 2305
8100 2305
8101 2305
8102 2305
8103 2305
8104 2305
8105 2305
8106 2305
8107 2305
8108 2384
8109 2583
8110 2305
8111 2305
8112 2305
8113 2305
8114 2305
8115 2305
8116 2305
8117 2305
8118 2305
8119 2926
8120 2305
8121 2305
8122 2305
8123 2305
8124 2604
8125 2305
8126 2305
8127 2305
8128 2305
8129 2305
8130 2305
8131 2305
8132 2305
8133 2305
8134 3018
8135 2305
8136 2305
8137 2305
8138 2305
8139 2868
8140 2316
8141 2661
8142 2328
8143 2327
8144 2327
8145 2328
8146 2328
8147 2328
8148 2328
8149 2686
8150 2330
8151 2330
8152 2331
8153 2331
8154 2331
8155 2331
8156 2331
8157 2331
8158 3212
8159 2331
8160 2331
8161 2331
8162 2355
8163 2331
8164 2331
8165 2331
8166 2331
8167 2331
8168 2331
8169 2332
8170 2332
8171 2332
8172 2340
8173 2341
8174 2445
8175 2738
8176 2346
8177 2349
8178 2700
8179 2398
8180 2352
8181 2352
8182 2352
8183 2352
8184 2352
8185 2352
8186 2352
8187 2352
8188 2352
8189 2354
8190 2354
8191 2354
8192 2355
8193 2355
8194 2355
8195 2356
8196 2356
8197 2356
8198 2356
8199 2356
8200 2356
8201 2356
8202 2356
8203 2356
8204 3233
8205 2356
8206 2356
8207 2356
8208 2362
8209 3157
8210 2494
8211 3199
8212 2366
8213 2369
8214 2369
8215 2373
8216 2373
8217 2373
8218 2373
8219 2373
8220 2373
8221 2665
8222 2373
8223 2374
8224 2375
8225 2376
8226 2376
8227 3035
8228 2376
8229 2376
8230 2967
8231 2376
8232 2953
8233 2378
8234 3238
8235 2378
8236 2379
8237 2379
8238 2380
8239 2380
8240 2380
8241 2429
8242 2380
8243 2380
8244 2380
8245 2696
8246 2380
8247 2382
8248 2382
8249 2382
8250 2921
8251 3080
8252 2383
8253 2383
8254 2383
8255 2384
8256 2388
8257 2390
8258 2390
8259 2390
8260 3132
8261 2393
8262 2396
8263 2396
8264 2396
8265 2396
8266 2396
8267 2396
8268 2396
8269 2397
8270 2399
8271 2399
8272 2399
8273 2399
8274 2403
8275 2404
8276 2405
8277 2405
8278 2406
8279 2409
8280 2409
8281 2412
8282 2414
8283 2960
8284 2415
8285 2415
8286 2417
8287 2418
8288 2421
8289 2421
8290 2879
8291 2423
8292 2423
8293 2423
8294 2423
8295 2423
8296 2425
8297 2427
8298 2428
8299 2428
8300 2428
8301 2429
8302 2429
8303 2429
8304 2447
8305 2429
8306 2429
8307 2429
8308 2429
8309 2431
8310 2431
8311 2431
8312 2506
8313 2432
8314 2432
8315 2432
8316 2432
8317 2432
8318 2432
8319 2432
8320 3257
8321 2432
8322 2432
8323 2768
8324 2992
8325 2432
8326 2432
8327 2432
8328 2432
8329 2432
8330 2432
8331 2432
8332 2432
8333 2432
8334 2432
8335 2432
8336 2432
8337 2432
8338 2432
8339 2432
8340 2433
8341 2433
8342 2575
8343 2433
8344 2433
8345 2433
8346 2433
8347 2433
8348 2549
8349 2433
8350 2433
8351 2433
8352 2433
8353 2433
8354 2433
8355 2433
8356 2442
8357 2433
8358 2433
8359 2433
8360 2433
8361 3203
8362 2433
8363 2433
8364 2433
8365 2433
8366 2847
8367 2437
8368 2890
8369 2437
8370 2437
8371 2437
8372 2437
8373 2437
8374 2437
8375 2438
8376 2438
8377 2438
8378 2438
8379 2814
8380 2438
8381 2438
8382 2438
8383 2438
8384 2438
8385 2438
8386 2438
8387 2438
8388 2438
8389 3143
8390 2438
8391 2438
8392 2438
8393 2438
8394 2438
8395 2439
8396 2441
8397 2441
8398 2441
8399 2445
8400 2447
8401 2447
8402 2447
8403 2447
8404 2447
8405 2448
8406 3127
8407 2449
8408 2449
8409 2449
8410 2449
8411 2449
8412 2449
8413 2449
8414 2449
8415 2449
8416 2449
8417 2475
8418 2449
8419 3242
8420 2449
8421 2449
8422 2449
8423 2449
8424 2449
8425 2959
8426 2449
8427 2449
8428 2449
8429 2449
8430 2449
8431 2450
8432 2450
8433 2450
8434 2450
8435 2450
8436 2450
8437 2450
8438 2451
8439 2456
8440 2456
8441 2456
8442 2457
8443 2457
8444 2457
8445 2461
8446 2461
8447 2461
8448 2461
8449 2461
8450 2463
8451 2463
8452 3081
8453 2463
8454 2463
8455 2463
8456 2463
8457 2463
8458 2463
8459 2463
8460 2463
8461 2463
8462 2463
8463 2463
8464 2463
8465 2467
8466 2471
8467 2474
8468 2944
8469 2475
8470 2475
8471 2477
8472 2477
8473 2477
8474 2477
8475 2477
8476 2477
8477 2479
8478 2481
8479 2481
8480 2481
8481 2483
8482 3194
8483 2485
8484 2485
8485 2485
8486 2485
8487 2787
8488 2489
8489 2491
8490 2491
8491 2491
8492 2492
8493 2492
8494 2492
8495 2493
8496 2493
8497 3062
8498 2493
8499 2493
8500 2493
8501 2494
8502 2494
8503 2495
8504 2495
8505 2495
8506 2495
8507 2498
8508 2499
8509 2502
8510 2502
8511 2502
8512 2502
8513 2502
8514 2502
8515 2502
8516 2502
8517 2728
8518 2504
8519 2504
8520 2504
8521 3231
8522 2504
8523 2504
8524 2504
8525 2504
8526 2506
8527 3041
8528 2506
8529 2506
8530 2834
8531 2506
8532 2506
8533 2508
8534 2508
8535 3279
8536 2508
8537 2508
8538 2511
8539 3147
8540 2511
8541 2512
8542 3114
8543 2514
8544 2514
8545 2514
8546 3040
8547 2514
8548 2514
8549 2514
8550 2514
8551 2514
8552 2515
8553 2518
8554 2525
8555 2526
8556 2556
8557 2527
8558 3273
8559 2724
8560 2527
8561 2527
8562 2527
8563 2527
8564 3104
8565 2801
8566 2530
8567 2530
8568 2798
8569 2530
8570 2530
8571 2530
8572 2530
8573 2530
8574 2530
8575 2530
8576 2530
8577 2530
8578 2530
8579 2534
8580 2537
8581 2537
8582 2543
8583 2543
8584 2668
8585 2543
8586 2543
8587 2646
8588 2545
8589 2546
8590 2547
8591 2548
8592 2548
8593 2552
8594 2552
8595 2552
8596 2552
8597 2552
8598 2552
8599 2552
8600 2552
8601 2552
8602 2555
8603 2555
8604 2899
8605 2555
8606 2557
8607 2558
8608 2558
8609 2558
8610 2559
8611 2560
8612 2562
8613 2565
8614 2829
8615 2565
8616 2565
8617 2565
8618 2565
8619 2569
8620 2572
8621 2791
8622 2572
8623 2572
8624 2572
8625 2572
8626 2575
8627 2823
8628 2608
8629 2576
8630 2577
8631 2577
8632 2577
8633 2577
8634 2577
8635 2577
8636 2577
8637 2577
8638 3015
8639 2579
8640 2580
8641 2580
8642 2580
8643 2580
8644 2580
8645 3200
8646 2580
8647 2580
8648 2580
8649 2580
8650 2580
8651 2580
8652 2898
8653 2585
8654 2585
8655 2587
8656 2587
8657 2588
8658 2588
8659 3154
8660 3266
8661 2589
8662 2589
8663 2589
8664 2590
8665 2590
8666 2590
8667 2590
8668 2590
8669 2590
8670 3213
8671 2591
8672 2962
8673 2593
8674 2597
8675 2603
8676 2604
8677 2604
8678 2605
8679 2611
8680 2614
8681 2615
8682 3038
8683 2617
8684 2618
8685 2621
8686 2621
8687 2621
8688 2621
8689 2621
8690 2621
8691 2623
8692 2623
8693 2650
8694 2626
8695 2626
8696 2630
8697 2632
8698 2633
8699 3100
8700 2635
8701 2636
8702 2641
8703 2644
8704 2644
8705 3120
8706 2644
8707 2644
8708 2644
8709 2824
8710 2644
8711 2644
8712 2644
8713 2644
8714 2644
8715 2645
8716 3230
8717 2646
8718 2648
8719 2648
8720 2648
8721 2648
8722 3140
8723 2651
8724 2652
8725 2652
8726 2652
8727 2652
8728 2652
8729 2655
8730 2658
8731 2658
8732 2658
8733 2658
8734 2660
8735 2662
8736 2662
8737 2664
8738 2665
8739 2763
8740 2667
8741 2668
8742 2668
8743 2668
8744 2668
8745 2670
8746 2670
8747 3139
8748 2670
8749 2670
8750 2670
8751 2671
8752 2671
8753 2673
8754 2674
8755 2675
8756 2675
8757 2677
8758 2677
8759 2677
8760 2679
8761 2681
8762 2683
8763 2691
8764 2692
8765 2695
8766 2699
8767 2699
8768 2703
8769 2703
8770 2703
8771 2703
8772 2703
8773 2703
8774 2705
8775 2706
8776 2706
8777 2709
8778 2709
8779 2713
8780 2715
8781 2715
8782 2716
8783 2717
8784 2718
8785 2721
8786 2987
8787 2723
8788 2726
8789 2728
8790 2729
8791 2729
8792 2733
8793 2971
8794 2930
8795 2974
8796 2733
8797 2735
8798 2735
8799 2735
8800 2735
8801 2735
8802 2735
8803 2737
8804 2737
8805 2738
8806 2928
8807 2739
8808 2742
8809 2743
8810 2743
8811 2743
8812 2745
8813 2746
8814 2746
8815 2747
8816 2748
8817 2748
8818 2748
8819 2748
8820 2748
8821 2750
8822 2929
8823 2751
8824 2916
8825 2754
8826 2757
8827 2758
8828 2758
8829 2758
8830 2758
8831 2760
8832 2760
8833 2760
8834 2760
8835 2762
8836 2764
8837 2980
8838 2766
8839 2766
8840 2766
8841 2766
8842 2766
8843 2766
8844 2766
8845 2766
8846 2766
8847 2766
8848 2766
8849 2766
8850 2766
8851 2766
8852 3225
8853 2766
8854 2766
8855 3070
8856 2767
8857 2769
8858 3149
8859 3055
8860 2769
8861 2769
8862 2769
8863 2770
8864 2773
8865 2773
8866 2773
8867 2775
8868 2777
8869 3218
8870 2777
8871 2778
8872 2778
8873 2778
8874 2778
8875 2780
8876 2780
8877 3265
8878 2780
8879 2780
8880 2782
8881 2782
8882 2783
8883 2784
8884 2790
8885 2793
8886 2793
8887 2796
8888 2796
8889 2796
8890 2797
8891 2797
8892 2798
8893 3079
8894 2798
8895 2798
8896 2799
8897 2799
8898 2800
8899 3136
8900 2801
8901 2801
8902 2801
8903 2806
8904 2806
8905 2941
8906 2813
8907 2815
8908 2816
8909 2818
8910 2821
8911 2824
8912 2824
8913 2824
8914 2824
8915 2824
8916 2824
8917 2824
8918 2824
8919 2824
8920 2824
8921 2983
8922 2824
8923 2824
8924 2824
8925 2824
8926 2904
8927 2824
8928 2826
8929 2830
8930 2830
8931 2830
8932 2831
8933 2831
8934 2831
8935 2831
8936 2831
8937 2832
8938 2832
8939 2832
8940 2832
8941 2832
8942 2832
8943 2832
8944 2833
8945 2834
8946 2834
8947 2834
8948 2834
8949 2834
8950 2836
8951 2838
8952 2838
8953 2838
8954 2839
8955 2839
8956 2840
8957 2842
8958 2843
8959 2843
8960 2844
8961 2844
8962 3278
8963 2844
8964 2844
8965 2844
8966 2844
8967 2844
8968 2844
8969 2844
8970 2844
8971 2844
8972 2844
8973 2844
8974 2844
8975 2844
8976 2844
8977 2844
8978 2844
8979 2844
8980 2844
8981 2844
8982 2844
8983 2844
8984 2844
8985 2844
8986 2844
8987 2844
8988 2844
8989 2844
8990 2844
8991 2844
8992 2844
8993 2844
8994 2844
8995 2844
8996 3258
8997 2844
8998 2844
8999 2844
9000 3165
9001 2844
9002 2845
9003 2848
9004 2849
9005 2849
9006 2851
9007 2851
9008 2851
9009 2851
9010 2852
9011 2852
9012 2854
9013 2854
9014 2854
9015 2986
9016 2858
9017 2859
9018 2859
9019 2863
9020 2864
9021 2864
9022 2864
9023 2864
9024 2865
9025 2868
9026 2868
9027 2869
9028 2869
9029 2869
9030 2869
9031 2870
9032 2871
9033 2871
9034 2871
9035 2871
9036 2871
9037 2874
9038 2875
9039 2875
9040 2875
9041 2875
9042 2875
9043 2880
9044 2882
9045 2882
9046 2883
9047 2883
9048 2883
9049 3286
9050 2883
9051 2883
9052 2883
9053 2883
9054 2883
9055 2887
9056 2887
9057 2887
9058 2887
9059 2887
9060 2887
9061 2887
9062 2887
9063 2887
9064 2887
9065 2887
9066 2887
9067 2887
9068 2887
9069 2887
9070 2887
9071 2887
9072 3007
9073 2887
9074 2887
9075 3215
9076 2887
9077 2887
9078 2887
9079 2887
9080 2887
9081 2887
9082 2887
9083 2887
9084 2887
9085 2888
9086 2888
9087 2888
9088 2889
9089 2889
9090 3092
9091 2889
9092 2891
9093 2891
9094 2891
9095 2891
9096 2891
9097 2891
9098 2891
9099 2892
9100 2892
9101 2892
9102 3259
9103 2892
9104 2892
9105 2892
9106 2895
9107 2895
9108 2895
9109 2896
9110 2896
9111 2897
9112 2897
9113 2901
9114 2901
9115 2902
9116 2902
9117 2902
9118 2902
9119 2902
9120 2903
9121 2903
9122 2903
9123 2903
9124 2904
9125 2905
9126 2905
9127 2905
9128 2907
9129 2907
9130 2907
9131 2907
9132 2907
9133 3155
9134 2907
9135 2907
9136 2907
9137 2907
9138 2907
9139 2907
9140 2907
9141 2907
9142 2907
9143 2907
9144 2907
9145 2907
9146 2907
9147 2909
9148 2909
9149 2911
9150 2911
9151 2911
9152 2911
9153 2911
9154 2911
9155 2911
9156 2911
9157 2911
9158 2911
9159 2911
9160 2911
9161 2911
9162 2911
9163 2911
9164 2911
9165 2911
9166 2911
9167 2911
9168 2911
9169 2911
9170 2911
9171 2911
9172 2911
9173 2911
9174 2911
9175 2911
9176 2912
9177 2912
9178 2915
9179 2915
9180 2915
9181 2915
9182 2915
9183 2915
9184 2915
9185 2915
9186 2915
9187 2916
9188 2916
9189 2919
9190 2919
9191 2919
9192 2919
9193 2919
9194 2919
9195 2919
9196 3096
9197 2919
9198 2919
9199 2919
9200 2919
9201 2919
9202 3158
9203 2921
9204 2921
9205 2921
9206 2921
9207 2921
9208 2922
9209 2923
9210 2923
9211 2923
9212 2923
9213 2923
9214 2923
9215 2924
9216 2925
9217 2925
9218 2925
9219 2925
9220 2925
9221 2926
9222 2926
9223 2927
9224 3219
9225 2927
9226 2927
9227 2927
9228 2927
9229 2927
9230 2928
9231 2929
9232 2929
9233 2931
9234 2932
9235 2932
9236 2932
9237 2932
9238 2932
9239 2932
9240 2932
9241 2932
9242 2932
9243 2932
9244 2932
9245 2932
9246 2932
9247 2932
9248 2932
9249 2934
9250 2934
9251 2934
9252 2934
9253 2934
9254 2934
9255 2934
9256 2939
9257 2939
9258 2939
9259 2939
9260 2939
9261 2939
9262 2941
9263 2941
9264 2941
9265 2941
9266 2941
9267 3289
9268 2941
9269 2941
9270 2941
9271 2941
9272 2941
9273 2941
9274 2941
9275 2941
9276 2941
9277 2941
9278 2941
9279 2941
9280 3250
9281 2958
9282 2999
9283 2988
9284 2948
9285 2948
9286 2950
9287 2950
9288 2951
9289 2951
9290 2951
9291 2951
9292 2951
9293 2952
9294 2954
9295 2954
9296 2954
9297 2954
9298 2957
9299 2958
9300 2958
9301 2958
9302 2958
9303 2958
9304 2964
9305 2964
9306 2965
9307 2966
9308 2966
9309 2966
9310 2966
9311 3053
9312 2969
9313 2969
9314 2969
9315 2970
9316 2970
9317 2976
9318 2979
9319 2979
9320 2980
9321 2981
9322 2981
9323 2986
9324 2986
9325 2988
9326 3192
9327 2988
9328 2989
9329 2989
9330 2990
9331 2993
9332 2993
9333 2993
9334 2996
9335 2996
9336 2997
9337 2997
9338 2997
9339 2997
9340 2997
9341 2997
9342 2997
9343 2997
9344 2998
9345 2999
9346 2999
9347 3000
9348 3000
9349 3000
9350 3173
9351 3001
9352 3001
9353 3001
9354 3003
9355 3003
9356 3003
9357 3003
9358 3003
9359 3003
9360 3003
9361 3003
9362 3003
9363 3003
9364 3228
9365 3003
9366 3003
9367 3003
9368 3003
9369 3003
9370 3003
9371 3003
9372 3003
9373 3003
9374 3003
9375 3003
9376 3003
9377 3003
9378 3003
9379 3003
9380 3003
9381 3003
9382 3124
9383 3003
9384 3003
9385 3003
9386 3003
9387 3003
9388 3003
9389 3003
9390 3003
9391 3003
9392 3003
9393 3003
9394 3003
9395 3106
9396 3003
9397 3003
9398 3003
9399 3269
9400 3016
9401 3017
9402 3019
9403 3019
9404 3019
9405 3019
9406 3019
9407 3021
9408 3021
9409 3021
9410 3022
9411 3022
9412 3024
9413 3024
9414 3024
9415 3024
9416 3024
9417 3024
9418 3024
9419 3024
9420 3024
9421 3025
9422 3025
9423 3025
9424 3026
9425 3026
9426 3026
9427 3027
9428 3028
9429 3028
9430 3028
9431 3028
9432 3029
9433 3029
9434 3029
9435 3031
9436 3033
9437 3035
9438 3035
9439 3037
9440 3038
9441 3038
9442 3038
9443 3038
9444 3038
9445 3038
9446 3038
9447 3038
9448 3038
9449 3038
9450 3039
9451 3039
9452 3222
9453 3039
9454 3041
9455 3041
9456 3042
9457 3043
9458 3044
9459 3044
9460 3044
9461 3044
9462 3047
9463 3049
9464 3049
9465 3049
9466 3049
9467 3049
9468 3264
9469 3049
9470 3049
9471 3049
9472 3049
9473 3054
9474 3055
9475 3057
9476 3058
9477 3058
9478 3058
9479 3058
9480 3058
9481 3058
9482 3058
9483 3060
9484 3060
9485 3060
9486 3061
9487 3063
9488 3068
9489 3068
9490 3077
9491 3080
9492 3080
9493 3080
9494 3080
9495 3080
9496 3083
9497 3083
9498 3084
9499 3084
9500 3084
9501 3084
9502 3084
9503 3084
9504 3085
9505 3085
9506 3085
9507 3086
9508 3091
9509 3093
9510 3094
9511 3094
9512 3094
9513 3094
9514 3281
9515 3096
9516 3096
9517 3096
9518 3096
9519 3097
9520 3098
9521 3098
9522 3098
9523 3098
9524 3098
9525 3098
9526 3098
9527 3098
9528 3098
9529 3098
9530 3098
9531 3098
9532 3098
9533 3098
9534 3098
9535 3098
9536 3098
9537 3098
9538 3098
9539 3098
9540 3098
9541 3098
9542 3098
9543 3098
9544 3098
9545 3098
9546 3098
9547 3098
9548 3098
9549 3098
9550 3098
9551 3098
9552 3098
9553 3098
9554 3098
9555 3098
9556 3098
9557 3098
9558 3098
9559 3098
9560 3098
9561 3098
9562 3098
9563 3098
9564 3098
9565 3098
9566 3098
9567 3098
9568 3098
9569 3098
9570 3098
9571 3098
9572 3098
9573 3098
9574 3098
9575 3101
9576 3101
9577 3104
9578 3104
9579 3104
9580 3104
9581 3106
9582 3106
9583 3114
9584 3115
9585 3116
9586 3116
9587 3116
9588 3116
9589 3120
9590 3120
9591 3120
9592 3121
9593 3121
9594 3122
9595 3123
9596 3125
9597 3125
9598 3126
9599 3126
9600 3126
9601 3126
9602 3126
9603 3126
9604 3127
9605 3268
9606 3127
9607 3127
9608 3127
9609 3127
9610 3127
9611 3127
9612 3127
9613 3127
9614 3130
9615 3130
9616 3130
9617 3130
9618 3130
9619 3130
9620 3132
9621 3132
9622 3132
9623 3133
9624 3133
9625 3136
9626 3136
9627 3136
9628 3137
9629 3139
9630 3139
9631 3139
9632 3139
9633 3139
9634 3139
9635 3139
9636 3139
9637 3139
9638 3139
9639 3139
9640 3139
9641 3139
9642 3139
9643 3139
9644 3139
9645 3139
9646 3139
9647 3139
9648 3139
9649 3139
9650 3139
9651 3139
9652 3143
9653 3143
9654 3146
9655 3148
9656 3149
9657 3150
9658 3152
9659 3152
9660 3152
9661 3152
9662 3152
9663 3152
9664 3152
9665 3154
9666 3154
9667 3154
9668 3154
9669 3158
9670 3158
9671 3158
9672 3159
9673 3160
9674 3160
9675 3160
9676 3160
9677 3160
9678 3160
9679 3160
9680 3160
9681 3160
9682 3160
9683 3160
9684 3160
9685 3160
9686 3160
9687 3160
9688 3160
9689 3160
9690 3160
9691 3160
9692 3160
9693 3160
9694 3160
9695 3160
9696 3160
9697 3160
9698 3160
9699 3160
9700 3160
9701 3160
9702 3160
9703 3160
9704 3160
9705 3160
9706 3160
9707 3160
9708 3160
9709 3160
9710 3160
9711 3160
9712 3160
9713 3160
9714 3160
9715 3160
9716 3160
9717 3160
9718 3160
9719 3160
9720 3160
9721 3160
9722 3186
9723 3162
9724 3164
9725 3164
9726 3164
9727 3164
9728 3164
9729 3164
9730 3172
9731 3172
9732 3175
9733 3175
9734 3176
9735 3176
9736 3176
9737 3176
9738 3176
9739 3176
9740 3176
9741 3176
9742 3176
9743 3176
9744 3176
9745 3176
9746 3176
9747 3178
9748 3178
9749 3178
9750 3181
9751 3182
9752 3182
9753 3182
9754 3182
9755 3182
9756 3182
9757 3182
9758 3182
9759 3182
9760 3184
9761 3187
9762 3188
9763 3189
9764 3189
9765 3189
9766 3189
9767 3189
9768 3189
9769 3189
9770 3189
9771 3189
9772 3190
9773 3191
9774 3191
9775 3193
9776 3193
9777 3195
9778 3199
9779 3199
9780 3203
9781 3203
9782 3206
9783 3206
9784 3206
9785 3206
9786 3206
9787 3206
9788 3206
9789 3206
9790 3206
9791 3206
9792 3206
9793 3206
9794 3206
9795 3206
9796 3206
9797 3206
9798 3206
9799 3206
9800 3206
9801 3206
9802 3206
9803 3206
9804 3206
9805 3206
9806 3209
9807 3210
9808 3210
9809 3210
9810 3210
9811 3210
9812 3210
9813 3210
9814 3210
9815 3210
9816 3210
9817 3210
9818 3210
9819 3210
9820 3210
9821 3210
9822 3210
9823 3210
9824 3210
9825 3210
9826 3210
9827 3214
9828 3214
9829 3214
9830 3214
9831 3214
9832 3214
9833 3214
9834 3214
9835 3214
9836 3216
9837 3218
9838 3220
9839 3236
9840 3220
9841 3220
9842 3220
9843 3220
9844 3220
9845 3220
9846 3220
9847 3220
9848 3226
9849 3226
9850 3226
9851 3228
9852 3233
9853 3234
9854 3234
9855 3234
9856 3234
9857 3234
9858 3234
9859 3234
9860 3234
9861 3235
9862 3235
9863 3235
9864 3238
9865 3238
9866 3241
9867 3247
9868 3248
9869 3249
9870 3249
9871 3249
9872 3249
9873 3249
9874 3249
9875 3249
9876 3275
9877 3249
9878 3249
9879 3249
9880 3249
9881 3249
9882 3251
9883 3255
9884 3256
9885 3256
9886 3256
9887 3256
9888 3256
9889 3256
9890 3256
9891 3256
9892 3259
9893 3259
9894 3261
9895 3262
9896 3264
9897 3264
9898 3265
9899 3265
9900 3265
9901 3265
9902 3265
9903 3265
9904 3265
9905 3265
9906 3265
9907 3266
9908 3266
9909 3266
9910 3266
9911 3268
9912 3269
9913 3269
9914 3271
9915 3272
9916 3272
9917 3272
9918 3272
9919 3272
9920 3272
9921 3272
9922 3272
9923 3272
9924 3272
9925 3272
9926 3272
9927 3272
9928 3273
9929 3276
9930 3277
9931 3277
9932 3277
9933 3277
9934 3277
9935 3277
9936 3277
9937 3277
9938 3277
9939 3277
9940 3277
9941 3277
9942 3277
9943 3277
9944 3277
9945 3277
9946 3277
9947 3277
9948 3277
9949 3277
9950 3277
9951 3278
9952 3278
9953 3278
9954 3278
9955 3278
9956 3279
9957 3279
9958 3279
9959 3279
9960 3279
9961 3279
9962 3279
9963 3279
9964 3279
9965 3279
9966 3279
9967 3279
9968 3286
9969 3286
9970 3286
9971 3286
9972 3286
9973 3286
9974 3286
9975 3286
9976 3286
9977 3286
9978 3286
9979 3286
9980 3286
9981 3286
9982 3286
9983 3286
9984 3286
9985 3286
9986 3287
9987 3287
9988 3287
9989 3287
9990 3287
9991 3287
9992 3287
9993 3287
9994 3288
9995 3288
9996 3288
9997 3288
9998 3293
9999 3293
