10000 9999
1 0
2 0
3 2
4 2
5 2
6 5
7 0
8 2
9 0
10 5
11 2
12 10
13 10
14 5
15 13
16 8
17 14
18 13
19 4
20 2
21 13
22 10
23 22
24 21
25 14
26 12
27 19
28 13
29 18
30 7
31 22
32 2
33 27
34 22
35 20
36 29
37 15
38 1
39 38
40 16
41 20
42 33
43 26
44 28
45 40
46 3
47 14
48 47
49 37
50 20
51 47
52 25
53 36
54 47
55 47
56 43
57 23
58 38
59 51
60 53
61 53
62 44
63 17
64 43
65 36
66 49
67 50
68 20
69 53
70 42
71 64
72 46
73 49
74 39
75 61
76 36
77 47
78 63
79 62
80 76
81 64
82 75
83 44
84 30
85 22
86 36
87 47
88 84
89 70
90 61
91 65
92 30
93 62
94 36
95 68
96 59
97 84
98 85
99 76
100 31
101 76
102 85
103 48
104 53
105 73
106 73
107 84
108 13
109 33
110 87
111 98
112 104
113 45
114 100
115 86
116 109
117 41
118 82
119 100
120 13
121 63
122 66
123 32
124 47
125 124
126 111
127 125
128 109
129 109
130 123
131 101
132 22
133 95
134 53
135 84
136 119
137 82
138 49
139 107
140 113
141 90
142 81
143 113
144 64
145 131
146 82
147 145
148 139
149 94
150 105
151 110
152 139
153 150
154 119
155 147
156 124
157 151
158 70
159 63
160 76
161 151
162 58
163 84
164 100
165 113
166 155
167 53
168 144
169 147
170 167
171 142
172 160
173 139
174 169
175 139
176 169
177 174
178 9
179 49
180 147
181 135
182 113
183 76
184 137
185 113
186 179
187 139
188 158
189 65
190 151
191 180
192 147
193 145
194 133
195 90
196 157
197 126
198 164
199 70
200 143
201 110
202 174
203 189
204 162
205 103
206 59
207 113
208 140
209 49
210 147
211 179
212 193
213 165
214 197
215 71
216 72
217 47
218 113
219 69
220 182
221 219
222 174
223 113
224 178
225 212
226 107
227 179
228 56
229 194
230 96
231 215
232 195
233 216
234 33
235 174
236 199
237 153
238 194
239 230
240 183
241 100
242 98
243 142
244 140
245 200
246 188
247 178
248 225
249 129
250 140
251 117
252 130
253 160
254 53
255 161
256 138
257 121
258 139
259 203
260 221
261 70
262 229
263 224
264 87
265 96
266 106
267 211
268 83
269 174
270 134
271 191
272 151
273 119
274 160
275 192
276 217
277 176
278 174
279 209
280 160
281 118
282 24
283 75
284 280
285 238
286 215
287 226
288 262
289 109
290 162
291 99
292 179
293 64
294 243
295 230
296 289
297 296
298 225
299 289
300 209
301 123
302 138
303 116
304 267
305 70
306 217
307 121
308 87
309 95
310 139
311 295
312 217
313 230
314 123
315 58
316 280
317 185
318 280
319 191
320 230
321 106
322 267
323 248
324 166
325 296
326 281
327 269
328 160
329 282
330 229
331 157
332 300
333 77
334 177
335 330
336 328
337 280
338 316
339 325
340 198
341 119
342 114
343 173
344 186
345 283
346 151
347 301
348 174
349 227
350 174
351 309
352 238
353 273
354 169
355 283
356 109
357 309
358 332
359 298
360 35
361 24
362 181
363 121
364 351
365 340
366 310
367 169
368 235
369 183
370 226
371 147
372 230
373 348
374 198
375 209
376 372
377 283
378 207
379 377
380 107
381 204
382 84
383 342
384 314
385 187
386 151
387 263
388 100
389 204
390 309
391 272
392 388
393 144
394 384
395 229
396 216
397 150
398 229
399 325
400 191
401 232
402 121
403 318
404 315
405 364
406 386
407 280
408 401
409 383
410 64
411 214
412 369
413 308
414 113
415 152
416 414
417 258
418 328
419 166
420 287
421 374
422 139
423 230
424 109
425 376
426 405
427 399
428 273
429 70
430 259
431 396
432 27
433 199
434 346
435 186
436 119
437 110
438 392
439 97
440 396
441 109
442 402
443 230
444 341
445 420
446 128
447 58
448 78
449 281
450 449
451 174
452 318
453 345
454 241
455 441
456 299
457 234
458 400
459 14
460 236
461 163
462 223
463 133
464 454
465 213
466 303
467 459
468 448
469 409
470 411
471 304
472 409
473 389
474 281
475 339
476 179
477 437
478 370
479 61
480 449
481 122
482 411
483 451
484 273
485 423
486 194
487 294
488 430
489 100
490 319
491 339
492 400
493 106
494 176
495 82
496 449
497 225
498 289
499 466
500 320
501 441
502 159
503 229
504 255
505 409
506 36
507 229
508 494
509 166
510 140
511 119
512 326
513 244
514 160
515 407
516 178
517 332
518 501
519 459
520 380
521 332
522 363
523 516
524 296
525 487
526 156
527 459
528 451
529 90
530 262
531 273
532 418
533 413
534 533
535 341
536 121
537 360
538 432
539 349
540 93
541 465
542 465
543 339
544 296
545 441
546 502
547 411
548 500
549 488
550 546
551 331
552 84
553 386
554 90
555 441
556 83
557 254
558 277
559 233
560 317
561 411
562 147
563 445
564 256
565 311
566 280
567 550
568 540
569 503
570 278
571 387
572 490
573 265
574 132
575 547
576 433
577 355
578 576
579 405
580 479
581 229
582 396
583 359
584 340
585 84
586 386
587 574
588 300
589 239
590 209
591 397
592 585
593 418
594 577
595 587
596 245
597 425
598 483
599 92
600 31
601 430
602 536
603 181
604 566
605 500
606 106
607 261
608 409
609 327
610 547
611 324
612 549
613 485
614 514
615 174
616 14
617 466
618 546
619 358
620 585
621 509
622 503
623 449
624 229
625 564
626 507
627 387
628 148
629 246
630 108
631 598
632 146
633 209
634 411
635 579
636 285
637 296
638 576
639 435
640 315
641 179
642 278
643 209
644 613
645 318
646 346
647 206
648 350
649 317
650 178
651 378
652 445
653 184
654 289
655 623
656 411
657 517
658 214
659 115
660 91
661 160
662 449
663 417
664 453
665 473
666 53
667 664
668 456
669 181
670 503
671 465
672 229
673 257
674 540
675 623
676 577
677 63
678 628
679 343
680 262
681 553
682 52
683 296
684 508
685 84
686 262
687 507
688 570
689 417
690 191
691 637
692 276
693 674
694 499
695 660
696 100
697 646
698 666
699 409
700 540
701 595
702 235
703 100
704 198
705 509
706 702
707 509
708 431
709 555
710 338
711 370
712 497
713 170
714 480
715 623
716 579
717 209
718 174
719 107
720 540
721 115
722 587
723 579
724 452
725 229
726 704
727 719
728 509
729 579
730 677
731 304
732 600
733 714
734 499
735 653
736 404
737 451
738 557
739 515
740 422
741 197
742 702
743 547
744 550
745 362
746 702
747 503
748 686
749 11
750 503
751 352
752 749
753 667
754 532
755 69
756 579
757 702
758 466
759 320
760 342
761 212
762 753
763 625
764 509
765 336
766 704
767 705
768 531
769 638
770 430
771 250
772 361
773 666
774 278
775 579
776 671
777 218
778 483
779 642
780 409
781 636
782 721
783 457
784 465
785 283
786 702
787 242
788 297
789 489
790 502
791 767
792 174
793 256
794 522
795 503
796 473
797 284
798 67
799 387
800 736
801 674
802 702
803 639
804 539
805 563
806 778
807 659
808 785
809 337
810 739
811 540
812 797
813 485
814 540
815 377
816 495
817 553
818 504
819 758
820 465
821 771
822 259
823 496
824 583
825 719
826 503
827 392
828 522
829 772
830 577
831 454
832 588
833 305
834 500
835 537
836 588
837 831
838 747
839 550
840 540
841 719
842 169
843 472
844 247
845 89
846 785
847 536
848 785
849 503
850 503
851 407
852 653
853 174
854 373
855 565
856 257
857 601
858 687
859 612
860 273
861 411
862 408
863 643
864 821
865 653
866 547
867 398
868 252
869 669
870 792
871 386
872 459
873 565
874 734
875 577
876 598
877 385
878 779
879 389
880 251
881 776
882 607
883 677
884 859
885 843
886 597
887 386
888 817
889 602
890 369
891 615
892 120
893 866
894 661
895 169
896 326
897 821
898 309
899 646
900 296
901 507
902 670
903 756
904 772
905 708
906 712
907 592
908 729
909 341
910 576
911 451
912 540
913 527
914 594
915 565
916 100
917 877
918 744
919 551
920 289
921 869
922 869
923 547
924 745
925 824
926 339
927 729
928 646
929 199
930 619
931 47
932 456
933 547
934 925
935 925
936 121
937 797
938 378
939 640
940 735
941 925
942 602
943 905
944 783
945 272
946 489
947 841
948 861
949 714
950 722
951 497
952 441
953 808
954 442
955 447
956 513
957 400
958 701
959 505
960 751
961 709
962 465
963 854
964 339
965 563
966 900
967 729
968 702
969 854
970 591
971 854
972 456
973 341
974 127
975 776
976 825
977 704
978 912
979 972
980 242
981 441
982 253
983 266
984 93
985 862
986 851
987 951
988 209
989 702
990 922
991 913
992 485
993 819
994 606
995 419
996 550
997 749
998 995
999 776
1000 468
1001 274
1002 385
1003 845
1004 139
1005 967
1006 889
1007 979
1008 991
1009 47
1010 526
1011 801
1012 804
1013 925
1014 123
1015 697
1016 801
1017 990
1018 387
1019 378
1020 686
1021 609
1022 602
1023 817
1024 841
1025 550
1026 724
1027 798
1028 503
1029 648
1030 973
1031 535
1032 983
1033 225
1034 941
1035 858
1036 297
1037 585
1038 547
1039 702
1040 817
1041 1027
1042 979
1043 668
1044 380
1045 550
1046 150
1047 1009
1048 923
1049 599
1050 679
1051 467
1052 579
1053 923
1054 273
1055 281
1056 916
1057 354
1058 177
1059 625
1060 313
1061 404
1062 539
1063 567
1064 837
1065 988
1066 859
1067 670
1068 821
1069 976
1070 384
1071 989
1072 702
1073 865
1074 454
1075 362
1076 519
1077 503
1078 528
1079 470
1080 852
1081 563
1082 521
1083 280
1084 27
1085 702
1086 497
1087 934
1088 630
1089 979
1090 547
1091 638
1092 869
1093 851
1094 317
1095 548
1096 261
1097 259
1098 988
1099 1042
1100 591
1101 1064
1102 433
1103 1027
1104 102
1105 252
1106 654
1107 1083
1108 631
1109 1093
1110 799
1111 524
1112 990
1113 119
1114 412
1115 380
1116 290
1117 540
1118 431
1119 395
1120 407
1121 1062
1122 341
1123 395
1124 717
1125 846
1126 1077
1127 716
1128 705
1129 585
1130 547
1131 801
1132 462
1133 704
1134 1123
1135 923
1136 1114
1137 651
1138 406
1139 197
1140 706
1141 665
1142 888
1143 113
1144 509
1145 751
1146 659
1147 486
1148 1033
1149 465
1150 538
1151 507
1152 1054
1153 702
1154 1099
1155 979
1156 403
1157 49
1158 854
1159 1126
1160 447
1161 714
1162 1131
1163 671
1164 422
1165 981
1166 1047
1167 597
1168 578
1169 1104
1170 175
1171 988
1172 1040
1173 702
1174 894
1175 62
1176 1025
1177 852
1178 491
1179 176
1180 77
1181 441
1182 1180
1183 590
1184 572
1185 996
1186 1096
1187 697
1188 503
1189 854
1190 640
1191 774
1192 791
1193 784
1194 271
1195 275
1196 859
1197 989
1198 723
1199 612
1200 554
1201 889
1202 407
1203 972
1204 113
1205 336
1206 174
1207 516
1208 139
1209 415
1210 854
1211 1155
1212 1043
1213 787
1214 553
1215 454
1216 1203
1217 283
1218 1131
1219 981
1220 820
1221 516
1222 724
1223 1107
1224 613
1225 642
1226 107
1227 859
1228 479
1229 151
1230 416
1231 822
1232 754
1233 70
1234 880
1235 718
1236 711
1237 540
1238 1180
1239 894
1240 838
1241 565
1242 504
1243 704
1244 171
1245 296
1246 979
1247 999
1248 821
1249 981
1250 885
1251 869
1252 913
1253 732
1254 923
1255 417
1256 714
1257 566
1258 1250
1259 579
1260 1250
1261 740
1262 724
1263 625
1264 1097
1265 411
1266 1103
1267 433
1268 430
1269 1028
1270 18
1271 1052
1272 941
1273 984
1274 1250
1275 230
1276 897
1277 466
1278 681
1279 502
1280 1046
1281 971
1282 724
1283 585
1284 1138
1285 194
1286 63
1287 978
1288 1219
1289 854
1290 1155
1291 430
1292 831
1293 988
1294 1110
1295 915
1296 1163
1297 581
1298 1123
1299 854
1300 1112
1301 853
1302 1016
1303 632
1304 449
1305 567
1306 1051
1307 229
1308 1141
1309 1287
1310 1192
1311 586
1312 682
1313 507
1314 622
1315 935
1316 613
1317 1009
1318 435
1319 1316
1320 631
1321 647
1322 287
1323 1205
1324 702
1325 650
1326 1018
1327 650
1328 444
1329 1278
1330 1250
1331 945
1332 1027
1333 1123
1334 237
1335 848
1336 272
1337 824
1338 680
1339 764
1340 503
1341 1250
1342 1099
1343 877
1344 704
1345 571
1346 547
1347 859
1348 1345
1349 1347
1350 460
1351 1118
1352 517
1353 547
1354 982
1355 719
1356 623
1357 1187
1358 1277
1359 1180
1360 565
1361 613
1362 702
1363 60
1364 636
1365 405
1366 179
1367 901
1368 1030
1369 1204
1370 979
1371 467
1372 566
1373 862
1374 1078
1375 339
1376 309
1377 1311
1378 967
1379 1262
1380 702
1381 1198
1382 1168
1383 1009
1384 1268
1385 174
1386 341
1387 811
1388 974
1389 431
1390 1123
1391 808
1392 428
1393 1345
1394 1152
1395 419
1396 451
1397 1000
1398 503
1399 174
1400 1112
1401 382
1402 334
1403 679
1404 631
1405 751
1406 585
1407 545
1408 482
1409 1187
1410 1082
1411 307
1412 151
1413 1338
1414 1084
1415 870
1416 999
1417 431
1418 545
1419 1112
1420 520
1421 1304
1422 972
1423 1353
1424 981
1425 1300
1426 985
1427 1123
1428 988
1429 264
1430 249
1431 869
1432 1311
1433 439
1434 623
1435 1388
1436 500
1437 1347
1438 229
1439 804
1440 1363
1441 1280
1442 1225
1443 924
1444 1060
1445 917
1446 714
1447 1282
1448 625
1449 1284
1450 523
1451 811
1452 503
1453 1222
1454 702
1455 1132
1456 1112
1457 481
1458 1237
1459 1383
1460 1164
1461 854
1462 1196
1463 1202
1464 1167
1465 973
1466 1000
1467 139
1468 556
1469 867
1470 1117
1471 1304
1472 1421
1473 1194
1474 93
1475 625
1476 821
1477 940
1478 378
1479 503
1480 668
1481 697
1482 1235
1483 1332
1484 814
1485 411
1486 1345
1487 869
1488 289
1489 1078
1490 681
1491 1012
1492 911
1493 404
1494 1112
1495 1480
1496 979
1497 839
1498 1092
1499 1427
1500 226
1501 1009
1502 1190
1503 96
1504 1100
1505 338
1506 1273
1507 1015
1508 1416
1509 1450
1510 1155
1511 1250
1512 367
1513 508
1514 1508
1515 973
1516 349
1517 973
1518 1166
1519 972
1520 93
1521 702
1522 1211
1523 1289
1524 1068
1525 729
1526 415
1527 1385
1528 1493
1529 1099
1530 677
1531 230
1532 708
1533 1525
1534 1331
1535 1000
1536 1018
1537 108
1538 1287
1539 1004
1540 1289
1541 1304
1542 914
1543 1131
1544 622
1545 869
1546 613
1547 1452
1548 706
1549 88
1550 1005
1551 162
1552 1504
1553 1409
1554 898
1555 378
1556 989
1557 440
1558 1158
1559 965
1560 920
1561 199
1562 1345
1563 547
1564 1385
1565 1328
1566 1504
1567 702
1568 229
1569 1263
1570 1467
1571 612
1572 561
1573 1129
1574 859
1575 311
1576 1124
1577 967
1578 1485
1579 1392
1580 547
1581 488
1582 509
1583 1406
1584 1563
1585 1415
1586 1215
1587 1546
1588 1416
1589 1212
1590 1350
1591 1504
1592 141
1593 1287
1594 1070
1595 1225
1596 1413
1597 580
1598 1526
1599 1304
1600 1560
1601 1103
1602 794
1603 1315
1604 925
1605 900
1606 217
1607 1345
1608 783
1609 1106
1610 1393
1611 1047
1612 1521
1613 1547
1614 817
1615 342
1616 1331
1617 1481
1618 1352
1619 823
1620 451
1621 1194
1622 410
1623 1394
1624 801
1625 1511
1626 1250
1627 409
1628 1167
1629 1207
1630 1394
1631 967
1632 1009
1633 466
1634 1406
1635 1287
1636 1554
1637 318
1638 854
1639 418
1640 550
1641 1438
1642 1187
1643 1347
1644 702
1645 1617
1646 500
1647 1389
1648 1160
1649 1474
1650 1277
1651 265
1652 1559
1653 1322
1654 411
1655 802
1656 1467
1657 726
1658 1504
1659 261
1660 1001
1661 1275
1662 1574
1663 1425
1664 875
1665 1148
1666 1160
1667 726
1668 1304
1669 1251
1670 1034
1671 1164
1672 1215
1673 1159
1674 502
1675 1474
1676 393
1677 451
1678 205
1679 1601
1680 1385
1681 873
1682 229
1683 1312
1684 898
1685 347
1686 323
1687 1447
1688 991
1689 1398
1690 1518
1691 1616
1692 1027
1693 113
1694 1392
1695 1677
1696 932
1697 1107
1698 702
1699 378
1700 696
1701 1226
1702 454
1703 620
1704 1618
1705 1702
1706 1677
1707 1250
1708 537
1709 746
1710 489
1711 785
1712 461
1713 1457
1714 208
1715 1564
1716 1406
1717 1317
1718 1504
1719 1059
1720 1534
1721 1300
1722 1531
1723 727
1724 1349
1725 1655
1726 491
1727 518
1728 1227
1729 925
1730 656
1731 1473
1732 721
1733 332
1734 898
1735 1058
1736 1345
1737 1087
1738 1266
1739 967
1740 349
1741 1113
1742 1181
1743 1345
1744 1187
1745 1474
1746 1132
1747 162
1748 562
1749 1449
1750 1696
1751 1106
1752 1000
1753 1304
1754 1009
1755 1754
1756 465
1757 981
1758 1474
1759 507
1760 1630
1761 1213
1762 1166
1763 299
1764 1283
1765 356
1766 710
1767 451
1768 1575
1769 1504
1770 898
1771 1708
1772 1030
1773 941
1774 770
1775 387
1776 992
1777 636
1778 1381
1779 714
1780 504
1781 776
1782 1751
1783 537
1784 1148
1785 349
1786 1503
1787 1589
1788 1438
1789 1504
1790 797
1791 1488
1792 1479
1793 1406
1794 1769
1795 229
1796 417
1797 821
1798 414
1799 635
1800 1565
1801 1504
1802 551
1803 230
1804 1326
1805 1250
1806 852
1807 1406
1808 636
1809 248
1810 789
1811 579
1812 1542
1813 1256
1814 1474
1815 1718
1816 1272
1817 738
1818 702
1819 1172
1820 1702
1821 729
1822 906
1823 1467
1824 676
1825 492
1826 1589
1827 1630
1828 1435
1829 62
1830 901
1831 617
1832 738
1833 1474
1834 1702
1835 1391
1836 1677
1837 1148
1838 1498
1839 644
1840 1420
1841 1813
1842 339
1843 1728
1844 449
1845 826
1846 1626
1847 1520
1848 1827
1849 1838
1850 860
1851 854
1852 174
1853 748
1854 1677
1855 793
1856 854
1857 1559
1858 201
1859 773
1860 1708
1861 1774
1862 989
1863 1223
1864 1229
1865 797
1866 714
1867 882
1868 1561
1869 1803
1870 1784
1871 781
1872 906
1873 1438
1874 1761
1875 1332
1876 1345
1877 1734
1878 1617
1879 512
1880 540
1881 53
1882 1479
1883 1416
1884 1504
1885 1467
1886 1250
1887 942
1888 1406
1889 1504
1890 967
1891 1661
1892 1432
1893 593
1894 1627
1895 673
1896 964
1897 1533
1898 1479
1899 486
1900 1702
1901 1617
1902 1251
1903 1493
1904 981
1905 449
1906 1616
1907 1148
1908 1668
1909 202
1910 1128
1911 913
1912 418
1913 1590
1914 1763
1915 1080
1916 1213
1917 1250
1918 1668
1919 1504
1920 339
1921 1899
1922 719
1923 824
1924 783
1925 1723
1926 1575
1927 1791
1928 1548
1929 1333
1930 1123
1931 1667
1932 1828
1933 417
1934 1781
1935 1474
1936 1103
1937 566
1938 1677
1939 851
1940 1166
1941 1444
1942 1712
1943 1304
1944 1575
1945 734
1946 464
1947 1287
1948 787
1949 396
1950 1250
1951 1051
1952 986
1953 1231
1954 1442
1955 1677
1956 663
1957 1288
1958 1061
1959 1816
1960 1677
1961 1849
1962 1009
1963 1287
1964 622
1965 1320
1966 1425
1967 1962
1968 1853
1969 222
1970 1075
1971 824
1972 1286
1973 53
1974 354
1975 1618
1976 1713
1977 1504
1978 1507
1979 1460
1980 1504
1981 1406
1982 1222
1983 1362
1984 502
1985 1250
1986 1159
1987 1006
1988 667
1989 1983
1990 828
1991 1581
1992 1893
1993 1338
1994 1746
1995 1778
1996 1378
1997 547
1998 1250
1999 839
2000 890
2001 1742
2002 1345
2003 1986
2004 1520
2005 1474
2006 1287
2007 1905
2008 714
2009 1944
2010 1776
2011 1250
2012 757
2013 381
2014 1116
2015 1145
2016 1816
2017 1992
2018 1027
2019 646
2020 379
2021 1337
2022 1980
2023 427
2024 1019
2025 389
2026 636
2027 1859
2028 1866
2029 1981
2030 1520
2031 1112
2032 795
2033 1205
2034 1479
2035 1467
2036 1189
2037 726
2038 1311
2039 383
2040 301
2041 1946
2042 2032
2043 721
2044 2039
2045 1493
2046 1363
2047 2024
2048 1677
2049 1250
2050 1850
2051 1406
2052 1324
2053 1655
2054 547
2055 915
2056 1406
2057 1924
2058 1761
2059 714
2060 1078
2061 363
2062 1039
2063 1011
2064 932
2065 1205
2066 1467
2067 174
2068 1554
2069 1537
2070 714
2071 1062
2072 724
2073 1944
2074 979
2075 459
2076 1185
2077 1999
2078 1116
2079 836
2080 646
2081 625
2082 1871
2083 714
2084 1363
2085 634
2086 937
2087 487
2088 1225
2089 1878
2090 1907
2091 1201
2092 754
2093 1078
2094 1275
2095 1644
2096 1720
2097 1605
2098 376
2099 1903
2100 1677
2101 1668
2102 1363
2103 1313
2104 1593
2105 1773
2106 1360
2107 136
2108 1308
2109 1438
2110 1838
2111 973
2112 2096
2113 132
2114 1993
2115 509
2116 1250
2117 1457
2118 1981
2119 551
2120 488
2121 1506
2122 346
2123 1581
2124 796
2125 1813
2126 854
2127 1171
2128 823
2129 1225
2130 1250
2131 1393
2132 1972
2133 1504
2134 704
2135 1998
2136 1566
2137 793
2138 1992
2139 2109
2140 2008
2141 1250
2142 1102
2143 631
2144 1837
2145 2143
2146 464
2147 1442
2148 1467
2149 1463
2150 867
2151 1259
2152 1307
2153 1145
2154 854
2155 1287
2156 918
2157 1345
2158 1751
2159 1345
2160 1275
2161 1725
2162 1439
2163 1980
2164 855
2165 1556
2166 1005
2167 724
2168 1697
2169 2093
2170 1291
2171 1699
2172 1225
2173 1867
2174 1894
2175 1518
2176 402
2177 1471
2178 2172
2179 1761
2180 1953
2181 888
2182 2159
2183 1887
2184 545
2185 823
2186 1837
2187 1355
2188 358
2189 797
2190 2176
2191 575
2192 1000
2193 1304
2194 1069
2195 1250
2196 1933
2197 1887
2198 2172
2199 1484
2200 1665
2201 2189
2202 1062
2203 2032
2204 215
2205 104
2206 818
2207 70
2208 1992
2209 2181
2210 2189
2211 1981
2212 831
2213 487
2214 1484
2215 576
2216 1889
2217 1575
2218 1865
2219 2098
2220 1432
2221 1992
2222 1896
2223 1981
2224 925
2225 2142
2226 1300
2227 1299
2228 1250
2229 1701
2230 1048
2231 636
2232 2164
2233 1412
2234 436
2235 1560
2236 1078
2237 1293
2238 1452
2239 270
2240 296
2241 1503
2242 2189
2243 1228
2244 1429
2245 2013
2246 1018
2247 1264
2248 1691
2249 646
2250 1825
2251 1111
2252 1437
2253 706
2254 1504
2255 1998
2256 1675
2257 1140
2258 1591
2259 2189
2260 2008
2261 311
2262 824
2263 1998
2264 787
2265 1357
2266 1655
2267 1706
2268 1613
2269 2089
2270 2264
2271 1638
2272 1385
2273 2112
2274 1101
2275 2182
2276 1139
2277 1222
2278 977
2279 1287
2280 1165
2281 296
2282 100
2283 565
2284 1528
2285 1759
2286 2182
2287 1757
2288 1598
2289 2175
2290 2226
2291 1138
2292 206
2293 2242
2294 1083
2295 2189
2296 2293
2297 1250
2298 2136
2299 726
2300 1677
2301 2001
2302 223
2303 1138
2304 1924
2305 1480
2306 1250
2307 451
2308 651
2309 1287
2310 982
2311 672
2312 1438
2313 1579
2314 846
2315 1792
2316 1840
2317 616
2318 2157
2319 1532
2320 1931
2321 2037
2322 1606
2323 535
2324 1321
2325 2189
2326 505
2327 1213
2328 1171
2329 1837
2330 2086
2331 2319
2332 2013
2333 1514
2334 854
2335 1919
2336 242
2337 1710
2338 1887
2339 2293
2340 998
2341 1432
2342 1940
2343 1503
2344 2189
2345 737
2346 1292
2347 2101
2348 1432
2349 1445
2350 706
2351 1250
2352 659
2353 2189
2354 2131
2355 1963
2356 1166
2357 1992
2358 2202
2359 1720
2360 2355
2361 702
2362 552
2363 2159
2364 1345
2365 1809
2366 1842
2367 1727
2368 600
2369 1995
2370 877
2371 2203
2372 1281
2373 1655
2374 1491
2375 1778
2376 839
2377 540
2378 2294
2379 1373
2380 2189
2381 1981
2382 2316
2383 1992
2384 649
2385 1787
2386 1504
2387 1452
2388 2099
2389 1613
2390 1698
2391 2101
2392 808
2393 1779
2394 1882
2395 1956
2396 1754
2397 1951
2398 326
2399 179
2400 2082
2401 2179
2402 1474
2403 1345
2404 1613
2405 1887
2406 1474
2407 2193
2408 1783
2409 1047
2410 1250
2411 2013
2412 1241
2413 1250
2414 1009
2415 1637
2416 2172
2417 2160
2418 956
2419 854
2420 1480
2421 804
2422 667
2423 849
2424 1308
2425 563
2426 433
2427 567
2428 1427
2429 1605
2430 2216
2431 854
2432 1446
2433 1780
2434 2157
2435 2189
2436 2302
2437 1081
2438 895
2439 2001
2440 1948
2441 1415
2442 1176
2443 2373
2444 1187
2445 402
2446 602
2447 2197
2448 1944
2449 1515
2450 2347
2451 2397
2452 540
2453 579
2454 1224
2455 706
2456 648
2457 1425
2458 1512
2459 1589
2460 2233
2461 702
2462 1991
2463 2008
2464 1493
2465 490
2466 771
2467 484
2468 2182
2469 1927
2470 1832
2471 1987
2472 197
2473 2008
2474 1725
2475 1062
2476 2226
2477 1112
2478 762
2479 2013
2480 1678
2481 1196
2482 1171
2483 2474
2484 1259
2485 1694
2486 1549
2487 1661
2488 151
2489 417
2490 1301
2491 1148
2492 1266
2493 702
2494 1171
2495 1479
2496 986
2497 466
2498 2184
2499 1944
2500 1050
2501 540
2502 920
2503 2189
2504 613
2505 2504
2506 2326
2507 2129
2508 852
2509 1420
2510 2298
2511 1786
2512 1938
2513 2189
2514 2189
2515 1966
2516 563
2517 1782
2518 1620
2519 2013
2520 2080
2521 645
2522 702
2523 2321
2524 724
2525 2377
2526 1224
2527 2426
2528 898
2529 2201
2530 547
2531 2026
2532 2189
2533 1865
2534 1800
2535 1371
2536 1368
2537 627
2538 2024
2539 2060
2540 632
2541 1111
2542 2276
2543 2038
2544 1728
2545 1813
2546 1845
2547 1677
2548 2098
2549 2535
2550 1332
2551 2292
2552 278
2553 1457
2554 2502
2555 1606
2556 1882
2557 2108
2558 786
2559 2124
2560 2114
2561 726
2562 1406
2563 1406
2564 2267
2565 2189
2566 1992
2567 1504
2568 1252
2569 1719
2570 623
2571 2189
2572 79
2573 2346
2574 2278
2575 2535
2576 2035
2577 1345
2578 960
2579 2236
2580 1462
2581 2239
2582 2008
2583 2518
2584 2025
2585 2082
2586 1480
2587 2189
2588 759
2589 675
2590 326
2591 1829
2592 1467
2593 2121
2594 2041
2595 1623
2596 458
2597 2376
2598 1451
2599 2267
2600 2560
2601 506
2602 229
2603 1661
2604 2189
2605 1163
2606 1020
2607 2189
2608 1551
2609 964
2610 1918
2611 1981
2612 1307
2613 929
2614 465
2615 2556
2616 1946
2617 626
2618 1238
2619 2026
2620 2604
2621 341
2622 1375
2623 2487
2624 1699
2625 1695
2626 1671
2627 1250
2628 716
2629 1436
2630 682
2631 2008
2632 2599
2633 941
2634 1186
2635 2608
2636 1229
2637 1272
2638 1250
2639 416
2640 1438
2641 2164
2642 1330
2643 2419
2644 1538
2645 459
2646 2319
2647 1141
2648 145
2649 2360
2650 2279
2651 2388
2652 1677
2653 2001
2654 1589
2655 1744
2656 451
2657 1677
2658 1250
2659 2486
2660 1379
2661 2260
2662 1887
2663 650
2664 2645
2665 1761
2666 1726
2667 831
2668 2607
2669 939
2670 2189
2671 785
2672 1067
2673 1238
2674 2091
2675 2355
2676 2257
2677 364
2678 2267
2679 2405
2680 1748
2681 1136
2682 699
2683 1861
2684 1151
2685 1981
2686 925
2687 1315
2688 2436
2689 576
2690 1504
2691 1990
2692 1346
2693 2638
2694 1248
2695 2397
2696 2679
2697 1885
2698 1243
2699 1656
2700 1300
2701 2189
2702 1842
2703 1009
2704 1222
2705 869
2706 1734
2707 1844
2708 1561
2709 2008
2710 1324
2711 2426
2712 2026
2713 2082
2714 2309
2715 1598
2716 1789
2717 1575
2718 2008
2719 2189
2720 546
2721 225
2722 1166
2723 931
2724 146
2725 2271
2726 1653
2727 990
2728 2147
2729 1951
2730 2369
2731 1267
2732 984
2733 1850
2734 455
2735 553
2736 1363
2737 1617
2738 2729
2739 1503
2740 2026
2741 1094
2742 631
2743 1254
2744 2667
2745 2027
2746 594
2747 1998
2748 1208
2749 2264
2750 2293
2751 1363
2752 1470
2753 714
2754 2189
2755 906
2756 702
2757 2450
2758 681
2759 1586
2760 2015
2761 2580
2762 1481
2763 2026
2764 2746
2765 802
2766 1427
2767 2723
2768 1830
2769 1708
2770 2720
2771 2697
2772 2226
2773 2189
2774 2293
2775 2189
2776 2369
2777 2729
2778 1887
2779 1224
2780 953
2781 2370
2782 1284
2783 1736
2784 1591
2785 1724
2786 215
2787 587
2788 1754
2789 1887
2790 2397
2791 1744
2792 2530
2793 2189
2794 2530
2795 1523
2796 2677
2797 2189
2798 987
2799 1761
2800 1666
2801 1861
2802 2791
2803 2529
2804 1682
2805 681
2806 2293
2807 1522
2808 2080
2809 2719
2810 2720
2811 2259
2812 1761
2813 2347
2814 1750
2815 1734
2816 2504
2817 2695
2818 885
2819 2341
2820 2008
2821 1871
2822 1860
2823 2202
2824 2026
2825 165
2826 2054
2827 2319
2828 854
2829 1784
2830 613
2831 2773
2832 1899
2833 2270
2834 2729
2835 1563
2836 1345
2837 2051
2838 2260
2839 1467
2840 2579
2841 1848
2842 797
2843 2377
2844 1510
2845 2560
2846 2196
2847 447
2848 1103
2849 2729
2850 1479
2851 2381
2852 2319
2853 1887
2854 1425
2855 274
2856 2122
2857 2003
2858 2266
2859 576
2860 1300
2861 2207
2862 2360
2863 2382
2864 2527
2865 2428
2866 797
2867 2339
2868 363
2869 2396
2870 2257
2871 2352
2872 1263
2873 2370
2874 2729
2875 2504
2876 2729
2877 2527
2878 2596
2879 714
2880 2530
2881 2013
2882 1784
2883 1266
2884 2747
2885 509
2886 2013
2887 724
2888 1645
2889 1850
2890 2321
2891 2293
2892 1205
2893 1616
2894 867
2895 2457
2896 1127
2897 1111
2898 1581
2899 1878
2900 1495
2901 1689
2902 438
2903 767
2904 950
2905 1389
2906 2381
2907 1224
2908 717
2909 2048
2910 2653
2911 2642
2912 1394
2913 2727
2914 2775
2915 1340
2916 2865
2917 1438
2918 2164
2919 540
2920 1458
2921 1887
2922 2189
2923 1523
2924 1725
2925 2477
2926 1559
2927 560
2928 1406
2929 2106
2930 1734
2931 2086
2932 2759
2933 2355
2934 2118
2935 1406
2936 2516
2937 2892
2938 2688
2939 1664
2940 2476
2941 2293
2942 2477
2943 692
2944 2729
2945 547
2946 1438
2947 2082
2948 809
2949 1314
2950 1950
2951 422
2952 43
2953 1233
2954 2140
2955 2553
2956 1942
2957 2592
2958 1598
2959 1816
2960 221
2961 2683
2962 987
2963 2104
2964 854
2965 2013
2966 2013
2967 1269
2968 160
2969 2457
2970 2180
2971 2189
2972 2761
2973 2318
2974 1726
2975 2720
2976 1474
2977 911
2978 615
2979 1467
2980 2978
2981 635
2982 2593
2983 2750
2984 1559
2985 2293
2986 2426
2987 2071
2988 2742
2989 258
2990 2657
2991 451
2992 2343
2993 2694
2994 704
2995 138
2996 551
2997 827
2998 167
2999 2535
3000 1697
3001 2306
3002 2131
3003 2892
3004 2973
3005 1335
3006 1518
3007 2501
3008 2885
3009 2264
3010 2504
3011 909
3012 1849
3013 419
3014 2127
3015 1705
3016 1677
3017 2838
3018 169
3019 2342
3020 2355
3021 1274
3022 1946
3023 2729
3024 3007
3025 563
3026 2293
3027 364
3028 2321
3029 434
3030 2414
3031 63
3032 1298
3033 923
3034 2812
3035 2757
3036 1727
3037 2105
3038 2690
3039 1024
3040 2226
3041 1775
3042 869
3043 2321
3044 1731
3045 1720
3046 169
3047 2126
3048 2563
3049 504
3050 1065
3051 1000
3052 2690
3053 1917
3054 3012
3055 748
3056 1756
3057 2278
3058 2677
3059 2800
3060 2572
3061 2189
3062 1345
3063 3014
3064 74
3065 1890
3066 1486
3067 2410
3068 2401
3069 1598
3070 1236
3071 1124
3072 2614
3073 2985
3074 2098
3075 1426
3076 2278
3077 2109
3078 2501
3079 1171
3080 2237
3081 1245
3082 1981
3083 2919
3084 1929
3085 2722
3086 2189
3087 2729
3088 3014
3089 331
3090 990
3091 2136
3092 1822
3093 1743
3094 1173
3095 1859
3096 220
3097 1986
3098 315
3099 1222
3100 1501
3101 1857
3102 2964
3103 2483
3104 2720
3105 1079
3106 2892
3107 702
3108 2474
3109 676
3110 910
3111 1575
3112 1287
3113 2400
3114 1982
3115 1344
3116 2831
3117 2851
3118 1796
3119 631
3120 1250
3121 2562
3122 1406
3123 2759
3124 2742
3125 2455
3126 2189
3127 2831
3128 2097
3129 1375
3130 2319
3131 1277
3132 955
3133 2168
3134 430
3135 1986
3136 2518
3137 714
3138 1108
3139 1076
3140 1504
3141 1123
3142 2501
3143 2729
3144 2684
3145 1816
3146 3019
3147 854
3148 2189
3149 2189
3150 2812
3151 2081
3152 966
3153 2973
3154 1347
3155 2531
3156 2172
3157 1685
3158 1801
3159 1692
3160 2729
3161 2293
3162 2326
3163 2729
3164 2729
3165 1437
3166 640
3167 2729
3168 149
3169 2972
3170 2248
3171 1655
3172 610
3173 2319
3174 979
3175 1503
3176 2331
3177 2152
3178 1157
3179 2173
3180 1191
3181 2252
3182 1004
3183 3169
3184 1503
3185 1520
3186 1398
3187 3115
3188 499
3189 3091
3190 2741
3191 2008
3192 2349
3193 2962
3194 2120
3195 1850
3196 2720
3197 1882
3198 702
3199 1571
3200 1798
3201 2355
3202 1401
3203 2485
3204 2332
3205 2127
3206 3092
3207 1265
3208 1406
3209 2347
3210 3027
3211 2013
3212 392
3213 780
3214 2584
3215 2088
3216 2158
3217 1467
3218 2293
3219 1760
3220 1598
3221 3064
3222 888
3223 3052
3224 814
3225 2003
3226 2330
3227 2996
3228 2504
3229 3165
3230 2646
3231 3045
3232 2109
3233 2426
3234 2388
3235 1558
3236 2323
3237 2319
3238 3141
3239 568
3240 948
3241 1548
3242 775
3243 2504
3244 640
3245 1192
3246 747
3247 3016
3248 2207
3249 268
3250 3244
3251 559
3252 2515
3253 1166
3254 901
3255 2032
3256 2968
3257 2023
3258 2747
3259 2838
3260 2425
3261 2116
3262 3141
3263 2511
3264 2189
3265 756
3266 2189
3267 2282
3268 293
3269 2013
3270 2834
3271 2919
3272 721
3273 3141
3274 2445
3275 979
3276 1865
3277 2778
3278 2796
3279 1834
3280 1661
3281 1234
3282 2968
3283 1345
3284 3202
3285 776
3286 2741
3287 2589
3288 2880
3289 1793
3290 3214
3291 2892
3292 1955
3293 2264
3294 2663
3295 447
3296 1105
3297 685
3298 1027
3299 783
3300 752
3301 228
3302 113
3303 559
3304 2645
3305 6
3306 892
3307 57
3308 209
3309 2671
3310 1537
3311 329
3312 1175
3313 1010
3314 2630
3315 616
3316 3031
3317 1270
3318 835
3319 486
3320 3281
3321 100
3322 2472
3323 2904
3324 34
3325 361
3326 1150
3327 1414
3328 1049
3329 2368
3330 1659
3331 1765
3332 3168
3333 76
3334 807
3335 1097
3336 2601
3337 3064
3338 3268
3339 2952
3340 3249
3341 931
3342 54
3343 1359
3344 51
3345 55
3346 87
3347 1009
3348 217
3349 2480
3350 138
3351 1457
3352 1032
3353 3178
3354 292
3355 206
3356 2736
3357 2205
3358 1973
3359 698
3360 2960
3361 713
3362 2239
3363 557
3364 1881
3365 2013
3366 3098
3367 573
3368 1597
3369 554
3370 62
3371 2591
3372 1847
3373 3060
3374 62
3375 2192
3376 883
3377 502
3378 121
3379 1972
3380 215
3381 1244
3382 1622
3383 168
3384 695
3385 755
3386 2953
3387 1003
3388 629
3389 2207
3390 429
3391 2731
3392 833
3393 150
3394 82
3395 80
3396 2648
3397 412
3398 894
3399 291
3400 333
3401 77
3402 2724
3403 82
3404 2007
3405 653
3406 816
3407 1468
3408 745
3409 1573
3410 2362
3411 1840
3412 2956
3413 1433
3414 2659
3415 3284
3416 85
3417 1104
3418 2244
3419 533
3420 1858
3421 529
3422 1592
3423 862
3424 91
3425 92
3426 984
3427 2501
3428 1474
3429 2068
3430 1941
3431 3184
3432 980
3433 100
3434 1700
3435 489
3436 703
3437 421
3438 1056
3439 1074
3440 2997
3441 2282
3442 100
3443 2107
3444 1615
3445 112
3446 321
3447 493
3448 994
3449 1701
3450 719
3451 139
3452 1500
3453 1088
3454 1424
3455 424
3456 446
3457 1430
3458 303
3459 109
3460 109
3461 2281
3462 190
3463 477
3464 777
3465 1693
3466 113
3467 560
3468 113
3469 223
3470 3096
3471 3200
3472 113
3473 1369
3474 245
3475 1143
3476 2825
3477 938
3478 113
3479 510
3480 114
3481 721
3482 2234
3483 531
3484 119
3485 1741
3486 511
3487 1386
3488 154
3489 936
3490 2061
3491 3274
3492 121
3493 673
3494 2446
3495 1411
3496 384
3497 1014
3498 2040
3499 1388
3500 129
3501 129
3502 2113
3503 463
3504 302
3505 2995
3506 1855
3507 366
3508 2699
3509 628
3510 2989
3511 1209
3512 2748
3513 1170
3514 1403
3515 1002
3516 1004
3517 139
3518 1261
3519 2418
3520 1714
3521 821
3522 140
3523 243
3524 142
3525 393
3526 2365
3527 147
3528 632
3529 146
3530 371
3531 176
3532 155
3533 2680
3534 192
3535 210
3536 319
3537 397
3538 237
3539 1046
3540 150
3541 1377
3542 346
3543 2488
3544 2460
3545 2433
3546 1229
3547 1336
3548 919
3549 1144
3550 155
3551 196
3552 3282
3553 328
3554 160
3555 982
3556 160
3557 172
3558 2855
3559 2521
3560 614
3561 1551
3562 1116
3563 1747
3564 465
3565 611
3566 2340
3567 2998
3568 842
3569 1767
3570 2458
3571 169
3572 1057
3573 3046
3574 169
3575 2438
3576 3018
3577 1482
3578 1852
3579 222
3580 174
3581 688
3582 2490
3583 792
3584 1029
3585 891
3586 269
3587 1399
3588 368
3589 174
3590 1715
3591 1206
3592 174
3593 2067
3594 1058
3595 1281
3596 1909
3597 277
3598 1179
3599 494
3600 177
3601 1402
3602 1629
3603 844
3604 1775
3605 304
3606 2399
3607 641
3608 1366
3609 349
3610 476
3611 344
3612 181
3613 603
3614 1487
3615 240
3616 1318
3617 189
3618 191
3619 191
3620 690
3621 400
3622 1621
3623 1195
3624 2153
3625 1285
3626 2311
3627 658
3628 2542
3629 741
3630 1344
3631 584
3632 198
3633 1350
3634 2613
3635 1868
3636 204
3637 389
3638 2551
3639 206
3640 1321
3641 206
3642 209
3643 717
3644 375
3645 832
3646 863
3647 279
3648 633
3649 1183
3650 988
3651 212
3652 761
3653 411
3654 2204
3655 215
3656 286
3657 215
3658 231
3659 2786
3660 216
3661 1557
3662 2943
3663 1606
3664 312
3665 306
3666 218
3667 260
3668 222
3669 1969
3670 1455
3671 2938
3672 824
3673 1665
3674 2721
3675 906
3676 2726
3677 3070
3678 226
3679 1438
3680 624
3681 1119
3682 507
3683 1297
3684 725
3685 1682
3686 1452
3687 1568
3688 2894
3689 229
3690 1795
3691 330
3692 229
3693 1307
3694 530
3695 2602
3696 229
3697 376
3698 443
3699 230
3700 813
3701 1803
3702 2588
3703 1768
3704 589
3705 1275
3706 1531
3707 702
3708 1334
3709 237
3710 237
3711 636
3712 238
3713 238
3714 240
3715 787
3716 2336
3717 294
3718 596
3719 246
3720 1686
3721 868
3722 625
3723 257
3724 856
3725 417
3726 258
3727 2180
3728 1384
3729 261
3730 3179
3731 2634
3732 2560
3733 288
3734 1968
3735 1651
3736 322
3737 1021
3738 272
3739 1331
3740 272
3741 272
3742 391
3743 2467
3744 3203
3745 353
3746 2595
3747 860
3748 274
3749 1660
3750 277
3751 558
3752 277
3753 277
3754 277
3755 3180
3756 1225
3757 278
3758 2552
3759 279
3760 1107
3761 1120
3762 280
3763 1505
3764 2948
3765 2866
3766 1372
3767 280
3768 326
3769 1055
3770 474
3771 281
3772 281
3773 377
3774 1217
3775 2422
3776 830
3777 652
3778 287
3779 2502
3780 498
3781 289
3782 1609
3783 1914
3784 1488
3785 291
3786 293
3787 293
3788 2213
3789 544
3790 691
3791 3152
3792 683
3793 339
3794 2240
3795 788
3796 3081
3797 2541
3798 1036
3799 298
3800 1216
3801 619
3802 3157
3803 466
3804 731
3805 471
3806 357
3807 1376
3808 3278
3809 390
3810 2283
3811 2261
3812 2388
3813 1502
3814 2384
3815 317
3816 2741
3817 1156
3818 318
3819 2415
3820 318
3821 318
3822 724
3823 490
3824 2629
3825 325
3826 325
3827 325
3828 3257
3829 2590
3830 1879
3831 2398
3832 896
3833 1205
3834 328
3835 1912
3836 335
3837 3089
3838 1733
3839 1082
3840 332
3841 517
3842 765
3843 336
3844 1766
3845 926
3846 339
3847 2609
3848 543
3849 475
3850 1920
3851 1842
3852 3129
3853 491
3854 365
3855 2534
3856 3236
3857 2621
3858 1517
3859 1122
3860 3011
3861 959
3862 342
3863 760
3864 346
3865 697
3866 434
3867 2856
3868 1785
3869 539
3870 1516
3871 349
3872 1740
3873 354
3874 1974
3875 358
3876 2188
3877 359
3878 361
3879 772
3880 1970
3881 363
3882 2868
3883 1602
3884 426
3885 3210
3886 366
3887 366
3888 366
3889 368
3890 890
3891 478
3892 372
3893 2219
3894 376
3895 1628
3896 2020
3897 815
3898 2047
3899 1555
3900 1699
3901 378
3902 651
3903 378
3904 1478
3905 378
3906 378
3907 1044
3908 1115
3909 380
3910 2044
3911 394
3912 1594
3913 1445
3914 871
3915 681
3916 1138
3917 386
3918 887
3919 1294
3920 387
3921 387
3922 387
3923 2537
3924 2246
3925 387
3926 2002
3927 2559
3928 879
3929 2025
3930 391
3931 2902
3932 3212
3933 1676
3934 394
3935 394
3936 1123
3937 582
3938 1118
3939 1949
3940 396
3941 1658
3942 399
3943 1825
3944 957
3945 458
3946 954
3947 2190
3948 403
3949 1061
3950 800
3951 1365
3952 1811
3953 405
3954 851
3955 2149
3956 810
3957 1627
3958 608
3959 2682
3960 409
3961 409
3962 409
3963 780
3964 1250
3965 469
3966 1130
3967 634
3968 411
3969 948
3970 1079
3971 411
3972 1654
3973 411
3974 1578
3975 3207
3976 1572
3977 1408
3978 1730
3979 412
3980 1136
3981 416
3982 1598
3983 2639
3984 1230
3985 2395
3986 3118
3987 417
3988 417
3989 417
3990 417
3991 1933
3992 689
3993 417
3994 1255
3995 2489
3996 1232
3997 2138
3998 1639
3999 1395
4000 3013
4001 422
4002 2626
4003 2951
4004 429
4005 2961
4006 430
4007 857
4008 2462
4009 3134
4010 2170
4011 431
4012 431
4013 431
4014 1417
4015 431
4016 2905
4017 431
4018 708
4019 1102
4020 2215
4021 2426
4022 3029
4023 639
4024 952
4025 441
4026 1407
4027 555
4028 441
4029 501
4030 1181
4031 441
4032 441
4033 2734
4034 3260
4035 2847
4036 955
4037 447
4038 1160
4039 662
4040 1304
4041 1844
4042 623
4043 449
4044 449
4045 450
4046 1161
4047 496
4048 451
4049 2518
4050 451
4051 2656
4052 598
4053 2345
4054 451
4055 2991
4056 1078
4057 2307
4058 451
4059 3247
4060 1492
4061 1396
4062 2346
4063 2932
4064 454
4065 454
4066 1702
4067 1946
4068 456
4069 2586
4070 2064
4071 457
4072 2878
4073 458
4074 2729
4075 2075
4076 519
4077 459
4078 1911
4079 872
4080 459
4081 459
4082 2146
4083 776
4084 962
4085 3056
4086 542
4087 541
4088 2614
4089 465
4090 465
4091 465
4092 465
4093 465
4094 784
4095 1149
4096 1220
4097 993
4098 694
4099 1831
4100 2497
4101 1633
4102 466
4103 466
4104 3131
4105 2999
4106 469
4107 1141
4108 2243
4109 806
4110 613
4111 1776
4112 1147
4113 2832
4114 2087
4115 525
4116 487
4117 1574
4118 3194
4119 488
4120 946
4121 2337
4122 1810
4123 490
4124 2465
4125 1184
4126 490
4127 490
4128 490
4129 1726
4130 491
4131 1178
4132 1513
4133 496
4134 823
4135 1086
4136 2962
4137 1945
4138 3188
4139 1095
4140 605
4141 834
4142 1646
4143 1727
4144 502
4145 1984
4146 1674
4147 1279
4148 790
4149 2076
4150 503
4151 503
4152 3186
4153 1673
4154 569
4155 850
4156 503
4157 503
4158 2423
4159 750
4160 503
4161 747
4162 503
4163 503
4164 1188
4165 902
4166 2949
4167 1028
4168 503
4169 1340
4170 2371
4171 1845
4172 503
4173 503
4174 1479
4175 504
4176 1242
4177 2206
4178 3049
4179 504
4180 505
4181 2326
4182 506
4183 507
4184 2285
4185 1035
4186 2684
4187 1313
4188 626
4189 3254
4190 507
4191 684
4192 1339
4193 1582
4194 705
4195 509
4196 2115
4197 728
4198 2885
4199 621
4200 707
4201 509
4202 509
4203 509
4204 509
4205 509
4206 512
4207 514
4208 516
4209 516
4210 1509
4211 1221
4212 657
4213 1975
4214 517
4215 3139
4216 522
4217 828
4218 768
4219 534
4220 533
4221 535
4222 1031
4223 535
4224 847
4225 1783
4226 1708
4227 1062
4228 539
4229 539
4230 804
4231 540
4232 2919
4233 3224
4234 2377
4235 674
4236 3239
4237 540
4238 720
4239 540
4240 840
4241 540
4242 540
4243 540
4244 1880
4245 540
4246 700
4247 2452
4248 2920
4249 1470
4250 540
4251 1287
4252 2598
4253 544
4254 2498
4255 1418
4256 618
4257 2720
4258 743
4259 2530
4260 547
4261 2692
4262 2945
4263 893
4264 1038
4265 1580
4266 547
4267 2054
4268 547
4269 3172
4270 547
4271 547
4272 547
4273 547
4274 1135
4275 933
4276 1090
4277 1997
4278 547
4279 2191
4280 1423
4281 2835
4282 547
4283 547
4284 547
4285 547
4286 547
4287 547
4288 1045
4289 550
4290 1640
4291 839
4292 2442
4293 2156
4294 550
4295 550
4296 567
4297 551
4298 551
4299 2996
4300 551
4301 551
4302 2119
4303 1802
4304 553
4305 2735
4306 1214
4307 553
4308 817
4309 1200
4310 554
4311 709
4312 557
4313 738
4314 3251
4315 2927
4316 3025
4317 1081
4318 965
4319 805
4320 563
4321 2936
4322 565
4323 1241
4324 1295
4325 873
4326 2106
4327 855
4328 604
4329 1937
4330 1257
4331 1305
4332 567
4333 2427
4334 567
4335 567
4336 1063
4337 570
4338 570
4339 576
4340 1382
4341 3110
4342 2859
4343 769
4344 2689
4345 3109
4346 875
4347 2764
4348 579
4349 579
4350 579
4351 1799
4352 903
4353 2151
4354 579
4355 1897
4356 579
4357 3242
4358 723
4359 2628
4360 2453
4361 1052
4362 580
4363 1406
4364 907
4365 1764
4366 585
4367 1703
4368 1037
4369 958
4370 2787
4371 587
4372 2079
4373 588
4374 970
4375 593
4376 594
4377 914
4378 596
4379 597
4380 597
4381 886
4382 1965
4383 876
4384 732
4385 2674
4386 1022
4387 2778
4388 602
4389 602
4390 603
4391 604
4392 606
4393 611
4394 611
4395 611
4396 611
4397 611
4398 3199
4399 1199
4400 2504
4401 613
4402 2830
4403 613
4404 2454
4405 613
4406 613
4407 1839
4408 1587
4409 1316
4410 1361
4411 613
4412 613
4413 614
4414 2978
4415 615
4416 2317
4417 618
4418 619
4419 930
4420 621
4421 622
4422 622
4423 1964
4424 1544
4425 622
4426 622
4427 622
4428 1434
4429 3287
4430 715
4431 1356
4432 623
4433 623
4434 623
4435 2570
4436 655
4437 625
4438 625
4439 763
4440 625
4441 1719
4442 1475
4443 3151
4444 2872
4445 625
4446 1448
4447 625
4448 625
4449 625
4450 2617
4451 678
4452 628
4453 3124
4454 631
4455 1404
4456 631
4457 631
4458 3119
4459 2145
4460 3138
4461 632
4462 2540
4463 1303
4464 2085
4465 2981
4466 2231
4467 636
4468 1364
4469 1777
4470 2026
4471 2821
4472 636
4473 636
4474 636
4475 636
4476 1808
4477 636
4478 1091
4479 638
4480 803
4481 640
4482 640
4483 640
4484 2669
4485 3166
4486 3244
4487 640
4488 878
4489 2808
4490 2019
4491 928
4492 646
4493 2249
4494 899
4495 646
4496 647
4497 2456
4498 1325
4499 1327
4500 651
4501 651
4502 1137
4503 2308
4504 1073
4505 940
4506 852
4507 658
4508 658
4509 659
4510 659
4511 2871
4512 1146
4513 663
4514 664
4515 664
4516 665
4517 2745
4518 667
4519 667
4520 1988
4521 2478
4522 1043
4523 2672
4524 1296
4525 671
4526 671
4527 672
4528 1895
4529 1011
4530 674
4531 693
4532 1824
4533 677
4534 730
4535 1530
4536 677
4537 678
4538 1050
4539 679
4540 679
4541 1329
4542 2805
4543 2758
4544 1490
4545 1312
4546 682
4547 684
4548 2606
4549 687
4550 690
4551 695
4552 697
4553 2802
4554 697
4555 697
4556 1978
4557 2762
4558 702
4559 702
4560 1698
4561 2756
4562 1072
4563 702
4564 702
4565 2361
4566 702
4567 2558
4568 2522
4569 702
4570 2765
4571 1709
4572 702
4573 702
4574 702
4575 742
4576 702
4577 702
4578 1818
4579 702
4580 702
4581 1085
4582 702
4583 702
4584 702
4585 1362
4586 702
4587 702
4588 702
4589 968
4590 2012
4591 702
4592 702
4593 2493
4594 2253
4595 1612
4596 2062
4597 1567
4598 1071
4599 3094
4600 702
4601 2461
4602 702
4603 2710
4604 2095
4605 3107
4606 1380
4607 3198
4608 1153
4609 702
4610 702
4611 702
4612 702
4613 702
4614 1454
4615 702
4616 703
4617 3057
4618 1133
4619 2134
4620 704
4621 766
4622 704
4623 704
4624 2698
4625 2561
4626 2994
4627 1910
4628 1192
4629 2257
4630 2350
4631 1548
4632 2455
4633 707
4634 708
4635 2319
4636 905
4637 708
4638 709
4639 709
4640 961
4641 2008
4642 2393
4643 1446
4644 2879
4645 714
4646 3137
4647 949
4648 2753
4649 714
4650 2059
4651 714
4652 2070
4653 1256
4654 2028
4655 733
4656 2083
4657 716
4658 2896
4659 1124
4660 2908
4661 719
4662 1925
4663 947
4664 719
4665 719
4666 719
4667 719
4668 976
4669 1922
4670 2187
4671 719
4672 782
4673 1732
4674 721
4675 2043
4676 3272
4677 1778
4678 723
4679 724
4680 2072
4681 1026
4682 2167
4683 1222
4684 1447
4685 724
4686 2887
4687 1262
4688 2524
4689 725
4690 2299
4691 1657
4692 2037
4693 1931
4694 1821
4695 1739
4696 729
4697 729
4698 729
4699 927
4700 729
4701 908
4702 729
4703 729
4704 731
4705 1253
4706 734
4707 874
4708 736
4709 736
4710 736
4711 738
4712 738
4713 2470
4714 1817
4715 743
4716 1443
4717 745
4718 747
4719 747
4720 1240
4721 747
4722 747
4723 747
4724 747
4725 3246
4726 748
4727 3055
4728 997
4729 750
4730 750
4731 751
4732 1405
4733 2578
4734 752
4735 753
4736 753
4737 754
4738 2092
4739 755
4740 3265
4741 757
4742 757
4743 757
4744 759
4745 759
4746 766
4747 766
4748 2903
4749 2466
4750 829
4751 904
4752 776
4753 776
4754 776
4755 1934
4756 975
4757 776
4758 1247
4759 3285
4760 881
4761 776
4762 776
4763 776
4764 777
4765 777
4766 3213
4767 780
4768 782
4769 1608
4770 783
4771 944
4772 783
4773 783
4774 2304
4775 784
4776 1193
4777 784
4778 846
4779 1711
4780 3005
4781 2780
4782 785
4783 787
4784 2264
4785 2058
4786 787
4787 787
4788 1948
4789 787
4790 789
4791 791
4792 791
4793 1585
4794 2137
4795 1790
4796 2189
4797 2218
4798 2842
4799 812
4800 3226
4801 800
4802 801
4803 1162
4804 1624
4805 1016
4806 802
4807 2053
4808 2421
4809 1491
4810 2162
4811 2392
4812 808
4813 808
4814 1391
4815 808
4816 808
4817 808
4818 808
4819 810
4820 1387
4821 811
4822 812
4823 812
4824 813
4825 813
4826 1484
4827 814
4828 814
4829 888
4830 1023
4831 817
4832 817
4833 1040
4834 1614
4835 817
4836 821
4837 1276
4838 821
4839 821
4840 2993
4841 821
4842 1476
4843 821
4844 821
4845 821
4846 1068
4847 821
4848 1797
4849 864
4850 2128
4851 823
4852 823
4853 823
4854 823
4855 1619
4856 2185
4857 824
4858 1971
4859 1604
4860 1923
4861 824
4862 824
4863 824
4864 1337
4865 2262
4866 824
4867 824
4868 827
4869 2691
4870 828
4871 828
4872 2212
4873 831
4874 831
4875 831
4876 2667
4877 831
4878 1101
4879 831
4880 832
4881 832
4882 832
4883 832
4884 832
4885 832
4886 832
4887 835
4888 1999
4889 1497
4890 2376
4891 840
4892 841
4893 1024
4894 843
4895 845
4896 845
4897 845
4898 1125
4899 2314
4900 850
4901 851
4902 851
4903 851
4904 851
4905 1939
4906 1109
4907 2496
4908 851
4909 1080
4910 852
4911 1806
4912 2508
4913 852
4914 1177
4915 852
4916 852
4917 853
4918 1856
4919 854
4920 854
4921 1851
4922 854
4923 854
4924 969
4925 854
4926 1461
4927 854
4928 854
4929 854
4930 854
4931 1299
4932 854
4933 854
4934 2154
4935 854
4936 1158
4937 854
4938 854
4939 854
4940 2795
4941 854
4942 854
4943 963
4944 854
4945 854
4946 2828
4947 854
4948 854
4949 2419
4950 854
4951 854
4952 854
4953 3147
4954 854
4955 1638
4956 2334
4957 854
4958 854
4959 1189
4960 854
4961 854
4962 854
4963 2126
4964 1210
4965 854
4966 854
4967 3102
4968 854
4969 2431
4970 855
4971 855
4972 855
4973 855
4974 2164
4975 1066
4976 884
4977 2544
4978 1347
4979 1196
4980 1850
4981 3075
4982 862
4983 862
4984 862
4985 862
4986 862
4987 1373
4988 864
4989 2150
4990 1469
4991 868
4992 1431
4993 1017
4994 869
4995 921
4996 1902
4997 1838
4998 869
4999 869
5000 869
5001 1545
5002 869
5003 3042
5004 2705
5005 869
5006 871
5007 871
5008 1681
5009 2939
5010 2781
5011 1343
5012 880
5013 881
5014 884
5015 2818
5016 885
5017 2181
5018 888
5019 888
5020 1142
5021 3222
5022 889
5023 1006
5024 2000
5025 891
5026 892
5027 1174
5028 894
5029 1239
5030 1684
5031 2706
5032 1770
5033 2528
5034 899
5035 1605
5036 1830
5037 901
5038 1367
5039 901
5040 943
5041 905
5042 906
5043 906
5044 906
5045 1872
5046 906
5047 2755
5048 906
5049 906
5050 906
5051 1822
5052 2977
5053 912
5054 912
5055 912
5056 912
5057 912
5058 1688
5059 2568
5060 913
5061 913
5062 913
5063 914
5064 914
5065 914
5066 1812
5067 2055
5068 917
5069 917
5070 1560
5071 922
5072 2230
5073 923
5074 2743
5075 923
5076 923
5077 923
5078 3033
5079 923
5080 1053
5081 923
5082 925
5083 2637
5084 1729
5085 925
5086 935
5087 2224
5088 925
5089 1013
5090 1737
5091 925
5092 925
5093 2686
5094 925
5095 925
5096 925
5097 925
5098 929
5099 931
5100 2723
5101 1696
5102 933
5103 933
5104 935
5105 2687
5106 940
5107 940
5108 1477
5109 941
5110 3037
5111 2633
5112 941
5113 1034
5114 3240
5115 948
5116 3132
5117 955
5118 955
5119 955
5120 955
5121 958
5122 959
5123 961
5124 2222
5125 1559
5126 966
5127 967
5128 1005
5129 1631
5130 1577
5131 1378
5132 967
5133 967
5134 967
5135 3065
5136 967
5137 967
5138 1519
5139 1422
5140 972
5141 972
5142 972
5143 979
5144 972
5145 972
5146 2449
5147 973
5148 1465
5149 973
5150 2536
5151 973
5152 2111
5153 973
5154 973
5155 973
5156 974
5157 2194
5158 976
5159 1155
5160 1342
5161 979
5162 1370
5163 979
5164 1496
5165 1007
5166 979
5167 2074
5168 1089
5169 979
5170 1246
5171 979
5172 3275
5173 3174
5174 979
5175 981
5176 2287
5177 981
5178 1957
5179 1249
5180 2280
5181 981
5182 981
5183 1904
5184 981
5185 1354
5186 2310
5187 982
5188 982
5189 983
5190 983
5191 983
5192 1273
5193 2732
5194 986
5195 1952
5196 2798
5197 1098
5198 1428
5199 1293
5200 1171
5201 3050
5202 2165
5203 1862
5204 1197
5205 2913
5206 3090
5207 1400
5208 1008
5209 996
5210 996
5211 996
5212 1416
5213 1000
5214 1397
5215 3051
5216 1000
5217 1752
5218 1535
5219 1466
5220 1003
5221 1003
5222 3182
5223 1539
5224 1005
5225 2166
5226 1550
5227 1006
5228 2471
5229 1006
5230 1009
5231 1047
5232 1009
5233 1009
5234 1632
5235 1009
5236 3100
5237 1717
5238 1754
5239 1009
5240 2703
5241 1009
5242 1009
5243 3030
5244 1383
5245 1009
5246 1967
5247 1009
5248 1010
5249 2063
5250 1013
5251 1014
5252 1015
5253 1302
5254 1016
5255 1017
5256 1018
5257 1018
5258 1536
5259 1326
5260 3039
5261 1027
5262 1027
5263 1027
5264 1027
5265 3159
5266 1027
5267 1027
5268 1027
5269 1027
5270 1027
5271 1027
5272 1027
5273 1332
5274 1041
5275 1936
5276 1027
5277 2018
5278 1027
5279 2967
5280 1772
5281 1031
5282 1031
5283 1031
5284 1032
5285 1032
5286 1032
5287 1032
5288 1670
5289 1040
5290 1040
5291 1040
5292 1040
5293 1819
5294 1040
5295 1040
5296 1041
5297 1589
5298 1441
5299 2409
5300 1047
5301 1047
5302 1611
5303 2356
5304 1047
5305 1047
5306 1047
5307 2500
5308 1306
5309 1052
5310 1052
5311 1052
5312 1052
5313 1052
5314 1271
5315 1052
5316 1053
5317 1057
5318 1057
5319 1735
5320 1058
5321 1061
5322 1958
5323 1062
5324 2987
5325 2475
5326 1121
5327 2823
5328 1062
5329 1062
5330 1524
5331 1070
5332 1076
5333 1078
5334 1078
5335 1078
5336 1489
5337 2236
5338 2060
5339 1374
5340 1078
5341 2169
5342 1079
5343 1079
5344 1079
5345 1079
5346 1079
5347 1079
5348 3105
5349 1079
5350 1915
5351 1080
5352 2437
5353 1081
5354 1082
5355 1410
5356 1083
5357 2294
5358 1083
5359 1083
5360 1087
5361 1090
5362 1090
5363 1095
5364 2247
5365 1529
5366 1154
5367 1099
5368 1099
5369 1099
5370 2274
5371 2142
5372 2848
5373 1103
5374 1103
5375 1738
5376 1679
5377 1103
5378 1104
5379 1169
5380 1751
5381 1223
5382 1107
5383 1107
5384 3000
5385 1107
5386 2251
5387 1111
5388 1111
5389 2897
5390 1111
5391 2477
5392 1419
5393 1456
5394 1112
5395 1112
5396 1300
5397 1494
5398 2031
5399 1114
5400 1114
5401 1116
5402 1116
5403 2078
5404 1116
5405 2014
5406 1116
5407 1117
5408 1351
5409 1120
5410 1121
5411 1121
5412 1123
5413 1123
5414 1123
5415 1123
5416 1123
5417 1930
5418 1123
5419 1123
5420 2766
5421 1134
5422 1929
5423 1123
5424 1123
5425 1123
5426 1298
5427 3141
5428 1123
5429 1390
5430 1124
5431 1124
5432 1124
5433 1576
5434 3071
5435 1131
5436 1131
5437 1131
5438 1218
5439 1543
5440 1746
5441 2681
5442 2291
5443 2782
5444 2303
5445 1140
5446 1140
5447 1140
5448 1140
5449 2647
5450 2424
5451 1141
5452 2760
5453 1145
5454 2491
5455 1784
5456 1837
5457 1907
5458 1151
5459 1151
5460 1153
5461 1153
5462 1153
5463 1154
5464 1155
5465 1155
5466 2807
5467 1510
5468 1155
5469 1155
5470 1290
5471 1157
5472 1157
5473 1558
5474 1986
5475 1648
5476 2800
5477 1162
5478 2605
5479 1460
5480 1165
5481 3085
5482 1940
5483 1166
5484 1166
5485 1166
5486 2289
5487 1166
5488 1166
5489 3253
5490 1762
5491 1464
5492 1167
5493 1171
5494 1171
5495 1171
5496 3079
5497 2328
5498 2494
5499 1171
5500 3205
5501 2482
5502 1171
5503 1173
5504 1173
5505 1173
5506 1174
5507 1177
5508 1180
5509 1182
5510 1180
5511 2618
5512 1742
5513 1181
5514 1553
5515 1187
5516 1187
5517 1642
5518 1187
5519 2265
5520 1187
5521 1187
5522 1187
5523 2444
5524 1188
5525 1189
5526 1189
5527 1189
5528 2036
5529 1189
5530 1190
5531 1191
5532 1310
5533 3245
5534 1194
5535 3044
5536 2580
5537 2481
5538 1196
5539 1196
5540 1200
5541 1201
5542 1203
5543 2033
5544 1205
5545 1323
5546 2892
5547 2065
5548 1210
5549 2327
5550 1916
5551 1672
5552 1221
5553 1221
5554 2277
5555 1982
5556 1453
5557 3099
5558 2704
5559 1863
5560 2907
5561 2526
5562 2779
5563 1224
5564 1224
5565 1225
5566 1225
5567 1225
5568 1225
5569 2728
5570 3215
5571 1225
5572 1225
5573 1225
5574 1225
5575 1595
5576 1225
5577 1225
5578 2129
5579 2172
5580 1225
5581 1225
5582 1225
5583 1225
5584 1225
5585 1864
5586 1229
5587 2636
5588 1230
5589 1232
5590 1233
5591 2673
5592 1238
5593 1238
5594 2412
5595 1241
5596 1243
5597 1247
5598 1330
5599 1341
5600 1250
5601 1250
5602 1250
5603 3067
5604 2228
5605 1274
5606 1250
5607 2141
5608 1250
5609 2638
5610 3120
5611 1260
5612 1805
5613 1250
5614 1258
5615 1625
5616 1250
5617 2011
5618 1950
5619 2658
5620 1250
5621 2413
5622 3261
5623 1707
5624 1250
5625 1250
5626 1250
5627 1250
5628 1250
5629 3001
5630 1985
5631 1886
5632 1250
5633 1250
5634 1250
5635 1250
5636 2195
5637 1250
5638 2263
5639 1250
5640 2627
5641 1250
5642 2049
5643 1250
5644 1250
5645 1250
5646 2351
5647 1250
5648 1846
5649 1250
5650 1250
5651 1917
5652 1250
5653 2297
5654 1250
5655 1250
5656 1250
5657 2130
5658 1250
5659 1251
5660 1669
5661 1251
5662 1252
5663 1253
5664 1255
5665 1255
5666 1255
5667 1841
5668 2484
5669 1262
5670 2660
5671 1569
5672 1266
5673 1266
5674 1266
5675 2883
5676 2492
5677 1266
5678 1267
5679 1272
5680 2016
5681 1272
5682 2593
5683 1274
5684 1274
5685 1274
5686 1274
5687 1274
5688 1274
5689 1274
5690 3021
5691 1274
5692 1274
5693 1274
5694 1274
5695 1274
5696 1274
5697 1274
5698 1274
5699 1275
5700 2094
5701 2160
5702 1275
5703 1661
5704 1275
5705 1275
5706 1275
5707 1275
5708 1277
5709 1277
5710 1277
5711 1358
5712 1277
5713 1277
5714 1650
5715 1278
5716 2372
5717 1749
5718 2714
5719 1287
5720 1287
5721 1287
5722 2155
5723 1635
5724 1287
5725 2963
5726 2279
5727 1287
5728 1947
5729 1287
5730 1287
5731 1287
5732 1309
5733 2355
5734 3112
5735 1287
5736 1287
5737 2644
5738 2006
5739 1287
5740 1288
5741 1288
5742 1540
5743 1289
5744 1289
5745 2237
5746 3032
5747 1298
5748 1298
5749 1299
5750 2227
5751 1721
5752 1300
5753 1300
5754 1300
5755 1300
5756 1300
5757 1300
5758 1300
5759 2700
5760 1300
5761 1300
5762 1300
5763 2860
5764 1300
5765 2226
5766 1425
5767 1304
5768 1304
5769 1541
5770 1304
5771 1599
5772 1304
5773 1304
5774 1943
5775 1304
5776 1304
5777 1304
5778 1304
5779 1753
5780 1304
5781 1908
5782 1472
5783 2407
5784 1304
5785 1471
5786 3177
5787 1307
5788 1307
5789 2612
5790 1308
5791 2557
5792 1308
5793 2543
5794 2348
5795 1683
5796 1312
5797 1312
5798 2103
5799 1313
5800 1315
5801 1315
5802 1315
5803 1603
5804 1319
5805 1321
5806 2324
5807 1324
5808 2052
5809 1804
5810 1326
5811 2911
5812 1331
5813 2359
5814 1331
5815 2248
5816 2550
5817 1332
5818 1332
5819 1332
5820 1483
5821 1875
5822 1332
5823 1332
5824 1332
5825 2021
5826 1596
5827 1340
5828 2915
5829 1340
5830 1340
5831 1340
5832 1341
5833 1342
5834 1344
5835 3187
5836 1345
5837 1345
5838 1345
5839 1345
5840 2836
5841 1345
5842 2577
5843 1345
5844 1876
5845 1345
5846 1348
5847 1345
5848 1607
5849 1345
5850 1345
5851 1345
5852 1345
5853 1610
5854 1345
5855 3062
5856 1345
5857 1562
5858 1736
5859 1345
5860 1345
5861 3283
5862 2403
5863 1345
5864 1345
5865 1345
5866 3093
5867 1345
5868 2157
5869 1345
5870 1345
5871 1345
5872 1345
5873 1345
5874 2363
5875 1345
5876 2364
5877 3066
5878 1345
5879 1345
5880 1347
5881 1347
5882 1724
5883 1347
5884 1347
5885 1437
5886 1347
5887 1347
5888 1643
5889 3154
5890 1347
5891 1347
5892 1913
5893 1350
5894 1350
5895 1354
5896 1358
5897 1362
5898 1983
5899 1440
5900 2751
5901 2046
5902 1363
5903 2084
5904 1363
5905 1363
5906 1363
5907 1363
5908 1363
5909 2102
5910 1364
5911 1364
5912 1365
5913 1365
5914 1365
5915 1365
5916 1365
5917 1367
5918 1371
5919 1373
5920 2379
5921 1373
5922 1375
5923 2622
5924 1377
5925 1377
5926 1377
5927 1377
5928 1377
5929 1377
5930 1377
5931 1377
5932 1996
5933 1383
5934 1383
5935 1459
5936 1383
5937 1383
5938 1385
5939 1680
5940 1385
5941 2272
5942 1385
5943 1527
5944 1385
5945 1385
5946 1385
5947 1387
5948 1387
5949 1435
5950 1647
5951 1389
5952 1835
5953 1392
5954 1579
5955 1393
5956 1393
5957 2131
5958 1394
5959 2912
5960 1760
5961 1394
5962 1394
5963 1395
5964 1397
5965 1689
5966 1405
5967 2051
5968 1406
5969 3289
5970 1406
5971 3122
5972 1807
5973 1406
5974 1888
5975 1406
5976 1406
5977 1406
5978 1406
5979 2056
5980 1406
5981 1406
5982 1634
5983 1406
5984 1406
5985 2563
5986 2935
5987 1406
5988 1406
5989 2562
5990 1406
5991 1406
5992 1406
5993 1406
5994 1406
5995 1406
5996 1406
5997 1981
5998 1406
5999 1406
6000 1406
6001 1406
6002 1406
6003 1406
6004 3208
6005 1406
6006 1583
6007 2928
6008 1716
6009 1406
6010 1408
6011 1409
6012 1409
6013 1409
6014 1411
6015 1415
6016 1415
6017 2441
6018 1415
6019 2333
6020 1588
6021 1416
6022 1883
6023 1416
6024 1416
6025 2509
6026 1425
6027 1425
6028 2854
6029 1663
6030 2457
6031 1425
6032 1425
6033 1966
6034 2428
6035 1427
6036 1427
6037 1427
6038 1499
6039 1432
6040 2220
6041 1432
6042 1892
6043 1432
6044 2341
6045 1432
6046 1432
6047 1432
6048 1434
6049 1435
6050 1932
6051 1435
6052 1435
6053 1437
6054 3229
6055 1437
6056 1437
6057 3181
6058 2640
6059 2312
6060 1438
6061 2917
6062 1438
6063 1438
6064 1438
6065 1438
6066 1438
6067 1438
6068 1438
6069 2109
6070 1438
6071 1641
6072 1788
6073 1438
6074 1873
6075 1438
6076 1438
6077 1438
6078 2946
6079 1954
6080 1445
6081 2349
6082 1445
6083 1446
6084 1446
6085 2432
6086 1447
6087 1687
6088 2387
6089 1547
6090 2238
6091 1455
6092 1456
6093 2117
6094 1457
6095 1457
6096 1457
6097 1976
6098 1457
6099 1457
6100 1457
6101 1457
6102 1457
6103 2553
6104 1459
6105 1459
6106 1459
6107 1459
6108 1459
6109 1460
6110 1460
6111 1979
6112 1461
6113 1461
6114 1461
6115 1462
6116 1462
6117 1462
6118 1462
6119 1463
6120 2148
6121 1467
6122 1467
6123 1467
6124 1467
6125 2697
6126 2979
6127 1467
6128 1467
6129 1467
6130 1570
6131 1467
6132 1467
6133 1467
6134 1467
6135 1467
6136 1467
6137 2066
6138 1467
6139 1467
6140 1467
6141 1467
6142 1823
6143 1467
6144 1467
6145 2839
6146 1467
6147 1467
6148 1467
6149 2957
6150 1467
6151 1467
6152 1467
6153 1467
6154 3217
6155 1467
6156 2035
6157 1470
6158 1470
6159 1470
6160 1470
6161 2752
6162 1470
6163 1470
6164 1470
6165 1470
6166 1471
6167 2177
6168 1471
6169 1935
6170 1814
6171 2406
6172 1474
6173 1474
6174 1474
6175 1474
6176 2256
6177 1474
6178 1474
6179 2402
6180 1745
6181 1474
6182 1474
6183 1474
6184 2976
6185 2005
6186 1474
6187 1649
6188 1474
6189 1474
6190 1833
6191 1474
6192 1758
6193 1474
6194 1475
6195 1475
6196 1475
6197 1475
6198 1475
6199 1475
6200 1476
6201 1477
6202 1477
6203 1479
6204 1479
6205 2850
6206 1882
6207 1479
6208 2034
6209 1479
6210 2495
6211 1898
6212 1479
6213 2315
6214 1479
6215 1480
6216 2420
6217 1480
6218 1480
6219 2305
6220 2900
6221 1617
6222 2199
6223 1484
6224 1484
6225 2214
6226 1487
6227 1488
6228 2469
6229 1488
6230 1488
6231 1488
6232 1488
6233 1490
6234 1490
6235 2374
6236 1491
6237 1493
6238 2045
6239 2464
6240 2284
6241 1500
6242 1500
6243 1501
6244 2241
6245 3263
6246 3175
6247 1503
6248 1503
6249 1503
6250 2343
6251 2739
6252 1504
6253 1504
6254 1552
6255 1591
6256 1504
6257 2298
6258 1504
6259 3158
6260 1884
6261 1504
6262 2386
6263 1889
6264 1504
6265 1504
6266 1504
6267 1815
6268 1504
6269 1504
6270 1504
6271 1977
6272 1504
6273 1769
6274 2133
6275 1504
6276 1504
6277 1504
6278 1980
6279 1504
6280 1504
6281 1504
6282 2254
6283 3052
6284 1504
6285 1504
6286 2716
6287 1504
6288 2335
6289 1504
6290 1504
6291 1504
6292 1504
6293 2567
6294 1504
6295 1504
6296 1504
6297 1504
6298 1504
6299 1504
6300 3140
6301 1508
6302 1508
6303 1510
6304 2844
6305 1510
6306 1514
6307 1514
6308 1518
6309 1690
6310 3006
6311 1518
6312 1518
6313 1518
6314 1518
6315 1518
6316 1520
6317 1520
6318 1520
6319 2004
6320 3185
6321 2030
6322 1520
6323 1522
6324 1523
6325 1523
6326 1523
6327 2923
6328 1523
6329 1524
6330 1525
6331 1527
6332 1529
6333 1529
6334 1529
6335 1722
6336 1534
6337 1535
6338 1537
6339 2069
6340 1539
6341 1539
6342 1539
6343 1541
6344 1541
6345 1541
6346 1545
6347 2404
6348 1548
6349 1548
6350 1928
6351 1548
6352 1548
6353 3241
6354 1548
6355 2635
6356 1554
6357 1636
6358 1554
6359 1554
6360 1554
6361 1557
6362 1558
6363 3235
6364 2926
6365 1559
6366 1559
6367 1559
6368 1559
6369 1559
6370 1559
6371 1559
6372 1559
6373 1559
6374 1559
6375 1652
6376 1559
6377 3101
6378 2984
6379 1559
6380 1560
6381 1560
6382 1560
6383 1600
6384 2235
6385 1561
6386 2708
6387 1584
6388 1568
6389 1572
6390 1662
6391 1575
6392 1575
6393 2217
6394 1575
6395 1575
6396 1926
6397 2717
6398 1575
6399 1575
6400 1575
6401 1575
6402 1575
6403 3111
6404 1944
6405 1576
6406 2313
6407 1580
6408 1581
6409 2123
6410 2898
6411 1584
6412 1587
6413 1589
6414 1787
6415 1589
6416 1826
6417 2654
6418 2459
6419 1589
6420 1591
6421 2784
6422 2258
6423 1591
6424 1591
6425 1591
6426 1591
6427 1591
6428 1593
6429 1594
6430 1594
6431 1595
6432 1598
6433 1598
6434 1598
6435 1598
6436 2958
6437 1598
6438 1598
6439 1598
6440 1598
6441 3069
6442 1598
6443 1598
6444 2715
6445 2288
6446 1598
6447 1598
6448 3220
6449 1604
6450 1605
6451 2097
6452 1605
6453 1605
6454 2429
6455 1605
6456 1605
6457 1606
6458 1606
6459 1606
6460 1606
6461 2555
6462 1606
6463 1606
6464 1606
6465 1606
6466 1606
6467 1606
6468 2322
6469 1606
6470 1607
6471 1607
6472 1608
6473 2389
6474 1613
6475 2268
6476 1615
6477 1615
6478 1615
6479 1906
6480 2893
6481 1617
6482 1617
6483 2269
6484 1617
6485 1617
6486 1901
6487 1617
6488 1617
6489 1617
6490 2888
6491 2737
6492 1617
6493 1617
6494 1617
6495 1617
6496 1617
6497 1618
6498 1618
6499 1618
6500 1704
6501 1618
6502 1618
6503 1620
6504 1620
6505 1623
6506 1626
6507 1894
6508 1629
6509 1848
6510 1630
6511 1630
6512 1632
6513 1632
6514 1635
6515 2725
6516 1641
6517 1641
6518 1643
6519 1646
6520 1646
6521 1648
6522 1649
6523 1649
6524 1649
6525 1649
6526 1655
6527 2266
6528 1655
6529 1655
6530 1655
6531 3171
6532 1655
6533 1725
6534 1655
6535 1655
6536 1655
6537 1655
6538 2443
6539 1658
6540 1660
6541 2603
6542 2487
6543 1661
6544 1661
6545 1661
6546 3280
6547 1661
6548 1661
6549 1891
6550 1665
6551 2200
6552 1666
6553 2813
6554 1668
6555 2610
6556 1668
6557 1668
6558 1668
6559 1668
6560 1668
6561 1668
6562 1670
6563 1671
6564 1672
6565 1674
6566 1674
6567 1676
6568 1676
6569 1676
6570 1676
6571 2547
6572 1677
6573 1677
6574 1677
6575 2599
6576 2909
6577 1836
6578 2652
6579 1960
6580 1677
6581 2657
6582 1854
6583 1677
6584 3292
6585 1677
6586 1677
6587 1677
6588 1677
6589 2300
6590 1677
6591 1677
6592 1677
6593 2512
6594 1677
6595 1695
6596 1677
6597 2100
6598 2804
6599 1684
6600 1684
6601 1686
6602 1687
6603 1689
6604 2901
6605 1689
6606 1692
6607 1692
6608 1692
6609 1694
6610 1695
6611 1695
6612 2625
6613 2814
6614 2168
6615 2390
6616 1698
6617 1699
6618 1699
6619 1699
6620 2171
6621 1699
6622 2624
6623 1699
6624 1699
6625 2229
6626 1702
6627 3015
6628 1900
6629 3279
6630 1820
6631 1706
6632 1708
6633 1708
6634 1708
6635 1708
6636 1708
6637 2769
6638 1708
6639 1708
6640 1771
6641 1708
6642 1708
6643 2822
6644 1708
6645 1708
6646 1708
6647 1718
6648 2569
6649 1719
6650 1719
6651 1719
6652 1719
6653 1719
6654 1720
6655 1720
6656 1720
6657 1720
6658 2096
6659 1720
6660 1720
6661 1720
6662 3231
6663 1722
6664 1722
6665 2785
6666 1725
6667 1725
6668 1725
6669 2924
6670 2161
6671 2474
6672 2974
6673 2666
6674 1726
6675 1726
6676 1726
6677 2367
6678 3036
6679 1727
6680 1728
6681 1728
6682 1843
6683 1734
6684 1734
6685 2815
6686 1734
6687 1734
6688 1734
6689 1734
6690 1734
6691 1734
6692 1734
6693 1734
6694 1734
6695 1734
6696 1734
6697 1877
6698 1734
6699 2930
6700 1734
6701 2783
6702 1741
6703 1741
6704 1741
6705 1741
6706 1742
6707 2001
6708 1743
6709 1744
6710 1744
6711 1744
6712 1744
6713 2655
6714 1744
6715 1746
6716 1746
6717 1746
6718 1994
6719 1747
6720 1747
6721 1747
6722 1747
6723 1782
6724 3216
6725 1751
6726 1753
6727 1755
6728 1754
6729 1754
6730 1754
6731 2788
6732 1754
6733 1754
6734 1754
6735 1754
6736 1754
6737 1754
6738 2869
6739 1754
6740 1755
6741 1755
6742 1757
6743 1758
6744 3219
6745 1761
6746 1761
6747 1761
6748 1874
6749 1761
6750 1761
6751 1761
6752 1761
6753 1761
6754 1761
6755 1761
6756 2799
6757 1761
6758 1761
6759 1761
6760 2665
6761 1761
6762 1761
6763 2179
6764 1761
6765 1761
6766 1761
6767 1761
6768 1761
6769 1761
6770 2812
6771 1761
6772 1763
6773 1767
6774 1768
6775 1794
6776 1770
6777 1770
6778 1770
6779 1771
6780 1771
6781 1771
6782 1775
6783 1775
6784 1775
6785 1775
6786 3041
6787 1775
6788 2010
6789 1995
6790 1778
6791 2375
6792 1778
6793 1778
6794 1780
6795 1781
6796 1782
6797 1782
6798 1782
6799 1782
6800 1782
6801 1782
6802 2517
6803 2408
6804 1784
6805 1784
6806 2882
6807 2829
6808 1870
6809 2385
6810 1787
6811 1789
6812 1790
6813 1791
6814 1792
6815 1793
6816 1800
6817 1800
6818 1801
6819 1802
6820 1869
6821 1803
6822 1803
6823 1803
6824 1803
6825 1803
6826 1803
6827 1804
6828 1804
6829 1809
6830 1809
6831 1810
6832 1813
6833 1813
6834 2125
6835 2545
6836 1814
6837 1814
6838 1815
6839 2959
6840 1816
6841 1959
6842 1816
6843 1816
6844 1816
6845 3145
6846 1816
6847 1816
6848 1816
6849 3092
6850 1822
6851 1824
6852 2250
6853 1828
6854 1828
6855 1828
6856 1828
6857 1828
6858 1828
6859 1828
6860 1829
6861 2768
6862 2144
6863 1837
6864 1837
6865 2329
6866 2186
6867 2110
6868 1838
6869 1849
6870 1838
6871 1839
6872 2382
6873 1841
6874 1841
6875 2702
6876 1842
6877 1842
6878 2366
6879 1842
6880 1843
6881 1844
6882 1844
6883 2707
6884 1844
6885 1844
6886 1844
6887 1845
6888 1845
6889 1845
6890 2546
6891 1848
6892 1848
6893 1848
6894 2841
6895 1848
6896 3054
6897 1961
6898 2733
6899 3195
6900 2050
6901 1850
6902 2889
6903 1850
6904 1850
6905 1850
6906 1853
6907 3095
6908 2801
6909 1865
6910 3276
6911 2533
6912 1867
6913 1867
6914 1867
6915 1868
6916 2713
6917 1871
6918 1872
6919 1875
6920 2899
6921 1878
6922 1879
6923 1881
6924 1882
6925 1882
6926 1882
6927 1882
6928 2394
6929 1882
6930 1882
6931 1882
6932 1882
6933 3197
6934 1882
6935 1882
6936 2556
6937 1886
6938 1886
6939 2789
6940 1887
6941 2662
6942 2338
6943 1887
6944 1887
6945 1887
6946 1887
6947 1887
6948 1887
6949 2197
6950 1887
6951 1887
6952 2921
6953 1887
6954 1887
6955 2183
6956 2853
6957 2405
6958 1887
6959 1887
6960 2430
6961 2174
6962 1899
6963 1921
6964 1901
6965 1901
6966 1901
6967 1902
6968 1903
6969 1906
6970 2090
6971 1908
6972 1908
6973 1908
6974 1910
6975 1911
6976 1911
6977 1916
6978 1916
6979 1917
6980 3053
6981 1917
6982 1919
6983 1919
6984 1924
6985 1924
6986 1924
6987 2057
6988 1924
6989 1924
6990 1924
6991 1924
6992 1924
6993 1928
6994 3084
6995 1929
6996 1930
6997 1931
6998 1931
6999 2320
7000 1931
7001 1931
7002 1932
7003 1933
7004 1933
7005 1933
7006 1933
7007 2846
7008 1934
7009 1936
7010 1938
7011 1938
7012 1938
7013 1938
7014 1938
7015 1938
7016 1938
7017 1938
7018 1938
7019 1938
7020 1938
7021 1938
7022 1938
7023 1938
7024 1938
7025 1938
7026 1938
7027 1938
7028 1938
7029 1938
7030 1938
7031 1938
7032 1938
7033 1939
7034 1939
7035 3146
7036 1941
7037 1943
7038 1944
7039 2073
7040 2499
7041 2448
7042 1944
7043 2009
7044 3022
7045 1946
7046 1946
7047 1946
7048 1946
7049 2616
7050 1946
7051 2594
7052 1947
7053 1948
7054 2440
7055 1948
7056 1948
7057 1948
7058 2950
7059 2397
7060 1953
7061 1956
7062 1956
7063 1956
7064 1960
7065 1960
7066 1960
7067 1962
7068 1965
7069 1965
7070 1965
7071 1966
7072 2515
7073 1967
7074 1967
7075 1969
7076 1970
7077 1971
7078 1971
7079 1972
7080 1972
7081 2132
7082 1973
7083 1976
7084 1977
7085 1977
7086 1977
7087 1977
7088 1977
7089 1978
7090 1978
7091 1978
7092 1978
7093 2163
7094 2022
7095 1981
7096 1981
7097 1981
7098 1981
7099 1981
7100 1981
7101 2685
7102 1981
7103 1981
7104 1981
7105 2211
7106 1981
7107 2223
7108 1981
7109 1981
7110 1981
7111 1981
7112 1981
7113 1981
7114 1981
7115 1981
7116 1981
7117 2029
7118 1981
7119 2611
7120 1981
7121 3082
7122 2906
7123 2934
7124 1981
7125 1981
7126 1981
7127 1981
7128 1981
7129 1981
7130 1981
7131 1981
7132 1981
7133 1981
7134 3114
7135 1989
7136 1983
7137 1985
7138 1985
7139 3135
7140 2857
7141 3097
7142 1986
7143 1992
7144 1992
7145 1992
7146 1992
7147 1992
7148 1992
7149 2221
7150 2566
7151 1992
7152 1992
7153 2208
7154 1992
7155 1992
7156 1992
7157 1992
7158 1992
7159 2017
7160 1992
7161 1992
7162 1992
7163 2357
7164 1992
7165 1992
7166 1992
7167 1992
7168 2383
7169 1993
7170 1994
7171 1994
7172 2369
7173 1995
7174 1996
7175 1996
7176 1996
7177 2884
7178 1998
7179 1998
7180 2135
7181 2255
7182 2077
7183 2000
7184 2653
7185 2301
7186 2439
7187 2002
7188 2002
7189 2003
7190 3225
7191 2005
7192 2006
7193 2007
7194 2007
7195 2007
7196 2007
7197 2007
7198 2008
7199 2473
7200 2008
7201 2008
7202 2463
7203 2008
7204 2008
7205 2008
7206 2008
7207 3191
7208 2008
7209 2008
7210 2008
7211 2820
7212 2008
7213 2718
7214 2008
7215 2008
7216 2008
7217 2008
7218 2008
7219 2008
7220 2008
7221 2008
7222 2008
7223 2008
7224 2631
7225 2008
7226 2008
7227 2582
7228 2709
7229 2260
7230 2008
7231 2008
7232 2008
7233 2008
7234 2008
7235 2008
7236 2008
7237 2008
7238 2008
7239 2954
7240 2010
7241 2010
7242 2012
7243 2012
7244 2012
7245 2012
7246 2012
7247 2012
7248 2012
7249 2012
7250 2013
7251 2013
7252 3269
7253 2519
7254 2013
7255 2013
7256 2013
7257 2013
7258 2013
7259 2013
7260 2013
7261 2013
7262 2013
7263 2013
7264 2332
7265 2411
7266 2013
7267 2013
7268 2013
7269 2013
7270 2013
7271 2013
7272 2013
7273 2881
7274 2013
7275 2013
7276 2886
7277 2013
7278 2013
7279 2013
7280 2965
7281 2013
7282 2013
7283 2966
7284 2013
7285 2013
7286 2013
7287 2013
7288 2013
7289 2013
7290 2013
7291 2013
7292 2479
7293 2013
7294 2245
7295 2013
7296 2013
7297 2013
7298 2013
7299 2013
7300 3211
7301 2013
7302 2013
7303 2013
7304 2013
7305 2015
7306 2016
7307 2018
7308 2018
7309 2019
7310 2021
7311 2021
7312 2021
7313 2021
7314 2021
7315 2021
7316 2538
7317 3214
7318 2025
7319 2026
7320 2026
7321 2026
7322 2026
7323 2026
7324 2026
7325 2712
7326 2026
7327 2026
7328 2026
7329 2026
7330 2026
7331 2026
7332 2026
7333 2026
7334 2026
7335 2026
7336 2026
7337 2824
7338 2531
7339 2026
7340 2026
7341 2026
7342 2026
7343 2740
7344 2026
7345 2026
7346 2026
7347 2619
7348 2026
7349 2026
7350 2026
7351 2026
7352 2026
7353 2026
7354 2026
7355 2026
7356 2026
7357 2026
7358 2026
7359 2026
7360 2026
7361 2026
7362 2026
7363 2763
7364 2028
7365 2031
7366 2032
7367 2032
7368 2032
7369 2032
7370 2042
7371 3255
7372 2032
7373 2035
7374 2576
7375 2036
7376 2036
7377 2036
7378 2036
7379 2036
7380 2037
7381 2321
7382 2037
7383 2040
7384 2044
7385 2045
7386 2048
7387 2837
7388 2051
7389 2051
7390 2826
7391 2059
7392 2059
7393 2060
7394 2060
7395 2060
7396 2539
7397 2060
7398 2066
7399 2068
7400 2068
7401 2070
7402 2073
7403 2076
7404 2078
7405 2078
7406 2078
7407 2079
7408 2079
7409 2080
7410 2520
7411 2585
7412 2082
7413 2947
7414 2082
7415 2400
7416 2083
7417 2931
7418 2087
7419 2087
7420 2087
7421 2087
7422 2087
7423 2089
7424 2089
7425 2089
7426 2089
7427 2093
7428 2273
7429 2096
7430 2096
7431 2096
7432 2096
7433 2096
7434 3128
7435 2097
7436 2097
7437 2097
7438 2098
7439 2098
7440 2098
7441 2098
7442 3074
7443 2098
7444 2098
7445 2098
7446 2098
7447 2098
7448 2098
7449 2548
7450 2098
7451 2391
7452 2103
7453 2104
7454 2106
7455 2106
7456 2929
7457 2107
7458 2107
7459 2107
7460 2107
7461 2108
7462 2109
7463 3077
7464 2139
7465 3232
7466 2109
7467 2110
7468 2110
7469 2110
7470 2111
7471 2112
7472 2112
7473 2113
7474 2113
7475 2114
7476 2114
7477 2114
7478 2115
7479 2118
7480 3047
7481 2126
7482 2127
7483 2127
7484 3014
7485 2507
7486 2129
7487 2129
7488 2354
7489 2131
7490 3002
7491 2131
7492 2131
7493 2132
7494 2132
7495 2132
7496 2132
7497 2133
7498 2134
7499 2134
7500 2135
7501 2135
7502 2135
7503 3091
7504 2136
7505 2136
7506 2137
7507 2137
7508 2137
7509 2139
7510 2140
7511 2225
7512 2152
7513 2153
7514 2154
7515 2155
7516 2155
7517 2973
7518 2434
7519 2157
7520 2157
7521 2157
7522 2157
7523 2157
7524 2157
7525 2157
7526 2468
7527 2417
7528 2160
7529 2161
7530 2163
7531 2163
7532 2164
7533 2918
7534 2164
7535 2232
7536 2164
7537 2164
7538 2164
7539 2164
7540 2164
7541 2164
7542 2164
7543 2164
7544 2164
7545 2164
7546 2164
7547 2164
7548 2164
7549 2164
7550 2164
7551 2164
7552 2641
7553 2164
7554 2165
7555 2166
7556 2167
7557 3133
7558 2168
7559 2172
7560 2172
7561 3156
7562 2416
7563 2172
7564 2172
7565 2178
7566 2172
7567 2198
7568 2172
7569 2173
7570 2176
7571 2176
7572 2176
7573 2176
7574 3068
7575 2179
7576 2179
7577 2180
7578 2180
7579 2180
7580 2180
7581 2180
7582 2970
7583 2180
7584 2180
7585 2209
7586 2181
7587 2181
7588 2181
7589 2181
7590 2181
7591 2275
7592 2182
7593 2286
7594 2182
7595 2183
7596 2183
7597 2186
7598 2187
7599 2188
7600 2188
7601 2210
7602 2189
7603 2189
7604 2189
7605 2189
7606 2189
7607 2435
7608 2189
7609 2189
7610 2701
7611 2189
7612 2811
7613 2189
7614 2189
7615 2189
7616 2571
7617 2668
7618 2189
7619 2189
7620 2189
7621 2189
7622 2189
7623 2189
7624 2189
7625 2189
7626 2189
7627 2189
7628 2189
7629 2189
7630 2922
7631 2189
7632 3086
7633 2189
7634 2189
7635 2189
7636 2189
7637 2189
7638 2189
7639 2189
7640 2189
7641 2353
7642 2189
7643 2189
7644 2189
7645 2793
7646 2189
7647 2189
7648 2189
7649 2189
7650 2189
7651 3126
7652 2719
7653 2189
7654 2189
7655 2189
7656 2754
7657 2189
7658 2189
7659 2189
7660 2295
7661 2189
7662 2189
7663 2189
7664 2189
7665 2344
7666 2189
7667 2189
7668 2189
7669 2189
7670 2189
7671 2503
7672 2797
7673 2670
7674 2189
7675 2189
7676 2189
7677 2189
7678 2189
7679 2380
7680 2189
7681 2189
7682 2189
7683 2189
7684 2189
7685 2189
7686 2189
7687 2189
7688 2189
7689 3264
7690 2189
7691 2189
7692 2189
7693 2189
7694 2189
7695 2189
7696 2971
7697 2189
7698 2189
7699 2189
7700 2189
7701 2189
7702 2189
7703 2189
7704 2189
7705 2532
7706 2189
7707 2189
7708 2587
7709 2189
7710 2189
7711 2189
7712 2189
7713 2189
7714 2189
7715 2189
7716 2914
7717 2189
7718 3061
7719 2189
7720 2189
7721 2189
7722 2189
7723 2773
7724 2189
7725 2514
7726 2189
7727 2189
7728 2189
7729 2189
7730 2189
7731 2189
7732 2189
7733 2189
7734 2189
7735 2242
7736 2189
7737 2189
7738 2189
7739 2189
7740 2620
7741 2189
7742 2189
7743 2189
7744 2189
7745 2189
7746 2565
7747 2189
7748 2189
7749 2189
7750 3149
7751 2189
7752 2189
7753 2189
7754 2189
7755 2803
7756 3148
7757 2513
7758 2189
7759 2325
7760 2189
7761 2189
7762 2189
7763 2189
7764 2189
7765 2189
7766 2189
7767 3266
7768 2189
7769 2194
7770 2447
7771 2198
7772 2198
7773 2198
7774 2200
7775 2200
7776 2358
7777 2206
7778 2206
7779 2207
7780 2207
7781 2207
7782 2207
7783 2207
7784 2207
7785 2207
7786 2207
7787 3248
7788 2207
7789 2207
7790 2207
7791 2207
7792 2207
7793 2861
7794 2209
7795 2209
7796 2211
7797 2211
7798 2211
7799 2212
7800 2212
7801 2212
7802 2214
7803 2215
7804 2215
7805 2215
7806 2215
7807 2215
7808 2220
7809 2226
7810 2772
7811 2226
7812 2226
7813 2476
7814 2226
7815 2226
7816 2226
7817 2226
7818 2290
7819 2226
7820 2226
7821 2226
7822 3040
7823 2226
7824 2226
7825 2226
7826 2226
7827 2227
7828 2229
7829 2231
7830 2579
7831 2236
7832 2236
7833 2236
7834 2236
7835 2236
7836 3080
7837 2237
7838 2237
7839 2238
7840 2238
7841 2238
7842 2581
7843 2239
7844 2239
7845 2239
7846 2239
7847 2239
7848 2239
7849 2239
7850 2239
7851 2240
7852 2241
7853 2241
7854 2242
7855 2293
7856 2242
7857 2243
7858 2246
7859 2248
7860 2248
7861 2248
7862 3170
7863 2248
7864 2248
7865 2248
7866 2248
7867 2248
7868 2248
7869 2257
7870 2257
7871 2257
7872 2257
7873 2257
7874 2676
7875 2257
7876 2257
7877 2257
7878 2257
7879 2257
7880 2257
7881 2257
7882 2257
7883 2870
7884 2838
7885 2260
7886 2661
7887 2260
7888 2261
7889 2261
7890 2833
7891 2264
7892 2749
7893 2264
7894 2264
7895 2264
7896 2264
7897 3009
7898 2264
7899 2264
7900 2264
7901 2264
7902 2264
7903 3293
7904 2264
7905 2264
7906 2264
7907 2264
7908 2265
7909 2265
7910 2266
7911 2858
7912 2267
7913 2564
7914 2678
7915 2267
7916 2267
7917 2271
7918 2271
7919 2272
7920 2272
7921 2272
7922 2272
7923 2272
7924 2273
7925 2273
7926 2273
7927 2275
7928 2275
7929 2275
7930 2277
7931 2277
7932 2277
7933 3076
7934 2574
7935 2279
7936 2650
7937 2280
7938 2280
7939 2280
7940 2280
7941 3267
7942 2284
7943 2284
7944 2285
7945 2288
7946 2293
7947 2293
7948 2774
7949 2293
7950 2293
7951 2293
7952 2293
7953 2293
7954 2806
7955 2293
7956 2293
7957 2293
7958 2293
7959 2293
7960 2293
7961 2867
7962 2293
7963 2293
7964 2293
7965 2293
7966 2293
7967 2293
7968 2293
7969 2293
7970 2293
7971 2293
7972 2891
7973 3026
7974 2293
7975 2293
7976 2293
7977 2293
7978 2293
7979 2293
7980 2293
7981 3161
7982 2293
7983 2293
7984 2293
7985 2293
7986 2293
7987 2293
7988 2293
7989 2750
7990 2293
7991 2293
7992 3218
7993 2293
7994 2293
7995 3073
7996 2941
7997 2293
7998 2293
7999 2296
8000 2293
8001 2293
8002 2293
8003 2294
8004 2378
8005 2294
8006 2294
8007 2294
8008 2294
8009 2294
8010 2294
8011 2294
8012 2297
8013 2510
8014 2298
8015 2301
8016 2302
8017 2306
8018 2308
8019 2308
8020 2309
8021 2309
8022 2316
8023 2316
8024 2317
8025 2319
8026 2331
8027 2319
8028 2319
8029 2319
8030 2319
8031 2319
8032 2319
8033 2319
8034 3173
8035 2319
8036 2319
8037 2319
8038 2319
8039 2852
8040 2319
8041 2319
8042 2827
8043 3237
8044 2319
8045 2319
8046 2319
8047 2319
8048 2319
8049 2319
8050 2319
8051 2319
8052 2319
8053 2319
8054 2646
8055 2319
8056 2319
8057 2319
8058 2319
8059 2319
8060 2319
8061 2319
8062 2319
8063 3130
8064 2319
8065 3043
8066 2321
8067 2321
8068 2321
8069 2321
8070 2321
8071 2321
8072 2321
8073 2321
8074 2321
8075 2321
8076 2321
8077 2321
8078 2321
8079 2321
8080 2321
8081 2321
8082 3028
8083 2523
8084 2321
8085 2890
8086 2321
8087 2321
8088 2322
8089 2323
8090 2326
8091 2506
8092 2326
8093 2326
8094 2326
8095 2326
8096 3162
8097 2327
8098 2327
8099 2327
8100 2327
8101 2327
8102 2327
8103 2327
8104 2328
8105 2328
8106 2328
8107 2328
8108 2328
8109 2328
8110 3176
8111 2332
8112 3204
8113 2333
8114 2334
8115 2334
8116 2334
8117 2334
8118 2334
8119 2334
8120 2334
8121 2334
8122 2334
8123 2336
8124 2339
8125 2340
8126 2340
8127 2340
8128 2340
8129 2340
8130 2340
8131 2340
8132 2340
8133 2340
8134 2340
8135 2340
8136 2341
8137 2341
8138 2341
8139 2341
8140 2341
8141 2819
8142 2343
8143 2992
8144 2343
8145 2343
8146 2343
8147 2345
8148 2345
8149 2345
8150 2345
8151 2345
8152 2345
8153 2573
8154 2346
8155 2346
8156 2346
8157 2347
8158 3209
8159 2757
8160 2348
8161 2348
8162 3192
8163 2349
8164 2349
8165 2349
8166 2349
8167 2349
8168 2349
8169 2351
8170 2351
8171 2649
8172 2355
8173 2355
8174 2355
8175 3020
8176 2355
8177 2355
8178 2355
8179 2355
8180 2355
8181 2355
8182 2675
8183 2355
8184 2355
8185 2355
8186 2355
8187 2355
8188 2355
8189 2933
8190 2355
8191 2355
8192 2355
8193 2355
8194 2355
8195 2355
8196 3201
8197 2359
8198 2359
8199 2359
8200 2862
8201 2360
8202 2363
8203 2366
8204 2367
8205 2369
8206 2730
8207 2369
8208 2369
8209 2776
8210 2369
8211 2369
8212 2369
8213 2369
8214 2369
8215 2370
8216 2873
8217 2370
8218 2371
8219 2372
8220 2373
8221 2376
8222 2597
8223 2376
8224 2377
8225 2377
8226 2843
8227 2377
8228 2525
8229 2377
8230 2379
8231 2380
8232 2851
8233 2382
8234 2382
8235 2863
8236 2382
8237 2382
8238 2382
8239 2382
8240 2382
8241 2382
8242 2382
8243 2382
8244 2382
8245 2382
8246 2382
8247 2382
8248 2382
8249 2382
8250 2382
8251 2382
8252 2383
8253 2386
8254 2388
8255 2651
8256 2388
8257 2388
8258 2388
8259 3234
8260 2388
8261 2388
8262 2389
8263 2389
8264 2396
8265 2397
8266 2397
8267 2790
8268 2397
8269 2397
8270 2397
8271 2451
8272 2397
8273 2817
8274 2397
8275 2397
8276 2397
8277 2397
8278 2397
8279 2397
8280 2397
8281 2397
8282 2397
8283 2398
8284 2398
8285 2400
8286 2400
8287 2400
8288 3113
8289 2401
8290 2401
8291 2679
8292 2408
8293 2408
8294 2415
8295 2418
8296 2419
8297 2643
8298 2424
8299 2425
8300 2425
8301 2426
8302 2426
8303 2426
8304 2426
8305 2426
8306 2426
8307 2426
8308 2426
8309 2864
8310 2426
8311 2426
8312 2426
8313 2426
8314 2426
8315 2711
8316 2426
8317 2426
8318 2986
8319 2426
8320 2426
8321 2426
8322 2426
8323 2426
8324 2426
8325 2426
8326 2426
8327 2426
8328 2426
8329 2426
8330 2426
8331 2426
8332 2426
8333 2426
8334 3233
8335 2427
8336 2428
8337 2865
8338 2433
8339 2434
8340 2439
8341 2439
8342 2439
8343 2441
8344 2441
8345 2442
8346 2442
8347 2444
8348 2445
8349 2445
8350 2445
8351 2445
8352 2445
8353 2445
8354 2449
8355 2449
8356 2449
8357 2451
8358 2452
8359 2452
8360 3125
8361 2455
8362 2969
8363 2895
8364 2457
8365 2459
8366 2462
8367 2462
8368 2462
8369 2465
8370 2468
8371 2469
8372 2470
8373 2470
8374 2471
8375 2473
8376 3108
8377 2474
8378 3103
8379 2940
8380 2476
8381 2476
8382 2942
8383 2925
8384 2477
8385 2477
8386 2480
8387 2480
8388 2480
8389 2481
8390 2482
8391 2483
8392 2487
8393 2487
8394 2623
8395 2487
8396 2487
8397 2490
8398 2490
8399 2492
8400 2492
8401 2492
8402 2492
8403 2492
8404 2496
8405 2496
8406 2496
8407 2497
8408 2498
8409 2498
8410 3007
8411 2501
8412 2501
8413 2501
8414 2501
8415 2501
8416 2501
8417 2501
8418 2501
8419 3142
8420 2501
8421 3078
8422 2501
8423 2501
8424 2502
8425 2502
8426 2502
8427 2554
8428 2502
8429 2502
8430 2504
8431 2504
8432 2504
8433 2504
8434 2504
8435 3010
8436 2504
8437 2504
8438 2504
8439 2504
8440 2504
8441 2504
8442 2504
8443 2504
8444 2504
8445 2504
8446 2504
8447 2875
8448 2504
8449 3243
8450 2504
8451 2504
8452 2504
8453 2504
8454 2504
8455 2504
8456 2504
8457 2504
8458 2504
8459 2504
8460 2504
8461 2504
8462 2504
8463 2504
8464 2504
8465 2504
8466 2504
8467 2816
8468 3228
8469 2504
8470 2505
8471 2504
8472 2512
8473 2512
8474 2513
8475 2513
8476 3252
8477 2516
8478 2517
8479 2518
8480 2518
8481 2583
8482 3136
8483 2519
8484 2521
8485 2526
8486 2526
8487 2526
8488 2526
8489 2526
8490 2526
8491 2526
8492 2526
8493 2527
8494 2527
8495 2527
8496 2527
8497 2527
8498 2527
8499 2527
8500 2527
8501 2527
8502 2527
8503 2527
8504 2527
8505 2527
8506 2527
8507 2527
8508 2527
8509 2527
8510 2877
8511 2527
8512 2527
8513 2527
8514 2527
8515 2527
8516 2527
8517 2527
8518 2527
8519 2530
8520 2530
8521 2530
8522 2530
8523 2794
8524 2792
8525 2530
8526 2530
8527 2530
8528 2880
8529 2530
8530 2530
8531 3155
8532 2531
8533 2532
8534 2532
8535 2533
8536 2534
8537 2534
8538 2535
8539 2549
8540 2575
8541 2535
8542 2535
8543 2537
8544 2538
8545 2538
8546 2542
8547 2542
8548 2545
8549 2546
8550 2546
8551 2549
8552 2551
8553 2551
8554 2553
8555 2955
8556 2555
8557 2615
8558 2556
8559 2559
8560 2559
8561 2559
8562 2559
8563 2560
8564 2560
8565 2600
8566 2560
8567 2560
8568 2560
8569 2560
8570 2560
8571 2560
8572 2560
8573 2560
8574 2560
8575 2560
8576 2560
8577 2560
8578 2560
8579 2560
8580 2845
8581 2560
8582 2561
8583 2562
8584 2562
8585 3121
8586 2562
8587 2562
8588 3048
8589 2565
8590 2569
8591 2569
8592 2569
8593 2569
8594 2569
8595 2570
8596 2573
8597 2573
8598 2573
8599 2575
8600 2575
8601 2575
8602 2575
8603 2575
8604 2575
8605 2577
8606 2577
8607 2577
8608 2579
8609 2579
8610 2840
8611 2761
8612 2583
8613 2587
8614 2591
8615 2982
8616 2593
8617 2595
8618 2595
8619 2595
8620 2595
8621 2598
8622 2599
8623 2632
8624 2599
8625 2600
8626 2600
8627 2600
8628 2600
8629 2600
8630 2600
8631 2600
8632 2600
8633 2600
8634 2601
8635 2601
8636 2601
8637 2603
8638 2607
8639 2609
8640 2612
8641 2613
8642 3072
8643 2614
8644 2616
8645 2616
8646 2617
8647 2617
8648 2623
8649 2623
8650 2623
8651 2623
8652 2623
8653 2623
8654 2623
8655 2623
8656 2627
8657 2629
8658 2629
8659 2636
8660 2636
8661 2693
8662 2638
8663 2638
8664 2638
8665 2640
8666 2640
8667 2641
8668 2641
8669 2641
8670 2643
8671 2645
8672 2664
8673 2645
8674 2645
8675 3230
8676 2647
8677 2650
8678 2650
8679 2653
8680 2910
8681 2657
8682 2657
8683 2990
8684 2658
8685 2660
8686 2661
8687 2662
8688 2662
8689 2662
8690 2662
8691 2662
8692 2662
8693 2662
8694 2663
8695 2663
8696 2663
8697 2665
8698 2667
8699 2744
8700 2668
8701 2668
8702 2668
8703 2668
8704 2668
8705 2671
8706 2671
8707 2671
8708 2671
8709 2675
8710 2675
8711 3058
8712 2677
8713 2679
8714 2696
8715 2680
8716 2682
8717 2683
8718 2683
8719 2683
8720 2683
8721 2683
8722 2683
8723 3144
8724 2686
8725 2686
8726 2690
8727 2690
8728 3038
8729 2690
8730 2690
8731 2690
8732 2690
8733 2695
8734 2771
8735 2697
8736 2699
8737 2699
8738 2704
8739 2704
8740 2706
8741 2708
8742 2713
8743 2713
8744 2714
8745 2715
8746 2719
8747 2809
8748 2719
8749 2720
8750 2720
8751 2720
8752 2720
8753 2720
8754 2720
8755 2720
8756 2975
8757 3104
8758 2720
8759 2770
8760 3196
8761 2810
8762 2720
8763 2720
8764 2720
8765 2720
8766 2721
8767 2767
8768 2724
8769 2724
8770 2724
8771 2726
8772 2726
8773 2726
8774 2729
8775 2729
8776 2729
8777 3167
8778 2729
8779 2729
8780 2729
8781 2729
8782 2729
8783 2729
8784 3160
8785 2729
8786 2729
8787 2729
8788 2729
8789 2729
8790 2729
8791 2729
8792 2729
8793 2729
8794 2729
8795 2729
8796 2944
8797 2738
8798 2729
8799 2849
8800 2729
8801 2729
8802 2729
8803 2729
8804 2729
8805 2729
8806 2777
8807 2729
8808 3087
8809 2729
8810 2729
8811 2874
8812 2729
8813 2729
8814 2729
8815 2729
8816 2729
8817 2729
8818 2729
8819 2729
8820 2729
8821 2729
8822 2729
8823 2729
8824 2729
8825 2729
8826 2729
8827 2729
8828 3164
8829 2729
8830 2729
8831 2729
8832 2729
8833 3143
8834 2729
8835 2729
8836 2729
8837 2729
8838 2729
8839 2729
8840 2729
8841 2729
8842 3163
8843 2729
8844 2729
8845 2834
8846 2729
8847 2729
8848 2729
8849 2729
8850 2729
8851 2729
8852 3023
8853 2876
8854 2729
8855 2729
8856 2729
8857 2729
8858 2729
8859 2729
8860 2732
8861 2732
8862 2735
8863 2735
8864 2735
8865 2735
8866 2738
8867 2741
8868 3190
8869 2741
8870 2741
8871 2741
8872 2741
8873 2741
8874 2741
8875 2741
8876 2741
8877 2741
8878 2741
8879 2741
8880 2741
8881 2741
8882 2741
8883 3286
8884 2741
8885 2741
8886 2741
8887 2741
8888 2741
8889 2741
8890 2741
8891 2988
8892 2746
8893 2746
8894 3258
8895 2747
8896 2747
8897 2747
8898 2747
8899 2747
8900 2747
8901 2747
8902 2747
8903 2747
8904 2747
8905 2747
8906 2747
8907 2747
8908 2747
8909 2747
8910 2747
8911 2747
8912 2747
8913 2748
8914 2749
8915 2749
8916 2749
8917 2749
8918 2749
8919 2749
8920 2749
8921 2983
8922 2750
8923 2750
8924 2750
8925 2751
8926 2755
8927 2755
8928 2757
8929 2757
8930 2757
8931 2757
8932 2757
8933 3035
8934 2757
8935 2757
8936 2757
8937 2759
8938 2759
8939 3123
8940 2759
8941 2759
8942 2759
8943 2759
8944 2760
8945 2760
8946 2760
8947 2972
8948 2765
8949 2765
8950 2765
8951 2765
8952 2765
8953 2766
8954 2768
8955 2770
8956 2831
8957 2775
8958 2775
8959 2775
8960 2778
8961 2778
8962 3277
8963 2778
8964 2778
8965 2778
8966 2778
8967 2778
8968 2778
8969 2778
8970 2778
8971 2778
8972 2778
8973 2778
8974 2778
8975 2778
8976 2784
8977 2784
8978 2784
8979 2788
8980 2789
8981 2791
8982 2791
8983 2791
8984 2796
8985 2796
8986 2796
8987 2796
8988 2796
8989 2796
8990 2796
8991 3059
8992 2800
8993 2800
8994 2801
8995 2801
8996 2802
8997 2803
8998 2803
8999 2806
9000 2807
9001 2809
9002 2809
9003 2809
9004 2810
9005 2811
9006 2812
9007 2812
9008 3034
9009 2812
9010 3150
9011 2813
9012 2813
9013 2819
9014 2821
9015 2826
9016 2827
9017 2827
9018 2827
9019 2827
9020 2827
9021 2828
9022 2829
9023 2829
9024 2830
9025 2830
9026 2831
9027 3116
9028 2831
9029 3127
9030 2831
9031 2831
9032 2831
9033 2834
9034 2834
9035 2834
9036 2834
9037 2834
9038 3270
9039 2834
9040 2835
9041 2835
9042 2835
9043 2835
9044 2836
9045 2836
9046 2837
9047 2837
9048 2838
9049 2838
9050 3017
9051 2838
9052 2838
9053 2838
9054 3259
9055 2838
9056 2838
9057 2838
9058 2838
9059 2841
9060 2841
9061 2841
9062 2841
9063 2841
9064 2841
9065 2842
9066 2844
9067 2844
9068 2844
9069 2844
9070 2844
9071 2844
9072 2844
9073 2844
9074 2844
9075 2846
9076 2846
9077 2848
9078 2848
9079 2848
9080 2848
9081 2851
9082 3117
9083 2862
9084 2862
9085 2862
9086 2863
9087 2864
9088 2916
9089 2868
9090 2869
9091 2869
9092 2869
9093 2869
9094 2869
9095 2869
9096 2869
9097 2869
9098 2872
9099 2872
9100 2872
9101 2872
9102 2874
9103 2874
9104 2874
9105 2874
9106 2875
9107 2877
9108 2877
9109 2877
9110 2877
9111 2877
9112 2877
9113 2877
9114 2877
9115 2877
9116 2877
9117 2878
9118 2878
9119 2878
9120 2878
9121 2878
9122 2878
9123 2878
9124 2878
9125 2879
9126 2879
9127 2879
9128 2880
9129 2880
9130 3288
9131 2880
9132 2880
9133 2880
9134 2880
9135 2880
9136 2880
9137 2880
9138 2883
9139 2883
9140 2883
9141 2883
9142 2883
9143 2883
9144 2883
9145 2884
9146 2885
9147 2885
9148 3008
9149 2885
9150 2885
9151 2886
9152 2886
9153 2888
9154 2890
9155 2890
9156 2892
9157 2892
9158 2892
9159 2892
9160 2892
9161 2892
9162 2892
9163 2892
9164 3003
9165 3106
9166 2892
9167 3291
9168 2892
9169 2892
9170 2892
9171 2892
9172 2937
9173 2892
9174 2892
9175 2892
9176 2892
9177 2892
9178 2892
9179 2892
9180 2892
9181 2892
9182 2892
9183 2892
9184 2892
9185 2892
9186 2892
9187 2892
9188 2893
9189 2893
9190 2893
9191 2893
9192 2893
9193 2895
9194 2895
9195 2895
9196 2895
9197 2895
9198 2895
9199 2895
9200 2895
9201 2897
9202 2901
9203 2903
9204 2903
9205 2903
9206 2903
9207 2903
9208 2903
9209 2903
9210 2903
9211 2903
9212 2903
9213 2905
9214 2905
9215 2905
9216 2908
9217 2909
9218 2909
9219 2913
9220 2913
9221 2913
9222 2914
9223 2916
9224 2917
9225 2917
9226 2917
9227 2917
9228 2917
9229 2917
9230 2917
9231 2917
9232 2917
9233 2917
9234 2917
9235 2917
9236 2917
9237 2917
9238 2917
9239 2917
9240 2917
9241 2917
9242 2917
9243 2917
9244 2917
9245 2917
9246 2917
9247 2917
9248 2917
9249 2917
9250 2917
9251 2917
9252 2917
9253 2917
9254 2917
9255 2917
9256 2917
9257 2917
9258 2918
9259 3271
9260 3083
9261 2924
9262 2926
9263 2926
9264 2926
9265 2926
9266 2926
9267 2926
9268 2926
9269 2926
9270 2926
9271 2927
9272 2927
9273 2927
9274 2927
9275 2927
9276 2927
9277 2928
9278 2928
9279 2928
9280 2928
9281 2928
9282 2928
9283 2932
9284 2933
9285 2938
9286 2938
9287 2938
9288 2938
9289 2938
9290 2938
9291 2938
9292 2939
9293 2940
9294 2942
9295 2942
9296 2943
9297 2944
9298 2944
9299 2949
9300 2949
9301 2949
9302 2949
9303 2952
9304 2953
9305 2953
9306 2953
9307 2954
9308 2954
9309 2954
9310 2954
9311 2954
9312 2954
9313 2954
9314 2956
9315 2957
9316 2957
9317 2957
9318 2957
9319 2962
9320 3193
9321 2963
9322 2963
9323 2964
9324 2964
9325 2964
9326 2964
9327 2964
9328 2965
9329 2967
9330 2967
9331 2967
9332 2967
9333 2967
9334 2968
9335 2968
9336 2968
9337 3256
9338 2968
9339 2968
9340 2968
9341 2968
9342 2968
9343 2968
9344 2968
9345 2968
9346 2968
9347 2968
9348 2972
9349 2972
9350 3183
9351 2972
9352 2972
9353 2972
9354 2972
9355 2972
9356 2972
9357 2972
9358 2972
9359 2972
9360 2972
9361 2972
9362 2972
9363 2972
9364 2972
9365 2972
9366 2972
9367 2972
9368 2972
9369 2973
9370 2973
9371 2973
9372 2973
9373 3153
9374 3004
9375 2973
9376 2974
9377 2974
9378 2974
9379 2974
9380 2974
9381 2974
9382 2974
9383 2974
9384 2974
9385 2977
9386 2977
9387 2978
9388 2978
9389 2978
9390 2978
9391 2980
9392 2979
9393 2980
9394 2984
9395 2984
9396 2985
9397 2985
9398 2987
9399 2990
9400 2990
9401 2990
9402 2995
9403 3227
9404 2997
9405 2997
9406 3001
9407 3001
9408 3001
9409 3005
9410 3005
9411 3007
9412 3007
9413 3007
9414 3007
9415 3007
9416 3007
9417 3007
9418 3007
9419 3007
9420 3024
9421 3007
9422 3007
9423 3007
9424 3007
9425 3007
9426 3010
9427 3011
9428 3012
9429 3012
9430 3012
9431 3012
9432 3012
9433 3012
9434 3012
9435 3012
9436 3012
9437 3012
9438 3012
9439 3012
9440 3014
9441 3014
9442 3014
9443 3014
9444 3088
9445 3014
9446 3014
9447 3063
9448 3014
9449 3014
9450 3014
9451 3016
9452 3016
9453 3017
9454 3017
9455 3017
9456 3017
9457 3017
9458 3018
9459 3018
9460 3026
9461 3029
9462 3029
9463 3029
9464 3029
9465 3029
9466 3031
9467 3032
9468 3032
9469 3032
9470 3032
9471 3032
9472 3032
9473 3032
9474 3032
9475 3032
9476 3033
9477 3033
9478 3033
9479 3033
9480 3034
9481 3034
9482 3034
9483 3034
9484 3034
9485 3034
9486 3037
9487 3038
9488 3038
9489 3038
9490 3038
9491 3039
9492 3041
9493 3042
9494 3042
9495 3042
9496 3043
9497 3045
9498 3045
9499 3045
9500 3045
9501 3045
9502 3045
9503 3045
9504 3046
9505 3046
9506 3046
9507 3046
9508 3049
9509 3049
9510 3049
9511 3050
9512 3050
9513 3050
9514 3050
9515 3050
9516 3050
9517 3050
9518 3050
9519 3050
9520 3050
9521 3052
9522 3052
9523 3052
9524 3223
9525 3054
9526 3055
9527 3055
9528 3055
9529 3055
9530 3055
9531 3055
9532 3057
9533 3058
9534 3064
9535 3064
9536 3064
9537 3064
9538 3064
9539 3064
9540 3064
9541 3064
9542 3064
9543 3064
9544 3064
9545 3064
9546 3064
9547 3064
9548 3064
9549 3064
9550 3064
9551 3064
9552 3064
9553 3064
9554 3064
9555 3221
9556 3064
9557 3067
9558 3067
9559 3068
9560 3068
9561 3072
9562 3072
9563 3072
9564 3072
9565 3072
9566 3072
9567 3072
9568 3073
9569 3075
9570 3075
9571 3075
9572 3075
9573 3075
9574 3075
9575 3075
9576 3075
9577 3075
9578 3075
9579 3075
9580 3075
9581 3075
9582 3075
9583 3075
9584 3075
9585 3075
9586 3075
9587 3075
9588 3075
9589 3075
9590 3075
9591 3075
9592 3075
9593 3075
9594 3075
9595 3075
9596 3075
9597 3075
9598 3075
9599 3076
9600 3077
9601 3077
9602 3077
9603 3079
9604 3079
9605 3085
9606 3085
9607 3085
9608 3085
9609 3189
9610 3091
9611 3091
9612 3092
9613 3092
9614 3206
9615 3093
9616 3093
9617 3093
9618 3094
9619 3094
9620 3097
9621 3100
9622 3100
9623 3100
9624 3100
9625 3104
9626 3104
9627 3104
9628 3105
9629 3105
9630 3105
9631 3106
9632 3106
9633 3106
9634 3107
9635 3109
9636 3109
9637 3111
9638 3114
9639 3117
9640 3117
9641 3117
9642 3118
9643 3120
9644 3120
9645 3120
9646 3120
9647 3121
9648 3121
9649 3126
9650 3127
9651 3128
9652 3129
9653 3130
9654 3130
9655 3130
9656 3130
9657 3130
9658 3130
9659 3130
9660 3130
9661 3130
9662 3130
9663 3130
9664 3130
9665 3130
9666 3130
9667 3130
9668 3130
9669 3130
9670 3130
9671 3130
9672 3130
9673 3130
9674 3130
9675 3130
9676 3130
9677 3130
9678 3130
9679 3130
9680 3130
9681 3132
9682 3135
9683 3138
9684 3141
9685 3141
9686 3141
9687 3141
9688 3141
9689 3141
9690 3141
9691 3141
9692 3141
9693 3141
9694 3141
9695 3141
9696 3141
9697 3141
9698 3141
9699 3141
9700 3141
9701 3141
9702 3141
9703 3141
9704 3141
9705 3141
9706 3141
9707 3262
9708 3238
9709 3141
9710 3141
9711 3141
9712 3141
9713 3141
9714 3141
9715 3141
9716 3141
9717 3141
9718 3273
9719 3143
9720 3144
9721 3144
9722 3144
9723 3148
9724 3150
9725 3152
9726 3152
9727 3155
9728 3157
9729 3158
9730 3158
9731 3158
9732 3158
9733 3158
9734 3160
9735 3160
9736 3160
9737 3160
9738 3163
9739 3165
9740 3165
9741 3165
9742 3169
9743 3169
9744 3169
9745 3169
9746 3171
9747 3172
9748 3177
9749 3179
9750 3180
9751 3180
9752 3182
9753 3182
9754 3184
9755 3184
9756 3185
9757 3185
9758 3185
9759 3185
9760 3185
9761 3185
9762 3185
9763 3185
9764 3185
9765 3185
9766 3186
9767 3186
9768 3186
9769 3189
9770 3190
9771 3190
9772 3190
9773 3190
9774 3192
9775 3193
9776 3193
9777 3196
9778 3196
9779 3196
9780 3196
9781 3201
9782 3202
9783 3202
9784 3202
9785 3202
9786 3204
9787 3204
9788 3206
9789 3206
9790 3207
9791 3207
9792 3207
9793 3207
9794 3207
9795 3207
9796 3208
9797 3208
9798 3212
9799 3213
9800 3213
9801 3214
9802 3214
9803 3214
9804 3214
9805 3214
9806 3214
9807 3214
9808 3214
9809 3214
9810 3214
9811 3214
9812 3214
9813 3214
9814 3214
9815 3214
9816 3214
9817 3214
9818 3214
9819 3214
9820 3214
9821 3214
9822 3214
9823 3214
9824 3214
9825 3214
9826 3214
9827 3214
9828 3214
9829 3214
9830 3214
9831 3214
9832 3290
9833 3214
9834 3214
9835 3214
9836 3214
9837 3214
9838 3214
9839 3214
9840 3214
9841 3214
9842 3214
9843 3214
9844 3214
9845 3214
9846 3214
9847 3214
9848 3214
9849 3214
9850 3214
9851 3214
9852 3214
9853 3214
9854 3214
9855 3214
9856 3214
9857 3214
9858 3214
9859 3215
9860 3215
9861 3215
9862 3216
9863 3216
9864 3217
9865 3218
9866 3218
9867 3219
9868 3220
9869 3220
9870 3223
9871 3223
9872 3223
9873 3223
9874 3223
9875 3223
9876 3224
9877 3224
9878 3224
9879 3224
9880 3224
9881 3224
9882 3224
9883 3224
9884 3224
9885 3224
9886 3227
9887 3228
9888 3228
9889 3229
9890 3229
9891 3232
9892 3232
9893 3232
9894 3234
9895 3235
9896 3235
9897 3238
9898 3238
9899 3238
9900 3241
9901 3243
9902 3243
9903 3243
9904 3250
9905 3247
9906 3247
9907 3247
9908 3247
9909 3249
9910 3249
9911 3249
9912 3249
9913 3250
9914 3251
9915 3252
9916 3252
9917 3252
9918 3252
9919 3252
9920 3252
9921 3252
9922 3252
9923 3252
9924 3252
9925 3252
9926 3252
9927 3252
9928 3252
9929 3252
9930 3252
9931 3252
9932 3252
9933 3252
9934 3252
9935 3252
9936 3253
9937 3254
9938 3254
9939 3256
9940 3258
9941 3259
9942 3259
9943 3260
9944 3260
9945 3260
9946 3262
9947 3262
9948 3263
9949 3263
9950 3266
9951 3266
9952 3266
9953 3266
9954 3266
9955 3266
9956 3266
9957 3266
9958 3266
9959 3268
9960 3268
9961 3268
9962 3268
9963 3272
9964 3272
9965 3272
9966 3274
9967 3275
9968 3275
9969 3275
9970 3275
9971 3275
9972 3276
9973 3276
9974 3277
9975 3279
9976 3279
9977 3279
9978 3280
9979 3281
9980 3283
9981 3283
9982 3285
9983 3285
9984 3285
9985 3285
9986 3288
9987 3288
9988 3288
9989 3288
9990 3288
9991 3290
9992 3290
9993 3290
9994 3290
9995 3290
9996 3291
9997 3291
9998 3291
9999 3292
