10000 9999
1 0
2 0
3 2
4 0
5 3
6 5
7 6
8 7
9 8
10 1
11 9
12 11
13 11
14 11
15 12
16 10
17 12
18 17
19 18
20 13
21 15
22 4
23 17
24 12
25 17
26 11
27 22
28 26
29 27
30 26
31 26
32 17
33 22
34 27
35 20
36 25
37 11
38 17
39 12
40 32
41 26
42 30
43 26
44 25
45 26
46 42
47 39
48 46
49 31
50 40
51 26
52 47
53 41
54 32
55 45
56 47
57 23
58 17
59 36
60 59
61 47
62 57
63 19
64 34
65 24
66 17
67 11
68 37
69 57
70 53
71 38
72 24
73 22
74 32
75 32
76 47
77 66
78 47
79 42
80 61
81 59
82 59
83 74
84 59
85 46
86 32
87 86
88 47
89 87
90 13
91 29
92 47
93 62
94 85
95 47
96 65
97 83
98 49
99 60
100 79
101 55
102 12
103 84
104 93
105 89
106 55
107 24
108 22
109 46
110 52
111 47
112 17
113 92
114 16
115 110
116 66
117 58
118 85
119 104
120 32
121 17
122 43
123 59
124 66
125 81
126 47
127 111
128 92
129 73
130 111
131 121
132 93
133 116
134 47
135 93
136 92
137 85
138 47
139 105
140 47
141 130
142 41
143 14
144 57
145 123
146 135
147 89
148 88
149 17
150 85
151 141
152 147
153 41
154 135
155 83
156 45
157 92
158 59
159 135
160 75
161 59
162 82
163 126
164 154
165 92
166 59
167 66
168 82
169 50
170 90
171 140
172 163
173 64
174 28
175 78
176 154
177 149
178 135
179 59
180 94
181 109
182 105
183 119
184 34
185 135
186 158
187 82
188 24
189 92
190 84
191 67
192 93
193 115
194 148
195 181
196 184
197 109
198 73
199 91
200 119
201 189
202 142
203 202
204 25
205 176
206 83
207 172
208 162
209 192
210 83
211 92
212 168
213 124
214 207
215 178
216 214
217 141
218 196
219 60
220 83
221 204
222 207
223 109
224 141
225 224
226 175
227 95
228 64
229 213
230 138
231 170
232 226
233 211
234 220
235 134
236 80
237 79
238 175
239 211
240 178
241 125
242 159
243 84
244 230
245 175
246 190
247 222
248 241
249 103
250 59
251 76
252 51
253 135
254 92
255 213
256 127
257 114
258 77
259 189
260 54
261 188
262 42
263 258
264 40
265 204
266 128
267 140
268 108
269 230
270 254
271 85
272 59
273 118
274 99
275 46
276 173
277 242
278 25
279 245
280 83
281 79
282 92
283 279
284 281
285 281
286 83
287 92
288 218
289 59
290 245
291 185
292 277
293 177
294 138
295 175
296 199
297 243
298 229
299 264
300 245
301 210
302 113
303 204
304 244
305 175
306 281
307 203
308 135
309 307
310 175
311 136
312 216
313 300
314 212
315 142
316 271
317 222
318 281
319 92
320 281
321 97
322 88
323 211
324 229
325 300
326 324
327 250
328 34
329 314
330 300
331 286
332 179
333 265
334 48
335 180
336 96
337 286
338 165
339 252
340 265
341 295
342 300
343 66
344 235
345 188
346 30
347 304
348 224
349 303
350 330
351 350
352 309
353 165
354 91
355 153
356 329
357 245
358 330
359 62
360 345
361 208
362 203
363 361
364 323
365 241
366 135
367 134
368 281
369 17
370 314
371 237
372 110
373 166
374 319
375 355
376 230
377 42
378 245
379 333
380 188
381 17
382 251
383 174
384 188
385 33
386 382
387 300
388 350
389 182
390 101
391 361
392 277
393 17
394 297
395 346
396 361
397 161
398 151
399 89
400 313
401 382
402 330
403 132
404 348
405 363
406 397
407 211
408 244
409 300
410 361
411 285
412 273
413 222
414 281
415 246
416 396
417 361
418 361
419 405
420 284
421 288
422 166
423 254
424 339
425 388
426 387
427 410
428 175
429 357
430 382
431 292
432 80
433 265
434 361
435 275
436 330
437 330
438 368
439 394
440 361
441 35
442 281
443 377
444 441
445 98
446 410
447 317
448 397
449 424
450 352
451 382
452 83
453 444
454 330
455 343
456 172
457 384
458 281
459 385
460 382
461 337
462 452
463 319
464 132
465 330
466 194
467 408
468 26
469 284
470 361
471 210
472 165
473 418
474 256
475 441
476 285
477 456
478 422
479 257
480 382
481 361
482 296
483 432
484 119
485 441
486 394
487 411
488 191
489 357
490 477
491 430
492 404
493 373
494 109
495 354
496 281
497 330
498 440
499 456
500 456
501 366
502 438
503 481
504 437
505 382
506 398
507 456
508 361
509 368
510 361
511 248
512 435
513 410
514 412
515 456
516 361
517 509
518 178
519 490
520 444
521 361
522 330
523 371
524 330
525 281
526 63
527 441
528 286
529 400
530 314
531 483
532 424
533 374
534 328
535 410
536 330
537 410
538 414
539 499
540 330
541 469
542 532
543 490
544 178
545 382
546 510
547 440
548 361
549 420
550 472
551 19
552 292
553 26
554 293
555 361
556 441
557 452
558 532
559 292
560 411
561 333
562 456
563 22
564 47
565 364
566 272
567 484
568 465
569 542
570 382
571 402
572 441
573 382
574 271
575 355
576 273
577 402
578 561
579 30
580 542
581 444
582 139
583 281
584 421
585 206
586 458
587 281
588 455
589 205
590 441
591 260
592 544
593 112
594 505
595 410
596 271
597 330
598 507
599 440
600 506
601 382
602 91
603 281
604 456
605 214
606 388
607 204
608 497
609 385
610 580
611 454
612 46
613 401
614 441
615 281
616 490
617 249
618 236
619 357
620 568
621 330
622 269
623 585
624 468
625 281
626 501
627 450
628 361
629 490
630 129
631 330
632 126
633 83
634 524
635 267
636 630
637 334
638 225
639 553
640 633
641 182
642 117
643 443
644 441
645 392
646 405
647 574
648 361
649 368
650 241
651 621
652 389
653 554
654 361
655 612
656 422
657 452
658 281
659 275
660 288
661 618
662 506
663 615
664 136
665 242
666 379
667 307
668 505
669 559
670 370
671 496
672 384
673 503
674 198
675 412
676 503
677 296
678 442
679 113
680 362
681 210
682 188
683 525
684 361
685 469
686 422
687 365
688 532
689 201
690 172
691 410
692 300
693 71
694 615
695 607
696 243
697 490
698 305
699 238
700 188
701 224
702 301
703 651
704 532
705 594
706 163
707 629
708 311
709 188
710 355
711 559
712 291
713 114
714 284
715 351
716 373
717 490
718 441
719 182
720 458
721 113
722 281
723 185
724 658
725 300
726 144
727 330
728 347
729 244
730 284
731 456
732 156
733 620
734 481
735 669
736 93
737 469
738 511
739 652
740 640
741 393
742 41
743 482
744 412
745 285
746 290
747 175
748 735
749 490
750 320
751 283
752 361
753 586
754 568
755 419
756 382
757 685
758 105
759 724
760 122
761 481
762 724
763 454
764 361
765 173
766 753
767 656
768 565
769 462
770 724
771 58
772 560
773 138
774 602
775 565
776 498
777 501
778 620
779 341
780 695
781 357
782 611
783 284
784 689
785 299
786 721
787 65
788 350
789 490
790 489
791 780
792 441
793 175
794 592
795 760
796 628
797 530
798 756
799 371
800 68
801 361
802 298
803 392
804 671
805 610
806 615
807 56
808 296
809 458
810 405
811 79
812 441
813 601
814 281
815 297
816 361
817 135
818 817
819 474
820 688
821 239
822 390
823 817
824 658
825 382
826 196
827 472
828 762
829 263
830 296
831 601
832 734
833 490
834 593
835 759
836 727
837 274
838 817
839 456
840 410
841 837
842 552
843 772
844 664
845 586
846 506
847 775
848 615
849 603
850 529
851 829
852 430
853 682
854 654
855 597
856 469
857 796
858 572
859 702
860 791
861 845
862 836
863 330
864 91
865 820
866 300
867 358
868 730
869 605
870 382
871 396
872 410
873 477
874 319
875 410
876 131
877 294
878 410
879 422
880 564
881 477
882 505
883 850
884 397
885 397
886 695
887 412
888 724
889 337
890 803
891 755
892 679
893 441
894 682
895 273
896 65
897 456
898 344
899 545
900 817
901 595
902 676
903 775
904 463
905 441
906 724
907 540
908 819
909 82
910 503
911 724
912 674
913 912
914 809
915 199
916 357
917 647
918 491
919 503
920 904
921 873
922 412
923 823
924 715
925 207
926 639
927 83
928 345
929 927
930 888
931 405
932 410
933 298
934 597
935 100
936 330
937 812
938 175
939 404
940 372
941 637
942 281
943 794
944 857
945 631
946 367
947 645
948 300
949 446
950 840
951 888
952 661
953 451
954 633
955 840
956 704
957 757
958 860
959 382
960 707
961 926
962 833
963 902
964 514
965 846
966 531
967 708
968 478
969 572
970 766
971 853
972 840
973 551
974 267
975 178
976 866
977 510
978 379
979 330
980 923
981 824
982 583
983 792
984 831
985 361
986 361
987 403
988 919
989 395
990 926
991 120
992 905
993 747
994 225
995 402
996 845
997 442
998 531
999 345
1000 669
1001 740
1002 979
1003 280
1004 562
1005 365
1006 919
1007 281
1008 756
1009 66
1010 860
1011 890
1012 923
1013 760
1014 411
1015 448
1016 964
1017 410
1018 361
1019 841
1020 382
1021 406
1022 889
1023 412
1024 640
1025 761
1026 300
1027 751
1028 724
1029 840
1030 859
1031 182
1032 490
1033 965
1034 999
1035 1013
1036 811
1037 342
1038 806
1039 701
1040 379
1041 684
1042 1041
1043 781
1044 667
1045 405
1046 742
1047 410
1048 1000
1049 550
1050 763
1051 925
1052 749
1053 490
1054 959
1055 943
1056 911
1057 999
1058 603
1059 440
1060 297
1061 810
1062 830
1063 585
1064 361
1065 1050
1066 813
1067 904
1068 692
1069 1044
1070 869
1071 713
1072 578
1073 919
1074 1051
1075 768
1076 281
1077 361
1078 427
1079 770
1080 542
1081 942
1082 880
1083 229
1084 855
1085 204
1086 207
1087 526
1088 509
1089 914
1090 608
1091 1059
1092 939
1093 760
1094 361
1095 1031
1096 397
1097 848
1098 1013
1099 444
1100 759
1101 708
1102 602
1103 1009
1104 642
1105 651
1106 1013
1107 977
1108 464
1109 593
1110 829
1111 784
1112 652
1113 410
1114 271
1115 399
1116 1059
1117 68
1118 294
1119 361
1120 1016
1121 999
1122 445
1123 1047
1124 138
1125 866
1126 899
1127 1018
1128 1051
1129 634
1130 930
1131 729
1132 533
1133 756
1134 650
1135 573
1136 837
1137 665
1138 963
1139 200
1140 606
1141 1059
1142 919
1143 449
1144 460
1145 1013
1146 398
1147 518
1148 441
1149 979
1150 1024
1151 1013
1152 756
1153 296
1154 296
1155 198
1156 22
1157 744
1158 1096
1159 1100
1160 524
1161 774
1162 905
1163 691
1164 784
1165 349
1166 1065
1167 874
1168 899
1169 1114
1170 888
1171 1105
1172 1096
1173 1091
1174 507
1175 949
1176 1128
1177 767
1178 425
1179 667
1180 828
1181 1080
1182 860
1183 544
1184 431
1185 575
1186 669
1187 460
1188 406
1189 1145
1190 1062
1191 596
1192 382
1193 837
1194 1164
1195 507
1196 368
1197 592
1198 1083
1199 296
1200 417
1201 858
1202 845
1203 1179
1204 776
1205 1039
1206 481
1207 1164
1208 1083
1209 805
1210 1173
1211 732
1212 892
1213 296
1214 529
1215 1059
1216 775
1217 840
1218 869
1219 1049
1220 271
1221 972
1222 773
1223 917
1224 1000
1225 1173
1226 1127
1227 978
1228 605
1229 1178
1230 950
1231 571
1232 941
1233 330
1234 1200
1235 1016
1236 801
1237 1106
1238 1076
1239 199
1240 1042
1241 387
1242 1000
1243 497
1244 1224
1245 705
1246 891
1247 129
1248 127
1249 1210
1250 490
1251 441
1252 281
1253 1051
1254 1140
1255 412
1256 1112
1257 967
1258 657
1259 587
1260 531
1261 1225
1262 281
1263 361
1264 880
1265 649
1266 1176
1267 410
1268 1178
1269 572
1270 960
1271 812
1272 1210
1273 746
1274 479
1275 964
1276 917
1277 1110
1278 241
1279 1096
1280 1262
1281 405
1282 919
1283 1096
1284 652
1285 610
1286 939
1287 1059
1288 503
1289 441
1290 441
1291 1149
1292 1274
1293 1070
1294 1178
1295 1219
1296 844
1297 1094
1298 389
1299 1267
1300 992
1301 802
1302 1026
1303 846
1304 1210
1305 1304
1306 553
1307 934
1308 1013
1309 742
1310 638
1311 1200
1312 924
1313 876
1314 1095
1315 1028
1316 585
1317 490
1318 1127
1319 361
1320 1000
1321 405
1322 1262
1323 688
1324 749
1325 1059
1326 472
1327 840
1328 987
1329 950
1330 1184
1331 415
1332 1193
1333 996
1334 219
1335 976
1336 1022
1337 1119
1338 1054
1339 1262
1340 134
1341 1086
1342 933
1343 646
1344 1287
1345 281
1346 1238
1347 603
1348 1012
1349 1061
1350 520
1351 102
1352 1137
1353 919
1354 823
1355 1115
1356 1229
1357 1274
1358 817
1359 1348
1360 1016
1361 1021
1362 212
1363 904
1364 1033
1365 72
1366 783
1367 1313
1368 995
1369 361
1370 503
1371 979
1372 1284
1373 842
1374 1324
1375 1316
1376 489
1377 1244
1378 1253
1379 1251
1380 680
1381 1179
1382 588
1383 1374
1384 320
1385 1270
1386 668
1387 240
1388 1377
1389 832
1390 724
1391 750
1392 405
1393 1225
1394 1107
1395 1117
1396 522
1397 965
1398 1252
1399 1175
1400 1380
1401 489
1402 441
1403 501
1404 1234
1405 1155
1406 974
1407 869
1408 536
1409 824
1410 1254
1411 348
1412 796
1413 556
1414 999
1415 234
1416 1200
1417 1296
1418 186
1419 1097
1420 804
1421 297
1422 92
1423 1083
1424 1012
1425 833
1426 450
1427 1221
1428 79
1429 1171
1430 410
1431 742
1432 328
1433 301
1434 1127
1435 1078
1436 1243
1437 1261
1438 1417
1439 632
1440 425
1441 1059
1442 333
1443 917
1444 368
1445 441
1446 1242
1447 669
1448 839
1449 1197
1450 943
1451 817
1452 501
1453 1440
1454 1279
1455 1088
1456 623
1457 1371
1458 110
1459 222
1460 1238
1461 646
1462 188
1463 1335
1464 1285
1465 862
1466 724
1467 1134
1468 902
1469 919
1470 840
1471 988
1472 1229
1473 361
1474 796
1475 817
1476 281
1477 840
1478 1105
1479 733
1480 1270
1481 541
1482 1299
1483 542
1484 1358
1485 1287
1486 1059
1487 510
1488 671
1489 701
1490 728
1491 1437
1492 999
1493 618
1494 994
1495 1377
1496 1290
1497 933
1498 1388
1499 716
1500 1210
1501 949
1502 428
1503 949
1504 805
1505 1186
1506 1447
1507 837
1508 1253
1509 671
1510 1454
1511 669
1512 1312
1513 356
1514 361
1515 586
1516 1238
1517 1083
1518 1218
1519 924
1520 784
1521 726
1522 999
1523 999
1524 300
1525 487
1526 1071
1527 441
1528 501
1529 715
1530 1224
1531 1016
1532 786
1533 1339
1534 369
1535 991
1536 1354
1537 1490
1538 1024
1539 1509
1540 230
1541 378
1542 441
1543 179
1544 1389
1545 1100
1546 1044
1547 207
1548 1292
1549 365
1550 1520
1551 422
1552 1435
1553 255
1554 992
1555 531
1556 1480
1557 341
1558 1179
1559 1238
1560 440
1561 382
1562 410
1563 531
1564 724
1565 1180
1566 281
1567 1549
1568 538
1569 265
1570 1059
1571 1469
1572 469
1573 482
1574 1497
1575 1507
1576 919
1577 569
1578 1516
1579 1505
1580 1224
1581 1288
1582 1252
1583 111
1584 1233
1585 1490
1586 1397
1587 521
1588 361
1589 943
1590 1262
1591 1549
1592 302
1593 1550
1594 933
1595 1591
1596 1173
1597 1469
1598 1273
1599 908
1600 1023
1601 880
1602 1241
1603 1333
1604 92
1605 695
1606 724
1607 1015
1608 1434
1609 478
1610 1175
1611 1354
1612 400
1613 281
1614 491
1615 660
1616 1409
1617 1341
1618 1059
1619 1031
1620 1390
1621 1354
1622 398
1623 1395
1624 917
1625 1354
1626 490
1627 840
1628 551
1629 1605
1630 1477
1631 823
1632 690
1633 1135
1634 1629
1635 1327
1636 1368
1637 1270
1638 1138
1639 1473
1640 1262
1641 655
1642 1210
1643 1288
1644 1105
1645 1266
1646 1217
1647 1575
1648 835
1649 1470
1650 1319
1651 813
1652 1405
1653 633
1654 1359
1655 138
1656 1307
1657 610
1658 728
1659 1354
1660 1296
1661 1016
1662 677
1663 1401
1664 886
1665 1345
1666 1521
1667 1243
1668 917
1669 1013
1670 760
1671 1574
1672 272
1673 1525
1674 669
1675 1640
1676 1235
1677 1573
1678 1517
1679 1529
1680 531
1681 1346
1682 1348
1683 870
1684 1153
1685 722
1686 1210
1687 865
1688 1085
1689 1290
1690 1334
1691 775
1692 1072
1693 1509
1694 1214
1695 361
1696 1339
1697 706
1698 208
1699 1543
1700 456
1701 969
1702 1596
1703 1442
1704 361
1705 1024
1706 1296
1707 1642
1708 1272
1709 1343
1710 862
1711 1064
1712 469
1713 1470
1714 412
1715 1651
1716 135
1717 1596
1718 444
1719 1166
1720 1692
1721 1262
1722 1465
1723 1210
1724 1708
1725 672
1726 1355
1727 11
1728 361
1729 1059
1730 1113
1731 904
1732 1490
1733 508
1734 1708
1735 1252
1736 627
1737 308
1738 438
1739 1051
1740 1433
1741 1589
1742 1737
1743 1369
1744 693
1745 1233
1746 491
1747 1707
1748 1408
1749 1593
1750 1703
1751 1629
1752 691
1753 999
1754 1175
1755 1167
1756 1628
1757 492
1758 1307
1759 300
1760 519
1761 1414
1762 1455
1763 1484
1764 1436
1765 1377
1766 1413
1767 943
1768 919
1769 675
1770 1400
1771 1225
1772 382
1773 416
1774 1573
1775 806
1776 1552
1777 420
1778 468
1779 686
1780 1575
1781 59
1782 1655
1783 1192
1784 1734
1785 361
1786 957
1787 371
1788 1737
1789 1784
1790 1252
1791 1761
1792 429
1793 503
1794 1354
1795 1552
1796 880
1797 881
1798 1575
1799 294
1800 1175
1801 1031
1802 1342
1803 1545
1804 1682
1805 1490
1806 1591
1807 702
1808 1110
1809 1806
1810 1685
1811 840
1812 1073
1813 1354
1814 726
1815 1727
1816 1262
1817 1252
1818 1681
1819 1394
1820 981
1821 1306
1822 155
1823 251
1824 1312
1825 397
1826 1556
1827 840
1828 1453
1829 521
1830 748
1831 1667
1832 1002
1833 1272
1834 1638
1835 456
1836 1761
1837 1761
1838 1725
1839 1822
1840 1589
1841 1454
1842 1334
1843 1645
1844 576
1845 281
1846 1545
1847 1752
1848 1216
1849 1575
1850 415
1851 495
1852 949
1853 1288
1854 1822
1855 1333
1856 434
1857 1532
1858 1828
1859 1756
1860 771
1861 587
1862 1477
1863 1114
1864 1288
1865 1550
1866 345
1867 724
1868 330
1869 1213
1870 1515
1871 970
1872 1262
1873 1253
1874 1192
1875 1044
1876 1441
1877 1832
1878 1671
1879 835
1880 754
1881 1388
1882 880
1883 281
1884 1104
1885 1781
1886 1013
1887 1470
1888 845
1889 74
1890 794
1891 1210
1892 865
1893 910
1894 1851
1895 1387
1896 612
1897 1000
1898 1809
1899 1830
1900 1828
1901 1063
1902 1317
1903 1173
1904 472
1905 1065
1906 1550
1907 568
1908 1460
1909 1354
1910 314
1911 1593
1912 609
1913 988
1914 548
1915 1478
1916 1373
1917 1828
1918 1166
1919 521
1920 612
1921 1441
1922 1423
1923 1550
1924 488
1925 1733
1926 957
1927 1120
1928 874
1929 361
1930 1613
1931 1080
1932 1203
1933 472
1934 1781
1935 669
1936 1817
1937 781
1938 1083
1939 999
1940 1478
1941 231
1942 1118
1943 432
1944 1377
1945 1210
1946 1250
1947 1832
1948 944
1949 1455
1950 1833
1951 243
1952 972
1953 1657
1954 1537
1955 224
1956 1270
1957 598
1958 1334
1959 1694
1960 720
1961 1394
1962 489
1963 801
1964 1842
1965 1958
1966 779
1967 636
1968 1495
1969 1354
1970 1463
1971 405
1972 1287
1973 281
1974 840
1975 1238
1976 1024
1977 1466
1978 1804
1979 1038
1980 1825
1981 1407
1982 595
1983 1039
1984 523
1985 371
1986 1853
1987 705
1988 1594
1989 441
1990 1956
1991 1053
1992 355
1993 1708
1994 1434
1995 441
1996 999
1997 1215
1998 1465
1999 1737
2000 1994
2001 1993
2002 1828
2003 1934
2004 1132
2005 1562
2006 382
2007 1270
2008 1473
2009 1832
2010 1974
2011 1552
2012 1354
2013 1775
2014 433
2015 1149
2016 724
2017 1539
2018 1224
2019 1947
2020 240
2021 1559
2022 1420
2023 640
2024 808
2025 1013
2026 232
2027 776
2028 1875
2029 1954
2030 767
2031 1009
2032 932
2033 724
2034 2001
2035 441
2036 1301
2037 1575
2038 312
2039 1016
2040 1469
2041 1354
2042 1407
2043 2022
2044 1640
2045 1274
2046 1926
2047 1201
2048 1999
2049 1876
2050 1949
2051 1288
2052 627
2053 1596
2054 1114
2055 1053
2056 1786
2057 1761
2058 361
2059 906
2060 1262
2061 1053
2062 1080
2063 1051
2064 1596
2065 1463
2066 361
2067 981
2068 966
2069 1159
2070 696
2071 836
2072 1454
2073 1984
2074 944
2075 1714
2076 1188
2077 1828
2078 528
2079 775
2080 1510
2081 1494
2082 1458
2083 224
2084 1834
2085 1642
2086 1944
2087 1689
2088 1871
2089 1250
2090 1708
2091 1178
2092 1970
2093 281
2094 1639
2095 565
2096 1191
2097 1087
2098 756
2099 1817
2100 1176
2101 441
2102 1764
2103 1828
2104 135
2105 314
2106 932
2107 1838
2108 1162
2109 1386
2110 1210
2111 1470
2112 1288
2113 1905
2114 1110
2115 699
2116 1422
2117 1773
2118 839
2119 661
2120 1192
2121 940
2122 851
2123 1507
2124 999
2125 2084
2126 1200
2127 1662
2128 1879
2129 454
2130 1025
2131 1716
2132 361
2133 703
2134 1530
2135 1795
2136 2046
2137 1438
2138 1394
2139 2136
2140 1541
2141 1737
2142 1390
2143 1262
2144 712
2145 1557
2146 1818
2147 2126
2148 869
2149 1066
2150 361
2151 1051
2152 954
2153 1224
2154 503
2155 353
2156 1227
2157 1348
2158 1875
2159 710
2160 2025
2161 211
2162 1512
2163 1718
2164 2036
2165 1692
2166 1757
2167 617
2168 1626
2169 1572
2170 85
2171 1723
2172 1595
2173 1354
2174 1634
2175 2114
2176 2110
2177 181
2178 1706
2179 1166
2180 965
2181 812
2182 817
2183 1592
2184 940
2185 235
2186 2141
2187 1910
2188 2069
2189 1427
2190 1518
2191 1454
2192 1639
2193 999
2194 1032
2195 944
2196 2136
2197 1352
2198 1946
2199 709
2200 840
2201 1550
2202 1111
2203 1257
2204 1095
2205 1393
2206 1883
2207 1207
2208 441
2209 490
2210 1051
2211 2203
2212 1044
2213 919
2214 441
2215 201
2216 1309
2217 1091
2218 247
2219 432
2220 558
2221 1480
2222 2053
2223 714
2224 1613
2225 1262
2226 1293
2227 928
2228 884
2229 823
2230 2186
2231 728
2232 441
2233 340
2234 601
2235 2184
2236 1806
2237 891
2238 1256
2239 2030
2240 467
2241 1295
2242 2201
2243 1944
2244 2119
2245 835
2246 1974
2247 2211
2248 848
2249 1922
2250 2169
2251 1708
2252 481
2253 1100
2254 2048
2255 1234
2256 1036
2257 1524
2258 638
2259 1855
2260 2062
2261 1799
2262 2011
2263 2015
2264 328
2265 2036
2266 1767
2267 2172
2268 1481
2269 2249
2270 2065
2271 999
2272 240
2273 386
2274 1828
2275 1200
2276 2003
2277 493
2278 1895
2279 1275
2280 726
2281 1195
2282 2185
2283 758
2284 62
2285 2261
2286 361
2287 1612
2288 1878
2289 402
2290 2136
2291 734
2292 1258
2293 1077
2294 1091
2295 456
2296 1828
2297 2254
2298 1708
2299 1832
2300 1612
2301 1225
2302 1960
2303 607
2304 999
2305 1354
2306 1065
2307 1354
2308 979
2309 1517
2310 625
2311 827
2312 1891
2313 2072
2314 531
2315 1832
2316 1855
2317 1276
2318 1449
2319 1827
2320 719
2321 828
2322 291
2323 1838
2324 2076
2325 673
2326 2046
2327 1862
2328 943
2329 2321
2330 2002
2331 2246
2332 2299
2333 473
2334 2115
2335 2242
2336 1781
2337 1210
2338 823
2339 1549
2340 2249
2341 1863
2342 441
2343 1851
2344 1680
2345 1829
2346 1271
2347 2136
2348 1354
2349 335
2350 1534
2351 1832
2352 650
2353 612
2354 1208
2355 1433
2356 756
2357 190
2358 531
2359 1828
2360 869
2361 84
2362 2029
2363 1166
2364 2327
2365 1408
2366 2028
2367 1780
2368 2107
2369 944
2370 1948
2371 1274
2372 894
2373 2052
2374 1173
2375 2060
2376 1065
2377 866
2378 2315
2379 1991
2380 47
2381 1994
2382 1916
2383 1542
2384 531
2385 1744
2386 2296
2387 1197
2388 1065
2389 2185
2390 2215
2391 766
2392 1640
2393 1308
2394 1341
2395 2357
2396 2185
2397 1013
2398 930
2399 2154
2400 906
2401 1210
2402 2261
2403 308
2404 718
2405 1550
2406 2136
2407 1492
2408 281
2409 869
2410 1101
2411 2136
2412 1537
2413 2367
2414 181
2415 2122
2416 1405
2417 422
2418 1916
2419 1173
2420 183
2421 1482
2422 1876
2423 2037
2424 1379
2425 1576
2426 2149
2427 2373
2428 2426
2429 919
2430 2151
2431 1832
2432 999
2433 194
2434 733
2435 1804
2436 2183
2437 1419
2438 866
2439 999
2440 1809
2441 2140
2442 1224
2443 1031
2444 1446
2445 1731
2446 695
2447 2342
2448 1708
2449 1469
2450 1847
2451 1552
2452 845
2453 1354
2454 1238
2455 1916
2456 1575
2457 619
2458 1983
2459 2107
2460 503
2461 2262
2462 1210
2463 542
2464 1917
2465 789
2466 1315
2467 1101
2468 2197
2469 2357
2470 327
2471 275
2472 1393
2473 1484
2474 2201
2475 148
2476 178
2477 2252
2478 678
2479 1838
2480 1438
2481 866
2482 1774
2483 2012
2484 1611
2485 1930
2486 2434
2487 2054
2488 2321
2489 1341
2490 1796
2491 2062
2492 2321
2493 2437
2494 1179
2495 874
2496 1729
2497 1776
2498 59
2499 1712
2500 2421
2501 2334
2502 1657
2503 2498
2504 382
2505 1102
2506 2149
2507 981
2508 1872
2509 1402
2510 1237
2511 997
2512 2338
2513 408
2514 2436
2515 1348
2516 146
2517 2361
2518 2196
2519 962
2520 1822
2521 1855
2522 2130
2523 2242
2524 843
2525 2290
2526 1489
2527 2510
2528 2193
2529 944
2530 1611
2531 1393
2532 1452
2533 1333
2534 2086
2535 1213
2536 1552
2537 1693
2538 1575
2539 1812
2540 2201
2541 2438
2542 945
2543 812
2544 2254
2545 2227
2546 2283
2547 2227
2548 791
2549 2384
2550 1902
2551 2085
2552 2357
2553 1024
2554 1692
2555 1537
2556 1315
2557 412
2558 1832
2559 432
2560 2389
2561 564
2562 1944
2563 2374
2564 1948
2565 2321
2566 1805
2567 2232
2568 2317
2569 1373
2570 1550
2571 2261
2572 376
2573 1143
2574 2171
2575 1621
2576 2267
2577 983
2578 1421
2579 2367
2580 775
2581 162
2582 2011
2583 950
2584 1703
2585 2261
2586 2469
2587 1189
2588 680
2589 1914
2590 1905
2591 1655
2592 1383
2593 1970
2594 2341
2595 714
2596 2373
2597 1210
2598 1200
2599 2155
2600 1603
2601 743
2602 1053
2603 537
2604 2577
2605 988
2606 1190
2607 2075
2608 2207
2609 2011
2610 1987
2611 1462
2612 2249
2613 869
2614 2335
2615 2136
2616 2107
2617 2219
2618 2357
2619 2496
2620 1807
2621 1973
2622 1614
2623 2260
2624 775
2625 2568
2626 603
2627 1348
2628 760
2629 1865
2630 1334
2631 1871
2632 1016
2633 416
2634 924
2635 1044
2636 1090
2637 1132
2638 1892
2639 1717
2640 2063
2641 2274
2642 1528
2643 1599
2644 1795
2645 2136
2646 1262
2647 1463
2648 2015
2649 988
2650 2290
2651 2306
2652 2223
2653 2136
2654 2085
2655 2623
2656 1905
2657 2595
2658 2107
2659 2307
2660 2600
2661 979
2662 1096
2663 2598
2664 1221
2665 1600
2666 2222
2667 2435
2668 1573
2669 1882
2670 899
2671 674
2672 2528
2673 1885
2674 2418
2675 2381
2676 1594
2677 1553
2678 2676
2679 1259
2680 355
2681 2400
2682 1059
2683 2506
2684 2095
2685 1855
2686 2235
2687 807
2688 1339
2689 2249
2690 1582
2691 2554
2692 1703
2693 1855
2694 268
2695 1667
2696 1210
2697 1224
2698 2084
2699 1354
2700 422
2701 1118
2702 2261
2703 1710
2704 702
2705 2445
2706 2600
2707 1803
2708 2691
2709 1149
2710 2319
2711 2437
2712 989
2713 2608
2714 2341
2715 2122
2716 2201
2717 2170
2718 2155
2719 2254
2720 2357
2721 1013
2722 2254
2723 2013
2724 1003
2725 2554
2726 1083
2727 2658
2728 1288
2729 1944
2730 1500
2731 161
2732 361
2733 2728
2734 2218
2735 2151
2736 1484
2737 2227
2738 1847
2739 1013
2740 1696
2741 2494
2742 2294
2743 1154
2744 1043
2745 361
2746 2040
2747 843
2748 1974
2749 1514
2750 951
2751 2059
2752 573
2753 2384
2754 2110
2755 1692
2756 2088
2757 1804
2758 2727
2759 2171
2760 1599
2761 2324
2762 1994
2763 2116
2764 1340
2765 2697
2766 2338
2767 2523
2768 956
2769 2736
2770 1854
2771 724
2772 1547
2773 1581
2774 2548
2775 2161
2776 994
2777 2662
2778 1354
2779 1167
2780 361
2781 826
2782 330
2783 1567
2784 2288
2785 1237
2786 2299
2787 2226
2788 2202
2789 2367
2790 1864
2791 2321
2792 1427
2793 1478
2794 1187
2795 2655
2796 2100
2797 1519
2798 1599
2799 1270
2800 330
2801 2451
2802 2679
2803 2632
2804 1806
2805 2503
2806 2490
2807 2647
2808 2487
2809 1939
2810 1414
2811 1896
2812 2783
2813 2135
2814 2185
2815 1756
2816 2321
2817 2262
2818 2608
2819 1354
2820 2377
2821 497
2822 1593
2823 1954
2824 2590
2825 2531
2826 2760
2827 1919
2828 2313
2829 1851
2830 1484
2831 427
2832 864
2833 2085
2834 2161
2835 2544
2836 1339
2837 835
2838 2642
2839 801
2840 1485
2841 1686
2842 1354
2843 1796
2844 2582
2845 1828
2846 2028
2847 1852
2848 874
2849 2334
2850 490
2851 2218
2852 670
2853 1550
2854 207
2855 2426
2856 2159
2857 915
2858 2843
2859 2149
2860 2209
2861 2365
2862 1024
2863 2850
2864 2666
2865 2046
2866 2854
2867 2611
2868 2359
2869 1432
2870 1744
2871 1905
2872 432
2873 1832
2874 1869
2875 1354
2876 944
2877 2227
2878 1333
2879 1593
2880 1658
2881 535
2882 1282
2883 145
2884 83
2885 2709
2886 1387
2887 2695
2888 2304
2889 860
2890 2839
2891 1336
2892 801
2893 2114
2894 1339
2895 1832
2896 943
2897 2306
2898 2357
2899 2836
2900 1708
2901 2570
2902 1574
2903 2535
2904 1849
2905 2249
2906 1755
2907 2760
2908 1652
2909 2136
2910 2136
2911 1117
2912 1691
2913 383
2914 2124
2915 1869
2916 2367
2917 949
2918 2154
2919 817
2920 1828
2921 1537
2922 2321
2923 2164
2924 732
2925 977
2926 2801
2927 2016
2928 2396
2929 1905
2930 2056
2931 1513
2932 2836
2933 2281
2934 2074
2935 502
2936 2227
2937 2413
2938 208
2939 2895
2940 1274
2941 2934
2942 444
2943 2647
2944 1806
2945 2016
2946 17
2947 1036
2948 2554
2949 1811
2950 2911
2951 2126
2952 2697
2953 1515
2954 2227
2955 688
2956 840
2957 2760
2958 1483
2959 2313
2960 1123
2961 1781
2962 1224
2963 1237
2964 2125
2965 1149
2966 2227
2967 1210
2968 2360
2969 1390
2970 2670
2971 2905
2972 1826
2973 990
2974 1700
2975 2416
2976 2388
2977 1905
2978 1763
2979 2450
2980 2725
2981 1233
2982 1480
2983 1464
2984 2539
2985 1377
2986 2321
2987 2136
2988 2061
2989 2638
2990 2832
2991 2227
2992 2886
2993 2367
2994 1354
2995 1828
2996 2891
2997 2379
2998 656
2999 2521
3000 2140
3001 2435
3002 992
3003 2495
3004 1703
3005 2169
3006 2159
3007 1832
3008 326
3009 1205
3010 199
3011 1332
3012 1731
3013 2485
3014 1833
3015 2887
3016 1207
3017 2583
3018 1563
3019 2946
3020 1639
3021 2760
3022 1998
3023 1215
3024 1341
3025 2105
3026 2538
3027 992
3028 330
3029 2863
3030 2192
3031 1288
3032 1286
3033 2257
3034 2226
3035 2196
3036 2053
3037 2831
3038 2987
3039 2570
3040 2132
3041 656
3042 2461
3043 1506
3044 898
3045 1873
3046 1223
3047 1941
3048 2512
3049 2978
3050 2245
3051 2523
3052 2459
3053 1429
3054 1452
3055 699
3056 330
3057 822
3058 1931
3059 2484
3060 2559
3061 199
3062 477
3063 2254
3064 1875
3065 2211
3066 1974
3067 2704
3068 2185
3069 1806
3070 3009
3071 2902
3072 361
3073 1322
3074 2185
3075 2221
3076 2201
3077 2471
3078 1648
3079 1269
3080 1271
3081 2593
3082 1328
3083 1210
3084 2272
3085 2991
3086 477
3087 2282
3088 681
3089 2293
3090 999
3091 812
3092 1851
3093 3082
3094 843
3095 1662
3096 2921
3097 1641
3098 2783
3099 2845
3100 712
3101 582
3102 441
3103 1463
3104 2143
3105 2947
3106 939
3107 499
3108 2073
3109 1939
3110 2651
3111 949
3112 2865
3113 1389
3114 2188
3115 2519
3116 2836
3117 2110
3118 2121
3119 1852
3120 2227
3121 2863
3122 2210
3123 1708
3124 1830
3125 1127
3126 2227
3127 2610
3128 688
3129 1708
3130 2285
3131 1151
3132 1731
3133 2863
3134 2932
3135 1708
3136 1225
3137 2226
3138 2249
3139 2614
3140 2185
3141 1905
3142 186
3143 2647
3144 2056
3145 2123
3146 2399
3147 1342
3148 1083
3149 1484
3150 1179
3151 2258
3152 2553
3153 1874
3154 2585
3155 2388
3156 2668
3157 2086
3158 2350
3159 1871
3160 1226
3161 1132
3162 1932
3163 1596
3164 1484
3165 3135
3166 2887
3167 1531
3168 1622
3169 2618
3170 1225
3171 1166
3172 402
3173 901
3174 2611
3175 2085
3176 2754
3177 1828
3178 224
3179 1748
3180 1016
3181 1294
3182 382
3183 2479
3184 2151
3185 2870
3186 929
3187 280
3188 840
3189 2233
3190 2099
3191 1083
3192 1320
3193 1828
3194 1075
3195 261
3196 2853
3197 2339
3198 2188
3199 2217
3200 2721
3201 1932
3202 460
3203 2038
3204 2453
3205 1282
3206 1875
3207 2416
3208 2136
3209 2774
3210 1737
3211 2338
3212 3157
3213 2430
3214 1354
3215 2201
3216 1011
3217 1556
3218 2663
3219 1897
3220 1210
3221 2120
3222 874
3223 1478
3224 2734
3225 1550
3226 1970
3227 1708
3228 2136
3229 3063
3230 2478
3231 2891
3232 2565
3233 3232
3234 1416
3235 2542
3236 2647
3237 2443
3238 355
3239 1951
3240 2719
3241 3223
3242 222
3243 1484
3244 1437
3245 1719
3246 1828
3247 1687
3248 1932
3249 270
3250 738
3251 2233
3252 2804
3253 3055
3254 2896
3255 872
3256 1273
3257 2949
3258 1347
3259 1961
3260 2357
3261 1473
3262 3017
3263 2188
3264 949
3265 2455
3266 1594
3267 3000
3268 3247
3269 2247
3270 2003
3271 2380
3272 2367
3273 3158
3274 1260
3275 2004
3276 2272
3277 1687
3278 3107
3279 3218
3280 1013
3281 2406
3282 532
3283 3218
3284 754
3285 3078
3286 2154
3287 2994
3288 1110
3289 2634
3290 2506
3291 1220
3292 1382
3293 3174
3294 1395
3295 459
3296 1274
3297 1306
3298 2561
3299 3047
3300 143
3301 1924
3302 1815
3303 2350
3304 336
3305 21
3306 102
3307 441
3308 381
3309 1367
3310 17
3311 593
3312 393
3313 167
3314 653
3315 17
3316 17
3317 591
3318 771
3319 2280
3320 2946
3321 1744
3322 2097
3323 2470
3324 973
3325 630
3326 563
3327 2694
3328 1156
3329 2505
3330 107
3331 1365
3332 700
3333 204
3334 278
3335 44
3336 2913
3337 26
3338 445
3339 2573
3340 579
3341 624
3342 43
3343 1046
3344 3057
3345 584
3346 271
3347 346
3348 89
3349 160
3350 83
3351 1535
3352 169
3353 276
3354 2264
3355 785
3356 70
3357 202
3358 1992
3359 643
3360 262
3361 281
3362 2628
3363 45
3364 2924
3365 512
3366 48
3367 2353
3368 197
3369 92
3370 47
3371 1124
3372 251
3373 227
3374 171
3375 1697
3376 2082
3377 1955
3378 2380
3379 807
3380 322
3381 236
3382 175
3383 1340
3384 637
3385 49
3386 54
3387 106
3388 69
3389 1139
3390 642
3391 566
3392 2673
3393 2883
3394 837
3395 3239
3396 1698
3397 2731
3398 289
3399 2805
3400 158
3401 2277
3402 332
3403 365
3404 59
3405 59
3406 1964
3407 62
3408 62
3409 2284
3410 62
3411 359
3412 228
3413 65
3414 896
3415 65
3416 787
3417 2031
3418 229
3419 3292
3420 133
3421 66
3422 851
3423 800
3424 674
3425 1889
3426 1428
3427 1985
3428 935
3429 3105
3430 79
3431 531
3432 187
3433 909
3434 1910
3435 321
3436 3187
3437 3186
3438 1456
3439 461
3440 83
3441 234
3442 633
3443 2884
3444 1822
3445 210
3446 1258
3447 190
3448 2361
3449 249
3450 137
3451 922
3452 2717
3453 150
3454 2349
3455 148
3456 152
3457 1115
3458 3101
3459 2832
3460 2857
3461 1851
3462 533
3463 282
3464 1604
3465 2155
3466 92
3467 423
3468 266
3469 1417
3470 2116
3471 259
3472 2834
3473 1212
3474 157
3475 287
3476 209
3477 253
3478 93
3479 736
3480 403
3481 93
3482 1351
3483 719
3484 758
3485 2414
3486 223
3487 109
3488 494
3489 109
3490 2121
3491 193
3492 1248
3493 1583
3494 721
3495 2183
3496 713
3497 2420
3498 567
3499 1439
3500 474
3501 129
3502 1247
3503 464
3504 946
3505 2185
3506 823
3507 2403
3508 159
3509 1403
3510 1147
3511 2131
3512 2516
3513 2104
3514 154
3515 2322
3516 311
3517 137
3518 138
3519 1655
3520 1131
3521 2701
3522 773
3523 138
3524 138
3525 1406
3526 217
3527 1146
3528 315
3529 2475
3530 466
3531 148
3532 164
3533 176
3534 3142
3535 2197
3536 159
3537 397
3538 2581
3539 1632
3540 2241
3541 338
3542 1551
3543 168
3544 168
3545 897
3546 172
3547 1547
3548 765
3549 173
3550 3253
3551 1502
3552 245
3553 993
3554 310
3555 2026
3556 793
3557 175
3558 938
3559 295
3560 175
3561 305
3562 589
3563 215
3564 544
3565 178
3566 2476
3567 2272
3568 178
3569 975
3570 1699
3571 195
3572 2177
3573 1619
3574 641
3575 182
3576 1298
3577 184
3578 184
3579 723
3580 1418
3581 2372
3582 188
3583 380
3584 3195
3585 188
3586 2199
3587 1838
3588 188
3589 1866
3590 3174
3591 2390
3592 189
3593 190
3594 190
3595 415
3596 2357
3597 2433
3598 2781
3599 1405
3600 3061
3601 2743
3602 1239
3603 3010
3604 1207
3605 203
3606 2588
3607 309
3608 203
3609 1688
3610 265
3611 2303
3612 221
3613 204
3614 303
3615 2854
3616 2218
3617 2151
3618 2489
3619 869
3620 1059
3621 2938
3622 301
3623 3088
3624 210
3625 471
3626 233
3627 407
3628 821
3629 323
3630 1362
3631 1553
3632 2038
3633 217
3634 3242
3635 413
3636 1459
3637 447
3638 223
3639 224
3640 3178
3641 348
3642 638
3643 2083
3644 2458
3645 994
3646 3008
3647 229
3648 2249
3649 298
3650 622
3651 230
3652 230
3653 1540
3654 2572
3655 230
3656 234
3657 1415
3658 898
3659 236
3660 236
3661 952
3662 239
3663 2020
3664 1387
3665 1278
3666 511
3667 1134
3668 947
3669 2070
3670 243
3671 815
3672 2513
3673 728
3674 283
3675 1598
3676 378
3677 916
3678 2541
3679 2167
3680 251
3681 3182
3682 1823
3683 251
3684 252
3685 3249
3686 256
3687 265
3688 340
3689 265
3690 2014
3691 265
3692 561
3693 1569
3694 635
3695 574
3696 316
3697 3291
3698 1863
3699 2096
3700 1672
3701 1844
3702 895
3703 659
3704 2471
3705 1373
3706 1003
3707 318
3708 1476
3709 1366
3710 1845
3711 1259
3712 306
3713 1566
3714 281
3715 2621
3716 281
3717 281
3718 281
3719 281
3720 1568
3721 1076
3722 281
3723 281
3724 2093
3725 1466
3726 982
3727 1038
3728 683
3729 814
3730 2206
3731 1817
3732 942
3733 2408
3734 476
3735 1685
3736 281
3737 1665
3738 281
3739 1384
3740 281
3741 517
3742 603
3743 2511
3744 2646
3745 281
3746 2310
3747 458
3748 1488
3749 2224
3750 1007
3751 281
3752 1027
3753 2652
3754 469
3755 1777
3756 868
3757 411
3758 745
3759 285
3760 331
3761 2078
3762 1615
3763 291
3764 291
3765 3100
3766 3043
3767 431
3768 1799
3769 294
3770 877
3771 341
3772 2024
3773 1684
3774 2601
3775 296
3776 1213
3777 1062
3778 2127
3779 1199
3780 297
3781 2578
3782 297
3783 1060
3784 486
3785 297
3786 297
3787 1301
3788 933
3789 387
3790 300
3791 2287
3792 325
3793 409
3794 692
3795 300
3796 948
3797 350
3798 725
3799 1302
3800 3033
3801 1037
3802 1759
3803 1433
3804 1807
3805 303
3806 1165
3807 305
3808 698
3809 306
3810 667
3811 2230
3812 1426
3813 2467
3814 311
3815 311
3816 313
3817 3025
3818 670
3819 2931
3820 797
3821 319
3822 2848
3823 463
3824 1391
3825 320
3826 322
3827 323
3828 2095
3829 325
3830 534
3831 2869
3832 540
3833 2821
3834 863
3835 867
3836 1396
3837 631
3838 536
3839 936
3840 1129
3841 836
3842 2133
3843 330
3844 2129
3845 330
3846 597
3847 2800
3848 3028
3849 504
3850 979
3851 1868
3852 778
3853 2782
3854 330
3855 1584
3856 330
3857 330
3858 330
3859 436
3860 402
3861 3056
3862 1703
3863 333
3864 333
3865 666
3866 334
3867 1336
3868 338
3869 3189
3870 1966
3871 341
3872 2145
3873 1057
3874 2227
3875 360
3876 2712
3877 348
3878 1411
3879 348
3880 492
3881 1140
3882 350
3883 788
3884 1312
3885 3238
3886 2856
3887 1185
3888 375
3889 2680
3890 2457
3891 1792
3892 1663
3893 1937
3894 357
3895 357
3896 361
3897 1263
3898 1711
3899 361
3900 1200
3901 361
3902 361
3903 1127
3904 361
3905 1785
3906 1337
3907 361
3908 1829
3909 361
3910 361
3911 2732
3912 361
3913 2058
3914 1695
3915 470
3916 3072
3917 508
3918 391
3919 361
3920 361
3921 361
3922 1728
3923 361
3924 361
3925 854
3926 1588
3927 555
3928 2286
3929 871
3930 2749
3931 752
3932 361
3933 361
3934 1856
3935 361
3936 1297
3937 361
3938 361
3939 361
3940 361
3941 1041
3942 361
3943 361
3944 363
3945 816
3946 361
3947 648
3948 361
3949 796
3950 985
3951 361
3952 361
3953 1078
3954 361
3955 361
3956 2066
3957 2780
3958 2291
3959 361
3960 361
3961 3089
3962 986
3963 516
3964 764
3965 1487
3966 1704
3967 1743
3968 361
3969 1319
3970 2150
3971 3261
3972 361
3973 548
3974 3040
3975 361
3976 473
3977 2745
3978 361
3979 1963
3980 1929
3981 361
3982 931
3983 3197
3984 687
3985 1005
3986 2935
3987 368
3988 1444
3989 649
3990 368
3991 1196
3992 799
3993 1984
3994 1787
3995 1499
3996 3000
3997 378
3998 379
3999 1040
4000 2156
4001 382
4002 382
4003 382
4004 382
4005 382
4006 382
4007 382
4008 382
4009 2670
4010 1746
4011 825
4012 870
4013 1783
4014 1561
4015 382
4016 382
4017 613
4018 2006
4019 1020
4020 382
4021 2273
4022 2504
4023 3202
4024 382
4025 953
4026 480
4027 382
4028 959
4029 382
4030 2506
4031 882
4032 1633
4033 2098
4034 1772
4035 382
4036 570
4037 382
4038 457
4039 384
4040 609
4041 426
4042 1602
4043 387
4044 425
4045 2238
4046 3216
4047 741
4048 394
4049 439
4050 394
4051 1773
4052 1021
4053 885
4054 397
4055 397
4056 1980
4057 397
4058 1096
4059 448
4060 884
4061 397
4062 1622
4063 398
4064 662
4065 529
4066 402
4067 1231
4068 402
4069 402
4070 2289
4071 402
4072 1368
4073 3172
4074 577
4075 3082
4076 939
4077 405
4078 1045
4079 1971
4080 1321
4081 1392
4082 1349
4083 755
4084 1343
4085 1281
4086 2076
4087 2240
4088 875
4089 840
4090 410
4091 1430
4092 1113
4093 1982
4094 1017
4095 878
4096 513
4097 1123
4098 1299
4099 2881
4100 872
4101 2106
4102 2603
4103 1847
4104 446
4105 2005
4106 411
4107 560
4108 1014
4109 411
4110 1673
4111 964
4112 2075
4113 2665
4114 2557
4115 412
4116 887
4117 1255
4118 744
4119 1769
4120 1331
4121 1850
4122 415
4123 2633
4124 549
4125 1779
4126 478
4127 879
4128 422
4129 2417
4130 422
4131 3041
4132 2700
4133 688
4134 1178
4135 1453
4136 425
4137 2831
4138 852
4139 1330
4140 432
4141 3060
4142 2872
4143 2219
4144 1943
4145 437
4146 437
4147 437
4148 438
4149 438
4150 438
4151 438
4152 1738
4153 599
4154 547
4155 1560
4156 776
4157 441
4158 441
4159 2404
4160 441
4161 2447
4162 527
4163 441
4164 1989
4165 2383
4166 1099
4167 2101
4168 3102
4169 1701
4170 2424
4171 441
4172 2035
4173 1445
4174 590
4175 441
4176 3091
4177 893
4178 441
4179 441
4180 485
4181 2208
4182 1290
4183 475
4184 1527
4185 792
4186 441
4187 441
4188 1148
4189 2214
4190 2567
4191 614
4192 644
4193 1766
4194 441
4195 1289
4196 2509
4197 441
4198 441
4199 1995
4200 2108
4201 3230
4202 2163
4203 453
4204 2942
4205 581
4206 1350
4207 444
4208 1122
4209 445
4210 1503
4211 448
4212 1607
4213 627
4214 450
4215 557
4216 769
4217 782
4218 2376
4219 455
4220 2118
4221 2295
4222 1195
4223 515
4224 456
4225 1004
4226 456
4227 1835
4228 477
4229 731
4230 2974
4231 456
4232 500
4233 456
4234 604
4235 456
4236 539
4237 456
4238 845
4239 720
4240 809
4241 2794
4242 1144
4243 1067
4244 463
4245 1108
4246 1778
4247 2499
4248 757
4249 856
4250 469
4251 2169
4252 737
4253 469
4254 1481
4255 1933
4256 1326
4257 827
4258 1904
4259 2333
4260 474
4261 1599
4262 1425
4263 921
4264 477
4265 477
4266 3086
4267 1797
4268 3062
4269 1609
4270 968
4271 480
4272 2154
4273 1206
4274 2252
4275 481
4276 2522
4277 2482
4278 485
4279 485
4280 790
4281 1376
4282 1962
4283 489
4284 490
4285 2089
4286 543
4287 490
4288 2465
4289 697
4290 629
4291 1053
4292 2168
4293 490
4294 490
4295 2592
4296 717
4297 2194
4298 2209
4299 490
4300 1317
4301 1760
4302 2850
4303 616
4304 2622
4305 491
4306 491
4307 918
4308 2166
4309 492
4310 492
4311 1243
4312 497
4313 497
4314 2636
4315 3278
4316 1452
4317 1528
4318 777
4319 626
4320 503
4321 2460
4322 503
4323 1370
4324 503
4325 503
4326 919
4327 1893
4328 2325
4329 1288
4330 1793
4331 676
4332 503
4333 2109
4334 3127
4335 600
4336 846
4337 1957
4338 1174
4339 1733
4340 508
4341 508
4342 1455
4343 510
4344 510
4345 510
4346 2138
4347 546
4348 3250
4349 513
4350 519
4351 1587
4352 521
4353 1919
4354 522
4355 1160
4356 528
4357 883
4358 529
4359 1959
4360 529
4361 530
4362 531
4363 531
4364 531
4365 531
4366 2314
4367 998
4368 2068
4369 3018
4370 531
4371 2358
4372 531
4373 2344
4374 531
4375 531
4376 2549
4377 531
4378 1555
4379 531
4380 3274
4381 531
4382 531
4383 2220
4384 3282
4385 2958
4386 704
4387 2637
4388 3179
4389 537
4390 540
4391 907
4392 542
4393 542
4394 542
4395 1080
4396 542
4397 2463
4398 580
4399 1577
4400 542
4401 2387
4402 1183
4403 548
4404 2589
4405 548
4406 2815
4407 639
4408 556
4409 711
4410 560
4411 772
4412 1072
4413 561
4414 561
4415 562
4416 880
4417 3194
4418 775
4419 568
4420 1880
4421 1907
4422 571
4423 571
4424 572
4425 2047
4426 3079
4427 572
4428 572
4429 2752
4430 1668
4431 574
4432 578
4433 579
4434 1657
4435 584
4436 584
4437 584
4438 1901
4439 1375
4440 585
4441 753
4442 586
4443 1515
4444 586
4445 1861
4446 590
4447 1890
4448 1109
4449 834
4450 3173
4451 934
4452 855
4453 597
4454 601
4455 984
4456 2234
4457 1161
4458 1058
4459 3258
4460 849
4461 603
4462 603
4463 2626
4464 1228
4465 605
4466 605
4467 695
4468 607
4469 1912
4470 1504
4471 2983
4472 612
4473 655
4474 1920
4475 2811
4476 615
4477 2248
4478 694
4479 663
4480 615
4481 615
4482 615
4483 1493
4484 2486
4485 625
4486 627
4487 627
4488 627
4489 2052
4490 627
4491 1736
4492 629
4493 2007
4494 636
4495 630
4496 2542
4497 633
4498 633
4499 633
4500 2152
4501 633
4502 1653
4503 640
4504 636
4505 1967
4506 1232
4507 637
4508 637
4509 2258
4510 1310
4511 638
4512 926
4513 639
4514 1024
4515 640
4516 640
4517 1001
4518 2023
4519 1104
4520 642
4521 1461
4522 1265
4523 2352
4524 1171
4525 739
4526 1284
4527 652
4528 1641
4529 1177
4530 656
4531 2998
4532 656
4533 657
4534 824
4535 658
4536 2244
4537 664
4538 667
4539 1044
4540 1179
4541 667
4542 667
4543 667
4544 1935
4545 1674
4546 669
4547 1899
4548 1224
4549 669
4550 669
4551 1511
4552 1579
4553 670
4554 2852
4555 2022
4556 671
4557 671
4558 671
4559 2537
4560 673
4561 673
4562 2671
4563 913
4564 963
4565 676
4566 678
4567 678
4568 1380
4569 681
4570 971
4571 683
4572 683
4573 688
4574 2638
4575 2955
4576 1323
4577 688
4578 3128
4579 1163
4580 1068
4581 695
4582 2446
4583 1605
4584 695
4585 2548
4586 1664
4587 695
4588 2849
4589 700
4590 1489
4591 702
4592 1030
4593 3067
4594 704
4595 2768
4596 705
4597 705
4598 1245
4599 705
4600 706
4601 708
4602 2203
4603 708
4604 709
4605 712
4606 712
4607 712
4608 2144
4609 1071
4610 714
4611 2657
4612 714
4613 714
4614 1529
4615 2320
4616 720
4617 2302
4618 721
4619 1532
4620 724
4621 724
4622 724
4623 724
4624 1079
4625 1606
4626 1564
4627 828
4628 724
4629 724
4630 759
4631 2771
4632 724
4633 2016
4634 724
4635 2033
4636 2466
4637 1867
4638 724
4639 1056
4640 724
4641 906
4642 2142
4643 888
4644 726
4645 1814
4646 1666
4647 727
4648 728
4649 1658
4650 728
4651 728
4652 728
4653 1585
4654 728
4655 728
4656 2231
4657 732
4658 1211
4659 733
4660 1479
4661 734
4662 1544
4663 734
4664 734
4665 735
4666 735
4667 1431
4668 742
4669 2216
4670 1157
4671 749
4672 1052
4673 749
4674 749
4675 749
4676 752
4677 2391
4678 753
4679 753
4680 754
4681 754
4682 754
4683 3284
4684 754
4685 755
4686 1246
4687 756
4688 798
4689 2356
4690 1008
4691 756
4692 756
4693 756
4694 756
4695 756
4696 756
4697 1152
4698 1133
4699 756
4700 756
4701 757
4702 1786
4703 2283
4704 758
4705 2069
4706 2245
4707 1093
4708 760
4709 1013
4710 1670
4711 795
4712 760
4713 766
4714 970
4715 2239
4716 770
4717 771
4718 771
4719 1860
4720 772
4721 3094
4722 773
4723 773
4724 1222
4725 773
4726 847
4727 2580
4728 775
4729 2912
4730 775
4731 775
4732 2079
4733 1848
4734 775
4735 2624
4736 775
4737 775
4738 903
4739 2027
4740 776
4741 1204
4742 2744
4743 2405
4744 2202
4745 789
4746 1010
4747 2604
4748 792
4749 793
4750 794
4751 943
4752 1412
4753 1948
4754 1474
4755 2892
4756 2839
4757 801
4758 1236
4759 802
4760 802
4761 802
4762 1209
4763 805
4764 805
4765 2723
4766 807
4767 2687
4768 808
4769 809
4770 1089
4771 812
4772 2346
4773 2543
4774 812
4775 812
4776 812
4777 2181
4778 937
4779 1651
4780 818
4781 817
4782 817
4783 900
4784 2919
4785 817
4786 817
4787 817
4788 817
4789 1451
4790 838
4791 1358
4792 1475
4793 817
4794 2182
4795 822
4796 1631
4797 823
4798 823
4799 923
4800 3211
4801 2229
4802 823
4803 1354
4804 2507
4805 1616
4806 824
4807 825
4808 825
4809 2311
4810 2321
4811 1565
4812 828
4813 1808
4814 832
4815 832
4816 832
4817 832
4818 3115
4819 834
4820 835
4821 3285
4822 835
4823 2128
4824 2837
4825 1710
4826 2071
4827 1507
4828 1193
4829 1019
4830 837
4831 1136
4832 837
4833 1448
4834 840
4835 3188
4836 1974
4837 840
4838 840
4839 1029
4840 972
4841 840
4842 1477
4843 955
4844 1646
4845 840
4846 840
4847 2956
4848 1827
4849 1230
4850 840
4851 1627
4852 840
4853 3257
4854 1887
4855 840
4856 1635
4857 2200
4858 840
4859 840
4860 843
4861 2747
4862 2524
4863 1202
4864 845
4865 861
4866 1888
4867 2452
4868 845
4869 845
4870 845
4871 2878
4872 845
4873 1303
4874 965
4875 1097
4876 851
4877 851
4878 2122
4879 1084
4880 860
4881 958
4882 860
4883 1182
4884 860
4885 860
4886 2889
4887 860
4888 860
4889 1998
4890 865
4891 3268
4892 2377
4893 2481
4894 1463
4895 1125
4896 869
4897 2613
4898 869
4899 2042
4900 2148
4901 3137
4902 2409
4903 869
4904 2190
4905 869
4906 2968
4907 869
4908 1683
4909 3255
4910 1755
4911 874
4912 1928
4913 3222
4914 2495
4915 1082
4916 880
4917 1264
4918 1601
4919 2669
4920 880
4921 2843
4922 882
4923 2228
4924 884
4925 886
4926 2750
4927 1170
4928 888
4929 888
4930 930
4931 2237
4932 892
4933 894
4934 895
4935 896
4936 3044
4937 1126
4938 1168
4939 1468
4940 904
4941 904
4942 920
4943 1363
4944 904
4945 2705
4946 3002
4947 2751
4948 2681
4949 911
4950 917
4951 917
4952 1443
4953 917
4954 917
4955 2317
4956 3046
4957 1624
4958 918
4959 918
4960 919
4961 919
4962 919
4963 1768
4964 919
4965 2984
4966 919
4967 2213
4968 1006
4969 2449
4970 1353
4971 2429
4972 2425
4973 1142
4974 1282
4975 988
4976 920
4977 921
4978 923
4979 923
4980 980
4981 1424
4982 2634
4983 1519
4984 926
4985 926
4986 2973
4987 961
4988 926
4989 926
4990 930
4991 2398
4992 1130
4993 932
4994 2032
4995 932
4996 933
4997 1497
4998 2678
4999 3147
5000 933
5001 934
5002 1758
5003 935
5004 938
5005 1092
5006 3106
5007 3032
5008 939
5009 939
5010 939
5011 939
5012 940
5013 2686
5014 1081
5015 942
5016 942
5017 943
5018 2266
5019 1741
5020 943
5021 943
5022 1450
5023 2328
5024 943
5025 943
5026 1055
5027 943
5028 943
5029 943
5030 2896
5031 2934
5032 944
5033 944
5034 2369
5035 2876
5036 944
5037 944
5038 944
5039 2529
5040 944
5041 944
5042 944
5043 944
5044 944
5045 2195
5046 944
5047 945
5048 945
5049 945
5050 2847
5051 949
5052 1501
5053 949
5054 1175
5055 949
5056 3264
5057 3111
5058 2917
5059 950
5060 2583
5061 1329
5062 952
5063 1926
5064 1338
5065 2084
5066 2039
5067 964
5068 964
5069 2279
5070 965
5071 965
5072 2180
5073 1364
5074 1586
5075 1871
5076 1952
5077 972
5078 1427
5079 972
5080 972
5081 2925
5082 978
5083 979
5084 979
5085 2661
5086 2308
5087 1832
5088 1371
5089 979
5090 2709
5091 981
5092 1820
5093 981
5094 2067
5095 982
5096 1471
5097 2605
5098 988
5099 1913
5100 988
5101 988
5102 988
5103 2649
5104 1300
5105 3027
5106 992
5107 1554
5108 992
5109 993
5110 994
5111 994
5112 2081
5113 2776
5114 994
5115 995
5116 999
5117 3090
5118 1121
5119 999
5120 999
5121 999
5122 2439
5123 1523
5124 2271
5125 999
5126 999
5127 999
5128 999
5129 2407
5130 1522
5131 1034
5132 1836
5133 999
5134 2528
5135 2124
5136 2304
5137 999
5138 2432
5139 1996
5140 1753
5141 999
5142 2809
5143 2444
5144 1000
5145 1320
5146 3219
5147 1048
5148 1000
5149 2724
5150 1007
5151 1103
5152 1010
5153 1010
5154 2157
5155 1012
5156 1012
5157 1013
5158 1013
5159 1013
5160 2393
5161 3280
5162 1669
5163 2160
5164 1013
5165 1013
5166 1013
5167 1013
5168 1013
5169 1013
5170 2721
5171 1098
5172 1035
5173 1013
5174 2963
5175 1013
5176 1013
5177 1013
5178 1013
5179 1013
5180 2397
5181 2739
5182 1151
5183 1013
5184 1013
5185 1013
5186 1013
5187 1013
5188 1013
5189 1886
5190 2587
5191 1016
5192 1531
5193 1016
5194 3180
5195 1661
5196 1016
5197 1676
5198 2803
5199 1360
5200 1927
5201 1016
5202 1016
5203 1016
5204 1019
5205 1361
5206 1024
5207 2862
5208 1976
5209 1538
5210 2553
5211 1024
5212 1024
5213 1150
5214 1705
5215 1024
5216 1025
5217 1027
5218 1027
5219 1027
5220 1030
5221 2204
5222 1031
5223 1031
5224 1031
5225 3237
5226 1801
5227 1034
5228 2256
5229 1979
5230 3070
5231 1040
5232 1041
5233 1041
5234 1240
5235 2212
5236 1044
5237 1044
5238 2635
5239 1875
5240 1546
5241 1044
5242 1069
5243 1046
5244 1048
5245 3122
5246 1739
5247 1051
5248 2063
5249 1051
5250 1074
5251 1051
5252 1051
5253 1176
5254 1253
5255 1053
5256 2602
5257 2055
5258 1053
5259 2379
5260 2061
5261 1056
5262 1618
5263 1059
5264 1486
5265 1059
5266 1325
5267 1141
5268 1059
5269 1059
5270 1921
5271 1059
5272 1059
5273 3023
5274 1059
5275 1059
5276 2682
5277 1729
5278 1059
5279 1116
5280 1059
5281 1344
5282 1059
5283 1091
5284 1570
5285 2606
5286 1062
5287 1062
5288 2897
5289 1065
5290 1065
5291 1065
5292 2388
5293 2590
5294 1719
5295 1526
5296 1692
5297 1346
5298 1076
5299 2011
5300 1181
5301 1931
5302 2623
5303 1678
5304 3191
5305 1083
5306 1198
5307 2354
5308 1938
5309 1083
5310 3148
5311 1083
5312 1083
5313 1083
5314 2726
5315 1087
5316 1087
5317 2742
5318 3199
5319 1210
5320 1091
5321 1092
5322 1092
5323 1094
5324 1095
5325 1095
5326 1314
5327 1096
5328 1158
5329 2662
5330 1283
5331 1096
5332 1454
5333 1096
5334 1172
5335 1419
5336 1099
5337 1100
5338 1100
5339 1846
5340 2253
5341 1100
5342 1100
5343 1100
5344 1101
5345 1101
5346 2410
5347 1103
5348 1103
5349 1884
5350 1105
5351 1105
5352 1105
5353 1644
5354 1940
5355 1110
5356 1110
5357 3288
5358 1277
5359 2893
5360 1112
5361 1113
5362 1730
5363 1113
5364 1169
5365 2054
5366 1115
5367 1115
5368 1726
5369 1117
5370 1117
5371 1117
5372 2950
5373 1117
5374 1942
5375 1120
5376 1121
5377 2960
5378 1125
5379 1127
5380 1318
5381 1994
5382 1127
5383 3160
5384 1127
5385 3125
5386 1132
5387 1132
5388 1132
5389 2004
5390 1132
5391 3161
5392 1132
5393 1467
5394 1134
5395 1134
5396 1135
5397 1136
5398 1410
5399 1140
5400 1141
5401 1146
5402 1146
5403 1149
5404 2965
5405 1149
5406 1149
5407 1291
5408 1149
5409 2015
5410 1151
5411 1151
5412 1151
5413 3131
5414 1155
5415 1155
5416 1155
5417 1156
5418 1156
5419 1158
5420 1194
5421 2363
5422 3171
5423 1166
5424 1918
5425 1166
5426 2179
5427 1166
5428 1166
5429 2779
5430 1169
5431 1171
5432 1171
5433 1171
5434 1171
5435 1171
5436 3053
5437 1171
5438 1171
5439 1171
5440 1171
5441 1171
5442 1903
5443 1173
5444 1173
5445 2563
5446 2419
5447 3136
5448 1702
5449 1800
5450 1610
5451 1175
5452 1754
5453 1399
5454 1175
5455 1176
5456 2796
5457 1176
5458 1176
5459 1176
5460 1843
5461 1176
5462 1176
5463 1176
5464 1178
5465 1178
5466 1178
5467 1268
5468 2091
5469 1178
5470 1178
5471 1472
5472 1294
5473 1178
5474 1179
5475 3150
5476 1179
5477 1179
5478 2494
5479 1203
5480 1179
5481 1179
5482 1179
5483 1179
5484 1179
5485 1179
5486 1381
5487 1558
5488 1181
5489 1183
5490 1185
5491 1185
5492 1187
5493 2120
5494 3153
5495 3011
5496 1193
5497 1194
5498 2933
5499 2318
5500 1200
5501 2275
5502 1200
5503 2147
5504 1200
5505 2598
5506 1200
5507 1200
5508 1200
5509 1200
5510 1200
5511 1200
5512 1311
5513 1200
5514 3234
5515 1200
5516 1234
5517 1932
5518 1204
5519 1207
5520 3016
5521 1207
5522 2207
5523 1207
5524 1207
5525 1208
5526 1210
5527 1210
5528 1210
5529 1707
5530 1210
5531 1210
5532 3083
5533 1686
5534 1210
5535 1210
5536 2967
5537 2401
5538 1210
5539 1945
5540 1210
5541 2312
5542 1723
5543 2597
5544 1249
5545 2462
5546 3220
5547 1210
5548 1210
5549 1210
5550 1833
5551 1500
5552 1210
5553 2110
5554 2337
5555 1210
5556 1210
5557 1210
5558 1305
5559 1210
5560 2696
5561 1211
5562 1211
5563 1213
5564 1213
5565 1213
5566 1213
5567 1213
5568 2874
5569 1213
5570 1213
5571 1213
5572 1213
5573 1213
5574 1213
5575 2903
5576 1213
5577 1213
5578 1213
5579 1214
5580 1997
5581 1217
5582 2664
5583 1223
5584 2153
5585 2442
5586 2018
5587 1881
5588 1224
5589 1580
5590 1224
5591 1224
5592 2134
5593 1224
5594 1224
5595 1224
5596 2952
5597 2962
5598 3170
5599 1225
5600 1771
5601 1225
5602 1225
5603 1225
5604 1393
5605 1437
5606 1225
5607 2301
5608 1356
5609 1230
5610 1232
5611 1232
5612 1745
5613 2981
5614 1404
5615 2255
5616 1236
5617 1236
5618 1236
5619 1236
5620 1236
5621 2785
5622 2510
5623 1238
5624 1238
5625 1908
5626 1516
5627 2454
5628 1238
5629 1238
5630 2021
5631 1975
5632 1238
5633 1240
5634 1240
5635 1242
5636 1242
5637 2695
5638 1764
5639 1245
5640 1246
5641 1248
5642 1250
5643 2198
5644 1252
5645 1398
5646 1252
5647 2690
5648 1252
5649 1790
5650 1252
5651 1735
5652 1252
5653 1252
5654 1252
5655 1252
5656 1252
5657 1253
5658 1508
5659 3045
5660 1253
5661 1378
5662 1257
5663 1258
5664 2292
5665 2679
5666 1259
5667 1260
5668 1721
5669 1262
5670 1262
5671 1590
5672 1262
5673 1262
5674 1262
5675 3073
5676 1262
5677 1640
5678 2225
5679 1262
5680 2060
5681 2894
5682 1280
5683 1262
5684 1262
5685 3104
5686 1816
5687 1262
5688 1262
5689 1262
5690 1262
5691 1262
5692 1872
5693 1265
5694 1269
5695 1637
5696 1990
5697 1270
5698 1270
5699 2799
5700 2221
5701 1385
5702 3080
5703 1708
5704 1273
5705 3256
5706 1357
5707 1274
5708 2045
5709 1292
5710 2940
5711 1274
5712 1274
5713 1274
5714 2371
5715 1278
5716 1280
5717 1280
5718 1280
5719 1280
5720 1280
5721 1280
5722 1280
5723 2882
5724 1282
5725 3205
5726 1282
5727 1284
5728 1284
5729 1284
5730 1372
5731 1286
5732 2840
5733 1287
5734 1972
5735 3031
5736 1288
5737 1288
5738 1986
5739 1288
5740 1288
5741 1864
5742 1288
5743 1288
5744 2051
5745 1643
5746 1288
5747 1288
5748 1288
5749 1288
5750 2733
5751 2112
5752 1581
5753 1496
5754 1689
5755 1548
5756 1294
5757 1294
5758 3181
5759 1295
5760 1295
5761 1706
5762 1296
5763 1660
5764 2421
5765 1299
5766 2923
5767 1305
5768 1821
5769 1307
5770 1656
5771 1307
5772 1308
5773 2162
5774 1824
5775 1315
5776 1315
5777 2556
5778 1317
5779 1902
5780 1317
5781 1650
5782 1319
5783 3192
5784 1321
5785 1321
5786 1328
5787 1331
5788 2693
5789 2600
5790 1333
5791 2533
5792 1333
5793 1334
5794 1334
5795 1334
5796 1334
5797 1334
5798 1334
5799 1334
5800 1334
5801 2630
5802 1334
5803 1965
5804 1690
5805 1334
5806 1336
5807 3231
5808 1336
5809 1339
5810 2740
5811 2688
5812 1533
5813 1339
5814 1339
5815 2836
5816 2764
5817 1340
5818 1341
5819 3024
5820 1341
5821 2394
5822 1341
5823 1617
5824 1342
5825 1802
5826 1709
5827 2146
5828 1346
5829 1348
5830 1359
5831 1804
5832 2515
5833 2627
5834 1353
5835 1353
5836 1353
5837 2875
5838 1354
5839 2699
5840 2305
5841 1354
5842 1659
5843 3214
5844 3204
5845 1354
5846 1354
5847 2041
5848 1909
5849 1354
5850 1354
5851 1354
5852 1969
5853 1354
5854 1625
5855 1794
5856 1354
5857 1354
5858 1354
5859 1354
5860 1354
5861 2307
5862 1354
5863 1354
5864 2173
5865 1354
5866 1354
5867 3287
5868 1354
5869 1354
5870 1354
5871 2530
5872 1354
5873 2575
5874 1354
5875 1354
5876 1354
5877 2778
5878 2842
5879 1354
5880 1536
5881 1813
5882 2819
5883 2348
5884 1354
5885 1354
5886 1354
5887 1354
5888 1354
5889 2012
5890 1354
5891 1354
5892 1354
5893 1354
5894 1354
5895 1354
5896 1354
5897 1354
5898 1355
5899 2473
5900 1358
5901 1654
5902 1362
5903 1362
5904 1364
5905 1364
5906 1364
5907 1636
5908 1457
5909 1371
5910 1373
5911 1373
5912 1373
5913 1916
5914 2569
5915 1377
5916 1377
5917 1377
5918 1377
5919 1377
5920 1377
5921 1377
5922 1377
5923 2985
5924 1944
5925 1377
5926 1968
5927 1377
5928 1765
5929 1377
5930 1377
5931 1378
5932 1770
5933 1382
5934 1383
5935 1383
5936 1383
5937 1383
5938 1384
5939 1895
5940 2886
5941 1498
5942 1388
5943 1388
5944 1388
5945 1388
5946 1389
5947 3113
5948 2969
5949 1620
5950 1390
5951 1392
5952 1392
5953 1392
5954 2472
5955 2205
5956 1393
5957 1393
5958 1393
5959 2825
5960 1393
5961 1393
5962 1393
5963 1393
5964 1393
5965 3259
5966 1394
5967 1394
5968 1394
5969 1819
5970 1395
5971 1395
5972 1395
5973 1623
5974 1395
5975 1395
5976 1397
5977 1402
5978 1402
5979 1405
5980 1405
5981 1652
5982 2416
5983 1405
5984 1407
5985 1981
5986 2365
5987 1410
5988 1411
5989 1411
5990 1411
5991 1412
5992 2810
5993 1414
5994 1415
5995 1415
5996 1417
5997 2480
5998 1417
5999 1417
6000 1418
6001 1418
6002 1419
6003 2437
6004 1425
6005 1426
6006 2792
6007 2189
6008 1427
6009 1430
6010 1430
6011 1430
6012 1433
6013 2355
6014 1433
6015 1740
6016 1433
6017 1433
6018 1434
6019 1434
6020 1608
6021 1434
6022 3244
6023 1491
6024 1438
6025 1438
6026 1438
6027 2137
6028 1438
6029 1440
6030 2422
6031 1442
6032 1449
6033 1449
6034 1449
6035 1450
6036 3054
6037 1452
6038 1452
6039 1452
6040 2532
6041 1828
6042 1453
6043 1841
6044 1510
6045 1454
6046 2191
6047 1454
6048 2072
6049 1455
6050 1455
6051 1762
6052 1455
6053 1455
6054 1455
6055 1455
6056 1949
6057 1458
6058 1459
6059 1459
6060 1459
6061 1460
6062 1461
6063 1463
6064 1463
6065 2647
6066 3103
6067 1970
6068 2065
6069 1464
6070 1464
6071 1722
6072 1466
6073 1466
6074 1466
6075 1977
6076 1469
6077 1469
6078 1597
6079 1571
6080 2040
6081 2111
6082 1470
6083 1649
6084 1470
6085 1713
6086 1473
6087 3030
6088 2008
6089 1473
6090 1475
6091 1477
6092 1630
6093 1477
6094 1477
6095 1477
6096 1477
6097 1477
6098 1477
6099 2327
6100 1477
6101 1477
6102 2793
6103 1915
6104 3223
6105 1478
6106 1478
6107 1478
6108 1479
6109 1480
6110 1556
6111 1480
6112 2982
6113 1481
6114 2268
6115 1481
6116 1481
6117 1481
6118 1484
6119 1484
6120 1484
6121 2830
6122 1484
6123 3149
6124 3243
6125 1484
6126 1484
6127 1484
6128 1484
6129 2978
6130 2769
6131 3164
6132 1484
6133 1484
6134 1487
6135 1487
6136 2526
6137 1489
6138 1537
6139 1732
6140 1490
6141 1490
6142 1490
6143 1805
6144 1490
6145 1490
6146 1574
6147 2730
6148 1502
6149 1505
6150 1506
6151 1506
6152 1506
6153 1506
6154 1506
6155 1506
6156 1506
6157 1506
6158 1506
6159 1506
6160 1506
6161 1575
6162 1507
6163 1507
6164 3145
6165 1508
6166 1509
6167 1509
6168 1509
6169 1509
6170 2017
6171 1510
6172 1510
6173 1510
6174 1510
6175 1510
6176 1510
6177 1510
6178 1510
6179 1510
6180 1510
6181 1510
6182 1510
6183 1510
6184 1510
6185 2080
6186 1512
6187 1513
6188 1513
6189 1514
6190 1514
6191 1870
6192 2953
6193 1516
6194 1516
6195 1578
6196 1516
6197 2309
6198 1519
6199 2797
6200 1520
6201 1521
6202 1523
6203 1523
6204 1525
6205 1525
6206 1527
6207 2838
6208 1529
6209 1679
6210 3167
6211 1531
6212 1857
6213 1533
6214 1533
6215 1534
6216 1537
6217 1537
6218 2921
6219 1537
6220 2823
6221 1537
6222 2555
6223 1537
6224 1537
6225 2412
6226 1542
6227 2707
6228 1547
6229 2772
6230 1549
6231 1549
6232 1549
6233 1549
6234 1549
6235 1591
6236 1567
6237 1550
6238 1550
6239 1550
6240 1550
6241 1550
6242 1749
6243 1550
6244 2570
6245 1550
6246 1550
6247 1550
6248 1550
6249 3225
6250 1923
6251 2201
6252 1550
6253 1550
6254 1550
6255 1550
6256 1550
6257 1550
6258 1550
6259 1550
6260 1550
6261 1906
6262 1550
6263 1550
6264 1550
6265 1550
6266 1550
6267 1550
6268 1550
6269 1550
6270 1550
6271 1550
6272 1550
6273 1550
6274 1865
6275 2853
6276 1552
6277 1552
6278 1552
6279 1552
6280 2536
6281 1552
6282 2926
6283 2497
6284 2813
6285 1552
6286 2677
6287 1554
6288 1555
6289 2972
6290 3217
6291 1560
6292 1560
6293 1565
6294 1565
6295 1567
6296 2812
6297 1569
6298 3156
6299 1677
6300 1574
6301 1671
6302 2902
6303 3026
6304 1575
6305 1647
6306 1575
6307 1575
6308 1575
6309 2456
6310 1575
6311 1575
6312 1575
6313 1575
6314 1575
6315 1798
6316 1575
6317 2037
6318 1575
6319 1575
6320 1575
6321 1575
6322 1575
6323 1575
6324 2904
6325 1575
6326 1575
6327 1575
6328 1575
6329 1575
6330 1575
6331 2367
6332 1575
6333 1576
6334 1579
6335 1580
6336 1581
6337 1581
6338 2773
6339 1582
6340 1582
6341 1582
6342 1584
6343 1584
6344 1584
6345 1585
6346 1587
6347 1587
6348 1588
6349 1588
6350 1588
6351 1588
6352 1588
6353 1589
6354 1840
6355 1591
6356 1591
6357 1591
6358 1806
6359 1591
6360 1591
6361 2576
6362 1593
6363 1593
6364 2879
6365 2822
6366 1593
6367 1911
6368 1593
6369 1593
6370 1593
6371 1593
6372 1594
6373 1988
6374 3266
6375 1594
6376 1594
6377 3163
6378 1596
6379 1717
6380 2064
6381 2666
6382 1596
6383 1596
6384 1596
6385 1596
6386 1597
6387 1597
6388 1599
6389 1599
6390 2643
6391 1599
6392 2798
6393 2760
6394 1599
6395 1599
6396 1602
6397 1603
6398 1603
6399 1604
6400 2174
6401 1605
6402 2484
6403 2300
6404 1930
6405 1615
6406 1616
6407 1618
6408 1620
6409 1622
6410 3168
6411 1622
6412 1629
6413 1629
6414 1751
6415 1631
6416 1631
6417 1631
6418 1632
6419 1634
6420 2094
6421 3020
6422 1639
6423 1639
6424 1639
6425 1640
6426 2044
6427 1640
6428 1640
6429 1640
6430 1640
6431 1675
6432 2392
6433 1640
6434 3097
6435 1641
6436 1641
6437 1642
6438 1642
6439 1642
6440 1642
6441 1642
6442 1642
6443 2085
6444 1642
6445 1643
6446 1649
6447 1649
6448 1649
6449 1649
6450 1651
6451 1651
6452 1715
6453 1652
6454 1652
6455 2908
6456 1652
6457 1654
6458 1654
6459 1782
6460 1655
6461 1655
6462 2591
6463 1655
6464 2502
6465 1953
6466 1657
6467 1657
6468 2880
6469 3095
6470 1662
6471 1662
6472 1663
6473 1667
6474 1831
6475 1667
6476 1667
6477 1667
6478 1670
6479 2288
6480 1674
6481 1676
6482 1676
6483 1680
6484 1680
6485 1680
6486 1680
6487 1682
6488 1682
6489 1682
6490 1682
6491 1682
6492 1810
6493 1685
6494 2841
6495 1686
6496 1686
6497 1686
6498 1686
6499 1686
6500 3277
6501 1687
6502 1687
6503 1687
6504 1687
6505 1689
6506 1689
6507 1689
6508 1689
6509 1689
6510 1689
6511 1689
6512 1689
6513 2087
6514 1692
6515 1692
6516 1720
6517 1692
6518 1692
6519 2755
6520 2165
6521 1692
6522 2554
6523 1698
6524 1702
6525 1703
6526 1703
6527 2692
6528 1703
6529 1703
6530 1703
6531 1750
6532 2584
6533 1703
6534 1703
6535 3004
6536 1703
6537 1703
6538 1703
6539 1703
6540 1703
6541 1705
6542 2178
6543 1747
6544 1708
6545 3165
6546 3227
6547 1708
6548 1708
6549 2251
6550 1708
6551 3129
6552 1708
6553 2090
6554 1708
6555 1708
6556 1708
6557 2900
6558 1708
6559 1708
6560 1784
6561 3123
6562 1708
6563 2448
6564 1708
6565 1724
6566 1708
6567 1708
6568 1708
6569 1708
6570 1708
6571 1708
6572 1708
6573 2298
6574 2001
6575 1708
6576 1708
6577 1708
6578 2703
6579 1714
6580 1717
6581 1717
6582 2639
6583 1717
6584 3245
6585 2171
6586 1725
6587 2619
6588 1731
6589 1731
6590 3012
6591 1731
6592 1731
6593 1731
6594 3132
6595 1731
6596 1731
6597 1733
6598 1925
6599 1733
6600 1735
6601 1737
6602 1742
6603 1737
6604 1737
6605 3210
6606 1737
6607 1737
6608 1737
6609 1999
6610 1788
6611 1737
6612 1741
6613 2870
6614 1744
6615 1744
6616 1744
6617 2385
6618 1745
6619 1750
6620 2906
6621 1756
6622 1859
6623 1756
6624 1756
6625 1756
6626 1756
6627 1756
6628 1757
6629 1758
6630 1760
6631 1761
6632 1761
6633 1761
6634 1791
6635 1761
6636 1761
6637 1761
6638 2057
6639 1837
6640 1764
6641 2102
6642 1767
6643 1769
6644 1773
6645 1773
6646 2117
6647 1774
6648 1774
6649 1774
6650 1774
6651 1777
6652 1777
6653 1778
6654 2336
6655 1781
6656 1781
6657 2276
6658 2961
6659 1781
6660 1781
6661 1781
6662 1781
6663 1789
6664 2930
6665 1786
6666 1789
6667 1789
6668 1791
6669 1791
6670 1793
6671 1795
6672 2644
6673 1795
6674 1795
6675 1796
6676 1796
6677 2490
6678 1796
6679 1796
6680 1797
6681 1797
6682 1797
6683 1797
6684 1799
6685 2261
6686 1800
6687 1804
6688 1804
6689 1804
6690 3001
6691 1978
6692 1804
6693 1804
6694 1804
6695 1804
6696 2757
6697 1804
6698 1804
6699 2566
6700 1805
6701 3069
6702 2440
6703 1806
6704 2804
6705 1806
6706 1806
6707 2944
6708 1806
6709 1806
6710 1806
6711 2236
6712 1806
6713 1807
6714 1807
6715 1807
6716 1807
6717 1807
6718 2620
6719 1807
6720 1807
6721 1807
6722 1807
6723 1808
6724 1809
6725 1809
6726 1898
6727 1815
6728 1817
6729 1817
6730 3190
6731 1817
6732 1936
6733 2770
6734 1822
6735 1822
6736 1839
6737 1822
6738 2520
6739 1822
6740 1823
6741 1825
6742 1825
6743 1826
6744 1827
6745 1827
6746 1827
6747 1827
6748 1827
6749 2710
6750 1828
6751 1828
6752 1917
6753 3246
6754 2103
6755 1828
6756 1828
6757 1828
6758 1828
6759 1828
6760 2845
6761 1828
6762 1828
6763 1828
6764 2641
6765 1828
6766 1828
6767 1828
6768 1828
6769 3193
6770 3177
6771 1828
6772 1828
6773 2868
6774 1828
6775 1828
6776 1828
6777 2296
6778 2330
6779 1828
6780 1900
6781 2920
6782 1828
6783 1828
6784 1828
6785 1828
6786 1828
6787 2077
6788 1828
6789 2995
6790 1828
6791 1828
6792 1828
6793 1828
6794 1828
6795 1828
6796 1828
6797 1858
6798 1828
6799 1828
6800 1828
6801 1828
6802 1828
6803 1828
6804 1828
6805 1829
6806 1829
6807 2345
6808 3124
6809 1831
6810 1831
6811 1832
6812 1832
6813 1832
6814 1832
6815 1832
6816 1832
6817 1832
6818 1832
6819 1832
6820 1832
6821 1877
6822 1832
6823 1832
6824 1832
6825 1832
6826 1832
6827 1832
6828 1832
6829 1832
6830 1832
6831 1832
6832 1832
6833 3007
6834 2873
6835 1832
6836 1832
6837 1832
6838 1832
6839 1832
6840 2315
6841 1832
6842 2431
6843 2939
6844 2009
6845 1832
6846 1832
6847 1832
6848 1832
6849 1832
6850 1832
6851 2351
6852 1832
6853 1832
6854 1832
6855 1832
6856 2019
6857 1832
6858 1832
6859 1832
6860 2558
6861 1832
6862 2299
6863 3014
6864 1950
6865 1838
6866 1838
6867 2727
6868 1838
6869 2323
6870 3183
6871 1846
6872 1846
6873 1847
6874 1847
6875 1847
6876 1847
6877 1847
6878 1847
6879 1847
6880 1847
6881 1847
6882 1847
6883 1847
6884 1847
6885 1847
6886 1847
6887 2979
6888 2738
6889 1847
6890 1847
6891 1847
6892 1848
6893 1848
6894 2343
6895 1851
6896 2829
6897 1894
6898 1851
6899 3092
6900 1851
6901 1852
6902 1852
6903 3119
6904 1853
6905 2685
6906 1855
6907 1855
6908 2259
6909 2316
6910 1855
6911 1855
6912 1855
6913 1855
6914 2999
6915 1860
6916 1861
6917 2714
6918 1864
6919 2790
6920 2629
6921 1865
6922 1866
6923 2915
6924 1871
6925 1871
6926 2631
6927 1871
6928 2088
6929 1871
6930 3159
6931 1871
6932 1871
6933 1871
6934 1872
6935 2508
6936 1875
6937 2028
6938 1875
6939 1875
6940 2158
6941 3206
6942 1875
6943 3064
6944 1876
6945 1876
6946 1876
6947 1876
6948 1876
6949 1876
6950 1876
6951 2049
6952 1876
6953 1876
6954 1876
6955 1876
6956 1879
6957 1880
6958 1881
6959 1883
6960 1883
6961 1883
6962 1883
6963 1883
6964 1883
6965 1887
6966 1888
6967 1888
6968 1888
6969 1888
6970 1888
6971 1890
6972 1893
6973 1895
6974 1895
6975 2278
6976 1898
6977 1899
6978 1899
6979 1901
6980 2550
6981 1903
6982 1905
6983 1905
6984 1905
6985 1905
6986 1905
6987 1905
6988 2871
6989 1905
6990 1905
6991 1905
6992 1905
6993 1905
6994 1905
6995 1905
6996 1905
6997 2656
6998 1905
6999 1905
7000 1905
7001 1905
7002 2113
7003 1905
7004 1905
7005 1905
7006 2977
7007 1905
7008 1905
7009 1905
7010 1905
7011 3141
7012 1905
7013 2929
7014 1909
7015 2187
7016 1910
7017 1910
7018 1911
7019 1911
7020 1911
7021 1911
7022 1916
7023 2674
7024 1916
7025 1916
7026 2382
7027 1916
7028 2455
7029 1916
7030 2464
7031 1917
7032 1917
7033 2827
7034 1922
7035 1923
7036 1923
7037 1923
7038 1923
7039 1923
7040 1923
7041 1923
7042 1923
7043 1923
7044 1923
7045 1926
7046 1926
7047 2046
7048 1927
7049 1927
7050 1929
7051 1929
7052 1930
7053 3013
7054 3058
7055 1932
7056 1932
7057 3248
7058 3162
7059 1932
7060 3201
7061 1932
7062 1933
7063 1933
7064 1934
7065 1936
7066 1936
7067 3109
7068 1942
7069 1942
7070 1943
7071 1943
7072 1943
7073 1944
7074 1944
7075 1944
7076 1944
7077 1944
7078 2243
7079 2562
7080 1944
7081 1944
7082 2729
7083 1944
7084 1944
7085 1944
7086 1944
7087 2534
7088 1944
7089 1945
7090 1945
7091 2370
7092 1948
7093 2564
7094 1948
7095 1948
7096 2050
7097 1954
7098 1954
7099 2362
7100 1954
7101 1954
7102 1955
7103 1955
7104 1955
7105 1955
7106 1956
7107 1962
7108 1963
7109 1968
7110 1968
7111 1968
7112 1970
7113 1970
7114 3226
7115 2092
7116 3081
7117 1970
7118 1970
7119 3066
7120 1974
7121 1974
7122 1974
7123 1974
7124 1974
7125 1974
7126 1974
7127 1974
7128 1974
7129 1974
7130 1974
7131 1974
7132 1974
7133 1974
7134 1974
7135 2010
7136 1974
7137 1974
7138 1974
7139 2748
7140 1974
7141 1974
7142 1974
7143 1974
7144 1974
7145 1974
7146 2246
7147 1975
7148 1976
7149 1982
7150 1982
7151 1982
7152 1983
7153 3108
7154 1984
7155 1985
7156 1985
7157 1986
7158 1986
7159 1986
7160 1986
7161 1986
7162 1986
7163 1987
7164 1987
7165 1987
7166 1989
7167 1989
7168 1992
7169 1992
7170 1993
7171 1994
7172 1994
7173 1994
7174 1994
7175 2762
7176 1994
7177 1994
7178 1994
7179 1994
7180 2381
7181 1994
7182 1994
7183 1994
7184 1994
7185 1994
7186 1994
7187 2000
7188 1994
7189 1994
7190 1994
7191 1994
7192 1996
7193 1996
7194 3022
7195 2048
7196 2034
7197 2001
7198 2003
7199 3270
7200 3275
7201 2004
7202 2004
7203 2005
7204 2005
7205 2009
7206 2582
7207 2609
7208 2461
7209 2011
7210 2483
7211 2012
7212 2648
7213 2015
7214 2263
7215 2945
7216 2016
7217 2927
7218 2016
7219 2020
7220 2022
7221 2022
7222 2043
7223 2028
7224 2846
7225 2366
7226 2029
7227 2035
7228 2035
7229 2265
7230 2036
7231 2036
7232 2423
7233 2037
7234 3203
7235 2038
7236 2746
7237 2043
7238 2326
7239 2046
7240 2136
7241 2046
7242 2865
7243 2046
7244 2046
7245 2047
7246 2254
7247 2048
7248 2373
7249 2052
7250 2053
7251 3036
7252 2053
7253 2053
7254 2808
7255 2054
7256 3144
7257 2056
7258 2056
7259 2056
7260 2056
7261 2056
7262 2059
7263 2059
7264 2059
7265 2375
7266 2060
7267 2060
7268 2060
7269 2060
7270 2060
7271 2988
7272 2062
7273 2062
7274 2491
7275 2640
7276 2064
7277 2064
7278 2064
7279 2064
7280 2064
7281 2064
7282 2065
7283 2270
7284 2188
7285 2071
7286 2072
7287 2828
7288 2073
7289 2074
7290 2074
7291 2074
7292 2074
7293 2074
7294 2075
7295 2075
7296 2075
7297 2607
7298 2324
7299 2076
7300 2079
7301 2964
7302 2084
7303 2084
7304 2084
7305 2084
7306 2084
7307 2084
7308 2084
7309 2084
7310 2698
7311 2084
7312 2085
7313 2551
7314 2085
7315 2085
7316 2085
7317 2085
7318 2085
7319 2085
7320 2085
7321 2085
7322 3175
7323 2085
7324 2833
7325 2085
7326 2085
7327 2654
7328 2085
7329 2085
7330 2085
7331 2085
7332 2085
7333 3157
7334 2087
7335 2756
7336 2090
7337 2091
7338 2091
7339 2095
7340 2095
7341 2095
7342 2684
7343 2096
7344 2099
7345 2103
7346 2106
7347 2106
7348 2106
7349 2107
7350 2107
7351 2616
7352 2368
7353 3052
7354 2110
7355 2110
7356 2110
7357 2176
7358 2110
7359 3176
7360 3117
7361 2110
7362 2111
7363 2112
7364 2113
7365 2113
7366 2113
7367 2113
7368 2113
7369 2113
7370 2113
7371 2114
7372 2175
7373 2115
7374 2763
7375 2117
7376 2120
7377 3221
7378 2120
7379 3118
7380 2121
7381 2122
7382 2715
7383 2415
7384 2122
7385 2123
7386 2124
7387 2914
7388 2126
7389 2951
7390 2128
7391 2135
7392 2136
7393 3228
7394 2136
7395 2645
7396 2136
7397 2136
7398 2136
7399 3038
7400 2136
7401 2136
7402 2136
7403 2136
7404 2136
7405 2136
7406 2290
7407 2136
7408 2136
7409 2411
7410 2909
7411 2136
7412 2136
7413 2136
7414 2136
7415 2136
7416 2136
7417 2136
7418 2136
7419 2136
7420 2139
7421 2136
7422 2406
7423 2136
7424 2136
7425 2615
7426 2518
7427 2136
7428 2653
7429 2136
7430 2136
7431 3208
7432 2347
7433 2910
7434 2137
7435 2139
7436 2139
7437 2139
7438 2441
7439 2145
7440 2859
7441 2426
7442 2150
7443 3184
7444 2151
7445 2151
7446 2735
7447 2151
7448 2151
7449 2151
7450 2151
7451 2151
7452 2151
7453 2151
7454 2430
7455 2151
7456 2151
7457 2151
7458 2151
7459 2151
7460 2151
7461 2152
7462 2918
7463 2154
7464 3146
7465 2154
7466 2154
7467 2154
7468 2154
7469 2154
7470 3286
7471 2155
7472 2718
7473 2155
7474 2599
7475 2158
7476 2158
7477 2158
7478 2158
7479 2158
7480 3006
7481 2161
7482 2161
7483 2161
7484 2161
7485 2161
7486 2161
7487 2161
7488 2161
7489 2161
7490 2161
7491 2161
7492 2161
7493 2161
7494 2161
7495 2161
7496 2161
7497 2161
7498 2161
7499 2161
7500 2161
7501 2161
7502 2161
7503 2775
7504 2162
7505 2162
7506 2165
7507 2165
7508 2165
7509 2165
7510 2165
7511 2168
7512 3005
7513 2250
7514 2759
7515 2171
7516 2171
7517 2171
7518 2574
7519 2171
7520 2171
7521 2173
7522 2173
7523 2176
7524 2176
7525 2178
7526 2178
7527 2180
7528 2183
7529 2436
7530 2185
7531 2185
7532 2185
7533 2185
7534 3074
7535 2185
7536 2185
7537 2185
7538 2928
7539 2814
7540 2185
7541 2185
7542 2185
7543 3068
7544 3087
7545 2560
7546 2185
7547 2185
7548 2185
7549 2185
7550 2185
7551 2185
7552 2185
7553 3140
7554 2185
7555 2185
7556 2185
7557 2187
7558 3198
7559 2188
7560 2188
7561 3114
7562 2188
7563 2188
7564 2188
7565 3263
7566 2188
7567 2188
7568 2194
7569 3035
7570 2196
7571 2197
7572 2468
7573 2200
7574 2200
7575 2201
7576 2201
7577 2201
7578 2201
7579 2201
7580 2201
7581 2201
7582 2201
7583 2201
7584 2201
7585 2523
7586 2474
7587 3076
7588 2201
7589 2201
7590 2201
7591 2201
7592 2540
7593 3215
7594 2201
7595 2201
7596 2201
7597 2716
7598 2201
7599 2201
7600 2201
7601 2202
7602 2788
7603 2203
7604 3065
7605 2203
7606 2204
7607 2206
7608 2608
7609 2207
7610 2207
7611 2207
7612 2207
7613 2207
7614 2208
7615 2208
7616 2208
7617 2209
7618 2860
7619 3269
7620 2214
7621 2214
7622 2214
7623 2214
7624 2214
7625 2214
7626 2216
7627 2218
7628 2218
7629 2218
7630 2218
7631 2218
7632 2851
7633 2218
7634 2218
7635 2734
7636 2218
7637 2218
7638 2218
7639 2218
7640 2218
7641 2218
7642 2218
7643 2218
7644 2218
7645 2218
7646 2617
7647 2220
7648 2220
7649 2220
7650 2220
7651 2220
7652 2221
7653 3075
7654 2226
7655 2787
7656 3034
7657 2227
7658 2227
7659 2227
7660 2227
7661 2227
7662 2227
7663 2227
7664 2227
7665 2227
7666 2227
7667 2227
7668 2227
7669 2227
7670 2966
7671 2936
7672 2227
7673 2227
7674 2227
7675 2227
7676 2227
7677 2227
7678 2227
7679 2227
7680 2227
7681 2227
7682 2227
7683 2227
7684 2737
7685 2227
7686 2227
7687 2227
7688 2227
7689 2227
7690 2227
7691 2227
7692 2545
7693 2954
7694 2227
7695 3120
7696 2227
7697 2227
7698 2227
7699 2227
7700 2227
7701 2547
7702 2227
7703 2227
7704 2227
7705 2227
7706 2227
7707 2877
7708 3126
7709 2227
7710 2991
7711 2227
7712 2227
7713 2227
7714 2233
7715 2233
7716 2233
7717 2233
7718 2233
7719 2233
7720 3251
7721 2233
7722 2233
7723 2233
7724 2233
7725 2233
7726 2233
7727 2236
7728 2237
7729 2237
7730 2241
7731 2335
7732 2242
7733 2242
7734 2242
7735 2242
7736 2245
7737 3050
7738 2245
7739 2331
7740 2246
7741 2246
7742 2246
7743 2248
7744 2248
7745 2248
7746 2249
7747 2612
7748 2249
7749 2249
7750 2249
7751 2249
7752 2249
7753 2269
7754 2971
7755 2249
7756 2249
7757 2249
7758 2249
7759 2340
7760 2249
7761 2249
7762 3138
7763 2249
7764 2249
7765 2689
7766 2249
7767 2249
7768 2249
7769 2249
7770 2249
7771 2249
7772 2249
7773 2249
7774 2249
7775 2249
7776 2249
7777 2249
7778 2249
7779 2249
7780 2249
7781 2249
7782 2249
7783 2249
7784 2249
7785 2249
7786 2249
7787 2249
7788 2249
7789 2249
7790 2249
7791 2249
7792 2249
7793 2249
7794 2249
7795 2250
7796 2250
7797 2250
7798 2477
7799 2252
7800 2252
7801 2254
7802 2254
7803 2835
7804 2254
7805 2254
7806 2254
7807 2254
7808 2722
7809 2254
7810 2254
7811 2254
7812 2254
7813 3063
7814 2254
7815 2254
7816 2254
7817 2719
7818 2254
7819 2297
7820 3151
7821 2258
7822 2261
7823 2702
7824 2261
7825 3154
7826 2261
7827 2261
7828 2261
7829 2261
7830 2261
7831 2402
7832 2261
7833 2261
7834 2571
7835 2261
7836 2261
7837 2261
7838 2261
7839 2261
7840 2261
7841 3130
7842 2261
7843 2262
7844 2262
7845 2817
7846 2263
7847 2263
7848 2263
7849 2263
7850 2269
7851 2272
7852 2272
7853 3084
7854 2272
7855 2272
7856 2272
7857 2272
7858 2272
7859 3276
7860 2279
7861 2279
7862 2279
7863 2279
7864 2279
7865 2282
7866 2282
7867 2546
7868 2285
7869 2285
7870 2288
7871 2288
7872 2288
7873 2784
7874 2288
7875 2288
7876 2288
7877 2288
7878 2288
7879 2289
7880 2289
7881 2290
7882 2290
7883 2290
7884 2290
7885 2290
7886 2650
7887 2525
7888 2294
7889 2295
7890 2386
7891 2299
7892 2299
7893 2299
7894 2786
7895 2299
7896 2299
7897 2299
7898 2299
7899 2332
7900 2300
7901 2302
7902 2303
7903 2303
7904 2888
7905 2304
7906 2305
7907 2305
7908 2305
7909 2305
7910 2305
7911 2305
7912 2305
7913 2305
7914 2305
7915 2305
7916 2306
7917 3110
7918 2659
7919 2313
7920 2959
7921 2314
7922 2378
7923 2316
7924 2568
7925 2317
7926 2318
7927 2320
7928 2320
7929 2320
7930 2321
7931 2321
7932 2321
7933 2321
7934 2321
7935 2321
7936 2321
7937 2321
7938 2321
7939 2922
7940 2321
7941 2321
7942 2321
7943 2329
7944 2321
7945 2321
7946 2321
7947 2321
7948 2321
7949 2321
7950 2321
7951 2321
7952 2321
7953 2321
7954 2321
7955 2321
7956 2321
7957 2321
7958 2321
7959 2321
7960 2321
7961 2321
7962 2321
7963 2321
7964 2488
7965 2321
7966 2321
7967 2791
7968 2321
7969 2321
7970 2321
7971 3232
7972 2321
7973 2321
7974 2321
7975 2321
7976 2492
7977 2986
7978 2321
7979 2321
7980 2321
7981 2321
7982 2321
7983 2321
7984 2321
7985 2321
7986 2816
7987 2321
7988 2324
7989 2761
7990 2325
7991 2326
7992 2326
7993 2326
7994 2326
7995 2326
7996 2326
7997 2326
7998 2326
7999 2326
8000 2327
8001 2327
8002 2327
8003 2327
8004 2364
8005 2327
8006 2328
8007 2329
8008 2329
8009 2330
8010 2330
8011 2331
8012 2334
8013 2334
8014 2334
8015 2334
8016 2334
8017 2334
8018 2501
8019 2335
8020 3139
8021 2766
8022 2338
8023 2512
8024 2594
8025 2342
8026 2348
8027 2349
8028 3158
8029 2354
8030 2356
8031 2356
8032 2356
8033 2357
8034 2357
8035 2357
8036 2357
8037 2357
8038 2357
8039 2357
8040 3169
8041 2357
8042 2357
8043 2357
8044 3260
8045 2357
8046 2898
8047 2357
8048 2357
8049 2357
8050 2357
8051 2357
8052 2357
8053 2357
8054 2357
8055 2357
8056 2357
8057 2357
8058 2357
8059 2357
8060 2357
8061 2552
8062 2586
8063 2357
8064 2357
8065 2357
8066 2357
8067 2357
8068 2357
8069 2357
8070 2357
8071 2395
8072 2720
8073 2358
8074 2358
8075 2358
8076 2361
8077 2361
8078 2361
8079 2361
8080 2361
8081 2361
8082 2361
8083 2361
8084 2361
8085 2517
8086 2362
8087 2363
8088 2364
8089 2861
8090 2366
8091 2367
8092 2367
8093 2367
8094 2367
8095 2367
8096 2916
8097 2367
8098 2367
8099 2993
8100 2367
8101 2367
8102 3272
8103 2367
8104 2367
8105 2367
8106 2367
8107 2367
8108 2367
8109 2367
8110 2367
8111 2367
8112 2367
8113 2579
8114 2367
8115 2367
8116 2367
8117 2367
8118 2367
8119 2367
8120 2367
8121 2367
8122 2367
8123 2367
8124 2367
8125 2367
8126 2413
8127 2789
8128 2367
8129 2367
8130 2367
8131 2367
8132 2367
8133 2367
8134 2369
8135 2369
8136 2369
8137 2369
8138 2369
8139 2369
8140 2369
8141 2372
8142 2373
8143 2373
8144 2427
8145 2373
8146 2596
8147 2373
8148 2373
8149 2373
8150 2820
8151 2997
8152 2380
8153 3271
8154 2380
8155 2380
8156 2381
8157 2675
8158 2381
8159 2381
8160 2381
8161 2381
8162 2381
8163 2381
8164 2381
8165 2381
8166 2381
8167 2381
8168 2381
8169 2381
8170 2381
8171 2381
8172 2381
8173 2381
8174 2753
8175 2385
8176 2385
8177 2386
8178 2388
8179 2388
8180 2976
8181 2388
8182 2388
8183 3155
8184 2389
8185 2395
8186 2396
8187 2397
8188 2397
8189 2399
8190 3281
8191 2408
8192 2408
8193 2410
8194 2410
8195 2411
8196 2411
8197 2412
8198 2412
8199 2413
8200 2413
8201 2413
8202 2413
8203 2413
8204 2413
8205 2413
8206 2413
8207 2937
8208 2413
8209 2415
8210 3207
8211 2416
8212 2416
8213 2975
8214 2417
8215 2419
8216 2419
8217 2419
8218 2419
8219 2419
8220 2419
8221 2500
8222 2425
8223 2426
8224 2428
8225 2426
8226 2855
8227 2426
8228 3213
8229 2430
8230 2430
8231 2432
8232 2435
8233 2435
8234 2435
8235 2667
8236 2435
8237 2435
8238 2514
8239 2437
8240 2437
8241 2437
8242 2437
8243 2493
8244 2711
8245 2439
8246 2439
8247 2443
8248 2444
8249 2446
8250 2449
8251 3265
8252 2457
8253 2457
8254 2458
8255 2458
8256 2460
8257 2460
8258 2460
8259 3042
8260 2462
8261 2462
8262 2462
8263 2462
8264 2462
8265 2462
8266 2462
8267 2462
8268 2464
8269 2464
8270 2464
8271 2466
8272 2470
8273 3077
8274 2474
8275 2474
8276 2474
8277 2474
8278 2476
8279 2480
8280 2480
8281 2480
8282 2481
8283 2481
8284 2481
8285 2481
8286 2481
8287 2481
8288 2484
8289 3059
8290 2484
8291 2484
8292 2484
8293 2484
8294 2484
8295 2484
8296 2484
8297 2484
8298 2484
8299 2484
8300 2484
8301 2485
8302 2486
8303 2488
8304 2488
8305 2488
8306 2490
8307 2490
8308 2806
8309 2492
8310 2493
8311 2493
8312 2493
8313 2493
8314 2493
8315 2493
8316 2493
8317 2493
8318 2494
8319 2741
8320 2494
8321 2494
8322 2494
8323 2494
8324 3003
8325 2496
8326 2496
8327 2497
8328 2498
8329 2498
8330 2503
8331 2504
8332 2506
8333 2506
8334 2506
8335 2506
8336 2683
8337 2506
8338 2506
8339 2506
8340 2506
8341 2506
8342 3290
8343 2507
8344 2510
8345 2527
8346 2511
8347 2511
8348 2511
8349 3048
8350 2512
8351 2512
8352 2512
8353 2512
8354 2512
8355 2512
8356 2512
8357 2512
8358 2514
8359 2515
8360 2518
8361 2518
8362 2522
8363 2523
8364 2523
8365 2523
8366 2523
8367 2523
8368 2523
8369 3051
8370 2523
8371 2523
8372 2523
8373 2767
8374 2523
8375 2524
8376 2527
8377 2527
8378 2672
8379 2528
8380 2528
8381 2529
8382 2529
8383 2529
8384 2533
8385 2533
8386 2533
8387 2535
8388 2535
8389 2535
8390 2535
8391 2536
8392 2536
8393 2536
8394 2536
8395 2536
8396 2538
8397 2538
8398 2538
8399 2541
8400 2541
8401 2542
8402 3235
8403 2542
8404 2542
8405 2542
8406 2542
8407 2774
8408 2548
8409 2548
8410 2548
8411 2551
8412 3152
8413 2553
8414 2553
8415 2553
8416 2553
8417 2725
8418 2554
8419 2948
8420 2554
8421 2691
8422 2554
8423 2554
8424 2554
8425 2554
8426 2562
8427 2562
8428 2565
8429 2625
8430 2569
8431 2569
8432 2570
8433 2901
8434 3039
8435 2571
8436 2571
8437 2572
8438 2573
8439 2575
8440 2576
8441 2576
8442 2581
8443 2581
8444 2581
8445 2581
8446 2581
8447 2581
8448 2582
8449 2844
8450 2583
8451 2583
8452 2583
8453 2583
8454 2583
8455 3017
8456 2583
8457 2583
8458 2585
8459 2585
8460 2585
8461 2585
8462 2589
8463 2589
8464 2824
8465 2592
8466 2595
8467 2598
8468 2663
8469 2598
8470 2599
8471 2599
8472 2600
8473 2600
8474 2600
8475 2600
8476 2706
8477 2600
8478 2600
8479 2600
8480 2660
8481 2601
8482 2602
8483 2604
8484 2605
8485 2605
8486 2713
8487 2608
8488 2608
8489 2608
8490 2818
8491 2609
8492 2867
8493 2612
8494 2612
8495 2615
8496 2616
8497 2618
8498 2618
8499 2618
8500 2618
8501 2618
8502 2618
8503 2618
8504 2618
8505 2623
8506 2623
8507 2655
8508 2625
8509 2631
8510 2632
8511 2632
8512 2633
8513 2634
8514 3289
8515 2634
8516 2634
8517 2636
8518 2637
8519 2638
8520 2989
8521 2645
8522 2645
8523 2645
8524 2646
8525 2646
8526 2646
8527 2647
8528 2647
8529 2647
8530 2647
8531 2647
8532 2647
8533 2647
8534 2647
8535 2647
8536 3143
8537 2647
8538 3236
8539 2807
8540 2647
8541 2647
8542 2647
8543 2647
8544 2647
8545 2647
8546 2647
8547 2943
8548 2647
8549 2648
8550 2648
8551 2648
8552 2648
8553 2650
8554 2650
8555 2650
8556 2654
8557 2655
8558 2655
8559 2655
8560 2795
8561 2655
8562 2657
8563 2657
8564 2657
8565 2658
8566 2658
8567 2658
8568 2661
8569 2661
8570 2777
8571 2662
8572 2662
8573 2662
8574 3218
8575 2663
8576 2864
8577 2666
8578 2666
8579 2666
8580 2666
8581 2667
8582 2668
8583 2668
8584 2970
8585 2672
8586 2672
8587 2672
8588 2672
8589 2672
8590 2672
8591 2677
8592 2677
8593 2677
8594 2678
8595 2679
8596 2679
8597 2679
8598 2679
8599 2802
8600 2679
8601 2679
8602 2682
8603 2684
8604 2684
8605 2688
8606 2688
8607 2688
8608 2688
8609 2691
8610 2691
8611 2691
8612 2708
8613 3166
8614 2697
8615 2697
8616 2697
8617 2697
8618 2697
8619 2697
8620 2765
8621 2697
8622 2698
8623 2698
8624 2698
8625 2698
8626 2699
8627 2699
8628 2699
8629 2703
8630 2703
8631 2709
8632 2709
8633 2709
8634 2709
8635 2709
8636 2709
8637 2709
8638 2709
8639 2709
8640 2709
8641 2709
8642 2709
8643 2709
8644 2709
8645 2709
8646 2885
8647 2709
8648 2709
8649 2710
8650 2710
8651 2714
8652 2715
8653 2717
8654 2717
8655 2717
8656 2717
8657 2717
8658 2717
8659 2717
8660 2717
8661 2717
8662 2717
8663 2719
8664 2719
8665 2719
8666 2719
8667 3240
8668 2721
8669 2721
8670 3200
8671 2721
8672 2721
8673 2721
8674 2721
8675 2721
8676 2724
8677 2980
8678 2727
8679 2727
8680 2727
8681 2727
8682 2758
8683 2727
8684 2727
8685 2727
8686 2729
8687 2730
8688 2730
8689 2730
8690 2734
8691 3224
8692 2735
8693 2735
8694 2736
8695 2736
8696 2737
8697 2737
8698 2737
8699 2737
8700 2737
8701 2738
8702 2738
8703 2738
8704 2739
8705 2742
8706 2742
8707 2743
8708 2750
8709 2755
8710 2755
8711 2755
8712 2755
8713 2758
8714 2758
8715 2759
8716 2760
8717 2760
8718 2957
8719 2760
8720 2760
8721 2760
8722 2826
8723 2907
8724 2760
8725 2760
8726 3021
8727 2760
8728 2760
8729 2760
8730 2764
8731 2764
8732 2764
8733 2764
8734 2766
8735 2767
8736 2767
8737 2768
8738 2768
8739 2768
8740 2768
8741 2768
8742 2771
8743 2774
8744 2774
8745 2774
8746 2774
8747 3209
8748 2776
8749 2776
8750 2777
8751 2777
8752 2777
8753 2777
8754 2780
8755 2781
8756 2781
8757 2781
8758 2781
8759 2781
8760 2781
8761 2781
8762 2783
8763 2783
8764 2783
8765 3098
8766 2783
8767 2786
8768 2786
8769 2787
8770 2787
8771 2789
8772 2789
8773 2789
8774 2789
8775 2789
8776 2789
8777 2789
8778 2789
8779 2793
8780 2794
8781 2794
8782 2796
8783 2797
8784 2797
8785 2797
8786 2797
8787 2797
8788 2798
8789 2800
8790 2800
8791 2801
8792 2804
8793 2804
8794 2804
8795 3252
8796 2804
8797 2806
8798 2807
8799 2807
8800 2809
8801 2809
8802 2809
8803 2810
8804 2811
8805 2811
8806 2811
8807 2811
8808 2811
8809 2811
8810 2811
8811 2811
8812 2812
8813 2812
8814 2812
8815 2812
8816 2812
8817 2813
8818 2813
8819 2815
8820 2815
8821 2816
8822 2816
8823 2816
8824 2816
8825 2820
8826 2820
8827 2820
8828 2822
8829 2823
8830 2824
8831 2824
8832 2824
8833 2824
8834 2824
8835 2824
8836 2827
8837 2827
8838 2828
8839 2831
8840 3037
8841 2831
8842 2832
8843 2832
8844 2832
8845 2990
8846 2832
8847 2832
8848 2832
8849 2832
8850 2832
8851 2833
8852 2833
8853 2833
8854 2833
8855 2833
8856 2833
8857 2833
8858 2833
8859 2833
8860 2834
8861 2836
8862 2899
8863 2836
8864 2836
8865 2836
8866 2836
8867 2836
8868 2836
8869 3116
8870 2836
8871 3134
8872 2836
8873 2836
8874 2836
8875 2836
8876 2836
8877 2890
8878 2840
8879 2841
8880 2842
8881 2858
8882 2845
8883 2845
8884 2845
8885 2845
8886 3099
8887 2845
8888 2845
8889 2845
8890 2847
8891 2849
8892 2849
8893 2850
8894 2850
8895 2863
8896 2850
8897 2850
8898 2850
8899 2850
8900 2850
8901 2850
8902 2851
8903 2852
8904 2852
8905 2852
8906 2853
8907 2853
8908 2853
8909 2853
8910 3196
8911 2853
8912 2853
8913 2853
8914 2866
8915 2855
8916 2855
8917 2855
8918 2855
8919 2858
8920 2860
8921 2860
8922 2860
8923 2860
8924 2861
8925 2861
8926 2861
8927 2861
8928 2862
8929 2863
8930 2863
8931 2863
8932 2863
8933 2863
8934 3133
8935 2863
8936 2863
8937 2863
8938 2863
8939 2863
8940 2863
8941 2863
8942 2863
8943 3029
8944 2863
8945 2863
8946 2863
8947 2863
8948 2863
8949 2863
8950 2863
8951 2863
8952 2863
8953 2863
8954 2863
8955 2863
8956 2863
8957 2863
8958 2863
8959 2863
8960 2863
8961 2863
8962 2863
8963 2863
8964 3121
8965 2863
8966 2863
8967 2863
8968 2863
8969 2863
8970 2863
8971 2864
8972 2864
8973 2864
8974 2864
8975 2864
8976 3112
8977 2865
8978 2865
8979 2868
8980 2868
8981 2868
8982 2869
8983 2869
8984 2870
8985 3185
8986 2870
8987 2870
8988 2870
8989 2870
8990 2870
8991 2874
8992 2875
8993 2875
8994 2875
8995 2875
8996 2875
8997 2875
8998 2878
8999 2878
9000 2878
9001 2879
9002 2879
9003 2879
9004 2880
9005 2881
9006 2881
9007 2881
9008 2881
9009 2881
9010 2883
9011 2883
9012 2883
9013 2885
9014 2885
9015 2885
9016 2885
9017 2886
9018 2886
9019 2886
9020 2992
9021 2886
9022 2886
9023 2886
9024 2886
9025 2886
9026 2886
9027 2886
9028 2886
9029 2886
9030 2886
9031 2887
9032 2887
9033 2887
9034 2887
9035 2887
9036 2887
9037 3015
9038 2887
9039 2887
9040 2887
9041 2889
9042 2890
9043 2890
9044 2891
9045 2891
9046 2891
9047 2891
9048 2891
9049 2891
9050 2996
9051 2891
9052 2891
9053 2891
9054 2891
9055 2891
9056 2891
9057 2891
9058 2891
9059 2891
9060 2891
9061 2891
9062 2891
9063 2891
9064 2891
9065 2891
9066 2896
9067 3254
9068 2896
9069 2896
9070 2896
9071 2898
9072 2900
9073 2900
9074 2901
9075 2901
9076 2901
9077 2902
9078 3071
9079 2906
9080 2906
9081 2906
9082 2907
9083 2907
9084 2913
9085 2913
9086 2915
9087 2915
9088 2915
9089 2916
9090 2919
9091 2921
9092 2921
9093 2921
9094 2921
9095 3096
9096 2921
9097 2921
9098 2923
9099 2923
9100 2923
9101 2923
9102 2923
9103 2925
9104 2925
9105 2925
9106 2926
9107 2927
9108 2927
9109 2927
9110 2927
9111 2928
9112 2929
9113 2933
9114 2941
9115 2935
9116 2935
9117 2936
9118 2939
9119 2939
9120 2943
9121 2946
9122 3019
9123 2946
9124 2947
9125 2947
9126 2948
9127 2948
9128 2948
9129 2948
9130 2948
9131 2949
9132 2952
9133 2952
9134 2956
9135 2956
9136 2957
9137 2960
9138 2960
9139 2960
9140 2960
9141 2960
9142 2960
9143 2960
9144 2960
9145 2960
9146 2960
9147 2960
9148 2960
9149 2960
9150 2960
9151 2964
9152 2964
9153 2964
9154 2968
9155 2968
9156 2968
9157 2969
9158 2969
9159 2972
9160 2974
9161 2976
9162 2976
9163 3049
9164 2979
9165 2979
9166 2983
9167 2985
9168 2985
9169 2986
9170 2986
9171 2987
9172 2988
9173 2988
9174 2989
9175 2989
9176 2989
9177 2989
9178 2989
9179 2990
9180 2991
9181 2991
9182 3085
9183 2991
9184 2991
9185 2991
9186 2991
9187 2992
9188 2992
9189 2992
9190 2992
9191 2994
9192 2994
9193 2998
9194 2998
9195 2998
9196 3267
9197 3000
9198 3002
9199 3003
9200 3004
9201 3004
9202 3004
9203 3006
9204 3008
9205 3010
9206 3010
9207 3010
9208 3010
9209 3014
9210 3014
9211 3014
9212 3015
9213 3017
9214 3017
9215 3017
9216 3017
9217 3017
9218 3017
9219 3017
9220 3262
9221 3020
9222 3020
9223 3020
9224 3020
9225 3020
9226 3020
9227 3020
9228 3025
9229 3025
9230 3025
9231 3025
9232 3025
9233 3025
9234 3025
9235 3025
9236 3025
9237 3027
9238 3027
9239 3029
9240 3032
9241 3033
9242 3033
9243 3033
9244 3033
9245 3033
9246 3033
9247 3033
9248 3033
9249 3033
9250 3033
9251 3033
9252 3033
9253 3033
9254 3034
9255 3035
9256 3035
9257 3035
9258 3035
9259 3036
9260 3037
9261 3040
9262 3040
9263 3042
9264 3045
9265 3045
9266 3046
9267 3047
9268 3048
9269 3048
9270 3048
9271 3048
9272 3048
9273 3048
9274 3048
9275 3048
9276 3048
9277 3048
9278 3048
9279 3048
9280 3048
9281 3048
9282 3048
9283 3048
9284 3048
9285 3048
9286 3053
9287 3053
9288 3054
9289 3059
9290 3061
9291 3063
9292 3063
9293 3229
9294 3063
9295 3063
9296 3063
9297 3063
9298 3063
9299 3064
9300 3066
9301 3066
9302 3066
9303 3068
9304 3068
9305 3068
9306 3074
9307 3074
9308 3075
9309 3076
9310 3076
9311 3078
9312 3078
9313 3079
9314 3081
9315 3093
9316 3083
9317 3084
9318 3086
9319 3086
9320 3087
9321 3090
9322 3090
9323 3090
9324 3091
9325 3091
9326 3092
9327 3092
9328 3092
9329 3092
9330 3092
9331 3092
9332 3092
9333 3093
9334 3093
9335 3095
9336 3099
9337 3099
9338 3101
9339 3101
9340 3101
9341 3101
9342 3101
9343 3101
9344 3101
9345 3102
9346 3102
9347 3102
9348 3102
9349 3102
9350 3104
9351 3107
9352 3108
9353 3108
9354 3108
9355 3109
9356 3109
9357 3109
9358 3110
9359 3113
9360 3115
9361 3115
9362 3115
9363 3120
9364 3120
9365 3122
9366 3122
9367 3122
9368 3122
9369 3122
9370 3122
9371 3122
9372 3122
9373 3122
9374 3126
9375 3126
9376 3127
9377 3127
9378 3129
9379 3130
9380 3130
9381 3130
9382 3131
9383 3135
9384 3135
9385 3135
9386 3138
9387 3142
9388 3144
9389 3145
9390 3145
9391 3145
9392 3145
9393 3145
9394 3145
9395 3145
9396 3145
9397 3146
9398 3146
9399 3146
9400 3146
9401 3146
9402 3146
9403 3146
9404 3146
9405 3146
9406 3146
9407 3146
9408 3146
9409 3146
9410 3146
9411 3146
9412 3146
9413 3146
9414 3146
9415 3146
9416 3146
9417 3146
9418 3146
9419 3146
9420 3149
9421 3150
9422 3151
9423 3151
9424 3151
9425 3151
9426 3151
9427 3151
9428 3151
9429 3152
9430 3152
9431 3152
9432 3152
9433 3153
9434 3154
9435 3154
9436 3154
9437 3154
9438 3157
9439 3212
9440 3157
9441 3157
9442 3158
9443 3158
9444 3158
9445 3158
9446 3158
9447 3158
9448 3158
9449 3158
9450 3158
9451 3158
9452 3158
9453 3158
9454 3158
9455 3158
9456 3158
9457 3158
9458 3158
9459 3158
9460 3158
9461 3158
9462 3158
9463 3158
9464 3158
9465 3158
9466 3158
9467 3158
9468 3158
9469 3158
9470 3158
9471 3158
9472 3273
9473 3158
9474 3158
9475 3158
9476 3158
9477 3158
9478 3158
9479 3158
9480 3158
9481 3158
9482 3158
9483 3158
9484 3158
9485 3158
9486 3158
9487 3158
9488 3158
9489 3158
9490 3158
9491 3158
9492 3158
9493 3158
9494 3158
9495 3158
9496 3158
9497 3158
9498 3158
9499 3158
9500 3160
9501 3160
9502 3160
9503 3160
9504 3165
9505 3165
9506 3165
9507 3165
9508 3165
9509 3165
9510 3165
9511 3165
9512 3165
9513 3165
9514 3165
9515 3165
9516 3165
9517 3165
9518 3165
9519 3165
9520 3165
9521 3165
9522 3171
9523 3171
9524 3171
9525 3171
9526 3171
9527 3171
9528 3171
9529 3171
9530 3171
9531 3171
9532 3171
9533 3171
9534 3171
9535 3171
9536 3171
9537 3171
9538 3171
9539 3171
9540 3171
9541 3171
9542 3171
9543 3171
9544 3172
9545 3172
9546 3174
9547 3293
9548 3174
9549 3176
9550 3181
9551 3181
9552 3181
9553 3181
9554 3181
9555 3181
9556 3181
9557 3181
9558 3181
9559 3183
9560 3183
9561 3183
9562 3183
9563 3183
9564 3184
9565 3185
9566 3185
9567 3185
9568 3185
9569 3186
9570 3186
9571 3187
9572 3188
9573 3188
9574 3188
9575 3188
9576 3188
9577 3188
9578 3188
9579 3189
9580 3189
9581 3192
9582 3192
9583 3192
9584 3195
9585 3195
9586 3195
9587 3195
9588 3195
9589 3195
9590 3195
9591 3195
9592 3195
9593 3195
9594 3195
9595 3195
9596 3195
9597 3195
9598 3195
9599 3195
9600 3195
9601 3198
9602 3198
9603 3198
9604 3198
9605 3198
9606 3198
9607 3198
9608 3198
9609 3198
9610 3198
9611 3198
9612 3198
9613 3198
9614 3198
9615 3198
9616 3198
9617 3198
9618 3198
9619 3198
9620 3198
9621 3201
9622 3201
9623 3201
9624 3201
9625 3201
9626 3201
9627 3201
9628 3201
9629 3203
9630 3204
9631 3204
9632 3204
9633 3204
9634 3204
9635 3204
9636 3204
9637 3204
9638 3204
9639 3204
9640 3204
9641 3208
9642 3208
9643 3210
9644 3210
9645 3210
9646 3213
9647 3213
9648 3213
9649 3213
9650 3213
9651 3216
9652 3218
9653 3218
9654 3218
9655 3218
9656 3218
9657 3218
9658 3218
9659 3218
9660 3218
9661 3218
9662 3218
9663 3218
9664 3218
9665 3218
9666 3218
9667 3218
9668 3218
9669 3218
9670 3218
9671 3218
9672 3218
9673 3218
9674 3218
9675 3218
9676 3218
9677 3218
9678 3218
9679 3218
9680 3218
9681 3218
9682 3218
9683 3218
9684 3218
9685 3218
9686 3218
9687 3218
9688 3218
9689 3218
9690 3218
9691 3218
9692 3218
9693 3218
9694 3218
9695 3218
9696 3218
9697 3218
9698 3218
9699 3218
9700 3218
9701 3218
9702 3218
9703 3218
9704 3218
9705 3218
9706 3218
9707 3218
9708 3218
9709 3218
9710 3279
9711 3218
9712 3218
9713 3218
9714 3218
9715 3218
9716 3218
9717 3218
9718 3218
9719 3218
9720 3218
9721 3218
9722 3218
9723 3218
9724 3218
9725 3218
9726 3218
9727 3218
9728 3218
9729 3218
9730 3218
9731 3218
9732 3218
9733 3218
9734 3218
9735 3218
9736 3218
9737 3218
9738 3218
9739 3218
9740 3218
9741 3218
9742 3218
9743 3218
9744 3218
9745 3218
9746 3218
9747 3218
9748 3218
9749 3218
9750 3218
9751 3218
9752 3218
9753 3218
9754 3218
9755 3218
9756 3218
9757 3218
9758 3218
9759 3218
9760 3218
9761 3218
9762 3218
9763 3218
9764 3218
9765 3218
9766 3218
9767 3218
9768 3218
9769 3218
9770 3218
9771 3218
9772 3218
9773 3218
9774 3218
9775 3218
9776 3218
9777 3218
9778 3218
9779 3218
9780 3218
9781 3218
9782 3218
9783 3218
9784 3218
9785 3218
9786 3218
9787 3218
9788 3218
9789 3218
9790 3218
9791 3218
9792 3218
9793 3218
9794 3218
9795 3218
9796 3218
9797 3218
9798 3218
9799 3218
9800 3218
9801 3218
9802 3218
9803 3218
9804 3218
9805 3218
9806 3218
9807 3218
9808 3218
9809 3218
9810 3218
9811 3218
9812 3218
9813 3218
9814 3283
9815 3218
9816 3218
9817 3218
9818 3218
9819 3218
9820 3219
9821 3220
9822 3220
9823 3220
9824 3223
9825 3223
9826 3223
9827 3223
9828 3223
9829 3223
9830 3223
9831 3223
9832 3223
9833 3223
9834 3223
9835 3223
9836 3223
9837 3223
9838 3223
9839 3223
9840 3223
9841 3223
9842 3223
9843 3223
9844 3223
9845 3223
9846 3223
9847 3223
9848 3241
9849 3226
9850 3227
9851 3227
9852 3227
9853 3227
9854 3227
9855 3227
9856 3227
9857 3227
9858 3227
9859 3227
9860 3227
9861 3227
9862 3227
9863 3227
9864 3227
9865 3227
9866 3227
9867 3227
9868 3227
9869 3229
9870 3229
9871 3230
9872 3230
9873 3230
9874 3230
9875 3230
9876 3232
9877 3232
9878 3232
9879 3232
9880 3232
9881 3232
9882 3232
9883 3232
9884 3232
9885 3232
9886 3232
9887 3232
9888 3232
9889 3232
9890 3232
9891 3232
9892 3232
9893 3232
9894 3232
9895 3232
9896 3232
9897 3232
9898 3232
9899 3232
9900 3233
9901 3232
9902 3236
9903 3236
9904 3236
9905 3237
9906 3237
9907 3238
9908 3243
9909 3243
9910 3243
9911 3244
9912 3244
9913 3244
9914 3247
9915 3247
9916 3247
9917 3249
9918 3254
9919 3254
9920 3254
9921 3255
9922 3255
9923 3255
9924 3255
9925 3255
9926 3255
9927 3255
9928 3255
9929 3255
9930 3256
9931 3256
9932 3256
9933 3256
9934 3256
9935 3256
9936 3256
9937 3256
9938 3256
9939 3256
9940 3256
9941 3257
9942 3260
9943 3260
9944 3260
9945 3260
9946 3262
9947 3262
9948 3262
9949 3263
9950 3263
9951 3263
9952 3265
9953 3267
9954 3268
9955 3271
9956 3271
9957 3273
9958 3273
9959 3273
9960 3273
9961 3276
9962 3276
9963 3277
9964 3277
9965 3277
9966 3277
9967 3277
9968 3277
9969 3277
9970 3282
9971 3283
9972 3283
9973 3283
9974 3283
9975 3284
9976 3284
9977 3286
9978 3287
9979 3287
9980 3287
9981 3287
9982 3287
9983 3288
9984 3288
9985 3288
9986 3288
9987 3288
9988 3288
9989 3288
9990 3288
9991 3289
9992 3289
9993 3292
9994 3292
9995 3292
9996 3292
9997 3292
9998 3292
9999 3292
