10000 9999
1 0
2 0
3 1
4 2
5 4
6 2
7 6
8 6
9 6
10 9
11 9
12 6
13 3
14 9
15 7
16 11
17 12
18 3
19 9
20 8
21 3
22 21
23 14
24 9
25 2
26 9
27 24
28 27
29 16
30 23
31 19
32 22
33 14
34 28
35 21
36 6
37 35
38 11
39 35
40 6
41 9
42 24
43 18
44 33
45 43
46 44
47 28
48 30
49 31
50 27
51 33
52 31
53 9
54 32
55 53
56 45
57 53
58 53
59 53
60 40
61 60
62 48
63 19
64 21
65 21
66 63
67 62
68 53
69 49
70 54
71 56
72 32
73 53
74 64
75 41
76 21
77 64
78 57
79 71
80 49
81 19
82 64
83 68
84 38
85 84
86 60
87 81
88 64
89 22
90 49
91 62
92 49
93 53
94 53
95 64
96 42
97 44
98 71
99 39
100 6
101 75
102 61
103 88
104 53
105 19
106 41
107 28
108 78
109 84
110 44
111 65
112 69
113 91
114 64
115 43
116 73
117 20
118 13
119 38
120 86
121 104
122 47
123 45
124 112
125 102
126 113
127 105
128 119
129 127
130 57
131 52
132 113
133 87
134 107
135 9
136 125
137 84
138 131
139 77
140 105
141 88
142 137
143 64
144 51
145 28
146 113
147 119
148 136
149 82
150 102
151 100
152 110
153 49
154 153
155 113
156 93
157 28
158 119
159 85
160 76
161 138
162 131
163 148
164 93
165 38
166 140
167 97
168 53
169 89
170 156
171 84
172 147
173 36
174 123
175 95
176 29
177 87
178 158
179 133
180 87
181 113
182 102
183 144
184 68
185 152
186 64
187 148
188 9
189 164
190 180
191 110
192 108
193 188
194 134
195 165
196 182
197 133
198 131
199 135
200 99
201 95
202 64
203 191
204 84
205 167
206 84
207 203
208 153
209 156
210 90
211 133
212 113
213 126
214 163
215 47
216 187
217 167
218 196
219 30
220 168
221 64
222 160
223 140
224 177
225 210
226 127
227 220
228 145
229 166
230 176
231 46
232 139
233 137
234 199
235 220
236 53
237 92
238 169
239 22
240 129
241 172
242 70
243 55
244 114
245 143
246 119
247 131
248 242
249 228
250 219
251 159
252 231
253 80
254 232
255 156
256 154
257 9
258 162
259 53
260 37
261 215
262 162
263 59
264 227
265 201
266 263
267 164
268 234
269 117
270 117
271 137
272 162
273 233
274 120
275 189
276 153
277 231
278 246
279 180
280 113
281 85
282 212
283 84
284 264
285 184
286 275
287 222
288 68
289 177
290 229
291 229
292 289
293 271
294 106
295 82
296 142
297 17
298 153
299 276
300 114
301 119
302 41
303 282
304 186
305 218
306 296
307 296
308 94
309 281
310 261
311 178
312 119
313 228
314 276
315 179
316 34
317 298
318 210
319 82
320 276
321 207
322 231
323 274
324 111
325 319
326 121
327 156
328 323
329 177
330 113
331 250
332 95
333 83
334 132
335 269
336 243
337 298
338 323
339 131
340 167
341 293
342 341
343 240
344 111
345 161
346 313
347 113
348 167
349 160
350 282
351 209
352 183
353 156
354 132
355 162
356 73
357 343
358 177
359 323
360 349
361 323
362 233
363 87
364 349
365 284
366 113
367 342
368 103
369 128
370 347
371 43
372 358
373 225
374 79
375 212
376 126
377 5
378 275
379 276
380 149
381 66
382 179
383 364
384 370
385 331
386 366
387 220
388 208
389 323
390 323
391 132
392 276
393 76
394 345
395 364
396 378
397 321
398 323
399 300
400 362
401 200
402 228
403 388
404 299
405 205
406 328
407 62
408 351
409 296
410 378
411 388
412 301
413 180
414 396
415 349
416 219
417 211
418 71
419 201
420 9
421 311
422 221
423 363
424 115
425 224
426 102
427 276
428 38
429 244
430 276
431 430
432 154
433 312
434 313
435 185
436 258
437 323
438 393
439 270
440 11
441 338
442 203
443 23
444 345
445 391
446 297
447 374
448 197
449 266
450 91
451 234
452 327
453 288
454 349
455 330
456 349
457 405
458 268
459 381
460 311
461 341
462 150
463 210
464 388
465 189
466 378
467 445
468 192
469 193
470 469
471 235
472 93
473 460
474 472
475 429
476 200
477 278
478 162
479 385
480 86
481 380
482 311
483 375
484 89
485 326
486 461
487 361
488 262
489 79
490 275
491 428
492 26
493 425
494 384
495 351
496 138
497 85
498 147
499 459
500 485
501 351
502 122
503 346
504 306
505 262
506 386
507 446
508 410
509 448
510 423
511 423
512 228
513 386
514 315
515 238
516 74
517 418
518 347
519 388
520 375
521 323
522 470
523 323
524 407
525 198
526 323
527 473
528 251
529 231
530 385
531 354
532 60
533 485
534 370
535 474
536 378
537 281
538 476
539 481
540 462
541 491
542 219
543 351
544 282
545 480
546 80
547 96
548 542
549 356
550 378
551 375
552 399
553 536
554 106
555 412
556 318
557 121
558 127
559 474
560 312
561 289
562 395
563 168
564 438
565 247
566 551
567 414
568 443
569 364
570 349
571 170
572 364
573 257
574 228
575 180
576 131
577 398
578 456
579 138
580 132
581 404
582 230
583 339
584 190
585 539
586 310
587 153
588 113
589 366
590 465
591 201
592 502
593 361
594 469
595 483
596 276
597 206
598 105
599 10
600 44
601 332
602 323
603 472
604 235
605 553
606 84
607 329
608 312
609 445
610 478
611 106
612 430
613 539
614 180
615 214
616 259
617 319
618 447
619 584
620 216
621 460
622 601
623 311
624 590
625 590
626 605
627 577
628 253
629 618
630 374
631 409
632 180
633 207
634 229
635 351
636 625
637 627
638 605
639 538
640 587
641 630
642 571
643 536
644 170
645 340
646 257
647 366
648 630
649 621
650 512
651 422
652 127
653 342
654 73
655 438
656 349
657 337
658 332
659 492
660 630
661 426
662 161
663 364
664 287
665 432
666 417
667 550
668 407
669 405
670 275
671 534
672 6
673 592
674 415
675 25
676 543
677 426
678 475
679 622
680 347
681 302
682 14
683 682
684 570
685 323
686 510
687 525
688 305
689 564
690 347
691 536
692 680
693 153
694 219
695 486
696 181
697 590
698 567
699 562
700 547
701 349
702 334
703 554
704 569
705 590
706 300
707 472
708 135
709 378
710 414
711 328
712 697
713 336
714 634
715 692
716 539
717 598
718 358
719 282
720 634
721 407
722 686
723 480
724 680
725 323
726 68
727 154
728 216
729 427
730 480
731 370
732 516
733 521
734 276
735 347
736 480
737 349
738 602
739 354
740 310
741 403
742 517
743 515
744 716
745 394
746 437
747 422
748 503
749 471
750 294
751 536
752 276
753 378
754 446
755 754
756 204
757 407
758 719
759 246
760 630
761 458
762 351
763 162
764 484
765 537
766 716
767 694
768 375
769 536
770 349
771 440
772 638
773 144
774 9
775 649
776 508
777 410
778 189
779 495
780 337
781 648
782 555
783 458
784 731
785 748
786 385
787 478
788 766
789 98
790 171
791 539
792 156
793 27
794 446
795 293
796 543
797 737
798 495
799 692
800 262
801 573
802 50
803 370
804 470
805 57
806 662
807 797
808 556
809 578
810 565
811 277
812 797
813 332
814 672
815 275
816 218
817 590
818 630
819 750
820 696
821 462
822 787
823 818
824 797
825 750
826 337
827 357
828 370
829 454
830 475
831 282
832 665
833 694
834 292
835 607
836 273
837 219
838 592
839 485
840 730
841 499
842 370
843 467
844 47
845 342
846 680
847 375
848 758
849 573
850 84
851 339
852 680
853 281
854 614
855 632
856 842
857 281
858 839
859 431
860 568
861 643
862 687
863 695
864 667
865 644
866 565
867 370
868 590
869 770
870 694
871 770
872 309
873 842
874 600
875 867
876 423
877 626
878 542
879 821
880 378
881 694
882 879
883 867
884 316
885 282
886 49
887 630
888 808
889 525
890 268
891 890
892 181
893 251
894 308
895 407
896 730
897 476
898 194
899 833
900 475
901 275
902 38
903 499
904 86
905 534
906 407
907 480
908 370
909 630
910 371
911 133
912 791
913 821
914 180
915 398
916 657
917 738
918 730
919 867
920 323
921 606
922 848
923 162
924 611
925 841
926 28
927 276
928 917
929 785
930 526
931 373
932 771
933 926
934 439
935 647
936 881
937 657
938 367
939 180
940 253
941 657
942 596
943 867
944 882
945 421
946 671
947 800
948 351
949 564
950 756
951 413
952 723
953 680
954 853
955 245
956 663
957 623
958 919
959 319
960 958
961 853
962 716
963 236
964 724
965 323
966 341
967 847
968 630
969 202
970 867
971 969
972 536
973 674
974 694
975 786
976 581
977 867
978 797
979 479
980 881
981 536
982 736
983 573
984 536
985 170
986 917
987 558
988 639
989 797
990 736
991 370
992 612
993 625
994 421
995 271
996 525
997 686
998 543
999 573
1000 714
1001 821
1002 964
1003 626
1004 832
1005 364
1006 917
1007 736
1008 627
1009 917
1010 725
1011 761
1012 701
1013 555
1014 630
1015 452
1016 518
1017 724
1018 996
1019 978
1020 999
1021 983
1022 590
1023 416
1024 157
1025 832
1026 765
1027 947
1028 383
1029 505
1030 525
1031 634
1032 583
1033 744
1034 427
1035 820
1036 401
1037 761
1038 275
1039 797
1040 254
1041 253
1042 844
1043 879
1044 1025
1045 716
1046 797
1047 514
1048 917
1049 797
1050 1006
1051 705
1052 917
1053 535
1054 1023
1055 889
1056 867
1057 846
1058 780
1059 60
1060 867
1061 156
1062 881
1063 1019
1064 890
1065 1061
1066 1029
1067 226
1068 555
1069 983
1070 322
1071 894
1072 976
1073 740
1074 632
1075 1069
1076 737
1077 288
1078 867
1079 575
1080 249
1081 806
1082 496
1083 630
1084 109
1085 340
1086 469
1087 867
1088 694
1089 170
1090 867
1091 797
1092 797
1093 332
1094 539
1095 1026
1096 552
1097 393
1098 1011
1099 1053
1100 616
1101 856
1102 924
1103 599
1104 621
1105 814
1106 536
1107 804
1108 756
1109 1107
1110 705
1111 654
1112 1100
1113 1077
1114 121
1115 349
1116 1076
1117 905
1118 927
1119 1029
1120 194
1121 650
1122 770
1123 992
1124 867
1125 1034
1126 802
1127 1086
1128 536
1129 571
1130 1033
1131 1031
1132 868
1133 501
1134 832
1135 1033
1136 1126
1137 370
1138 1067
1139 223
1140 926
1141 1002
1142 630
1143 736
1144 867
1145 728
1146 750
1147 423
1148 848
1149 592
1150 376
1151 702
1152 447
1153 724
1154 823
1155 1050
1156 467
1157 797
1158 761
1159 1023
1160 862
1161 590
1162 539
1163 131
1164 867
1165 1159
1166 801
1167 481
1168 1036
1169 917
1170 1090
1171 797
1172 1158
1173 755
1174 1102
1175 164
1176 693
1177 559
1178 536
1179 1126
1180 737
1181 1010
1182 467
1183 156
1184 1064
1185 578
1186 1086
1187 875
1188 478
1189 867
1190 510
1191 1163
1192 84
1193 917
1194 715
1195 1140
1196 423
1197 550
1198 467
1199 377
1200 1097
1201 315
1202 921
1203 350
1204 440
1205 528
1206 1037
1207 991
1208 726
1209 785
1210 1105
1211 711
1212 908
1213 940
1214 155
1215 198
1216 474
1217 708
1218 1153
1219 1113
1220 806
1221 317
1222 798
1223 1064
1224 478
1225 1212
1226 44
1227 844
1228 867
1229 746
1230 1046
1231 360
1232 366
1233 438
1234 867
1235 965
1236 590
1237 764
1238 1215
1239 662
1240 777
1241 1086
1242 701
1243 1239
1244 53
1245 1045
1246 550
1247 1069
1248 875
1249 413
1250 867
1251 881
1252 314
1253 1239
1254 880
1255 131
1256 785
1257 1239
1258 462
1259 797
1260 832
1261 616
1262 370
1263 948
1264 280
1265 366
1266 137
1267 1239
1268 1266
1269 1154
1270 821
1271 1070
1272 1266
1273 1053
1274 822
1275 1239
1276 825
1277 927
1278 1175
1279 458
1280 364
1281 320
1282 785
1283 737
1284 1112
1285 958
1286 1057
1287 873
1288 467
1289 1124
1290 485
1291 68
1292 53
1293 963
1294 1266
1295 867
1296 893
1297 1086
1298 821
1299 1126
1300 462
1301 1239
1302 295
1303 958
1304 1239
1305 1112
1306 1134
1307 1115
1308 933
1309 1112
1310 752
1311 365
1312 1239
1313 863
1314 1239
1315 945
1316 1239
1317 1217
1318 1304
1319 797
1320 1105
1321 1244
1322 962
1323 908
1324 592
1325 1244
1326 1064
1327 881
1328 1205
1329 953
1330 1143
1331 1179
1332 1227
1333 119
1334 1240
1335 1112
1336 343
1337 1191
1338 617
1339 1239
1340 1257
1341 952
1342 1239
1343 312
1344 446
1345 948
1346 1081
1347 478
1348 1054
1349 964
1350 1302
1351 765
1352 1287
1353 275
1354 587
1355 650
1356 1193
1357 509
1358 732
1359 375
1360 1239
1361 971
1362 1239
1363 817
1364 1095
1365 1220
1366 992
1367 640
1368 917
1369 1163
1370 359
1371 1051
1372 519
1373 1188
1374 464
1375 1076
1376 694
1377 1284
1378 1239
1379 692
1380 1273
1381 1353
1382 1047
1383 349
1384 84
1385 1320
1386 1309
1387 1239
1388 53
1389 756
1390 546
1391 516
1392 435
1393 1239
1394 867
1395 1377
1396 630
1397 797
1398 821
1399 1031
1400 750
1401 531
1402 1057
1403 906
1404 351
1405 1072
1406 1053
1407 1053
1408 1380
1409 1239
1410 1284
1411 1371
1412 519
1413 1127
1414 1182
1415 867
1416 986
1417 1266
1418 1215
1419 937
1420 1144
1421 821
1422 333
1423 1104
1424 1107
1425 564
1426 867
1427 803
1428 867
1429 1266
1430 998
1431 1187
1432 1239
1433 1355
1434 1326
1435 1047
1436 657
1437 988
1438 439
1439 1302
1440 874
1441 867
1442 620
1443 555
1444 1311
1445 1239
1446 1244
1447 145
1448 604
1449 182
1450 1234
1451 570
1452 1073
1453 1239
1454 1086
1455 797
1456 931
1457 967
1458 1316
1459 737
1460 835
1461 824
1462 372
1463 1086
1464 630
1465 536
1466 1186
1467 744
1468 635
1469 162
1470 682
1471 1247
1472 553
1473 406
1474 1166
1475 1320
1476 1296
1477 634
1478 1076
1479 507
1480 1448
1481 1350
1482 917
1483 329
1484 1473
1485 539
1486 1204
1487 1030
1488 1340
1489 1100
1490 1190
1491 690
1492 1008
1493 927
1494 559
1495 815
1496 1486
1497 691
1498 1218
1499 1444
1500 1360
1501 939
1502 505
1503 731
1504 1267
1505 1086
1506 634
1507 1465
1508 1062
1509 854
1510 1215
1511 330
1512 457
1513 1239
1514 1263
1515 1239
1516 378
1517 950
1518 306
1519 966
1520 1239
1521 798
1522 844
1523 1311
1524 1434
1525 351
1526 1158
1527 1525
1528 608
1529 215
1530 1126
1531 876
1532 1121
1533 823
1534 1301
1535 929
1536 1191
1537 1250
1538 167
1539 407
1540 693
1541 1247
1542 1493
1543 144
1544 761
1545 1384
1546 607
1547 1463
1548 1239
1549 530
1550 575
1551 268
1552 1482
1553 1371
1554 1486
1555 1121
1556 431
1557 351
1558 1179
1559 1535
1560 183
1561 528
1562 1215
1563 389
1564 1126
1565 883
1566 1408
1567 1552
1568 1239
1569 1098
1570 1013
1571 344
1572 1239
1573 576
1574 1473
1575 1244
1576 529
1577 712
1578 656
1579 513
1580 1564
1581 394
1582 811
1583 1126
1584 1361
1585 859
1586 1239
1587 1239
1588 614
1589 862
1590 268
1591 455
1592 580
1593 1126
1594 1413
1595 1534
1596 1441
1597 867
1598 890
1599 462
1600 737
1601 589
1602 248
1603 1352
1604 1524
1605 1441
1606 1051
1607 228
1608 1455
1609 1170
1610 919
1611 825
1612 1044
1613 1247
1614 974
1615 1215
1616 599
1617 1408
1618 375
1619 1239
1620 1024
1621 1477
1622 1239
1623 1561
1624 539
1625 1195
1626 835
1627 848
1628 1243
1629 1266
1630 1053
1631 1520
1632 1182
1633 1197
1634 750
1635 1239
1636 1527
1637 1220
1638 585
1639 1500
1640 1398
1641 679
1642 1167
1643 890
1644 535
1645 1131
1646 917
1647 1217
1648 1302
1649 1126
1650 1239
1651 1411
1652 472
1653 1029
1654 911
1655 1413
1656 909
1657 1239
1658 457
1659 844
1660 1294
1661 459
1662 911
1663 1463
1664 680
1665 1086
1666 1617
1667 1355
1668 663
1669 1631
1670 750
1671 1395
1672 694
1673 1436
1674 1328
1675 1288
1676 1182
1677 605
1678 1086
1679 1661
1680 1381
1681 200
1682 1528
1683 920
1684 1412
1685 506
1686 1542
1687 902
1688 832
1689 1443
1690 917
1691 180
1692 700
1693 1502
1694 1004
1695 713
1696 1109
1697 904
1698 700
1699 1255
1700 1177
1701 1635
1702 1426
1703 832
1704 1668
1705 760
1706 1656
1707 366
1708 867
1709 1366
1710 1708
1711 1532
1712 1696
1713 1410
1714 1392
1715 639
1716 867
1717 1543
1718 1627
1719 1355
1720 757
1721 1239
1722 650
1723 1470
1724 1540
1725 919
1726 991
1727 1215
1728 339
1729 378
1730 1545
1731 867
1732 622
1733 1696
1734 1577
1735 634
1736 1236
1737 464
1738 1592
1739 1450
1740 1672
1741 9
1742 867
1743 1518
1744 914
1745 1537
1746 1014
1747 798
1748 1158
1749 867
1750 1126
1751 1153
1752 1283
1753 1559
1754 472
1755 680
1756 1277
1757 693
1758 805
1759 1021
1760 1393
1761 1337
1762 808
1763 1268
1764 1526
1765 1412
1766 1406
1767 303
1768 1615
1769 814
1770 1668
1771 948
1772 975
1773 881
1774 536
1775 1240
1776 883
1777 1164
1778 1540
1779 1558
1780 1753
1781 613
1782 1686
1783 1742
1784 457
1785 1239
1786 1526
1787 576
1788 867
1789 1003
1790 1036
1791 1438
1792 1347
1793 1041
1794 739
1795 1033
1796 821
1797 1448
1798 649
1799 1704
1800 276
1801 458
1802 1408
1803 1566
1804 1716
1805 1239
1806 1353
1807 1655
1808 662
1809 1177
1810 1215
1811 1742
1812 527
1813 1566
1814 1155
1815 625
1816 1752
1817 534
1818 797
1819 1117
1820 669
1821 410
1822 1784
1823 1014
1824 657
1825 113
1826 818
1827 1278
1828 1527
1829 1558
1830 1540
1831 134
1832 1547
1833 1190
1834 1407
1835 917
1836 1301
1837 1086
1838 896
1839 1477
1840 1598
1841 1753
1842 1141
1843 1714
1844 1220
1845 737
1846 1184
1847 1808
1848 703
1849 268
1850 1712
1851 444
1852 1019
1853 1414
1854 812
1855 1672
1856 1566
1857 847
1858 948
1859 1211
1860 782
1861 1537
1862 1246
1863 1372
1864 1690
1865 847
1866 385
1867 1216
1868 1086
1869 836
1870 1550
1871 1648
1872 1241
1873 1472
1874 1607
1875 1215
1876 865
1877 1521
1878 1475
1879 1577
1880 1239
1881 1666
1882 1182
1883 985
1884 1313
1885 703
1886 468
1887 497
1888 180
1889 1086
1890 1389
1891 1719
1892 1456
1893 1182
1894 1841
1895 1854
1896 712
1897 1239
1898 1112
1899 1392
1900 427
1901 1612
1902 1808
1903 1239
1904 1459
1905 1182
1906 917
1907 1542
1908 1275
1909 1447
1910 449
1911 1702
1912 711
1913 867
1914 1832
1915 156
1916 1181
1917 1707
1918 1256
1919 908
1920 1766
1921 852
1922 900
1923 1258
1924 474
1925 1861
1926 113
1927 1247
1928 161
1929 1801
1930 1126
1931 1802
1932 1214
1933 1265
1934 1239
1935 1776
1936 867
1937 200
1938 386
1939 1239
1940 1197
1941 1391
1942 1841
1943 1244
1944 960
1945 1045
1946 1605
1947 1352
1948 1861
1949 361
1950 762
1951 1810
1952 296
1953 1808
1954 832
1955 1519
1956 1900
1957 603
1958 1597
1959 1808
1960 990
1961 680
1962 466
1963 892
1964 1340
1965 1600
1966 648
1967 832
1968 738
1969 1069
1970 1239
1971 1161
1972 1284
1973 1614
1974 1083
1975 1458
1976 216
1977 616
1978 1600
1979 480
1980 1823
1981 1886
1982 1239
1983 296
1984 761
1985 1174
1986 1886
1987 1924
1988 1932
1989 990
1990 925
1991 1575
1992 1487
1993 480
1994 1831
1995 1220
1996 1945
1997 1965
1998 1177
1999 1146
2000 1239
2001 568
2002 941
2003 1577
2004 461
2005 1355
2006 1391
2007 1690
2008 1048
2009 1842
2010 947
2011 1912
2012 1884
2013 1910
2014 881
2015 1945
2016 1808
2017 1112
2018 1699
2019 1672
2020 488
2021 1499
2022 1672
2023 206
2024 1562
2025 312
2026 1866
2027 1130
2028 1589
2029 1536
2030 1899
2031 1324
2032 1558
2033 846
2034 1945
2035 284
2036 1698
2037 1980
2038 1477
2039 1549
2040 176
2041 1310
2042 1163
2043 41
2044 378
2045 1239
2046 1239
2047 1773
2048 1532
2049 1277
2050 1271
2051 1808
2052 736
2053 1843
2054 1558
2055 867
2056 1380
2057 2052
2058 1239
2059 1970
2060 478
2061 136
2062 1894
2063 1424
2064 145
2065 1801
2066 1997
2067 892
2068 497
2069 1220
2070 1308
2071 1737
2072 718
2073 1994
2074 1526
2075 794
2076 1378
2077 1932
2078 895
2079 304
2080 1386
2081 2033
2082 1113
2083 1965
2084 1841
2085 1544
2086 1686
2087 1864
2088 1666
2089 1808
2090 1771
2091 732
2092 531
2093 1040
2094 1971
2095 532
2096 1596
2097 323
2098 659
2099 1382
2100 53
2101 1239
2102 2093
2103 594
2104 612
2105 1361
2106 2095
2107 306
2108 1343
2109 2079
2110 1447
2111 1808
2112 2095
2113 1034
2114 539
2115 1689
2116 963
2117 1553
2118 616
2119 1175
2120 2045
2121 489
2122 1799
2123 606
2124 457
2125 1664
2126 1889
2127 1173
2128 917
2129 2121
2130 1715
2131 2066
2132 959
2133 1415
2134 101
2135 2052
2136 555
2137 2107
2138 463
2139 1653
2140 536
2141 1447
2142 2120
2143 1808
2144 2103
2145 705
2146 483
2147 1136
2148 804
2149 1330
2150 1321
2151 1958
2152 1296
2153 1140
2154 539
2155 2131
2156 2068
2157 1961
2158 1038
2159 704
2160 1358
2161 1294
2162 1691
2163 1998
2164 1945
2165 1145
2166 1053
2167 825
2168 867
2169 1794
2170 1639
2171 1343
2172 2121
2173 2023
2174 881
2175 1517
2176 1239
2177 1025
2178 1975
2179 926
2180 1314
2181 2101
2182 1239
2183 1949
2184 1555
2185 1699
2186 1405
2187 2029
2188 1985
2189 853
2190 756
2191 1284
2192 2016
2193 882
2194 1865
2195 1965
2196 838
2197 1524
2198 1367
2199 903
2200 856
2201 1262
2202 610
2203 657
2204 1647
2205 2020
2206 1009
2207 877
2208 1133
2209 1126
2210 441
2211 1222
2212 1805
2213 1558
2214 1239
2215 1239
2216 539
2217 683
2218 1033
2219 1597
2220 919
2221 1542
2222 1200
2223 1596
2224 2123
2225 941
2226 623
2227 1010
2228 1129
2229 1179
2230 2189
2231 1693
2232 2017
2233 2040
2234 1719
2235 991
2236 853
2237 1956
2238 1338
2239 1985
2240 2146
2241 1790
2242 1883
2243 442
2244 1989
2245 1949
2246 189
2247 1467
2248 1086
2249 867
2250 1911
2251 1853
2252 1660
2253 2120
2254 1998
2255 785
2256 1047
2257 1526
2258 2213
2259 1883
2260 1361
2261 1333
2262 1558
2263 867
2264 487
2265 959
2266 1412
2267 1182
2268 1012
2269 2255
2270 386
2271 1966
2272 2131
2273 550
2274 1177
2275 1505
2276 1865
2277 182
2278 1928
2279 2149
2280 1215
2281 1057
2282 1562
2283 438
2284 842
2285 1765
2286 797
2287 1950
2288 1657
2289 33
2290 1952
2291 1182
2292 419
2293 1945
2294 797
2295 349
2296 486
2297 1126
2298 1879
2299 867
2300 1213
2301 2016
2302 1477
2303 880
2304 1019
2305 2131
2306 1053
2307 1097
2308 1854
2309 1558
2310 1190
2311 2170
2312 2230
2313 1808
2314 1239
2315 1191
2316 1215
2317 1566
2318 2131
2319 2205
2320 1069
2321 2142
2322 1599
2323 1624
2324 1340
2325 903
2326 1426
2327 344
2328 373
2329 1529
2330 2042
2331 1067
2332 912
2333 1687
2334 2249
2335 1947
2336 999
2337 261
2338 239
2339 636
2340 913
2341 1239
2342 2009
2343 1965
2344 1284
2345 1840
2346 1389
2347 2141
2348 504
2349 1640
2350 1727
2351 113
2352 1477
2353 549
2354 2310
2355 2202
2356 2114
2357 2197
2358 1287
2359 535
2360 2051
2361 349
2362 1612
2363 2279
2364 1853
2365 549
2366 351
2367 621
2368 1687
2369 1929
2370 1284
2371 2360
2372 1467
2373 845
2374 1535
2375 2149
2376 1802
2377 1791
2378 2016
2379 1616
2380 407
2381 867
2382 2298
2383 1479
2384 1239
2385 2015
2386 2212
2387 2368
2388 554
2389 1782
2390 462
2391 2298
2392 890
2393 22
2394 1064
2395 666
2396 2314
2397 406
2398 1815
2399 523
2400 1772
2401 201
2402 745
2403 1230
2404 1072
2405 1679
2406 377
2407 804
2408 2305
2409 1284
2410 2281
2411 2131
2412 272
2413 2044
2414 884
2415 1373
2416 463
2417 2150
2418 2387
2419 1239
2420 360
2421 469
2422 2095
2423 2131
2424 909
2425 1355
2426 113
2427 1701
2428 204
2429 1348
2430 1713
2431 867
2432 685
2433 917
2434 2131
2435 2192
2436 1239
2437 1239
2438 1407
2439 1432
2440 745
2441 2397
2442 2439
2443 2193
2444 2111
2445 1858
2446 2339
2447 1715
2448 2219
2449 648
2450 2251
2451 1761
2452 2332
2453 935
2454 590
2455 1397
2456 2099
2457 1624
2458 307
2459 2310
2460 1965
2461 2245
2462 2086
2463 1945
2464 2419
2465 2425
2466 2113
2467 2040
2468 560
2469 1944
2470 1247
2471 441
2472 732
2473 917
2474 1532
2475 1409
2476 2239
2477 694
2478 2144
2479 2186
2480 665
2481 1440
2482 1978
2483 2236
2484 1864
2485 2024
2486 1888
2487 2125
2488 2227
2489 1392
2490 1864
2491 2449
2492 2486
2493 275
2494 964
2495 275
2496 1398
2497 1266
2498 1549
2499 2230
2500 241
2501 1965
2502 917
2503 1376
2504 832
2505 1980
2506 1998
2507 1973
2508 1340
2509 1239
2510 2120
2511 1672
2512 1341
2513 2510
2514 2121
2515 246
2516 1321
2517 1404
2518 352
2519 349
2520 2402
2521 1867
2522 1883
2523 2455
2524 893
2525 557
2526 1406
2527 1477
2528 1285
2529 2104
2530 2519
2531 296
2532 193
2533 692
2534 1687
2535 1218
2536 1894
2537 1916
2538 982
2539 2365
2540 711
2541 867
2542 854
2543 1067
2544 902
2545 753
2546 1200
2547 2133
2548 832
2549 1925
2550 2511
2551 2271
2552 1926
2553 1754
2554 867
2555 2502
2556 1400
2557 715
2558 2150
2559 1381
2560 2002
2561 1086
2562 632
2563 749
2564 2121
2565 1967
2566 966
2567 2181
2568 2218
2569 2160
2570 619
2571 2021
2572 398
2573 2444
2574 2415
2575 1858
2576 838
2577 1284
2578 2466
2579 2298
2580 2111
2581 1980
2582 2077
2583 1503
2584 1126
2585 2495
2586 1806
2587 2189
2588 759
2589 2435
2590 2528
2591 862
2592 1307
2593 2257
2594 2131
2595 2113
2596 918
2597 867
2598 2360
2599 2106
2600 1860
2601 1874
2602 2120
2603 388
2604 2355
2605 2244
2606 2058
2607 832
2608 2231
2609 2313
2610 1239
2611 1666
2612 734
2613 1425
2614 2328
2615 1811
2616 2447
2617 1408
2618 864
2619 2441
2620 2271
2621 1126
2622 2420
2623 2400
2624 1324
2625 2251
2626 1761
2627 2298
2628 1704
2629 1240
2630 576
2631 2095
2632 2620
2633 1322
2634 1802
2635 2566
2636 1686
2637 643
2638 1709
2639 1296
2640 2108
2641 1361
2642 1153
2643 2052
2644 1605
2645 1174
2646 1793
2647 1272
2648 2576
2649 264
2650 2607
2651 2466
2652 2085
2653 1172
2654 2037
2655 867
2656 1458
2657 2502
2658 282
2659 1925
2660 1950
2661 2393
2662 1182
2663 1107
2664 1239
2665 2523
2666 2222
2667 398
2668 1901
2669 2323
2670 1858
2671 2228
2672 323
2673 2149
2674 290
2675 1674
2676 2498
2677 1536
2678 1699
2679 2250
2680 741
2681 1380
2682 1239
2683 1177
2684 643
2685 1559
2686 1259
2687 2264
2688 1239
2689 1894
2690 825
2691 337
2692 2305
2693 2450
2694 1441
2695 680
2696 737
2697 2246
2698 2487
2699 279
2700 2506
2701 2224
2702 866
2703 2146
2704 2571
2705 2670
2706 2092
2707 2502
2708 2688
2709 2687
2710 2508
2711 739
2712 702
2713 2246
2714 337
2715 63
2716 1535
2717 1440
2718 1808
2719 1720
2720 2487
2721 2040
2722 1480
2723 2502
2724 886
2725 2360
2726 1808
2727 1419
2728 1530
2729 2111
2730 1400
2731 1841
2732 264
2733 2572
2734 1477
2735 661
2736 2596
2737 156
2738 2507
2739 2272
2740 1829
2741 2687
2742 2391
2743 1508
2744 1737
2745 485
2746 2149
2747 2279
2748 1491
2749 590
2750 1894
2751 994
2752 1762
2753 821
2754 2132
2755 2142
2756 467
2757 1803
2758 1676
2759 1155
2760 1321
2761 1082
2762 2600
2763 2616
2764 1469
2765 1762
2766 2364
2767 2378
2768 1599
2769 2480
2770 1195
2771 638
2772 2502
2773 875
2774 1360
2775 2558
2776 1558
2777 931
2778 1558
2779 2687
2780 1775
2781 2478
2782 1604
2783 539
2784 1589
2785 2574
2786 355
2787 717
2788 2487
2789 963
2790 423
2791 1571
2792 2121
2793 2168
2794 2482
2795 1478
2796 1883
2797 1987
2798 312
2799 2545
2800 1160
2801 1239
2802 1542
2803 2540
2804 1792
2805 2023
2806 867
2807 2298
2808 1971
2809 1394
2810 2139
2811 931
2812 2149
2813 2383
2814 832
2815 630
2816 2131
2817 1894
2818 1235
2819 1886
2820 711
2821 1503
2822 2242
2823 497
2824 2515
2825 1735
2826 2549
2827 2340
2828 2652
2829 1728
2830 2209
2831 2551
2832 1577
2833 1577
2834 2325
2835 1062
2836 2552
2837 1240
2838 2109
2839 2535
2840 465
2841 1671
2842 2303
2843 2410
2844 1808
2845 1753
2846 2250
2847 1449
2848 291
2849 641
2850 1494
2851 2149
2852 2130
2853 865
2854 2687
2855 1950
2856 330
2857 941
2858 1945
2859 2820
2860 2540
2861 641
2862 504
2863 1330
2864 707
2865 2757
2866 200
2867 1969
2868 2625
2869 1152
2870 1963
2871 2849
2872 2135
2873 1239
2874 2722
2875 1965
2876 2487
2877 2149
2878 1426
2879 2499
2880 2342
2881 2272
2882 1536
2883 146
2884 2121
2885 2734
2886 2120
2887 1704
2888 2412
2889 2496
2890 2455
2891 2351
2892 2230
2893 631
2894 2820
2895 2173
2896 2492
2897 1949
2898 1284
2899 1239
2900 2566
2901 1177
2902 2687
2903 2687
2904 536
2905 947
2906 2791
2907 963
2908 1387
2909 737
2910 1169
2911 2687
2912 2692
2913 2898
2914 1987
2915 317
2916 2704
2917 2131
2918 2878
2919 1038
2920 1139
2921 2025
2922 2662
2923 1656
2924 1968
2925 2268
2926 1972
2927 2820
2928 1900
2929 2291
2930 2540
2931 2425
2932 392
2933 2576
2934 1850
2935 1703
2936 1674
2937 1751
2938 2782
2939 792
2940 2687
2941 2461
2942 2377
2943 814
2944 1854
2945 1253
2946 2582
2947 2828
2948 2306
2949 688
2950 650
2951 1795
2952 2830
2953 1176
2954 1060
2955 1654
2956 2199
2957 1126
2958 2434
2959 315
2960 2018
2961 2420
2962 1994
2963 1146
2964 591
2965 1385
2966 2305
2967 2034
2968 2947
2969 1714
2970 2002
2971 2158
2972 1233
2973 2755
2974 2820
2975 1768
2976 1087
2977 2443
2978 1153
2979 848
2980 2777
2981 797
2982 1743
2983 2593
2984 2898
2985 2074
2986 2440
2987 1516
2988 2170
2989 2820
2990 1654
2991 2502
2992 1274
2993 1398
2994 2177
2995 735
2996 2874
2997 1408
2998 1067
2999 1126
3000 882
3001 1924
3002 283
3003 1988
3004 781
3005 1239
3006 2762
3007 2310
3008 2189
3009 1323
3010 1278
3011 1714
3012 2572
3013 694
3014 2078
3015 2461
3016 1944
3017 1927
3018 1239
3019 2593
3020 430
3021 2687
3022 2040
3023 867
3024 1503
3025 1965
3026 2454
3027 1777
3028 2111
3029 1027
3030 2819
3031 1917
3032 1000
3033 1408
3034 2960
3035 229
3036 1001
3037 1157
3038 1247
3039 2586
3040 1121
3041 2981
3042 1750
3043 1980
3044 630
3045 2298
3046 1714
3047 590
3048 1436
3049 2604
3050 1861
3051 2131
3052 1929
3053 119
3054 1578
3055 2010
3056 2809
3057 590
3058 1609
3059 1188
3060 2593
3061 1413
3062 2236
3063 1239
3064 1926
3065 2767
3066 2279
3067 1390
3068 67
3069 2820
3070 1513
3071 2608
3072 559
3073 2583
3074 2695
3075 1280
3076 2543
3077 2511
3078 2847
3079 1642
3080 2104
3081 2809
3082 1086
3083 2905
3084 830
3085 2140
3086 2131
3087 2601
3088 2237
3089 1100
3090 2225
3091 2820
3092 1297
3093 2078
3094 2267
3095 1009
3096 2619
3097 2665
3098 2687
3099 1239
3100 378
3101 1337
3102 2466
3103 1875
3104 2521
3105 2567
3106 2144
3107 2039
3108 1770
3109 1121
3110 2865
3111 2754
3112 2687
3113 2923
3114 2543
3115 2557
3116 976
3117 2520
3118 2301
3119 3081
3120 1059
3121 3111
3122 1331
3123 1715
3124 784
3125 728
3126 3085
3127 2894
3128 2147
3129 917
3130 282
3131 1762
3132 2730
3133 2820
3134 2511
3135 2495
3136 2495
3137 2942
3138 1520
3139 1152
3140 1525
3141 3020
3142 2419
3143 2131
3144 1118
3145 267
3146 2195
3147 1915
3148 2623
3149 630
3150 2665
3151 2843
3152 3006
3153 1126
3154 2425
3155 536
3156 1418
3157 2790
3158 1644
3159 2983
3160 2923
3161 612
3162 1055
3163 2830
3164 2305
3165 1239
3166 1200
3167 668
3168 1338
3169 2021
3170 2034
3171 2540
3172 1699
3173 2481
3174 3019
3175 1171
3176 160
3177 2191
3178 1327
3179 3033
3180 1704
3181 1761
3182 1067
3183 651
3184 2687
3185 1589
3186 3174
3187 2040
3188 910
3189 2988
3190 2951
3191 1599
3192 2103
3193 1993
3194 130
3195 2396
3196 2152
3197 2687
3198 1100
3199 731
3200 2121
3201 1428
3202 3075
3203 1477
3204 2443
3205 1638
3206 2131
3207 1380
3208 2415
3209 1962
3210 1517
3211 2495
3212 1408
3213 2687
3214 563
3215 462
3216 2754
3217 1979
3218 304
3219 917
3220 1231
3221 2018
3222 676
3223 2425
3224 2055
3225 2530
3226 2840
3227 2646
3228 2010
3229 1945
3230 1153
3231 2687
3232 2625
3233 2210
3234 1266
3235 1086
3236 390
3237 1239
3238 2001
3239 2066
3240 2687
3241 1535
3242 2073
3243 1672
3244 2466
3245 3100
3246 300
3247 797
3248 2487
3249 2834
3250 2704
3251 657
3252 774
3253 867
3254 2466
3255 1681
3256 2498
3257 2131
3258 2888
3259 3252
3260 1907
3261 1151
3262 1802
3263 743
3264 2619
3265 3210
3266 1182
3267 1086
3268 2307
3269 3145
3270 1380
3271 2702
3272 951
3273 2303
3274 1841
3275 3014
3276 2561
3277 970
3278 1861
3279 2857
3280 2626
3281 2293
3282 2162
3283 539
3284 1704
3285 180
3286 2502
3287 2121
3288 1558
3289 3128
3290 2131
3291 355
3292 2415
3293 1994
3294 3195
3295 3071
3296 2593
3297 1582
3298 1672
3299 2415
3300 2531
3301 1846
3302 1177
3303 1239
3304 1605
3305 2731
3306 2299
3307 1939
3308 1938
3309 1268
3310 2495
3311 2580
3312 769
3313 2572
3314 2451
3315 2768
3316 2741
3317 1841
3318 104
3319 2125
3320 2353
3321 2499
3322 3180
3323 1645
3324 802
3325 1215
3326 589
3327 1864
3328 910
3329 2131
3330 3002
3331 1773
3332 704
3333 2020
3334 2856
3335 3096
3336 1151
3337 2540
3338 2514
3339 2860
3340 1974
3341 2829
3342 3037
3343 709
3344 2566
3345 1808
3346 2847
3347 2590
3348 2499
3349 1723
3350 1941
3351 1126
3352 1587
3353 2211
3354 325
3355 1559
3356 2756
3357 1079
3358 2771
3359 1255
3360 1113
3361 1746
3362 3014
3363 1346
3364 2415
3365 665
3366 3146
3367 1699
3368 2628
3369 2918
3370 1365
3371 2250
3372 1817
3373 3096
3374 2149
3375 3197
3376 2477
3377 2444
3378 2461
3379 2409
3380 1477
3381 944
3382 767
3383 1179
3384 2618
3385 1080
3386 1519
3387 2026
3388 2198
3389 2647
3390 2846
3391 2131
3392 886
3393 386
3394 2191
3395 2987
3396 675
3397 118
3398 934
3399 1199
3400 3328
3401 324
3402 3120
3403 15
3404 2943
3405 173
3406 446
3407 1741
3408 151
3409 3259
3410 9
3411 420
3412 646
3413 1103
3414 1687
3415 2100
3416 2036
3417 1670
3418 2098
3419 2715
3420 2532
3421 268
3422 442
3423 932
3424 582
3425 2217
3426 443
3427 1531
3428 576
3429 2787
3430 3268
3431 2866
3432 651
3433 72
3434 2661
3435 484
3436 2338
3437 1720
3438 793
3439 2414
3440 1126
3441 838
3442 933
3443 785
3444 1994
3445 1024
3446 878
3447 237
3448 31
3449 32
3450 1602
3451 2518
3452 2289
3453 37
3454 260
3455 541
3456 790
3457 2500
3458 195
3459 302
3460 2043
3461 2134
3462 174
3463 424
3464 348
3465 277
3466 1226
3467 1440
3468 2121
3469 2329
3470 844
3471 373
3472 1390
3473 3392
3474 3388
3475 124
3476 3318
3477 616
3478 2789
3479 1071
3480 58
3481 53
3482 1292
3483 1991
3484 1758
3485 2732
3486 93
3487 285
3488 2013
3489 1388
3490 2353
3491 1695
3492 1886
3493 3194
3494 58
3495 2106
3496 61
3497 2399
3498 3215
3499 91
3500 3068
3501 2199
3502 2079
3503 1642
3504 2401
3505 368
3506 955
3507 1040
3508 678
3509 2260
3510 2006
3511 1208
3512 1219
3513 1291
3514 1422
3515 68
3516 70
3517 742
3518 71
3519 789
3520 1111
3521 116
3522 73
3523 664
3524 3340
3525 628
3526 82
3527 1439
3528 959
3529 1084
3530 857
3531 995
3532 1384
3533 2895
3534 204
3535 1202
3536 3330
3537 84
3538 850
3539 1192
3540 1887
3541 1205
3542 86
3543 1697
3544 3193
3545 1588
3546 493
3547 2395
3548 141
3549 88
3550 3263
3551 2891
3552 450
3553 164
3554 1915
3555 472
3556 332
3557 175
3558 98
3559 816
3560 2061
3561 2735
3562 1114
3563 1067
3564 2920
3565 2388
3566 2188
3567 2030
3568 1571
3569 3003
3570 609
3571 366
3572 1926
3573 2426
3574 2883
3575 2067
3576 213
3577 2276
3578 1264
3579 588
3580 2995
3581 1825
3582 1511
3583 113
3584 706
3585 335
3586 2798
3587 2261
3588 1570
3589 2515
3590 119
3591 128
3592 3053
3593 158
3594 120
3595 2525
3596 1290
3597 123
3598 1150
3599 987
3600 652
3601 827
3602 369
3603 129
3604 339
3605 565
3606 579
3607 3221
3608 1030
3609 1163
3610 131
3611 162
3612 2711
3613 132
3614 580
3615 334
3616 1662
3617 315
3618 133
3619 1357
3620 1120
3621 135
3622 708
3623 615
3624 1869
3625 409
3626 2497
3627 496
3628 1928
3629 2848
3630 140
3631 773
3632 1717
3633 1909
3634 2064
3635 498
3636 1442
3637 150
3638 1800
3639 727
3640 153
3641 2953
3642 2714
3643 411
3644 256
3645 3365
3646 2228
3647 1065
3648 2366
3649 255
3650 1015
3651 2737
3652 2939
3653 353
3654 156
3655 156
3656 1183
3657 311
3658 159
3659 3225
3660 3176
3661 662
3662 1851
3663 923
3664 763
3665 1469
3666 3258
3667 355
3668 436
3669 2804
3670 2608
3671 162
3672 3145
3673 1175
3674 164
3675 2495
3676 1538
3677 1820
3678 645
3679 217
3680 563
3681 1089
3682 865
3683 985
3684 173
3685 174
3686 2040
3687 834
3688 1460
3689 2072
3690 382
3691 180
3692 1744
3693 855
3694 1079
3695 3285
3696 180
3697 939
3698 2486
3699 2699
3700 3272
3701 2570
3702 3282
3703 180
3704 1035
3705 3078
3706 2277
3707 1560
3708 2246
3709 778
3710 465
3711 190
3712 1086
3713 898
3714 1215
3715 1036
3716 200
3717 3255
3718 897
3719 1937
3720 2292
3721 2964
3722 265
3723 633
3724 950
3725 2428
3726 597
3727 397
3728 2765
3729 2138
3730 350
3731 215
3732 2337
3733 1976
3734 728
3735 2949
3736 833
3737 837
3738 1549
3739 219
3740 1023
3741 387
3742 2563
3743 228
3744 512
3745 228
3746 402
3747 2601
3748 1080
3749 574
3750 2674
3751 1735
3752 3035
3753 1576
3754 231
3755 252
3756 2050
3757 400
3758 451
3759 1797
3760 235
3761 235
3762 239
3763 239
3764 240
3765 241
3766 2588
3767 477
3768 2524
3769 1793
3770 940
3771 253
3772 255
3773 2336
3774 586
3775 261
3776 262
3777 2205
3778 262
3779 800
3780 264
3781 2649
3782 1311
3783 268
3784 1551
3785 1279
3786 2392
3787 1590
3788 1849
3789 271
3790 795
3791 1495
3792 275
3793 670
3794 378
3795 275
3796 275
3797 901
3798 275
3799 2559
3800 2919
3801 275
3802 2493
3803 275
3804 286
3805 490
3806 275
3807 275
3808 1281
3809 2404
3810 1252
3811 2932
3812 3161
3813 3144
3814 2612
3815 729
3816 2041
3817 379
3818 276
3819 942
3820 3297
3821 280
3822 1351
3823 872
3824 954
3825 885
3826 2658
3827 282
3828 1767
3829 3130
3830 544
3831 282
3832 719
3833 831
3834 283
3835 2035
3836 285
3837 453
3838 289
3839 561
3840 486
3841 2531
3842 1983
3843 2107
3844 2458
3845 1952
3846 2915
3847 399
3848 3246
3849 681
3850 3218
3851 1743
3852 504
3853 1073
3854 957
3855 1812
3856 482
3857 311
3858 2751
3859 2921
3860 2640
3861 1682
3862 312
3863 2468
3864 433
3865 434
3866 315
3867 1435
3868 2959
3869 1201
3870 1221
3871 318
3872 3354
3873 3168
3874 320
3875 2210
3876 738
3877 1010
3878 920
3879 323
3880 323
3881 2097
3882 323
3883 487
3884 1563
3885 2672
3886 1229
3887 323
3888 323
3889 390
3890 323
3891 930
3892 2667
3893 733
3894 965
3895 328
3896 323
3897 2432
3898 1370
3899 711
3900 2441
3901 1483
3902 330
3903 330
3904 455
3905 2856
3906 332
3907 332
3908 658
3909 1093
3910 813
3911 622
3912 3336
3913 334
3914 336
3915 657
3916 2691
3917 1058
3918 826
3919 338
3920 2829
3921 1032
3922 851
3923 1085
3924 938
3925 966
3926 341
3927 342
3928 2373
3929 342
3930 653
3931 1336
3932 344
3933 2327
3934 394
3935 1491
3936 347
3937 1016
3938 908
3939 692
3940 809
3941 1122
3942 1115
3943 2361
3944 3054
3945 2420
3946 349
3947 1383
3948 349
3949 1451
3950 569
3951 829
3952 2295
3953 1242
3954 349
3955 1904
3956 349
3957 973
3958 349
3959 349
3960 1203
3961 351
3962 1950
3963 779
3964 2208
3965 2090
3966 351
3967 1636
3968 1468
3969 796
3970 408
3971 1404
3972 351
3973 1557
3974 352
3975 353
3976 2706
3977 355
3978 355
3979 3291
3980 2786
3981 355
3982 356
3983 1462
3984 358
3985 360
3986 1231
3987 593
3988 1949
3989 363
3990 1005
3991 3202
3992 956
3993 383
3994 572
3995 364
3996 364
3997 364
3998 699
3999 364
4000 366
4001 3393
4002 2453
4003 1232
4004 1933
4005 1707
4006 3326
4007 369
4008 2284
4009 828
4010 1427
4011 731
4012 2201
4013 867
4014 494
4015 1726
4016 905
4017 370
4018 1137
4019 931
4020 373
4021 2328
4022 373
4023 1152
4024 1618
4025 566
4026 375
4027 520
4028 595
4029 1359
4030 768
4031 2406
4032 378
4033 378
4034 378
4035 1516
4036 2303
4037 536
4038 709
4039 378
4040 1862
4041 1729
4042 2545
4043 378
4044 410
4045 378
4046 378
4047 3100
4048 378
4049 378
4050 396
4051 1962
4052 2413
4053 1028
4054 1866
4055 979
4056 385
4057 786
4058 385
4059 513
4060 2270
4061 386
4062 3308
4063 1685
4064 2603
4065 1863
4066 2680
4067 2071
4068 3236
4069 949
4070 1581
4071 394
4072 394
4073 2402
4074 395
4075 414
4076 398
4077 1492
4078 398
4079 915
4080 2733
4081 1096
4082 400
4083 403
4084 1822
4085 1484
4086 406
4087 407
4088 407
4089 3167
4090 1403
4091 524
4092 2380
4093 1539
4094 2078
4095 721
4096 2893
4097 1821
4098 410
4099 776
4100 2780
4101 1249
4102 413
4103 710
4104 698
4105 1315
4106 421
4107 422
4108 747
4109 1147
4110 1833
4111 511
4112 3157
4113 1196
4114 677
4115 2578
4116 1900
4117 428
4118 1556
4119 3020
4120 430
4121 1585
4122 437
4123 2972
4124 655
4125 2283
4126 438
4127 438
4128 2942
4129 439
4130 439
4131 1496
4132 441
4133 2471
4134 441
4135 2243
4136 568
4137 444
4138 444
4139 445
4140 1198
4141 445
4142 794
4143 2127
4144 2813
4145 1344
4146 446
4147 629
4148 1591
4149 1658
4150 457
4151 2124
4152 1512
4153 457
4154 457
4155 783
4156 2369
4157 761
4158 2405
4159 2367
4160 460
4161 2004
4162 461
4163 461
4164 462
4165 462
4166 1923
4167 462
4168 2322
4169 540
4170 1300
4171 2390
4172 1421
4173 462
4174 463
4175 2416
4176 463
4177 464
4178 1374
4179 464
4180 2749
4181 465
4182 2840
4183 465
4184 467
4185 1288
4186 843
4187 467
4188 467
4189 2267
4190 2756
4191 1156
4192 467
4193 469
4194 469
4195 2421
4196 2407
4197 594
4198 522
4199 472
4200 2914
4201 2864
4202 1957
4203 472
4204 2553
4205 1652
4206 2306
4207 3104
4208 2850
4209 475
4210 900
4211 475
4212 3084
4213 475
4214 476
4215 639
4216 476
4217 1274
4218 1224
4219 2060
4220 3049
4221 1188
4222 478
4223 545
4224 3217
4225 840
4226 907
4227 990
4228 480
4229 1341
4230 480
4231 481
4232 539
4233 483
4234 2146
4235 764
4236 484
4237 2745
4238 485
4239 500
4240 858
4241 485
4242 533
4243 2296
4244 1884
4245 487
4246 2264
4247 494
4248 494
4249 798
4250 1082
4251 2823
4252 2156
4253 841
4254 2348
4255 504
4256 2862
4257 1029
4258 505
4259 507
4260 508
4261 997
4262 1667
4263 512
4264 1579
4265 2091
4266 517
4267 2285
4268 524
4269 862
4270 525
4271 525
4272 525
4273 996
4274 3162
4275 1623
4276 529
4277 1401
4278 3372
4279 671
4280 1644
4281 2359
4282 984
4283 536
4284 751
4285 1178
4286 1873
4287 1106
4288 2904
4289 1774
4290 3085
4291 972
4292 2637
4293 536
4294 536
4295 536
4296 981
4297 1128
4298 1497
4299 1507
4300 3312
4301 3155
4302 2323
4303 539
4304 2216
4305 539
4306 2783
4307 539
4308 1485
4309 539
4310 3283
4311 716
4312 1162
4313 912
4314 1781
4315 539
4316 539
4317 539
4318 2114
4319 1638
4320 1094
4321 2154
4322 548
4323 542
4324 542
4325 998
4326 3222
4327 547
4328 2539
4329 3384
4330 1197
4331 550
4332 550
4333 2273
4334 605
4335 703
4336 2136
4337 1068
4338 1860
4339 2115
4340 555
4341 1998
4342 3072
4343 3214
4344 563
4345 689
4346 2613
4347 810
4348 2702
4349 860
4350 2001
4351 3332
4352 684
4353 642
4354 1247
4355 849
4356 801
4357 1870
4358 1787
4359 2630
4360 1573
4361 1185
4362 1738
4363 580
4364 585
4365 587
4366 1354
4367 588
4368 1601
4369 2808
4370 590
4371 1363
4372 590
4373 590
4374 705
4375 1132
4376 590
4377 636
4378 1236
4379 2454
4380 3057
4381 697
4382 590
4383 590
4384 1022
4385 3047
4386 624
4387 590
4388 1324
4389 1149
4390 673
4391 592
4392 2781
4393 595
4394 595
4395 597
4396 597
4397 598
4398 2379
4399 602
4400 638
4401 877
4402 1677
4403 2224
4404 1546
4405 609
4406 611
4407 612
4408 2638
4409 2529
4410 612
4411 612
4412 612
4413 613
4414 2542
4415 1100
4416 616
4417 616
4418 616
4419 616
4420 2118
4421 616
4422 1977
4423 1261
4424 619
4425 620
4426 621
4427 1423
4428 649
4429 622
4430 622
4431 1641
4432 1732
4433 623
4434 2226
4435 993
4436 625
4437 2398
4438 1789
4439 627
4440 637
4441 630
4442 760
4443 1464
4444 630
4445 1823
4446 1396
4447 630
4448 3149
4449 630
4450 3044
4451 630
4452 2861
4453 630
4454 2815
4455 1142
4456 660
4457 909
4458 2551
4459 818
4460 887
4461 968
4462 630
4463 630
4464 2562
4465 1074
4466 633
4467 1000
4468 1506
4469 1477
4470 634
4471 720
4472 1399
4473 634
4474 2446
4475 636
4476 3358
4477 772
4478 988
4479 2616
4480 639
4481 640
4482 2871
4483 641
4484 861
4485 2684
4486 648
4487 3004
4488 648
4489 2491
4490 775
4491 1798
4492 1722
4493 650
4494 1121
4495 2950
4496 3183
4497 654
4498 657
4499 2203
4500 2727
4501 3090
4502 657
4503 1673
4504 3251
4505 1824
4506 916
4507 660
4508 806
4509 1808
4510 662
4511 1239
4512 1668
4513 665
4514 1967
4515 2480
4516 668
4517 669
4518 946
4519 671
4520 675
4521 675
4522 675
4523 2157
4524 1057
4525 680
4526 680
4527 1755
4528 1921
4529 724
4530 2125
4531 680
4532 1329
4533 3074
4534 1723
4535 684
4536 685
4537 722
4538 687
4539 1379
4540 692
4541 2533
4542 715
4543 799
4544 693
4545 693
4546 1778
4547 1757
4548 1376
4549 694
4550 1973
4551 870
4552 694
4553 1672
4554 694
4555 694
4556 694
4557 694
4558 881
4559 694
4560 694
4561 3382
4562 1088
4563 3013
4564 694
4565 3376
4566 694
4567 694
4568 712
4569 1692
4570 1012
4571 2712
4572 702
4573 1848
4574 1885
4575 2159
4576 704
4577 1371
4578 1110
4579 2145
4580 1217
4581 3343
4582 710
4583 1211
4584 2540
4585 711
4586 2820
4587 711
4588 1912
4589 712
4590 1577
4591 712
4592 1896
4593 1194
4594 2557
4595 2633
4596 766
4597 1245
4598 2247
4599 716
4600 717
4601 718
4602 718
4603 848
4604 724
4605 1017
4606 724
4607 2642
4608 724
4609 724
4610 964
4611 727
4612 727
4613 3125
4614 2165
4615 2596
4616 1838
4617 731
4618 731
4619 3199
4620 731
4621 731
4622 3124
4623 731
4624 731
4625 1503
4626 2472
4627 1358
4628 733
4629 735
4630 735
4631 736
4632 736
4633 1007
4634 2052
4635 736
4636 2149
4637 2538
4638 2482
4639 2909
4640 1180
4641 737
4642 737
4643 737
4644 1845
4645 737
4646 3247
4647 1478
4648 1752
4649 737
4650 737
4651 2696
4652 737
4653 2924
4654 2502
4655 2169
4656 739
4657 1033
4658 2986
4659 746
4660 1400
4661 1634
4662 2690
4663 750
4664 1146
4665 819
4666 750
4667 751
4668 751
4669 754
4670 2190
4671 756
4672 756
4673 1389
4674 1108
4675 757
4676 1705
4677 761
4678 1158
4679 1569
4680 1984
4681 1544
4682 1206
4683 1237
4684 1364
4685 788
4686 767
4687 869
4688 871
4689 776
4690 785
4691 1918
4692 1282
4693 785
4694 929
4695 1209
4696 785
4697 785
4698 2255
4699 785
4700 975
4701 787
4702 2075
4703 794
4704 1049
4705 797
4706 1397
4707 797
4708 2981
4709 1895
4710 2686
4711 1461
4712 1092
4713 807
4714 2294
4715 797
4716 1608
4717 2403
4718 797
4719 3037
4720 797
4721 989
4722 797
4723 1039
4724 1019
4725 797
4726 3175
4727 1818
4728 1319
4729 797
4730 797
4731 797
4732 1091
4733 2286
4734 1877
4735 1747
4736 3353
4737 2905
4738 801
4739 801
4740 801
4741 801
4742 801
4743 1474
4744 801
4745 3324
4746 802
4747 2148
4748 804
4749 1107
4750 1220
4751 3363
4752 808
4753 808
4754 888
4755 808
4756 808
4757 808
4758 809
4759 814
4760 814
4761 814
4762 1320
4763 814
4764 814
4765 1769
4766 817
4767 818
4768 1533
4769 1826
4770 821
4771 3036
4772 1298
4773 1270
4774 821
4775 821
4776 821
4777 1796
4778 821
4779 2993
4780 2340
4781 821
4782 821
4783 821
4784 3000
4785 821
4786 821
4787 821
4788 2753
4789 821
4790 822
4791 822
4792 822
4793 823
4794 1269
4795 824
4796 824
4797 824
4798 1276
4799 825
4800 825
4801 2167
4802 1611
4803 832
4804 2504
4805 832
4806 1306
4807 1025
4808 1260
4809 1703
4810 1694
4811 1688
4812 2548
4813 832
4814 1954
4815 2814
4816 2607
4817 832
4818 899
4819 833
4820 834
4821 834
4822 835
4823 1626
4824 835
4825 835
4826 2196
4827 838
4828 2648
4829 841
4830 1990
4831 842
4832 1947
4833 1101
4834 843
4835 1042
4836 1522
4837 1332
4838 1659
4839 846
4840 2033
4841 847
4842 1457
4843 1857
4844 1148
4845 848
4846 1627
4847 2979
4848 848
4849 848
4850 922
4851 848
4852 848
4853 851
4854 853
4855 961
4856 2236
4857 853
4858 2230
4859 853
4860 1509
4861 855
4862 855
4863 2200
4864 861
4865 862
4866 862
4867 862
4868 2800
4869 2591
4870 2784
4871 862
4872 862
4873 864
4874 865
4875 1876
4876 865
4877 2853
4878 1935
4879 2381
4880 2809
4881 2554
4882 867
4883 2055
4884 867
4885 1420
4886 3027
4887 867
4888 867
4889 1295
4890 867
4891 867
4892 867
4893 867
4894 1804
4895 867
4896 2220
4897 867
4898 867
4899 3023
4900 867
4901 875
4902 943
4903 867
4904 2954
4905 1936
4906 3058
4907 867
4908 1946
4909 867
4910 867
4911 1189
4912 1958
4913 867
4914 867
4915 867
4916 867
4917 2249
4918 1228
4919 1250
4920 3201
4921 1739
4922 867
4923 867
4924 1788
4925 1731
4926 1426
4927 867
4928 1289
4929 2541
4930 3253
4931 867
4932 867
4933 867
4934 867
4935 867
4936 867
4937 2806
4938 867
4939 867
4940 970
4941 867
4942 867
4943 867
4944 867
4945 867
4946 867
4947 867
4948 2597
4949 867
4950 2168
4951 867
4952 1710
4953 2976
4954 2431
4955 1415
4956 1078
4957 867
4958 2299
4959 867
4960 867
4961 867
4962 867
4963 867
4964 867
4965 2263
4966 2655
4967 1742
4968 1913
4969 867
4970 867
4971 867
4972 867
4973 1056
4974 977
4975 867
4976 867
4977 1749
4978 867
4979 867
4980 867
4981 867
4982 867
4983 870
4984 871
4985 871
4986 871
4987 871
4988 872
4989 872
4990 1248
4991 2773
4992 1431
4993 875
4994 2207
4995 877
4996 1043
4997 880
4998 880
4999 1254
5000 881
5001 2743
5002 881
5003 881
5004 2174
5005 881
5006 1327
5007 936
5008 980
5009 2014
5010 881
5011 1251
5012 1773
5013 882
5014 2443
5015 944
5016 1565
5017 884
5018 884
5019 886
5020 2724
5021 888
5022 888
5023 2394
5024 1643
5025 891
5026 890
5027 1598
5028 2870
5029 2639
5030 894
5031 897
5032 899
5033 900
5034 1922
5035 2544
5036 903
5037 903
5038 2834
5039 1117
5040 3009
5041 908
5042 908
5043 1919
5044 1225
5045 2424
5046 1656
5047 3188
5048 911
5049 911
5050 1654
5051 911
5052 912
5053 912
5054 2452
5055 912
5056 917
5057 1052
5058 917
5059 2910
5060 3219
5061 917
5062 917
5063 917
5064 928
5065 917
5066 917
5067 917
5068 917
5069 917
5070 2433
5071 3129
5072 2473
5073 2128
5074 1906
5075 1009
5076 917
5077 1646
5078 1368
5079 1835
5080 917
5081 1048
5082 1567
5083 2007
5084 1356
5085 2759
5086 917
5087 917
5088 917
5089 1416
5090 917
5091 1303
5092 919
5093 919
5094 1610
5095 919
5096 1725
5097 1683
5098 920
5099 924
5100 925
5101 2179
5102 1140
5103 926
5104 1277
5105 1686
5106 927
5107 1535
5108 930
5109 930
5110 2980
5111 1892
5112 2811
5113 933
5114 2070
5115 938
5116 939
5117 1501
5118 939
5119 1213
5120 941
5121 3279
5122 941
5123 2970
5124 3381
5125 3029
5126 3228
5127 1345
5128 1858
5129 948
5130 948
5131 1514
5132 950
5133 1517
5134 952
5135 956
5136 2469
5137 1285
5138 2265
5139 2132
5140 963
5141 963
5142 1293
5143 2116
5144 2907
5145 1141
5146 1349
5147 964
5148 964
5149 964
5150 964
5151 2494
5152 965
5153 965
5154 2818
5155 965
5156 966
5157 1955
5158 2635
5159 967
5160 3277
5161 972
5162 3148
5163 975
5164 976
5165 3116
5166 977
5167 977
5168 978
5169 981
5170 983
5171 1759
5172 1883
5173 1437
5174 990
5175 1960
5176 1989
5177 1207
5178 2235
5179 1123
5180 994
5181 994
5182 1018
5183 998
5184 1430
5185 999
5186 1020
5187 3032
5188 1002
5189 1007
5190 2206
5191 3095
5192 2488
5193 1181
5194 1012
5195 2925
5196 3361
5197 1016
5198 1019
5199 1019
5200 2304
5201 1019
5202 1019
5203 1019
5204 1019
5205 1852
5206 1019
5207 1019
5208 1063
5209 1023
5210 1023
5211 1023
5212 1165
5213 1054
5214 1023
5215 1024
5216 1620
5217 2668
5218 1025
5219 2177
5220 1027
5221 1027
5222 1028
5223 1066
5224 2810
5225 1119
5226 1029
5227 1029
5228 1487
5229 1031
5230 1645
5231 1031
5232 1031
5233 1031
5234 1032
5235 1135
5236 2568
5237 2951
5238 2027
5239 1125
5240 1035
5241 1168
5242 2241
5243 1037
5244 1038
5245 2971
5246 1039
5247 2102
5248 1040
5249 1040
5250 1040
5251 1041
5252 1945
5253 1047
5254 1047
5255 1047
5256 2456
5257 1047
5258 1047
5259 2256
5260 1047
5261 1047
5262 2008
5263 1048
5264 1048
5265 1051
5266 1606
5267 1052
5268 1052
5269 1099
5270 3270
5271 1053
5272 1053
5273 1053
5274 1630
5275 2166
5276 1053
5277 1834
5278 1053
5279 1766
5280 1053
5281 1053
5282 1054
5283 1054
5284 2429
5285 1054
5286 1057
5287 1057
5288 1057
5289 1057
5290 2410
5291 1057
5292 1057
5293 1286
5294 1402
5295 1059
5296 1059
5297 1059
5298 1061
5299 2835
5300 1062
5301 1062
5302 1223
5303 2357
5304 1064
5305 1064
5306 1064
5307 1064
5308 1184
5309 1138
5310 2543
5311 2998
5312 1067
5313 1067
5314 1067
5315 2331
5316 1067
5317 1067
5318 3182
5319 1069
5320 2867
5321 1075
5322 1069
5323 2320
5324 1069
5325 1071
5326 2479
5327 1452
5328 1074
5329 1074
5330 1074
5331 1075
5332 1116
5333 1076
5334 1375
5335 1076
5336 1078
5337 3357
5338 3385
5339 2761
5340 1678
5341 1086
5342 1086
5343 3267
5344 1086
5345 1086
5346 1086
5347 1086
5348 1466
5349 1454
5350 1868
5351 2275
5352 1086
5353 3092
5354 1086
5355 1086
5356 1086
5357 1086
5358 1665
5359 1086
5360 1837
5361 1086
5362 1086
5363 1086
5364 1086
5365 1086
5366 3235
5367 1463
5368 1086
5369 1086
5370 1086
5371 1807
5372 1086
5373 3276
5374 1086
5375 1086
5376 1086
5377 3082
5378 1086
5379 1086
5380 1086
5381 2248
5382 1241
5383 2126
5384 1086
5385 1086
5386 1086
5387 1092
5388 1093
5389 1094
5390 1094
5391 1094
5392 1097
5393 1200
5394 1097
5395 1097
5396 1097
5397 3198
5398 1100
5399 1489
5400 1100
5401 3089
5402 1100
5403 1112
5404 1100
5405 1100
5406 1101
5407 1210
5408 2663
5409 1107
5410 1107
5411 1424
5412 1109
5413 1107
5414 1107
5415 1109
5416 1696
5417 1109
5418 1111
5419 1112
5420 1112
5421 2232
5422 1112
5423 1305
5424 1112
5425 1898
5426 1112
5427 1112
5428 1112
5429 2344
5430 1112
5431 1335
5432 1309
5433 2082
5434 1113
5435 1113
5436 3360
5437 1113
5438 1113
5439 1113
5440 1113
5441 1113
5442 1113
5443 1114
5444 1114
5445 1115
5446 1307
5447 1115
5448 1819
5449 1117
5450 1117
5451 1119
5452 1120
5453 1120
5454 1121
5455 2474
5456 1121
5457 1121
5458 1121
5459 3040
5460 2184
5461 3109
5462 1930
5463 1126
5464 1126
5465 1126
5466 1126
5467 1126
5468 1126
5469 1126
5470 1126
5471 1126
5472 1126
5473 1126
5474 2297
5475 1126
5476 2584
5477 1126
5478 1126
5479 1126
5480 1583
5481 1126
5482 1126
5483 2209
5484 1126
5485 1126
5486 2728
5487 1126
5488 1126
5489 2957
5490 1126
5491 3128
5492 1126
5493 2621
5494 1564
5495 1126
5496 1126
5497 1126
5498 1126
5499 2999
5500 3153
5501 1299
5502 1179
5503 3351
5504 1126
5505 1126
5506 3042
5507 1649
5508 1126
5509 1593
5510 1128
5511 1128
5512 1128
5513 1129
5514 1137
5515 2153
5516 1140
5517 1195
5518 1842
5519 1146
5520 2963
5521 1999
5522 3261
5523 2869
5524 3139
5525 1153
5526 2978
5527 2937
5528 3230
5529 1498
5530 1155
5531 1814
5532 2653
5533 1158
5534 1526
5535 1748
5536 1160
5537 1161
5538 1163
5539 2330
5540 1163
5541 1536
5542 1163
5543 1369
5544 1165
5545 1168
5546 1169
5547 1169
5548 1171
5549 1172
5550 2645
5551 1174
5552 1175
5553 1175
5554 1175
5555 1278
5556 1175
5557 1175
5558 1175
5559 1175
5560 2119
5561 1175
5562 1175
5563 2274
5564 1809
5565 2901
5566 3302
5567 2683
5568 1177
5569 1177
5570 1177
5571 1700
5572 1179
5573 1179
5574 1179
5575 3383
5576 1179
5577 1179
5578 3122
5579 1179
5580 1179
5581 1558
5582 1179
5583 1179
5584 1179
5585 2229
5586 1179
5587 1179
5588 1179
5589 1179
5590 2537
5591 3266
5592 1182
5593 1182
5594 1182
5595 1182
5596 1632
5597 1893
5598 2291
5599 1882
5600 1182
5601 1182
5602 2758
5603 1182
5604 1853
5605 1182
5606 1182
5607 2662
5608 1182
5609 1182
5610 1905
5611 1182
5612 1182
5613 1182
5614 1182
5615 1182
5616 3301
5617 2415
5618 3059
5619 1188
5620 1188
5621 1490
5622 2310
5623 1337
5624 2315
5625 1191
5626 1191
5627 1191
5628 1191
5629 2770
5630 1195
5631 1625
5632 1195
5633 1197
5634 1633
5635 1197
5636 1940
5637 1197
5638 3166
5639 2666
5640 2546
5641 1203
5642 1328
5643 1859
5644 2300
5645 1213
5646 2280
5647 1215
5648 1215
5649 1238
5650 1615
5651 1215
5652 1215
5653 3325
5654 1215
5655 1215
5656 1215
5657 2282
5658 1875
5659 1215
5660 1727
5661 1418
5662 1215
5663 1951
5664 1510
5665 2316
5666 1215
5667 1215
5668 1215
5669 2204
5670 1317
5671 2535
5672 1218
5673 1218
5674 1218
5675 1219
5676 1844
5677 1220
5678 1220
5679 1365
5680 1220
5681 1220
5682 1220
5683 1220
5684 2069
5685 1637
5686 1995
5687 1220
5688 1220
5689 1220
5690 1221
5691 1223
5692 1225
5693 1225
5694 1226
5695 1231
5696 3220
5697 1231
5698 1234
5699 1234
5700 1235
5701 1736
5702 1236
5703 1236
5704 1238
5705 1239
5706 1760
5707 1239
5708 1239
5709 3099
5710 1239
5711 1239
5712 1239
5713 1239
5714 2341
5715 1239
5716 2899
5717 1239
5718 2384
5719 1239
5720 1239
5721 1239
5722 1239
5723 1239
5724 1342
5725 1239
5726 1239
5727 1239
5728 1239
5729 1619
5730 1239
5731 1239
5732 2688
5733 2436
5734 1239
5735 2176
5736 1239
5737 1239
5738 1239
5739 1239
5740 1239
5741 1239
5742 1239
5743 1239
5744 1239
5745 1239
5746 1239
5747 3303
5748 2288
5749 2076
5750 2182
5751 1239
5752 1239
5753 1239
5754 1239
5755 1239
5756 1908
5757 3070
5758 1239
5759 1239
5760 1239
5761 1239
5762 1239
5763 1239
5764 1239
5765 2442
5766 2606
5767 1239
5768 1880
5769 1239
5770 1239
5771 1239
5772 1239
5773 2046
5774 1257
5775 2801
5776 1239
5777 1721
5778 1239
5779 2215
5780 1239
5781 1239
5782 1628
5783 2059
5784 1622
5785 3142
5786 2475
5787 1239
5788 1239
5789 1239
5790 1568
5791 1239
5792 1239
5793 1239
5794 2509
5795 1239
5796 1239
5797 1239
5798 1239
5799 1982
5800 1239
5801 1239
5802 1239
5803 1387
5804 1239
5805 1650
5806 1239
5807 1453
5808 1239
5809 1239
5810 1785
5811 2437
5812 1572
5813 1239
5814 1239
5815 1587
5816 1520
5817 1239
5818 1304
5819 1239
5820 1239
5821 2180
5822 2181
5823 2000
5824 1897
5825 1239
5826 1239
5827 2214
5828 1239
5829 1934
5830 2945
5831 1239
5832 1239
5833 1239
5834 1239
5835 2774
5836 1586
5837 1239
5838 1239
5839 1239
5840 1239
5841 1339
5842 1362
5843 1239
5844 1239
5845 1239
5846 1239
5847 1239
5848 1595
5849 3165
5850 1239
5851 1239
5852 1239
5853 1239
5854 1312
5855 2253
5856 1239
5857 1239
5858 1239
5859 1239
5860 2610
5861 2682
5862 1239
5863 1239
5864 1239
5865 3307
5866 1316
5867 1239
5868 2873
5869 3237
5870 1504
5871 2427
5872 2664
5873 3063
5874 1239
5875 1548
5876 2386
5877 1239
5878 3294
5879 1239
5880 3018
5881 1903
5882 1239
5883 3005
5884 1515
5885 1239
5886 1445
5887 1239
5888 2629
5889 1240
5890 2837
5891 1240
5892 1334
5893 1241
5894 1241
5895 1872
5896 1241
5897 1243
5898 2516
5899 1244
5900 1446
5901 1244
5902 1244
5903 1244
5904 1244
5905 1244
5906 1943
5907 1325
5908 1244
5909 1246
5910 1246
5911 1246
5912 1246
5913 1247
5914 1247
5915 1247
5916 1471
5917 2470
5918 1247
5919 1247
5920 1247
5921 1247
5922 1927
5923 1247
5924 1247
5925 1247
5926 1247
5927 3038
5928 1247
5929 1541
5930 1247
5931 1247
5932 1613
5933 1249
5934 1537
5935 3359
5936 1488
5937 1258
5938 1258
5939 1261
5940 1261
5941 1265
5942 3309
5943 1266
5944 1266
5945 1266
5946 1266
5947 1266
5948 1266
5949 1629
5950 1266
5951 1266
5952 1272
5953 1429
5954 1266
5955 1266
5956 1266
5957 3234
5958 1417
5959 2252
5960 1266
5961 1266
5962 1763
5963 1270
5964 1270
5965 1272
5966 3389
5967 1273
5968 1273
5969 1274
5970 2992
5971 1275
5972 1277
5973 1277
5974 2049
5975 1756
5976 3010
5977 1827
5978 1278
5979 1279
5980 1279
5981 1280
5982 2898
5983 1284
5984 1713
5985 1284
5986 2370
5987 1284
5988 3177
5989 1671
5990 2577
5991 1284
5992 2409
5993 1972
5994 3347
5995 2358
5996 1287
5997 1675
5998 1288
5999 2161
6000 1295
6001 1296
6002 1296
6003 2152
6004 1296
6005 1296
6006 1296
6007 1476
6008 1836
6009 1302
6010 1302
6011 1481
6012 1302
6013 1871
6014 1318
6015 2592
6016 1386
6017 1310
6018 1444
6019 1311
6020 1523
6021 1312
6022 1316
6023 2656
6024 1317
6025 1319
6026 1319
6027 1319
6028 1320
6029 1878
6030 2965
6031 2417
6032 2760
6033 2624
6034 2031
6035 1327
6036 3178
6037 1674
6038 2863
6039 1336
6040 1337
6041 1337
6042 1337
6043 2451
6044 3101
6045 2238
6046 1338
6047 1339
6048 2324
6049 2508
6050 1964
6051 1341
6052 1341
6053 2512
6054 1341
6055 2171
6056 1344
6057 1345
6058 1352
6059 1352
6060 1352
6061 1352
6062 1603
6063 1352
6064 1352
6065 1352
6066 1352
6067 1806
6068 1353
6069 1353
6070 1355
6071 1355
6072 2425
6073 1355
6074 1355
6075 1355
6076 1433
6077 1355
6078 1355
6079 1355
6080 1891
6081 2005
6082 1356
6083 1357
6084 1357
6085 2160
6086 2311
6087 2105
6088 1361
6089 1361
6090 1361
6091 1361
6092 2641
6093 1584
6094 1364
6095 1364
6096 1364
6097 1365
6098 1365
6099 3370
6100 1365
6101 1368
6102 1368
6103 1368
6104 1368
6105 1368
6106 1368
6107 1368
6108 1371
6109 2117
6110 1651
6111 1371
6112 1371
6113 1371
6114 1376
6115 1376
6116 2503
6117 2681
6118 2056
6119 3207
6120 2997
6121 1381
6122 1680
6123 1383
6124 1383
6125 1384
6126 1384
6127 1384
6128 1384
6129 1730
6130 2080
6131 1387
6132 2908
6133 1387
6134 1388
6135 1388
6136 1389
6137 1890
6138 1389
6139 1389
6140 2346
6141 1389
6142 1389
6143 3067
6144 1390
6145 1391
6146 1391
6147 1941
6148 1391
6149 1391
6150 1391
6151 2969
6152 2489
6153 1392
6154 1392
6155 1392
6156 1392
6157 1394
6158 1394
6159 1395
6160 1397
6161 2890
6162 1398
6163 2889
6164 2349
6165 1400
6166 1400
6167 1400
6168 3132
6169 1400
6170 1400
6171 1400
6172 1400
6173 1400
6174 2556
6175 1400
6176 1400
6177 1402
6178 2517
6179 1404
6180 2526
6181 1407
6182 2438
6183 3033
6184 1813
6185 2617
6186 1408
6187 3212
6188 1408
6189 1408
6190 1408
6191 1802
6192 1881
6193 1409
6194 1409
6195 1410
6196 1412
6197 1412
6198 2266
6199 1684
6200 1412
6201 1413
6202 3061
6203 1413
6204 1594
6205 1413
6206 2547
6207 1415
6208 1415
6209 1415
6210 3156
6211 1421
6212 1422
6213 1423
6214 1424
6215 2063
6216 1424
6217 1426
6218 1426
6219 1426
6220 1426
6221 1426
6222 2878
6223 1426
6224 1426
6225 1426
6226 1426
6227 2846
6228 1426
6229 2326
6230 1426
6231 1426
6232 1426
6233 1426
6234 1426
6235 1426
6236 1426
6237 1431
6238 1436
6239 3048
6240 1436
6241 1437
6242 1437
6243 1439
6244 1439
6245 2717
6246 1440
6247 1440
6248 1440
6249 1440
6250 2481
6251 1440
6252 1440
6253 1440
6254 2694
6255 1441
6256 1596
6257 1441
6258 1443
6259 1499
6260 2141
6261 1447
6262 1447
6263 1447
6264 2110
6265 1480
6266 1454
6267 1458
6268 2178
6269 1461
6270 1663
6271 1547
6272 1465
6273 1465
6274 1467
6275 2372
6276 1469
6277 2764
6278 1473
6279 1574
6280 1473
6281 1476
6282 1477
6283 1477
6284 1477
6285 2527
6286 1477
6287 2302
6288 1477
6289 1477
6290 2038
6291 3380
6292 1477
6293 1621
6294 1477
6295 2352
6296 2885
6297 3203
6298 1477
6299 1839
6300 1477
6301 2795
6302 1478
6303 1478
6304 1480
6305 2874
6306 1484
6307 1484
6308 1554
6309 1486
6310 1992
6311 2748
6312 1491
6313 1492
6314 1495
6315 1496
6316 1496
6317 1498
6318 1499
6319 2571
6320 1499
6321 1503
6322 1503
6323 1503
6324 1503
6325 3073
6326 1503
6327 1503
6328 2821
6329 3024
6330 1503
6331 1504
6332 1505
6333 1506
6334 1507
6335 1507
6336 1509
6337 1513
6338 2987
6339 1516
6340 1517
6341 1517
6342 2175
6343 1517
6344 3210
6345 1518
6346 1518
6347 3386
6348 1520
6349 1520
6350 1520
6351 1520
6352 3138
6353 1669
6354 1520
6355 1521
6356 1522
6357 1522
6358 1522
6359 1522
6360 1524
6361 2938
6362 1524
6363 1525
6364 3140
6365 1786
6366 2257
6367 1526
6368 2985
6369 1764
6370 1828
6371 1529
6372 1529
6373 1530
6374 1711
6375 2048
6376 1532
6377 1532
6378 1534
6379 1534
6380 1534
6381 1534
6382 2374
6383 1535
6384 1535
6385 1535
6386 1535
6387 2716
6388 1535
6389 1535
6390 1535
6391 1535
6392 1535
6393 1535
6394 1535
6395 1753
6396 3241
6397 1536
6398 2187
6399 2677
6400 1536
6401 2882
6402 1537
6403 1948
6404 1745
6405 1537
6406 1537
6407 1537
6408 1537
6409 1537
6410 1724
6411 1540
6412 1830
6413 2221
6414 2802
6415 1542
6416 3260
6417 2828
6418 1545
6419 1547
6420 1547
6421 1547
6422 1914
6423 3107
6424 1549
6425 3256
6426 1549
6427 1558
6428 2032
6429 1558
6430 2309
6431 2776
6432 1558
6433 2054
6434 1558
6435 1779
6436 1558
6437 2778
6438 2213
6439 1558
6440 1558
6441 1558
6442 1558
6443 1558
6444 2262
6445 1558
6446 1558
6447 1558
6448 3288
6449 1558
6450 1558
6451 1558
6452 1558
6453 1558
6454 1558
6455 2740
6456 1559
6457 2685
6458 3355
6459 1561
6460 1561
6461 1561
6462 2024
6463 1563
6464 1564
6465 1564
6466 1580
6467 1564
6468 1564
6469 1566
6470 2865
6471 1856
6472 1566
6473 1566
6474 1566
6475 1566
6476 2317
6477 2906
6478 1572
6479 1577
6480 1577
6481 2832
6482 1734
6483 2003
6484 1577
6485 1577
6486 1577
6487 2833
6488 2298
6489 1577
6490 1577
6491 1577
6492 1577
6493 1577
6494 1582
6495 1587
6496 1587
6497 3352
6498 3185
6499 1589
6500 1589
6501 2028
6502 1589
6503 1592
6504 1592
6505 1592
6506 2223
6507 2096
6508 2219
6509 1598
6510 1598
6511 1598
6512 1598
6513 1598
6514 1598
6515 2345
6516 2768
6517 1599
6518 1599
6519 3191
6520 1599
6521 1599
6522 1600
6523 1600
6524 1965
6525 2644
6526 3304
6527 1609
6528 1612
6529 1612
6530 1612
6531 1612
6532 2362
6533 2975
6534 1618
6535 1618
6536 1618
6537 1618
6538 1620
6539 1621
6540 2457
6541 1626
6542 1718
6543 1628
6544 1630
6545 1630
6546 1630
6547 1635
6548 1637
6549 1637
6550 1637
6551 1637
6552 1638
6553 3205
6554 1640
6555 1641
6556 3079
6557 1644
6558 3158
6559 3323
6560 1646
6561 1648
6562 1649
6563 1649
6564 1650
6565 2955
6566 2990
6567 1706
6568 2923
6569 1658
6570 1666
6571 2611
6572 1666
6573 2088
6574 1667
6575 1668
6576 3368
6577 1668
6578 1668
6579 3108
6580 1668
6581 2841
6582 1672
6583 1672
6584 2019
6585 1855
6586 1672
6587 1672
6588 1672
6589 1672
6590 1672
6591 1672
6592 1672
6593 2511
6594 1672
6595 3298
6596 3243
6597 1672
6598 1672
6599 1672
6600 1672
6601 1672
6602 1672
6603 1740
6604 2022
6605 2936
6606 1674
6607 1674
6608 1674
6609 1674
6610 2675
6611 1674
6612 1674
6613 1674
6614 1675
6615 1677
6616 1679
6617 1684
6618 1686
6619 2636
6620 2086
6621 1686
6622 1686
6623 1686
6624 1686
6625 1686
6626 2389
6627 1686
6628 1686
6629 2333
6630 2368
6631 1687
6632 1687
6633 1687
6634 1687
6635 2534
6636 1687
6637 1687
6638 1864
6639 1694
6640 1712
6641 1733
6642 2185
6643 1699
6644 3172
6645 3367
6646 1699
6647 1699
6648 1699
6649 1699
6650 1699
6651 2678
6652 1699
6653 1699
6654 2935
6655 1799
6656 3180
6657 1704
6658 1704
6659 1704
6660 3284
6661 1704
6662 1704
6663 1704
6664 1704
6665 1704
6666 1704
6667 1704
6668 2887
6669 1707
6670 3031
6671 1710
6672 1710
6673 1710
6674 1710
6675 1710
6676 2934
6677 2430
6678 1713
6679 1714
6680 2053
6681 3011
6682 1714
6683 3046
6684 1715
6685 1715
6686 1715
6687 3123
6688 1715
6689 1715
6690 2852
6691 1716
6692 1716
6693 1718
6694 2234
6695 2719
6696 3349
6697 2350
6698 1728
6699 1730
6700 1730
6701 1730
6702 1732
6703 2825
6704 1736
6705 1736
6706 1737
6707 2744
6708 1739
6709 1740
6710 1741
6711 1741
6712 1783
6713 1742
6714 1742
6715 2615
6716 2982
6717 1745
6718 1745
6719 1747
6720 1747
6721 1748
6722 1749
6723 1749
6724 1749
6725 1751
6726 1751
6727 1751
6728 1816
6729 3274
6730 1753
6731 1753
6732 1753
6733 1780
6734 1753
6735 2845
6736 1753
6737 1755
6738 1759
6739 1759
6740 3181
6741 2626
6742 1761
6743 1761
6744 1761
6745 3131
6746 2752
6747 1762
6748 1920
6749 1766
6750 1766
6751 1770
6752 3331
6753 2047
6754 1773
6755 1775
6756 1775
6757 1775
6758 1776
6759 1776
6760 1781
6761 1782
6762 1783
6763 1783
6764 1785
6765 2646
6766 1793
6767 1793
6768 1793
6769 1795
6770 2122
6771 2065
6772 1802
6773 1802
6774 1802
6775 2376
6776 1802
6777 1802
6778 3262
6779 1802
6780 1802
6781 1802
6782 1931
6783 1802
6784 2634
6785 1802
6786 1802
6787 1803
6788 1803
6789 1803
6790 1803
6791 1803
6792 3039
6793 1808
6794 3118
6795 1808
6796 2143
6797 1808
6798 1808
6799 2726
6800 1808
6801 2718
6802 1808
6803 1808
6804 1808
6805 1808
6806 1808
6807 1808
6808 2360
6809 1808
6810 1808
6811 1808
6812 1808
6813 1808
6814 1808
6815 1808
6816 1808
6817 1953
6818 1808
6819 1808
6820 1808
6821 1808
6822 1808
6823 1808
6824 1902
6825 3345
6826 1808
6827 1808
6828 1808
6829 1808
6830 1808
6831 1808
6832 2844
6833 2313
6834 1808
6835 1808
6836 1808
6837 1847
6838 2089
6839 1959
6840 2729
6841 1808
6842 1810
6843 1810
6844 1810
6845 1813
6846 1817
6847 1817
6848 1818
6849 1818
6850 1819
6851 1820
6852 1821
6853 1821
6854 1980
6855 1824
6856 1825
6857 1827
6858 1829
6859 1829
6860 1832
6861 1833
6862 1833
6863 1839
6864 1839
6865 1839
6866 1841
6867 1841
6868 1841
6869 2084
6870 1894
6871 3305
6872 1841
6873 1942
6874 1841
6875 3317
6876 1841
6877 1841
6878 1841
6879 1841
6880 1841
6881 2009
6882 1842
6883 1847
6884 1849
6885 1849
6886 1849
6887 1849
6888 1849
6889 2450
6890 2766
6891 1854
6892 1854
6893 1854
6894 2308
6895 1854
6896 1854
6897 2944
6898 1856
6899 2445
6900 2705
6901 2575
6902 3152
6903 1925
6904 1861
6905 1861
6906 1861
6907 3050
6908 1861
6909 1861
6910 1861
6911 1861
6912 1861
6913 1861
6914 3278
6915 1862
6916 1862
6917 1862
6918 2484
6919 2087
6920 1864
6921 3327
6922 1864
6923 2490
6924 1864
6925 1864
6926 1864
6927 1864
6928 1864
6929 1864
6930 1864
6931 1864
6932 1864
6933 1864
6934 2194
6935 2026
6936 1869
6937 1869
6938 1869
6939 1872
6940 1875
6941 3103
6942 1875
6943 1876
6944 1876
6945 1877
6946 1879
6947 1882
6948 1882
6949 2522
6950 1883
6951 1883
6952 1883
6953 1883
6954 2822
6955 1883
6956 1883
6957 2796
6958 1883
6959 2259
6960 1883
6961 1884
6962 2012
6963 1884
6964 1886
6965 1886
6966 1886
6967 1886
6968 1886
6969 1886
6970 1986
6971 1981
6972 3030
6973 1886
6974 1886
6975 1886
6976 1886
6977 1886
6978 1888
6979 1894
6980 1894
6981 1894
6982 1894
6983 2062
6984 2536
6985 1894
6986 1894
6987 2750
6988 1894
6989 1894
6990 1894
6991 2689
6992 2817
6993 1895
6994 1895
6995 1956
6996 1900
6997 1900
6998 1900
6999 1900
7000 1900
7001 1900
7002 1900
7003 2928
7004 1901
7005 1901
7006 1901
7007 1903
7008 1905
7009 1905
7010 1905
7011 1912
7012 2011
7013 1912
7014 1912
7015 1912
7016 1913
7017 1914
7018 3147
7019 1915
7020 1915
7021 1915
7022 1915
7023 1917
7024 1917
7025 1918
7026 1920
7027 1920
7028 1921
7029 1922
7030 1922
7031 3001
7032 1925
7033 1925
7034 1925
7035 2659
7036 1925
7037 2549
7038 1926
7039 1926
7040 3064
7041 2836
7042 3017
7043 1927
7044 1927
7045 1927
7046 2278
7047 1928
7048 1928
7049 1929
7050 1929
7051 3052
7052 1929
7053 1929
7054 1931
7055 1932
7056 1932
7057 2582
7058 1932
7059 1932
7060 1938
7061 1938
7062 1939
7063 1939
7064 1939
7065 1941
7066 1941
7067 1941
7068 1941
7069 3350
7070 1941
7071 1944
7072 3016
7073 1944
7074 1944
7075 2385
7076 3229
7077 3281
7078 1945
7079 1945
7080 1945
7081 1945
7082 2164
7083 1945
7084 1996
7085 1945
7086 1945
7087 1945
7088 2463
7089 1945
7090 1945
7091 2967
7092 1945
7093 1945
7094 1945
7095 1945
7096 1945
7097 1945
7098 1945
7099 1945
7100 2858
7101 1946
7102 2335
7103 1947
7104 1947
7105 1947
7106 1947
7107 2897
7108 1949
7109 1949
7110 1949
7111 1949
7112 1949
7113 1949
7114 1949
7115 2183
7116 2245
7117 1949
7118 1949
7119 1950
7120 2660
7121 1950
7122 1950
7123 1950
7124 2287
7125 1950
7126 1950
7127 2855
7128 1951
7129 1952
7130 2290
7131 1952
7132 1952
7133 1952
7134 1956
7135 1956
7136 3088
7137 1958
7138 2151
7139 1961
7140 1962
7141 3209
7142 1962
7143 1962
7144 1962
7145 1962
7146 1962
7147 1963
7148 1963
7149 2195
7150 2083
7151 3025
7152 2460
7153 2875
7154 1965
7155 1965
7156 2501
7157 1965
7158 1965
7159 2131
7160 2343
7161 1965
7162 2565
7163 1968
7164 1968
7165 1968
7166 1968
7167 1969
7168 2094
7169 1972
7170 2926
7171 2507
7172 1977
7173 1977
7174 1977
7175 1977
7176 1977
7177 1977
7178 1977
7179 1977
7180 1977
7181 1977
7182 1977
7183 1977
7184 3043
7185 1980
7186 2654
7187 2581
7188 2505
7189 1980
7190 1980
7191 1981
7192 1981
7193 1981
7194 1982
7195 1982
7196 1982
7197 1982
7198 1985
7199 1985
7200 1985
7201 2239
7202 1986
7203 2797
7204 1989
7205 2605
7206 1989
7207 1991
7208 1991
7209 1991
7210 1994
7211 1994
7212 2962
7213 1994
7214 1994
7215 1994
7216 1994
7217 1994
7218 2073
7219 1994
7220 1994
7221 1994
7222 1994
7223 1994
7224 1994
7225 1994
7226 1994
7227 1994
7228 3293
7229 2254
7230 2506
7231 2163
7232 1998
7233 3238
7234 2560
7235 2007
7236 2880
7237 2009
7238 2009
7239 2010
7240 3055
7241 2010
7242 2010
7243 2010
7244 2016
7245 2767
7246 2192
7247 2016
7248 2018
7249 2960
7250 2019
7251 2020
7252 2020
7253 2020
7254 2020
7255 3333
7256 3169
7257 2805
7258 2023
7259 2023
7260 2485
7261 2026
7262 2026
7263 3387
7264 2027
7265 2028
7266 2028
7267 2031
7268 2031
7269 2032
7270 2032
7271 2032
7272 2032
7273 2081
7274 2033
7275 2033
7276 3170
7277 2034
7278 2038
7279 3187
7280 2040
7281 2040
7282 2040
7283 2721
7284 2040
7285 2233
7286 2040
7287 2040
7288 2040
7289 2040
7290 2467
7291 2040
7292 3022
7293 2041
7294 2042
7295 2042
7296 2044
7297 2049
7298 2049
7299 2049
7300 2052
7301 2052
7302 2057
7303 2052
7304 2052
7305 2643
7306 2052
7307 2872
7308 2052
7309 2052
7310 2052
7311 2052
7312 2053
7313 2055
7314 2055
7315 2055
7316 2055
7317 3224
7318 2055
7319 2066
7320 2066
7321 2066
7322 3239
7323 2068
7324 2068
7325 2073
7326 3242
7327 2075
7328 2075
7329 2077
7330 2078
7331 2078
7332 2078
7333 2078
7334 3093
7335 3362
7336 2079
7337 2079
7338 2079
7339 2079
7340 2079
7341 2838
7342 2082
7343 2462
7344 2086
7345 2090
7346 2092
7347 2092
7348 2094
7349 2095
7350 2631
7351 2422
7352 2112
7353 2096
7354 2096
7355 2096
7356 2096
7357 2096
7358 2096
7359 2096
7360 2099
7361 2099
7362 2100
7363 2101
7364 3192
7365 2104
7366 3080
7367 2106
7368 2599
7369 2107
7370 2137
7371 2107
7372 2107
7373 2111
7374 3028
7375 2111
7376 2111
7377 2111
7378 2111
7379 2111
7380 3311
7381 2111
7382 2111
7383 2111
7384 2444
7385 2111
7386 2111
7387 2111
7388 2111
7389 2595
7390 2114
7391 2356
7392 2115
7393 2115
7394 2115
7395 2115
7396 2116
7397 2117
7398 2120
7399 2120
7400 2886
7401 2120
7402 2120
7403 2513
7404 2120
7405 2602
7406 2120
7407 2120
7408 2120
7409 2142
7410 2120
7411 2120
7412 3200
7413 2564
7414 2121
7415 2121
7416 2121
7417 2121
7418 2884
7419 2792
7420 2514
7421 2121
7422 2121
7423 2129
7424 2121
7425 2121
7426 2121
7427 2121
7428 2121
7429 2121
7430 2172
7431 2121
7432 2121
7433 2121
7434 2121
7435 2121
7436 2121
7437 2121
7438 3287
7439 2121
7440 2122
7441 2124
7442 2124
7443 2125
7444 3319
7445 2125
7446 2487
7447 2126
7448 2126
7449 2127
7450 2127
7451 2127
7452 2129
7453 2131
7454 2131
7455 2131
7456 3206
7457 2739
7458 3086
7459 2131
7460 2131
7461 2131
7462 2131
7463 2131
7464 2958
7465 2131
7466 2131
7467 2131
7468 2131
7469 2131
7470 2917
7471 2131
7472 2131
7473 3290
7474 2131
7475 2131
7476 2131
7477 2131
7478 2131
7479 2131
7480 2131
7481 2131
7482 2131
7483 2131
7484 2131
7485 2131
7486 2131
7487 2131
7488 2594
7489 2131
7490 3329
7491 2131
7492 2131
7493 2131
7494 2131
7495 2131
7496 2131
7497 2131
7498 2155
7499 2131
7500 2131
7501 2131
7502 2131
7503 2131
7504 2131
7505 2131
7506 2131
7507 2131
7508 3051
7509 2131
7510 2131
7511 2131
7512 2318
7513 2131
7514 2131
7515 3143
7516 2131
7517 2131
7518 2131
7519 2131
7520 2131
7521 2131
7522 2131
7523 2131
7524 2131
7525 2131
7526 2131
7527 3391
7528 2131
7529 2131
7530 3164
7531 2411
7532 2131
7533 2816
7534 2131
7535 3257
7536 2423
7537 3121
7538 2132
7539 2134
7540 2135
7541 2138
7542 2140
7543 2140
7544 2141
7545 2141
7546 2347
7547 2141
7548 2321
7549 2142
7550 2142
7551 2142
7552 2142
7553 2142
7554 2142
7555 2755
7556 2142
7557 2142
7558 2142
7559 2142
7560 2144
7561 3106
7562 2144
7563 2144
7564 2144
7565 2144
7566 2146
7567 2146
7568 2146
7569 2240
7570 2146
7571 2146
7572 2146
7573 2703
7574 2146
7575 2146
7576 2147
7577 2148
7578 2148
7579 2149
7580 2673
7581 2149
7582 2812
7583 3374
7584 2149
7585 2851
7586 2149
7587 2149
7588 2149
7589 2149
7590 2149
7591 2149
7592 2149
7593 2149
7594 2149
7595 2877
7596 2149
7597 2746
7598 2149
7599 2375
7600 2149
7601 2279
7602 2149
7603 2149
7604 2149
7605 2149
7606 2775
7607 2152
7608 2152
7609 3196
7610 2152
7611 2153
7612 2153
7613 2153
7614 2153
7615 2154
7616 2155
7617 2156
7618 2159
7619 2569
7620 2160
7621 2162
7622 2164
7623 2164
7624 2164
7625 2164
7626 2164
7627 2164
7628 2167
7629 2167
7630 2168
7631 2168
7632 2793
7633 2168
7634 2168
7635 2168
7636 2168
7637 2168
7638 2168
7639 2168
7640 2170
7641 2170
7642 2988
7643 2173
7644 2176
7645 2176
7646 2177
7647 2994
7648 2178
7649 2181
7650 3105
7651 2181
7652 2181
7653 2181
7654 2181
7655 2182
7656 2183
7657 2186
7658 2186
7659 2186
7660 2189
7661 2587
7662 3008
7663 2189
7664 3394
7665 2191
7666 2191
7667 2192
7668 2435
7669 3146
7670 2198
7671 2198
7672 2956
7673 2199
7674 2201
7675 2201
7676 2201
7677 2202
7678 2202
7679 2205
7680 2205
7681 2319
7682 2209
7683 2209
7684 2209
7685 2830
7686 2209
7687 3233
7688 2258
7689 2213
7690 2213
7691 2217
7692 2448
7693 2223
7694 2701
7695 2224
7696 2224
7697 2224
7698 2224
7699 2228
7700 2671
7701 2229
7702 2229
7703 2229
7704 2312
7705 2230
7706 2892
7707 2230
7708 2230
7709 2499
7710 2234
7711 2234
7712 2234
7713 2234
7714 2234
7715 2236
7716 2483
7717 3062
7718 2236
7719 2236
7720 2236
7721 2238
7722 2476
7723 2244
7724 2245
7725 2461
7726 2246
7727 2713
7728 2246
7729 2246
7730 2246
7731 2246
7732 2697
7733 2246
7734 2246
7735 2246
7736 2249
7737 2249
7738 2249
7739 2334
7740 3371
7741 2679
7742 2250
7743 2625
7744 2251
7745 2251
7746 2251
7747 2251
7748 2255
7749 2255
7750 2255
7751 2255
7752 2269
7753 2256
7754 2256
7755 2256
7756 2257
7757 2257
7758 2257
7759 2257
7760 2593
7761 2258
7762 2264
7763 2264
7764 2687
7765 2264
7766 2264
7767 2264
7768 2264
7769 2264
7770 2264
7771 2264
7772 2265
7773 2267
7774 3094
7775 2269
7776 2632
7777 2272
7778 2881
7779 2272
7780 2363
7781 2279
7782 2279
7783 2747
7784 2279
7785 3066
7786 2279
7787 2279
7788 2285
7789 2290
7790 2929
7791 2291
7792 2291
7793 2292
7794 2293
7795 2294
7796 2297
7797 2298
7798 2627
7799 2298
7800 2298
7801 2742
7802 3045
7803 2298
7804 2298
7805 2382
7806 2807
7807 2298
7808 2579
7809 3306
7810 2299
7811 2299
7812 2301
7813 3273
7814 2303
7815 2303
7816 2842
7817 2303
7818 2304
7819 2966
7820 2305
7821 2305
7822 2305
7823 2305
7824 2305
7825 2408
7826 2305
7827 2305
7828 2692
7829 2305
7830 2306
7831 2306
7832 2306
7833 2306
7834 2948
7835 2306
7836 2306
7837 2306
7838 2307
7839 2310
7840 2310
7841 2310
7842 2310
7843 2310
7844 2310
7845 2310
7846 3007
7847 2310
7848 2310
7849 2310
7850 2310
7851 2459
7852 2310
7853 2310
7854 2310
7855 2354
7856 2310
7857 2313
7858 2609
7859 2316
7860 2317
7861 2317
7862 2320
7863 2321
7864 2322
7865 2669
7866 2323
7867 2325
7868 2325
7869 2614
7870 2328
7871 2329
7872 2329
7873 2332
7874 2333
7875 2333
7876 2333
7877 2333
7878 2334
7879 2334
7880 2335
7881 2338
7882 2827
7883 2340
7884 2342
7885 2349
7886 2351
7887 2352
7888 2352
7889 3320
7890 2353
7891 2353
7892 2356
7893 2356
7894 2358
7895 2725
7896 2360
7897 2360
7898 2360
7899 2371
7900 2598
7901 2360
7902 2360
7903 2360
7904 2365
7905 2365
7906 2365
7907 2365
7908 2368
7909 2368
7910 2387
7911 2369
7912 2369
7913 2373
7914 2373
7915 2373
7916 2373
7917 2374
7918 2374
7919 2377
7920 2380
7921 2380
7922 2380
7923 2382
7924 2383
7925 2418
7926 2387
7927 2390
7928 2392
7929 2394
7930 2394
7931 2394
7932 2394
7933 2394
7934 2394
7935 2396
7936 2396
7937 2397
7938 2399
7939 2399
7940 2402
7941 3117
7942 2406
7943 2406
7944 2406
7945 2407
7946 2407
7947 3379
7948 2409
7949 3151
7950 2412
7951 2412
7952 2412
7953 2412
7954 2413
7955 3292
7956 2415
7957 2415
7958 3299
7959 2415
7960 2415
7961 2415
7962 2785
7963 2415
7964 2415
7965 3208
7966 2415
7967 3364
7968 2415
7969 2464
7970 2622
7971 2420
7972 2961
7973 2421
7974 2421
7975 2421
7976 2421
7977 2422
7978 2423
7979 2423
7980 2425
7981 2425
7982 3154
7983 2425
7984 2425
7985 2425
7986 2425
7987 2425
7988 2425
7989 2425
7990 2931
7991 2425
7992 2425
7993 2465
7994 2425
7995 2425
7996 2425
7997 2425
7998 2425
7999 2425
8000 3223
8001 2425
8002 2430
8003 2435
8004 2435
8005 2435
8006 2589
8007 2435
8008 2435
8009 2435
8010 2435
8011 2435
8012 2435
8013 2435
8014 2435
8015 2436
8016 2436
8017 2439
8018 2440
8019 2441
8020 2441
8021 2619
8022 2443
8023 3204
8024 2443
8025 2443
8026 2443
8027 2977
8028 2444
8029 2444
8030 2444
8031 2444
8032 3377
8033 2444
8034 2444
8035 2573
8036 2693
8037 2451
8038 2451
8039 3314
8040 2452
8041 2454
8042 3026
8043 2455
8044 2455
8045 2455
8046 2455
8047 2455
8048 3097
8049 2455
8050 2455
8051 2456
8052 2456
8053 2456
8054 2457
8055 2459
8056 2459
8057 2459
8058 2460
8059 2460
8060 2460
8061 2460
8062 2460
8063 3015
8064 2941
8065 3378
8066 2461
8067 2462
8068 2466
8069 2466
8070 2466
8071 2466
8072 2466
8073 2466
8074 2466
8075 2466
8076 2466
8077 2466
8078 2651
8079 2466
8080 2466
8081 2466
8082 3244
8083 2466
8084 2466
8085 2466
8086 2466
8087 2466
8088 2466
8089 2466
8090 2466
8091 3102
8092 2466
8093 2466
8094 2466
8095 2466
8096 2466
8097 2466
8098 2466
8099 2466
8100 2466
8101 2466
8102 2466
8103 2466
8104 2466
8105 2466
8106 2466
8107 2466
8108 2466
8109 2466
8110 2466
8111 2466
8112 2466
8113 3254
8114 2466
8115 2466
8116 2466
8117 2466
8118 2466
8119 2466
8120 2467
8121 2467
8122 2467
8123 2467
8124 2468
8125 2468
8126 2468
8127 2468
8128 2471
8129 2471
8130 2471
8131 2471
8132 2473
8133 2473
8134 2473
8135 2478
8136 2480
8137 2480
8138 2769
8139 3173
8140 2794
8141 2482
8142 2482
8143 2482
8144 2482
8145 2482
8146 2482
8147 2482
8148 2482
8149 2482
8150 2482
8151 2485
8152 2486
8153 2486
8154 2486
8155 2486
8156 2486
8157 2486
8158 2486
8159 2486
8160 2486
8161 2486
8162 2486
8163 2492
8164 2486
8165 2486
8166 2486
8167 2487
8168 2487
8169 2487
8170 2487
8171 2487
8172 2487
8173 2876
8174 2487
8175 2487
8176 2487
8177 2487
8178 2487
8179 2487
8180 2487
8181 2487
8182 2487
8183 2788
8184 2487
8185 2487
8186 2487
8187 2720
8188 2487
8189 2487
8190 2487
8191 2487
8192 2487
8193 2487
8194 2487
8195 2487
8196 2487
8197 2487
8198 2487
8199 2487
8200 3248
8201 2487
8202 2487
8203 2487
8204 2487
8205 2487
8206 2487
8207 2487
8208 2487
8209 2487
8210 2487
8211 2487
8212 2487
8213 2487
8214 2487
8215 2698
8216 2487
8217 2487
8218 2487
8219 2487
8220 2487
8221 2487
8222 2487
8223 2487
8224 2487
8225 2487
8226 2487
8227 2488
8228 2490
8229 2491
8230 2491
8231 2492
8232 2896
8233 2494
8234 2494
8235 2494
8236 2494
8237 3135
8238 3211
8239 2495
8240 2495
8241 2495
8242 2495
8243 2495
8244 2495
8245 3136
8246 2495
8247 2495
8248 2585
8249 2495
8250 2495
8251 2495
8252 2495
8253 3310
8254 2495
8255 2495
8256 2495
8257 2495
8258 2495
8259 2495
8260 2495
8261 2495
8262 2676
8263 2498
8264 2499
8265 3348
8266 3321
8267 2499
8268 2499
8269 2879
8270 2499
8271 2501
8272 2501
8273 2723
8274 2502
8275 2502
8276 2502
8277 2707
8278 2502
8279 2502
8280 2502
8281 2502
8282 2502
8283 2502
8284 2502
8285 2555
8286 2502
8287 2991
8288 2502
8289 2502
8290 2502
8291 2772
8292 2502
8293 2502
8294 2502
8295 2502
8296 2502
8297 3286
8298 2657
8299 2502
8300 2502
8301 2502
8302 2506
8303 2506
8304 2506
8305 2700
8306 2506
8307 2506
8308 2506
8309 2506
8310 2507
8311 2738
8312 2507
8313 2508
8314 2710
8315 2508
8316 2509
8317 2510
8318 2511
8319 2550
8320 3134
8321 3077
8322 2511
8323 2513
8324 2513
8325 3338
8326 2515
8327 2824
8328 2516
8329 2516
8330 2520
8331 2526
8332 2526
8333 2526
8334 2526
8335 2531
8336 2531
8337 2531
8338 2531
8339 2531
8340 3300
8341 2531
8342 2532
8343 2532
8344 2532
8345 2533
8346 2533
8347 2533
8348 2535
8349 2839
8350 2535
8351 2535
8352 2535
8353 2535
8354 2535
8355 2535
8356 2535
8357 2535
8358 2535
8359 2535
8360 2535
8361 2535
8362 2535
8363 2535
8364 2535
8365 2535
8366 2535
8367 2535
8368 2535
8369 2537
8370 2537
8371 2540
8372 2540
8373 2540
8374 2540
8375 2540
8376 2540
8377 2540
8378 2540
8379 2540
8380 2540
8381 2860
8382 2540
8383 2540
8384 2540
8385 2540
8386 2540
8387 2540
8388 2540
8389 2540
8390 2540
8391 2540
8392 2540
8393 2540
8394 2540
8395 2540
8396 2540
8397 3337
8398 2540
8399 2540
8400 2540
8401 2540
8402 2930
8403 3171
8404 2540
8405 2540
8406 2540
8407 2540
8408 2540
8409 2540
8410 2540
8411 2540
8412 2540
8413 2540
8414 2540
8415 2540
8416 2540
8417 2803
8418 2540
8419 2543
8420 2543
8421 2543
8422 2543
8423 2543
8424 3114
8425 3076
8426 2543
8427 2543
8428 2543
8429 2544
8430 2799
8431 2546
8432 2546
8433 2549
8434 2549
8435 2549
8436 2549
8437 2549
8438 2826
8439 2549
8440 2549
8441 2549
8442 2549
8443 2551
8444 2551
8445 2551
8446 2551
8447 2551
8448 2551
8449 2551
8450 2551
8451 2551
8452 2831
8453 2551
8454 2551
8455 2551
8456 2551
8457 2554
8458 2555
8459 2555
8460 2555
8461 2555
8462 2556
8463 2556
8464 3115
8465 2557
8466 2564
8467 2566
8468 2566
8469 2566
8470 3344
8471 2566
8472 2566
8473 2566
8474 2900
8475 2566
8476 2569
8477 2569
8478 2570
8479 2570
8480 2571
8481 2571
8482 2704
8483 2572
8484 3313
8485 3012
8486 2573
8487 2933
8488 2576
8489 2578
8490 2578
8491 2578
8492 2946
8493 2584
8494 2584
8495 2584
8496 2584
8497 2587
8498 2588
8499 2588
8500 2593
8501 3019
8502 2593
8503 2593
8504 2593
8505 3060
8506 2593
8507 2593
8508 3296
8509 2593
8510 2593
8511 2593
8512 2593
8513 2593
8514 3159
8515 2596
8516 2736
8517 2597
8518 2600
8519 2601
8520 2601
8521 3087
8522 2601
8523 2601
8524 2603
8525 2603
8526 2603
8527 2603
8528 2605
8529 2605
8530 2605
8531 2605
8532 2605
8533 2607
8534 2607
8535 2607
8536 2607
8537 2607
8538 2650
8539 2607
8540 2607
8541 2607
8542 2607
8543 2607
8544 2607
8545 2607
8546 2607
8547 2607
8548 2607
8549 2607
8550 2607
8551 2607
8552 2607
8553 2607
8554 2607
8555 2608
8556 3295
8557 2608
8558 2614
8559 2614
8560 2614
8561 2615
8562 2615
8563 2616
8564 2616
8565 2616
8566 2763
8567 2619
8568 2619
8569 3096
8570 3264
8571 2621
8572 2624
8573 2624
8574 2624
8575 2625
8576 2625
8577 3232
8578 2868
8579 2625
8580 2625
8581 2625
8582 2626
8583 2626
8584 2626
8585 2626
8586 3280
8587 2626
8588 2626
8589 2626
8590 2627
8591 2627
8592 2628
8593 2629
8594 2633
8595 2636
8596 2636
8597 2637
8598 2638
8599 2638
8600 2640
8601 2640
8602 2640
8603 2640
8604 2641
8605 2644
8606 3227
8607 2649
8608 2649
8609 2655
8610 2655
8611 2655
8612 2657
8613 2657
8614 2657
8615 2660
8616 2660
8617 2660
8618 2660
8619 2660
8620 2660
8621 2662
8622 2922
8623 2663
8624 2663
8625 2663
8626 2664
8627 3150
8628 2665
8629 2668
8630 2668
8631 2669
8632 2669
8633 2673
8634 2673
8635 2673
8636 2675
8637 2677
8638 2677
8639 2677
8640 2677
8641 2679
8642 2679
8643 2679
8644 2679
8645 2680
8646 2683
8647 2686
8648 2686
8649 2686
8650 2686
8651 2687
8652 2687
8653 2687
8654 2687
8655 3112
8656 2687
8657 2687
8658 2687
8659 2687
8660 2687
8661 2687
8662 2687
8663 2687
8664 2687
8665 2687
8666 3098
8667 2687
8668 2687
8669 2687
8670 2687
8671 2687
8672 2687
8673 2687
8674 2687
8675 2687
8676 2687
8677 2687
8678 2741
8679 2687
8680 2687
8681 2687
8682 2687
8683 2911
8684 2687
8685 2687
8686 2687
8687 3021
8688 2687
8689 2687
8690 2687
8691 2687
8692 2687
8693 2687
8694 2940
8695 2687
8696 2687
8697 2903
8698 2687
8699 2687
8700 2687
8701 2687
8702 2687
8703 2687
8704 2687
8705 2854
8706 2687
8707 2687
8708 2902
8709 3240
8710 2687
8711 2687
8712 2687
8713 2687
8714 2709
8715 2687
8716 2687
8717 3184
8718 3213
8719 2687
8720 2687
8721 2687
8722 2687
8723 2687
8724 2687
8725 2687
8726 2687
8727 2687
8728 3197
8729 2687
8730 2687
8731 2687
8732 2687
8733 2687
8734 2687
8735 2779
8736 2687
8737 2687
8738 2687
8739 2687
8740 2687
8741 2687
8742 2687
8743 2687
8744 2687
8745 2687
8746 2687
8747 2687
8748 2687
8749 2687
8750 2687
8751 2687
8752 2687
8753 2687
8754 2687
8755 2687
8756 2687
8757 2687
8758 3231
8759 2687
8760 2687
8761 2687
8762 2687
8763 2687
8764 2687
8765 2687
8766 2687
8767 2687
8768 2687
8769 2687
8770 2687
8771 2687
8772 2687
8773 2687
8774 2687
8775 2687
8776 2687
8777 2687
8778 2687
8779 2687
8780 2687
8781 2687
8782 2687
8783 2687
8784 2687
8785 2687
8786 2687
8787 2687
8788 2687
8789 2687
8790 2687
8791 2687
8792 2687
8793 2687
8794 2687
8795 2688
8796 2688
8797 2708
8798 2688
8799 2688
8800 2688
8801 2688
8802 2688
8803 2688
8804 2688
8805 2688
8806 2688
8807 2688
8808 2689
8809 2689
8810 2689
8811 2689
8812 2689
8813 2689
8814 2689
8815 2689
8816 2689
8817 2689
8818 2689
8819 2689
8820 2689
8821 2689
8822 2689
8823 2690
8824 2691
8825 2912
8826 2696
8827 2696
8828 2696
8829 2696
8830 2696
8831 2696
8832 2696
8833 2699
8834 2700
8835 3271
8836 2704
8837 2704
8838 2916
8839 2704
8840 2704
8841 2704
8842 2704
8843 2704
8844 2704
8845 2704
8846 2704
8847 2704
8848 2704
8849 2704
8850 2704
8851 2704
8852 2704
8853 2704
8854 2704
8855 3250
8856 2706
8857 2706
8858 2707
8859 2707
8860 2708
8861 2712
8862 2712
8863 2712
8864 2715
8865 2715
8866 2716
8867 2717
8868 2726
8869 2727
8870 2727
8871 2728
8872 2728
8873 2728
8874 2728
8875 2728
8876 2730
8877 2730
8878 2730
8879 2730
8880 2730
8881 2730
8882 2730
8883 2732
8884 2733
8885 2733
8886 2733
8887 2733
8888 2733
8889 2733
8890 2733
8891 2733
8892 2735
8893 2736
8894 2739
8895 2739
8896 2740
8897 2741
8898 2741
8899 2741
8900 2741
8901 2741
8902 2741
8903 2741
8904 2741
8905 2741
8906 2741
8907 2741
8908 3316
8909 2742
8910 2744
8911 2744
8912 2746
8913 2747
8914 2751
8915 2753
8916 2754
8917 3216
8918 2755
8919 2755
8920 2755
8921 2755
8922 2973
8923 2755
8924 2755
8925 2755
8926 2755
8927 2755
8928 2755
8929 3356
8930 2756
8931 2758
8932 2761
8933 2763
8934 2763
8935 2763
8936 2763
8937 2763
8938 2767
8939 2767
8940 2767
8941 2767
8942 2767
8943 2767
8944 3065
8945 3315
8946 2771
8947 2771
8948 2775
8949 2775
8950 2775
8951 2777
8952 2777
8953 2779
8954 2779
8955 2780
8956 2780
8957 2781
8958 2783
8959 2787
8960 2787
8961 2788
8962 2791
8963 2791
8964 2791
8965 2791
8966 2794
8967 2794
8968 2798
8969 2799
8970 2800
8971 2801
8972 2801
8973 2801
8974 2801
8975 2801
8976 2801
8977 2801
8978 2801
8979 2801
8980 2801
8981 2805
8982 2805
8983 2805
8984 2805
8985 3056
8986 2809
8987 2809
8988 2809
8989 2809
8990 2809
8991 3081
8992 2809
8993 2809
8994 2809
8995 2811
8996 2811
8997 2811
8998 2811
8999 2811
9000 2811
9001 2811
9002 2811
9003 2812
9004 2816
9005 2816
9006 2817
9007 2818
9008 2818
9009 2819
9010 2820
9011 2820
9012 2820
9013 2820
9014 2820
9015 2927
9016 3133
9017 2820
9018 2820
9019 2820
9020 2820
9021 2820
9022 2820
9023 2820
9024 2820
9025 2820
9026 2820
9027 2989
9028 3091
9029 2820
9030 2820
9031 2820
9032 2974
9033 2820
9034 2820
9035 2820
9036 2820
9037 2820
9038 2894
9039 2820
9040 2820
9041 2820
9042 2820
9043 2820
9044 2820
9045 2820
9046 2820
9047 2820
9048 2820
9049 2820
9050 2820
9051 2859
9052 2820
9053 2820
9054 3069
9055 2820
9056 2820
9057 2820
9058 2820
9059 2820
9060 2820
9061 2820
9062 2820
9063 2820
9064 2820
9065 2820
9066 2820
9067 2820
9068 2820
9069 2820
9070 2820
9071 2820
9072 2825
9073 2826
9074 2947
9075 2829
9076 2829
9077 3341
9078 2829
9079 2829
9080 2830
9081 2830
9082 2952
9083 2830
9084 3163
9085 2832
9086 2834
9087 2834
9088 2834
9089 3249
9090 2834
9091 2834
9092 2834
9093 2834
9094 2836
9095 2836
9096 2836
9097 2836
9098 2838
9099 2839
9100 2839
9101 2839
9102 2839
9103 2839
9104 2839
9105 2839
9106 2839
9107 3226
9108 2840
9109 2841
9110 2845
9111 3390
9112 2846
9113 3346
9114 2847
9115 2850
9116 2853
9117 2853
9118 3334
9119 2856
9120 2856
9121 2859
9122 2859
9123 2859
9124 3339
9125 3110
9126 2867
9127 2867
9128 2867
9129 2867
9130 2867
9131 2867
9132 2867
9133 2867
9134 2867
9135 2867
9136 2867
9137 2867
9138 2867
9139 2867
9140 2867
9141 2868
9142 2868
9143 2868
9144 2868
9145 2868
9146 2868
9147 2870
9148 2871
9149 2871
9150 2871
9151 2871
9152 2871
9153 2872
9154 2872
9155 2872
9156 2996
9157 2876
9158 2876
9159 2878
9160 2878
9161 2878
9162 2878
9163 2878
9164 2878
9165 2918
9166 2881
9167 2881
9168 2882
9169 2882
9170 2883
9171 2884
9172 2885
9173 2886
9174 2886
9175 2886
9176 2889
9177 2890
9178 2890
9179 2890
9180 2890
9181 2891
9182 2893
9183 3127
9184 2898
9185 2898
9186 2898
9187 2913
9188 2898
9189 2898
9190 2898
9191 2898
9192 2898
9193 2898
9194 2898
9195 2898
9196 2898
9197 2898
9198 2898
9199 2898
9200 2898
9201 2898
9202 2984
9203 2898
9204 2898
9205 2898
9206 2898
9207 2898
9208 2903
9209 3083
9210 2905
9211 2906
9212 2906
9213 2906
9214 2906
9215 2906
9216 2906
9217 2906
9218 2907
9219 2908
9220 2908
9221 2908
9222 2908
9223 2909
9224 2909
9225 2911
9226 2911
9227 2911
9228 2911
9229 2911
9230 2912
9231 2913
9232 2913
9233 2913
9234 2913
9235 2915
9236 2916
9237 2916
9238 2917
9239 2917
9240 2917
9241 2918
9242 2918
9243 3369
9244 2922
9245 2922
9246 2923
9247 2923
9248 3160
9249 2923
9250 2923
9251 3113
9252 2923
9253 2923
9254 2923
9255 2924
9256 2924
9257 2924
9258 2924
9259 2925
9260 2929
9261 2929
9262 2930
9263 2935
9264 2935
9265 2936
9266 2937
9267 2941
9268 2942
9269 2942
9270 2942
9271 2942
9272 2942
9273 2942
9274 3137
9275 2944
9276 2944
9277 2944
9278 2944
9279 2944
9280 2946
9281 2968
9282 2947
9283 2947
9284 2947
9285 2947
9286 2948
9287 2948
9288 2948
9289 2950
9290 2950
9291 2950
9292 2950
9293 2951
9294 2951
9295 3190
9296 2951
9297 2951
9298 2952
9299 2953
9300 2953
9301 2953
9302 2953
9303 2953
9304 2953
9305 3034
9306 2960
9307 2961
9308 2963
9309 2963
9310 2963
9311 2965
9312 2965
9313 2965
9314 2966
9315 2966
9316 2966
9317 2968
9318 2969
9319 2969
9320 2971
9321 2971
9322 2971
9323 2973
9324 2974
9325 2978
9326 2981
9327 2981
9328 2981
9329 2981
9330 2981
9331 2981
9332 3041
9333 2981
9334 2981
9335 2981
9336 2981
9337 2983
9338 2984
9339 2984
9340 2984
9341 2987
9342 2987
9343 2987
9344 2987
9345 2987
9346 2987
9347 2987
9348 2987
9349 2987
9350 3395
9351 2987
9352 2987
9353 2987
9354 2987
9355 2988
9356 2988
9357 2988
9358 2988
9359 3189
9360 2989
9361 2991
9362 2991
9363 2992
9364 2992
9365 2992
9366 2994
9367 2994
9368 2994
9369 2994
9370 2994
9371 2994
9372 2998
9373 3000
9374 3000
9375 3000
9376 3000
9377 3003
9378 3006
9379 3008
9380 3008
9381 3009
9382 3009
9383 3009
9384 3013
9385 3014
9386 3014
9387 3014
9388 3275
9389 3018
9390 3019
9391 3019
9392 3186
9393 3141
9394 3024
9395 3024
9396 3025
9397 3026
9398 3033
9399 3179
9400 3033
9401 3033
9402 3033
9403 3033
9404 3033
9405 3035
9406 3035
9407 3035
9408 3035
9409 3035
9410 3035
9411 3035
9412 3035
9413 3035
9414 3035
9415 3035
9416 3035
9417 3036
9418 3342
9419 3037
9420 3038
9421 3038
9422 3039
9423 3039
9424 3039
9425 3041
9426 3041
9427 3041
9428 3041
9429 3041
9430 3041
9431 3041
9432 3041
9433 3041
9434 3042
9435 3042
9436 3042
9437 3043
9438 3047
9439 3047
9440 3047
9441 3047
9442 3047
9443 3047
9444 3047
9445 3047
9446 3047
9447 3047
9448 3047
9449 3047
9450 3047
9451 3047
9452 3047
9453 3047
9454 3049
9455 3054
9456 3054
9457 3054
9458 3054
9459 3061
9460 3061
9461 3061
9462 3063
9463 3063
9464 3063
9465 3063
9466 3064
9467 3065
9468 3071
9469 3073
9470 3073
9471 3079
9472 3080
9473 3080
9474 3119
9475 3084
9476 3085
9477 3126
9478 3085
9479 3085
9480 3086
9481 3086
9482 3086
9483 3086
9484 3086
9485 3086
9486 3086
9487 3086
9488 3086
9489 3086
9490 3086
9491 3086
9492 3086
9493 3086
9494 3086
9495 3086
9496 3086
9497 3088
9498 3089
9499 3091
9500 3092
9501 3094
9502 3094
9503 3094
9504 3094
9505 3096
9506 3096
9507 3096
9508 3096
9509 3096
9510 3373
9511 3096
9512 3096
9513 3096
9514 3335
9515 3097
9516 3097
9517 3097
9518 3098
9519 3100
9520 3100
9521 3245
9522 3100
9523 3100
9524 3101
9525 3102
9526 3102
9527 3102
9528 3105
9529 3108
9530 3108
9531 3109
9532 3109
9533 3111
9534 3113
9535 3114
9536 3114
9537 3114
9538 3114
9539 3114
9540 3114
9541 3114
9542 3114
9543 3114
9544 3115
9545 3117
9546 3117
9547 3118
9548 3118
9549 3118
9550 3118
9551 3118
9552 3118
9553 3118
9554 3118
9555 3120
9556 3121
9557 3125
9558 3127
9559 3128
9560 3289
9561 3128
9562 3128
9563 3128
9564 3130
9565 3133
9566 3135
9567 3135
9568 3135
9569 3137
9570 3138
9571 3138
9572 3138
9573 3138
9574 3138
9575 3138
9576 3139
9577 3140
9578 3141
9579 3141
9580 3141
9581 3141
9582 3141
9583 3141
9584 3141
9585 3141
9586 3141
9587 3141
9588 3141
9589 3141
9590 3144
9591 3144
9592 3144
9593 3144
9594 3144
9595 3269
9596 3146
9597 3366
9598 3146
9599 3146
9600 3146
9601 3146
9602 3148
9603 3150
9604 3152
9605 3152
9606 3154
9607 3159
9608 3160
9609 3161
9610 3162
9611 3162
9612 3162
9613 3162
9614 3162
9615 3166
9616 3167
9617 3168
9618 3168
9619 3168
9620 3169
9621 3172
9622 3172
9623 3172
9624 3175
9625 3180
9626 3180
9627 3180
9628 3180
9629 3180
9630 3180
9631 3180
9632 3180
9633 3322
9634 3180
9635 3182
9636 3182
9637 3185
9638 3185
9639 3187
9640 3191
9641 3192
9642 3192
9643 3192
9644 3192
9645 3192
9646 3193
9647 3195
9648 3195
9649 3195
9650 3195
9651 3196
9652 3375
9653 3199
9654 3199
9655 3199
9656 3199
9657 3200
9658 3201
9659 3202
9660 3203
9661 3203
9662 3203
9663 3203
9664 3204
9665 3207
9666 3209
9667 3265
9668 3210
9669 3210
9670 3210
9671 3211
9672 3216
9673 3216
9674 3217
9675 3220
9676 3221
9677 3221
9678 3226
9679 3226
9680 3227
9681 3227
9682 3229
9683 3232
9684 3232
9685 3232
9686 3233
9687 3233
9688 3233
9689 3234
9690 3234
9691 3234
9692 3234
9693 3234
9694 3234
9695 3234
9696 3234
9697 3234
9698 3234
9699 3234
9700 3234
9701 3234
9702 3234
9703 3234
9704 3234
9705 3234
9706 3234
9707 3234
9708 3234
9709 3234
9710 3234
9711 3234
9712 3234
9713 3234
9714 3234
9715 3234
9716 3234
9717 3234
9718 3234
9719 3234
9720 3234
9721 3234
9722 3236
9723 3237
9724 3237
9725 3240
9726 3241
9727 3241
9728 3241
9729 3241
9730 3241
9731 3241
9732 3241
9733 3241
9734 3243
9735 3243
9736 3243
9737 3244
9738 3244
9739 3244
9740 3244
9741 3244
9742 3245
9743 3245
9744 3245
9745 3245
9746 3245
9747 3246
9748 3252
9749 3252
9750 3254
9751 3255
9752 3255
9753 3255
9754 3255
9755 3255
9756 3255
9757 3255
9758 3255
9759 3255
9760 3256
9761 3258
9762 3258
9763 3259
9764 3259
9765 3261
9766 3261
9767 3261
9768 3262
9769 3263
9770 3264
9771 3264
9772 3264
9773 3265
9774 3266
9775 3267
9776 3267
9777 3267
9778 3267
9779 3268
9780 3269
9781 3269
9782 3272
9783 3273
9784 3273
9785 3273
9786 3276
9787 3277
9788 3281
9789 3282
9790 3283
9791 3283
9792 3283
9793 3283
9794 3285
9795 3285
9796 3285
9797 3287
9798 3288
9799 3288
9800 3288
9801 3288
9802 3288
9803 3289
9804 3289
9805 3290
9806 3290
9807 3292
9808 3292
9809 3294
9810 3294
9811 3294
9812 3294
9813 3294
9814 3294
9815 3294
9816 3296
9817 3296
9818 3296
9819 3296
9820 3298
9821 3298
9822 3299
9823 3299
9824 3300
9825 3301
9826 3302
9827 3303
9828 3303
9829 3303
9830 3303
9831 3303
9832 3303
9833 3303
9834 3303
9835 3303
9836 3304
9837 3304
9838 3305
9839 3305
9840 3305
9841 3305
9842 3306
9843 3306
9844 3306
9845 3306
9846 3306
9847 3306
9848 3310
9849 3316
9850 3317
9851 3317
9852 3317
9853 3317
9854 3317
9855 3317
9856 3317
9857 3317
9858 3317
9859 3317
9860 3318
9861 3318
9862 3318
9863 3324
9864 3324
9865 3324
9866 3324
9867 3325
9868 3327
9869 3327
9870 3327
9871 3327
9872 3327
9873 3327
9874 3327
9875 3327
9876 3327
9877 3327
9878 3327
9879 3327
9880 3327
9881 3327
9882 3327
9883 3327
9884 3327
9885 3327
9886 3327
9887 3328
9888 3330
9889 3330
9890 3331
9891 3331
9892 3336
9893 3337
9894 3338
9895 3338
9896 3345
9897 3347
9898 3347
9899 3347
9900 3348
9901 3348
9902 3348
9903 3348
9904 3348
9905 3349
9906 3349
9907 3349
9908 3351
9909 3357
9910 3357
9911 3357
9912 3357
9913 3357
9914 3358
9915 3358
9916 3358
9917 3358
9918 3358
9919 3358
9920 3358
9921 3358
9922 3358
9923 3358
9924 3358
9925 3359
9926 3360
9927 3360
9928 3360
9929 3360
9930 3360
9931 3360
9932 3360
9933 3360
9934 3360
9935 3361
9936 3361
9937 3363
9938 3363
9939 3364
9940 3364
9941 3365
9942 3369
9943 3371
9944 3373
9945 3373
9946 3373
9947 3373
9948 3373
9949 3373
9950 3373
9951 3373
9952 3373
9953 3376
9954 3376
9955 3376
9956 3377
9957 3377
9958 3380
9959 3380
9960 3380
9961 3380
9962 3380
9963 3380
9964 3380
9965 3380
9966 3381
9967 3381
9968 3382
9969 3382
9970 3382
9971 3388
9972 3388
9973 3388
9974 3388
9975 3389
9976 3390
9977 3390
9978 3390
9979 3391
9980 3391
9981 3393
9982 3393
9983 3393
9984 3393
9985 3393
9986 3393
9987 3393
9988 3393
9989 3393
9990 3393
9991 3393
9992 3393
9993 3393
9994 3393
9995 3393
9996 3393
9997 3395
9998 3395
9999 3395
