10000 9999
1 0
2 1
3 0
4 2
5 0
6 4
7 3
8 6
9 7
10 5
11 7
12 7
13 8
14 6
15 9
16 6
17 16
18 7
19 11
20 17
21 13
22 14
23 17
24 17
25 19
26 22
27 15
28 22
29 23
30 24
31 12
32 27
33 21
34 15
35 17
36 35
37 16
38 36
39 30
40 17
41 22
42 24
43 16
44 22
45 22
46 43
47 35
48 17
49 48
50 9
51 37
52 34
53 24
54 23
55 50
56 18
57 41
58 40
59 35
60 25
61 48
62 44
63 43
64 54
65 35
66 35
67 61
68 32
69 30
70 44
71 66
72 46
73 48
74 38
75 12
76 59
77 70
78 48
79 38
80 44
81 75
82 45
83 28
84 56
85 58
86 70
87 17
88 74
89 17
90 77
91 75
92 44
93 67
94 58
95 29
96 93
97 93
98 97
99 93
100 90
101 93
102 57
103 82
104 60
105 93
106 95
107 72
108 51
109 81
110 77
111 97
112 93
113 85
114 84
115 93
116 93
117 100
118 61
119 88
120 105
121 90
122 104
123 18
124 76
125 40
126 81
127 93
128 93
129 85
130 64
131 129
132 128
133 96
134 24
135 121
136 39
137 102
138 102
139 90
140 52
141 139
142 72
143 93
144 53
145 99
146 84
147 31
148 111
149 109
150 103
151 138
152 138
153 107
154 150
155 93
156 133
157 23
158 52
159 17
160 96
161 102
162 133
163 143
164 138
165 149
166 93
167 134
168 76
169 93
170 106
171 169
172 138
173 93
174 162
175 159
176 175
177 117
178 86
179 55
180 160
181 10
182 103
183 160
184 138
185 150
186 150
187 77
188 145
189 169
190 140
191 189
192 80
193 93
194 173
195 192
196 119
197 138
198 93
199 118
200 155
201 132
202 199
203 93
204 188
205 138
206 196
207 162
208 118
209 81
210 132
211 127
212 73
213 104
214 196
215 185
216 133
217 193
218 176
219 52
220 150
221 179
222 202
223 204
224 211
225 182
226 93
227 102
228 172
229 138
230 217
231 182
232 174
233 166
234 182
235 182
236 117
237 138
238 182
239 167
240 178
241 140
242 208
243 127
244 168
245 162
246 133
247 216
248 246
249 246
250 112
251 250
252 98
253 76
254 122
255 167
256 243
257 138
258 20
259 138
260 234
261 179
262 101
263 214
264 41
265 246
266 123
267 265
268 131
269 246
270 22
271 239
272 209
273 198
274 246
275 104
276 212
277 246
278 246
279 48
280 166
281 191
282 246
283 246
284 133
285 266
286 138
287 263
288 259
289 120
290 169
291 282
292 183
293 124
294 106
295 246
296 286
297 226
298 211
299 294
300 179
301 132
302 117
303 247
304 261
305 302
306 148
307 261
308 246
309 306
310 222
311 246
312 201
313 228
314 244
315 193
316 187
317 138
318 246
319 300
320 246
321 314
322 238
323 167
324 246
325 246
326 93
327 246
328 273
329 314
330 156
331 253
332 291
333 195
334 286
335 294
336 153
337 246
338 138
339 133
340 323
341 300
342 93
343 255
344 232
345 277
346 246
347 246
348 340
349 242
350 239
351 246
352 350
353 350
354 175
355 350
356 294
357 166
358 280
359 137
360 201
361 246
362 178
363 93
364 354
365 143
366 319
367 314
368 144
369 272
370 286
371 262
372 178
373 128
374 373
375 161
376 315
377 238
378 216
379 271
380 222
381 118
382 246
383 246
384 89
385 352
386 299
387 296
388 191
389 279
390 236
391 374
392 175
393 246
394 172
395 283
396 280
397 350
398 246
399 350
400 142
401 182
402 343
403 178
404 224
405 382
406 300
407 246
408 350
409 283
410 203
411 295
412 182
413 306
414 301
415 246
416 350
417 316
418 346
419 296
420 94
421 283
422 135
423 414
424 254
425 327
426 176
427 87
428 365
429 158
430 411
431 114
432 283
433 131
434 417
435 386
436 246
437 32
438 210
439 150
440 222
441 381
442 91
443 350
444 350
445 270
446 231
447 246
448 420
449 409
450 90
451 246
452 283
453 350
454 295
455 441
456 358
457 358
458 350
459 127
460 154
461 355
462 326
463 284
464 383
465 218
466 246
467 422
468 323
469 350
470 467
471 193
472 458
473 350
474 162
475 332
476 442
477 188
478 382
479 275
480 381
481 246
482 246
483 232
484 439
485 246
486 237
487 252
488 237
489 476
490 246
491 208
492 439
493 49
494 209
495 431
496 246
497 172
498 286
499 351
500 350
501 115
502 408
503 428
504 339
505 246
506 487
507 382
508 451
509 246
510 96
511 389
512 246
513 246
514 350
515 372
516 98
517 224
518 246
519 245
520 170
521 456
522 301
523 500
524 430
525 381
526 350
527 216
528 246
529 470
530 92
531 270
532 505
533 296
534 433
535 295
536 393
537 182
538 261
539 283
540 90
541 537
542 403
543 439
544 439
545 470
546 508
547 432
548 118
549 350
550 118
551 276
552 352
553 439
554 420
555 222
556 381
557 382
558 339
559 103
560 358
561 333
562 213
563 506
564 150
565 367
566 382
567 171
568 500
569 296
570 58
571 439
572 436
573 182
574 283
575 183
576 535
577 350
578 246
579 382
580 466
581 515
582 142
583 545
584 439
585 581
586 453
587 530
588 429
589 296
590 152
591 318
592 573
593 113
594 296
595 390
596 246
597 282
598 400
599 176
600 464
601 103
602 246
603 468
604 485
605 136
606 254
607 246
608 545
609 440
610 559
611 262
612 270
613 478
614 288
615 449
616 346
617 556
618 573
619 609
620 246
621 514
622 249
623 286
624 439
625 16
626 222
627 216
628 246
629 508
630 162
631 381
632 550
633 509
634 357
635 162
636 227
637 301
638 636
639 383
640 359
641 459
642 200
643 512
644 292
645 571
646 624
647 461
648 535
649 246
650 631
651 398
652 439
653 381
654 556
655 500
656 641
657 216
658 222
659 300
660 222
661 500
662 427
663 93
664 658
665 542
666 525
667 650
668 573
669 439
670 246
671 286
672 556
673 490
674 560
675 603
676 350
677 611
678 417
679 615
680 478
681 486
682 500
683 116
684 628
685 241
686 246
687 579
688 262
689 364
690 505
691 564
692 674
693 573
694 624
695 500
696 403
697 462
698 584
699 609
700 294
701 565
702 683
703 246
704 563
705 531
706 622
707 350
708 116
709 558
710 266
711 246
712 176
713 689
714 486
715 627
716 246
717 405
718 530
719 399
720 230
721 350
722 631
723 296
724 649
725 309
726 184
727 439
728 446
729 69
730 330
731 214
732 533
733 513
734 646
735 474
736 439
737 296
738 365
739 376
740 471
741 350
742 458
743 491
744 501
745 441
746 573
747 283
748 466
749 705
750 712
751 491
752 299
753 619
754 640
755 679
756 93
757 573
758 439
759 511
760 283
761 63
762 350
763 483
764 246
765 645
766 703
767 534
768 111
769 595
770 703
771 447
772 365
773 700
774 460
775 603
776 102
777 307
778 573
779 297
780 624
781 478
782 624
783 726
784 314
785 549
786 702
787 311
788 573
789 191
790 690
791 93
792 97
793 385
794 350
795 752
796 703
797 737
798 393
799 439
800 624
801 186
802 298
803 246
804 779
805 582
806 178
807 765
808 740
809 645
810 286
811 516
812 552
813 624
814 500
815 294
816 382
817 350
818 795
819 818
820 348
821 556
822 246
823 150
824 572
825 740
826 692
827 369
828 740
829 129
830 258
831 437
832 206
833 795
834 455
835 162
836 725
837 523
838 671
839 651
840 821
841 300
842 472
843 682
844 300
845 197
846 628
847 658
848 477
849 475
850 133
851 286
852 500
853 753
854 36
855 529
856 669
857 201
858 186
859 603
860 556
861 729
862 238
863 222
864 837
865 381
866 483
867 665
868 359
869 740
870 246
871 644
872 320
873 498
874 785
875 224
876 738
877 296
878 308
879 406
880 809
881 194
882 559
883 482
884 394
885 846
886 817
887 216
888 295
889 826
890 799
891 681
892 788
893 246
894 509
895 628
896 438
897 799
898 677
899 843
900 509
901 461
902 530
903 791
904 296
905 886
906 382
907 789
908 127
909 837
910 686
911 813
912 893
913 903
914 467
915 740
916 811
917 635
918 350
919 246
920 137
921 912
922 810
923 80
924 246
925 912
926 269
927 246
928 861
929 631
930 641
931 149
932 246
933 439
934 415
935 927
936 246
937 799
938 543
939 725
940 718
941 287
942 732
943 739
944 566
945 882
946 748
947 607
948 838
949 150
950 544
951 222
952 573
953 641
954 602
955 641
956 927
957 641
958 656
959 827
960 872
961 305
962 476
963 304
964 837
965 467
966 246
967 573
968 524
969 598
970 628
971 517
972 296
973 573
974 609
975 435
976 624
977 350
978 719
979 246
980 163
981 819
982 512
983 799
984 769
985 624
986 641
987 573
988 921
989 439
990 685
991 941
992 580
993 922
994 943
995 246
996 246
997 411
998 837
999 984
1000 910
1001 246
1002 876
1003 471
1004 198
1005 439
1006 903
1007 350
1008 491
1009 919
1010 551
1011 823
1012 921
1013 266
1014 556
1015 710
1016 876
1017 133
1018 691
1019 286
1020 486
1021 720
1022 246
1023 173
1024 570
1025 617
1026 511
1027 90
1028 740
1029 413
1030 890
1031 484
1032 299
1033 246
1034 976
1035 828
1036 721
1037 719
1038 61
1039 1005
1040 222
1041 220
1042 286
1043 935
1044 1025
1045 863
1046 165
1047 927
1048 493
1049 350
1050 167
1051 796
1052 573
1053 492
1054 981
1055 916
1056 735
1057 962
1058 294
1059 962
1060 795
1061 138
1062 471
1063 573
1064 530
1065 763
1066 339
1067 647
1068 246
1069 172
1070 888
1071 1052
1072 957
1073 350
1074 616
1075 507
1076 723
1077 573
1078 980
1079 486
1080 482
1081 37
1082 352
1083 854
1084 567
1085 833
1086 921
1087 962
1088 817
1089 938
1090 632
1091 905
1092 947
1093 672
1094 1052
1095 350
1096 362
1097 1051
1098 1030
1099 316
1100 596
1101 868
1102 783
1103 47
1104 837
1105 640
1106 1008
1107 226
1108 573
1109 1108
1110 338
1111 922
1112 1026
1113 962
1114 1102
1115 1020
1116 695
1117 274
1118 296
1119 985
1120 900
1121 1082
1122 500
1123 989
1124 685
1125 899
1126 703
1127 672
1128 138
1129 1014
1130 641
1131 641
1132 962
1133 938
1134 162
1135 138
1136 854
1137 246
1138 740
1139 974
1140 809
1141 314
1142 628
1143 931
1144 17
1145 1127
1146 725
1147 763
1148 350
1149 962
1150 960
1151 88
1152 721
1153 839
1154 380
1155 552
1156 873
1157 1044
1158 1037
1159 1075
1160 176
1161 913
1162 108
1163 246
1164 218
1165 410
1166 420
1167 954
1168 838
1169 1134
1170 210
1171 1057
1172 379
1173 237
1174 350
1175 861
1176 665
1177 989
1178 385
1179 962
1180 1133
1181 1169
1182 753
1183 997
1184 599
1185 763
1186 1127
1187 573
1188 477
1189 412
1190 800
1191 926
1192 345
1193 1019
1194 1009
1195 1187
1196 887
1197 283
1198 723
1199 246
1200 230
1201 868
1202 583
1203 937
1204 1043
1205 34
1206 238
1207 952
1208 431
1209 639
1210 1208
1211 1069
1212 1052
1213 891
1214 439
1215 1157
1216 1123
1217 873
1218 603
1219 246
1220 1014
1221 573
1222 284
1223 1008
1224 755
1225 1138
1226 281
1227 962
1228 645
1229 848
1230 350
1231 155
1232 370
1233 912
1234 1162
1235 1138
1236 496
1237 815
1238 246
1239 914
1240 361
1241 866
1242 747
1243 690
1244 962
1245 1064
1246 437
1247 726
1248 273
1249 962
1250 666
1251 207
1252 350
1253 438
1254 1229
1255 286
1256 1079
1257 729
1258 246
1259 962
1260 628
1261 470
1262 837
1263 805
1264 907
1265 864
1266 1155
1267 554
1268 692
1269 585
1270 1098
1271 608
1272 957
1273 919
1274 463
1275 96
1276 1149
1277 147
1278 1188
1279 315
1280 439
1281 1022
1282 866
1283 312
1284 320
1285 576
1286 838
1287 1014
1288 610
1289 929
1290 530
1291 843
1292 628
1293 875
1294 860
1295 1068
1296 1082
1297 809
1298 1131
1299 1146
1300 314
1301 246
1302 886
1303 357
1304 639
1305 126
1306 861
1307 1259
1308 182
1309 1043
1310 470
1311 1295
1312 1296
1313 315
1314 1059
1315 477
1316 851
1317 642
1318 72
1319 1274
1320 1269
1321 296
1322 122
1323 1133
1324 246
1325 935
1326 641
1327 522
1328 792
1329 769
1330 295
1331 1260
1332 1246
1333 838
1334 1316
1335 908
1336 439
1337 923
1338 962
1339 470
1340 1176
1341 868
1342 803
1343 811
1344 883
1345 782
1346 609
1347 850
1348 316
1349 1305
1350 1170
1351 799
1352 509
1353 561
1354 1196
1355 875
1356 1221
1357 678
1358 817
1359 246
1360 904
1361 628
1362 1019
1363 1021
1364 1275
1365 1012
1366 301
1367 1229
1368 1247
1369 1358
1370 1001
1371 1343
1372 573
1373 1327
1374 439
1375 303
1376 349
1377 774
1378 1187
1379 232
1380 510
1381 809
1382 640
1383 500
1384 962
1385 1316
1386 1146
1387 740
1388 175
1389 770
1390 1308
1391 954
1392 1306
1393 1229
1394 692
1395 1336
1396 439
1397 870
1398 891
1399 829
1400 745
1401 439
1402 437
1403 907
1404 1205
1405 986
1406 321
1407 766
1408 1339
1409 482
1410 855
1411 1389
1412 300
1413 67
1414 843
1415 1130
1416 602
1417 927
1418 86
1419 727
1420 673
1421 881
1422 62
1423 831
1424 990
1425 639
1426 1416
1427 1277
1428 529
1429 1403
1430 1382
1431 450
1432 1329
1433 649
1434 1347
1435 321
1436 882
1437 1123
1438 996
1439 838
1440 671
1441 439
1442 1070
1443 191
1444 1119
1445 1424
1446 1403
1447 1396
1448 927
1449 1395
1450 573
1451 641
1452 1020
1453 1191
1454 1364
1455 703
1456 935
1457 573
1458 89
1459 1316
1460 1179
1461 836
1462 911
1463 593
1464 968
1465 1334
1466 1139
1467 246
1468 739
1469 50
1470 799
1471 740
1472 162
1473 500
1474 246
1475 1470
1476 834
1477 1411
1478 935
1479 1120
1480 986
1481 1238
1482 170
1483 1265
1484 573
1485 961
1486 1244
1487 1468
1488 613
1489 1198
1490 1322
1491 711
1492 966
1493 763
1494 1048
1495 965
1496 960
1497 1329
1498 707
1499 1056
1500 834
1501 571
1502 960
1503 615
1504 1042
1505 1373
1506 1014
1507 222
1508 942
1509 439
1510 1395
1511 1232
1512 1008
1513 1231
1514 238
1515 777
1516 300
1517 439
1518 1188
1519 246
1520 633
1521 1428
1522 497
1523 184
1524 479
1525 1138
1526 1045
1527 360
1528 310
1529 1443
1530 1474
1531 1115
1532 296
1533 837
1534 927
1535 286
1536 768
1537 1361
1538 1082
1539 1035
1540 889
1541 862
1542 624
1543 1286
1544 713
1545 350
1546 318
1547 949
1548 1279
1549 1329
1550 1185
1551 190
1552 1327
1553 1514
1554 1364
1555 384
1556 1390
1557 712
1558 1144
1559 1100
1560 645
1561 740
1562 938
1563 1378
1564 573
1565 1514
1566 1256
1567 509
1568 811
1569 850
1570 378
1571 1566
1572 225
1573 1530
1574 1433
1575 1514
1576 761
1577 177
1578 1208
1579 404
1580 878
1581 1373
1582 347
1583 1404
1584 701
1585 1010
1586 1584
1587 457
1588 1275
1589 1438
1590 962
1591 964
1592 1014
1593 1514
1594 520
1595 1300
1596 1377
1597 1046
1598 265
1599 730
1600 838
1601 999
1602 1379
1603 1078
1604 1548
1605 1253
1606 962
1607 1329
1608 965
1609 1210
1610 621
1611 843
1612 974
1613 1226
1614 482
1615 703
1616 995
1617 1016
1618 1224
1619 1233
1620 1609
1621 1514
1622 93
1623 885
1624 710
1625 1229
1626 1514
1627 657
1628 475
1629 1107
1630 896
1631 1400
1632 1266
1633 375
1634 1038
1635 1618
1636 1614
1637 504
1638 1276
1639 1340
1640 1403
1641 970
1642 1411
1643 871
1644 344
1645 1266
1646 1342
1647 1211
1648 1144
1649 424
1650 439
1651 827
1652 1353
1653 692
1654 573
1655 1595
1656 1052
1657 1316
1658 960
1659 1485
1660 1057
1661 1457
1662 1643
1663 946
1664 1603
1665 1313
1666 1373
1667 1344
1668 1234
1669 1514
1670 439
1671 792
1672 1416
1673 1480
1674 1514
1675 1327
1676 383
1677 570
1678 799
1679 545
1680 1082
1681 1258
1682 950
1683 1316
1684 1058
1685 273
1686 1316
1687 1470
1688 1462
1689 1188
1690 1375
1691 938
1692 1574
1693 1514
1694 1691
1695 445
1696 489
1697 338
1698 525
1699 573
1700 1664
1701 1043
1702 1265
1703 771
1704 1579
1705 1477
1706 1245
1707 1411
1708 1548
1709 667
1710 1547
1711 1099
1712 1316
1713 1377
1714 957
1715 1700
1716 702
1717 1386
1718 917
1719 1566
1720 573
1721 521
1722 448
1723 1442
1724 738
1725 955
1726 976
1727 1544
1728 439
1729 1266
1730 1396
1731 1260
1732 226
1733 439
1734 1327
1735 1272
1736 454
1737 1316
1738 808
1739 1316
1740 454
1741 951
1742 917
1743 1726
1744 769
1745 775
1746 273
1747 1687
1748 1495
1749 1673
1750 831
1751 1096
1752 757
1753 1695
1754 1123
1755 1205
1756 477
1757 861
1758 1254
1759 704
1760 1471
1761 1211
1762 685
1763 824
1764 1440
1765 423
1766 1661
1767 1043
1768 1348
1769 1014
1770 246
1771 1242
1772 1044
1773 597
1774 486
1775 1440
1776 1519
1777 930
1778 919
1779 1183
1780 1166
1781 557
1782 1692
1783 1767
1784 1673
1785 384
1786 1370
1787 1013
1788 814
1789 1628
1790 1643
1791 1246
1792 246
1793 1715
1794 1623
1795 746
1796 703
1797 1609
1798 1316
1799 286
1800 1714
1801 1673
1802 912
1803 740
1804 594
1805 480
1806 1011
1807 1711
1808 916
1809 662
1810 1480
1811 422
1812 1693
1813 726
1814 1796
1815 1719
1816 1102
1817 576
1818 1816
1819 83
1820 1763
1821 1127
1822 1592
1823 1767
1824 1658
1825 1762
1826 1278
1827 789
1828 1548
1829 1480
1830 1158
1831 1316
1832 628
1833 870
1834 379
1835 903
1836 1675
1837 760
1838 134
1839 579
1840 822
1841 370
1842 1683
1843 950
1844 1435
1845 1396
1846 1569
1847 1082
1848 740
1849 1493
1850 1673
1851 913
1852 723
1853 612
1854 552
1855 1648
1856 743
1857 1168
1858 1134
1859 381
1860 1484
1861 802
1862 1434
1863 1242
1864 854
1865 1501
1866 1329
1867 1660
1868 1082
1869 1099
1870 382
1871 640
1872 1673
1873 1657
1874 1622
1875 1819
1876 246
1877 1101
1878 1657
1879 1653
1880 1763
1881 825
1882 1869
1883 1521
1884 1865
1885 1145
1886 1669
1887 1549
1888 1514
1889 1093
1890 890
1891 1450
1892 1261
1893 537
1894 486
1895 1673
1896 1305
1897 1319
1898 1540
1899 1673
1900 246
1901 1436
1902 631
1903 1449
1904 1895
1905 553
1906 1832
1907 1859
1908 1060
1909 246
1910 1371
1911 1788
1912 999
1913 769
1914 1332
1915 1867
1916 1657
1917 530
1918 1111
1919 1629
1920 1659
1921 1118
1922 660
1923 939
1924 1420
1925 1003
1926 1255
1927 965
1928 1774
1929 1531
1930 697
1931 548
1932 918
1933 1261
1934 477
1935 1849
1936 1436
1937 938
1938 1240
1939 609
1940 1146
1941 740
1942 1626
1943 1112
1944 1563
1945 1637
1946 1561
1947 1689
1948 1661
1949 1515
1950 1671
1951 520
1952 944
1953 1853
1954 950
1955 1566
1956 1914
1957 1263
1958 965
1959 1717
1960 1673
1961 1724
1962 439
1963 762
1964 841
1965 1851
1966 1415
1967 1146
1968 1535
1969 1268
1970 715
1971 1082
1972 1523
1973 723
1974 1159
1975 1216
1976 246
1977 1532
1978 912
1979 962
1980 816
1981 1287
1982 901
1983 696
1984 1784
1985 1411
1986 1910
1987 1673
1988 1663
1989 1899
1990 449
1991 1576
1992 1851
1993 530
1994 1189
1995 898
1996 1441
1997 693
1998 1322
1999 1473
2000 1429
2001 1115
2002 573
2003 1434
2004 1985
2005 1910
2006 1754
2007 541
2008 792
2009 1294
2010 1082
2011 1728
2012 1673
2013 1403
2014 1839
2015 283
2016 1608
2017 1657
2018 716
2019 646
2020 1677
2021 2006
2022 1079
2023 1364
2024 1556
2025 1740
2026 1157
2027 244
2028 2013
2029 1514
2030 797
2031 992
2032 1043
2033 1036
2034 837
2035 1911
2036 1041
2037 1372
2038 680
2039 246
2040 248
2041 1480
2042 1553
2043 1786
2044 1676
2045 319
2046 1867
2047 1032
2048 1898
2049 1477
2050 1245
2051 1477
2052 703
2053 479
2054 350
2055 238
2056 575
2057 1494
2058 350
2059 237
2060 1278
2061 1671
2062 1603
2063 664
2064 2049
2065 697
2066 1287
2067 1853
2068 1301
2069 1668
2070 1231
2071 2054
2072 1574
2073 1641
2074 1834
2075 1234
2076 1829
2077 1481
2078 1839
2079 556
2080 1103
2081 784
2082 1058
2083 816
2084 1890
2085 1345
2086 2024
2087 534
2088 1511
2089 500
2090 1082
2091 1404
2092 1514
2093 1453
2094 1899
2095 1436
2096 518
2097 1630
2098 1255
2099 283
2100 655
2101 1313
2102 1442
2103 1781
2104 466
2105 1578
2106 2049
2107 1409
2108 2046
2109 1260
2110 1928
2111 1908
2112 1358
2113 1603
2114 740
2115 1860
2116 1912
2117 1192
2118 381
2119 769
2120 237
2121 1679
2122 1817
2123 151
2124 798
2125 645
2126 1395
2127 301
2128 268
2129 1973
2130 1999
2131 449
2132 1523
2133 1458
2134 925
2135 1316
2136 920
2137 133
2138 1432
2139 1661
2140 1464
2141 658
2142 670
2143 1291
2144 1673
2145 1180
2146 1752
2147 421
2148 1480
2149 2056
2150 1202
2151 1596
2152 1570
2153 196
2154 1813
2155 1354
2156 350
2157 736
2158 1355
2159 490
2160 552
2161 962
2162 1358
2163 1746
2164 736
2165 246
2166 1388
2167 599
2168 384
2169 1508
2170 1918
2171 1485
2172 1562
2173 2038
2174 2049
2175 2058
2176 967
2177 1822
2178 1245
2179 370
2180 1870
2181 1234
2182 2056
2183 1441
2184 1486
2185 2036
2186 2129
2187 246
2188 2099
2189 1105
2190 1325
2191 1865
2192 345
2193 1990
2194 1918
2195 1880
2196 1733
2197 577
2198 1841
2199 2123
2200 138
2201 543
2202 1906
2203 1846
2204 1253
2205 237
2206 1313
2207 1657
2208 1845
2209 950
2210 2178
2211 1153
2212 481
2213 1315
2214 2061
2215 700
2216 1058
2217 1858
2218 1513
2219 1082
2220 761
2221 957
2222 1573
2223 643
2224 486
2225 782
2226 1971
2227 675
2228 1298
2229 1763
2230 844
2231 1851
2232 1819
2233 1568
2234 1266
2235 2025
2236 925
2237 2143
2238 847
2239 641
2240 1554
2241 984
2242 1514
2243 1673
2244 1939
2245 1765
2246 1607
2247 1839
2248 1839
2249 973
2250 965
2251 1313
2252 1607
2253 2160
2254 671
2255 2205
2256 1352
2257 1015
2258 2093
2259 1478
2260 1014
2261 1186
2262 1638
2263 629
2264 1234
2265 990
2266 1555
2267 2085
2268 1065
2269 1535
2270 1923
2271 181
2272 746
2273 1305
2274 1338
2275 2065
2276 2087
2277 2119
2278 1475
2279 2136
2280 1507
2281 858
2282 1877
2283 692
2284 265
2285 2049
2286 439
2287 1349
2288 1464
2289 1059
2290 1710
2291 1398
2292 1036
2293 1100
2294 350
2295 1017
2296 1346
2297 1024
2298 246
2299 2146
2300 1102
2301 460
2302 160
2303 1514
2304 1652
2305 846
2306 1903
2307 2060
2308 1464
2309 2269
2310 1803
2311 868
2312 296
2313 1910
2314 1228
2315 2308
2316 157
2317 1002
2318 1385
2319 552
2320 1909
2321 1234
2322 1687
2323 2182
2324 962
2325 974
2326 1451
2327 811
2328 1358
2329 2118
2330 576
2331 761
2332 2012
2333 1778
2334 1957
2335 1763
2336 2156
2337 1859
2338 1297
2339 793
2340 2062
2341 1131
2342 994
2343 1970
2344 342
2345 903
2346 90
2347 246
2348 482
2349 406
2350 1334
2351 1046
2352 857
2353 1758
2354 1023
2355 925
2356 1607
2357 1356
2358 1203
2359 1689
2360 455
2361 1565
2362 1460
2363 282
2364 1792
2365 1410
2366 1523
2367 2330
2368 1737
2369 967
2370 1000
2371 2264
2372 1740
2373 971
2374 557
2375 164
2376 975
2377 2311
2378 650
2379 630
2380 634
2381 1078
2382 2251
2383 2330
2384 1630
2385 968
2386 687
2387 397
2388 1444
2389 2337
2390 554
2391 2193
2392 1226
2393 1236
2394 2215
2395 1299
2396 2215
2397 1673
2398 2038
2399 527
2400 1540
2401 848
2402 2213
2403 2221
2404 1318
2405 2085
2406 381
2407 1506
2408 291
2409 1133
2410 1667
2411 1888
2412 2330
2413 1862
2414 1722
2415 178
2416 2299
2417 2149
2418 2131
2419 2260
2420 1105
2421 1140
2422 1066
2423 2068
2424 624
2425 2153
2426 2221
2427 1765
2428 2215
2429 2030
2430 1673
2431 1178
2432 2262
2433 1641
2434 1514
2435 2015
2436 1287
2437 2182
2438 1881
2439 2329
2440 1651
2441 552
2442 1399
2443 1411
2444 1646
2445 1711
2446 2153
2447 2275
2448 2193
2449 1336
2450 2286
2451 2272
2452 971
2453 2363
2454 856
2455 2022
2456 1999
2457 1902
2458 1653
2459 645
2460 726
2461 2204
2462 1407
2463 1207
2464 282
2465 938
2466 2261
2467 685
2468 1649
2469 2007
2470 1550
2471 2022
2472 1346
2473 2061
2474 1366
2475 2313
2476 540
2477 2304
2478 1763
2479 1132
2480 861
2481 1863
2482 1171
2483 925
2484 1239
2485 573
2486 550
2487 1740
2488 755
2489 2376
2490 767
2491 556
2492 907
2493 1205
2494 486
2495 2059
2496 2063
2497 1882
2498 1639
2499 1765
2500 1016
2501 1914
2502 1223
2503 703
2504 982
2505 1583
2506 1666
2507 537
2508 573
2509 735
2510 1673
2511 548
2512 1607
2513 927
2514 1780
2515 439
2516 1514
2517 1013
2518 1532
2519 1267
2520 2113
2521 804
2522 1313
2523 706
2524 573
2525 1651
2526 1014
2527 2334
2528 2300
2529 246
2530 2190
2531 1772
2532 1609
2533 183
2534 1154
2535 1986
2536 1637
2537 1974
2538 962
2539 1914
2540 1914
2541 106
2542 2464
2543 741
2544 1277
2545 2123
2546 837
2547 1700
2548 1229
2549 2535
2550 2267
2551 2256
2552 1989
2553 1960
2554 1411
2555 1815
2556 2427
2557 2452
2558 2383
2559 2330
2560 1410
2561 350
2562 1303
2563 2252
2564 2170
2565 1110
2566 1229
2567 2125
2568 998
2569 2447
2570 2399
2571 246
2572 1935
2573 2256
2574 2146
2575 1819
2576 286
2577 1558
2578 1636
2579 1931
2580 851
2581 1443
2582 2330
2583 2334
2584 1526
2585 1242
2586 2166
2587 1102
2588 1410
2589 1477
2590 1326
2591 1826
2592 1894
2593 907
2594 1234
2595 383
2596 2077
2597 2342
2598 1621
2599 2159
2600 1243
2601 2565
2602 1960
2603 2387
2604 1864
2605 826
2606 911
2607 932
2608 852
2609 1763
2610 2539
2611 1810
2612 2000
2613 2567
2614 2576
2615 2208
2616 590
2617 2233
2618 2244
2619 383
2620 2218
2621 698
2622 1625
2623 1396
2624 976
2625 246
2626 2095
2627 748
2628 664
2629 2088
2630 2452
2631 708
2632 1013
2633 1851
2634 2633
2635 2262
2636 2633
2637 439
2638 246
2639 2569
2640 2602
2641 110
2642 2208
2643 2483
2644 1094
2645 1988
2646 2446
2647 441
2648 2105
2649 1693
2650 43
2651 1403
2652 573
2653 1941
2654 500
2655 2102
2656 2608
2657 1431
2658 2277
2659 2499
2660 2089
2661 1348
2662 837
2663 2390
2664 573
2665 2663
2666 1673
2667 2146
2668 33
2669 2537
2670 2268
2671 676
2672 1514
2673 1839
2674 1514
2675 1241
2676 1673
2677 1970
2678 1920
2679 2678
2680 2156
2681 1295
2682 1502
2683 756
2684 2408
2685 1277
2686 1914
2687 2686
2688 1306
2689 769
2690 1566
2691 760
2692 2454
2693 252
2694 350
2695 1641
2696 2049
2697 2483
2698 938
2699 604
2700 2119
2701 2574
2702 1099
2703 1427
2704 2186
2705 2123
2706 2464
2707 1127
2708 2215
2709 2555
2710 2349
2711 2123
2712 1005
2713 1514
2714 1523
2715 2428
2716 2654
2717 1082
2718 959
2719 1935
2720 2078
2721 482
2722 350
2723 646
2724 1653
2725 2293
2726 2330
2727 396
2728 180
2729 573
2730 1347
2731 477
2732 1250
2733 2299
2734 205
2735 1112
2736 2085
2737 1064
2738 1828
2739 2569
2740 1266
2741 1930
2742 1819
2743 107
2744 2741
2745 2186
2746 2099
2747 866
2748 913
2749 2136
2750 2330
2751 2249
2752 75
2753 1743
2754 1861
2755 2539
2756 2595
2757 90
2758 2523
2759 1360
2760 1045
2761 1017
2762 2200
2763 2738
2764 2022
2765 465
2766 169
2767 1322
2768 1188
2769 962
2770 1378
2771 838
2772 2137
2773 1477
2774 2427
2775 716
2776 526
2777 352
2778 2514
2779 104
2780 1826
2781 1125
2782 1671
2783 2377
2784 1557
2785 2330
2786 439
2787 1082
2788 2539
2789 2757
2790 2756
2791 1256
2792 1710
2793 711
2794 1607
2795 1951
2796 2105
2797 2702
2798 2686
2799 1025
2800 2544
2801 1234
2802 2741
2803 1329
2804 875
2805 2231
2806 786
2807 210
2808 294
2809 1735
2810 2574
2811 2299
2812 2575
2813 742
2814 698
2815 2256
2816 1673
2817 2196
2818 2466
2819 742
2820 1719
2821 2539
2822 1014
2823 1474
2824 1575
2825 1229
2826 645
2827 641
2828 337
2829 1260
2830 1144
2831 2353
2832 2363
2833 1815
2834 2361
2835 1293
2836 1819
2837 2176
2838 1063
2839 1730
2840 2214
2841 1970
2842 1185
2843 2409
2844 1508
2845 1641
2846 1789
2847 1301
2848 1830
2849 2474
2850 1163
2851 2038
2852 2330
2853 879
2854 2372
2855 1758
2856 1973
2857 2813
2858 1248
2859 573
2860 2337
2861 593
2862 2540
2863 1013
2864 393
2865 2849
2866 2727
2867 1863
2868 894
2869 1102
2870 1317
2871 2633
2872 2517
2873 1845
2874 1666
2875 894
2876 2741
2877 878
2878 1189
2879 2447
2880 2796
2881 2570
2882 1157
2883 2461
2884 1776
2885 591
2886 2840
2887 1910
2888 147
2889 477
2890 2113
2891 2623
2892 2155
2893 967
2894 2085
2895 2875
2896 1110
2897 246
2898 268
2899 1740
2900 1480
2901 2741
2902 1914
2903 2684
2904 1918
2905 2502
2906 1014
2907 2633
2908 2817
2909 962
2910 866
2911 786
2912 2795
2913 2866
2914 467
2915 382
2916 1456
2917 556
2918 1523
2919 2287
2920 79
2921 2554
2922 439
2923 2153
2924 1285
2925 2375
2926 2741
2927 470
2928 2011
2929 2530
2930 1411
2931 1669
2932 1851
2933 2660
2934 2633
2935 2144
2936 2105
2937 1008
2938 246
2939 1591
2940 2490
2941 1161
2942 2054
2943 1826
2944 2738
2945 1459
2946 2645
2947 246
2948 944
2949 246
2950 1591
2951 2308
2952 398
2953 1477
2954 2123
2955 2300
2956 2498
2957 2566
2958 2038
2959 393
2960 2911
2961 2450
2962 2538
2963 2056
2964 2330
2965 2702
2966 1464
2967 96
2968 1133
2969 1872
2970 2181
2971 602
2972 1616
2973 1673
2974 2272
2975 2745
2976 2293
2977 2471
2978 1425
2979 2149
2980 2427
2981 2462
2982 2563
2983 1028
2984 1477
2985 2341
2986 1435
2987 2941
2988 2022
2989 2119
2990 2276
2991 2728
2992 2330
2993 1297
2994 1649
2995 2930
2996 2445
2997 2074
2998 1688
2999 196
3000 2908
3001 1673
3002 2141
3003 2297
3004 2741
3005 838
3006 1403
3007 2433
3008 2668
3009 2049
3010 1014
3011 653
3012 2771
3013 2136
3014 2638
3015 1586
3016 1028
3017 1458
3018 1864
3019 2934
3020 1853
3021 439
3022 500
3023 2575
3024 807
3025 2330
3026 2797
3027 2100
3028 2871
3029 1606
3030 1678
3031 1987
3032 606
3033 645
3034 2875
3035 623
3036 246
3037 2539
3038 1351
3039 1607
3040 2842
3041 1864
3042 1719
3043 2906
3044 2383
3045 1234
3046 2059
3047 1614
3048 2933
3049 2330
3050 2342
3051 1970
3052 2060
3053 486
3054 2330
3055 757
3056 2633
3057 1687
3058 525
3059 2730
3060 2653
3061 1123
3062 1072
3063 2592
3064 2312
3065 2487
3066 1673
3067 1603
3068 2668
3069 866
3070 1136
3071 1348
3072 2655
3073 1256
3074 1335
3075 2215
3076 270
3077 3003
3078 1168
3079 1866
3080 2272
3081 1221
3082 1795
3083 1512
3084 1607
3085 2598
3086 1527
3087 2111
3088 3032
3089 2574
3090 1304
3091 2750
3092 2633
3093 2049
3094 1650
3095 528
3096 3041
3097 2330
3098 1805
3099 2679
3100 2265
3101 2183
3102 1060
3103 1544
3104 668
3105 2076
3106 2852
3107 2935
3108 1903
3109 2617
3110 2822
3111 1944
3112 472
3113 940
3114 3044
3115 1040
3116 1514
3117 1316
3118 2550
3119 1609
3120 1133
3121 754
3122 3089
3123 97
3124 2875
3125 334
3126 1859
3127 1014
3128 1850
3129 2217
3130 352
3131 2563
3132 2330
3133 1101
3134 837
3135 3056
3136 1819
3137 2889
3138 2043
3139 2330
3140 948
3141 353
3142 1450
3143 2289
3144 1703
3145 1727
3146 1607
3147 2215
3148 2385
3149 2799
3150 2655
3151 2330
3152 1280
3153 2815
3154 832
3155 2349
3156 2330
3157 2488
3158 2105
3159 1806
3160 1574
3161 2119
3162 2783
3163 2262
3164 1712
3165 2616
3166 2588
3167 2297
3168 1358
3169 1546
3170 2507
3171 962
3172 2123
3173 3063
3174 1282
3175 874
3176 2622
3177 2946
3178 2741
3179 3108
3180 2908
3181 2799
3182 1135
3183 1194
3184 1565
3185 2314
3186 1886
3187 1802
3188 593
3189 2638
3190 3089
3191 2832
3192 1396
3193 1460
3194 2029
3195 222
3196 2672
3197 2655
3198 1609
3199 2964
3200 1534
3201 1560
3202 3089
3203 1999
3204 3134
3205 2048
3206 1266
3207 2447
3208 2612
3209 2154
3210 2840
3211 2806
3212 2230
3213 1661
3214 2788
3215 554
3216 1458
3217 837
3218 2479
3219 1819
3220 1322
3221 2330
3222 547
3223 1693
3224 523
3225 2847
3226 2575
3227 1923
3228 1518
3229 2966
3230 2262
3231 1962
3232 1630
3233 2149
3234 2574
3235 68
3236 1189
3237 2044
3238 624
3239 1901
3240 2633
3241 2895
3242 1281
3243 2554
3244 1144
3245 1970
3246 3238
3247 3063
3248 431
3249 2574
3250 2215
3251 350
3252 2427
3253 486
3254 1285
3255 2340
3256 1409
3257 3010
3258 1790
3259 2048
3260 2966
3261 3061
3262 781
3263 401
3264 1726
3265 3063
3266 2437
3267 2683
3268 1968
3269 1607
3270 2912
3271 1472
3272 3089
3273 2233
3274 1146
3275 2220
3276 3049
3277 2633
3278 3004
3279 1815
3280 2975
3281 1159
3282 1514
3283 2332
3284 2856
3285 3061
3286 1329
3287 1659
3288 2500
3289 482
3290 3008
3291 399
3292 2959
3293 2045
3294 2330
3295 2119
3296 2430
3297 2802
3298 132
3299 246
3300 2330
3301 2801
3302 573
3303 3063
3304 1229
3305 1317
3306 1963
3307 1090
3308 2295
3309 2697
3310 2827
3311 3077
3312 895
3313 1156
3314 3214
3315 2483
3316 1387
3317 3089
3318 2971
3319 1495
3320 178
3321 792
3322 3035
3323 2601
3324 2997
3325 2933
3326 3089
3327 1031
3328 1815
3329 3015
3330 2119
3331 3113
3332 1373
3333 1075
3334 1408
3335 1916
3336 196
3337 1554
3338 2686
3339 1914
3340 1121
3341 2330
3342 2538
3343 2372
3344 1740
3345 2059
3346 2574
3347 1894
3348 1110
3349 3279
3350 1261
3351 1922
3352 1742
3353 2102
3354 1064
3355 1120
3356 1079
3357 2352
3358 2328
3359 2391
3360 2569
3361 2004
3362 1082
3363 1333
3364 3284
3365 2461
3366 1791
3367 3336
3368 870
3369 2505
3370 568
3371 1564
3372 2757
3373 3124
3374 1416
3375 638
3376 2452
3377 2364
3378 2835
3379 3340
3380 2548
3381 3084
3382 2330
3383 957
3384 3063
3385 1548
3386 566
3387 1314
3388 350
3389 1213
3390 1014
3391 2633
3392 1603
3393 1702
3394 3063
3395 2020
3396 2053
3397 3320
3398 2271
3399 1234
3400 2668
3401 84
3402 1979
3403 1205
3404 1469
3405 2685
3406 1402
3407 2650
3408 35
3409 625
3410 3103
3411 1458
3412 2519
3413 368
3414 1809
3415 130
3416 258
3417 1112
3418 1648
3419 285
3420 19
3421 1819
3422 103
3423 26
3424 1633
3425 749
3426 2541
3427 2316
3428 605
3429 1838
3430 42
3431 861
3432 3235
3433 219
3434 2027
3435 65
3436 854
3437 2080
3438 71
3439 2920
3440 1081
3441 1151
3442 125
3443 264
3444 2743
3445 63
3446 1422
3447 923
3448 1993
3449 45
3450 78
3451 1413
3452 276
3453 2057
3454 300
3455 50
3456 2467
3457 158
3458 3188
3459 570
3460 550
3461 1038
3462 2220
3463 93
3464 2641
3465 2404
3466 969
3467 72
3468 72
3469 2752
3470 75
3471 494
3472 331
3473 293
3474 2657
3475 2996
3476 79
3477 333
3478 2351
3479 1349
3480 431
3481 146
3482 129
3483 1418
3484 2999
3485 2168
3486 2346
3487 141
3488 2757
3489 1027
3490 135
3491 117
3492 2476
3493 2344
3494 233
3495 363
3496 1874
3497 373
3498 217
3499 462
3500 1919
3501 188
3502 791
3503 251
3504 1716
3505 772
3506 289
3507 2967
3508 1421
3509 1165
3510 2683
3511 252
3512 1084
3513 663
3514 2070
3515 93
3516 93
3517 2858
3518 93
3519 744
3520 1995
3521 908
3522 1364
3523 709
3524 1380
3525 2302
3526 792
3527 2270
3528 3123
3529 916
3530 636
3531 2616
3532 776
3533 2136
3534 412
3535 601
3536 1288
3537 150
3538 606
3539 2779
3540 562
3541 1594
3542 975
3543 336
3544 1536
3545 2631
3546 595
3547 1920
3548 1577
3549 381
3550 2579
3551 199
3552 1376
3553 1322
3554 641
3555 256
3556 2754
3557 128
3558 201
3559 2128
3560 129
3561 829
3562 2940
3563 131
3564 3298
3565 1765
3566 438
3567 1354
3568 730
3569 850
3570 1319
3571 162
3572 1017
3573 2772
3574 1163
3575 1050
3576 467
3577 2282
3578 138
3579 138
3580 1128
3581 1523
3582 229
3583 138
3584 3182
3585 1061
3586 138
3587 2705
3588 2059
3589 138
3590 2734
3591 313
3592 257
3593 138
3594 1697
3595 2200
3596 138
3597 317
3598 138
3599 614
3600 138
3601 845
3602 2375
3603 3313
3604 138
3605 140
3606 1551
3607 805
3608 1078
3609 147
3610 2888
3611 148
3612 148
3613 1143
3614 150
3615 2286
3616 215
3617 3159
3618 2036
3619 150
3620 150
3621 1547
3622 150
3623 801
3624 2301
3625 564
3626 1317
3627 158
3628 429
3629 2991
3630 644
3631 162
3632 162
3633 835
3634 1251
3635 519
3636 1181
3637 162
3638 3271
3639 2379
3640 2509
3641 1718
3642 1644
3643 164
3644 457
3645 2562
3646 402
3647 2074
3648 2227
3649 167
3650 290
3651 2766
3652 169
3653 1443
3654 169
3655 1482
3656 172
3657 1761
3658 884
3659 497
3660 2354
3661 712
3662 392
3663 2166
3664 1160
3665 176
3666 1184
3667 2765
3668 426
3669 403
3670 806
3671 2415
3672 1751
3673 178
3674 240
3675 1320
3676 221
3677 261
3678 179
3679 180
3680 1572
3681 3263
3682 377
3683 573
3684 728
3685 3170
3686 235
3687 234
3688 1556
3689 2533
3690 183
3691 183
3692 2056
3693 783
3694 184
3695 185
3696 2281
3697 2401
3698 223
3699 1613
3700 191
3701 1827
3702 388
3703 192
3704 2206
3705 193
3706 1003
3707 196
3708 3336
3709 991
3710 3154
3711 2153
3712 1004
3713 951
3714 3086
3715 1283
3716 2352
3717 201
3718 201
3719 204
3720 491
3721 2525
3722 2807
3723 1350
3724 404
3725 211
3726 731
3727 215
3728 216
3729 2399
3730 2152
3731 303
3732 216
3733 216
3734 216
3735 1970
3736 1627
3737 1200
3738 1164
3739 3115
3740 1507
3741 1528
3742 626
3743 222
3744 222
3745 1154
3746 555
3747 3195
3748 2760
3749 619
3750 222
3751 1922
3752 3002
3753 875
3754 2373
3755 1732
3756 226
3757 226
3758 226
3759 2521
3760 1363
3761 231
3762 1185
3763 1379
3764 234
3765 234
3766 260
3767 236
3768 2120
3769 2291
3770 2255
3771 488
3772 1173
3773 2055
3774 322
3775 1206
3776 1514
3777 1541
3778 239
3779 350
3780 239
3781 244
3782 367
3783 2884
3784 2638
3785 1646
3786 246
3787 1199
3788 1763
3789 1324
3790 924
3791 246
3792 1238
3793 878
3794 620
3795 934
3796 936
3797 246
3798 2142
3799 269
3800 2040
3801 246
3802 246
3803 1284
3804 246
3805 246
3806 347
3807 246
3808 2043
3809 2946
3810 418
3811 2298
3812 2320
3813 2348
3814 246
3815 2504
3816 395
3817 2096
3818 1236
3819 246
3820 2847
3821 246
3822 1520
3823 246
3824 1598
3825 2607
3826 246
3827 1976
3828 246
3829 508
3830 1792
3831 246
3832 2699
3833 3242
3834 246
3835 246
3836 2949
3837 787
3838 1126
3839 295
3840 246
3841 2165
3842 1033
3843 1773
3844 2625
3845 1589
3846 1770
3847 2897
3848 3144
3849 325
3850 2851
3851 2117
3852 1359
3853 2222
3854 246
3855 733
3856 1167
3857 1273
3858 764
3859 927
3860 324
3861 407
3862 246
3863 1876
3864 2885
3865 1219
3866 246
3867 246
3868 711
3869 1492
3870 3095
3871 2039
3872 246
3873 246
3874 1467
3875 1938
3876 246
3877 2938
3878 246
3879 649
3880 1137
3881 1802
3882 1092
3883 2523
3884 870
3885 2187
3886 2124
3887 1295
3888 686
3889 1117
3890 578
3891 246
3892 2947
3893 1537
3894 3036
3895 246
3896 2571
3897 246
3898 499
3899 2828
3900 596
3901 532
3902 1420
3903 2212
3904 2619
3905 425
3906 1900
3907 246
3908 979
3909 246
3910 839
3911 3299
3912 246
3913 2347
3914 246
3915 246
3916 1616
3917 278
3918 246
3919 822
3920 716
3921 1258
3922 246
3923 246
3924 2529
3925 246
3926 246
3927 250
3928 2693
3929 487
3930 2994
3931 256
3932 830
3933 538
3934 963
3935 1949
3936 688
3937 371
3938 263
3939 267
3940 2284
3941 1787
3942 710
3943 2898
3944 269
3945 1453
3946 1753
3947 3076
3948 1953
3949 273
3950 1685
3951 2163
3952 328
3953 273
3954 273
3955 1010
3956 276
3957 2727
3958 280
3959 280
3960 2464
3961 2453
3962 291
3963 1837
3964 283
3965 539
3966 452
3967 283
3968 1197
3969 574
3970 747
3971 3222
3972 283
3973 449
3974 2099
3975 283
3976 2435
3977 421
3978 1222
3979 1799
3980 1535
3981 286
3982 3322
3983 370
3984 1316
3985 1504
3986 671
3987 1926
3988 3125
3989 1019
3990 1489
3991 1918
3992 2614
3993 2408
3994 1789
3995 291
3996 292
3997 815
3998 335
3999 1058
4000 2808
4001 294
4002 773
4003 294
4004 356
4005 1070
4006 1736
4007 1330
4008 2330
4009 295
4010 411
4011 296
4012 296
4013 1321
4014 877
4015 296
4016 296
4017 296
4018 387
4019 296
4020 904
4021 569
4022 2429
4023 1532
4024 419
4025 2312
4026 942
4027 972
4028 589
4029 594
4030 1118
4031 298
4032 795
4033 299
4034 2047
4035 1516
4036 341
4037 3212
4038 1412
4039 659
4040 406
4041 1964
4042 300
4043 300
4044 366
4045 522
4046 1366
4047 2127
4048 637
4049 1690
4050 1029
4051 309
4052 309
4053 2081
4054 2986
4055 1655
4056 329
4057 1141
4058 314
4059 315
4060 315
4061 1468
4062 315
4063 1279
4064 2661
4065 434
4066 317
4067 3169
4068 318
4069 3293
4070 2682
4071 1406
4072 820
4073 332
4074 1652
4075 3323
4076 2422
4077 1945
4078 339
4079 2192
4080 345
4081 1074
4082 1582
4083 347
4084 347
4085 350
4086 918
4087 469
4088 2776
4089 416
4090 350
4091 350
4092 3251
4093 1095
4094 1174
4095 1982
4096 2058
4097 2294
4098 1073
4099 2848
4100 350
4101 3141
4102 2543
4103 1230
4104 350
4105 350
4106 1610
4107 3388
4108 350
4109 350
4110 350
4111 350
4112 2387
4113 817
4114 502
4115 472
4116 350
4117 444
4118 1545
4119 1152
4120 2722
4121 1049
4122 2197
4123 1148
4124 2694
4125 874
4126 350
4127 2561
4128 794
4129 2156
4130 2054
4131 676
4132 350
4133 443
4134 473
4135 586
4136 568
4137 1007
4138 1498
4139 977
4140 350
4141 350
4142 350
4143 1252
4144 350
4145 3306
4146 2777
4147 352
4148 352
4149 1178
4150 1538
4151 1155
4152 3130
4153 2380
4154 1721
4155 692
4156 1430
4157 1961
4158 503
4159 701
4160 1232
4161 2198
4162 370
4163 370
4164 2179
4165 391
4166 373
4167 1172
4168 3098
4169 653
4170 1400
4171 381
4172 2732
4173 3126
4174 2457
4175 381
4176 2406
4177 381
4178 865
4179 381
4180 2917
4181 2118
4182 382
4183 382
4184 2180
4185 382
4186 2374
4187 1075
4188 717
4189 382
4190 1980
4191 382
4192 382
4193 382
4194 2915
4195 382
4196 906
4197 2386
4198 566
4199 3237
4200 2790
4201 639
4202 600
4203 384
4204 384
4205 2266
4206 1785
4207 385
4208 385
4209 793
4210 387
4211 391
4212 2864
4213 3292
4214 536
4215 393
4216 393
4217 395
4218 2952
4219 3291
4220 696
4221 542
4222 403
4223 1704
4224 2853
4225 2710
4226 406
4227 409
4228 2385
4229 411
4230 411
4231 1183
4232 1189
4233 417
4234 1357
4235 417
4236 420
4237 2514
4238 1722
4239 420
4240 2147
4241 1811
4242 424
4243 425
4244 425
4245 588
4246 429
4247 1208
4248 495
4249 431
4250 3248
4251 431
4252 433
4253 437
4254 1423
4255 1791
4256 438
4257 438
4258 2384
4259 1253
4260 2928
4261 3231
4262 1517
4263 439
4264 439
4265 3152
4266 439
4267 439
4268 439
4269 669
4270 736
4271 1053
4272 1682
4273 1884
4274 2515
4275 439
4276 2637
4277 2922
4278 1123
4279 439
4280 2786
4281 652
4282 1733
4283 1509
4284 1441
4285 1650
4286 976
4287 2839
4288 1374
4289 1419
4290 1336
4291 1678
4292 1401
4293 758
4294 2201
4295 1005
4296 933
4297 3021
4298 1031
4299 1670
4300 1905
4301 439
4302 439
4303 439
4304 439
4305 439
4306 584
4307 1214
4308 2647
4309 2360
4310 441
4311 441
4312 2193
4313 449
4314 1503
4315 2418
4316 3343
4317 1476
4318 1587
4319 742
4320 459
4321 459
4322 460
4323 2151
4324 1067
4325 697
4326 2104
4327 992
4328 1958
4329 1410
4330 2914
4331 2484
4332 470
4333 1679
4334 2927
4335 470
4336 1310
4337 470
4338 470
4339 1408
4340 1261
4341 1062
4342 471
4343 740
4344 471
4345 472
4346 842
4347 3112
4348 849
4349 475
4350 475
4351 1696
4352 1934
4353 1756
4354 2889
4355 2402
4356 2731
4357 1188
4358 3262
4359 1488
4360 479
4361 1524
4362 480
4363 883
4364 2107
4365 482
4366 482
4367 482
4368 2721
4369 482
4370 3289
4371 2578
4372 482
4373 1080
4374 483
4375 3174
4376 483
4377 483
4378 485
4379 3347
4380 1020
4381 3053
4382 2110
4383 2022
4384 2224
4385 2494
4386 3253
4387 714
4388 486
4389 1759
4390 2599
4391 751
4392 1856
4393 1106
4394 491
4395 491
4396 496
4397 1522
4398 814
4399 523
4400 500
4401 1383
4402 3022
4403 3027
4404 1122
4405 500
4406 682
4407 2654
4408 500
4409 2608
4410 3325
4411 500
4412 695
4413 500
4414 1999
4415 661
4416 500
4417 500
4418 690
4419 506
4420 506
4421 506
4422 506
4423 629
4424 546
4425 1479
4426 2256
4427 894
4428 1567
4429 759
4430 511
4431 2223
4432 3270
4433 520
4434 520
4435 1327
4436 523
4437 523
4438 3224
4439 3134
4440 3058
4441 1698
4442 1883
4443 530
4444 902
4445 1917
4446 530
4447 1064
4448 1290
4449 530
4450 587
4451 940
4452 530
4453 2990
4454 648
4455 535
4456 535
4457 535
4458 2007
4459 1893
4460 540
4461 540
4462 867
4463 938
4464 543
4465 1202
4466 608
4467 2511
4468 548
4469 548
4470 548
4471 550
4472 3307
4473 2486
4474 2319
4475 552
4476 552
4477 2441
4478 1854
4479 2253
4480 812
4481 552
4482 552
4483 2665
4484 554
4485 3215
4486 554
4487 2079
4488 1294
4489 654
4490 2491
4491 1093
4492 840
4493 2799
4494 556
4495 1014
4496 557
4497 557
4498 1781
4499 557
4500 558
4501 882
4502 560
4503 562
4504 1018
4505 566
4506 566
4507 566
4508 3386
4509 2948
4510 3370
4511 570
4512 1024
4513 2020
4514 570
4515 645
4516 573
4517 2002
4518 2485
4519 2664
4520 2751
4521 573
4522 3104
4523 2859
4524 2893
4525 3302
4526 2115
4527 1109
4528 778
4529 3371
4530 573
4531 573
4532 573
4533 757
4534 573
4535 573
4536 573
4537 2508
4538 1997
4539 573
4540 573
4541 1077
4542 573
4543 573
4544 2139
4545 1207
4546 573
4547 2652
4548 573
4549 573
4550 2838
4551 573
4552 1378
4553 2037
4554 573
4555 1654
4556 1052
4557 573
4558 2524
4559 746
4560 573
4561 618
4562 1699
4563 2729
4564 1450
4565 987
4566 573
4567 573
4568 573
4569 1720
4570 2357
4571 573
4572 573
4573 573
4574 592
4575 892
4576 576
4577 3254
4578 1817
4579 576
4580 2014
4581 2814
4582 592
4583 592
4584 2861
4585 1463
4586 1804
4587 595
4588 595
4589 2119
4590 1100
4591 596
4592 2167
4593 599
4594 601
4595 2971
4596 1416
4597 859
4598 1745
4599 1218
4600 603
4601 3032
4602 1271
4603 1939
4604 2472
4605 1466
4606 699
4607 614
4608 614
4609 1635
4610 616
4611 616
4612 618
4613 618
4614 853
4615 620
4616 621
4617 694
4618 624
4619 624
4620 2723
4621 2388
4622 1542
4623 624
4624 3246
4625 813
4626 780
4627 2085
4628 624
4629 624
4630 1190
4631 624
4632 2424
4633 3312
4634 1641
4635 628
4636 684
4637 2305
4638 628
4639 1142
4640 1292
4641 628
4642 2202
4643 628
4644 2109
4645 629
4646 2263
4647 722
4648 1289
4649 631
4650 631
4651 2378
4652 632
4653 632
4654 3375
4655 637
4656 2978
4657 639
4658 1304
4659 1209
4660 639
4661 3121
4662 2189
4663 1871
4664 656
4665 641
4666 953
4667 1777
4668 2239
4669 957
4670 1326
4671 641
4672 955
4673 1405
4674 1451
4675 3310
4676 1130
4677 1131
4678 641
4679 641
4680 1662
4681 645
4682 645
4683 1297
4684 2567
4685 645
4686 3033
4687 645
4688 1560
4689 645
4690 2314
4691 2459
4692 2826
4693 645
4694 3024
4695 2019
4696 734
4697 724
4698 1433
4699 1709
4700 3011
4701 653
4702 653
4703 958
4704 656
4705 664
4706 2238
4707 663
4708 663
4709 663
4710 663
4711 663
4712 2628
4713 2063
4714 1176
4715 665
4716 2454
4717 670
4718 670
4719 671
4720 3140
4721 671
4722 1775
4723 2254
4724 671
4725 1145
4726 2671
4727 679
4728 1611
4729 1124
4730 1825
4731 685
4732 685
4733 1445
4734 1000
4735 686
4736 686
4737 690
4738 790
4739 1243
4740 2283
4741 1653
4742 1969
4743 1394
4744 2605
4745 695
4746 695
4747 1116
4748 1983
4749 696
4750 2741
4751 2275
4752 697
4753 2621
4754 2215
4755 1584
4756 702
4757 786
4758 1407
4759 1097
4760 703
4761 2052
4762 1615
4763 1814
4764 1455
4765 703
4766 703
4767 2503
4768 703
4769 703
4770 1411
4771 708
4772 708
4773 710
4774 1624
4775 2257
4776 1491
4777 2793
4778 2784
4779 750
4780 2775
4781 716
4782 2018
4783 978
4784 721
4785 2292
4786 723
4787 723
4788 723
4789 1852
4790 1076
4791 723
4792 3284
4793 1461
4794 1967
4795 726
4796 1368
4797 3209
4798 2460
4799 727
4800 1257
4801 729
4802 1599
4803 730
4804 730
4805 732
4806 733
4807 733
4808 1499
4809 2157
4810 2164
4811 736
4812 736
4813 736
4814 1016
4815 738
4816 994
4817 739
4818 1946
4819 1471
4820 1848
4821 915
4822 740
4823 3316
4824 1738
4825 869
4826 740
4827 1803
4828 2653
4829 2983
4830 740
4831 740
4832 1138
4833 740
4834 740
4835 740
4836 740
4837 2438
4838 1035
4839 740
4840 740
4841 740
4842 2114
4843 2819
4844 2857
4845 743
4846 745
4847 746
4848 3080
4849 1795
4850 747
4851 1771
4852 2627
4853 753
4854 1182
4855 3157
4856 2299
4857 3055
4858 759
4859 760
4860 2691
4861 760
4862 1991
4863 761
4864 2331
4865 1065
4866 1147
4867 2572
4868 763
4869 984
4870 2689
4871 1913
4872 1744
4873 769
4874 1329
4875 773
4876 775
4877 779
4878 780
4879 782
4880 782
4881 2225
4882 1102
4883 786
4884 3211
4885 2911
4886 788
4887 907
4888 2345
4889 792
4890 792
4891 2008
4892 3321
4893 792
4894 792
4895 1328
4896 2782
4897 792
4898 792
4899 2339
4900 793
4901 794
4902 981
4903 795
4904 1060
4905 1085
4906 798
4907 983
4908 799
4909 3038
4910 799
4911 799
4912 1470
4913 897
4914 2358
4915 1270
4916 799
4917 799
4918 801
4919 1263
4920 808
4921 1140
4922 1381
4923 880
4924 811
4925 2233
4926 2327
4927 811
4928 1371
4929 811
4930 811
4931 911
4932 813
4933 1788
4934 1237
4935 815
4936 2083
4937 816
4938 1088
4939 817
4940 886
4941 1358
4942 1840
4943 822
4944 822
4945 1540
4946 826
4947 827
4948 2718
4949 828
4950 828
4951 828
4952 2442
4953 829
4954 829
4955 1750
4956 831
4957 1500
4958 1533
4959 1262
4960 2568
4961 2662
4962 909
4963 837
4964 837
4965 2034
4966 837
4967 1104
4968 837
4969 837
4970 837
4971 837
4972 2939
4973 837
4974 3393
4975 2546
4976 837
4977 3217
4978 837
4979 838
4980 838
4981 1168
4982 1333
4983 1286
4984 1600
4985 838
4986 3012
4987 838
4988 1439
4989 3005
4990 2211
4991 841
4992 841
4993 841
4994 841
4995 1291
4996 1414
4997 843
4998 843
4999 899
5000 843
5001 843
5002 1794
5003 1367
5004 850
5005 850
5006 1569
5007 2003
5008 2580
5009 854
5010 1864
5011 3070
5012 1083
5013 855
5014 856
5015 861
5016 2480
5017 1306
5018 861
5019 861
5020 928
5021 861
5022 861
5023 861
5024 861
5025 1175
5026 861
5027 861
5028 1757
5029 861
5030 2675
5031 3069
5032 866
5033 866
5034 2747
5035 866
5036 2910
5037 1341
5038 868
5039 1201
5040 2377
5041 870
5042 870
5043 870
5044 1833
5045 3368
5046 870
5047 870
5048 870
5049 1397
5050 1217
5051 873
5052 3175
5053 875
5054 2804
5055 875
5056 875
5057 875
5058 2835
5059 2158
5060 2317
5061 876
5062 876
5063 2877
5064 1580
5065 880
5066 945
5067 1436
5068 883
5069 883
5070 1344
5071 884
5072 885
5073 886
5074 1302
5075 905
5076 887
5077 889
5078 890
5079 890
5080 2084
5081 3389
5082 893
5083 893
5084 2875
5085 2868
5086 897
5087 2781
5088 900
5089 900
5090 1006
5091 1835
5092 2941
5093 903
5094 904
5095 904
5096 2759
5097 905
5098 1091
5099 905
5100 905
5101 907
5102 3006
5103 907
5104 1264
5105 2492
5106 907
5107 2593
5108 908
5109 3074
5110 909
5111 911
5112 911
5113 2606
5114 911
5115 1462
5116 1978
5117 912
5118 1619
5119 912
5120 925
5121 912
5122 912
5123 912
5124 1086
5125 912
5126 2748
5127 1992
5128 1055
5129 1808
5130 3352
5131 1932
5132 919
5133 3183
5134 2333
5135 919
5136 919
5137 1365
5138 921
5139 988
5140 993
5141 1337
5142 2236
5143 2483
5144 2134
5145 2355
5146 925
5147 926
5148 926
5149 927
5150 927
5151 927
5152 927
5153 927
5154 1448
5155 927
5156 2916
5157 3200
5158 1417
5159 2513
5160 1047
5161 956
5162 932
5163 934
5164 934
5165 934
5166 934
5167 934
5168 935
5169 1043
5170 1478
5171 2190
5172 938
5173 938
5174 1133
5175 938
5176 938
5177 1694
5178 2465
5179 938
5180 1089
5181 938
5182 938
5183 2172
5184 2698
5185 1937
5186 940
5187 940
5188 940
5189 3331
5190 940
5191 941
5192 2169
5193 1952
5194 946
5195 946
5196 950
5197 1954
5198 2209
5199 950
5200 1843
5201 1741
5202 951
5203 951
5204 951
5205 1391
5206 1725
5207 956
5208 957
5209 1800
5210 957
5211 957
5212 2221
5213 3383
5214 1272
5215 3062
5216 1496
5217 1824
5218 960
5219 1150
5220 960
5221 962
5222 962
5223 2769
5224 1227
5225 1338
5226 1113
5227 2324
5228 962
5229 3029
5230 962
5231 962
5232 962
5233 962
5234 1057
5235 962
5236 962
5237 962
5238 962
5239 962
5240 962
5241 2538
5242 2909
5243 962
5244 1249
5245 2289
5246 1590
5247 1087
5248 3218
5249 1276
5250 962
5251 962
5252 1307
5253 962
5254 2161
5255 962
5256 962
5257 962
5258 962
5259 962
5260 2184
5261 2362
5262 962
5263 962
5264 3171
5265 962
5266 1384
5267 962
5268 964
5269 965
5270 965
5271 1927
5272 965
5273 965
5274 965
5275 965
5276 965
5277 965
5278 2250
5279 965
5280 965
5281 965
5282 1748
5283 2016
5284 2369
5285 967
5286 2837
5287 1464
5288 3376
5289 971
5290 1612
5291 974
5292 974
5293 2325
5294 2489
5295 2624
5296 1034
5297 976
5298 1726
5299 979
5300 979
5301 980
5302 1054
5303 981
5304 981
5305 2241
5306 999
5307 2148
5308 986
5309 986
5310 989
5311 1177
5312 990
5313 3100
5314 990
5315 992
5316 2031
5317 992
5318 993
5319 2342
5320 1601
5321 1912
5322 2370
5323 1001
5324 1003
5325 1003
5326 1003
5327 1925
5328 2712
5329 1005
5330 1039
5331 1007
5332 1008
5333 2937
5334 2905
5335 3083
5336 1585
5337 1012
5338 2517
5339 2632
5340 2863
5341 1013
5342 3010
5343 2066
5344 2526
5345 1014
5346 1129
5347 1506
5348 2822
5349 1014
5350 1769
5351 1014
5352 1220
5353 2177
5354 1014
5355 1014
5356 1014
5357 1014
5358 2419
5359 1014
5360 3043
5361 3390
5362 3127
5363 1617
5364 3288
5365 1017
5366 1017
5367 2761
5368 1017
5369 3308
5370 1017
5371 1019
5372 1019
5373 1019
5374 1193
5375 1019
5376 1362
5377 1452
5378 2001
5379 1023
5380 2297
5381 1157
5382 1026
5383 1026
5384 1028
5385 1028
5386 3016
5387 3327
5388 1539
5389 2033
5390 1037
5391 1634
5392 1039
5393 1042
5394 1042
5395 1043
5396 1204
5397 1309
5398 1043
5399 1043
5400 1767
5401 2032
5402 1043
5403 1043
5404 1043
5405 1701
5406 2531
5407 2584
5408 1597
5409 1052
5410 1071
5411 2644
5412 1052
5413 1212
5414 1656
5415 1052
5416 1052
5417 1054
5418 1867
5419 2482
5420 1057
5421 1058
5422 1058
5423 1684
5424 2216
5425 2082
5426 1058
5427 1058
5428 3387
5429 1908
5430 3102
5431 1706
5432 1064
5433 3354
5434 2737
5435 1065
5436 2670
5437 1065
5438 1068
5439 1068
5440 1068
5441 1068
5442 1070
5443 1442
5444 1075
5445 1075
5446 3281
5447 3333
5448 1078
5449 2381
5450 3392
5451 3356
5452 1256
5453 1079
5454 1296
5455 2226
5456 1847
5457 3340
5458 1868
5459 1082
5460 1082
5461 2717
5462 2090
5463 1082
5464 1082
5465 1082
5466 1082
5467 2219
5468 1082
5469 1082
5470 1082
5471 1082
5472 3362
5473 1082
5474 1680
5475 2787
5476 2010
5477 1083
5478 1088
5479 1091
5480 1889
5481 1869
5482 2702
5483 1559
5484 1100
5485 2293
5486 1101
5487 3133
5488 1114
5489 2869
5490 1818
5491 2587
5492 2300
5493 2420
5494 1108
5495 1109
5496 1110
5497 1110
5498 3348
5499 2896
5500 1112
5501 1943
5502 1112
5503 2735
5504 1115
5505 1115
5506 1531
5507 1921
5508 1120
5509 3355
5510 1122
5511 3285
5512 1123
5513 1437
5514 1216
5515 2006
5516 1123
5517 1123
5518 1821
5519 1127
5520 2261
5521 2707
5522 1128
5523 1128
5524 1129
5525 1130
5526 1130
5527 1966
5528 1130
5529 1298
5530 1131
5531 1131
5532 2985
5533 1131
5534 1131
5535 1131
5536 1132
5537 1132
5538 1133
5539 1323
5540 1133
5541 1133
5542 2968
5543 3120
5544 2145
5545 1133
5546 2409
5547 3129
5548 1235
5549 1225
5550 1525
5551 1139
5552 2421
5553 1144
5554 1144
5555 1144
5556 2830
5557 1144
5558 1144
5559 1144
5560 3244
5561 2577
5562 1145
5563 1885
5564 1146
5565 1299
5566 1940
5567 1146
5568 1146
5569 1146
5570 1146
5571 1146
5572 1959
5573 3274
5574 1150
5575 1154
5576 2534
5577 1154
5578 1154
5579 1154
5580 1266
5581 1155
5582 1215
5583 1157
5584 2026
5585 1157
5586 1157
5587 2882
5588 2537
5589 2850
5590 1163
5591 1163
5592 1164
5593 1164
5594 1164
5595 1164
5596 3078
5597 1857
5598 1169
5599 1172
5600 1175
5601 1175
5602 2956
5603 1178
5604 2431
5605 1179
5606 1182
5607 1182
5608 1779
5609 2842
5610 2470
5611 1186
5612 1187
5613 1195
5614 1188
5615 2768
5616 1188
5617 1188
5618 3228
5619 1278
5620 1947
5621 1188
5622 3236
5623 2878
5624 1994
5625 1190
5626 1198
5627 1202
5628 1202
5629 1202
5630 2150
5631 1205
5632 1205
5633 1583
5634 1205
5635 1205
5636 2493
5637 1205
5638 1205
5639 1755
5640 1205
5641 2463
5642 2648
5643 1620
5644 1209
5645 1210
5646 1210
5647 1210
5648 1647
5649 1216
5650 1975
5651 1217
5652 1221
5653 3081
5654 1222
5655 1223
5656 1223
5657 1224
5658 1224
5659 1225
5660 2392
5661 1226
5662 1228
5663 2825
5664 1229
5665 2622
5666 1229
5667 1229
5668 2957
5669 3380
5670 1393
5671 1229
5672 1229
5673 3304
5674 2855
5675 1231
5676 2218
5677 1231
5678 1511
5679 2264
5680 2594
5681 3301
5682 2321
5683 1234
5684 2970
5685 1234
5686 1668
5687 1234
5688 3045
5689 1234
5690 1234
5691 1234
5692 2075
5693 1234
5694 1236
5695 2393
5696 1236
5697 1481
5698 1238
5699 1239
5700 1239
5701 2867
5702 1242
5703 2585
5704 1242
5705 1242
5706 1243
5707 2600
5708 1244
5709 1244
5710 1245
5711 2178
5712 2050
5713 1914
5714 1248
5715 2204
5716 1605
5717 2098
5718 1256
5719 1256
5720 1256
5721 1256
5722 1256
5723 2791
5724 2709
5725 1256
5726 3073
5727 1256
5728 1256
5729 1256
5730 1256
5731 1256
5732 1256
5733 1256
5734 1681
5735 2829
5736 1731
5737 1260
5738 1260
5739 1260
5740 1331
5741 3350
5742 1933
5743 1261
5744 1261
5745 1892
5746 2334
5747 1265
5748 1483
5749 1265
5750 1265
5751 1265
5752 1729
5753 1266
5754 1266
5755 3206
5756 2740
5757 1632
5758 1645
5759 1266
5760 2234
5761 1266
5762 1266
5763 1271
5764 2809
5765 1272
5766 1274
5767 1275
5768 1275
5769 1588
5770 1276
5771 3163
5772 2800
5773 2703
5774 1278
5775 2060
5776 1826
5777 1278
5778 1548
5779 1280
5780 1282
5781 1284
5782 2924
5783 1285
5784 1286
5785 1286
5786 1543
5787 1286
5788 1981
5789 1287
5790 1287
5791 1287
5792 2436
5793 1287
5794 1287
5795 1287
5796 1290
5797 2237
5798 1293
5799 1294
5800 1294
5801 1294
5802 1294
5803 1294
5804 1294
5805 2009
5806 2681
5807 1295
5808 1295
5809 1311
5810 1312
5811 1296
5812 2338
5813 2993
5814 2228
5815 1299
5816 1299
5817 1299
5818 1299
5819 1299
5820 1299
5821 1299
5822 1299
5823 1299
5824 2395
5825 1299
5826 1299
5827 1301
5828 2068
5829 3090
5830 1305
5831 2273
5832 1896
5833 2688
5834 1392
5835 1310
5836 1310
5837 1310
5838 1310
5839 1310
5840 1311
5841 1311
5842 1665
5843 1313
5844 1313
5845 1313
5846 2251
5847 1313
5848 1313
5849 2522
5850 1313
5851 2101
5852 1313
5853 1313
5854 1314
5855 1314
5856 1315
5857 1315
5858 1831
5859 1316
5860 1316
5861 1316
5862 1657
5863 1842
5864 1316
5865 1316
5866 1316
5867 2350
5868 2318
5869 2368
5870 1316
5871 1316
5872 2945
5873 1316
5874 1798
5875 1686
5876 1739
5877 1316
5878 1316
5879 1316
5880 2135
5881 1712
5882 3117
5883 1316
5884 1316
5885 1316
5886 1316
5887 1316
5888 1316
5889 1316
5890 1316
5891 1317
5892 1317
5893 3305
5894 1317
5895 1317
5896 1317
5897 2870
5898 1897
5899 1322
5900 2767
5901 1998
5902 3220
5903 1490
5904 1322
5905 1322
5906 1322
5907 1323
5908 1325
5909 1326
5910 2590
5911 1552
5912 1836
5913 1734
5914 1581
5915 1328
5916 1328
5917 1328
5918 2512
5919 1497
5920 1329
5921 2803
5922 1329
5923 3286
5924 1329
5925 1329
5926 1549
5927 1329
5928 3079
5929 2138
5930 1333
5931 3363
5932 1333
5933 1333
5934 1333
5935 1334
5936 1465
5937 2306
5938 1336
5939 1336
5940 2449
5941 2274
5942 1339
5943 2410
5944 1344
5945 1344
5946 2296
5947 1346
5948 2730
5949 1768
5950 3071
5951 2287
5952 1353
5953 1354
5954 2155
5955 1358
5956 2162
5957 1369
5958 3358
5959 1358
5960 1358
5961 1358
5962 1358
5963 1358
5964 2112
5965 3168
5966 1358
5967 1360
5968 1454
5969 1364
5970 1554
5971 1364
5972 2023
5973 1366
5974 2474
5975 1369
5976 1370
5977 1910
5978 1371
5979 3332
5980 1666
5981 1373
5982 1373
5983 1505
5984 1375
5985 1375
5986 1713
5987 1377
5988 1377
5989 1377
5990 2770
5991 1378
5992 1944
5993 1379
5994 1602
5995 1379
5996 1381
5997 1388
5998 1388
5999 1388
6000 1391
6001 1391
6002 1392
6003 1395
6004 2126
6005 1395
6006 1395
6007 1510
6008 1396
6009 2623
6010 2873
6011 1447
6012 3192
6013 1396
6014 1396
6015 1396
6016 1398
6017 1398
6018 1631
6019 1640
6020 1403
6021 1403
6022 1403
6023 2651
6024 1403
6025 1403
6026 1403
6027 1403
6028 1403
6029 1403
6030 1446
6031 1403
6032 1403
6033 1429
6034 1403
6035 2028
6036 1403
6037 1403
6038 1403
6039 1404
6040 1404
6041 2091
6042 1405
6043 1406
6044 1407
6045 2462
6046 1408
6047 3334
6048 3256
6049 3166
6050 1410
6051 1410
6052 1410
6053 1410
6054 2365
6055 2560
6056 1410
6057 1410
6058 1410
6059 1411
6060 1411
6061 2554
6062 1411
6063 1411
6064 1411
6065 1411
6066 3361
6067 2443
6068 1411
6069 1642
6070 1477
6071 1411
6072 1411
6073 1707
6074 1411
6075 1411
6076 1411
6077 1411
6078 2930
6079 1416
6080 1416
6081 1426
6082 1416
6083 1416
6084 3374
6085 1672
6086 1416
6087 1417
6088 1419
6089 1924
6090 2000
6091 1429
6092 1432
6093 1433
6094 1433
6095 1574
6096 1434
6097 2413
6098 1844
6099 1435
6100 2095
6101 1901
6102 1436
6103 1436
6104 1936
6105 1440
6106 1440
6107 1764
6108 1441
6109 1441
6110 1441
6111 3101
6112 1996
6113 1441
6114 1442
6115 1723
6116 2102
6117 1442
6118 1442
6119 1442
6120 1529
6121 2581
6122 1443
6123 1443
6124 1443
6125 1446
6126 1446
6127 3142
6128 1891
6129 1450
6130 2326
6131 1453
6132 1453
6133 1453
6134 2258
6135 1455
6136 1456
6137 1457
6138 1457
6139 1457
6140 1457
6141 1457
6142 3017
6143 3216
6144 2133
6145 3193
6146 1461
6147 2998
6148 2966
6149 2140
6150 2288
6151 1464
6152 2308
6153 1464
6154 1468
6155 1487
6156 1468
6157 1468
6158 1747
6159 2278
6160 1760
6161 2823
6162 1474
6163 1476
6164 2984
6165 1705
6166 1477
6167 2953
6168 1477
6169 1477
6170 2773
6171 2589
6172 1477
6173 1477
6174 2051
6175 2049
6176 1477
6177 1478
6178 1478
6179 2259
6180 1478
6181 1478
6182 1478
6183 2041
6184 1480
6185 1480
6186 2611
6187 3066
6188 2076
6189 1480
6190 1480
6191 1480
6192 1480
6193 1480
6194 2900
6195 2596
6196 1483
6197 1484
6198 1485
6199 1485
6200 1485
6201 2171
6202 1485
6203 1488
6204 1491
6205 1492
6206 1492
6207 1492
6208 1494
6209 1494
6210 1494
6211 1495
6212 3319
6213 1495
6214 1497
6215 1498
6216 1501
6217 2407
6218 1506
6219 1506
6220 1506
6221 2280
6222 2844
6223 1509
6224 1511
6225 2088
6226 2434
6227 1514
6228 1514
6229 1514
6230 1514
6231 1593
6232 3282
6233 1514
6234 2092
6235 1514
6236 1674
6237 3194
6238 1565
6239 1514
6240 1514
6241 2824
6242 1514
6243 1514
6244 1514
6245 2598
6246 1514
6247 3196
6248 2411
6249 1514
6250 1514
6251 3116
6252 1626
6253 1514
6254 2516
6255 1514
6256 1514
6257 2931
6258 1514
6259 2713
6260 1514
6261 1514
6262 2674
6263 1514
6264 1514
6265 1514
6266 1514
6267 1514
6268 1693
6269 2042
6270 1514
6271 1514
6272 2242
6273 2303
6274 1522
6275 2714
6276 1523
6277 1972
6278 1523
6279 1523
6280 1523
6281 2132
6282 1523
6283 2366
6284 1523
6285 1523
6286 2918
6287 1523
6288 1523
6289 1529
6290 1929
6291 1532
6292 1532
6293 1532
6294 1977
6295 2518
6296 1535
6297 1968
6298 2309
6299 1540
6300 1540
6301 1540
6302 2400
6303 1540
6304 1540
6305 1540
6306 1540
6307 2048
6308 1540
6309 1543
6310 3145
6311 1710
6312 1548
6313 1604
6314 3385
6315 1548
6316 1708
6317 1548
6318 1548
6319 1828
6320 1549
6321 1887
6322 1550
6323 1550
6324 1554
6325 3337
6326 2240
6327 1556
6328 2086
6329 1557
6330 1559
6331 3201
6332 1560
6333 1560
6334 1560
6335 1561
6336 1563
6337 1563
6338 1563
6339 3184
6340 1565
6341 2834
6342 1571
6343 2690
6344 1955
6345 1566
6346 1568
6347 1569
6348 1569
6349 1569
6350 1569
6351 1846
6352 1570
6353 1574
6354 2072
6355 1574
6356 1782
6357 1574
6358 1574
6359 1574
6360 1574
6361 3160
6362 1576
6363 1578
6364 1578
6365 1578
6366 1578
6367 1578
6368 1579
6369 2505
6370 1583
6371 1584
6372 3015
6373 1585
6374 1585
6375 1590
6376 2950
6377 1595
6378 1599
6379 1599
6380 1602
6381 1603
6382 2113
6383 1603
6384 1603
6385 1700
6386 3067
6387 1603
6388 1603
6389 1603
6390 1603
6391 1603
6392 1603
6393 1603
6394 2062
6395 1604
6396 1604
6397 1607
6398 1607
6399 3039
6400 2563
6401 1607
6402 1607
6403 3381
6404 1607
6405 1607
6406 1607
6407 1607
6408 3269
6409 2246
6410 3146
6411 1607
6412 2794
6413 1607
6414 1607
6415 1607
6416 1607
6417 2356
6418 1607
6419 1607
6420 1607
6421 1607
6422 1607
6423 1607
6424 1607
6425 1607
6426 1607
6427 1608
6428 1797
6429 1609
6430 1609
6431 1609
6432 3198
6433 2532
6434 3119
6435 1609
6436 1612
6437 1612
6438 1614
6439 1614
6440 3047
6441 1615
6442 2972
6443 1616
6444 1616
6445 1617
6446 1626
6447 1942
6448 1626
6449 1626
6450 1626
6451 1626
6452 1626
6453 1629
6454 1630
6455 2097
6456 1630
6457 3232
6458 1630
6459 1631
6460 2536
6461 1638
6462 1641
6463 2433
6464 1641
6465 1641
6466 2073
6467 1641
6468 1641
6469 1641
6470 2845
6471 1641
6472 1641
6473 1641
6474 1641
6475 1641
6476 2695
6477 1641
6478 1641
6479 1641
6480 1641
6481 1643
6482 1643
6483 1790
6484 1643
6485 1643
6486 1643
6487 1643
6488 1646
6489 1646
6490 1646
6491 1646
6492 2444
6493 1646
6494 1855
6495 1648
6496 2468
6497 1649
6498 1649
6499 3094
6500 1651
6501 1651
6502 2440
6503 2477
6504 1653
6505 1653
6506 1653
6507 1653
6508 1653
6509 1653
6510 2724
6511 1653
6512 1653
6513 1879
6514 1653
6515 2458
6516 1653
6517 1654
6518 1878
6519 1657
6520 1657
6521 1657
6522 1657
6523 1873
6524 1657
6525 3335
6526 1657
6527 1657
6528 1657
6529 2207
6530 1657
6531 2017
6532 3287
6533 1948
6534 1766
6535 3213
6536 1662
6537 1662
6538 1663
6539 1663
6540 1666
6541 1666
6542 2506
6543 1666
6544 1666
6545 2874
6546 1666
6547 1668
6548 1668
6549 1668
6550 2069
6551 1668
6552 3186
6553 2214
6554 1950
6555 3128
6556 1673
6557 1872
6558 1673
6559 1801
6560 1673
6561 3031
6562 2094
6563 1673
6564 1673
6565 2243
6566 1673
6567 1673
6568 2510
6569 1673
6570 1673
6571 1673
6572 1904
6573 2816
6574 2332
6575 1673
6576 2666
6577 3296
6578 1673
6579 2676
6580 3001
6581 2397
6582 1673
6583 1673
6584 1673
6585 1673
6586 1673
6587 1960
6588 1673
6589 1673
6590 1673
6591 2973
6592 1673
6593 1673
6594 1673
6595 1673
6596 1749
6597 1673
6598 1673
6599 1673
6600 1673
6601 1673
6602 1673
6603 1673
6604 1984
6605 1673
6606 2935
6607 1674
6608 1675
6609 1675
6610 3030
6611 1679
6612 2121
6613 1680
6614 1680
6615 1680
6616 2322
6617 1687
6618 1687
6619 3057
6620 1689
6621 1689
6622 1689
6623 2359
6624 1689
6625 1689
6626 1689
6627 1690
6628 1692
6629 1812
6630 1693
6631 2649
6632 3223
6633 1693
6634 1693
6635 1693
6636 1693
6637 1693
6638 1696
6639 1697
6640 1697
6641 1697
6642 1697
6643 1697
6644 1715
6645 2547
6646 1701
6647 1701
6648 1702
6649 1702
6650 1703
6651 1704
6652 1708
6653 2290
6654 1710
6655 1710
6656 1710
6657 2792
6658 1710
6659 1710
6660 1711
6661 1711
6662 1711
6663 1711
6664 1807
6665 1711
6666 1711
6667 1712
6668 3164
6669 1712
6670 1793
6671 1715
6672 1719
6673 2820
6674 1719
6675 3042
6676 1719
6677 1719
6678 1721
6679 2414
6680 1723
6681 1743
6682 1726
6683 3264
6684 1726
6685 1726
6686 1728
6687 1730
6688 1730
6689 1733
6690 2196
6691 1733
6692 1735
6693 1737
6694 1740
6695 1740
6696 2487
6697 1740
6698 1740
6699 2235
6700 2899
6701 3344
6702 1740
6703 2753
6704 1743
6705 1743
6706 1748
6707 1750
6708 1752
6709 1754
6710 1756
6711 1758
6712 1758
6713 1758
6714 1758
6715 2353
6716 1759
6717 1820
6718 2609
6719 1763
6720 1763
6721 1763
6722 2229
6723 1763
6724 2478
6725 1763
6726 2335
6727 1763
6728 2195
6729 1763
6730 1763
6731 2245
6732 2659
6733 3252
6734 1765
6735 1783
6736 1767
6737 1767
6738 1823
6739 1767
6740 1768
6741 1768
6742 1769
6743 1770
6744 1772
6745 1772
6746 1777
6747 1779
6748 2103
6749 1781
6750 1783
6751 1911
6752 2846
6753 1789
6754 1789
6755 1789
6756 1789
6757 3258
6758 3366
6759 1792
6760 3377
6761 1792
6762 1792
6763 1795
6764 3082
6765 1797
6766 1799
6767 3187
6768 1803
6769 2310
6770 1804
6771 1804
6772 1804
6773 1806
6774 1806
6775 1810
6776 1813
6777 1815
6778 3328
6779 2833
6780 1815
6781 3279
6782 1815
6783 1815
6784 1815
6785 2122
6786 1817
6787 1818
6788 2232
6789 1819
6790 1819
6791 2575
6792 2742
6793 1819
6794 2836
6795 1875
6796 3136
6797 1819
6798 1819
6799 3219
6800 1820
6801 1820
6802 1826
6803 1826
6804 2780
6805 1826
6806 2943
6807 1826
6808 1826
6809 2591
6810 1826
6811 1827
6812 2738
6813 1829
6814 1832
6815 1832
6816 1835
6817 1839
6818 1839
6819 1839
6820 1839
6821 2247
6822 1839
6823 2248
6824 1839
6825 2673
6826 2720
6827 1839
6828 1841
6829 1841
6830 1841
6831 1845
6832 2642
6833 1846
6834 1846
6835 1846
6836 2203
6837 1846
6838 1846
6839 1846
6840 1846
6841 1846
6842 1850
6843 1850
6844 1851
6845 1851
6846 1851
6847 1851
6848 1851
6849 1851
6850 1851
6851 2805
6852 1851
6853 1851
6854 2932
6855 1965
6856 1851
6857 1851
6858 1851
6859 1851
6860 2633
6861 1851
6862 1851
6863 1853
6864 3020
6865 2067
6866 1857
6867 1858
6868 1858
6869 1858
6870 1858
6871 1858
6872 1858
6873 2860
6874 1907
6875 1861
6876 2481
6877 1863
6878 1863
6879 1863
6880 1863
6881 1863
6882 3041
6883 2604
6884 3018
6885 1865
6886 1865
6887 1865
6888 2191
6889 1865
6890 2108
6891 1915
6892 1868
6893 1868
6894 1868
6895 1868
6896 1868
6897 2497
6898 1872
6899 2969
6900 1873
6901 1875
6902 1876
6903 1876
6904 1876
6905 1877
6906 1880
6907 1880
6908 1880
6909 1880
6910 1881
6911 1886
6912 1887
6913 1888
6914 1888
6915 1890
6916 1890
6917 2592
6918 1897
6919 1897
6920 1897
6921 1897
6922 1898
6923 1898
6924 2552
6925 1899
6926 1901
6927 1901
6928 1901
6929 1901
6930 1901
6931 1901
6932 3239
6933 1901
6934 1901
6935 1901
6936 1902
6937 1902
6938 1903
6939 1903
6940 3179
6941 1903
6942 1903
6943 1903
6944 1903
6945 1908
6946 3087
6947 1908
6948 1910
6949 2005
6950 1986
6951 1910
6952 1910
6953 1910
6954 1910
6955 1910
6956 1910
6957 2313
6958 1910
6959 1910
6960 2887
6961 1910
6962 1910
6963 1910
6964 1910
6965 1910
6966 1910
6967 1910
6968 1910
6969 1910
6970 2035
6971 1912
6972 1912
6973 2116
6974 1912
6975 1914
6976 1914
6977 1914
6978 1914
6979 1914
6980 1914
6981 1914
6982 1914
6983 1914
6984 3339
6985 1914
6986 2501
6987 1914
6988 1914
6989 1914
6990 1914
6991 1914
6992 1914
6993 1914
6994 1914
6995 1914
6996 2539
6997 2862
6998 1914
6999 1914
7000 2686
7001 1914
7002 1956
7003 1914
7004 1914
7005 1914
7006 1914
7007 1914
7008 2902
7009 1914
7010 1915
7011 1916
7012 1916
7013 2904
7014 1918
7015 1918
7016 2170
7017 2194
7018 1918
7019 1919
7020 1919
7021 1920
7022 1920
7023 2678
7024 1921
7025 1922
7026 1922
7027 3351
7028 3227
7029 1923
7030 1926
7031 1926
7032 1926
7033 1926
7034 1928
7035 1928
7036 1928
7037 1928
7038 1929
7039 1930
7040 1930
7041 1930
7042 1934
7043 1934
7044 1935
7045 1935
7046 2719
7047 1937
7048 1937
7049 2618
7050 1939
7051 1942
7052 3111
7053 1944
7054 1944
7055 1944
7056 1946
7057 1952
7058 1955
7059 1955
7060 1958
7061 1958
7062 1958
7063 2553
7064 2602
7065 1962
7066 1962
7067 1962
7068 1962
7069 1963
7070 1963
7071 1963
7072 1963
7073 1963
7074 1963
7075 1967
7076 1968
7077 1968
7078 1968
7079 1968
7080 3268
7081 1970
7082 1970
7083 1970
7084 1970
7085 2677
7086 2841
7087 3245
7088 1970
7089 1970
7090 2343
7091 1970
7092 1970
7093 1970
7094 3051
7095 1970
7096 1971
7097 2129
7098 1973
7099 1974
7100 1975
7101 1975
7102 1976
7103 1981
7104 1984
7105 2535
7106 1989
7107 1990
7108 1991
7109 1991
7110 3203
7111 1999
7112 2130
7113 2456
7114 2000
7115 3208
7116 2000
7117 2006
7118 2021
7119 2469
7120 2007
7121 2008
7122 2008
7123 2011
7124 2012
7125 2013
7126 2016
7127 2018
7128 2019
7129 2019
7130 3395
7131 2022
7132 2022
7133 2022
7134 2022
7135 2022
7136 2022
7137 2764
7138 2022
7139 2022
7140 2022
7141 2022
7142 2455
7143 2988
7144 2022
7145 2977
7146 2022
7147 2022
7148 2022
7149 2022
7150 2022
7151 2023
7152 2023
7153 2023
7154 2024
7155 2029
7156 2031
7157 2035
7158 2185
7159 2173
7160 2038
7161 2038
7162 2038
7163 2958
7164 2398
7165 2038
7166 2040
7167 2043
7168 3138
7169 2043
7170 2043
7171 2044
7172 2045
7173 2045
7174 2046
7175 3259
7176 3205
7177 2048
7178 2048
7179 2285
7180 2049
7181 2049
7182 2049
7183 2049
7184 2064
7185 2049
7186 2049
7187 3093
7188 2049
7189 2049
7190 2049
7191 2049
7192 3009
7193 2106
7194 2049
7195 2049
7196 2049
7197 2049
7198 2049
7199 2696
7200 2174
7201 2049
7202 2942
7203 2054
7204 2054
7205 2054
7206 2054
7207 2071
7208 2054
7209 2054
7210 2054
7211 2054
7212 2056
7213 2056
7214 2056
7215 2056
7216 3266
7217 2417
7218 2963
7219 2058
7220 2175
7221 2058
7222 2058
7223 2058
7224 2058
7225 2059
7226 2059
7227 2059
7228 2059
7229 2059
7230 2059
7231 2059
7232 2059
7233 2495
7234 2059
7235 2059
7236 3345
7237 2059
7238 3046
7239 3052
7240 2060
7241 2060
7242 2307
7243 2060
7244 2061
7245 2061
7246 2061
7247 2061
7248 2061
7249 2061
7250 2061
7251 2061
7252 2061
7253 2061
7254 2473
7255 3255
7256 2496
7257 2065
7258 2066
7259 2066
7260 2067
7261 2423
7262 2069
7263 2071
7264 2073
7265 2997
7266 3105
7267 2077
7268 2077
7269 2079
7270 2080
7271 2084
7272 2084
7273 2084
7274 2084
7275 2085
7276 2736
7277 2085
7278 2085
7279 2085
7280 2085
7281 2267
7282 2405
7283 2894
7284 2085
7285 2088
7286 2088
7287 2629
7288 2626
7289 2096
7290 2096
7291 2096
7292 2096
7293 2096
7294 2097
7295 2098
7296 2746
7297 2188
7298 2099
7299 2101
7300 2101
7301 2101
7302 3353
7303 2655
7304 2102
7305 2102
7306 2103
7307 2103
7308 2105
7309 2936
7310 2880
7311 3158
7312 2106
7313 2106
7314 2106
7315 2109
7316 2109
7317 2111
7318 2112
7319 2520
7320 2890
7321 2114
7322 2114
7323 2115
7324 2115
7325 2116
7326 2118
7327 2118
7328 2118
7329 2329
7330 2118
7331 2118
7332 2118
7333 2119
7334 2119
7335 3330
7336 2658
7337 2119
7338 2119
7339 2989
7340 2119
7341 2119
7342 2119
7343 2119
7344 3161
7345 2119
7346 2119
7347 3295
7348 2119
7349 2119
7350 2700
7351 2119
7352 2119
7353 2120
7354 2123
7355 3172
7356 2123
7357 2711
7358 2199
7359 2954
7360 2545
7361 2186
7362 2130
7363 2130
7364 2134
7365 3013
7366 2136
7367 2136
7368 2279
7369 2136
7370 2136
7371 2136
7372 2749
7373 2136
7374 2138
7375 2138
7376 2138
7377 2139
7378 2141
7379 2142
7380 2144
7381 2145
7382 2145
7383 2667
7384 2574
7385 2148
7386 2148
7387 2148
7388 3233
7389 2979
7390 2149
7391 2152
7392 2923
7393 2153
7394 2425
7395 2153
7396 2646
7397 2153
7398 2153
7399 2892
7400 2336
7401 2156
7402 2680
7403 2159
7404 2160
7405 2163
7406 2164
7407 2164
7408 2164
7409 2166
7410 2586
7411 2166
7412 2167
7413 2170
7414 2170
7415 2564
7416 2176
7417 2176
7418 2177
7419 2177
7420 2210
7421 2179
7422 2179
7423 2180
7424 2180
7425 2182
7426 2182
7427 2182
7428 2182
7429 2323
7430 2182
7431 2182
7432 2183
7433 2183
7434 2183
7435 2186
7436 2186
7437 3280
7438 2704
7439 2188
7440 2188
7441 2189
7442 2190
7443 2190
7444 2530
7445 2190
7446 2191
7447 2448
7448 2193
7449 2193
7450 3359
7451 2193
7452 2193
7453 2193
7454 2193
7455 2193
7456 2193
7457 2195
7458 2196
7459 2908
7460 2200
7461 2200
7462 2762
7463 2201
7464 2201
7465 2204
7466 2204
7467 3365
7468 2205
7469 2205
7470 2205
7471 2206
7472 2615
7473 2208
7474 2208
7475 2210
7476 2211
7477 2211
7478 2886
7479 2214
7480 3250
7481 2396
7482 2215
7483 2215
7484 2394
7485 2215
7486 2215
7487 2215
7488 3075
7489 2215
7490 2215
7491 2215
7492 2215
7493 3147
7494 2215
7495 2708
7496 2715
7497 2215
7498 2216
7499 2216
7500 2218
7501 2620
7502 2218
7503 2219
7504 2220
7505 3275
7506 2220
7507 2220
7508 2220
7509 2220
7510 2220
7511 2220
7512 2220
7513 2220
7514 2220
7515 2403
7516 2221
7517 2221
7518 2221
7519 2221
7520 2221
7521 2426
7522 2222
7523 2222
7524 2222
7525 2222
7526 2225
7527 2225
7528 2225
7529 2225
7530 2225
7531 2226
7532 2226
7533 2227
7534 2229
7535 2230
7536 2230
7537 2231
7538 2233
7539 2233
7540 2233
7541 2233
7542 2233
7543 2233
7544 2233
7545 2233
7546 2233
7547 3273
7548 2233
7549 2233
7550 2233
7551 2233
7552 2233
7553 2233
7554 2233
7555 2233
7556 3109
7557 2233
7558 2239
7559 2241
7560 2242
7561 2243
7562 2243
7563 2248
7564 2248
7565 2248
7566 2249
7567 2250
7568 2250
7569 2382
7570 2252
7571 2254
7572 2254
7573 2254
7574 2255
7575 2255
7576 2255
7577 2255
7578 2255
7579 2255
7580 2255
7581 3153
7582 2551
7583 2256
7584 2573
7585 2256
7586 2257
7587 2259
7588 2261
7589 2261
7590 2261
7591 2466
7592 2261
7593 2262
7594 2262
7595 2262
7596 2635
7597 2262
7598 2262
7599 2262
7600 3230
7601 2262
7602 2432
7603 2262
7604 2262
7605 2262
7606 2262
7607 2262
7608 2371
7609 2264
7610 2265
7611 2266
7612 2550
7613 2270
7614 2270
7615 2974
7616 2451
7617 2273
7618 2275
7619 2447
7620 2275
7621 2276
7622 2276
7623 2276
7624 2279
7625 2279
7626 2282
7627 2283
7628 2283
7629 2961
7630 2287
7631 2287
7632 2287
7633 2287
7634 2287
7635 2919
7636 3143
7637 2292
7638 2292
7639 2292
7640 2292
7641 2292
7642 2293
7643 2976
7644 2725
7645 2293
7646 2293
7647 3003
7648 2297
7649 2297
7650 2297
7651 2297
7652 2297
7653 3167
7654 2298
7655 2298
7656 2733
7657 2299
7658 2811
7659 2416
7660 2300
7661 2528
7662 2955
7663 2303
7664 2303
7665 2303
7666 2303
7667 2303
7668 2304
7669 2951
7670 2308
7671 2315
7672 2311
7673 2312
7674 2312
7675 2312
7676 2312
7677 3064
7678 2313
7679 2313
7680 2313
7681 2313
7682 2313
7683 2313
7684 2313
7685 2475
7686 3185
7687 2314
7688 2314
7689 2317
7690 2320
7691 2320
7692 2320
7693 2320
7694 2320
7695 2324
7696 2324
7697 2324
7698 2326
7699 2326
7700 2326
7701 2327
7702 2328
7703 2328
7704 2329
7705 2329
7706 2329
7707 2329
7708 2439
7709 2329
7710 2329
7711 2330
7712 2330
7713 3156
7714 2330
7715 2330
7716 3132
7717 2330
7718 2330
7719 2330
7720 2330
7721 2330
7722 2330
7723 2330
7724 2330
7725 2330
7726 2330
7727 2330
7728 2750
7729 2330
7730 2330
7731 2330
7732 2330
7733 2330
7734 2330
7735 2330
7736 2330
7737 2412
7738 2330
7739 2330
7740 2330
7741 2330
7742 2330
7743 2330
7744 2726
7745 2330
7746 2330
7747 2330
7748 2330
7749 2330
7750 2330
7751 2330
7752 2330
7753 2330
7754 2330
7755 2582
7756 2330
7757 2330
7758 2330
7759 2330
7760 2330
7761 2330
7762 3221
7763 3294
7764 2330
7765 2330
7766 2330
7767 2330
7768 2330
7769 2330
7770 2330
7771 3300
7772 2330
7773 2330
7774 2852
7775 2330
7776 2330
7777 2330
7778 2330
7779 2330
7780 2330
7781 2330
7782 2330
7783 2367
7784 2330
7785 2330
7786 2330
7787 2330
7788 2330
7789 2330
7790 2330
7791 2330
7792 2330
7793 2330
7794 3382
7795 2330
7796 2330
7797 2330
7798 2330
7799 2330
7800 2330
7801 2330
7802 2330
7803 2330
7804 2330
7805 2330
7806 2330
7807 2330
7808 2330
7809 2330
7810 2330
7811 2330
7812 2330
7813 2330
7814 2330
7815 3049
7816 2330
7817 2330
7818 2383
7819 2330
7820 2330
7821 2330
7822 2330
7823 2330
7824 2330
7825 2330
7826 3054
7827 2330
7828 2992
7829 2559
7830 2330
7831 2330
7832 2785
7833 2330
7834 2330
7835 2330
7836 2330
7837 2330
7838 2330
7839 2330
7840 2330
7841 2330
7842 2330
7843 2330
7844 2330
7845 2330
7846 2330
7847 2330
7848 2330
7849 3341
7850 2330
7851 3139
7852 2330
7853 2330
7854 2330
7855 2330
7856 2330
7857 2330
7858 2330
7859 2330
7860 2330
7861 2964
7862 2330
7863 2330
7864 2330
7865 2330
7866 2330
7867 2330
7868 2330
7869 2330
7870 3151
7871 2330
7872 3025
7873 2330
7874 2330
7875 2330
7876 2330
7877 2330
7878 2330
7879 2330
7880 2330
7881 2330
7882 2330
7883 2330
7884 2330
7885 2330
7886 2330
7887 2330
7888 3097
7889 2330
7890 2330
7891 2330
7892 2330
7893 2330
7894 2331
7895 2331
7896 2331
7897 3283
7898 2527
7899 2334
7900 2583
7901 2334
7902 2334
7903 2334
7904 2336
7905 2337
7906 2389
7907 2338
7908 2338
7909 2338
7910 2339
7911 3050
7912 2597
7913 2344
7914 2344
7915 2344
7916 2346
7917 3155
7918 2349
7919 2349
7920 2350
7921 2350
7922 2350
7923 2352
7924 3357
7925 2831
7926 2353
7927 2354
7928 2360
7929 2360
7930 2360
7931 2360
7932 2361
7933 2832
7934 2363
7935 2363
7936 2363
7937 2364
7938 2365
7939 2366
7940 2367
7941 2367
7942 2368
7943 2370
7944 2370
7945 2371
7946 2371
7947 2371
7948 2372
7949 2372
7950 2372
7951 2854
7952 2372
7953 2372
7954 2372
7955 2373
7956 2373
7957 2373
7958 2373
7959 2374
7960 2925
7961 2375
7962 2376
7963 2377
7964 3162
7965 2377
7966 2381
7967 2381
7968 2381
7969 2382
7970 2382
7971 2382
7972 2382
7973 2383
7974 2383
7975 2383
7976 2383
7977 2383
7978 2383
7979 2383
7980 3114
7981 2383
7982 2383
7983 2383
7984 2558
7985 2383
7986 2383
7987 2383
7988 2383
7989 2383
7990 2383
7991 2383
7992 3148
7993 2387
7994 2603
7995 2387
7996 2391
7997 2396
7998 2396
7999 2396
8000 2399
8001 2399
8002 2399
8003 2399
8004 2570
8005 2399
8006 2399
8007 2399
8008 2399
8009 2401
8010 2402
8011 2404
8012 2405
8013 2407
8014 2407
8015 2903
8016 2409
8017 2843
8018 2411
8019 2414
8020 2415
8021 2416
8022 2416
8023 2417
8024 2418
8025 2418
8026 2418
8027 2419
8028 2426
8029 2427
8030 2427
8031 2427
8032 2427
8033 2427
8034 2427
8035 2427
8036 2427
8037 2427
8038 2427
8039 2427
8040 2427
8041 2980
8042 2427
8043 2427
8044 2774
8045 2427
8046 2427
8047 2427
8048 2427
8049 2427
8050 2427
8051 2427
8052 2556
8053 2428
8054 2428
8055 2429
8056 2429
8057 2432
8058 2432
8059 2432
8060 2433
8061 3007
8062 2435
8063 2435
8064 2439
8065 2440
8066 2440
8067 2442
8068 2444
8069 2444
8070 2569
8071 2447
8072 2447
8073 2447
8074 2447
8075 2447
8076 2879
8077 3207
8078 2447
8079 2447
8080 2447
8081 2449
8082 2450
8083 2450
8084 2450
8085 2450
8086 2451
8087 2451
8088 2451
8089 2451
8090 2451
8091 2451
8092 2452
8093 2452
8094 2452
8095 2452
8096 2452
8097 2452
8098 2557
8099 2452
8100 2452
8101 2452
8102 2452
8103 2630
8104 2453
8105 2454
8106 2692
8107 2454
8108 2454
8109 2456
8110 2456
8111 2457
8112 2457
8113 2458
8114 2459
8115 2883
8116 2462
8117 2981
8118 2464
8119 2464
8120 2706
8121 2464
8122 2464
8123 2464
8124 2464
8125 2464
8126 2464
8127 2464
8128 2464
8129 2464
8130 2464
8131 2542
8132 2464
8133 2466
8134 2818
8135 2468
8136 2468
8137 2470
8138 2470
8139 2471
8140 2472
8141 2474
8142 2474
8143 2474
8144 2474
8145 2849
8146 2474
8147 2475
8148 2477
8149 2479
8150 2480
8151 2483
8152 2483
8153 2483
8154 3315
8155 2483
8156 2483
8157 2483
8158 2483
8159 2643
8160 2483
8161 3309
8162 2483
8163 2486
8164 3065
8165 2488
8166 2490
8167 2491
8168 2491
8169 2492
8170 2493
8171 2493
8172 2493
8173 2493
8174 2493
8175 2493
8176 2493
8177 2493
8178 2493
8179 2493
8180 2493
8181 2493
8182 2494
8183 2495
8184 2495
8185 2497
8186 2497
8187 2499
8188 2500
8189 2500
8190 2500
8191 2500
8192 2501
8193 2504
8194 2505
8195 2505
8196 2505
8197 2505
8198 3369
8199 2507
8200 2507
8201 2507
8202 2507
8203 2507
8204 2507
8205 2507
8206 2507
8207 2508
8208 2508
8209 2508
8210 2510
8211 2511
8212 2512
8213 2512
8214 2513
8215 2513
8216 2513
8217 2513
8218 2513
8219 2513
8220 2513
8221 2513
8222 2513
8223 2514
8224 2778
8225 2514
8226 2514
8227 2517
8228 2872
8229 2517
8230 2758
8231 2530
8232 2929
8233 2530
8234 2530
8235 2530
8236 2530
8237 2532
8238 2535
8239 2535
8240 2535
8241 2535
8242 2535
8243 2535
8244 2535
8245 2535
8246 2535
8247 2535
8248 2535
8249 2535
8250 2535
8251 2549
8252 2535
8253 2537
8254 2537
8255 2537
8256 2537
8257 2537
8258 2669
8259 2537
8260 2537
8261 2537
8262 2537
8263 2537
8264 2537
8265 2537
8266 2537
8267 2538
8268 2538
8269 2538
8270 2538
8271 2538
8272 2538
8273 2962
8274 2538
8275 3342
8276 2538
8277 2538
8278 2538
8279 2538
8280 2538
8281 2538
8282 2539
8283 2755
8284 2539
8285 3314
8286 2539
8287 2539
8288 2539
8289 2539
8290 2539
8291 2539
8292 2539
8293 2539
8294 2539
8295 2539
8296 3037
8297 2610
8298 2539
8299 2539
8300 2821
8301 2543
8302 2543
8303 2543
8304 2543
8305 2544
8306 2544
8307 3118
8308 2552
8309 2552
8310 2553
8311 2553
8312 2921
8313 3243
8314 2554
8315 2554
8316 2555
8317 2557
8318 2557
8319 2557
8320 2557
8321 2560
8322 3131
8323 2982
8324 2563
8325 2563
8326 2563
8327 2563
8328 2564
8329 2613
8330 2568
8331 2568
8332 2568
8333 2569
8334 2739
8335 2569
8336 2639
8337 3360
8338 2569
8339 2569
8340 2570
8341 2881
8342 2570
8343 2570
8344 2571
8345 2572
8346 2574
8347 2574
8348 2574
8349 2574
8350 3249
8351 2810
8352 2701
8353 2574
8354 2574
8355 2574
8356 3346
8357 2574
8358 2574
8359 2574
8360 2574
8361 2574
8362 2574
8363 2574
8364 2574
8365 2574
8366 2574
8367 2574
8368 3234
8369 2574
8370 2574
8371 3089
8372 2574
8373 2574
8374 2574
8375 3023
8376 2575
8377 2575
8378 2575
8379 2575
8380 2575
8381 2812
8382 3226
8383 2575
8384 2575
8385 2575
8386 2578
8387 2579
8388 2580
8389 2583
8390 2584
8391 2587
8392 3063
8393 2592
8394 2592
8395 2592
8396 2592
8397 2592
8398 2592
8399 2592
8400 2592
8401 2592
8402 2592
8403 2592
8404 2592
8405 2592
8406 2592
8407 2592
8408 2595
8409 2595
8410 2595
8411 2595
8412 2595
8413 2598
8414 3085
8415 2598
8416 2600
8417 2600
8418 2601
8419 2601
8420 2601
8421 2601
8422 2601
8423 2640
8424 2602
8425 2603
8426 2605
8427 2606
8428 2606
8429 2608
8430 2608
8431 2656
8432 2608
8433 2608
8434 2610
8435 2612
8436 2614
8437 2614
8438 2614
8439 2616
8440 3165
8441 2617
8442 2619
8443 2620
8444 3176
8445 2891
8446 2624
8447 2624
8448 2625
8449 2628
8450 2628
8451 2628
8452 2628
8453 2633
8454 2633
8455 2633
8456 3092
8457 2634
8458 2633
8459 2633
8460 2633
8461 2633
8462 2633
8463 3391
8464 2633
8465 2633
8466 2633
8467 2633
8468 2633
8469 2633
8470 2633
8471 2907
8472 2633
8473 2633
8474 2633
8475 2633
8476 2633
8477 2633
8478 2636
8479 2633
8480 2633
8481 2633
8482 2633
8483 2871
8484 2633
8485 2633
8486 2633
8487 2633
8488 2934
8489 2633
8490 2633
8491 2633
8492 3240
8493 2633
8494 2633
8495 2633
8496 2633
8497 3277
8498 2633
8499 3056
8500 2633
8501 2633
8502 2634
8503 2636
8504 2636
8505 2636
8506 2636
8507 3189
8508 2638
8509 3014
8510 2638
8511 2638
8512 2638
8513 2638
8514 2638
8515 2638
8516 2638
8517 2638
8518 2638
8519 2638
8520 2638
8521 2638
8522 2638
8523 2638
8524 2638
8525 2640
8526 2640
8527 2641
8528 2641
8529 2641
8530 2642
8531 2642
8532 2643
8533 2643
8534 2645
8535 2646
8536 2650
8537 2653
8538 3060
8539 2654
8540 2654
8541 2654
8542 2716
8543 2654
8544 2654
8545 2654
8546 2654
8547 2654
8548 2655
8549 2655
8550 2655
8551 3197
8552 2655
8553 2655
8554 2655
8555 2655
8556 3150
8557 2655
8558 2655
8559 2655
8560 2655
8561 3072
8562 2655
8563 2655
8564 2655
8565 2658
8566 2662
8567 2662
8568 2662
8569 2664
8570 2665
8571 2665
8572 2667
8573 3068
8574 2668
8575 2668
8576 3290
8577 2668
8578 2668
8579 2668
8580 2668
8581 2669
8582 2669
8583 2672
8584 2672
8585 3099
8586 2678
8587 2682
8588 3267
8589 2686
8590 2686
8591 2686
8592 2686
8593 2798
8594 2686
8595 2687
8596 2686
8597 3338
8598 2686
8599 2686
8600 2686
8601 2690
8602 2690
8603 2690
8604 2690
8605 2691
8606 2691
8607 2693
8608 2700
8609 2700
8610 2702
8611 2702
8612 3026
8613 2965
8614 2702
8615 2702
8616 2702
8617 2702
8618 2702
8619 2702
8620 2702
8621 2702
8622 2702
8623 2705
8624 2705
8625 2705
8626 2709
8627 2712
8628 2712
8629 2712
8630 2712
8631 2712
8632 2713
8633 2713
8634 2717
8635 2717
8636 2718
8637 2719
8638 2723
8639 2724
8640 2724
8641 2726
8642 2726
8643 2727
8644 2727
8645 2727
8646 2866
8647 3059
8648 2730
8649 2730
8650 2732
8651 2732
8652 2732
8653 2732
8654 2732
8655 2732
8656 2732
8657 2734
8658 2738
8659 2738
8660 2944
8661 2763
8662 2739
8663 2741
8664 2744
8665 2741
8666 2741
8667 3297
8668 2741
8669 2741
8670 2741
8671 2741
8672 2741
8673 2741
8674 2741
8675 2741
8676 2741
8677 2741
8678 2741
8679 2741
8680 2741
8681 2741
8682 2741
8683 2741
8684 2741
8685 2741
8686 2741
8687 2741
8688 2741
8689 2741
8690 2741
8691 2741
8692 2741
8693 2741
8694 2741
8695 2741
8696 2741
8697 2741
8698 2741
8699 2741
8700 2741
8701 3178
8702 2741
8703 2741
8704 2741
8705 2741
8706 2741
8707 2901
8708 2741
8709 2741
8710 2741
8711 2741
8712 2741
8713 2741
8714 2741
8715 2741
8716 2741
8717 2741
8718 2741
8719 2741
8720 2741
8721 2741
8722 2741
8723 2741
8724 2741
8725 2741
8726 2741
8727 2876
8728 2741
8729 2741
8730 2741
8731 2741
8732 2741
8733 2741
8734 2741
8735 2741
8736 2741
8737 2741
8738 2741
8739 2741
8740 2741
8741 2741
8742 2741
8743 2741
8744 2741
8745 2741
8746 2741
8747 2741
8748 2741
8749 2741
8750 2741
8751 2741
8752 2741
8753 2741
8754 2741
8755 2741
8756 2741
8757 2741
8758 2741
8759 2741
8760 2741
8761 2741
8762 2926
8763 2741
8764 2741
8765 3004
8766 2741
8767 2741
8768 2742
8769 2743
8770 2743
8771 2744
8772 3091
8773 2750
8774 2752
8775 2752
8776 2752
8777 2752
8778 2755
8779 2755
8780 2755
8781 2755
8782 2755
8783 2756
8784 2756
8785 2756
8786 2756
8787 2756
8788 2756
8789 2756
8790 3372
8791 2789
8792 2761
8793 2761
8794 2761
8795 2761
8796 2763
8797 2764
8798 2767
8799 2767
8800 2768
8801 2776
8802 2779
8803 2781
8804 2783
8805 2783
8806 2784
8807 2784
8808 2784
8809 2785
8810 2787
8811 2787
8812 2787
8813 2787
8814 2787
8815 2787
8816 2790
8817 2791
8818 2794
8819 2794
8820 2795
8821 2796
8822 2796
8823 2799
8824 3181
8825 2799
8826 2799
8827 2799
8828 2799
8829 2799
8830 2799
8831 2799
8832 2799
8833 3149
8834 2800
8835 2800
8836 2800
8837 2800
8838 2801
8839 2808
8840 2808
8841 2808
8842 2811
8843 2813
8844 2814
8845 2815
8846 2815
8847 2815
8848 2815
8849 2815
8850 2815
8851 2815
8852 2815
8853 2815
8854 2815
8855 2815
8856 2816
8857 2816
8858 2821
8859 2822
8860 2822
8861 2822
8862 2822
8863 3110
8864 2822
8865 2822
8866 2822
8867 2822
8868 2823
8869 2825
8870 2825
8871 2825
8872 2826
8873 2826
8874 2826
8875 2826
8876 2826
8877 2826
8878 2826
8879 2826
8880 2826
8881 2827
8882 3191
8883 2834
8884 2834
8885 2835
8886 2835
8887 2835
8888 3378
8889 2835
8890 2835
8891 2835
8892 2835
8893 2835
8894 2836
8895 2838
8896 2838
8897 2840
8898 2840
8899 2840
8900 3210
8901 3040
8902 2842
8903 2842
8904 2842
8905 2843
8906 3225
8907 2847
8908 2849
8909 2849
8910 2849
8911 2849
8912 2865
8913 2849
8914 2849
8915 2849
8916 2849
8917 2849
8918 2849
8919 2849
8920 2849
8921 2849
8922 2849
8923 2852
8924 2852
8925 2852
8926 2852
8927 3106
8928 2852
8929 2852
8930 2852
8931 2853
8932 2855
8933 2855
8934 2855
8935 2857
8936 2857
8937 2858
8938 2860
8939 2860
8940 2865
8941 2866
8942 2913
8943 2866
8944 2866
8945 2866
8946 2866
8947 2869
8948 2869
8949 2869
8950 2869
8951 3028
8952 2871
8953 2873
8954 2873
8955 2873
8956 2875
8957 2875
8958 3034
8959 2875
8960 2875
8961 2875
8962 2875
8963 2875
8964 2875
8965 2875
8966 2875
8967 2875
8968 3241
8969 2875
8970 2875
8971 3373
8972 2880
8973 2880
8974 2880
8975 2881
8976 2881
8977 2882
8978 2884
8979 2886
8980 2886
8981 2886
8982 2888
8983 2888
8984 3137
8985 2890
8986 2890
8987 2890
8988 2890
8989 2890
8990 2890
8991 2896
8992 2898
8993 2898
8994 2898
8995 2898
8996 2898
8997 2898
8998 2898
8999 2898
9000 2900
9001 2904
9002 2907
9003 2908
9004 2908
9005 2908
9006 2908
9007 2908
9008 2908
9009 3180
9010 2908
9011 2908
9012 2908
9013 2908
9014 3000
9015 2960
9016 2911
9017 2912
9018 2912
9019 2912
9020 2913
9021 2913
9022 2913
9023 2913
9024 2913
9025 2918
9026 2918
9027 2919
9028 2920
9029 2920
9030 2920
9031 2922
9032 2922
9033 2924
9034 2925
9035 2927
9036 2928
9037 2928
9038 2928
9039 2995
9040 2930
9041 2930
9042 2933
9043 2933
9044 3048
9045 2933
9046 3019
9047 3107
9048 2937
9049 2937
9050 2937
9051 2937
9052 2938
9053 2939
9054 2940
9055 2941
9056 2941
9057 2941
9058 2987
9059 2941
9060 2941
9061 2941
9062 2941
9063 2941
9064 2941
9065 2941
9066 2941
9067 2941
9068 2941
9069 2941
9070 2941
9071 2941
9072 2941
9073 2941
9074 2941
9075 2941
9076 2941
9077 2941
9078 2941
9079 2941
9080 2941
9081 2942
9082 2943
9083 2944
9084 2945
9085 2945
9086 2945
9087 2945
9088 2945
9089 3177
9090 2946
9091 2947
9092 2947
9093 2948
9094 2949
9095 2949
9096 2949
9097 2949
9098 2949
9099 2950
9100 2950
9101 2950
9102 2950
9103 2950
9104 2950
9105 2950
9106 2950
9107 2950
9108 2950
9109 2952
9110 2952
9111 2953
9112 2953
9113 2953
9114 2958
9115 2960
9116 2960
9117 2960
9118 2960
9119 2960
9120 2960
9121 2960
9122 2960
9123 2960
9124 2961
9125 2961
9126 2964
9127 2964
9128 3199
9129 2966
9130 2966
9131 2966
9132 2966
9133 2966
9134 3229
9135 2966
9136 2966
9137 3260
9138 2966
9139 2966
9140 2966
9141 2966
9142 2967
9143 2969
9144 3318
9145 2971
9146 2972
9147 2972
9148 2972
9149 2978
9150 2979
9151 2979
9152 2979
9153 2979
9154 2979
9155 2979
9156 2979
9157 2980
9158 2980
9159 2981
9160 2983
9161 2984
9162 2987
9163 2987
9164 2988
9165 2988
9166 2988
9167 2989
9168 2990
9169 2990
9170 2991
9171 2992
9172 2993
9173 2997
9174 2997
9175 2997
9176 2997
9177 3324
9178 2998
9179 2998
9180 2998
9181 3001
9182 3001
9183 3001
9184 3001
9185 3001
9186 3002
9187 3002
9188 3002
9189 3002
9190 3002
9191 3002
9192 3002
9193 3002
9194 3002
9195 3002
9196 3002
9197 3002
9198 3002
9199 3002
9200 3002
9201 3003
9202 3003
9203 3003
9204 3003
9205 3003
9206 3003
9207 3003
9208 3003
9209 3077
9210 3003
9211 3004
9212 3004
9213 3004
9214 3278
9215 3004
9216 3005
9217 3006
9218 3006
9219 3006
9220 3006
9221 3006
9222 3006
9223 3007
9224 3009
9225 3009
9226 3010
9227 3010
9228 3257
9229 3010
9230 3010
9231 3011
9232 3011
9233 3011
9234 3011
9235 3011
9236 3011
9237 3014
9238 3014
9239 3014
9240 3329
9241 3015
9242 3015
9243 3015
9244 3015
9245 3015
9246 3015
9247 3015
9248 3015
9249 3018
9250 3018
9251 3024
9252 3024
9253 3024
9254 3025
9255 3025
9256 3026
9257 3026
9258 3026
9259 3026
9260 3026
9261 3026
9262 3027
9263 3028
9264 3029
9265 3029
9266 3029
9267 3030
9268 3030
9269 3030
9270 3030
9271 3031
9272 3032
9273 3032
9274 3088
9275 3033
9276 3033
9277 3033
9278 3033
9279 3033
9280 3033
9281 3033
9282 3033
9283 3034
9284 3034
9285 3034
9286 3035
9287 3035
9288 3035
9289 3037
9290 3037
9291 3096
9292 3044
9293 3044
9294 3046
9295 3047
9296 3049
9297 3276
9298 3050
9299 3050
9300 3051
9301 3052
9302 3052
9303 3053
9304 3053
9305 3053
9306 3053
9307 3053
9308 3053
9309 3054
9310 3054
9311 3135
9312 3056
9313 3056
9314 3057
9315 3057
9316 3060
9317 3060
9318 3060
9319 3061
9320 3061
9321 3061
9322 3061
9323 3061
9324 3061
9325 3061
9326 3261
9327 3061
9328 3061
9329 3062
9330 3063
9331 3063
9332 3063
9333 3394
9334 3063
9335 3063
9336 3063
9337 3063
9338 3063
9339 3063
9340 3063
9341 3063
9342 3265
9343 3063
9344 3384
9345 3063
9346 3063
9347 3063
9348 3173
9349 3063
9350 3063
9351 3063
9352 3303
9353 3247
9354 3064
9355 3064
9356 3065
9357 3067
9358 3067
9359 3068
9360 3072
9361 3073
9362 3073
9363 3074
9364 3074
9365 3074
9366 3074
9367 3311
9368 3081
9369 3081
9370 3081
9371 3082
9372 3086
9373 3086
9374 3087
9375 3087
9376 3088
9377 3088
9378 3089
9379 3089
9380 3089
9381 3089
9382 3089
9383 3089
9384 3089
9385 3089
9386 3317
9387 3089
9388 3089
9389 3089
9390 3089
9391 3089
9392 3089
9393 3089
9394 3089
9395 3089
9396 3089
9397 3089
9398 3089
9399 3089
9400 3089
9401 3089
9402 3089
9403 3089
9404 3089
9405 3089
9406 3089
9407 3089
9408 3089
9409 3089
9410 3190
9411 3089
9412 3089
9413 3089
9414 3089
9415 3089
9416 3122
9417 3089
9418 3089
9419 3089
9420 3089
9421 3089
9422 3272
9423 3089
9424 3089
9425 3089
9426 3089
9427 3089
9428 3089
9429 3089
9430 3089
9431 3089
9432 3089
9433 3089
9434 3089
9435 3089
9436 3089
9437 3089
9438 3089
9439 3089
9440 3089
9441 3089
9442 3089
9443 3089
9444 3089
9445 3089
9446 3326
9447 3089
9448 3089
9449 3089
9450 3202
9451 3089
9452 3089
9453 3089
9454 3089
9455 3089
9456 3089
9457 3089
9458 3089
9459 3089
9460 3089
9461 3089
9462 3090
9463 3090
9464 3090
9465 3090
9466 3090
9467 3091
9468 3094
9469 3094
9470 3097
9471 3101
9472 3101
9473 3106
9474 3109
9475 3109
9476 3109
9477 3109
9478 3109
9479 3109
9480 3109
9481 3109
9482 3109
9483 3109
9484 3109
9485 3111
9486 3111
9487 3113
9488 3119
9489 3119
9490 3120
9491 3120
9492 3120
9493 3120
9494 3120
9495 3120
9496 3120
9497 3120
9498 3120
9499 3120
9500 3120
9501 3120
9502 3120
9503 3120
9504 3120
9505 3120
9506 3120
9507 3120
9508 3120
9509 3120
9510 3122
9511 3124
9512 3127
9513 3127
9514 3127
9515 3127
9516 3127
9517 3130
9518 3204
9519 3134
9520 3134
9521 3134
9522 3134
9523 3134
9524 3134
9525 3134
9526 3134
9527 3134
9528 3134
9529 3134
9530 3134
9531 3134
9532 3134
9533 3134
9534 3134
9535 3134
9536 3134
9537 3134
9538 3135
9539 3135
9540 3135
9541 3135
9542 3135
9543 3138
9544 3138
9545 3138
9546 3139
9547 3139
9548 3139
9549 3139
9550 3139
9551 3139
9552 3139
9553 3139
9554 3139
9555 3139
9556 3139
9557 3139
9558 3144
9559 3144
9560 3144
9561 3145
9562 3145
9563 3145
9564 3145
9565 3145
9566 3145
9567 3145
9568 3147
9569 3147
9570 3147
9571 3147
9572 3147
9573 3147
9574 3147
9575 3147
9576 3147
9577 3148
9578 3150
9579 3150
9580 3159
9581 3161
9582 3161
9583 3162
9584 3162
9585 3162
9586 3162
9587 3162
9588 3163
9589 3164
9590 3164
9591 3164
9592 3170
9593 3171
9594 3174
9595 3174
9596 3174
9597 3175
9598 3175
9599 3176
9600 3176
9601 3176
9602 3176
9603 3177
9604 3177
9605 3177
9606 3178
9607 3178
9608 3181
9609 3181
9610 3181
9611 3181
9612 3181
9613 3181
9614 3181
9615 3181
9616 3181
9617 3181
9618 3181
9619 3181
9620 3181
9621 3181
9622 3181
9623 3181
9624 3181
9625 3181
9626 3181
9627 3181
9628 3181
9629 3181
9630 3181
9631 3181
9632 3181
9633 3182
9634 3182
9635 3183
9636 3183
9637 3183
9638 3184
9639 3185
9640 3185
9641 3185
9642 3185
9643 3185
9644 3186
9645 3186
9646 3187
9647 3187
9648 3191
9649 3192
9650 3194
9651 3195
9652 3200
9653 3200
9654 3200
9655 3201
9656 3202
9657 3204
9658 3204
9659 3204
9660 3204
9661 3204
9662 3204
9663 3206
9664 3207
9665 3207
9666 3207
9667 3207
9668 3207
9669 3207
9670 3207
9671 3207
9672 3210
9673 3210
9674 3210
9675 3210
9676 3210
9677 3212
9678 3212
9679 3212
9680 3212
9681 3212
9682 3214
9683 3214
9684 3214
9685 3214
9686 3215
9687 3216
9688 3219
9689 3223
9690 3223
9691 3223
9692 3223
9693 3223
9694 3223
9695 3223
9696 3223
9697 3224
9698 3224
9699 3224
9700 3224
9701 3224
9702 3224
9703 3224
9704 3224
9705 3224
9706 3224
9707 3227
9708 3232
9709 3232
9710 3233
9711 3233
9712 3233
9713 3233
9714 3233
9715 3233
9716 3233
9717 3233
9718 3233
9719 3233
9720 3233
9721 3233
9722 3233
9723 3233
9724 3233
9725 3233
9726 3233
9727 3233
9728 3233
9729 3233
9730 3233
9731 3233
9732 3233
9733 3234
9734 3235
9735 3236
9736 3236
9737 3236
9738 3236
9739 3236
9740 3236
9741 3237
9742 3237
9743 3237
9744 3237
9745 3237
9746 3237
9747 3237
9748 3237
9749 3237
9750 3238
9751 3240
9752 3241
9753 3244
9754 3248
9755 3248
9756 3249
9757 3252
9758 3253
9759 3253
9760 3253
9761 3253
9762 3253
9763 3253
9764 3253
9765 3253
9766 3253
9767 3253
9768 3253
9769 3253
9770 3253
9771 3253
9772 3253
9773 3253
9774 3253
9775 3253
9776 3253
9777 3253
9778 3253
9779 3253
9780 3253
9781 3253
9782 3253
9783 3253
9784 3253
9785 3253
9786 3257
9787 3257
9788 3257
9789 3261
9790 3263
9791 3264
9792 3265
9793 3265
9794 3265
9795 3265
9796 3266
9797 3266
9798 3266
9799 3266
9800 3266
9801 3268
9802 3268
9803 3268
9804 3268
9805 3268
9806 3268
9807 3268
9808 3268
9809 3268
9810 3269
9811 3269
9812 3270
9813 3270
9814 3271
9815 3271
9816 3271
9817 3271
9818 3275
9819 3275
9820 3275
9821 3276
9822 3276
9823 3349
9824 3282
9825 3282
9826 3364
9827 3285
9828 3288
9829 3290
9830 3291
9831 3293
9832 3296
9833 3296
9834 3296
9835 3296
9836 3297
9837 3297
9838 3297
9839 3297
9840 3297
9841 3299
9842 3299
9843 3299
9844 3299
9845 3305
9846 3305
9847 3305
9848 3305
9849 3305
9850 3305
9851 3306
9852 3308
9853 3308
9854 3308
9855 3308
9856 3311
9857 3311
9858 3312
9859 3312
9860 3312
9861 3313
9862 3316
9863 3318
9864 3319
9865 3319
9866 3320
9867 3320
9868 3320
9869 3320
9870 3323
9871 3324
9872 3326
9873 3327
9874 3330
9875 3330
9876 3330
9877 3330
9878 3330
9879 3330
9880 3336
9881 3336
9882 3367
9883 3336
9884 3336
9885 3336
9886 3336
9887 3336
9888 3336
9889 3338
9890 3339
9891 3339
9892 3340
9893 3340
9894 3340
9895 3379
9896 3340
9897 3343
9898 3343
9899 3343
9900 3349
9901 3349
9902 3349
9903 3349
9904 3349
9905 3350
9906 3350
9907 3352
9908 3354
9909 3356
9910 3357
9911 3359
9912 3359
9913 3359
9914 3359
9915 3359
9916 3359
9917 3359
9918 3359
9919 3362
9920 3362
9921 3362
9922 3363
9923 3363
9924 3363
9925 3364
9926 3364
9927 3365
9928 3365
9929 3368
9930 3369
9931 3370
9932 3370
9933 3370
9934 3370
9935 3370
9936 3370
9937 3371
9938 3371
9939 3375
9940 3378
9941 3379
9942 3382
9943 3383
9944 3383
9945 3383
9946 3383
9947 3383
9948 3383
9949 3384
9950 3385
9951 3385
9952 3385
9953 3385
9954 3385
9955 3385
9956 3385
9957 3385
9958 3385
9959 3385
9960 3387
9961 3387
9962 3387
9963 3387
9964 3387
9965 3387
9966 3389
9967 3389
9968 3389
9969 3389
9970 3389
9971 3389
9972 3389
9973 3389
9974 3389
9975 3391
9976 3393
9977 3393
9978 3393
9979 3393
9980 3393
9981 3393
9982 3393
9983 3393
9984 3393
9985 3393
9986 3393
9987 3393
9988 3393
9989 3393
9990 3393
9991 3393
9992 3393
9993 3393
9994 3393
9995 3393
9996 3393
9997 3393
9998 3395
9999 3395
