10000 9999
1 0
2 0
3 0
4 0
5 4
6 0
7 2
8 7
9 0
10 0
11 6
12 0
13 8
14 9
15 13
16 0
17 11
18 6
19 0
20 16
21 19
22 15
23 9
24 15
25 18
26 11
27 25
28 0
29 28
30 29
31 29
32 12
33 29
34 29
35 5
36 1
37 33
38 17
39 14
40 28
41 31
42 0
43 0
44 29
45 36
46 44
47 44
48 34
49 35
50 31
51 46
52 38
53 6
54 21
55 40
56 3
57 22
58 29
59 25
60 46
61 36
62 45
63 46
64 23
65 53
66 29
67 56
68 0
69 52
70 59
71 6
72 57
73 50
74 29
75 6
76 28
77 74
78 40
79 42
80 52
81 25
82 43
83 82
84 36
85 53
86 68
87 44
88 54
89 49
90 76
91 89
92 83
93 58
94 10
95 25
96 67
97 85
98 58
99 64
100 82
101 73
102 55
103 78
104 102
105 36
106 86
107 63
108 65
109 30
110 41
111 85
112 86
113 31
114 101
115 112
116 41
117 110
118 88
119 86
120 86
121 17
122 115
123 86
124 37
125 81
126 44
127 25
128 94
129 90
130 62
131 108
132 115
133 123
134 114
135 98
136 71
137 38
138 47
139 137
140 130
141 44
142 88
143 98
144 73
145 85
146 64
147 98
148 20
149 110
150 80
151 88
152 106
153 132
154 106
155 118
156 25
157 64
158 124
159 158
160 106
161 147
162 23
163 86
164 122
165 86
166 163
167 129
168 142
169 135
170 86
171 85
172 75
173 136
174 97
175 108
176 104
177 87
178 133
179 158
180 39
181 121
182 125
183 49
184 176
185 133
186 127
187 182
188 183
189 167
190 72
191 153
192 183
193 183
194 62
195 183
196 183
197 183
198 183
199 115
200 152
201 183
202 183
203 183
204 183
205 129
206 58
207 44
208 53
209 100
210 183
211 133
212 183
213 86
214 201
215 177
216 123
217 208
218 183
219 183
220 183
221 134
222 213
223 183
224 64
225 183
226 152
227 86
228 62
229 183
230 213
231 211
232 183
233 86
234 143
235 100
236 143
237 169
238 183
239 192
240 64
241 207
242 106
243 88
244 240
245 199
246 133
247 195
248 175
249 137
250 183
251 51
252 183
253 200
254 243
255 129
256 102
257 213
258 224
259 183
260 253
261 136
262 183
263 183
264 183
265 183
266 192
267 260
268 235
269 86
270 189
271 141
272 195
273 210
274 106
275 183
276 119
277 63
278 183
279 56
280 183
281 195
282 160
283 183
284 171
285 29
286 142
287 86
288 200
289 259
290 208
291 200
292 266
293 122
294 162
295 93
296 226
297 93
298 290
299 268
300 117
301 239
302 272
303 115
304 41
305 238
306 82
307 282
308 129
309 183
310 283
311 254
312 308
313 110
314 77
315 62
316 95
317 182
318 183
319 256
320 217
321 205
322 250
323 183
324 170
325 258
326 174
327 183
328 212
329 73
330 183
331 255
332 235
333 63
334 219
335 215
336 307
337 335
338 259
339 183
340 131
341 183
342 175
343 241
344 303
345 262
346 183
347 82
348 312
349 274
350 140
351 325
352 249
353 85
354 183
355 203
356 227
357 106
358 321
359 183
360 200
361 221
362 330
363 208
364 127
365 309
366 155
367 208
368 143
369 327
370 335
371 183
372 354
373 183
374 106
375 183
376 86
377 192
378 183
379 183
380 305
381 183
382 183
383 297
384 306
385 169
386 31
387 314
388 152
389 325
390 338
391 220
392 220
393 183
394 314
395 380
396 209
397 73
398 142
399 341
400 151
401 183
402 298
403 249
404 307
405 86
406 331
407 310
408 183
409 324
410 119
411 385
412 92
413 234
414 86
415 170
416 177
417 378
418 403
419 102
420 405
421 154
422 403
423 349
424 248
425 203
426 127
427 383
428 183
429 200
430 360
431 28
432 403
433 377
434 380
435 117
436 181
437 183
438 272
439 380
440 311
441 183
442 183
443 403
444 109
445 183
446 385
447 213
448 425
449 183
450 400
451 167
452 124
453 373
454 148
455 124
456 403
457 198
458 190
459 338
460 347
461 445
462 129
463 365
464 44
465 437
466 308
467 183
468 157
469 183
470 314
471 87
472 113
473 286
474 183
475 370
476 238
477 456
478 451
479 121
480 323
481 364
482 183
483 383
484 178
485 405
486 295
487 158
488 402
489 351
490 36
491 142
492 318
493 213
494 386
495 328
496 433
497 483
498 350
499 401
500 258
501 148
502 460
503 459
504 388
505 373
506 403
507 403
508 183
509 258
510 325
511 389
512 305
513 250
514 513
515 414
516 183
517 456
518 452
519 403
520 335
521 419
522 27
523 252
524 449
525 500
526 129
527 133
528 136
529 394
530 246
531 464
532 514
533 182
534 205
535 468
536 507
537 369
538 461
539 253
540 183
541 275
542 364
543 358
544 469
545 208
546 232
547 336
548 66
549 380
550 356
551 505
552 108
553 520
554 536
555 373
556 466
557 507
558 172
559 403
560 423
561 195
562 512
563 520
564 208
565 58
566 28
567 168
568 238
569 496
570 133
571 403
572 273
573 392
574 401
575 456
576 91
577 129
578 465
579 375
580 574
581 403
582 506
583 445
584 183
585 53
586 513
587 402
588 284
589 325
590 429
591 403
592 426
593 364
594 506
595 447
596 364
597 132
598 283
599 325
600 179
601 431
602 183
603 167
604 507
605 572
606 488
607 237
608 414
609 399
610 343
611 588
612 371
613 428
614 506
615 272
616 540
617 133
618 183
619 403
620 582
621 146
622 183
623 183
624 492
625 507
626 183
627 447
628 506
629 335
630 463
631 501
632 488
633 621
634 280
635 92
636 586
637 476
638 178
639 258
640 411
641 214
642 550
643 630
644 477
645 503
646 525
647 586
648 160
649 258
650 183
651 645
652 242
653 614
654 313
655 579
656 111
657 29
658 519
659 459
660 485
661 592
662 496
663 609
664 371
665 647
666 346
667 616
668 421
669 522
670 185
671 298
672 395
673 456
674 451
675 434
676 621
677 430
678 183
679 107
680 639
681 183
682 536
683 395
684 657
685 86
686 298
687 681
688 434
689 653
690 685
691 156
692 546
693 679
694 232
695 366
696 691
697 262
698 623
699 267
700 458
701 183
702 658
703 548
704 625
705 675
706 183
707 479
708 338
709 437
710 403
711 476
712 403
713 657
714 420
715 506
716 632
717 264
718 359
719 254
720 456
721 127
722 476
723 403
724 692
725 531
726 373
727 298
728 463
729 661
730 443
731 230
732 730
733 589
734 387
735 507
736 698
737 116
738 48
739 588
740 306
741 432
742 126
743 506
744 84
745 456
746 711
747 610
748 560
749 195
750 388
751 453
752 272
753 208
754 711
755 123
756 403
757 451
758 373
759 542
760 469
761 480
762 711
763 183
764 19
765 209
766 275
767 269
768 688
769 323
770 298
771 380
772 456
773 679
774 334
775 375
776 738
777 631
778 679
779 385
780 451
781 108
782 208
783 97
784 240
785 748
786 635
787 730
788 364
789 609
790 702
791 243
792 475
793 507
794 686
795 681
796 408
797 711
798 222
799 183
800 99
801 656
802 625
803 583
804 208
805 318
806 805
807 595
808 547
809 601
810 624
811 418
812 478
813 520
814 394
815 515
816 679
817 762
818 400
819 797
820 646
821 183
822 647
823 801
824 268
825 301
826 753
827 354
828 493
829 183
830 63
831 318
832 183
833 621
834 468
835 325
836 292
837 183
838 653
839 711
840 404
841 716
842 200
843 604
844 527
845 392
846 654
847 786
848 183
849 445
850 753
851 848
852 305
853 451
854 805
855 753
856 224
857 456
858 144
859 780
860 816
861 373
862 764
863 638
864 339
865 380
866 736
867 780
868 711
869 217
870 716
871 742
872 120
873 725
874 371
875 506
876 650
877 380
878 465
879 440
880 106
881 374
882 403
883 679
884 785
885 704
886 715
887 805
888 793
889 312
890 433
891 355
892 183
893 686
894 383
895 669
896 592
897 183
898 235
899 183
900 577
901 574
902 711
903 404
904 902
905 773
906 495
907 515
908 811
909 653
910 382
911 905
912 848
913 230
914 373
915 409
916 380
917 388
918 121
919 894
920 871
921 395
922 542
923 164
924 183
925 91
926 407
927 816
928 812
929 861
930 554
931 804
932 570
933 684
934 686
935 515
936 236
937 434
938 456
939 263
940 544
941 686
942 857
943 890
944 682
945 722
946 613
947 486
948 456
949 686
950 183
951 815
952 258
953 938
954 445
955 303
956 251
957 679
958 711
959 922
960 648
961 275
962 805
963 657
964 317
965 816
966 890
967 138
968 953
969 498
970 839
971 345
972 903
973 183
974 541
975 795
976 349
977 824
978 590
979 388
980 910
981 671
982 925
983 965
984 574
985 941
986 263
987 272
988 589
989 487
990 505
991 944
992 580
993 948
994 922
995 890
996 418
997 760
998 830
999 519
1000 492
1001 380
1002 389
1003 394
1004 679
1005 953
1006 851
1007 513
1008 238
1009 922
1010 136
1011 839
1012 574
1013 711
1014 502
1015 942
1016 719
1017 865
1018 609
1019 802
1020 640
1021 898
1022 920
1023 531
1024 844
1025 593
1026 117
1027 352
1028 307
1029 472
1030 861
1031 953
1032 465
1033 834
1034 476
1035 718
1036 944
1037 798
1038 706
1039 716
1040 1022
1041 174
1042 494
1043 679
1044 1042
1045 260
1046 183
1047 890
1048 456
1049 635
1050 883
1051 456
1052 986
1053 837
1054 594
1055 803
1056 792
1057 380
1058 271
1059 502
1060 552
1061 772
1062 1005
1063 637
1064 684
1065 275
1066 139
1067 790
1068 285
1069 863
1070 61
1071 1013
1072 942
1073 730
1074 666
1075 993
1076 790
1077 399
1078 518
1079 183
1080 805
1081 403
1082 70
1083 380
1084 648
1085 933
1086 790
1087 812
1088 1060
1089 601
1090 183
1091 780
1092 661
1093 506
1094 1028
1095 895
1096 890
1097 944
1098 1064
1099 550
1100 997
1101 164
1102 110
1103 237
1104 934
1105 731
1106 402
1107 820
1108 260
1109 441
1110 960
1111 145
1112 985
1113 730
1114 484
1115 895
1116 434
1117 1039
1118 1002
1119 398
1120 492
1121 1057
1122 552
1123 710
1124 632
1125 433
1126 876
1127 300
1128 754
1129 1084
1130 818
1131 762
1132 365
1133 868
1134 397
1135 260
1136 552
1137 931
1138 365
1139 889
1140 103
1141 759
1142 916
1143 1069
1144 765
1145 580
1146 24
1147 787
1148 928
1149 183
1150 1081
1151 408
1152 232
1153 734
1154 715
1155 711
1156 1026
1157 403
1158 340
1159 1084
1160 803
1161 111
1162 175
1163 920
1164 183
1165 402
1166 604
1167 751
1168 290
1169 806
1170 529
1171 950
1172 334
1173 855
1174 260
1175 727
1176 926
1177 653
1178 686
1179 825
1180 1101
1181 133
1182 924
1183 890
1184 841
1185 1136
1186 825
1187 284
1188 985
1189 479
1190 1090
1191 329
1192 1152
1193 1061
1194 815
1195 1109
1196 1161
1197 869
1198 973
1199 754
1200 197
1201 464
1202 1026
1203 645
1204 794
1205 1061
1206 902
1207 1017
1208 831
1209 200
1210 828
1211 1059
1212 674
1213 392
1214 905
1215 642
1216 1110
1217 848
1218 890
1219 451
1220 833
1221 457
1222 599
1223 206
1224 838
1225 1084
1226 806
1227 971
1228 101
1229 403
1230 288
1231 933
1232 277
1233 890
1234 1026
1235 940
1236 844
1237 1118
1238 630
1239 456
1240 1136
1241 822
1242 1232
1243 908
1244 436
1245 1095
1246 576
1247 681
1248 953
1249 1158
1250 200
1251 614
1252 1232
1253 1173
1254 975
1255 672
1256 731
1257 257
1258 570
1259 1232
1260 256
1261 184
1262 491
1263 623
1264 812
1265 601
1266 1071
1267 260
1268 1066
1269 1254
1270 142
1271 220
1272 794
1273 996
1274 338
1275 1173
1276 521
1277 128
1278 183
1279 579
1280 754
1281 813
1282 1252
1283 1061
1284 1091
1285 574
1286 1146
1287 780
1288 1026
1289 990
1290 1279
1291 1254
1292 950
1293 318
1294 780
1295 945
1296 947
1297 392
1298 1279
1299 1232
1300 1285
1301 882
1302 1249
1303 834
1304 663
1305 1084
1306 380
1307 1249
1308 1095
1309 815
1310 421
1311 509
1312 1062
1313 474
1314 1084
1315 1113
1316 988
1317 133
1318 803
1319 659
1320 476
1321 183
1322 1026
1323 1084
1324 717
1325 168
1326 1304
1327 1237
1328 630
1329 1152
1330 563
1331 1248
1332 1247
1333 1212
1334 1054
1335 999
1336 890
1337 724
1338 574
1339 1026
1340 679
1341 910
1342 506
1343 380
1344 875
1345 763
1346 1110
1347 341
1348 802
1349 918
1350 202
1351 523
1352 1171
1353 863
1354 1135
1355 864
1356 23
1357 598
1358 1304
1359 792
1360 892
1361 1304
1362 679
1363 853
1364 908
1365 904
1366 826
1367 738
1368 890
1369 364
1370 1365
1371 1036
1372 244
1373 664
1374 1228
1375 1083
1376 816
1377 571
1378 1060
1379 276
1380 183
1381 1231
1382 460
1383 70
1384 1023
1385 1060
1386 617
1387 668
1388 1084
1389 843
1390 1190
1391 857
1392 730
1393 756
1394 1388
1395 385
1396 546
1397 753
1398 1016
1399 395
1400 1091
1401 880
1402 975
1403 1337
1404 1338
1405 894
1406 602
1407 1270
1408 183
1409 183
1410 890
1411 1145
1412 125
1413 245
1414 1382
1415 182
1416 1158
1417 635
1418 566
1419 1202
1420 427
1421 757
1422 782
1423 1016
1424 827
1425 812
1426 1178
1427 330
1428 546
1429 1329
1430 1308
1431 1044
1432 251
1433 227
1434 971
1435 1399
1436 971
1437 661
1438 1263
1439 819
1440 347
1441 446
1442 994
1443 675
1444 1388
1445 799
1446 971
1447 667
1448 1158
1449 755
1450 979
1451 546
1452 1304
1453 651
1454 289
1455 1061
1456 964
1457 945
1458 1040
1459 1159
1460 967
1461 1229
1462 609
1463 605
1464 1331
1465 875
1466 1306
1467 548
1468 1231
1469 1154
1470 1429
1471 129
1472 1198
1473 835
1474 1029
1475 760
1476 952
1477 805
1478 694
1479 808
1480 855
1481 953
1482 890
1483 354
1484 1315
1485 891
1486 828
1487 1188
1488 1394
1489 1366
1490 1089
1491 1388
1492 699
1493 487
1494 581
1495 1392
1496 1024
1497 933
1498 780
1499 656
1500 1072
1501 139
1502 1355
1503 909
1504 824
1505 738
1506 133
1507 734
1508 463
1509 1061
1510 796
1511 774
1512 1169
1513 923
1514 1044
1515 882
1516 1307
1517 1432
1518 885
1519 494
1520 63
1521 1259
1522 1485
1523 1031
1524 839
1525 298
1526 1349
1527 668
1528 716
1529 703
1530 1204
1531 686
1532 1329
1533 574
1534 1034
1535 625
1536 1419
1537 1185
1538 1521
1539 749
1540 886
1541 283
1542 1232
1543 495
1544 821
1545 1453
1546 876
1547 723
1548 953
1549 1537
1550 1232
1551 383
1552 1528
1553 575
1554 1439
1555 580
1556 945
1557 183
1558 1185
1559 1556
1560 603
1561 720
1562 979
1563 905
1564 443
1565 944
1566 1304
1567 38
1568 1008
1569 183
1570 825
1571 574
1572 183
1573 802
1574 848
1575 1231
1576 1504
1577 208
1578 1286
1579 152
1580 1060
1581 1144
1582 1175
1583 1190
1584 1141
1585 851
1586 1462
1587 596
1588 937
1589 1469
1590 1547
1591 929
1592 67
1593 1396
1594 1288
1595 692
1596 920
1597 953
1598 1241
1599 457
1600 1009
1601 1535
1602 1231
1603 1329
1604 1531
1605 1404
1606 601
1607 501
1608 1396
1609 1469
1610 1104
1611 670
1612 1396
1613 506
1614 1126
1615 636
1616 1118
1617 195
1618 1358
1619 1235
1620 1023
1621 1556
1622 717
1623 1203
1624 890
1625 1046
1626 1605
1627 1556
1628 1383
1629 1458
1630 267
1631 1211
1632 1154
1633 1562
1634 763
1635 1119
1636 98
1637 815
1638 632
1639 1304
1640 230
1641 770
1642 1060
1643 1384
1644 1373
1645 1255
1646 1322
1647 1591
1648 1455
1649 1500
1650 900
1651 516
1652 753
1653 675
1654 160
1655 659
1656 1009
1657 124
1658 1458
1659 731
1660 679
1661 957
1662 1276
1663 1333
1664 312
1665 455
1666 1154
1667 805
1668 531
1669 158
1670 403
1671 1348
1672 940
1673 1436
1674 1047
1675 1304
1676 846
1677 1597
1678 183
1679 1306
1680 1456
1681 648
1682 150
1683 1217
1684 795
1685 413
1686 653
1687 299
1688 552
1689 506
1690 588
1691 400
1692 717
1693 1678
1694 1310
1695 1677
1696 1347
1697 842
1698 730
1699 403
1700 1604
1701 1556
1702 652
1703 1563
1704 1459
1705 25
1706 821
1707 1108
1708 939
1709 627
1710 1573
1711 1034
1712 1574
1713 773
1714 934
1715 1693
1716 172
1717 1693
1718 560
1719 1693
1720 1678
1721 732
1722 1587
1723 626
1724 1306
1725 1556
1726 1715
1727 874
1728 711
1729 467
1730 1543
1731 1335
1732 484
1733 583
1734 774
1735 1350
1736 730
1737 1075
1738 780
1739 1683
1740 1436
1741 945
1742 574
1743 990
1744 1358
1745 1480
1746 1609
1747 1556
1748 805
1749 231
1750 1375
1751 1436
1752 1304
1753 1693
1754 1648
1755 1712
1756 680
1757 998
1758 679
1759 1731
1760 805
1761 1704
1762 717
1763 737
1764 1549
1765 1693
1766 1742
1767 865
1768 848
1769 403
1770 1693
1771 318
1772 1061
1773 1000
1774 1289
1775 1703
1776 1688
1777 1201
1778 1477
1779 1391
1780 1304
1781 1381
1782 730
1783 1731
1784 1693
1785 1489
1786 1281
1787 1555
1788 619
1789 1517
1790 900
1791 1425
1792 1035
1793 1225
1794 506
1795 645
1796 747
1797 1729
1798 1579
1799 521
1800 1769
1801 1605
1802 1364
1803 488
1804 1742
1805 1693
1806 1690
1807 920
1808 1652
1809 1073
1810 233
1811 1556
1812 1677
1813 1287
1814 1563
1815 968
1816 1479
1817 1330
1818 1186
1819 480
1820 812
1821 1070
1822 1624
1823 1232
1824 1556
1825 232
1826 1518
1827 275
1828 780
1829 1693
1830 1458
1831 183
1832 1588
1833 481
1834 456
1835 1693
1836 709
1837 1653
1838 922
1839 1502
1840 1769
1841 225
1842 691
1843 1824
1844 1824
1845 1693
1846 175
1847 1822
1848 960
1849 1581
1850 1530
1851 319
1852 1391
1853 972
1854 1615
1855 1123
1856 890
1857 1405
1858 1726
1859 1304
1860 195
1861 1304
1862 1193
1863 1349
1864 1082
1865 720
1866 1758
1867 1683
1868 882
1869 597
1870 1186
1871 1334
1872 1661
1873 1433
1874 1120
1875 1060
1876 1583
1877 880
1878 1064
1879 506
1880 552
1881 1133
1882 1678
1883 1183
1884 357
1885 1401
1886 1316
1887 1388
1888 1552
1889 727
1890 1436
1891 501
1892 385
1893 1533
1894 421
1895 194
1896 711
1897 1315
1898 546
1899 378
1900 1814
1901 1693
1902 628
1903 1151
1904 1576
1905 981
1906 759
1907 1654
1908 1863
1909 1341
1910 1148
1911 1191
1912 971
1913 1833
1914 774
1915 1329
1916 1081
1917 1736
1918 930
1919 1841
1920 1693
1921 1108
1922 1693
1923 1731
1924 921
1925 183
1926 1637
1927 292
1928 603
1929 645
1930 403
1931 1672
1932 882
1933 1693
1934 1307
1935 183
1936 561
1937 648
1938 1702
1939 454
1940 1099
1941 1176
1942 1712
1943 1771
1944 433
1945 1509
1946 1061
1947 1213
1948 1647
1949 1866
1950 927
1951 1887
1952 435
1953 1700
1954 653
1955 402
1956 1071
1957 1060
1958 1456
1959 1139
1960 1670
1961 737
1962 1232
1963 1436
1964 1711
1965 1482
1966 1213
1967 1821
1968 1858
1969 729
1970 933
1971 1559
1972 1161
1973 574
1974 1595
1975 1329
1976 1789
1977 1489
1978 1693
1979 1114
1980 1133
1981 1887
1982 323
1983 1288
1984 1845
1985 1901
1986 890
1987 1394
1988 1678
1989 1340
1990 958
1991 1352
1992 1414
1993 555
1994 679
1995 897
1996 1792
1997 1771
1998 1753
1999 1564
2000 577
2001 251
2002 763
2003 1060
2004 740
2005 1917
2006 362
2007 1225
2008 1556
2009 183
2010 1762
2011 1693
2012 1394
2013 686
2014 1556
2015 1678
2016 1218
2017 1693
2018 1693
2019 1064
2020 1586
2021 1983
2022 601
2023 1673
2024 1678
2025 1772
2026 1562
2027 816
2028 987
2029 1671
2030 727
2031 539
2032 1308
2033 1060
2034 1923
2035 1247
2036 1762
2037 1821
2038 1540
2039 953
2040 1363
2041 899
2042 1693
2043 1874
2044 1082
2045 1300
2046 381
2047 1596
2048 1165
2049 2045
2050 1556
2051 1398
2052 1693
2053 2045
2054 366
2055 1414
2056 1154
2057 1143
2058 1693
2059 1404
2060 1846
2061 302
2062 904
2063 1908
2064 1693
2065 1276
2066 393
2067 890
2068 1180
2069 717
2070 1304
2071 863
2072 1693
2073 42
2074 1526
2075 451
2076 653
2077 872
2078 1819
2079 1693
2080 518
2081 1848
2082 404
2083 990
2084 1689
2085 805
2086 2020
2087 1854
2088 2000
2089 86
2090 975
2091 1586
2092 147
2093 1125
2094 1465
2095 1201
2096 456
2097 1143
2098 1487
2099 1451
2100 1633
2101 753
2102 1398
2103 1421
2104 1152
2105 1510
2106 686
2107 1630
2108 2020
2109 1476
2110 1824
2111 403
2112 2020
2113 1450
2114 806
2115 805
2116 173
2117 1210
2118 456
2119 1626
2120 1491
2121 2104
2122 2067
2123 1338
2124 2020
2125 1304
2126 1693
2127 750
2128 2080
2129 1396
2130 1556
2131 1102
2132 1693
2133 733
2134 2020
2135 2083
2136 2031
2137 540
2138 2046
2139 1693
2140 1204
2141 456
2142 2061
2143 490
2144 151
2145 1484
2146 1606
2147 1288
2148 939
2149 1304
2150 1426
2151 1678
2152 1081
2153 879
2154 909
2155 1032
2156 1929
2157 1692
2158 2088
2159 1945
2160 578
2161 1535
2162 1408
2163 1372
2164 1878
2165 466
2166 1004
2167 198
2168 1396
2169 1357
2170 1489
2171 1233
2172 945
2173 803
2174 2106
2175 2168
2176 1479
2177 2020
2178 179
2179 854
2180 1497
2181 1270
2182 1657
2183 1682
2184 2142
2185 1242
2186 833
2187 1005
2188 846
2189 549
2190 882
2191 990
2192 918
2193 1208
2194 1769
2195 1702
2196 1693
2197 2080
2198 734
2199 1897
2200 1474
2201 1059
2202 679
2203 419
2204 1436
2205 1248
2206 2117
2207 1609
2208 1167
2209 1943
2210 1761
2211 769
2212 821
2213 1504
2214 2132
2215 1827
2216 394
2217 2001
2218 1220
2219 542
2220 803
2221 1145
2222 1785
2223 1026
2224 1693
2225 1693
2226 1392
2227 1207
2228 2020
2229 1304
2230 2178
2231 727
2232 1127
2233 1306
2234 815
2235 462
2236 1793
2237 1678
2238 2105
2239 1975
2240 1365
2241 1106
2242 208
2243 2233
2244 1507
2245 920
2246 939
2247 2105
2248 1717
2249 633
2250 2216
2251 1005
2252 1211
2253 1788
2254 768
2255 1741
2256 1182
2257 1688
2258 1703
2259 2176
2260 2167
2261 1924
2262 2017
2263 798
2264 1352
2265 1734
2266 1388
2267 506
2268 2020
2269 1610
2270 1690
2271 2106
2272 2105
2273 1693
2274 2042
2275 711
2276 1223
2277 1821
2278 2143
2279 364
2280 714
2281 1131
2282 2224
2283 502
2284 545
2285 542
2286 1693
2287 2031
2288 1693
2289 585
2290 892
2291 1897
2292 1742
2293 1678
2294 2285
2295 502
2296 2145
2297 2214
2298 333
2299 971
2300 1693
2301 510
2302 1052
2303 1877
2304 544
2305 622
2306 1410
2307 1037
2308 2015
2309 1052
2310 1357
2311 1653
2312 2163
2313 1646
2314 1563
2315 2022
2316 1898
2317 2020
2318 814
2319 603
2320 655
2321 1586
2322 1410
2323 931
2324 1261
2325 1562
2326 2316
2327 1583
2328 1061
2329 997
2330 2025
2331 2200
2332 2000
2333 882
2334 2179
2335 720
2336 1150
2337 1497
2338 1805
2339 1556
2340 1703
2341 1308
2342 2083
2343 2015
2344 1396
2345 2278
2346 410
2347 1174
2348 591
2349 1693
2350 2017
2351 969
2352 1410
2353 2308
2354 1488
2355 810
2356 2342
2357 779
2358 1739
2359 372
2360 1639
2361 2154
2362 2206
2363 1943
2364 1540
2365 1139
2366 434
2367 2220
2368 1358
2369 475
2370 2257
2371 1106
2372 2235
2373 1772
2374 1602
2375 466
2376 240
2377 183
2378 2339
2379 1520
2380 1110
2381 1632
2382 403
2383 2131
2384 1124
2385 1702
2386 1396
2387 1745
2388 1152
2389 2050
2390 501
2391 2159
2392 785
2393 344
2394 960
2395 1593
2396 1605
2397 2159
2398 1948
2399 183
2400 2087
2401 2148
2402 1993
2403 489
2404 1538
2405 1368
2406 1822
2407 659
2408 2090
2409 1071
2410 1993
2411 1404
2412 1235
2413 373
2414 806
2415 1772
2416 915
2417 2299
2418 1951
2419 1693
2420 1693
2421 500
2422 1556
2423 2020
2424 1227
2425 1736
2426 1084
2427 2418
2428 805
2429 1081
2430 2426
2431 2162
2432 2159
2433 2037
2434 1397
2435 1556
2436 645
2437 2327
2438 2123
2439 1242
2440 1396
2441 1413
2442 150
2443 1556
2444 1008
2445 705
2446 1271
2447 1772
2448 2138
2449 402
2450 1951
2451 1306
2452 1296
2453 1772
2454 372
2455 2004
2456 1612
2457 1411
2458 1497
2459 1556
2460 2147
2461 986
2462 373
2463 1693
2464 1889
2465 1461
2466 1637
2467 1649
2468 367
2469 2168
2470 1880
2471 1810
2472 1235
2473 1784
2474 2389
2475 1749
2476 2212
2477 792
2478 1306
2479 468
2480 1369
2481 1582
2482 2165
2483 1316
2484 2283
2485 2134
2486 1297
2487 2067
2488 1060
2489 1678
2490 1411
2491 2484
2492 1061
2493 1547
2494 564
2495 1192
2496 1358
2497 1560
2498 2168
2499 2447
2500 2266
2501 1420
2502 1116
2503 2012
2504 1103
2505 1888
2506 1690
2507 1556
2508 544
2509 2067
2510 1839
2511 2486
2512 1693
2513 2065
2514 2200
2515 948
2516 727
2517 829
2518 1527
2519 456
2520 908
2521 2020
2522 2472
2523 1628
2524 2273
2525 2456
2526 1248
2527 2465
2528 1592
2529 1646
2530 942
2531 1678
2532 601
2533 2424
2534 1690
2535 492
2536 1411
2537 1670
2538 623
2539 267
2540 1304
2541 1693
2542 2030
2543 1736
2544 1279
2545 1464
2546 834
2547 1026
2548 1445
2549 1403
2550 906
2551 2099
2552 905
2553 2105
2554 1177
2555 2170
2556 1255
2557 2438
2558 1200
2559 1799
2560 1150
2561 1060
2562 1870
2563 994
2564 1684
2565 1004
2566 727
2567 1766
2568 661
2569 806
2570 2045
2571 1698
2572 899
2573 1604
2574 1616
2575 2492
2576 442
2577 2550
2578 1522
2579 2472
2580 2501
2581 1868
2582 2246
2583 1061
2584 2067
2585 159
2586 376
2587 183
2588 1691
2589 805
2590 848
2591 1659
2592 1432
2593 1651
2594 1232
2595 2067
2596 2013
2597 2159
2598 1556
2599 1772
2600 2000
2601 1201
2602 1631
2603 2233
2604 1225
2605 2413
2606 737
2607 1949
2608 1588
2609 2502
2610 2014
2611 403
2612 2595
2613 1509
2614 1208
2615 1678
2616 1713
2617 1872
2618 947
2619 1295
2620 1951
2621 1915
2622 2073
2623 1556
2624 1114
2625 1180
2626 1953
2627 1769
2628 1837
2629 2597
2630 1741
2631 622
2632 2315
2633 792
2634 944
2635 1061
2636 1440
2637 1179
2638 2502
2639 2168
2640 2609
2641 1927
2642 1563
2643 777
2644 2315
2645 1292
2646 681
2647 1862
2648 380
2649 1222
2650 2277
2651 2215
2652 1290
2653 1021
2654 2131
2655 1319
2656 2275
2657 1344
2658 2258
2659 2345
2660 1643
2661 1859
2662 217
2663 1632
2664 1351
2665 1939
2666 12
2667 2478
2668 1730
2669 1220
2670 456
2671 805
2672 456
2673 1154
2674 2629
2675 2295
2676 1887
2677 403
2678 2170
2679 565
2680 2214
2681 1964
2682 2016
2683 1515
2684 1201
2685 2644
2686 971
2687 1693
2688 1380
2689 2064
2690 2402
2691 823
2692 2204
2693 1840
2694 1446
2695 1665
2696 2584
2697 1034
2698 2613
2699 256
2700 1157
2701 990
2702 2396
2703 1231
2704 2426
2705 2469
2706 1125
2707 1762
2708 571
2709 499
2710 1060
2711 1935
2712 1597
2713 1693
2714 2080
2715 1739
2716 1768
2717 1771
2718 2184
2719 554
2720 1152
2721 2349
2722 2631
2723 1457
2724 1693
2725 2617
2726 2082
2727 1693
2728 2338
2729 2685
2730 979
2731 308
2732 1983
2733 1693
2734 2247
2735 2194
2736 760
2737 2607
2738 584
2739 1253
2740 2716
2741 805
2742 1231
2743 332
2744 1660
2745 1459
2746 2527
2747 960
2748 2225
2749 1586
2750 2549
2751 1709
2752 1597
2753 717
2754 1685
2755 2466
2756 2508
2757 524
2758 716
2759 2559
2760 2209
2761 2745
2762 2140
2763 2168
2764 1635
2765 1586
2766 187
2767 2147
2768 1221
2769 227
2770 828
2771 2504
2772 1913
2773 1203
2774 1597
2775 2196
2776 2659
2777 1556
2778 2596
2779 1693
2780 916
2781 183
2782 1993
2783 1769
2784 2360
2785 1943
2786 2622
2787 2782
2788 373
2789 2472
2790 2315
2791 1213
2792 1799
2793 1329
2794 1907
2795 1775
2796 1060
2797 2012
2798 1597
2799 2255
2800 2554
2801 1693
2802 2764
2803 2067
2804 805
2805 1514
2806 1556
2807 1004
2808 183
2809 890
2810 380
2811 1999
2812 2507
2813 1394
2814 1248
2815 1329
2816 2214
2817 2713
2818 2328
2819 2140
2820 2180
2821 1678
2822 366
2823 170
2824 2809
2825 1309
2826 1728
2827 1535
2828 890
2829 2502
2830 2637
2831 695
2832 2080
2833 2472
2834 952
2835 183
2836 1874
2837 1144
2838 2337
2839 2764
2840 2046
2841 869
2842 848
2843 1621
2844 848
2845 274
2846 2375
2847 2297
2848 1556
2849 1591
2850 1553
2851 1201
2852 2475
2853 848
2854 2285
2855 236
2856 2091
2857 2584
2858 674
2859 805
2860 2484
2861 1659
2862 2747
2863 1604
2864 1538
2865 2627
2866 2293
2867 2513
2868 1618
2869 934
2870 1690
2871 403
2872 2168
2873 741
2874 1091
2875 2168
2876 2350
2877 816
2878 1632
2879 2875
2880 1693
2881 1688
2882 1905
2883 1304
2884 29
2885 1406
2886 2614
2887 1598
2888 1586
2889 1108
2890 1693
2891 2644
2892 2168
2893 1264
2894 2067
2895 934
2896 603
2897 2267
2898 730
2899 2631
2900 1356
2901 2297
2902 403
2903 1483
2904 1526
2905 2463
2906 2879
2907 1914
2908 1933
2909 2512
2910 2470
2911 2841
2912 1795
2913 1504
2914 1232
2915 645
2916 2472
2917 2882
2918 1476
2919 1644
2920 1848
2921 2601
2922 2607
2923 753
2924 1693
2925 1923
2926 1304
2927 2550
2928 2190
2929 1951
2930 2601
2931 412
2932 657
2933 863
2934 1541
2935 2336
2936 1936
2937 2202
2938 2895
2939 1556
2940 2623
2941 2020
2942 552
2943 890
2944 2255
2945 1377
2946 761
2947 1377
2948 2020
2949 1556
2950 2449
2951 1311
2952 1234
2953 2550
2954 1567
2955 2875
2956 1891
2957 1942
2958 1360
2959 806
2960 2168
2961 1487
2962 1624
2963 501
2964 2198
2965 2037
2966 1768
2967 1396
2968 2338
2969 1458
2970 2890
2971 2400
2972 1597
2973 2490
2974 2315
2975 2313
2976 2709
2977 2865
2978 2149
2979 2402
2980 2552
2981 2208
2982 912
2983 1352
2984 2912
2985 2058
2986 1693
2987 1845
2988 615
2989 1983
2990 2908
2991 271
2992 2936
2993 2483
2994 1511
2995 1553
2996 2764
2997 2020
2998 1396
2999 2091
3000 2284
3001 1412
3002 1150
3003 2764
3004 2761
3005 1609
3006 2356
3007 2932
3008 373
3009 1803
3010 1693
3011 1897
3012 1743
3013 1396
3014 1315
3015 2856
3016 2939
3017 284
3018 1693
3019 2812
3020 2753
3021 1393
3022 1678
3023 1099
3024 1215
3025 456
3026 1165
3027 1329
3028 1459
3029 1004
3030 711
3031 1693
3032 284
3033 1061
3034 1459
3035 2810
3036 1213
3037 2340
3038 1637
3039 2936
3040 1219
3041 2936
3042 3012
3043 1833
3044 390
3045 2435
3046 1695
3047 1308
3048 1983
3049 2269
3050 1329
3051 1678
3052 1955
3053 1838
3054 405
3055 645
3056 1712
3057 2592
3058 580
3059 2689
3060 842
3061 2017
3062 1791
3063 1489
3064 2839
3065 1249
3066 1702
3067 1682
3068 3047
3069 1996
3070 2613
3071 976
3072 2936
3073 2339
3074 2552
3075 2140
3076 623
3077 2055
3078 2590
3079 2640
3080 2951
3081 2569
3082 2933
3083 1772
3084 2320
3085 805
3086 2675
3087 1925
3088 2510
3089 1724
3090 1237
3091 3019
3092 3074
3093 2554
3094 1693
3095 1138
3096 2181
3097 2387
3098 1897
3099 1693
3100 1736
3101 1968
3102 2942
3103 2067
3104 2772
3105 655
3106 2970
3107 1702
3108 1294
3109 607
3110 2335
3111 1304
3112 1897
3113 211
3114 2477
3115 2514
3116 1304
3117 373
3118 2806
3119 933
3120 1232
3121 2073
3122 2684
3123 1225
3124 1755
3125 1313
3126 2191
3127 2936
3128 1597
3129 1312
3130 2613
3131 1526
3132 2397
3133 1693
3134 1755
3135 395
3136 2020
3137 1525
3138 1329
3139 1499
3140 2765
3141 2895
3142 1142
3143 1207
3144 491
3145 2055
3146 2355
3147 1102
3148 2752
3149 3105
3150 2642
3151 3113
3152 2825
3153 305
3154 2301
3155 2273
3156 2416
3157 2485
3158 2183
3159 888
3160 2731
3161 2877
3162 3105
3163 539
3164 3020
3165 2856
3166 1228
3167 2146
3168 2285
3169 2065
3170 681
3171 2193
3172 1396
3173 2804
3174 2362
3175 3142
3176 1995
3177 2219
3178 1098
3179 2032
3180 3047
3181 1678
3182 2936
3183 1693
3184 1634
3185 3113
3186 1613
3187 1982
3188 2764
3189 3047
3190 1393
3191 2438
3192 2153
3193 1960
3194 962
3195 2955
3196 3096
3197 1887
3198 2942
3199 1632
3200 2705
3201 1546
3202 2775
3203 3130
3204 2882
3205 2067
3206 2671
3207 1505
3208 2237
3209 1231
3210 2212
3211 1555
3212 1833
3213 2438
3214 2169
3215 1885
3216 102
3217 1232
3218 2343
3219 1435
3220 1605
3221 2753
3222 1203
3223 3209
3224 183
3225 2159
3226 2338
3227 1993
3228 3211
3229 284
3230 2896
3231 2783
3232 1145
3233 2000
3234 2067
3235 1693
3236 2764
3237 3066
3238 1391
3239 3083
3240 2255
3241 2315
3242 2509
3243 851
3244 1897
3245 674
3246 714
3247 2755
3248 1111
3249 2542
3250 2547
3251 422
3252 2354
3253 2671
3254 2636
3255 730
3256 1693
3257 414
3258 1470
3259 835
3260 1831
3261 1173
3262 3093
3263 1693
3264 2988
3265 1653
3266 1295
3267 2513
3268 2449
3269 2163
3270 2540
3271 2631
3272 2724
3273 2814
3274 2764
3275 1255
3276 960
3277 2307
3278 2694
3279 2159
3280 191
3281 2775
3282 3103
3283 2855
3284 3211
3285 855
3286 2903
3287 3142
3288 557
3289 2775
3290 2408
3291 1693
3292 2856
3293 1646
3294 1622
3295 2606
3296 1727
3297 1937
3298 296
3299 2143
3300 3251
3301 1693
3302 991
3303 2599
3304 2877
3305 3235
3306 2747
3307 2860
3308 2764
3309 521
3310 463
3311 2438
3312 3263
3313 1617
3314 3159
3315 1411
3316 1967
3317 1556
3318 646
3319 1509
3320 2452
3321 603
3322 2694
3323 1434
3324 1821
3325 1676
3326 2204
3327 2216
3328 2936
3329 1585
3330 1721
3331 1263
3332 2083
3333 2934
3334 1556
3335 696
3336 1177
3337 2438
3338 3130
3339 2067
3340 2282
3341 1141
3342 1921
3343 2924
3344 1716
3345 1582
3346 1502
3347 3165
3348 1707
3349 2379
3350 3233
3351 1384
3352 2630
3353 1637
3354 1154
3355 1703
3356 1659
3357 2187
3358 972
3359 955
3360 686
3361 785
3362 3194
3363 3293
3364 996
3365 2931
3366 1718
3367 2067
3368 2630
3369 1595
3370 3228
3371 2459
3372 865
3373 649
3374 2312
3375 1516
3376 2804
3377 1863
3378 2002
3379 2753
3380 537
3381 2999
3382 689
3383 3162
3384 2841
3385 2044
3386 560
3387 278
3388 2088
3389 1216
3390 669
3391 1693
3392 2363
3393 993
3394 2030
3395 3156
3396 279
3397 3299
3398 925
3399 261
3400 32
3401 2073
3402 148
3403 1277
3404 24
3405 862
3406 129
3407 2900
3408 2743
3409 2077
3410 208
3411 70
3412 26
3413 3344
3414 180
3415 249
3416 2666
3417 190
3418 1244
3419 2153
3420 676
3421 294
3422 1146
3423 1680
3424 1842
3425 186
3426 1705
3427 316
3428 522
3429 601
3430 2203
3431 566
3432 29
3433 28
3434 29
3435 2679
3436 494
3437 2884
3438 684
3439 314
3440 33
3441 29
3442 738
3443 1529
3444 967
3445 29
3446 444
3447 1068
3448 2606
3449 1911
3450 3115
3451 2585
3452 744
3453 36
3454 1070
3455 969
3456 105
3457 69
3458 1567
3459 1140
3460 1676
3461 304
3462 79
3463 471
3464 60
3465 873
3466 920
3467 343
3468 2991
3469 44
3470 46
3471 956
3472 2298
3473 49
3474 1472
3475 80
3476 108
3477 2289
3478 353
3479 96
3480 1223
3481 497
3482 169
3483 62
3484 315
3485 1895
3486 228
3487 1950
3488 1757
3489 2379
3490 277
3491 2479
3492 258
3493 1372
3494 800
3495 66
3496 2528
3497 69
3498 1383
3499 1082
3500 858
3501 1134
3502 361
3503 73
3504 77
3505 150
3506 2931
3507 3254
3508 306
3509 801
3510 1111
3511 1187
3512 326
3513 123
3514 86
3515 690
3516 2089
3517 165
3518 2441
3519 166
3520 3246
3521 287
3522 86
3523 1940
3524 807
3525 2823
3526 2586
3527 269
3528 1694
3529 608
3530 1379
3531 2471
3532 86
3533 629
3534 2822
3535 818
3536 567
3537 1246
3538 635
3539 947
3540 94
3541 783
3542 97
3543 98
3544 1636
3545 161
3546 236
3547 99
3548 100
3549 765
3550 1374
3551 3216
3552 2324
3553 1260
3554 103
3555 560
3556 1479
3557 106
3558 1884
3559 1579
3560 1877
3561 881
3562 652
3563 106
3564 106
3565 1416
3566 108
3567 781
3568 1162
3569 552
3570 1536
3571 2131
3572 149
3573 1196
3574 122
3575 1869
3576 3359
3577 1952
3578 2232
3579 119
3580 2346
3581 918
3582 479
3583 1180
3584 293
3585 1449
3586 1386
3587 216
3588 2695
3589 124
3590 2182
3591 124
3592 2080
3593 1412
3594 127
3595 721
3596 1722
3597 592
3598 129
3599 543
3600 526
3601 2372
3602 1471
3603 406
3604 348
3605 2600
3606 3245
3607 3280
3608 932
3609 527
3610 178
3611 530
3612 1506
3613 1181
3614 1317
3615 1611
3616 231
3617 528
3618 2116
3619 1010
3620 139
3621 1268
3622 1501
3623 286
3624 398
3625 3144
3626 1407
3627 413
3628 368
3629 2092
3630 147
3631 2963
3632 2665
3633 3158
3634 2442
3635 2144
3636 917
3637 152
3638 1209
3639 3298
3640 152
3641 153
3642 600
3643 989
3644 1669
3645 1681
3646 160
3647 1654
3648 923
3649 270
3650 603
3651 1325
3652 3109
3653 385
3654 415
3655 324
3656 558
3657 1041
3658 342
3659 424
3660 2060
3661 416
3662 484
3663 863
3664 2178
3665 533
3666 187
3667 1415
3668 1350
3669 183
3670 183
3671 544
3672 183
3673 618
3674 1360
3675 193
3676 2688
3677 2293
3678 183
3679 183
3680 946
3681 1409
3682 183
3683 2377
3684 634
3685 1696
3686 584
3687 2982
3688 183
3689 2711
3690 183
3691 183
3692 183
3693 183
3694 1925
3695 2781
3696 537
3697 508
3698 2548
3699 2840
3700 467
3701 183
3702 1836
3703 1995
3704 183
3705 1038
3706 864
3707 701
3708 899
3709 183
3710 196
3711 546
3712 1427
3713 2256
3714 2558
3715 3201
3716 183
3717 2305
3718 183
3719 2028
3720 3076
3721 183
3722 417
3723 1195
3724 183
3725 391
3726 355
3727 1615
3728 229
3729 183
3730 1046
3731 2562
3732 201
3733 1074
3734 1149
3735 183
3736 183
3737 3146
3738 1569
3739 1321
3740 678
3741 474
3742 3296
3743 3008
3744 1190
3745 761
3746 1132
3747 218
3748 183
3749 223
3750 1792
3751 2835
3752 2137
3753 2399
3754 849
3755 183
3756 1463
3757 183
3758 2709
3759 1053
3760 821
3761 183
3762 775
3763 345
3764 2664
3765 183
3766 283
3767 1164
3768 1572
3769 183
3770 183
3771 2517
3772 2167
3773 3387
3774 2359
3775 2009
3776 183
3777 1408
3778 2576
3779 2808
3780 2994
3781 1919
3782 3224
3783 188
3784 3184
3785 2757
3786 2593
3787 263
3788 2885
3789 832
3790 2668
3791 204
3792 183
3793 265
3794 2587
3795 1079
3796 3170
3797 1151
3798 1831
3799 1278
3800 379
3801 476
3802 2707
3803 482
3804 1723
3805 1909
3806 338
3807 183
3808 2066
3809 974
3810 1292
3811 1557
3812 187
3813 2766
3814 190
3815 700
3816 2641
3817 1944
3818 195
3819 195
3820 1860
3821 1539
3822 281
3823 195
3824 247
3825 1617
3826 1936
3827 457
3828 198
3829 200
3830 978
3831 253
3832 360
3833 1230
3834 1250
3835 842
3836 291
3837 214
3838 201
3839 448
3840 534
3841 2284
3842 2371
3843 1577
3844 2242
3845 782
3846 367
3847 363
3848 2923
3849 2323
3850 208
3851 208
3852 564
3853 869
3854 396
3855 211
3856 3113
3857 2263
3858 2770
3859 213
3860 1257
3861 913
3862 641
3863 320
3864 2662
3865 220
3866 220
3867 220
3868 392
3869 2446
3870 221
3871 856
3872 2769
3873 1873
3874 227
3875 1105
3876 1640
3877 230
3878 2475
3879 1152
3880 694
3881 1825
3882 233
3883 1687
3884 2653
3885 936
3886 2855
3887 236
3888 236
3889 1103
3890 238
3891 2189
3892 568
3893 2444
3894 2376
3895 784
3896 791
3897 403
3898 352
3899 322
3900 2217
3901 3057
3902 260
3903 2136
3904 1423
3905 2699
3906 1851
3907 3080
3908 258
3909 2109
3910 258
3911 639
3912 3373
3913 3318
3914 2301
3915 258
3916 1454
3917 259
3918 1354
3919 1707
3920 260
3921 260
3922 1045
3923 2347
3924 1267
3925 1492
3926 262
3927 697
3928 263
3929 2461
3930 939
3931 264
3932 265
3933 2539
3934 1630
3935 2213
3936 767
3937 1058
3938 3264
3939 272
3940 272
3941 752
3942 272
3943 438
3944 272
3945 272
3946 272
3947 2184
3948 2845
3949 275
3950 766
3951 1065
3952 2215
3953 961
3954 277
3955 2594
3956 278
3957 278
3958 280
3959 1541
3960 283
3961 1941
3962 2310
3963 283
3964 283
3965 3017
3966 3032
3967 2870
3968 284
3969 284
3970 3229
3971 284
3972 285
3973 473
3974 1168
3975 292
3976 836
3977 1641
3978 298
3979 686
3980 2917
3981 2516
3982 3137
3983 299
3984 299
3985 2393
3986 303
3987 3153
3988 305
3989 852
3990 562
3991 2455
3992 384
3993 1094
3994 2726
3995 2482
3996 2731
3997 1664
3998 1959
3999 470
4000 1153
4001 314
4002 2216
4003 315
4004 2193
4005 1293
4006 805
4007 1771
4008 319
4009 319
4010 320
4011 2211
4012 1982
4013 3395
4014 324
4015 324
4016 1002
4017 1222
4018 2403
4019 1886
4020 1473
4021 2006
4022 1172
4023 335
4024 337
4025 520
4026 1359
4027 335
4028 338
4029 708
4030 1274
4031 659
4032 390
4033 340
4034 341
4035 1077
4036 1796
4037 971
4038 460
4039 347
4040 347
4041 3071
4042 1027
4043 354
4044 2903
4045 1424
4046 354
4047 354
4048 354
4049 355
4050 2578
4051 356
4052 677
4053 360
4054 360
4055 2279
4056 788
4057 2480
4058 1584
4059 1025
4060 3212
4061 364
4062 1328
4063 1138
4064 2054
4065 2831
4066 2468
4067 1373
4068 612
4069 372
4070 2454
4071 372
4072 3117
4073 2462
4074 1774
4075 2605
4076 373
4077 2208
4078 861
4079 2788
4080 373
4081 373
4082 726
4083 555
4084 758
4085 914
4086 2652
4087 1899
4088 379
4089 379
4090 439
4091 1083
4092 2227
4093 1343
4094 2780
4095 771
4096 2445
4097 1001
4098 3035
4099 380
4100 877
4101 1121
4102 2648
4103 3135
4104 1306
4105 1551
4106 1857
4107 427
4108 1395
4109 411
4110 385
4111 779
4112 1892
4113 446
4114 2113
4115 2127
4116 504
4117 388
4118 511
4119 3044
4120 390
4121 390
4122 392
4123 845
4124 392
4125 573
4126 392
4127 2791
4128 2511
4129 1003
4130 814
4131 1170
4132 921
4133 672
4134 3219
4135 683
4136 2764
4137 2948
4138 450
4139 1691
4140 574
4141 1803
4142 402
4143 3026
4144 3052
4145 587
4146 2449
4147 2493
4148 1699
4149 2527
4150 3251
4151 403
4152 403
4153 2111
4154 403
4155 3021
4156 658
4157 403
4158 403
4159 1788
4160 2677
4161 712
4162 1670
4163 2811
4164 403
4165 1769
4166 2873
4167 1123
4168 403
4169 2902
4170 403
4171 571
4172 403
4173 2382
4174 403
4175 2348
4176 882
4177 559
4178 581
4179 2611
4180 2560
4181 1689
4182 403
4183 403
4184 2871
4185 403
4186 418
4187 403
4188 1930
4189 403
4190 2995
4191 403
4192 507
4193 2700
4194 1853
4195 840
4196 3054
4197 660
4198 406
4199 2105
4200 1020
4201 411
4202 413
4203 2754
4204 414
4205 3257
4206 907
4207 415
4208 415
4209 1802
4210 418
4211 418
4212 996
4213 1662
4214 1894
4215 1387
4216 422
4217 1420
4218 429
4219 431
4220 496
4221 2322
4222 2706
4223 434
4224 1588
4225 688
4226 434
4227 2502
4228 2366
4229 434
4230 435
4231 878
4232 437
4233 1113
4234 954
4235 803
4236 538
4237 446
4238 1441
4239 2751
4240 3040
4241 812
4242 451
4243 451
4244 1828
4245 451
4246 451
4247 2075
4248 451
4249 2103
4250 451
4251 2040
4252 453
4253 517
4254 2519
4255 456
4256 1239
4257 2672
4258 993
4259 3110
4260 456
4261 1048
4262 2712
4263 456
4264 2118
4265 456
4266 456
4267 456
4268 673
4269 3025
4270 2670
4271 3238
4272 456
4273 1205
4274 2141
4275 456
4276 745
4277 644
4278 1834
4279 456
4280 2096
4281 1051
4282 1599
4283 1221
4284 645
4285 2484
4286 3145
4287 463
4288 1508
4289 728
4290 3310
4291 1201
4292 465
4293 2155
4294 2160
4295 556
4296 2846
4297 1729
4298 1303
4299 535
4300 2736
4301 474
4302 1313
4303 2369
4304 475
4305 475
4306 945
4307 817
4308 1320
4309 1063
4310 1964
4311 1189
4312 707
4313 2078
4314 480
4315 1732
4316 484
4317 2624
4318 1493
4319 606
4320 488
4321 1638
4322 1262
4323 2535
4324 2043
4325 1773
4326 1519
4327 1514
4328 2550
4329 569
4330 662
4331 2421
4332 1607
4333 501
4334 2390
4335 2956
4336 2643
4337 1059
4338 2295
4339 1014
4340 504
4341 551
4342 620
4343 506
4344 1879
4345 506
4346 1902
4347 506
4348 1342
4349 506
4350 1251
4351 743
4352 506
4353 2897
4354 1666
4355 2094
4356 506
4357 3186
4358 1871
4359 506
4360 506
4361 1794
4362 506
4363 1093
4364 506
4365 536
4366 507
4367 735
4368 507
4369 1389
4370 507
4371 557
4372 802
4373 3314
4374 507
4375 510
4376 1007
4377 532
4378 513
4379 515
4380 1637
4381 515
4382 935
4383 1078
4384 2034
4385 553
4386 1330
4387 520
4388 520
4389 813
4390 520
4391 520
4392 521
4393 3309
4394 2792
4395 1115
4396 522
4397 524
4398 525
4399 1024
4400 530
4401 531
4402 1620
4403 1668
4404 2719
4405 944
4406 3380
4407 3163
4408 539
4409 1447
4410 2285
4411 3053
4412 3177
4413 544
4414 544
4415 2508
4416 1931
4417 2304
4418 546
4419 1451
4420 1428
4421 692
4422 2967
4423 1898
4424 1467
4425 3024
4426 552
4427 1122
4428 2942
4429 552
4430 2910
4431 1136
4432 1688
4433 552
4434 2033
4435 1918
4436 555
4437 2787
4438 3288
4439 1718
4440 560
4441 2392
4442 3386
4443 563
4444 563
4445 564
4446 2494
4447 564
4448 1418
4449 568
4450 1258
4451 570
4452 1377
4453 2708
4454 573
4455 1533
4456 574
4457 984
4458 574
4459 1973
4460 574
4461 574
4462 1804
4463 580
4464 574
4465 1012
4466 1571
4467 1404
4468 2570
4469 901
4470 577
4471 1790
4472 577
4473 577
4474 655
4475 3058
4476 1787
4477 992
4478 1145
4479 1494
4480 582
4481 1733
4482 2738
4483 584
4484 665
4485 586
4486 739
4487 611
4488 2133
4489 1969
4490 592
4491 896
4492 594
4493 598
4494 598
4495 598
4496 598
4497 598
4498 1265
4499 1490
4500 3167
4501 2790
4502 809
4503 2532
4504 601
4505 2497
4506 2319
4507 3321
4508 1928
4509 3230
4510 1166
4511 1018
4512 663
4513 789
4514 610
4515 653
4516 614
4517 617
4518 618
4519 618
4520 2249
4521 2186
4522 2631
4523 623
4524 623
4525 623
4526 3331
4527 623
4528 866
4529 2538
4530 625
4531 1826
4532 1601
4533 627
4534 628
4535 643
4536 1238
4537 632
4538 632
4539 2758
4540 1124
4541 786
4542 1417
4543 1049
4544 635
4545 638
4546 680
4547 639
4548 645
4549 2156
4550 1453
4551 645
4552 3055
4553 2436
4554 645
4555 2915
4556 645
4557 2773
4558 1795
4559 645
4560 645
4561 1107
4562 822
4563 960
4564 3297
4565 1084
4566 648
4567 1702
4568 653
4569 3336
4570 1954
4571 1686
4572 2076
4573 653
4574 653
4575 653
4576 653
4577 3382
4578 1224
4579 653
4580 653
4581 1503
4582 654
4583 3084
4584 655
4585 3105
4586 655
4587 3139
4588 713
4589 963
4590 3007
4591 657
4592 1076
4593 658
4594 659
4595 1655
4596 2407
4597 2655
4598 659
4599 2568
4600 1092
4601 1437
4602 661
4603 661
4604 663
4605 1326
4606 663
4607 1527
4608 3390
4609 670
4610 671
4611 671
4612 2556
4613 2858
4614 1212
4615 674
4616 675
4617 1837
4618 675
4619 1443
4620 773
4621 679
4622 679
4623 1043
4624 2744
4625 693
4626 679
4627 2617
4628 679
4629 778
4630 1050
4631 679
4632 1004
4633 1989
4634 2202
4635 1362
4636 1994
4637 1866
4638 679
4639 1756
4640 2646
4641 2564
4642 687
4643 681
4644 1332
4645 1064
4646 3119
4647 686
4648 893
4649 1953
4650 2140
4651 686
4652 2106
4653 686
4654 2895
4655 3360
4656 686
4657 686
4658 949
4659 2150
4660 686
4661 1487
4662 2013
4663 687
4664 687
4665 768
4666 3335
4667 691
4668 2750
4669 1595
4670 692
4671 1478
4672 694
4673 704
4674 2275
4675 711
4676 711
4677 1980
4678 711
4679 711
4680 1896
4681 711
4682 1990
4683 711
4684 2409
4685 1155
4686 711
4687 1199
4688 3030
4689 711
4690 746
4691 839
4692 711
4693 711
4694 1206
4695 2826
4696 711
4697 797
4698 712
4699 2280
4700 1540
4701 2505
4702 716
4703 1117
4704 716
4705 870
4706 716
4707 841
4708 716
4709 2069
4710 2753
4711 1324
4712 2157
4713 1622
4714 717
4715 718
4716 720
4717 1561
4718 1865
4719 720
4720 720
4721 2231
4722 727
4723 1582
4724 727
4725 2464
4726 727
4727 2566
4728 727
4729 727
4730 3394
4731 727
4732 727
4733 728
4734 1073
4735 732
4736 730
4737 1147
4738 3255
4739 2571
4740 730
4741 730
4742 1495
4743 1782
4744 730
4745 730
4746 1736
4747 2898
4748 1256
4749 3356
4750 1721
4751 734
4752 2198
4753 1507
4754 734
4755 735
4756 1763
4757 1961
4758 738
4759 1367
4760 738
4761 738
4762 738
4763 738
4764 776
4765 738
4766 3207
4767 744
4768 750
4769 753
4770 2434
4771 1808
4772 753
4773 2101
4774 3063
4775 753
4776 3261
4777 850
4778 1280
4779 1128
4780 754
4781 758
4782 1906
4783 760
4784 997
4785 1475
4786 2946
4787 2281
4788 763
4789 1345
4790 763
4791 763
4792 2002
4793 1144
4794 766
4795 767
4796 2254
4797 770
4798 770
4799 773
4800 1214
4801 773
4802 1713
4803 773
4804 1734
4805 2907
4806 774
4807 774
4808 774
4809 775
4810 775
4811 775
4812 777
4813 779
4814 779
4815 2357
4816 3108
4817 2874
4818 780
4819 859
4820 1738
4821 1498
4822 1813
4823 867
4824 782
4825 1422
4826 783
4827 3361
4828 785
4829 785
4830 884
4831 847
4832 1067
4833 1086
4834 790
4835 2633
4836 3114
4837 1056
4838 792
4839 792
4840 794
4841 1272
4842 794
4843 794
4844 794
4845 975
4846 795
4847 1554
4848 2307
4849 798
4850 798
4851 2691
4852 1573
4853 802
4854 1348
4855 1019
4856 802
4857 1055
4858 803
4859 803
4860 803
4861 2367
4862 803
4863 803
4864 803
4865 2173
4866 803
4867 1160
4868 803
4869 1318
4870 803
4871 803
4872 3206
4873 805
4874 1667
4875 805
4876 805
4877 2428
4878 805
4879 2859
4880 3085
4881 1748
4882 805
4883 887
4884 805
4885 1080
4886 805
4887 1512
4888 2741
4889 805
4890 805
4891 805
4892 2179
4893 962
4894 805
4895 2085
4896 2115
4897 805
4898 1760
4899 2589
4900 1477
4901 805
4902 805
4903 3376
4904 805
4905 806
4906 806
4907 806
4908 806
4909 1226
4910 2414
4911 806
4912 806
4913 2959
4914 2114
4915 806
4916 2569
4917 809
4918 812
4919 1148
4920 2893
4921 812
4922 812
4923 1820
4924 812
4925 812
4926 1087
4927 812
4928 1425
4929 812
4930 812
4931 812
4932 1786
4933 814
4934 2318
4935 815
4936 815
4937 2234
4938 815
4939 815
4940 1194
4941 951
4942 815
4943 815
4944 2825
4945 983
4946 1376
4947 2877
4948 2027
4949 860
4950 1130
4951 820
4952 1706
4953 2212
4954 1544
4955 821
4956 822
4957 1241
4958 822
4959 824
4960 977
4961 1179
4962 825
4963 1570
4964 825
4965 1486
4966 828
4967 828
4968 828
4969 2117
4970 2218
4971 833
4972 833
4973 833
4974 1033
4975 834
4976 834
4977 834
4978 2546
4979 834
4980 834
4981 3259
4982 837
4983 1011
4984 839
4985 970
4986 1524
4987 839
4988 840
4989 841
4990 1184
4991 1697
4992 842
4993 3060
4994 842
4995 1236
4996 2188
4997 847
4998 848
4999 1217
5000 851
5001 848
5002 1768
5003 2853
5004 2842
5005 848
5006 2957
5007 2844
5008 2590
5009 851
5010 3329
5011 851
5012 851
5013 851
5014 851
5015 851
5016 3243
5017 851
5018 1006
5019 851
5020 854
5021 3285
5022 1480
5023 1015
5024 857
5025 1030
5026 1647
5027 863
5028 2097
5029 2071
5030 3082
5031 1353
5032 1839
5033 865
5034 1767
5035 3372
5036 1197
5037 2841
5038 869
5039 875
5040 1344
5041 1614
5042 879
5043 879
5044 1885
5045 880
5046 880
5047 882
5048 1868
5049 882
5050 2190
5051 1301
5052 1515
5053 882
5054 882
5055 1932
5056 2333
5057 884
5058 886
5059 886
5060 890
5061 2067
5062 1482
5063 890
5064 2828
5065 890
5066 1674
5067 2682
5068 943
5069 890
5070 890
5071 2943
5072 890
5073 890
5074 890
5075 890
5076 890
5077 890
5078 890
5079 1096
5080 890
5081 1856
5082 2809
5083 1847
5084 966
5085 2405
5086 890
5087 1336
5088 1883
5089 2171
5090 890
5091 890
5092 1986
5093 995
5094 890
5095 892
5096 2290
5097 894
5098 894
5099 919
5100 895
5101 895
5102 895
5103 895
5104 1245
5105 895
5106 897
5107 2572
5108 2041
5109 1650
5110 2062
5111 903
5112 1370
5113 1703
5114 911
5115 2552
5116 905
5117 907
5118 1243
5119 908
5120 908
5121 2520
5122 2361
5123 980
5124 914
5125 914
5126 3175
5127 2192
5128 3377
5129 919
5130 920
5131 2245
5132 2047
5133 1458
5134 920
5135 920
5136 920
5137 920
5138 1163
5139 1807
5140 920
5141 2261
5142 921
5143 922
5144 922
5145 922
5146 922
5147 1656
5148 1442
5149 959
5150 922
5151 922
5152 923
5153 1513
5154 982
5155 928
5156 1137
5157 1085
5158 1497
5159 933
5160 1970
5161 1231
5162 933
5163 934
5164 1714
5165 2869
5166 3049
5167 934
5168 1708
5169 939
5170 939
5171 2401
5172 2246
5173 1619
5174 942
5175 942
5176 2530
5177 942
5178 942
5179 1072
5180 942
5181 944
5182 2634
5183 1097
5184 1565
5185 944
5186 3302
5187 1371
5188 2939
5189 945
5190 945
5191 2172
5192 2619
5193 945
5194 945
5195 2723
5196 2255
5197 945
5198 946
5199 1296
5200 2618
5201 947
5202 2515
5203 949
5204 1171
5205 952
5206 952
5207 2834
5208 952
5209 952
5210 953
5211 1481
5212 953
5213 953
5214 953
5215 2251
5216 1248
5217 953
5218 2039
5219 953
5220 1548
5221 1523
5222 968
5223 953
5224 960
5225 960
5226 960
5227 960
5228 2394
5229 2747
5230 960
5231 960
5232 960
5233 960
5234 2380
5235 960
5236 3276
5237 960
5238 1848
5239 3194
5240 1460
5241 1815
5242 968
5243 2351
5244 969
5245 971
5246 2694
5247 3323
5248 971
5249 2424
5250 2299
5251 1912
5252 971
5253 1963
5254 971
5255 2686
5256 972
5257 3358
5258 972
5259 1254
5260 1402
5261 3290
5262 977
5263 979
5264 1562
5265 2730
5266 980
5267 981
5268 1112
5269 2309
5270 986
5271 988
5272 989
5273 989
5274 989
5275 990
5276 990
5277 990
5278 990
5279 990
5280 990
5281 2701
5282 990
5283 990
5284 990
5285 990
5286 990
5287 990
5288 2083
5289 3126
5290 990
5291 3042
5292 1737
5293 3393
5294 993
5295 993
5296 993
5297 2563
5298 994
5299 994
5300 995
5301 995
5302 3364
5303 1273
5304 996
5305 996
5306 997
5307 997
5308 1100
5309 2329
5310 998
5311 1000
5312 1000
5313 1118
5314 1004
5315 1004
5316 1004
5317 2166
5318 1004
5319 2807
5320 1004
5321 1004
5322 1004
5323 1004
5324 1004
5325 1004
5326 3029
5327 2565
5328 1004
5329 1005
5330 1312
5331 1005
5332 3357
5333 1005
5334 1006
5335 1568
5336 1600
5337 1009
5338 1398
5339 1021
5340 1021
5341 2660
5342 1496
5343 1025
5344 1026
5345 2223
5346 1026
5347 2547
5348 1026
5349 2952
5350 1026
5351 1339
5352 2313
5353 1594
5354 1156
5355 1032
5356 1033
5357 2697
5358 1534
5359 1039
5360 1041
5361 1042
5362 1043
5363 1431
5364 1044
5365 1045
5366 1045
5367 1625
5368 2302
5369 1053
5370 1053
5371 2252
5372 2201
5373 1059
5374 1580
5375 1060
5376 1060
5377 1875
5378 2003
5379 1060
5380 1088
5381 1060
5382 1060
5383 1060
5384 1060
5385 2796
5386 1642
5387 1385
5388 1957
5389 1378
5390 2710
5391 1060
5392 2488
5393 2561
5394 1061
5395 1061
5396 1772
5397 1061
5398 1509
5399 2575
5400 1061
5401 2635
5402 1946
5403 1061
5404 2818
5405 1061
5406 1283
5407 2583
5408 1061
5409 1862
5410 1754
5411 1061
5412 3033
5413 1062
5414 2019
5415 1064
5416 1878
5417 3178
5418 1067
5419 1821
5420 1266
5421 1956
5422 1072
5423 1649
5424 1809
5425 1076
5426 1076
5427 1916
5428 1081
5429 2152
5430 2429
5431 1864
5432 3385
5433 1082
5434 1083
5435 1375
5436 1083
5437 1305
5438 1323
5439 1084
5440 1084
5441 1084
5442 1459
5443 1084
5444 1084
5445 1314
5446 1225
5447 1129
5448 1084
5449 1084
5450 2426
5451 1388
5452 1087
5453 1400
5454 1284
5455 3179
5456 1095
5457 1097
5458 3023
5459 1099
5460 1099
5461 3147
5462 1102
5463 1102
5464 2504
5465 1103
5466 1104
5467 2241
5468 1106
5469 2889
5470 3342
5471 1216
5472 1346
5473 1110
5474 1110
5475 1110
5476 1110
5477 1110
5478 1110
5479 3248
5480 1111
5481 1315
5482 1979
5483 1118
5484 3090
5485 1118
5486 1118
5487 1616
5488 1118
5489 1118
5490 1855
5491 2384
5492 2093
5493 1881
5494 1134
5495 1136
5496 1240
5497 1136
5498 1764
5499 3095
5500 2365
5501 3341
5502 1141
5503 1141
5504 2057
5505 2837
5506 1849
5507 2221
5508 1145
5509 1145
5510 3315
5511 3232
5512 1145
5513 1146
5514 1578
5515 1910
5516 1148
5517 1149
5518 1150
5519 1150
5520 1150
5521 1150
5522 1150
5523 3002
5524 2935
5525 1150
5526 1151
5527 1151
5528 1903
5529 2720
5530 1152
5531 1152
5532 1152
5533 2388
5534 1329
5535 2495
5536 1152
5537 1152
5538 2104
5539 1153
5540 1632
5541 1154
5542 1154
5543 1154
5544 1154
5545 2056
5546 1154
5547 2673
5548 1154
5549 3354
5550 1469
5551 1154
5552 1156
5553 1156
5554 1156
5555 1249
5556 1448
5557 1158
5558 1160
5559 1972
5560 2048
5561 1166
5562 1352
5563 1171
5564 1171
5565 1173
5566 1275
5567 2739
5568 1173
5569 1173
5570 1176
5571 2554
5572 2830
5573 1180
5574 2625
5575 1180
5576 1180
5577 2068
5578 1181
5579 1181
5580 1181
5581 1181
5582 1181
5583 1184
5584 1558
5585 1818
5586 1390
5587 1876
5588 1197
5589 1197
5590 1197
5591 1200
5592 1777
5593 3122
5594 2601
5595 2851
5596 1201
5597 1201
5598 1201
5599 1201
5600 1201
5601 1201
5602 1201
5603 1201
5604 1201
5605 2095
5606 1203
5607 1203
5608 3222
5609 1203
5610 1623
5611 1203
5612 1203
5613 1530
5614 3143
5615 2614
5616 1210
5617 1210
5618 1210
5619 1210
5620 1210
5621 1211
5622 2602
5623 1663
5624 1213
5625 1947
5626 1966
5627 3036
5628 1216
5629 1216
5630 1216
5631 1216
5632 1216
5633 1216
5634 1216
5635 1216
5636 1216
5637 3389
5638 1217
5639 1683
5640 1217
5641 2669
5642 1220
5643 1220
5644 1220
5645 2768
5646 1222
5647 2649
5648 1223
5649 2276
5650 1223
5651 2007
5652 1225
5653 1225
5654 1793
5655 1225
5656 3123
5657 1225
5658 1225
5659 1225
5660 1225
5661 2604
5662 1225
5663 1225
5664 1225
5665 3166
5666 1230
5667 1231
5668 1231
5669 1468
5670 1231
5671 1231
5672 1231
5673 1231
5674 1781
5675 1231
5676 1231
5677 1231
5678 1575
5679 1231
5680 1231
5681 2742
5682 1231
5683 1231
5684 1231
5685 1231
5686 3209
5687 1231
5688 2703
5689 1231
5690 2374
5691 1232
5692 2914
5693 1232
5694 1232
5695 3217
5696 1232
5697 1232
5698 1232
5699 1962
5700 1299
5701 1550
5702 1232
5703 1232
5704 1542
5705 1252
5706 1232
5707 1232
5708 1232
5709 1232
5710 1232
5711 1232
5712 3120
5713 2185
5714 1823
5715 1232
5716 2404
5717 1232
5718 1232
5719 1232
5720 1233
5721 1235
5722 2412
5723 1235
5724 1235
5725 1235
5726 2472
5727 1327
5728 1239
5729 1598
5730 2439
5731 1244
5732 1244
5733 1244
5734 1245
5735 2035
5736 1331
5737 2205
5738 1248
5739 3273
5740 2526
5741 1249
5742 1249
5743 1249
5744 1302
5745 1249
5746 1249
5747 3065
5748 1249
5749 1934
5750 1249
5751 1249
5752 1249
5753 1250
5754 1282
5755 1252
5756 1291
5757 1254
5758 1269
5759 1645
5760 1255
5761 3275
5762 1260
5763 1261
5764 1438
5765 1263
5766 1264
5767 1264
5768 1268
5769 2181
5770 1270
5771 1273
5772 2065
5773 2544
5774 1279
5775 1298
5776 1281
5777 1282
5778 1282
5779 1288
5780 1983
5781 2460
5782 1288
5783 1288
5784 1290
5785 1290
5786 2645
5787 1292
5788 1292
5789 1294
5790 1294
5791 1294
5792 3266
5793 1295
5794 2452
5795 1299
5796 1301
5797 1302
5798 1303
5799 1304
5800 1675
5801 1361
5802 1780
5803 1304
5804 1566
5805 1304
5806 1304
5807 1861
5808 1304
5809 1452
5810 2926
5811 1752
5812 1618
5813 1304
5814 2784
5815 1304
5816 2229
5817 3111
5818 2661
5819 3116
5820 2883
5821 1304
5822 2125
5823 1304
5824 2070
5825 2978
5826 1304
5827 1304
5828 2540
5829 1306
5830 2667
5831 1306
5832 1679
5833 1466
5834 2451
5835 3089
5836 1306
5837 1306
5838 1306
5839 2233
5840 1306
5841 1307
5842 3375
5843 1308
5844 1308
5845 3180
5846 2341
5847 1430
5848 1308
5849 1311
5850 1311
5851 1312
5852 3129
5853 1313
5854 3125
5855 1313
5856 1313
5857 1313
5858 1315
5859 1315
5860 3098
5861 1315
5862 3014
5863 1484
5864 1315
5865 1315
5866 1315
5867 2993
5868 1318
5869 1318
5870 1318
5871 1322
5872 1322
5873 1325
5874 1325
5875 1326
5876 1603
5877 1329
5878 1915
5879 1532
5880 2815
5881 3027
5882 1329
5883 1329
5884 1470
5885 1329
5886 1329
5887 1329
5888 2793
5889 1329
5890 3138
5891 3050
5892 2239
5893 1329
5894 1329
5895 1329
5896 1329
5897 1817
5898 1330
5899 1330
5900 1464
5901 1332
5902 1333
5903 1336
5904 1337
5905 2123
5906 1338
5907 1338
5908 1339
5909 1340
5910 1340
5911 1341
5912 1343
5913 1343
5914 2657
5915 1344
5916 1344
5917 1344
5918 1348
5919 1671
5920 2074
5921 1349
5922 1349
5923 1735
5924 1352
5925 2264
5926 2983
5927 1991
5928 1356
5929 1357
5930 3214
5931 2368
5932 2496
5933 1744
5934 1359
5935 1360
5936 2958
5937 1362
5938 1362
5939 1362
5940 2240
5941 3374
5942 1372
5943 1372
5944 1372
5945 1373
5946 1373
5947 1644
5948 1373
5949 1373
5950 1375
5951 1750
5952 2947
5953 1377
5954 2945
5955 1378
5956 1380
5957 1380
5958 1381
5959 1382
5960 2523
5961 3351
5962 1388
5963 1388
5964 1987
5965 1388
5966 1388
5967 1444
5968 2500
5969 2120
5970 1887
5971 1389
5972 1391
5973 1391
5974 1852
5975 1779
5976 1392
5977 1392
5978 1392
5979 1392
5980 2226
5981 1392
5982 1393
5983 3190
5984 1393
5985 1488
5986 1394
5987 1394
5988 2012
5989 2813
5990 2129
5991 1396
5992 1396
5993 1396
5994 1396
5995 1396
5996 3013
5997 1396
5998 2440
5999 3172
6000 1396
6001 1396
6002 2344
6003 1396
6004 2998
6005 2395
6006 2456
6007 1396
6008 1396
6009 1396
6010 2168
6011 1396
6012 1396
6013 2386
6014 1396
6015 1396
6016 1396
6017 1608
6018 2051
6019 2102
6020 1398
6021 1401
6022 2411
6023 1404
6024 1404
6025 2059
6026 3220
6027 1405
6028 1408
6029 2431
6030 2352
6031 2306
6032 1410
6033 2536
6034 1411
6035 2457
6036 1411
6037 1411
6038 2490
6039 3001
6040 1412
6041 1412
6042 1412
6043 1414
6044 1992
6045 1414
6046 1415
6047 1415
6048 1416
6049 1417
6050 1420
6051 1420
6052 2580
6053 1421
6054 1423
6055 1423
6056 1791
6057 1425
6058 1425
6059 1426
6060 1426
6061 1430
6062 1430
6063 1432
6064 1517
6065 1434
6066 1435
6067 1673
6068 2204
6069 1436
6070 1740
6071 1890
6072 1436
6073 1436
6074 1436
6075 1751
6076 1436
6077 1437
6078 1441
6079 1441
6080 1442
6081 1445
6082 2551
6083 1545
6084 1456
6085 1958
6086 1458
6087 1658
6088 1458
6089 1629
6090 1830
6091 1458
6092 2969
6093 1458
6094 1458
6095 1458
6096 2745
6097 3028
6098 3034
6099 1459
6100 1704
6101 2545
6102 1464
6103 1467
6104 1468
6105 1468
6106 1468
6107 1468
6108 1468
6109 1468
6110 1468
6111 1468
6112 1468
6113 1468
6114 1468
6115 1468
6116 1469
6117 1469
6118 1589
6119 1469
6120 1746
6121 3258
6122 1471
6123 1471
6124 1472
6125 1472
6126 1475
6127 1476
6128 2918
6129 1778
6130 1477
6131 1479
6132 1479
6133 1816
6134 2259
6135 1480
6136 2387
6137 1482
6138 1965
6139 2296
6140 1484
6141 1484
6142 1484
6143 1487
6144 2098
6145 2961
6146 1487
6147 1488
6148 2354
6149 1489
6150 1489
6151 2222
6152 1977
6153 2170
6154 1489
6155 1489
6156 1490
6157 1490
6158 1490
6159 1490
6160 1494
6161 2820
6162 1497
6163 1497
6164 2458
6165 2337
6166 1498
6167 1502
6168 3346
6169 1502
6170 1503
6171 1503
6172 1504
6173 1504
6174 1576
6175 2913
6176 1507
6177 2244
6178 1945
6179 1509
6180 1509
6181 2613
6182 1509
6183 1509
6184 3319
6185 1509
6186 1510
6187 1510
6188 2805
6189 1514
6190 2683
6191 1515
6192 1976
6193 1521
6194 1523
6195 3131
6196 1526
6197 2904
6198 1527
6199 2518
6200 1528
6201 1530
6202 1530
6203 1530
6204 1530
6205 1850
6206 1530
6207 1533
6208 1533
6209 1893
6210 1535
6211 1535
6212 2161
6213 1535
6214 1535
6215 2827
6216 2864
6217 1538
6218 1538
6219 1538
6220 2364
6221 1540
6222 2038
6223 2934
6224 1546
6225 1546
6226 1546
6227 1590
6228 1550
6229 1551
6230 1552
6231 1553
6232 2850
6233 3211
6234 1555
6235 1555
6236 1555
6237 1555
6238 1555
6239 1555
6240 1556
6241 1556
6242 1556
6243 1556
6244 1556
6245 3371
6246 1556
6247 2008
6248 3118
6249 1556
6250 1556
6251 1559
6252 2843
6253 2474
6254 2777
6255 2610
6256 1556
6257 1556
6258 1556
6259 1556
6260 1556
6261 1556
6262 1556
6263 1556
6264 1556
6265 1824
6266 1556
6267 1556
6268 3317
6269 3334
6270 1556
6271 2422
6272 1747
6273 1556
6274 1811
6275 1556
6276 1556
6277 1556
6278 1556
6279 1556
6280 1725
6281 3045
6282 1556
6283 2949
6284 2378
6285 1556
6286 1556
6287 1627
6288 1701
6289 1556
6290 1556
6291 1556
6292 1556
6293 1556
6294 1556
6295 1556
6296 1556
6297 1556
6298 1556
6299 1556
6300 1556
6301 1556
6302 1556
6303 2812
6304 1556
6305 2848
6306 1556
6307 1556
6308 1556
6309 1556
6310 2940
6311 1556
6312 1556
6313 1556
6314 1556
6315 1556
6316 1556
6317 2130
6318 1556
6319 1556
6320 1556
6321 2443
6322 2598
6323 1556
6324 1557
6325 1558
6326 1558
6327 1558
6328 1558
6329 1558
6330 1971
6331 1562
6332 2325
6333 1562
6334 2026
6335 1562
6336 2100
6337 1900
6338 1563
6339 3150
6340 2314
6341 1563
6342 1564
6343 1565
6344 1565
6345 1566
6346 1566
6347 1566
6348 1566
6349 1567
6350 1567
6351 1567
6352 2954
6353 1567
6354 1567
6355 1567
6356 1569
6357 1570
6358 1570
6359 1570
6360 1571
6361 1573
6362 1710
6363 1573
6364 1573
6365 1574
6366 1574
6367 1574
6368 1904
6369 1576
6370 1579
6371 1579
6372 1579
6373 1798
6374 1582
6375 3345
6376 2481
6377 1582
6378 2327
6379 1585
6380 1586
6381 1586
6382 2888
6383 2749
6384 1586
6385 1586
6386 1586
6387 1586
6388 1586
6389 3140
6390 2321
6391 2091
6392 2608
6393 1588
6394 1832
6395 1588
6396 1588
6397 1588
6398 1588
6399 1588
6400 1588
6401 1588
6402 1588
6403 1588
6404 1590
6405 1591
6406 2849
6407 1591
6408 1594
6409 1594
6410 1594
6411 3369
6412 1974
6413 2774
6414 1597
6415 1695
6416 1597
6417 1597
6418 1597
6419 1597
6420 1597
6421 2798
6422 2972
6423 1597
6424 1597
6425 1597
6426 3128
6427 1597
6428 1597
6429 1597
6430 1597
6431 3148
6432 1597
6433 1598
6434 2887
6435 1598
6436 1598
6437 1601
6438 2573
6439 1604
6440 1604
6441 2863
6442 1604
6443 1605
6444 1605
6445 1605
6446 1605
6447 2702
6448 1605
6449 1605
6450 1801
6451 1605
6452 2119
6453 1605
6454 3005
6455 2207
6456 1611
6457 1612
6458 1615
6459 1615
6460 1615
6461 1854
6462 1616
6463 2574
6464 3313
6465 1618
6466 1618
6467 1618
6468 2868
6469 1619
6470 3294
6471 1622
6472 2962
6473 1628
6474 2107
6475 1630
6476 1630
6477 1631
6478 2878
6479 1632
6480 1632
6481 1632
6482 2663
6483 1632
6484 1632
6485 1632
6486 1632
6487 1632
6488 2381
6489 1632
6490 3199
6491 1635
6492 3038
6493 1637
6494 1637
6495 1637
6496 1637
6497 1637
6498 1637
6499 1637
6500 1637
6501 1926
6502 1637
6503 1637
6504 1637
6505 3353
6506 1637
6507 2466
6508 1639
6509 1639
6510 1644
6511 2919
6512 1644
6513 1644
6514 1644
6515 1644
6516 1644
6517 3363
6518 2529
6519 1646
6520 1647
6521 2398
6522 1649
6523 1649
6524 2467
6525 1651
6526 1652
6527 2311
6528 3265
6529 2794
6530 1654
6531 1657
6532 1657
6533 2861
6534 1659
6535 1659
6536 1659
6537 2591
6538 1661
6539 1667
6540 1668
6541 1668
6542 1669
6543 2537
6544 3193
6545 2029
6546 1673
6547 1673
6548 2023
6549 1673
6550 1673
6551 1676
6552 3325
6553 1676
6554 1677
6555 1677
6556 1812
6557 1678
6558 2727
6559 1882
6560 1678
6561 1678
6562 1678
6563 1678
6564 3051
6565 1678
6566 2821
6567 1678
6568 1678
6569 1678
6570 1678
6571 1988
6572 2531
6573 1678
6574 1678
6575 1720
6576 1678
6577 1678
6578 3022
6579 2489
6580 1678
6581 1678
6582 1678
6583 1678
6584 3181
6585 1678
6586 1678
6587 1678
6588 1678
6589 2308
6590 1678
6591 1678
6592 2024
6593 1678
6594 1678
6595 2615
6596 1678
6597 2151
6598 1678
6599 1678
6600 2237
6601 1678
6602 1678
6603 1678
6604 1678
6605 1678
6606 1681
6607 1682
6608 1682
6609 3067
6610 1682
6611 1682
6612 1683
6613 1683
6614 1867
6615 1683
6616 1739
6617 1686
6618 1686
6619 1686
6620 2881
6621 1776
6622 2370
6623 1688
6624 2084
6625 2534
6626 1806
6627 1690
6628 2270
6629 1690
6630 1690
6631 1690
6632 1690
6633 2506
6634 1690
6635 1691
6636 1691
6637 2588
6638 1691
6639 1692
6640 1984
6641 1693
6642 1693
6643 3059
6644 1693
6645 1693
6646 2775
6647 1693
6648 1693
6649 1693
6650 1693
6651 1693
6652 1693
6653 2126
6654 1693
6655 1693
6656 1693
6657 1693
6658 1693
6659 2273
6660 1693
6661 1693
6662 2288
6663 1693
6664 1693
6665 3018
6666 2225
6667 1693
6668 1693
6669 1693
6670 1693
6671 3183
6672 3094
6673 2733
6674 1901
6675 1693
6676 1693
6677 2079
6678 1693
6679 2713
6680 1693
6681 1693
6682 1693
6683 1693
6684 1693
6685 1693
6686 3301
6687 2541
6688 1693
6689 2300
6690 1693
6691 2512
6692 1693
6693 3391
6694 1693
6695 1693
6696 1693
6697 1693
6698 1693
6699 1922
6700 1693
6701 1920
6702 2139
6703 1693
6704 3256
6705 1829
6706 2880
6707 2985
6708 1693
6709 1693
6710 3291
6711 2338
6712 3263
6713 1998
6714 2018
6715 3010
6716 1693
6717 1770
6718 3235
6719 1693
6720 2801
6721 2042
6722 1693
6723 3343
6724 1784
6725 1693
6726 1693
6727 1693
6728 1693
6729 1693
6730 1693
6731 1693
6732 1693
6733 1693
6734 1693
6735 1693
6736 1693
6737 1693
6738 1693
6739 1693
6740 1693
6741 1693
6742 1693
6743 1693
6744 1933
6745 1693
6746 2687
6747 1693
6748 1693
6749 1693
6750 1693
6751 1765
6752 1693
6753 2420
6754 1835
6755 1693
6756 1693
6757 1693
6758 1693
6759 1693
6760 1693
6761 1978
6762 1693
6763 1693
6764 1693
6765 1693
6766 1719
6767 1693
6768 1693
6769 2052
6770 1693
6771 1693
6772 1693
6773 1693
6774 1693
6775 1693
6776 1693
6777 2286
6778 1693
6779 2890
6780 2986
6781 1693
6782 1693
6783 1693
6784 2721
6785 2724
6786 3031
6787 1693
6788 1968
6789 2779
6790 2876
6791 1693
6792 1693
6793 2132
6794 1693
6795 1693
6796 1693
6797 1693
6798 1693
6799 1693
6800 1693
6801 1693
6802 2419
6803 1693
6804 1693
6805 3133
6806 1693
6807 2282
6808 1693
6809 1693
6810 1693
6811 2011
6812 2248
6813 3099
6814 1693
6815 1693
6816 1693
6817 1693
6818 1693
6819 1693
6820 1693
6821 2072
6822 2905
6823 1695
6824 3046
6825 1695
6826 1695
6827 1696
6828 1697
6829 1700
6830 1700
6831 1702
6832 1702
6833 1702
6834 1702
6835 1702
6836 1702
6837 3066
6838 1702
6839 1702
6840 1702
6841 1938
6842 1702
6843 1702
6844 1702
6845 1702
6846 3107
6847 1702
6848 1702
6849 2385
6850 2195
6851 1702
6852 1702
6853 1702
6854 1702
6855 1702
6856 1702
6857 1703
6858 1703
6859 3037
6860 2658
6861 1703
6862 1703
6863 1703
6864 1703
6865 1703
6866 3355
6867 2795
6868 1703
6869 1703
6870 2210
6871 1704
6872 1704
6873 1704
6874 1707
6875 3348
6876 1707
6877 1711
6878 1711
6879 1755
6880 3056
6881 2616
6882 1716
6883 1716
6884 1716
6885 1716
6886 1718
6887 1718
6888 1718
6889 1718
6890 1718
6891 1718
6892 1718
6893 3366
6894 3330
6895 1725
6896 1725
6897 1729
6898 1729
6899 1729
6900 1797
6901 1729
6902 1729
6903 1731
6904 1759
6905 1783
6906 1733
6907 1733
6908 1734
6909 2265
6910 2425
6911 1736
6912 1736
6913 2543
6914 2005
6915 1736
6916 1736
6917 1736
6918 3100
6919 1736
6920 1736
6921 1736
6922 1736
6923 1736
6924 1736
6925 1737
6926 1737
6927 1737
6928 1737
6929 1737
6930 1737
6931 1737
6932 1737
6933 1737
6934 1739
6935 1739
6936 2358
6937 1739
6938 2715
6939 1739
6940 1739
6941 1739
6942 1739
6943 2630
6944 1741
6945 1741
6946 1741
6947 1741
6948 1742
6949 2567
6950 2292
6951 1746
6952 1749
6953 1752
6954 1752
6955 1752
6956 1753
6957 1753
6958 3134
6959 1755
6960 3124
6961 1762
6962 1762
6963 1762
6964 2010
6965 2036
6966 1762
6967 1762
6968 1764
6969 1765
6970 1768
6971 1768
6972 2740
6973 1768
6974 2966
6975 1768
6976 1768
6977 1768
6978 1769
6979 1769
6980 1769
6981 1769
6982 3231
6983 2735
6984 1769
6985 2977
6986 1769
6987 1769
6988 1769
6989 2693
6990 1800
6991 1997
6992 1771
6993 1771
6994 1771
6995 2717
6996 1771
6997 1771
6998 1943
6999 1771
7000 1772
7001 1772
7002 2415
7003 3083
7004 2599
7005 2025
7006 1772
7007 2447
7008 2373
7009 1772
7010 2453
7011 1772
7012 1773
7013 1773
7014 1774
7015 1774
7016 2473
7017 1785
7018 1786
7019 1786
7020 1787
7021 2253
7022 1788
7023 1789
7024 1789
7025 3062
7026 1792
7027 3069
7028 1792
7029 2236
7030 1793
7031 1794
7032 2984
7033 2759
7034 1802
7035 3009
7036 1803
7037 1804
7038 1810
7039 1813
7040 1813
7041 1814
7042 1814
7043 1816
7044 1816
7045 1819
7046 1819
7047 1821
7048 1821
7049 3316
7050 2037
7051 3324
7052 2650
7053 1821
7054 1821
7055 1821
7056 1821
7057 1821
7058 2406
7059 1824
7060 1824
7061 1824
7062 1824
7063 1843
7064 1844
7065 2110
7066 1826
7067 1827
7068 1828
7069 1830
7070 3260
7071 2772
7072 3043
7073 1836
7074 1836
7075 1836
7076 2628
7077 1838
7078 1838
7079 1838
7080 1839
7081 3088
7082 1839
7083 1839
7084 1839
7085 1840
7086 1841
7087 1843
7088 1844
7089 1845
7090 2987
7091 2920
7092 1848
7093 1848
7094 1848
7095 2081
7096 2971
7097 1862
7098 2647
7099 1908
7100 1863
7101 1864
7102 1864
7103 1864
7104 1949
7105 1867
7106 1868
7107 2581
7108 1874
7109 1874
7110 1874
7111 2836
7112 1874
7113 1877
7114 2303
7115 2164
7116 1879
7117 1879
7118 1880
7119 1880
7120 1880
7121 1881
7122 1883
7123 1884
7124 1884
7125 3215
7126 1887
7127 1887
7128 1887
7129 1981
7130 2676
7131 1887
7132 1887
7133 1951
7134 1887
7135 3197
7136 1889
7137 1890
7138 1891
7139 1891
7140 1891
7141 1892
7142 1892
7143 1897
7144 1897
7145 1897
7146 3011
7147 1897
7148 1897
7149 1897
7150 1897
7151 3112
7152 2199
7153 1897
7154 1897
7155 1897
7156 1897
7157 1897
7158 1897
7159 3244
7160 2291
7161 1897
7162 1897
7163 2326
7164 1898
7165 1901
7166 1985
7167 1903
7168 2063
7169 1911
7170 1911
7171 1913
7172 1914
7173 2621
7174 1916
7175 1919
7176 2925
7177 1923
7178 1923
7179 1923
7180 1923
7181 1923
7182 1923
7183 3087
7184 1925
7185 1925
7186 1928
7187 1930
7188 1930
7189 2908
7190 1936
7191 2936
7192 1936
7193 1936
7194 1936
7195 1942
7196 1943
7197 1943
7198 1943
7199 2785
7200 2363
7201 1943
7202 1943
7203 1943
7204 1943
7205 1943
7206 2209
7207 1943
7208 1943
7209 1943
7210 1943
7211 1943
7212 1943
7213 1943
7214 1943
7215 1943
7216 1943
7217 1945
7218 2159
7219 1946
7220 1946
7221 1946
7222 1946
7223 2922
7224 1949
7225 1949
7226 2427
7227 2929
7228 2450
7229 1951
7230 2620
7231 1952
7232 2626
7233 1962
7234 1964
7235 2681
7236 1964
7237 1964
7238 1964
7239 1964
7240 1964
7241 1964
7242 1968
7243 1968
7244 3101
7245 1969
7246 1969
7247 1969
7248 1970
7249 1971
7250 1973
7251 1973
7252 1975
7253 1975
7254 1975
7255 1975
7256 1979
7257 1979
7258 1982
7259 3187
7260 1982
7261 1982
7262 1982
7263 3048
7264 2021
7265 2989
7266 1983
7267 2732
7268 1987
7269 1987
7270 1987
7271 1987
7272 1987
7273 1987
7274 1989
7275 1992
7276 1992
7277 1992
7278 3227
7279 1993
7280 1993
7281 2402
7282 1993
7283 1993
7284 2410
7285 1995
7286 3176
7287 1995
7288 1997
7289 2088
7290 2000
7291 2000
7292 2000
7293 2000
7294 2000
7295 2332
7296 2000
7297 3350
7298 2000
7299 3378
7300 2002
7301 2002
7302 2002
7303 2003
7304 2004
7305 2006
7306 2007
7307 2007
7308 2010
7309 2010
7310 2010
7311 2011
7312 2011
7313 2011
7314 2011
7315 2011
7316 2011
7317 2797
7318 2012
7319 2503
7320 2596
7321 2014
7322 2014
7323 2014
7324 2015
7325 3218
7326 2015
7327 2015
7328 2016
7329 2016
7330 2017
7331 3061
7332 2017
7333 2262
7334 2019
7335 2019
7336 2019
7337 2019
7338 2020
7339 2020
7340 2020
7341 2423
7342 2020
7343 2020
7344 2020
7345 2020
7346 2020
7347 2020
7348 2020
7349 2997
7350 2020
7351 2086
7352 2020
7353 2020
7354 2020
7355 2020
7356 2020
7357 2020
7358 2020
7359 2020
7360 2020
7361 2020
7362 2521
7363 2268
7364 2020
7365 2941
7366 2020
7367 2124
7368 2020
7369 2020
7370 2228
7371 2020
7372 2020
7373 2020
7374 2020
7375 2020
7376 2317
7377 2020
7378 2020
7379 2108
7380 2020
7381 2020
7382 3136
7383 2020
7384 2020
7385 2177
7386 2020
7387 2112
7388 2020
7389 2134
7390 2023
7391 2330
7392 2025
7393 2025
7394 2026
7395 2027
7396 2027
7397 2027
7398 2030
7399 2030
7400 2542
7401 2030
7402 2030
7403 2030
7404 2031
7405 2031
7406 2031
7407 2031
7408 2031
7409 2031
7410 2287
7411 2031
7412 2031
7413 2035
7414 2036
7415 2036
7416 2037
7417 2965
7418 2037
7419 2037
7420 2037
7421 2037
7422 2037
7423 2037
7424 2037
7425 2037
7426 2433
7427 2037
7428 2037
7429 2037
7430 2038
7431 2040
7432 2041
7433 2041
7434 2041
7435 2042
7436 2274
7437 2045
7438 2045
7439 2053
7440 2045
7441 2045
7442 2049
7443 2046
7444 2046
7445 2138
7446 2046
7447 2048
7448 2048
7449 2050
7450 2053
7451 2053
7452 2053
7453 2055
7454 3077
7455 2055
7456 2055
7457 2055
7458 2055
7459 2057
7460 2058
7461 2058
7462 2062
7463 2064
7464 2065
7465 2513
7466 2065
7467 2065
7468 2065
7469 3169
7470 2065
7471 2067
7472 3367
7473 2067
7474 2067
7475 2067
7476 3339
7477 2067
7478 2067
7479 2067
7480 2067
7481 2067
7482 2067
7483 2067
7484 2067
7485 2067
7486 2067
7487 2067
7488 2067
7489 2067
7490 2067
7491 2067
7492 2067
7493 2595
7494 2067
7495 2067
7496 2067
7497 2067
7498 2487
7499 2894
7500 2067
7501 2067
7502 2067
7503 3234
7504 2067
7505 2067
7506 2067
7507 2067
7508 2067
7509 2067
7510 2509
7511 2067
7512 2067
7513 2067
7514 2067
7515 2584
7516 2067
7517 2803
7518 2122
7519 2067
7520 2067
7521 2067
7522 2067
7523 2067
7524 2067
7525 2067
7526 3205
7527 3282
7528 2067
7529 2067
7530 2067
7531 2068
7532 2072
7533 2073
7534 3121
7535 2073
7536 2073
7537 2622
7538 2076
7539 2076
7540 2077
7541 2077
7542 2197
7543 2080
7544 2080
7545 2714
7546 2080
7547 2128
7548 2080
7549 2080
7550 2832
7551 2081
7552 2082
7553 2083
7554 2342
7555 2083
7556 2083
7557 2083
7558 3332
7559 2135
7560 2083
7561 2083
7562 2086
7563 2088
7564 3388
7565 2158
7566 2089
7567 2089
7568 2091
7569 2091
7570 2999
7571 3015
7572 2095
7573 2098
7574 2101
7575 2103
7576 2104
7577 2104
7578 2121
7579 2104
7580 2238
7581 2105
7582 2105
7583 2105
7584 2105
7585 2105
7586 2105
7587 2105
7588 2105
7589 2105
7590 2105
7591 2105
7592 2105
7593 2105
7594 2553
7595 2105
7596 2105
7597 2105
7598 2734
7599 2105
7600 2105
7601 2105
7602 2105
7603 2105
7604 2272
7605 2105
7606 2105
7607 2174
7608 2106
7609 2271
7610 2106
7611 2114
7612 2114
7613 2116
7614 2116
7615 2116
7616 2206
7617 2117
7618 2117
7619 2117
7620 2118
7621 2123
7622 2123
7623 2123
7624 2438
7625 2123
7626 2123
7627 2130
7628 2130
7629 2131
7630 2131
7631 2654
7632 2383
7633 2131
7634 2131
7635 2214
7636 2132
7637 3157
7638 2136
7639 2136
7640 2137
7641 2448
7642 2140
7643 2140
7644 2140
7645 2140
7646 2140
7647 2140
7648 2140
7649 2762
7650 2140
7651 2140
7652 2140
7653 3075
7654 2140
7655 2140
7656 2140
7657 2140
7658 2140
7659 2819
7660 2140
7661 2140
7662 2140
7663 2140
7664 2345
7665 2146
7666 2767
7667 2149
7668 2150
7669 2153
7670 2153
7671 3192
7672 2153
7673 2153
7674 2153
7675 2153
7676 2153
7677 2155
7678 2155
7679 2159
7680 2159
7681 2159
7682 2159
7683 2391
7684 3225
7685 2159
7686 2432
7687 3279
7688 2159
7689 2629
7690 2159
7691 2159
7692 2159
7693 3132
7694 2159
7695 2159
7696 2159
7697 2159
7698 2159
7699 2159
7700 2159
7701 3269
7702 2163
7703 2165
7704 2165
7705 2166
7706 2260
7707 2168
7708 2168
7709 2168
7710 2168
7711 2168
7712 2168
7713 2168
7714 2168
7715 2960
7716 2168
7717 2168
7718 2168
7719 2168
7720 2875
7721 2168
7722 2168
7723 2639
7724 2168
7725 2168
7726 2168
7727 2168
7728 2168
7729 2498
7730 2168
7731 2168
7732 2469
7733 2168
7734 2168
7735 2892
7736 2872
7737 2168
7738 2168
7739 2168
7740 2168
7741 2168
7742 2168
7743 2175
7744 2168
7745 2168
7746 2168
7747 2168
7748 2168
7749 2168
7750 2763
7751 2168
7752 2168
7753 2168
7754 2168
7755 2169
7756 2169
7757 2170
7758 2170
7759 2170
7760 2555
7761 2170
7762 2678
7763 2170
7764 2170
7765 2170
7766 2170
7767 2173
7768 2174
7769 2174
7770 2176
7771 2176
7772 2176
7773 2230
7774 2334
7775 3196
7776 2183
7777 2718
7778 2185
7779 2185
7780 2928
7781 2191
7782 2191
7783 2192
7784 2192
7785 2192
7786 3171
7787 2196
7788 2964
7789 2200
7790 2200
7791 2200
7792 2331
7793 2200
7794 2202
7795 2937
7796 2202
7797 2203
7798 2203
7799 2692
7800 3326
7801 2204
7802 2204
7803 2204
7804 2204
7805 2204
7806 2204
7807 3174
7808 2206
7809 2206
7810 2981
7811 2208
7812 2209
7813 2760
7814 2209
7815 2211
7816 2476
7817 3210
7818 2212
7819 2212
7820 2297
7821 2816
7822 2680
7823 2214
7824 2214
7825 2214
7826 2214
7827 2214
7828 2214
7829 2214
7830 2214
7831 2215
7832 2651
7833 2216
7834 3327
7835 2250
7836 2216
7837 2216
7838 2221
7839 2221
7840 2222
7841 2222
7842 2222
7843 2222
7844 2223
7845 2223
7846 2223
7847 2223
7848 2223
7849 2224
7850 2748
7851 2225
7852 2225
7853 2225
7854 2225
7855 2225
7856 2225
7857 2225
7858 2225
7859 2225
7860 2230
7861 2230
7862 2232
7863 2232
7864 2233
7865 2233
7866 2243
7867 2603
7868 2233
7869 2233
7870 2234
7871 2234
7872 2234
7873 2234
7874 3208
7875 2244
7876 2582
7877 2246
7878 2246
7879 2247
7880 2247
7881 2247
7882 2251
7883 2254
7884 2254
7885 2254
7886 2944
7887 2255
7888 3240
7889 2255
7890 2255
7891 2255
7892 2255
7893 2799
7894 2255
7895 2255
7896 2255
7897 2255
7898 2256
7899 2256
7900 2257
7901 2257
7902 2258
7903 2261
7904 2261
7905 2261
7906 2264
7907 2268
7908 2272
7909 2272
7910 2272
7911 2272
7912 2273
7913 2273
7914 2524
7915 2273
7916 3155
7917 2273
7918 2274
7919 2274
7920 2274
7921 2274
7922 2275
7923 2275
7924 2656
7925 2278
7926 2280
7927 2280
7928 2280
7929 2280
7930 2280
7931 2280
7932 3340
7933 2282
7934 2282
7935 2282
7936 2282
7937 2282
7938 2282
7939 2284
7940 2284
7941 2284
7942 2284
7943 3000
7944 3168
7945 2285
7946 2285
7947 2294
7948 2285
7949 2285
7950 2285
7951 2854
7952 2285
7953 2285
7954 2285
7955 2286
7956 2288
7957 2866
7958 2295
7959 2295
7960 2295
7961 2295
7962 2295
7963 2295
7964 2295
7965 2295
7966 2295
7967 2295
7968 3086
7969 2295
7970 2295
7971 2295
7972 2295
7973 2296
7974 2297
7975 2847
7976 2297
7977 2297
7978 2297
7979 2297
7980 2297
7981 2297
7982 2297
7983 2901
7984 2297
7985 2297
7986 2297
7987 2297
7988 2297
7989 2417
7990 2299
7991 2301
7992 2301
7993 3154
7994 2301
7995 2301
7996 2301
7997 2302
7998 2302
7999 2302
8000 2304
8001 2304
8002 2306
8003 3277
8004 2308
8005 2308
8006 2308
8007 2308
8008 2308
8009 2308
8010 2353
8011 2309
8012 2309
8013 2310
8014 2312
8015 2312
8016 2312
8017 2975
8018 2315
8019 2632
8020 2315
8021 2315
8022 2315
8023 2974
8024 2315
8025 3241
8026 2644
8027 2315
8028 2319
8029 2319
8030 2322
8031 2322
8032 2326
8033 2326
8034 2327
8035 2327
8036 2437
8037 2332
8038 2334
8039 2838
8040 2337
8041 2337
8042 2337
8043 2337
8044 2337
8045 2728
8046 2338
8047 3226
8048 2338
8049 2968
8050 2339
8051 2339
8052 2339
8053 2339
8054 3073
8055 2342
8056 2356
8057 2343
8058 2345
8059 2776
8060 2346
8061 2346
8062 2348
8063 2349
8064 2350
8065 2350
8066 2352
8067 2352
8068 2354
8069 2354
8070 2354
8071 2354
8072 2354
8073 2354
8074 2354
8075 3252
8076 2355
8077 2356
8078 2356
8079 3006
8080 2357
8081 2357
8082 2358
8083 2361
8084 2361
8085 2361
8086 2361
8087 2361
8088 2361
8089 2361
8090 2361
8091 2361
8092 2363
8093 3392
8094 2363
8095 2363
8096 2363
8097 2365
8098 2365
8099 2365
8100 2365
8101 2367
8102 2367
8103 2367
8104 2369
8105 2369
8106 2369
8107 2369
8108 2371
8109 2371
8110 2372
8111 2372
8112 2373
8113 2373
8114 2373
8115 2373
8116 3349
8117 2381
8118 2381
8119 2381
8120 2381
8121 2381
8122 2381
8123 2381
8124 2381
8125 2387
8126 2387
8127 2387
8128 2387
8129 2387
8130 2387
8131 3097
8132 2387
8133 2389
8134 2389
8135 2389
8136 2389
8137 2389
8138 2390
8139 2391
8140 2391
8141 2391
8142 2392
8143 2394
8144 2395
8145 2396
8146 2396
8147 2397
8148 2399
8149 2399
8150 2400
8151 2400
8152 2400
8153 2402
8154 2402
8155 2402
8156 2402
8157 2402
8158 2402
8159 2979
8160 2690
8161 2402
8162 2405
8163 2406
8164 2413
8165 2416
8166 2420
8167 2423
8168 2533
8169 2425
8170 2425
8171 2425
8172 2425
8173 2704
8174 2430
8175 2426
8176 2431
8177 2432
8178 2438
8179 2438
8180 3337
8181 3213
8182 2438
8183 2438
8184 2438
8185 3191
8186 2438
8187 2438
8188 2438
8189 2438
8190 3311
8191 2557
8192 2438
8193 2438
8194 2438
8195 2438
8196 2438
8197 2438
8198 2438
8199 2438
8200 2438
8201 2442
8202 2442
8203 2442
8204 2442
8205 2443
8206 2443
8207 2443
8208 2444
8209 2444
8210 2445
8211 2447
8212 2499
8213 2448
8214 2950
8215 2449
8216 2449
8217 3268
8218 2450
8219 2450
8220 2450
8221 2452
8222 2452
8223 3320
8224 2454
8225 2455
8226 2455
8227 2455
8228 2525
8229 2461
8230 2755
8231 2468
8232 3200
8233 2471
8234 2472
8235 2472
8236 2789
8237 2472
8238 2472
8239 2472
8240 2472
8241 2916
8242 2833
8243 2472
8244 2472
8245 2472
8246 2522
8247 2472
8248 2472
8249 2579
8250 2475
8251 2852
8252 2476
8253 2476
8254 2476
8255 2479
8256 2479
8257 2479
8258 2479
8259 2479
8260 2479
8261 2479
8262 2479
8263 2479
8264 2480
8265 3307
8266 2484
8267 2491
8268 2486
8269 2489
8270 2489
8271 2489
8272 2489
8273 2489
8274 2973
8275 2493
8276 2494
8277 2501
8278 2640
8279 2502
8280 2502
8281 2638
8282 2829
8283 2502
8284 2504
8285 2771
8286 2504
8287 2756
8288 2509
8289 3242
8290 2511
8291 2909
8292 2512
8293 2512
8294 2512
8295 2513
8296 2513
8297 2513
8298 2513
8299 2513
8300 2513
8301 2513
8302 2513
8303 2513
8304 2513
8305 2513
8306 2513
8307 3267
8308 2513
8309 2513
8310 2867
8311 2513
8312 2514
8313 2514
8314 2520
8315 2520
8316 2521
8317 2522
8318 2526
8319 2746
8320 2527
8321 2530
8322 2532
8323 2532
8324 2532
8325 2532
8326 2534
8327 2535
8328 2535
8329 2537
8330 3270
8331 2542
8332 2542
8333 2542
8334 2542
8335 2542
8336 2542
8337 2542
8338 2542
8339 2542
8340 2542
8341 2542
8342 3249
8343 2546
8344 3250
8345 2548
8346 2550
8347 2577
8348 2953
8349 2927
8350 2551
8351 2552
8352 2552
8353 2552
8354 2552
8355 2552
8356 2552
8357 2552
8358 2552
8359 2980
8360 2552
8361 3074
8362 2552
8363 2552
8364 2552
8365 2552
8366 2552
8367 2552
8368 2552
8369 2552
8370 2552
8371 3262
8372 2800
8373 2554
8374 2559
8375 2561
8376 2562
8377 2562
8378 2564
8379 2565
8380 2566
8381 2567
8382 3081
8383 2569
8384 2571
8385 2573
8386 2574
8387 2574
8388 2574
8389 2575
8390 2575
8391 2576
8392 2576
8393 2578
8394 2578
8395 2579
8396 2579
8397 2579
8398 2579
8399 2579
8400 2579
8401 2583
8402 2583
8403 2584
8404 2857
8405 2584
8406 2696
8407 2584
8408 2589
8409 2590
8410 2590
8411 2590
8412 3078
8413 2591
8414 2592
8415 2593
8416 2594
8417 2612
8418 2595
8419 2595
8420 2596
8421 2778
8422 2596
8423 2597
8424 2598
8425 2599
8426 2599
8427 2599
8428 2599
8429 2599
8430 2599
8431 2599
8432 3303
8433 2599
8434 2600
8435 2601
8436 2930
8437 2601
8438 2601
8439 2921
8440 2601
8441 2601
8442 2603
8443 3295
8444 2606
8445 2737
8446 2608
8447 2608
8448 2611
8449 2611
8450 2613
8451 3070
8452 2698
8453 2613
8454 3203
8455 2614
8456 2886
8457 2614
8458 2614
8459 2615
8460 2725
8461 2617
8462 2619
8463 2786
8464 2625
8465 2626
8466 2626
8467 2629
8468 2629
8469 2629
8470 2674
8471 2629
8472 2629
8473 2630
8474 2630
8475 2630
8476 2630
8477 2630
8478 2630
8479 2630
8480 2630
8481 2630
8482 2630
8483 2630
8484 2630
8485 3352
8486 2630
8487 2630
8488 3368
8489 2631
8490 2722
8491 2631
8492 2631
8493 2631
8494 2631
8495 2899
8496 2631
8497 3271
8498 2632
8499 2636
8500 2636
8501 2636
8502 2636
8503 2636
8504 2636
8505 2636
8506 2636
8507 2636
8508 2636
8509 2636
8510 2638
8511 2638
8512 3079
8513 2641
8514 2641
8515 2641
8516 2642
8517 2642
8518 2643
8519 2644
8520 2891
8521 2685
8522 2645
8523 2648
8524 2651
8525 2655
8526 2658
8527 2660
8528 2663
8529 2663
8530 2665
8531 2665
8532 2665
8533 2665
8534 2669
8535 2669
8536 2669
8537 2669
8538 2669
8539 2671
8540 2671
8541 2671
8542 2671
8543 2671
8544 2671
8545 2671
8546 2671
8547 2671
8548 2671
8549 3253
8550 2671
8551 2671
8552 2671
8553 2671
8554 2671
8555 2671
8556 2671
8557 2671
8558 2672
8559 2672
8560 2672
8561 2672
8562 2672
8563 2672
8564 2672
8565 2672
8566 2672
8567 2674
8568 2674
8569 2676
8570 2678
8571 2678
8572 2678
8573 2678
8574 2681
8575 2683
8576 2684
8577 2684
8578 2685
8579 2729
8580 2688
8581 2689
8582 2691
8583 2694
8584 3278
8585 2694
8586 2694
8587 2694
8588 3322
8589 2694
8590 2695
8591 2695
8592 2696
8593 2697
8594 2701
8595 2701
8596 2701
8597 2707
8598 2707
8599 2707
8600 2707
8601 2976
8602 2710
8603 2710
8604 2712
8605 2712
8606 2712
8607 2712
8608 2712
8609 2712
8610 2712
8611 2713
8612 2817
8613 2713
8614 2713
8615 2715
8616 2722
8617 2723
8618 2723
8619 2723
8620 2723
8621 3272
8622 2726
8623 2728
8624 2729
8625 2729
8626 2729
8627 3160
8628 2732
8629 2733
8630 2733
8631 2733
8632 2733
8633 2733
8634 2733
8635 2733
8636 2733
8637 2761
8638 2745
8639 2745
8640 2745
8641 2745
8642 2745
8643 2745
8644 2745
8645 2745
8646 2745
8647 2745
8648 2745
8649 2745
8650 2745
8651 2745
8652 2745
8653 2745
8654 2745
8655 2745
8656 2745
8657 2746
8658 2746
8659 2747
8660 2747
8661 2747
8662 2747
8663 2747
8664 3306
8665 2747
8666 2747
8667 2747
8668 2747
8669 2747
8670 2747
8671 2747
8672 2747
8673 2747
8674 2747
8675 2747
8676 2747
8677 2747
8678 2862
8679 2748
8680 2749
8681 2750
8682 2753
8683 3221
8684 2753
8685 2753
8686 3020
8687 2753
8688 3379
8689 2755
8690 3247
8691 2755
8692 2755
8693 2755
8694 2755
8695 2756
8696 2756
8697 2758
8698 2760
8699 2760
8700 2760
8701 2760
8702 2760
8703 2760
8704 2760
8705 3004
8706 2763
8707 2763
8708 2763
8709 2763
8710 2764
8711 2764
8712 3308
8713 2764
8714 2764
8715 2764
8716 2764
8717 2764
8718 2764
8719 2764
8720 2764
8721 2764
8722 2764
8723 2764
8724 3003
8725 2764
8726 2764
8727 2764
8728 2764
8729 2764
8730 2996
8731 2764
8732 2764
8733 2764
8734 2764
8735 2764
8736 2764
8737 2764
8738 2764
8739 2764
8740 2764
8741 3274
8742 2764
8743 3188
8744 2764
8745 2764
8746 2764
8747 2764
8748 2764
8749 2764
8750 2764
8751 2764
8752 2764
8753 2764
8754 2764
8755 2764
8756 2764
8757 2764
8758 2764
8759 3064
8760 2764
8761 2764
8762 3236
8763 2764
8764 2764
8765 2764
8766 2764
8767 2764
8768 2764
8769 2764
8770 2764
8771 2802
8772 2768
8773 3104
8774 2773
8775 2775
8776 2775
8777 2775
8778 2775
8779 2775
8780 2775
8781 3289
8782 2775
8783 3281
8784 3202
8785 2778
8786 2779
8787 2780
8788 2780
8789 2780
8790 2780
8791 2788
8792 2788
8793 2788
8794 2788
8795 2788
8796 2788
8797 2788
8798 2788
8799 2788
8800 2789
8801 2789
8802 2793
8803 2793
8804 2795
8805 2797
8806 2797
8807 2798
8808 2798
8809 2798
8810 2798
8811 2798
8812 2798
8813 2798
8814 2798
8815 2798
8816 2798
8817 2798
8818 2800
8819 2800
8820 2803
8821 2803
8822 2803
8823 2803
8824 2804
8825 2804
8826 2804
8827 2804
8828 2804
8829 2804
8830 2804
8831 2804
8832 2804
8833 2804
8834 2804
8835 2804
8836 3173
8837 2804
8838 2805
8839 2805
8840 2805
8841 2806
8842 2806
8843 2807
8844 2824
8845 2809
8846 2811
8847 2812
8848 2812
8849 2812
8850 2812
8851 3091
8852 2812
8853 2812
8854 2812
8855 2814
8856 2814
8857 2818
8858 2818
8859 2818
8860 2818
8861 2818
8862 2822
8863 2823
8864 3152
8865 2825
8866 2825
8867 2825
8868 2825
8869 2825
8870 2825
8871 2828
8872 2831
8873 2837
8874 2838
8875 2838
8876 2839
8877 2839
8878 2839
8879 2839
8880 2839
8881 2839
8882 2839
8883 2839
8884 2839
8885 2839
8886 2839
8887 2839
8888 2839
8889 2839
8890 2839
8891 2839
8892 2839
8893 2839
8894 2839
8895 2839
8896 2841
8897 2841
8898 2841
8899 2911
8900 2841
8901 2841
8902 2841
8903 2841
8904 3384
8905 2841
8906 2841
8907 2841
8908 2846
8909 2847
8910 2847
8911 2850
8912 2850
8913 2850
8914 2853
8915 2853
8916 2853
8917 2854
8918 2854
8919 2855
8920 2855
8921 2855
8922 3283
8923 2856
8924 3292
8925 3165
8926 2856
8927 2856
8928 2858
8929 2858
8930 2859
8931 2859
8932 2860
8933 2861
8934 2861
8935 2867
8936 2870
8937 2870
8938 2870
8939 2871
8940 2872
8941 2872
8942 2872
8943 2872
8944 2873
8945 2875
8946 2875
8947 2875
8948 2875
8949 2875
8950 2875
8951 2875
8952 2875
8953 2906
8954 2875
8955 2875
8956 2875
8957 2875
8958 2875
8959 2875
8960 2875
8961 2875
8962 2875
8963 2875
8964 2875
8965 2875
8966 2875
8967 2875
8968 2955
8969 2875
8970 2876
8971 2877
8972 2877
8973 2877
8974 2877
8975 3304
8976 2877
8977 3161
8978 2879
8979 2881
8980 2881
8981 3204
8982 2882
8983 2882
8984 2882
8985 2882
8986 2882
8987 2882
8988 2883
8989 2883
8990 2884
8991 2884
8992 2884
8993 2885
8994 2886
8995 2887
8996 3106
8997 2893
8998 2894
8999 2894
9000 2894
9001 2895
9002 2895
9003 2895
9004 2895
9005 2895
9006 2895
9007 2895
9008 2895
9009 2895
9010 2895
9011 2895
9012 2895
9013 2895
9014 3141
9015 2938
9016 2895
9017 2898
9018 2898
9019 2899
9020 2899
9021 2900
9022 2901
9023 2901
9024 2902
9025 2902
9026 2902
9027 2903
9028 2903
9029 2903
9030 2903
9031 3286
9032 2904
9033 2904
9034 2906
9035 2906
9036 2906
9037 2907
9038 2990
9039 2908
9040 2908
9041 2908
9042 2914
9043 2918
9044 2918
9045 2919
9046 2920
9047 2924
9048 2924
9049 2924
9050 2924
9051 2924
9052 2927
9053 2928
9054 2929
9055 2930
9056 2930
9057 2930
9058 2930
9059 2930
9060 2930
9061 2930
9062 2930
9063 2930
9064 2930
9065 2930
9066 2930
9067 2930
9068 2930
9069 2930
9070 2931
9071 2931
9072 2931
9073 3365
9074 2931
9075 2931
9076 2931
9077 2932
9078 2933
9079 2933
9080 2933
9081 2933
9082 2934
9083 2934
9084 2934
9085 3333
9086 2934
9087 2935
9088 2936
9089 2936
9090 2936
9091 2936
9092 2936
9093 2936
9094 3072
9095 2936
9096 3182
9097 2936
9098 2936
9099 3127
9100 2936
9101 2936
9102 2936
9103 2936
9104 2936
9105 3039
9106 2936
9107 2936
9108 2936
9109 2936
9110 2936
9111 2936
9112 2992
9113 2936
9114 2936
9115 2936
9116 2936
9117 2936
9118 2936
9119 2936
9120 2936
9121 2936
9122 2936
9123 3041
9124 2936
9125 2936
9126 2936
9127 2936
9128 2936
9129 2936
9130 2936
9131 3328
9132 2936
9133 2936
9134 2936
9135 2936
9136 2939
9137 3016
9138 2939
9139 2939
9140 2939
9141 2939
9142 2939
9143 2939
9144 2939
9145 2939
9146 2939
9147 2939
9148 2939
9149 2939
9150 2940
9151 2940
9152 2941
9153 2941
9154 2941
9155 2941
9156 2941
9157 2941
9158 2941
9159 2941
9160 2941
9161 2941
9162 2941
9163 2941
9164 2941
9165 2941
9166 2941
9167 2941
9168 2941
9169 2941
9170 2941
9171 2941
9172 2942
9173 2942
9174 2942
9175 3198
9176 2942
9177 2942
9178 2942
9179 2942
9180 3102
9181 2943
9182 2949
9183 2950
9184 2955
9185 3195
9186 2955
9187 2957
9188 2957
9189 2957
9190 2957
9191 2958
9192 2959
9193 2959
9194 2965
9195 2965
9196 2971
9197 2972
9198 2972
9199 2973
9200 2973
9201 2975
9202 2975
9203 2975
9204 2975
9205 2975
9206 2975
9207 2977
9208 2977
9209 2977
9210 2977
9211 2977
9212 2979
9213 2981
9214 2982
9215 2982
9216 2982
9217 2982
9218 2982
9219 2982
9220 2982
9221 2982
9222 2982
9223 2982
9224 2982
9225 2983
9226 2985
9227 2985
9228 2985
9229 2985
9230 2985
9231 2985
9232 2985
9233 2988
9234 2988
9235 2991
9236 2991
9237 2992
9238 2993
9239 2996
9240 2999
9241 2999
9242 2999
9243 2999
9244 2999
9245 3381
9246 2999
9247 2999
9248 2999
9249 3000
9250 3001
9251 3001
9252 3001
9253 3001
9254 3001
9255 3001
9256 3001
9257 3001
9258 3001
9259 3002
9260 3005
9261 3005
9262 3005
9263 3005
9264 3005
9265 3005
9266 3005
9267 3005
9268 3005
9269 3005
9270 3005
9271 3005
9272 3005
9273 3005
9274 3005
9275 3005
9276 3005
9277 3005
9278 3006
9279 3008
9280 3009
9281 3014
9282 3018
9283 3018
9284 3018
9285 3018
9286 3018
9287 3018
9288 3018
9289 3018
9290 3018
9291 3018
9292 3018
9293 3019
9294 3019
9295 3019
9296 3019
9297 3164
9298 3020
9299 3021
9300 3021
9301 3021
9302 3021
9303 3022
9304 3022
9305 3022
9306 3022
9307 3022
9308 3027
9309 3027
9310 3027
9311 3027
9312 3027
9313 3027
9314 3027
9315 3027
9316 3027
9317 3027
9318 3027
9319 3027
9320 3027
9321 3027
9322 3027
9323 3027
9324 3027
9325 3027
9326 3027
9327 3027
9328 3027
9329 3027
9330 3027
9331 3027
9332 3027
9333 3031
9334 3031
9335 3031
9336 3031
9337 3031
9338 3031
9339 3031
9340 3031
9341 3031
9342 3031
9343 3031
9344 3031
9345 3032
9346 3032
9347 3033
9348 3033
9349 3033
9350 3033
9351 3033
9352 3036
9353 3036
9354 3037
9355 3039
9356 3039
9357 3039
9358 3039
9359 3040
9360 3041
9361 3042
9362 3042
9363 3042
9364 3042
9365 3042
9366 3042
9367 3046
9368 3047
9369 3047
9370 3047
9371 3047
9372 3047
9373 3047
9374 3047
9375 3047
9376 3047
9377 3189
9378 3047
9379 3047
9380 3047
9381 3047
9382 3047
9383 3047
9384 3047
9385 3068
9386 3050
9387 3051
9388 3053
9389 3053
9390 3053
9391 3053
9392 3054
9393 3054
9394 3054
9395 3054
9396 3057
9397 3057
9398 3057
9399 3057
9400 3059
9401 3059
9402 3059
9403 3059
9404 3059
9405 3059
9406 3059
9407 3059
9408 3062
9409 3063
9410 3064
9411 3064
9412 3064
9413 3237
9414 3069
9415 3070
9416 3071
9417 3071
9418 3072
9419 3072
9420 3073
9421 3073
9422 3073
9423 3092
9424 3075
9425 3077
9426 3077
9427 3077
9428 3078
9429 3078
9430 3081
9431 3081
9432 3081
9433 3081
9434 3081
9435 3081
9436 3081
9437 3081
9438 3082
9439 3082
9440 3082
9441 3239
9442 3085
9443 3086
9444 3088
9445 3090
9446 3090
9447 3092
9448 3092
9449 3094
9450 3094
9451 3094
9452 3094
9453 3094
9454 3094
9455 3094
9456 3094
9457 3094
9458 3094
9459 3094
9460 3094
9461 3094
9462 3098
9463 3098
9464 3098
9465 3098
9466 3098
9467 3098
9468 3098
9469 3098
9470 3098
9471 3098
9472 3098
9473 3098
9474 3098
9475 3098
9476 3098
9477 3099
9478 3099
9479 3099
9480 3099
9481 3099
9482 3099
9483 3099
9484 3099
9485 3099
9486 3099
9487 3099
9488 3099
9489 3099
9490 3099
9491 3099
9492 3099
9493 3099
9494 3099
9495 3099
9496 3099
9497 3099
9498 3099
9499 3099
9500 3101
9501 3101
9502 3103
9503 3103
9504 3104
9505 3105
9506 3105
9507 3105
9508 3105
9509 3105
9510 3105
9511 3105
9512 3105
9513 3162
9514 3105
9515 3149
9516 3105
9517 3108
9518 3110
9519 3110
9520 3110
9521 3111
9522 3111
9523 3111
9524 3185
9525 3113
9526 3113
9527 3151
9528 3113
9529 3113
9530 3116
9531 3116
9532 3118
9533 3118
9534 3119
9535 3120
9536 3120
9537 3121
9538 3121
9539 3121
9540 3121
9541 3125
9542 3127
9543 3129
9544 3338
9545 3131
9546 3135
9547 3136
9548 3140
9549 3140
9550 3140
9551 3141
9552 3142
9553 3142
9554 3142
9555 3142
9556 3287
9557 3145
9558 3145
9559 3150
9560 3152
9561 3152
9562 3153
9563 3153
9564 3154
9565 3154
9566 3154
9567 3154
9568 3156
9569 3156
9570 3157
9571 3158
9572 3160
9573 3160
9574 3161
9575 3161
9576 3161
9577 3162
9578 3383
9579 3162
9580 3165
9581 3165
9582 3347
9583 3167
9584 3168
9585 3174
9586 3174
9587 3174
9588 3174
9589 3174
9590 3174
9591 3174
9592 3174
9593 3176
9594 3177
9595 3177
9596 3181
9597 3182
9598 3182
9599 3182
9600 3183
9601 3187
9602 3187
9603 3187
9604 3187
9605 3189
9606 3194
9607 3194
9608 3194
9609 3194
9610 3194
9611 3362
9612 3194
9613 3194
9614 3194
9615 3195
9616 3196
9617 3196
9618 3199
9619 3199
9620 3202
9621 3202
9622 3202
9623 3202
9624 3203
9625 3204
9626 3205
9627 3205
9628 3206
9629 3206
9630 3223
9631 3210
9632 3284
9633 3211
9634 3228
9635 3211
9636 3211
9637 3211
9638 3211
9639 3214
9640 3215
9641 3216
9642 3218
9643 3218
9644 3219
9645 3221
9646 3227
9647 3227
9648 3227
9649 3227
9650 3227
9651 3370
9652 3228
9653 3229
9654 3229
9655 3230
9656 3234
9657 3234
9658 3235
9659 3305
9660 3235
9661 3235
9662 3235
9663 3239
9664 3239
9665 3239
9666 3239
9667 3239
9668 3239
9669 3241
9670 3241
9671 3241
9672 3242
9673 3242
9674 3242
9675 3244
9676 3244
9677 3246
9678 3248
9679 3248
9680 3249
9681 3251
9682 3251
9683 3251
9684 3251
9685 3251
9686 3251
9687 3251
9688 3251
9689 3251
9690 3300
9691 3251
9692 3251
9693 3251
9694 3251
9695 3251
9696 3251
9697 3251
9698 3251
9699 3251
9700 3253
9701 3253
9702 3253
9703 3253
9704 3253
9705 3253
9706 3254
9707 3258
9708 3258
9709 3258
9710 3262
9711 3262
9712 3262
9713 3262
9714 3262
9715 3262
9716 3262
9717 3262
9718 3262
9719 3312
9720 3271
9721 3272
9722 3273
9723 3273
9724 3273
9725 3274
9726 3275
9727 3275
9728 3277
9729 3277
9730 3279
9731 3280
9732 3280
9733 3282
9734 3283
9735 3283
9736 3285
9737 3288
9738 3289
9739 3289
9740 3290
9741 3290
9742 3290
9743 3291
9744 3293
9745 3293
9746 3293
9747 3293
9748 3293
9749 3293
9750 3293
9751 3293
9752 3294
9753 3295
9754 3296
9755 3303
9756 3303
9757 3305
9758 3305
9759 3305
9760 3308
9761 3309
9762 3310
9763 3310
9764 3311
9765 3312
9766 3314
9767 3315
9768 3316
9769 3316
9770 3320
9771 3320
9772 3320
9773 3321
9774 3321
9775 3321
9776 3321
9777 3325
9778 3325
9779 3325
9780 3325
9781 3325
9782 3326
9783 3326
9784 3326
9785 3326
9786 3326
9787 3326
9788 3326
9789 3326
9790 3326
9791 3326
9792 3327
9793 3327
9794 3327
9795 3327
9796 3328
9797 3328
9798 3328
9799 3328
9800 3328
9801 3328
9802 3329
9803 3329
9804 3329
9805 3331
9806 3331
9807 3331
9808 3332
9809 3332
9810 3332
9811 3333
9812 3333
9813 3334
9814 3336
9815 3336
9816 3339
9817 3340
9818 3341
9819 3342
9820 3342
9821 3342
9822 3344
9823 3346
9824 3348
9825 3348
9826 3349
9827 3349
9828 3349
9829 3349
9830 3351
9831 3351
9832 3355
9833 3355
9834 3355
9835 3355
9836 3356
9837 3357
9838 3357
9839 3358
9840 3358
9841 3358
9842 3358
9843 3361
9844 3361
9845 3364
9846 3366
9847 3366
9848 3369
9849 3369
9850 3369
9851 3371
9852 3371
9853 3371
9854 3372
9855 3373
9856 3374
9857 3374
9858 3374
9859 3374
9860 3374
9861 3374
9862 3374
9863 3374
9864 3374
9865 3374
9866 3374
9867 3374
9868 3374
9869 3374
9870 3374
9871 3374
9872 3374
9873 3374
9874 3374
9875 3374
9876 3374
9877 3374
9878 3374
9879 3374
9880 3374
9881 3374
9882 3374
9883 3374
9884 3374
9885 3374
9886 3374
9887 3374
9888 3374
9889 3374
9890 3374
9891 3374
9892 3374
9893 3374
9894 3374
9895 3374
9896 3374
9897 3374
9898 3374
9899 3374
9900 3374
9901 3374
9902 3374
9903 3374
9904 3374
9905 3374
9906 3374
9907 3374
9908 3374
9909 3374
9910 3374
9911 3374
9912 3374
9913 3374
9914 3374
9915 3374
9916 3374
9917 3374
9918 3374
9919 3374
9920 3374
9921 3374
9922 3374
9923 3374
9924 3374
9925 3374
9926 3374
9927 3374
9928 3374
9929 3374
9930 3374
9931 3374
9932 3374
9933 3374
9934 3374
9935 3374
9936 3374
9937 3374
9938 3374
9939 3374
9940 3374
9941 3374
9942 3374
9943 3374
9944 3374
9945 3374
9946 3374
9947 3374
9948 3374
9949 3374
9950 3374
9951 3374
9952 3374
9953 3374
9954 3374
9955 3374
9956 3374
9957 3374
9958 3374
9959 3374
9960 3374
9961 3377
9962 3377
9963 3377
9964 3377
9965 3379
9966 3379
9967 3379
9968 3379
9969 3379
9970 3379
9971 3379
9972 3381
9973 3381
9974 3381
9975 3381
9976 3383
9977 3384
9978 3385
9979 3387
9980 3387
9981 3387
9982 3387
9983 3387
9984 3389
9985 3389
9986 3389
9987 3389
9988 3390
9989 3390
9990 3390
9991 3392
9992 3392
9993 3392
9994 3392
9995 3392
9996 3392
9997 3395
9998 3395
9999 3395
