10000 9999
1 0
2 0
3 2
4 2
5 3
6 5
7 4
8 5
9 2
10 0
11 9
12 6
13 1
14 11
15 2
16 14
17 5
18 17
19 4
20 5
21 18
22 5
23 5
24 22
25 22
26 22
27 21
28 23
29 18
30 17
31 27
32 22
33 18
34 33
35 5
36 17
37 22
38 8
39 14
40 33
41 21
42 33
43 37
44 36
45 28
46 34
47 12
48 22
49 38
50 19
51 40
52 17
53 22
54 47
55 34
56 35
57 43
58 55
59 12
60 18
61 22
62 23
63 5
64 54
65 32
66 59
67 64
68 22
69 33
70 22
71 22
72 67
73 70
74 26
75 73
76 36
77 22
78 20
79 78
80 45
81 2
82 62
83 34
84 33
85 61
86 22
87 78
88 22
89 60
90 10
91 59
92 22
93 78
94 64
95 85
96 77
97 77
98 41
99 90
100 16
101 65
102 56
103 78
104 101
105 23
106 101
107 75
108 107
109 99
110 95
111 84
112 27
113 107
114 112
115 34
116 110
117 91
118 87
119 91
120 74
121 78
122 115
123 102
124 89
125 84
126 116
127 126
128 97
129 118
130 111
131 120
132 102
133 85
134 33
135 89
136 22
137 101
138 15
139 82
140 122
141 66
142 34
143 76
144 60
145 96
146 134
147 14
148 21
149 74
150 57
151 85
152 85
153 101
154 99
155 138
156 104
157 148
158 157
159 147
160 157
161 115
162 157
163 157
164 85
165 145
166 159
167 101
168 145
169 68
170 115
171 70
172 157
173 110
174 22
175 30
176 157
177 33
178 78
179 110
180 157
181 118
182 157
183 145
184 25
185 157
186 157
187 91
188 110
189 108
190 138
191 117
192 161
193 66
194 157
195 115
196 186
197 108
198 37
199 178
200 151
201 48
202 173
203 84
204 87
205 132
206 157
207 157
208 157
209 110
210 188
211 138
212 92
213 207
214 157
215 157
216 78
217 80
218 207
219 176
220 111
221 218
222 115
223 138
224 207
225 207
226 129
227 157
228 111
229 195
230 157
231 217
232 222
233 207
234 110
235 85
236 161
237 91
238 207
239 107
240 78
241 123
242 186
243 213
244 157
245 101
246 215
247 208
248 228
249 208
250 207
251 203
252 112
253 157
254 22
255 222
256 22
257 186
258 222
259 157
260 256
261 102
262 207
263 55
264 259
265 83
266 207
267 152
268 252
269 81
270 157
271 157
272 199
273 259
274 169
275 79
276 259
277 221
278 259
279 157
280 190
281 167
282 157
283 230
284 255
285 207
286 157
287 138
288 273
289 38
290 14
291 210
292 236
293 259
294 168
295 285
296 170
297 111
298 157
299 134
300 129
301 157
302 207
303 207
304 222
305 231
306 216
307 217
308 255
309 157
310 264
311 207
312 286
313 30
314 244
315 157
316 216
317 110
318 157
319 80
320 259
321 259
322 241
323 259
324 157
325 197
326 22
327 154
328 323
329 1
330 234
331 157
332 278
333 69
334 157
335 205
336 317
337 302
338 247
339 134
340 222
341 290
342 59
343 336
344 150
345 314
346 157
347 223
348 164
349 207
350 273
351 294
352 150
353 328
354 145
355 207
356 207
357 272
358 216
359 48
360 64
361 53
362 233
363 207
364 207
365 110
366 332
367 53
368 331
369 358
370 201
371 339
372 240
373 22
374 241
375 138
376 255
377 179
378 329
379 157
380 207
381 224
382 22
383 5
384 375
385 384
386 108
387 143
388 78
389 385
390 193
391 157
392 42
393 302
394 207
395 99
396 216
397 273
398 196
399 22
400 375
401 352
402 157
403 134
404 103
405 284
406 13
407 231
408 124
409 42
410 387
411 222
412 247
413 297
414 207
415 386
416 404
417 222
418 128
419 375
420 167
421 242
422 152
423 360
424 364
425 187
426 229
427 110
428 216
429 351
430 350
431 50
432 51
433 207
434 38
435 101
436 346
437 264
438 353
439 157
440 157
441 157
442 320
443 259
444 231
445 385
446 384
447 207
448 422
449 346
450 422
451 356
452 161
453 242
454 420
455 199
456 207
457 207
458 121
459 157
460 93
461 395
462 207
463 419
464 107
465 157
466 241
467 157
468 148
469 207
470 94
471 117
472 157
473 190
474 237
475 334
476 122
477 207
478 362
479 157
480 419
481 239
482 202
483 438
484 286
485 252
486 343
487 284
488 231
489 371
490 22
491 332
492 95
493 157
494 389
495 273
496 157
497 7
498 140
499 259
500 264
501 407
502 498
503 429
504 358
505 424
506 286
507 197
508 74
509 157
510 444
511 289
512 247
513 157
514 382
515 241
516 368
517 248
518 172
519 491
520 99
521 472
522 138
523 395
524 361
525 439
526 455
527 207
528 398
529 339
530 317
531 435
532 190
533 222
534 325
535 59
536 429
537 391
538 216
539 429
540 364
541 216
542 419
543 419
544 426
545 194
546 477
547 256
548 23
549 257
550 505
551 402
552 66
553 430
554 190
555 384
556 259
557 205
558 519
559 157
560 467
561 129
562 101
563 157
564 477
565 157
566 259
567 231
568 358
569 116
570 474
571 196
572 407
573 525
574 152
575 207
576 334
577 157
578 157
579 157
580 110
581 186
582 207
583 541
584 568
585 358
586 242
587 509
588 197
589 173
590 325
591 227
592 78
593 407
594 216
595 505
596 364
597 339
598 176
599 134
600 203
601 402
602 344
603 499
604 207
605 550
606 498
607 241
608 22
609 579
610 226
611 505
612 498
613 281
614 157
615 255
616 152
617 325
618 241
619 299
620 585
621 301
622 207
623 313
624 277
625 101
626 477
627 498
628 133
629 472
630 259
631 127
632 428
633 568
634 246
635 575
636 631
637 22
638 587
639 533
640 418
641 506
642 314
643 151
644 222
645 556
646 605
647 410
648 341
649 419
650 475
651 285
652 505
653 207
654 571
655 363
656 585
657 49
658 270
659 359
660 240
661 259
662 573
663 296
664 465
665 156
666 212
667 270
668 520
669 385
670 282
671 245
672 433
673 576
674 222
675 72
676 217
677 141
678 259
679 157
680 333
681 402
682 608
683 273
684 259
685 621
686 312
687 371
688 346
689 648
690 467
691 621
692 671
693 539
694 531
695 673
696 478
697 222
698 477
699 259
700 99
701 270
702 449
703 555
704 138
705 138
706 461
707 484
708 112
709 182
710 353
711 592
712 688
713 658
714 157
715 52
716 157
717 653
718 476
719 302
720 645
721 452
722 580
723 227
724 197
725 658
726 341
727 498
728 88
729 380
730 441
731 325
732 225
733 441
734 653
735 505
736 258
737 138
738 157
739 254
740 498
741 483
742 376
743 710
744 477
745 157
746 498
747 608
748 232
749 546
750 407
751 646
752 253
753 433
754 498
755 259
756 648
757 399
758 382
759 477
760 482
761 382
762 157
763 157
764 255
765 672
766 157
767 498
768 157
769 311
770 504
771 197
772 515
773 720
774 498
775 685
776 498
777 719
778 598
779 741
780 138
781 222
782 259
783 646
784 353
785 280
786 215
787 307
788 222
789 157
790 242
791 216
792 89
793 617
794 514
795 453
796 214
797 670
798 758
799 138
800 472
801 539
802 505
803 445
804 569
805 593
806 19
807 398
808 504
809 505
810 605
811 392
812 806
813 106
814 101
815 639
816 222
817 698
818 135
819 157
820 556
821 460
822 321
823 211
824 423
825 382
826 753
827 763
828 554
829 343
830 381
831 631
832 498
833 662
834 473
835 745
836 256
837 207
838 175
839 286
840 764
841 339
842 707
843 477
844 255
845 631
846 710
847 605
848 277
849 341
850 796
851 755
852 157
853 207
854 207
855 431
856 419
857 802
858 688
859 352
860 241
861 393
862 22
863 477
864 186
865 796
866 505
867 477
868 383
869 719
870 354
871 407
872 770
873 152
874 498
875 259
876 873
877 818
878 585
879 288
880 620
881 736
882 763
883 452
884 425
885 648
886 157
887 735
888 792
889 423
890 862
891 890
892 583
893 149
894 802
895 631
896 101
897 887
898 216
899 439
900 255
901 808
902 498
903 753
904 763
905 259
906 689
907 512
908 787
909 69
910 385
911 724
912 721
913 308
914 831
915 687
916 719
917 565
918 720
919 330
920 828
921 484
922 519
923 303
924 219
925 585
926 419
927 207
928 583
929 171
930 753
931 308
932 292
933 718
934 22
935 165
936 628
937 437
938 732
939 747
940 787
941 884
942 621
943 509
944 343
945 138
946 246
947 669
948 837
949 433
950 583
951 658
952 778
953 674
954 498
955 888
956 888
957 396
958 807
959 865
960 873
961 221
962 242
963 728
964 563
965 510
966 434
967 519
968 519
969 915
970 954
971 171
972 904
973 550
974 583
975 157
976 702
977 935
978 433
979 789
980 634
981 758
982 235
983 927
984 101
985 25
986 977
987 569
988 548
989 326
990 498
991 961
992 719
993 397
994 498
995 398
996 481
997 353
998 977
999 585
1000 555
1001 553
1002 900
1003 766
1004 429
1005 608
1006 801
1007 371
1008 107
1009 207
1010 237
1011 546
1012 181
1013 499
1014 843
1015 483
1016 583
1017 520
1018 48
1019 222
1020 812
1021 29
1022 1000
1023 520
1024 259
1025 757
1026 540
1027 157
1028 788
1029 946
1030 734
1031 512
1032 505
1033 753
1034 207
1035 498
1036 652
1037 541
1038 633
1039 477
1040 631
1041 767
1042 505
1043 1025
1044 968
1045 215
1046 532
1047 286
1048 407
1049 287
1050 773
1051 481
1052 472
1053 398
1054 973
1055 631
1056 297
1057 115
1058 633
1059 186
1060 648
1061 155
1062 157
1063 511
1064 690
1065 558
1066 583
1067 874
1068 379
1069 498
1070 953
1071 118
1072 22
1073 414
1074 1002
1075 879
1076 452
1077 348
1078 560
1079 583
1080 384
1081 880
1082 842
1083 637
1084 157
1085 983
1086 905
1087 190
1088 190
1089 624
1090 351
1091 550
1092 190
1093 433
1094 758
1095 983
1096 650
1097 585
1098 157
1099 537
1100 641
1101 634
1102 633
1103 284
1104 633
1105 566
1106 157
1107 541
1108 157
1109 633
1110 861
1111 222
1112 1018
1113 145
1114 358
1115 207
1116 646
1117 700
1118 744
1119 522
1120 178
1121 505
1122 313
1123 1118
1124 667
1125 799
1126 629
1127 585
1128 314
1129 267
1130 929
1131 893
1132 1098
1133 960
1134 256
1135 648
1136 173
1137 273
1138 1065
1139 843
1140 627
1141 331
1142 1098
1143 429
1144 375
1145 695
1146 1078
1147 304
1148 681
1149 962
1150 1045
1151 1034
1152 625
1153 286
1154 658
1155 1133
1156 659
1157 56
1158 834
1159 314
1160 472
1161 643
1162 592
1163 569
1164 536
1165 1122
1166 241
1167 1153
1168 157
1169 874
1170 207
1171 999
1172 129
1173 385
1174 498
1175 744
1176 498
1177 919
1178 631
1179 758
1180 453
1181 585
1182 138
1183 312
1184 1060
1185 605
1186 508
1187 945
1188 796
1189 498
1190 572
1191 843
1192 1191
1193 1185
1194 658
1195 864
1196 222
1197 222
1198 1110
1199 937
1200 999
1201 609
1202 922
1203 284
1204 665
1205 907
1206 630
1207 207
1208 341
1209 1067
1210 800
1211 1072
1212 122
1213 704
1214 843
1215 469
1216 220
1217 569
1218 796
1219 955
1220 207
1221 339
1222 872
1223 966
1224 1129
1225 1033
1226 750
1227 743
1228 170
1229 954
1230 884
1231 231
1232 1156
1233 498
1234 744
1235 1009
1236 834
1237 479
1238 761
1239 384
1240 1098
1241 827
1242 1170
1243 207
1244 625
1245 598
1246 199
1247 921
1248 694
1249 561
1250 631
1251 1225
1252 1144
1253 1109
1254 343
1255 111
1256 656
1257 583
1258 658
1259 753
1260 241
1261 1086
1262 1221
1263 977
1264 1147
1265 845
1266 728
1267 983
1268 999
1269 632
1270 651
1271 135
1272 1217
1273 1062
1274 769
1275 265
1276 1040
1277 1045
1278 631
1279 408
1280 112
1281 413
1282 197
1283 607
1284 240
1285 990
1286 259
1287 1247
1288 579
1289 1084
1290 241
1291 977
1292 1150
1293 661
1294 1264
1295 207
1296 962
1297 1251
1298 621
1299 843
1300 1251
1301 1261
1302 1152
1303 197
1304 635
1305 556
1306 917
1307 222
1308 840
1309 1022
1310 1110
1311 1276
1312 1060
1313 979
1314 1058
1315 103
1316 1162
1317 756
1318 1251
1319 1291
1320 609
1321 633
1322 1147
1323 1016
1324 539
1325 1157
1326 316
1327 179
1328 980
1329 1058
1330 1064
1331 752
1332 319
1333 1209
1334 1187
1335 1259
1336 656
1337 867
1338 1272
1339 897
1340 498
1341 206
1342 371
1343 438
1344 1133
1345 78
1346 633
1347 1004
1348 1147
1349 1172
1350 1030
1351 646
1352 1275
1353 1256
1354 283
1355 746
1356 342
1357 1251
1358 539
1359 528
1360 1210
1361 338
1362 475
1363 255
1364 349
1365 1182
1366 585
1367 454
1368 385
1369 1109
1370 1317
1371 865
1372 1256
1373 537
1374 1186
1375 551
1376 1317
1377 1289
1378 1306
1379 646
1380 677
1381 286
1382 547
1383 621
1384 631
1385 989
1386 1300
1387 467
1388 648
1389 1076
1390 1179
1391 240
1392 541
1393 1363
1394 880
1395 1266
1396 937
1397 1035
1398 1109
1399 1045
1400 1272
1401 1287
1402 189
1403 451
1404 797
1405 1374
1406 1116
1407 1256
1408 659
1409 1329
1410 951
1411 485
1412 1402
1413 207
1414 345
1415 208
1416 101
1417 1090
1418 1360
1419 1098
1420 628
1421 253
1422 1309
1423 1133
1424 375
1425 1212
1426 1295
1427 1270
1428 1329
1429 744
1430 1287
1431 977
1432 610
1433 853
1434 175
1435 881
1436 1380
1437 406
1438 259
1439 765
1440 498
1441 1332
1442 1238
1443 498
1444 381
1445 977
1446 672
1447 1053
1448 259
1449 646
1450 913
1451 125
1452 290
1453 936
1454 1162
1455 1144
1456 259
1457 495
1458 398
1459 255
1460 1422
1461 1085
1462 1340
1463 1341
1464 728
1465 397
1466 1407
1467 1325
1468 641
1469 284
1470 1189
1471 276
1472 221
1473 197
1474 178
1475 1237
1476 1113
1477 217
1478 1192
1479 879
1480 1385
1481 1439
1482 375
1483 980
1484 1133
1485 973
1486 1145
1487 1374
1488 739
1489 1133
1490 588
1491 110
1492 75
1493 614
1494 569
1495 1225
1496 450
1497 138
1498 464
1499 854
1500 1216
1501 1443
1502 1162
1503 622
1504 539
1505 1394
1506 717
1507 174
1508 481
1509 1482
1510 263
1511 631
1512 1266
1513 1265
1514 1439
1515 157
1516 1270
1517 1109
1518 475
1519 250
1520 1090
1521 1439
1522 1374
1523 1139
1524 1302
1525 1403
1526 1374
1527 1273
1528 170
1529 385
1530 914
1531 1199
1532 833
1533 1230
1534 646
1535 498
1536 242
1537 1374
1538 1422
1539 178
1540 1196
1541 548
1542 441
1543 259
1544 1421
1545 157
1546 631
1547 823
1548 1374
1549 542
1550 1154
1551 151
1552 1334
1553 1162
1554 623
1555 1301
1556 865
1557 420
1558 1317
1559 401
1560 1422
1561 658
1562 1098
1563 231
1564 842
1565 1290
1566 1302
1567 1507
1568 952
1569 1481
1570 758
1571 384
1572 792
1573 1451
1574 1006
1575 633
1576 411
1577 1131
1578 669
1579 1060
1580 207
1581 1317
1582 703
1583 608
1584 1058
1585 1390
1586 934
1587 549
1588 138
1589 1439
1590 1556
1591 851
1592 242
1593 216
1594 1326
1595 790
1596 948
1597 449
1598 1439
1599 1465
1600 161
1601 753
1602 937
1603 1537
1604 1147
1605 1109
1606 318
1607 916
1608 790
1609 1015
1610 907
1611 1545
1612 222
1613 252
1614 1184
1615 358
1616 962
1617 1091
1618 699
1619 1223
1620 157
1621 840
1622 1422
1623 1497
1624 498
1625 32
1626 864
1627 1074
1628 1036
1629 1450
1630 306
1631 498
1632 572
1633 1281
1634 157
1635 446
1636 713
1637 1289
1638 1247
1639 1115
1640 930
1641 930
1642 1145
1643 1058
1644 213
1645 1530
1646 1076
1647 524
1648 30
1649 550
1650 1621
1651 1270
1652 679
1653 1374
1654 1068
1655 433
1656 1483
1657 692
1658 179
1659 1439
1660 1427
1661 1374
1662 433
1663 1596
1664 1374
1665 792
1666 375
1667 1496
1668 1109
1669 631
1670 1488
1671 614
1672 1179
1673 388
1674 828
1675 614
1676 1101
1677 903
1678 1426
1679 259
1680 58
1681 946
1682 377
1683 793
1684 1682
1685 253
1686 1681
1687 1045
1688 274
1689 808
1690 1330
1691 848
1692 1450
1693 1090
1694 1243
1695 1663
1696 621
1697 1293
1698 449
1699 441
1700 843
1701 107
1702 644
1703 327
1704 932
1705 977
1706 1200
1707 1531
1708 1141
1709 467
1710 294
1711 738
1712 1429
1713 792
1714 920
1715 1602
1716 323
1717 1289
1718 157
1719 1374
1720 138
1721 546
1722 387
1723 180
1724 1374
1725 658
1726 207
1727 1203
1728 1681
1729 1145
1730 614
1731 1681
1732 1375
1733 1266
1734 1703
1735 1317
1736 1654
1737 463
1738 1582
1739 217
1740 1310
1741 1644
1742 1617
1743 1338
1744 1380
1745 186
1746 1436
1747 649
1748 826
1749 1119
1750 406
1751 246
1752 1378
1753 1392
1754 1422
1755 983
1756 983
1757 631
1758 708
1759 500
1760 925
1761 743
1762 940
1763 1270
1764 110
1765 868
1766 1523
1767 1742
1768 583
1769 1222
1770 1135
1771 384
1772 1093
1773 1079
1774 112
1775 1733
1776 242
1777 256
1778 582
1779 1119
1780 1046
1781 157
1782 1649
1783 1710
1784 259
1785 668
1786 1554
1787 1669
1788 1146
1789 1531
1790 1418
1791 1218
1792 489
1793 417
1794 203
1795 388
1796 1617
1797 965
1798 1067
1799 779
1800 1286
1801 1105
1802 506
1803 1240
1804 273
1805 1093
1806 1798
1807 753
1808 1222
1809 1681
1810 1393
1811 1698
1812 1630
1813 513
1814 1058
1815 1759
1816 516
1817 631
1818 115
1819 1090
1820 1481
1821 1109
1822 1045
1823 1423
1824 1155
1825 792
1826 1714
1827 759
1828 1750
1829 157
1830 1025
1831 1317
1832 1615
1833 1374
1834 644
1835 1438
1836 631
1837 1374
1838 1755
1839 1119
1840 1317
1841 1379
1842 590
1843 447
1844 1318
1845 1251
1846 1289
1847 873
1848 1789
1849 1768
1850 1764
1851 347
1852 1829
1853 286
1854 1349
1855 1603
1856 148
1857 670
1858 1574
1859 592
1860 1719
1861 1601
1862 1090
1863 1777
1864 259
1865 808
1866 1317
1867 407
1868 746
1869 655
1870 1215
1871 903
1872 555
1873 930
1874 1145
1875 514
1876 1683
1877 433
1878 1515
1879 756
1880 1439
1881 1847
1882 551
1883 819
1884 1223
1885 1331
1886 207
1887 1576
1888 1488
1889 168
1890 1406
1891 1058
1892 646
1893 1472
1894 1085
1895 521
1896 1839
1897 1724
1898 1295
1899 1636
1900 1479
1901 1750
1902 1171
1903 1731
1904 585
1905 1045
1906 1343
1907 1575
1908 1057
1909 1638
1910 1847
1911 810
1912 1452
1913 1331
1914 915
1915 1270
1916 1486
1917 984
1918 1374
1919 1768
1920 1776
1921 1418
1922 550
1923 1558
1924 292
1925 157
1926 585
1927 1240
1928 1585
1929 1675
1930 138
1931 1849
1932 1561
1933 256
1934 1857
1935 1537
1936 201
1937 1487
1938 1133
1939 1715
1940 1139
1941 1701
1942 1865
1943 1920
1944 1936
1945 439
1946 1090
1947 1904
1948 410
1949 1755
1950 1455
1951 220
1952 1765
1953 1844
1954 968
1955 1723
1956 1731
1957 1850
1958 197
1959 1472
1960 1374
1961 1055
1962 415
1963 1881
1964 1829
1965 880
1966 1099
1967 398
1968 702
1969 1829
1970 498
1971 1618
1972 1668
1973 259
1974 34
1975 1641
1976 245
1977 614
1978 1421
1979 1289
1980 1084
1981 174
1982 505
1983 472
1984 1750
1985 1470
1986 979
1987 398
1988 1507
1989 1541
1990 1266
1991 1753
1992 1682
1993 1342
1994 1538
1995 241
1996 1868
1997 1036
1998 1678
1999 1527
2000 747
2001 1768
2002 1326
2003 1400
2004 1240
2005 207
2006 136
2007 1682
2008 1422
2009 941
2010 747
2011 1202
2012 1292
2013 983
2014 1991
2015 1755
2016 1380
2017 1561
2018 1164
2019 1133
2020 246
2021 1422
2022 1597
2023 1755
2024 157
2025 1236
2026 1085
2027 48
2028 1374
2029 1676
2030 375
2031 2030
2032 488
2033 398
2034 371
2035 498
2036 897
2037 886
2038 498
2039 1220
2040 1374
2041 1515
2042 1693
2043 259
2044 1287
2045 1959
2046 498
2047 1552
2048 1386
2049 1859
2050 222
2051 197
2052 1808
2053 614
2054 2013
2055 873
2056 299
2057 505
2058 1827
2059 1763
2060 1723
2061 1109
2062 1473
2063 477
2064 222
2065 615
2066 1314
2067 1993
2068 1223
2069 648
2070 1590
2071 498
2072 1229
2073 1668
2074 1091
2075 621
2076 1251
2077 2044
2078 286
2079 259
2080 842
2081 2052
2082 930
2083 1698
2084 1750
2085 340
2086 419
2087 2061
2088 1106
2089 1631
2090 892
2091 1646
2092 585
2093 157
2094 539
2095 2030
2096 1374
2097 352
2098 1200
2099 658
2100 1831
2101 142
2102 1129
2103 286
2104 907
2105 1133
2106 1144
2107 1051
2108 378
2109 94
2110 1963
2111 441
2112 1308
2113 764
2114 803
2115 1058
2116 1446
2117 1311
2118 1628
2119 1554
2120 1011
2121 1317
2122 2044
2123 1030
2124 1935
2125 1337
2126 1302
2127 1456
2128 477
2129 1849
2130 1427
2131 1709
2132 239
2133 511
2134 2115
2135 2130
2136 1047
2137 1624
2138 1903
2139 682
2140 1755
2141 518
2142 1130
2143 1030
2144 1658
2145 996
2146 1964
2147 273
2148 791
2149 658
2150 1251
2151 1593
2152 763
2153 1251
2154 822
2155 1833
2156 2044
2157 522
2158 1133
2159 255
2160 926
2161 1696
2162 808
2163 1530
2164 996
2165 144
2166 1374
2167 1308
2168 2044
2169 1629
2170 942
2171 1712
2172 1085
2173 355
2174 1537
2175 2044
2176 1768
2177 1864
2178 433
2179 111
2180 1977
2181 1093
2182 2126
2183 1755
2184 1289
2185 78
2186 1172
2187 1744
2188 636
2189 1202
2190 157
2191 1287
2192 1350
2193 722
2194 1450
2195 1689
2196 1798
2197 588
2198 1129
2199 972
2200 1546
2201 278
2202 207
2203 257
2204 2111
2205 1460
2206 2046
2207 1331
2208 1235
2209 785
2210 2030
2211 1931
2212 1123
2213 1990
2214 901
2215 356
2216 1768
2217 1307
2218 1777
2219 1407
2220 1355
2221 1270
2222 1374
2223 1818
2224 1719
2225 2057
2226 2050
2227 2223
2228 876
2229 290
2230 1832
2231 1439
2232 1354
2233 1544
2234 2215
2235 302
2236 498
2237 1037
2238 2151
2239 889
2240 298
2241 712
2242 2236
2243 2030
2244 2236
2245 1359
2246 2191
2247 793
2248 2125
2249 812
2250 1866
2251 2220
2252 498
2253 1133
2254 2044
2255 429
2256 1545
2257 498
2258 2216
2259 1616
2260 1047
2261 1374
2262 1590
2263 648
2264 241
2265 1091
2266 751
2267 1662
2268 346
2269 109
2270 2218
2271 2200
2272 2109
2273 512
2274 2038
2275 884
2276 512
2277 1247
2278 1198
2279 207
2280 1266
2281 1469
2282 1210
2283 2044
2284 2281
2285 1778
2286 1374
2287 1104
2288 711
2289 1700
2290 1344
2291 1587
2292 1887
2293 2044
2294 1045
2295 658
2296 477
2297 1882
2298 1808
2299 2044
2300 964
2301 2203
2302 498
2303 1796
2304 2271
2305 1262
2306 2236
2307 1984
2308 1945
2309 1844
2310 157
2311 379
2312 634
2313 2044
2314 1077
2315 1939
2316 475
2317 2044
2318 2241
2319 1925
2320 477
2321 804
2322 2114
2323 1710
2324 419
2325 2275
2326 2057
2327 1034
2328 2236
2329 1374
2330 2150
2331 2145
2332 1224
2333 1706
2334 1907
2335 1740
2336 2236
2337 952
2338 2292
2339 191
2340 621
2341 185
2342 1409
2343 1859
2344 2044
2345 2235
2346 1956
2347 2063
2348 485
2349 621
2350 217
2351 982
2352 391
2353 1251
2354 2044
2355 1728
2356 129
2357 1427
2358 1251
2359 658
2360 879
2361 488
2362 1383
2363 1331
2364 2097
2365 22
2366 1682
2367 157
2368 1608
2369 1879
2370 1355
2371 2198
2372 2191
2373 782
2374 36
2375 319
2376 2193
2377 266
2378 2044
2379 2044
2380 2084
2381 2236
2382 1801
2383 2129
2384 556
2385 2061
2386 2222
2387 1205
2388 728
2389 2193
2390 101
2391 1193
2392 2044
2393 837
2394 829
2395 373
2396 2374
2397 2349
2398 101
2399 1058
2400 850
2401 744
2402 615
2403 619
2404 2044
2405 190
2406 2096
2407 1682
2408 2313
2409 1198
2410 2047
2411 1725
2412 904
2413 2031
2414 714
2415 259
2416 1557
2417 2292
2418 1348
2419 1869
2420 207
2421 1992
2422 1812
2423 911
2424 1420
2425 832
2426 1422
2427 1993
2428 2044
2429 2267
2430 2407
2431 2191
2432 2254
2433 469
2434 2197
2435 2203
2436 2279
2437 1090
2438 1778
2439 190
2440 272
2441 560
2442 419
2443 190
2444 2241
2445 2359
2446 197
2447 1559
2448 696
2449 821
2450 973
2451 1207
2452 2282
2453 1374
2454 1226
2455 727
2456 963
2457 1447
2458 1381
2459 218
2460 1439
2461 2310
2462 710
2463 997
2464 190
2465 704
2466 2043
2467 1109
2468 2014
2469 1571
2470 1442
2471 1246
2472 1472
2473 1251
2474 2149
2475 805
2476 482
2477 543
2478 996
2479 2044
2480 2416
2481 1762
2482 1946
2483 217
2484 684
2485 2384
2486 2087
2487 1403
2488 1669
2489 1599
2490 1236
2491 369
2492 1284
2493 2480
2494 1270
2495 605
2496 1758
2497 445
2498 498
2499 1581
2500 1935
2501 1965
2502 2044
2503 569
2504 1058
2505 1614
2506 2016
2507 2235
2508 1328
2509 1135
2510 2081
2511 1723
2512 1980
2513 2060
2514 1098
2515 2078
2516 1781
2517 2309
2518 536
2519 2439
2520 2392
2521 858
2522 2470
2523 808
2524 840
2525 977
2526 1447
2527 2030
2528 1608
2529 259
2530 519
2531 1025
2532 1753
2533 2476
2534 1654
2535 2517
2536 2461
2537 1450
2538 1942
2539 2178
2540 2044
2541 1928
2542 2407
2543 2043
2544 465
2545 880
2546 595
2547 2503
2548 1042
2549 1253
2550 1090
2551 2044
2552 1475
2553 2044
2554 878
2555 1755
2556 2122
2557 2202
2558 2437
2559 1773
2560 2044
2561 2470
2562 2538
2563 2054
2564 613
2565 1331
2566 1320
2567 2431
2568 2262
2569 977
2570 1374
2571 2335
2572 1041
2573 238
2574 1563
2575 2091
2576 2282
2577 2044
2578 1354
2579 585
2580 2501
2581 1896
2582 2044
2583 1374
2584 1560
2585 2163
2586 1839
2587 1107
2588 2193
2589 860
2590 2455
2591 1054
2592 741
2593 1826
2594 1256
2595 2307
2596 1545
2597 1906
2598 37
2599 320
2600 2182
2601 2289
2602 1380
2603 2369
2604 2446
2605 1147
2606 1337
2607 1374
2608 1686
2609 2166
2610 2023
2611 2105
2612 1154
2613 2214
2614 1422
2615 1932
2616 1519
2617 1125
2618 2044
2619 2508
2620 2044
2621 2037
2622 2284
2623 2403
2624 2288
2625 2224
2626 1699
2627 519
2628 1504
2629 701
2630 2260
2631 1762
2632 2225
2633 517
2634 1608
2635 631
2636 2135
2637 2226
2638 1374
2639 1364
2640 2116
2641 947
2642 1474
2643 2036
2644 339
2645 259
2646 1905
2647 2292
2648 2213
2649 2521
2650 475
2651 1982
2652 1947
2653 1996
2654 419
2655 2202
2656 1133
2657 2307
2658 1471
2659 2236
2660 1825
2661 233
2662 2403
2663 2285
2664 2235
2665 1047
2666 1874
2667 612
2668 2120
2669 1045
2670 2218
2671 2213
2672 1470
2673 448
2674 1195
2675 1226
2676 2266
2677 1614
2678 686
2679 2043
2680 2665
2681 662
2682 2335
2683 2202
2684 658
2685 2290
2686 2549
2687 1883
2688 870
2689 321
2690 2030
2691 1251
2692 2286
2693 2063
2694 2315
2695 621
2696 654
2697 2564
2698 1076
2699 1959
2700 1506
2701 763
2702 2207
2703 1373
2704 1822
2705 200
2706 1551
2707 1036
2708 2517
2709 769
2710 2193
2711 2044
2712 2584
2713 316
2714 2044
2715 2337
2716 1756
2717 2037
2718 585
2719 1045
2720 843
2721 255
2722 2551
2723 2066
2724 1451
2725 1109
2726 1984
2727 1970
2728 1317
2729 2249
2730 2584
2731 1736
2732 517
2733 2712
2734 2008
2735 1296
2736 1502
2737 2292
2738 2288
2739 2133
2740 1094
2741 1755
2742 1987
2743 2370
2744 2066
2745 513
2746 1660
2747 479
2748 2587
2749 1555
2750 1877
2751 2048
2752 1704
2753 744
2754 2235
2755 157
2756 2739
2757 1437
2758 170
2759 1598
2760 157
2761 1934
2762 2197
2763 1863
2764 1631
2765 2510
2766 1742
2767 2044
2768 1830
2769 2132
2770 2145
2771 1621
2772 1174
2773 1557
2774 1322
2775 400
2776 1921
2777 1374
2778 2264
2779 142
2780 1804
2781 1469
2782 2473
2783 1251
2784 1409
2785 190
2786 2517
2787 1519
2788 2489
2789 1109
2790 608
2791 483
2792 2739
2793 1986
2794 183
2795 2634
2796 2640
2797 2292
2798 2249
2799 2598
2800 2592
2801 2406
2802 2241
2803 1733
2804 2616
2805 1271
2806 1339
2807 1227
2808 710
2809 2296
2810 2218
2811 2044
2812 2739
2813 1317
2814 2044
2815 498
2816 2479
2817 1122
2818 983
2819 207
2820 1468
2821 2672
2822 2381
2823 322
2824 1873
2825 1206
2826 1899
2827 2761
2828 2309
2829 895
2830 1519
2831 177
2832 2739
2833 1890
2834 2332
2835 2165
2836 2193
2837 2236
2838 2800
2839 1310
2840 810
2841 1317
2842 63
2843 585
2844 2217
2845 1583
2846 1414
2847 2715
2848 2096
2849 2739
2850 2035
2851 1648
2852 1742
2853 850
2854 1714
2855 605
2856 2044
2857 498
2858 519
2859 1147
2860 1405
2861 1869
2862 744
2863 986
2864 1251
2865 1902
2866 1331
2867 2617
2868 880
2869 2453
2870 747
2871 255
2872 1940
2873 1470
2874 2801
2875 1337
2876 157
2877 2715
2878 1251
2879 1317
2880 327
2881 855
2882 923
2883 2044
2884 2778
2885 2722
2886 1946
2887 2136
2888 1644
2889 2413
2890 2244
2891 1337
2892 135
2893 2236
2894 1792
2895 1060
2896 1522
2897 2156
2898 2418
2899 259
2900 1520
2901 1671
2902 2350
2903 1990
2904 506
2905 2580
2906 1023
2907 1602
2908 1499
2909 215
2910 2242
2911 1084
2912 2436
2913 485
2914 1162
2915 1554
2916 1427
2917 900
2918 1251
2919 2680
2920 1326
2921 1920
2922 777
2923 2503
2924 902
2925 2887
2926 1836
2927 382
2928 2067
2929 223
2930 1407
2931 2044
2932 2269
2933 2004
2934 2924
2935 1040
2936 1236
2937 1816
2938 2609
2939 2193
2940 2500
2941 1670
2942 2241
2943 2712
2944 747
2945 421
2946 190
2947 1478
2948 217
2949 1428
2950 2739
2951 516
2952 585
2953 1878
2954 1647
2955 2498
2956 763
2957 2148
2958 1437
2959 2298
2960 1978
2961 2225
2962 1447
2963 2876
2964 1092
2965 641
2966 157
2967 1496
2968 1143
2969 2801
2970 2548
2971 1760
2972 416
2973 2539
2974 1542
2975 2585
2976 492
2977 2162
2978 2839
2979 2289
2980 1719
2981 1639
2982 1450
2983 2940
2984 207
2985 1710
2986 1636
2987 475
2988 1053
2989 2628
2990 457
2991 1124
2992 221
2993 1460
2994 2272
2995 366
2996 2739
2997 2970
2998 1580
2999 2463
3000 2593
3001 1052
3002 2321
3003 2218
3004 2576
3005 339
3006 1091
3007 2739
3008 2044
3009 2030
3010 2492
3011 2476
3012 2096
3013 1870
3014 1374
3015 2642
3016 506
3017 1534
3018 2121
3019 1204
3020 161
3021 2562
3022 1304
3023 1635
3024 1412
3025 2055
3026 2193
3027 666
3028 1727
3029 2310
3030 1798
3031 1915
3032 2022
3033 730
3034 1259
3035 2136
3036 2122
3037 1893
3038 2814
3039 1073
3040 2749
3041 1422
3042 2810
3043 1938
3044 1122
3045 1796
3046 1137
3047 1836
3048 1090
3049 1614
3050 1191
3051 1478
3052 1557
3053 2203
3054 3006
3055 2900
3056 1266
3057 3044
3058 2817
3059 2155
3060 2316
3061 2765
3062 1479
3063 315
3064 588
3065 631
3066 2294
3067 477
3068 2115
3069 2517
3070 3013
3071 2044
3072 1796
3073 2258
3074 3059
3075 1871
3076 1439
3077 259
3078 1608
3079 2660
3080 2005
3081 3053
3082 2044
3083 2044
3084 2779
3085 2778
3086 2470
3087 2529
3088 2194
3089 1318
3090 157
3091 2044
3092 2353
3093 248
3094 2715
3095 641
3096 2539
3097 2101
3098 2203
3099 1545
3100 2127
3101 1627
3102 873
3103 583
3104 1951
3105 1526
3106 2857
3107 1470
3108 1910
3109 1832
3110 2196
3111 2235
3112 2545
3113 753
3114 562
3115 1439
3116 2087
3117 573
3118 2161
3119 2507
3120 433
3121 186
3122 157
3123 658
3124 3046
3125 2479
3126 2191
3127 2739
3128 2998
3129 2601
3130 1681
3131 1186
3132 3059
3133 1245
3134 339
3135 2329
3136 161
3137 1413
3138 2551
3139 2026
3140 579
3141 2669
3142 3040
3143 2801
3144 3076
3145 1251
3146 1145
3147 2657
3148 1578
3149 1229
3150 592
3151 2719
3152 443
3153 242
3154 2235
3155 1493
3156 3135
3157 2739
3158 1981
3159 2147
3160 2212
3161 1745
3162 1473
3163 1990
3164 2660
3165 706
3166 1512
3167 2608
3168 2044
3169 2580
3170 1180
3171 1090
3172 1317
3173 1793
3174 1525
3175 550
3176 1251
3177 2628
3178 1940
3179 3048
3180 1015
3181 1795
3182 2201
3183 398
3184 2970
3185 2688
3186 1122
3187 2193
3188 792
3189 382
3190 1164
3191 2861
3192 3109
3193 653
3194 2218
3195 1861
3196 48
3197 505
3198 2713
3199 884
3200 292
3201 1435
3202 1736
3203 2353
3204 2438
3205 2018
3206 2970
3207 2044
3208 2614
3209 698
3210 1270
3211 259
3212 2054
3213 873
3214 2873
3215 2260
3216 1402
3217 1611
3218 2743
3219 1612
3220 1959
3221 2135
3222 1036
3223 2801
3224 1150
3225 505
3226 2940
3227 3147
3228 2598
3229 477
3230 1694
3231 2940
3232 1331
3233 2872
3234 1168
3235 1398
3236 371
3237 1719
3238 1199
3239 2411
3240 3074
3241 1859
3242 1778
3243 2510
3244 2594
3245 1762
3246 669
3247 1228
3248 2930
3249 998
3250 1719
3251 1710
3252 1494
3253 564
3254 1317
3255 2674
3256 2588
3257 2937
3258 1719
3259 1331
3260 2634
3261 247
3262 1472
3263 1773
3264 2740
3265 2444
3266 405
3267 2888
3268 1651
3269 3081
3270 1122
3271 2044
3272 1033
3273 2361
3274 2478
3275 2554
3276 1412
3277 222
3278 1374
3279 2717
3280 1147
3281 2630
3282 1241
3283 987
3284 2425
3285 1767
3286 2220
3287 2191
3288 2682
3289 797
3290 3081
3291 1879
3292 1590
3293 3058
3294 339
3295 2880
3296 2960
3297 985
3298 1926
3299 2890
3300 414
3301 2747
3302 1374
3303 109
3304 2867
3305 1750
3306 378
3307 1325
3308 269
3309 159
3310 497
3311 812
3312 38
3313 139
3314 2851
3315 2456
3316 2109
3317 275
3318 1952
3319 2842
3320 1356
3321 2229
3322 100
3323 39
3324 715
3325 2396
3326 98
3327 18
3328 2165
3329 529
3330 1021
3331 431
3332 468
3333 268
3334 22
3335 2006
3336 2395
3337 2794
3338 490
3339 24
3340 3027
3341 1374
3342 1933
3343 22
3344 22
3345 464
3346 1211
3347 1988
3348 184
3349 22
3350 891
3351 1480
3352 86
3353 2365
3354 757
3355 608
3356 1083
3357 1688
3358 198
3359 1888
3360 22
3361 22
3362 367
3363 3196
3364 643
3365 2927
3366 1586
3367 245
3368 71
3369 1541
3370 105
3371 2902
3372 3297
3373 25
3374 31
3375 1434
3376 2915
3377 1625
3378 2831
3379 1352
3380 33
3381 432
3382 909
3383 1794
3384 409
3385 33
3386 1680
3387 1974
3388 663
3389 142
3390 46
3391 44
3392 143
3393 37
3394 2598
3395 859
3396 657
3397 1223
3398 2739
3399 811
3400 1112
3401 1944
3402 359
3403 2027
3404 2954
3405 263
3406 102
3407 57
3408 59
3409 425
3410 552
3411 535
3412 60
3413 1279
3414 824
3415 675
3416 390
3417 1380
3418 680
3419 1130
3420 1131
3421 131
3422 1492
3423 76
3424 640
3425 78
3426 78
3427 660
3428 821
3429 1315
3430 592
3431 3181
3432 2748
3433 2185
3434 458
3435 2642
3436 204
3437 78
3438 1345
3439 1332
3440 3093
3441 1451
3442 84
3443 84
3444 235
3445 85
3446 85
3447 133
3448 209
3449 2314
3450 85
3451 85
3452 574
3453 129
3454 87
3455 792
3456 2892
3457 1010
3458 117
3459 119
3460 93
3461 470
3462 2976
3463 95
3464 3165
3465 99
3466 1117
3467 1734
3468 1023
3469 99
3470 1367
3471 3019
3472 101
3473 101
3474 984
3475 896
3476 1416
3477 562
3478 2398
3479 101
3480 813
3481 101
3482 153
3483 2390
3484 814
3485 137
3486 1244
3487 1248
3488 101
3489 261
3490 557
3491 772
3492 2972
3493 113
3494 3064
3495 2107
3496 107
3497 1941
3498 1008
3499 108
3500 108
3501 1402
3502 1962
3503 2932
3504 2193
3505 427
3506 377
3507 110
3508 1177
3509 291
3510 1850
3511 127
3512 1491
3513 343
3514 110
3515 365
3516 202
3517 111
3518 297
3519 130
3520 2179
3521 1255
3522 1951
3523 112
3524 1774
3525 2496
3526 112
3527 114
3528 1280
3529 2227
3530 236
3531 1908
3532 1212
3533 426
3534 2085
3535 2547
3536 116
3537 117
3538 471
3539 2339
3540 1012
3541 1071
3542 121
3543 122
3544 1035
3545 718
3546 2304
3547 129
3548 2356
3549 129
3550 300
3551 1432
3552 561
3553 1172
3554 1453
3555 2056
3556 134
3557 146
3558 599
3559 403
3560 877
3561 2805
3562 138
3563 375
3564 2465
3565 1365
3566 1497
3567 705
3568 1061
3569 780
3570 138
3571 554
3572 737
3573 1187
3574 138
3575 138
3576 1851
3577 138
3578 287
3579 138
3580 138
3581 1588
3582 823
3583 1779
3584 1930
3585 1720
3586 140
3587 140
3588 141
3589 2779
3590 3097
3591 1948
3592 1319
3593 3185
3594 145
3595 1889
3596 1476
3597 1856
3598 379
3599 602
3600 2706
3601 2705
3602 448
3603 152
3604 876
3605 152
3606 267
3607 616
3608 516
3609 1027
3610 766
3611 525
3612 1341
3613 158
3614 271
3615 513
3616 157
3617 157
3618 695
3619 559
3620 249
3621 1723
3622 1652
3623 1288
3624 1108
3625 157
3626 157
3627 1620
3628 157
3629 157
3630 1421
3631 2190
3632 3077
3633 324
3634 157
3635 1527
3636 309
3637 664
3638 2367
3639 1698
3640 786
3641 1606
3642 2024
3643 797
3644 3234
3645 796
3646 157
3647 2141
3648 440
3649 852
3650 2461
3651 3063
3652 279
3653 924
3654 1781
3655 157
3656 975
3657 1709
3658 1711
3659 2088
3660 565
3661 762
3662 157
3663 496
3664 185
3665 163
3666 1084
3667 1354
3668 157
3669 775
3670 157
3671 157
3672 3090
3673 835
3674 1634
3675 2414
3676 493
3677 2152
3678 2793
3679 943
3680 2240
3681 2665
3682 157
3683 157
3684 162
3685 157
3686 1745
3687 2966
3688 157
3689 2703
3690 545
3691 157
3692 157
3693 157
3694 577
3695 3122
3696 716
3697 2319
3698 1718
3699 2256
3700 157
3701 591
3702 157
3703 157
3704 2573
3705 578
3706 157
3707 157
3708 1829
3709 270
3710 402
3711 157
3712 157
3713 2037
3714 441
3715 768
3716 157
3717 157
3718 157
3719 157
3720 709
3721 157
3722 819
3723 2953
3724 157
3725 2760
3726 1132
3727 157
3728 2053
3729 2876
3730 563
3731 157
3732 459
3733 157
3734 157
3735 2755
3736 2552
3737 314
3738 157
3739 160
3740 2093
3741 1983
3742 157
3743 166
3744 160
3745 452
3746 192
3747 1600
3748 161
3749 3020
3750 3136
3751 165
3752 2697
3753 351
3754 2758
3755 3247
3756 170
3757 170
3758 1528
3759 971
3760 1136
3761 589
3762 1981
3763 838
3764 176
3765 598
3766 1120
3767 1539
3768 1246
3769 2144
3770 1327
3771 2341
3772 186
3773 3121
3774 186
3775 581
3776 549
3777 3255
3778 186
3779 1059
3780 186
3781 958
3782 186
3783 795
3784 188
3785 1087
3786 190
3787 2946
3788 2209
3789 1092
3790 1046
3791 2519
3792 1158
3793 190
3794 2443
3795 2464
3796 1088
3797 2785
3798 2405
3799 2696
3800 2604
3801 2062
3802 1282
3803 2051
3804 771
3805 1303
3806 197
3807 197
3808 197
3809 1958
3810 1842
3811 2423
3812 197
3813 507
3814 272
3815 455
3816 370
3817 760
3818 251
3819 600
3820 335
3821 205
3822 2819
3823 1886
3824 2908
3825 923
3826 207
3827 1503
3828 207
3829 655
3830 1115
3831 207
3832 2173
3833 207
3834 2296
3835 2451
3836 1242
3837 1364
3838 2202
3839 262
3840 295
3841 207
3842 2984
3843 207
3844 1726
3845 456
3846 837
3847 207
3848 3300
3849 337
3850 2990
3851 3022
3852 1778
3853 3128
3854 1026
3855 207
3856 207
3857 983
3858 207
3859 207
3860 2459
3861 207
3862 207
3863 243
3864 394
3865 1274
3866 2327
3867 207
3868 604
3869 2279
3870 207
3871 462
3872 1295
3873 938
3874 2433
3875 1413
3876 207
3877 207
3878 2039
3879 207
3880 696
3881 207
3882 1655
3883 207
3884 1444
3885 1433
3886 1843
3887 207
3888 1235
3889 2787
3890 1506
3891 1694
3892 3080
3893 1403
3894 2377
3895 729
3896 527
3897 207
3898 2420
3899 1415
3900 1361
3901 210
3902 211
3903 212
3904 1644
3905 1277
3906 634
3907 2909
3908 216
3909 538
3910 216
3911 316
3912 216
3913 216
3914 1127
3915 957
3916 2148
3917 898
3918 306
3919 1269
3920 594
3921 2238
3922 2948
3923 217
3924 217
3925 1477
3926 2483
3927 217
3928 676
3929 1739
3930 908
3931 217
3932 231
3933 848
3934 219
3935 1500
3936 3037
3937 221
3938 2992
3939 991
3940 2281
3941 1147
3942 1435
3943 3173
3944 1702
3945 222
3946 815
3947 781
3948 788
3949 1070
3950 222
3951 2226
3952 222
3953 222
3954 697
3955 1197
3956 222
3957 2292
3958 3277
3959 222
3960 2064
3961 222
3962 3219
3963 222
3964 2844
3965 748
3966 1540
3967 1019
3968 1111
3969 816
3970 222
3971 222
3972 2929
3973 723
3974 229
3975 231
3976 2574
3977 231
3978 510
3979 501
3980 567
3981 1231
3982 305
3983 231
3984 3273
3985 232
3986 2661
3987 235
3988 982
3989 1924
3990 236
3991 570
3992 238
3993 238
3994 238
3995 2769
3996 240
3997 3010
3998 1391
3999 240
4000 240
4001 372
4002 1565
4003 241
4004 374
4005 1260
4006 1995
4007 2823
4008 241
4009 860
4010 241
4011 607
4012 618
4013 466
4014 2884
4015 1166
4016 2634
4017 1776
4018 1616
4019 3153
4020 1592
4021 242
4022 1536
4023 586
4024 2945
4025 1657
4026 1976
4027 246
4028 1751
4029 2020
4030 246
4031 1681
4032 412
4033 247
4034 1031
4035 3261
4036 247
4037 248
4038 517
4039 1613
4040 2913
4041 253
4042 253
4043 1685
4044 253
4045 253
4046 253
4047 253
4048 2866
4049 2159
4050 255
4051 2065
4052 255
4053 742
4054 844
4055 2917
4056 1459
4057 255
4058 255
4059 255
4060 1363
4061 2721
4062 913
4063 2871
4064 255
4065 2113
4066 1382
4067 256
4068 1777
4069 260
4070 836
4071 256
4072 1134
4073 257
4074 3098
4075 782
4076 259
4077 1206
4078 259
4079 1784
4080 683
4081 2201
4082 1024
4083 875
4084 3100
4085 1448
4086 2899
4087 1835
4088 259
4089 1543
4090 556
4091 2645
4092 3211
4093 259
4094 1591
4095 259
4096 259
4097 323
4098 1800
4099 1105
4100 443
4101 2079
4102 2484
4103 1971
4104 3087
4105 264
4106 259
4107 3040
4108 259
4109 1864
4110 1973
4111 2415
4112 2658
4113 603
4114 1697
4115 2466
4116 2599
4117 2154
4118 1679
4119 293
4120 678
4121 263
4122 1510
4123 1759
4124 2907
4125 310
4126 265
4127 1129
4128 270
4129 2411
4130 2629
4131 2991
4132 272
4133 357
4134 2440
4135 3046
4136 1001
4137 495
4138 993
4139 2780
4140 273
4141 879
4142 273
4143 3159
4144 274
4145 1089
4146 2995
4147 283
4148 3266
4149 487
4150 1103
4151 284
4152 3028
4153 1270
4154 1853
4155 2515
4156 286
4157 286
4158 1167
4159 2904
4160 1183
4161 839
4162 842
4163 2103
4164 2458
4165 1049
4166 1912
4167 726
4168 2752
4169 3200
4170 3251
4171 1281
4172 1056
4173 2662
4174 302
4175 719
4176 1310
4177 2235
4178 304
4179 304
4180 304
4181 1630
4182 931
4183 2678
4184 1122
4185 313
4186 313
4187 642
4188 314
4189 1128
4190 1414
4191 1159
4192 2920
4193 3198
4194 530
4195 2375
4196 320
4197 442
4198 2689
4199 438
4200 1716
4201 2247
4202 731
4203 534
4204 2880
4205 1141
4206 967
4207 475
4208 338
4209 3294
4210 3005
4211 339
4212 339
4213 339
4214 339
4215 339
4216 339
4217 2644
4218 841
4219 597
4220 1221
4221 339
4222 3134
4223 969
4224 341
4225 849
4226 1208
4227 341
4228 648
4229 343
4230 343
4231 343
4232 944
4233 486
4234 2394
4235 1254
4236 2268
4237 2521
4238 346
4239 436
4240 348
4241 351
4242 429
4243 1090
4244 351
4245 1559
4246 2364
4247 710
4248 784
4249 353
4250 353
4251 2999
4252 353
4253 2215
4254 1102
4255 2081
4256 1114
4257 358
4258 2491
4259 3192
4260 1408
4261 360
4262 361
4263 361
4264 505
4265 364
4266 596
4267 1007
4268 1342
4269 2034
4270 2894
4271 3236
4272 371
4273 371
4274 374
4275 374
4276 1509
4277 1424
4278 2324
4279 2775
4280 384
4281 375
4282 375
4283 2106
4284 375
4285 1666
4286 375
4287 2030
4288 377
4289 2421
4290 2108
4291 1068
4292 2311
4293 830
4294 794
4295 382
4296 382
4297 3189
4298 981
4299 382
4300 382
4301 1442
4302 825
4303 1239
4304 384
4305 1571
4306 1771
4307 384
4308 2497
4309 1872
4310 1635
4311 1080
4312 385
4313 1173
4314 1529
4315 910
4316 1368
4317 385
4318 494
4319 385
4320 3148
4321 1722
4322 1673
4323 390
4324 390
4325 390
4326 2352
4327 392
4328 392
4329 393
4330 523
4331 1599
4332 398
4333 398
4334 398
4335 2962
4336 995
4337 3183
4338 1967
4339 2033
4340 1458
4341 528
4342 2742
4343 402
4344 1148
4345 2297
4346 601
4347 402
4348 402
4349 405
4350 1437
4351 1048
4352 407
4353 407
4354 407
4355 2475
4356 871
4357 1867
4358 572
4359 2675
4360 410
4361 647
4362 3039
4363 414
4364 418
4365 419
4366 649
4367 463
4368 419
4369 856
4370 419
4371 419
4372 1549
4373 2086
4374 2160
4375 2654
4376 2442
4377 419
4378 480
4379 2477
4380 1557
4381 450
4382 422
4383 2239
4384 425
4385 2009
4386 425
4387 426
4388 544
4389 426
4390 429
4391 1164
4392 429
4393 503
4394 429
4395 1347
4396 429
4397 2255
4398 693
4399 429
4400 2968
4401 2881
4402 433
4403 949
4404 433
4405 2181
4406 978
4407 1877
4408 433
4409 433
4410 1225
4411 3120
4412 433
4413 433
4414 2429
4415 1439
4416 3096
4417 1343
4418 438
4419 741
4420 899
4421 1945
4422 439
4423 439
4424 3033
4425 2111
4426 733
4427 1699
4428 2974
4429 3152
4430 443
4431 803
4432 2673
4433 1597
4434 1968
4435 2967
4436 883
4437 452
4438 1076
4439 452
4440 452
4441 912
4442 1180
4443 454
4444 526
4445 455
4446 460
4447 1737
4448 1498
4449 464
4450 2544
4451 1690
4452 2441
4453 467
4454 467
4455 1387
4456 468
4457 1215
4458 3001
4459 1895
4460 472
4461 472
4462 472
4463 800
4464 1126
4465 1160
4466 473
4467 2316
4468 2650
4469 1096
4470 1518
4471 2987
4472 475
4473 1362
4474 626
4475 2128
4476 1014
4477 744
4478 2320
4479 477
4480 3067
4481 1827
4482 477
4483 863
4484 3253
4485 477
4486 477
4487 477
4488 546
4489 1039
4490 2063
4491 3229
4492 1337
4493 477
4494 817
4495 477
4496 2747
4497 480
4498 1508
4499 2164
4500 482
4501 2476
4502 483
4503 3180
4504 2791
4505 1247
4506 485
4507 1411
4508 2348
4509 488
4510 2032
4511 488
4512 490
4513 1457
4514 496
4515 1176
4516 2590
4517 498
4518 2815
4519 3107
4520 2257
4521 2934
4522 1233
4523 498
4524 498
4525 498
4526 1501
4527 1229
4528 498
4529 1140
4530 1624
4531 498
4532 2727
4533 1440
4534 1067
4535 498
4536 776
4537 2302
4538 498
4539 2236
4540 606
4541 2252
4542 1069
4543 498
4544 498
4545 498
4546 498
4547 2857
4548 990
4549 2071
4550 502
4551 774
4552 498
4553 740
4554 498
4555 2274
4556 498
4557 498
4558 1535
4559 498
4560 3284
4561 498
4562 498
4563 3286
4564 2772
4565 498
4566 2850
4567 498
4568 2955
4569 2046
4570 498
4571 498
4572 612
4573 498
4574 498
4575 994
4576 2089
4577 1041
4578 498
4579 498
4580 498
4581 498
4582 498
4583 1340
4584 754
4585 498
4586 498
4587 1013
4588 808
4589 504
4590 504
4591 505
4592 1032
4593 505
4594 3222
4595 505
4596 866
4597 505
4598 505
4599 2591
4600 809
4601 2651
4602 505
4603 2057
4604 3225
4605 2546
4606 894
4607 1121
4608 2806
4609 505
4610 2548
4611 505
4612 3197
4613 505
4614 505
4615 611
4616 505
4617 3016
4618 1802
4619 2965
4620 508
4621 638
4622 965
4623 510
4624 1063
4625 1610
4626 2273
4627 512
4628 2276
4629 2745
4630 513
4631 1813
4632 1875
4633 2951
4634 3257
4635 2732
4636 517
4637 517
4638 2633
4639 1202
4640 2858
4641 519
4642 2627
4643 1044
4644 2530
4645 1138
4646 1785
4647 1017
4648 2157
4649 525
4650 3117
4651 528
4652 2245
4653 531
4654 2518
4655 1966
4656 3177
4657 2094
4658 539
4659 1324
4660 539
4661 539
4662 1858
4663 1358
4664 539
4665 539
4666 1037
4667 1392
4668 583
4669 541
4670 749
4671 546
4672 1721
4673 2668
4674 988
4675 2291
4676 550
4677 550
4678 1922
4679 3175
4680 550
4681 1782
4682 550
4683 550
4684 2265
4685 2855
4686 550
4687 1732
4688 1674
4689 1738
4690 555
4691 555
4692 1422
4693 720
4694 820
4695 1305
4696 556
4697 556
4698 2485
4699 1788
4700 1249
4701 562
4702 3114
4703 562
4704 563
4705 2300
4706 565
4707 565
4708 1752
4709 584
4710 569
4711 3283
4712 569
4713 3252
4714 1163
4715 804
4716 1272
4717 571
4718 1190
4719 1632
4720 662
4721 575
4722 1201
4723 3140
4724 579
4725 950
4726 974
4727 3103
4728 583
4729 1768
4730 583
4731 2090
4732 1257
4733 928
4734 1323
4735 1773
4736 1066
4737 583
4738 585
4739 2579
4740 585
4741 585
4742 3275
4743 585
4744 585
4745 2092
4746 1505
4747 585
4748 1926
4749 585
4750 585
4751 2843
4752 2718
4753 585
4754 2952
4755 585
4756 585
4757 585
4758 585
4759 1097
4760 1366
4761 1181
4762 585
4763 1200
4764 2652
4765 2971
4766 585
4767 656
4768 586
4769 1490
4770 588
4771 2197
4772 592
4773 592
4774 1859
4775 592
4776 2288
4777 592
4778 3150
4779 1316
4780 592
4781 952
4782 1245
4783 605
4784 2495
4785 2391
4786 847
4787 2840
4788 646
4789 605
4790 605
4791 1283
4792 1583
4793 608
4794 747
4795 608
4796 2790
4797 2139
4798 1005
4799 2566
4800 610
4801 2667
4802 2180
4803 1730
4804 614
4805 1929
4806 1671
4807 614
4808 1493
4809 2402
4810 616
4811 620
4812 621
4813 691
4814 621
4815 621
4816 2695
4817 2397
4818 2161
4819 2340
4820 1298
4821 1383
4822 2170
4823 2075
4824 623
4825 1152
4826 2424
4827 630
4828 631
4829 1250
4830 636
4831 1645
4832 631
4833 2488
4834 1511
4835 1836
4836 631
4837 1384
4838 1278
4839 631
4840 631
4841 631
4842 631
4843 1265
4844 3065
4845 631
4846 1961
4847 2935
4848 2635
4849 1817
4850 631
4851 2829
4852 1178
4853 1757
4854 631
4855 631
4856 632
4857 632
4858 1321
4859 2287
4860 1907
4861 2725
4862 633
4863 633
4864 1346
4865 1058
4866 633
4867 1038
4868 633
4869 980
4870 634
4871 634
4872 2312
4873 634
4874 2029
4875 634
4876 636
4877 2188
4878 2820
4879 1100
4880 3095
4881 1161
4882 1834
4883 646
4884 1351
4885 646
4886 1406
4887 1534
4888 646
4889 646
4890 2676
4891 1892
4892 783
4893 646
4894 1449
4895 1841
4896 646
4897 646
4898 646
4899 646
4900 648
4901 648
4902 906
4903 1388
4904 648
4905 1060
4906 648
4907 756
4908 648
4909 648
4910 648
4911 648
4912 648
4913 648
4914 648
4915 2263
4916 1770
4917 2069
4918 648
4919 885
4920 648
4921 1747
4922 3193
4923 1030
4924 1869
4925 1256
4926 1336
4927 658
4928 3123
4929 1410
4930 1194
4931 658
4932 2684
4933 1154
4934 1636
4935 1561
4936 2295
4937 725
4938 658
4939 2099
4940 1258
4941 658
4942 2149
4943 2445
4944 659
4945 659
4946 659
4947 1232
4948 659
4949 659
4950 659
4951 1532
4952 2681
4953 667
4954 667
4955 3246
4956 2641
4957 1934
4958 671
4959 671
4960 2640
4961 675
4962 680
4963 680
4964 681
4965 2802
4966 690
4967 695
4968 695
4969 1145
4970 695
4971 696
4972 2448
4973 3209
4974 699
4975 700
4976 976
4977 702
4978 704
4979 704
4980 1213
4981 708
4982 710
4983 846
4984 710
4985 1761
4986 2808
4987 710
4988 710
4989 2462
4990 710
4991 710
4992 711
4993 712
4994 716
4995 933
4996 718
4997 869
4998 992
4999 1607
5000 777
5001 918
5002 1050
5003 725
5004 725
5005 2388
5006 728
5007 1266
5008 1464
5009 728
5010 736
5011 739
5012 1799
5013 2592
5014 2807
5015 744
5016 1175
5017 1429
5018 1118
5019 744
5020 744
5021 744
5022 2401
5023 1234
5024 2753
5025 744
5026 2862
5027 744
5028 745
5029 2653
5030 747
5031 2010
5032 747
5033 747
5034 747
5035 2000
5036 747
5037 2944
5038 747
5039 2870
5040 747
5041 939
5042 751
5043 1861
5044 753
5045 1677
5046 1807
5047 753
5048 753
5049 1748
5050 3113
5051 1259
5052 930
5053 753
5054 753
5055 753
5056 755
5057 756
5058 756
5059 756
5060 1879
5061 1317
5062 1025
5063 758
5064 798
5065 758
5066 1585
5067 1570
5068 758
5069 758
5070 2740
5071 758
5072 759
5073 762
5074 762
5075 762
5076 763
5077 882
5078 763
5079 2701
5080 2956
5081 1241
5082 904
5083 763
5084 2524
5085 765
5086 766
5087 1003
5088 769
5089 2709
5090 769
5091 769
5092 776
5093 776
5094 2922
5095 779
5096 780
5097 781
5098 2373
5099 784
5100 784
5101 786
5102 2631
5103 1028
5104 789
5105 1595
5106 1825
5107 3188
5108 955
5109 792
5110 1665
5111 1713
5112 1572
5113 1876
5114 793
5115 1791
5116 1188
5117 850
5118 959
5119 797
5120 797
5121 797
5122 797
5123 3289
5124 1404
5125 797
5126 797
5127 799
5128 1210
5129 857
5130 802
5131 2322
5132 803
5133 804
5134 3002
5135 804
5136 805
5137 805
5138 2977
5139 1689
5140 808
5141 808
5142 2523
5143 2214
5144 2538
5145 809
5146 809
5147 810
5148 1911
5149 2729
5150 1020
5151 812
5152 1883
5153 819
5154 821
5155 2449
5156 1547
5157 826
5158 920
5159 830
5160 832
5161 833
5162 833
5163 2025
5164 835
5165 2393
5166 948
5167 1650
5168 1308
5169 1564
5170 2080
5171 1082
5172 843
5173 1299
5174 843
5175 1214
5176 1191
5177 1139
5178 1700
5179 843
5180 2720
5181 843
5182 843
5183 846
5184 847
5185 848
5186 848
5187 1691
5188 850
5189 2400
5190 2853
5191 850
5192 851
5193 852
5194 860
5195 2589
5196 1626
5197 1556
5198 1371
5199 869
5200 869
5201 873
5202 960
5203 1963
5204 2055
5205 873
5206 3213
5207 3102
5208 1169
5209 874
5210 2228
5211 876
5212 876
5213 3062
5214 2360
5215 1075
5216 879
5217 879
5218 879
5219 1081
5220 2501
5221 3112
5222 880
5223 880
5224 880
5225 2868
5226 880
5227 880
5228 3199
5229 2325
5230 884
5231 1230
5232 956
5233 2643
5234 3101
5235 3075
5236 904
5237 2199
5238 2412
5239 907
5240 907
5241 2104
5242 2387
5243 907
5244 907
5245 907
5246 911
5247 912
5248 912
5249 2537
5250 1914
5251 915
5252 916
5253 916
5254 2593
5255 920
5256 920
5257 2882
5258 924
5259 926
5260 927
5261 2082
5262 1873
5263 1975
5264 1640
5265 931
5266 933
5267 933
5268 935
5269 935
5270 1396
5271 1199
5272 944
5273 944
5274 945
5275 945
5276 945
5277 945
5278 945
5279 1029
5280 1695
5281 949
5282 1568
5283 2877
5284 970
5285 955
5286 1219
5287 955
5288 958
5289 1133
5290 960
5291 960
5292 961
5293 2735
5294 962
5295 1149
5296 963
5297 964
5298 1797
5299 1954
5300 969
5301 969
5302 969
5303 969
5304 972
5305 972
5306 972
5307 972
5308 1485
5309 973
5310 2450
5311 977
5312 1263
5313 1431
5314 977
5315 2569
5316 977
5317 2525
5318 1445
5319 1705
5320 977
5321 3249
5322 977
5323 977
5324 977
5325 2863
5326 979
5327 1313
5328 980
5329 980
5330 980
5331 980
5332 2619
5333 1656
5334 982
5335 982
5336 982
5337 982
5338 982
5339 982
5340 982
5341 2351
5342 1267
5343 1755
5344 983
5345 983
5346 983
5347 983
5348 983
5349 983
5350 1095
5351 983
5352 2818
5353 983
5354 983
5355 2013
5356 983
5357 983
5358 1085
5359 983
5360 1756
5361 983
5362 983
5363 983
5364 1917
5365 990
5366 1285
5367 993
5368 2478
5369 2145
5370 997
5371 999
5372 1268
5373 2865
5374 1007
5375 1007
5376 1008
5377 1010
5378 1015
5379 1609
5380 1015
5381 1015
5382 1022
5383 1022
5384 2906
5385 2531
5386 1025
5387 1025
5388 1830
5389 1025
5390 1043
5391 1025
5392 1025
5393 1029
5394 1030
5395 1030
5396 2143
5397 2192
5398 1030
5399 2123
5400 1030
5401 1030
5402 1031
5403 1032
5404 1033
5405 1033
5406 3272
5407 1151
5408 1397
5409 1036
5410 1036
5411 1036
5412 1628
5413 1997
5414 1036
5415 1036
5416 1036
5417 2707
5418 1036
5419 1037
5420 2237
5421 2117
5422 2572
5423 1041
5424 1045
5425 1045
5426 1045
5427 1045
5428 3141
5429 1687
5430 3066
5431 1045
5432 3224
5433 1045
5434 1905
5435 1045
5436 1399
5437 1045
5438 1045
5439 1045
5440 1045
5441 3151
5442 1822
5443 1045
5444 1046
5445 1780
5446 1046
5447 3035
5448 2260
5449 2988
5450 1053
5451 1053
5452 1057
5453 1057
5454 1058
5455 1058
5456 1058
5457 1058
5458 1814
5459 1891
5460 1329
5461 1058
5462 1058
5463 1058
5464 1058
5465 1584
5466 1058
5467 1058
5468 1058
5469 2504
5470 2134
5471 1058
5472 1643
5473 2399
5474 1314
5475 1059
5476 1060
5477 1579
5478 1184
5479 1060
5480 1060
5481 1060
5482 1060
5483 1060
5484 1060
5485 1060
5486 1060
5487 2895
5488 1060
5489 1060
5490 1312
5491 1061
5492 1062
5493 1064
5494 1065
5495 1067
5496 1067
5497 1067
5498 1067
5499 1333
5500 3030
5501 1068
5502 1736
5503 1068
5504 1068
5505 1069
5506 1070
5507 1071
5508 1071
5509 1074
5510 1074
5511 1074
5512 1076
5513 1389
5514 1646
5515 1076
5516 1076
5517 1076
5518 2698
5519 1078
5520 1079
5521 1079
5522 1079
5523 1084
5524 1084
5525 1289
5526 1084
5527 1084
5528 1980
5529 1084
5530 2911
5531 1085
5532 1085
5533 1085
5534 1894
5535 1085
5536 2172
5537 3139
5538 1085
5539 1085
5540 1085
5541 1461
5542 1086
5543 1088
5544 1862
5545 1520
5546 1090
5547 1946
5548 1090
5549 1090
5550 1090
5551 1090
5552 1090
5553 2558
5554 1090
5555 1693
5556 1090
5557 2550
5558 1090
5559 3171
5560 1090
5561 1090
5562 1819
5563 1090
5564 1090
5565 3048
5566 1090
5567 1417
5568 1090
5569 1091
5570 1091
5571 1091
5572 2074
5573 1091
5574 1091
5575 3054
5576 1617
5577 1092
5578 2964
5579 1093
5580 1093
5581 1772
5582 1805
5583 1093
5584 1096
5585 2514
5586 1562
5587 1419
5588 1142
5589 1098
5590 1927
5591 1098
5592 1098
5593 2382
5594 1106
5595 1605
5596 1109
5597 1109
5598 1109
5599 1109
5600 1109
5601 3235
5602 2467
5603 1109
5604 2789
5605 2385
5606 1109
5607 1109
5608 1517
5609 1109
5610 1253
5611 1369
5612 2073
5613 1821
5614 1109
5615 1109
5616 1109
5617 1198
5618 1115
5619 2981
5620 1115
5621 1117
5622 1117
5623 2212
5624 1896
5625 1119
5626 1119
5627 1119
5628 1749
5629 1121
5630 1121
5631 1121
5632 1122
5633 1122
5634 3044
5635 3270
5636 1122
5637 1165
5638 2817
5639 3186
5640 1122
5641 1124
5642 1125
5643 1127
5644 1128
5645 2834
5646 2102
5647 2371
5648 1129
5649 1129
5650 2142
5651 1131
5652 1577
5653 2611
5654 1133
5655 1133
5656 1133
5657 1133
5658 2019
5659 1133
5660 1484
5661 1489
5662 2158
5663 1133
5664 1824
5665 1133
5666 2253
5667 1133
5668 2656
5669 1133
5670 2685
5671 1423
5672 3043
5673 1134
5674 1134
5675 2509
5676 1523
5677 1139
5678 1940
5679 1141
5680 1141
5681 1708
5682 1142
5683 1144
5684 1252
5685 1144
5686 1144
5687 1950
5688 1144
5689 2666
5690 1916
5691 1729
5692 1145
5693 1145
5694 1145
5695 1145
5696 1145
5697 3146
5698 1145
5699 1145
5700 1145
5701 1145
5702 1642
5703 1145
5704 1145
5705 1145
5706 1147
5707 1147
5708 1147
5709 1322
5710 1294
5711 1147
5712 1147
5713 1147
5714 1147
5715 1147
5716 1147
5717 3280
5718 1147
5719 2898
5720 1147
5721 1147
5722 1604
5723 2859
5724 2605
5725 1149
5726 1150
5727 2012
5728 1524
5729 1550
5730 2612
5731 1155
5732 1454
5733 1162
5734 2914
5735 1162
5736 2736
5737 1553
5738 1162
5739 1162
5740 1162
5741 3190
5742 1164
5743 1164
5744 1164
5745 1164
5746 3205
5747 1164
5748 1172
5749 1854
5750 1172
5751 2186
5752 1176
5753 1179
5754 1179
5755 1179
5756 1672
5757 1179
5758 1179
5759 3170
5760 3049
5761 1184
5762 3131
5763 1187
5764 1187
5765 1187
5766 2410
5767 1191
5768 1191
5769 3050
5770 1191
5771 1191
5772 1192
5773 3051
5774 1192
5775 1194
5776 1198
5777 2278
5778 2409
5779 1198
5780 3238
5781 1531
5782 1200
5783 1200
5784 2098
5785 2333
5786 1200
5787 1200
5788 1200
5789 1202
5790 2189
5791 1202
5792 2011
5793 1202
5794 1205
5795 2825
5796 1206
5797 1206
5798 1206
5799 1206
5800 1210
5801 1210
5802 1418
5803 2282
5804 1210
5805 1210
5806 1425
5807 1212
5808 1213
5809 1213
5810 3070
5811 2305
5812 1222
5813 1769
5814 1223
5815 1619
5816 2068
5817 1884
5818 1223
5819 1224
5820 1225
5821 1225
5822 1495
5823 1251
5824 1226
5825 2454
5826 1226
5827 1228
5828 1228
5829 1228
5830 1229
5831 2072
5832 1229
5833 1229
5834 1229
5835 3149
5836 1229
5837 1533
5838 1231
5839 1233
5840 1233
5841 2208
5842 1235
5843 2936
5844 2490
5845 1236
5846 1236
5847 1236
5848 1236
5849 1803
5850 2933
5851 1240
5852 1240
5853 1241
5854 1241
5855 1241
5856 3282
5857 3133
5858 2471
5859 1247
5860 1247
5861 2277
5862 1247
5863 1909
5864 1401
5865 1247
5866 1247
5867 1247
5868 1251
5869 2783
5870 1251
5871 1318
5872 2473
5873 1297
5874 1251
5875 1251
5876 1251
5877 1251
5878 2918
5879 2358
5880 1251
5881 1251
5882 1251
5883 2878
5884 1251
5885 1251
5886 1251
5887 1251
5888 2150
5889 1251
5890 1357
5891 1251
5892 3145
5893 2864
5894 1845
5895 1251
5896 3176
5897 2691
5898 2076
5899 2353
5900 1300
5901 1251
5902 2153
5903 1251
5904 1253
5905 1253
5906 1253
5907 1253
5908 2549
5909 1253
5910 1254
5911 1256
5912 2594
5913 1256
5914 1256
5915 1372
5916 2219
5917 1353
5918 1256
5919 1258
5920 1258
5921 3034
5922 1259
5923 1335
5924 1259
5925 1261
5926 1263
5927 1263
5928 1265
5929 1265
5930 1513
5931 1775
5932 1266
5933 1266
5934 1266
5935 1266
5936 2280
5937 1395
5938 1266
5939 1990
5940 3056
5941 1266
5942 1266
5943 1512
5944 1266
5945 1266
5946 1266
5947 1267
5948 1267
5949 1269
5950 1270
5951 1270
5952 1270
5953 1270
5954 1427
5955 1915
5956 2221
5957 1270
5958 1270
5959 1270
5960 1270
5961 3210
5962 1763
5963 1516
5964 1270
5965 1270
5966 1651
5967 1270
5968 1270
5969 2494
5970 2003
5971 1272
5972 1743
5973 1272
5974 1273
5975 1279
5976 1279
5977 1281
5978 1633
5979 1281
5980 2044
5981 1430
5982 2191
5983 1287
5984 1289
5985 1289
5986 1289
5987 1289
5988 1289
5989 1637
5990 1289
5991 1979
5992 1717
5993 2184
5994 1846
5995 1377
5996 1289
5997 1291
5998 1291
5999 1293
6000 1295
6001 1898
6002 1426
6003 1295
6004 1386
6005 1302
6006 1302
6007 1302
6008 1302
6009 1302
6010 1302
6011 1302
6012 1302
6013 1302
6014 1566
6015 1302
6016 1302
6017 2182
6018 1302
6019 1302
6020 1302
6021 2167
6022 2112
6023 1310
6024 1310
6025 2839
6026 1310
6027 1310
6028 2335
6029 1310
6030 2723
6031 1314
6032 1735
6033 1317
6034 1581
6035 2841
6036 1831
6037 1317
6038 1317
6039 1317
6040 1840
6041 1317
6042 1317
6043 1317
6044 1317
6045 2728
6046 1370
6047 3172
6048 1317
6049 3254
6050 2813
6051 1317
6052 1317
6053 1376
6054 1317
6055 3018
6056 1317
6057 1317
6058 1923
6059 1317
6060 1317
6061 1317
6062 2250
6063 2879
6064 1317
6065 1317
6066 1318
6067 1318
6068 1844
6069 3089
6070 1318
6071 1319
6072 1321
6073 1321
6074 2774
6075 1322
6076 1322
6077 1325
6078 1325
6079 1467
6080 1594
6081 1326
6082 2002
6083 1326
6084 1326
6085 1326
6086 1326
6087 1327
6088 1327
6089 1327
6090 1328
6091 1328
6092 1328
6093 1428
6094 2342
6095 1329
6096 3259
6097 1331
6098 2565
6099 1331
6100 1885
6101 3232
6102 2363
6103 1913
6104 2702
6105 1441
6106 1332
6107 1332
6108 1334
6109 1334
6110 2875
6111 1337
6112 2891
6113 1337
6114 2606
6115 2248
6116 1337
6117 1338
6118 1340
6119 1340
6120 1462
6121 1341
6122 1463
6123 1341
6124 1993
6125 1342
6126 1343
6127 2597
6128 1343
6129 1347
6130 1348
6131 1349
6132 1350
6133 1354
6134 1354
6135 1354
6136 2232
6137 2578
6138 2743
6139 1356
6140 1356
6141 1361
6142 1361
6143 1361
6144 1363
6145 1363
6146 1363
6147 1393
6148 2639
6149 1365
6150 1367
6151 1368
6152 1370
6153 1370
6154 1371
6155 1371
6156 1371
6157 1374
6158 1374
6159 1374
6160 1374
6161 1374
6162 1374
6163 2869
6164 1374
6165 1719
6166 1374
6167 1374
6168 2155
6169 1374
6170 1374
6171 1374
6172 1374
6173 3302
6174 1374
6175 1374
6176 3012
6177 1548
6178 3014
6179 2166
6180 1374
6181 1374
6182 1374
6183 2040
6184 1374
6185 1374
6186 1960
6187 1374
6188 2607
6189 1374
6190 1374
6191 1374
6192 3135
6193 1653
6194 2896
6195 2028
6196 3105
6197 2638
6198 1374
6199 2777
6200 1837
6201 1374
6202 2570
6203 1664
6204 1937
6205 2286
6206 1374
6207 1374
6208 1374
6209 2174
6210 2860
6211 2583
6212 3278
6213 1374
6214 1918
6215 1661
6216 1374
6217 2386
6218 1374
6219 1724
6220 2261
6221 1375
6222 1376
6223 1380
6224 1380
6225 1380
6226 1380
6227 1380
6228 2187
6229 2016
6230 1746
6231 1380
6232 2602
6233 2362
6234 2751
6235 1387
6236 1389
6237 1389
6238 1392
6239 2532
6240 1810
6241 1393
6242 1393
6243 1400
6244 1402
6245 3024
6246 3216
6247 1403
6248 1403
6249 1525
6250 2487
6251 1403
6252 2833
6253 1406
6254 3248
6255 1466
6256 2784
6257 1409
6258 3276
6259 1413
6260 1413
6261 1413
6262 1413
6263 1413
6264 3137
6265 1413
6266 1413
6267 1413
6268 1414
6269 2846
6270 1414
6271 1418
6272 1418
6273 1418
6274 1418
6275 1418
6276 1790
6277 1418
6278 2776
6279 1421
6280 1421
6281 2960
6282 1421
6283 1421
6284 1421
6285 1544
6286 1421
6287 3041
6288 2734
6289 1422
6290 2021
6291 1994
6292 2584
6293 1422
6294 1754
6295 1422
6296 1422
6297 1422
6298 1422
6299 1422
6300 1422
6301 2426
6302 1460
6303 1422
6304 2614
6305 1622
6306 1823
6307 1424
6308 1424
6309 1424
6310 1426
6311 1426
6312 1426
6313 1426
6314 1998
6315 1427
6316 1427
6317 1427
6318 2357
6319 1427
6320 1427
6321 1427
6322 1427
6323 1660
6324 2916
6325 1427
6326 1427
6327 1427
6328 2130
6329 2949
6330 1429
6331 1429
6332 1429
6333 2171
6334 1429
6335 1429
6336 1429
6337 1429
6338 1430
6339 1431
6340 3201
6341 1436
6342 1436
6343 2958
6344 1437
6345 1437
6346 2757
6347 1437
6348 1437
6349 1437
6350 1439
6351 1439
6352 1439
6353 1439
6354 2231
6355 1439
6356 2460
6357 1439
6358 1820
6359 1439
6360 1880
6361 1439
6362 3076
6363 1659
6364 3115
6365 1439
6366 2759
6367 1589
6368 1439
6369 1439
6370 1439
6371 1439
6372 1514
6373 1521
6374 1442
6375 2470
6376 1442
6377 1443
6378 1443
6379 1445
6380 1445
6381 2526
6382 2457
6383 1450
6384 3088
6385 1450
6386 2982
6387 1692
6388 1450
6389 2169
6390 1450
6391 1450
6392 1451
6393 1451
6394 2724
6395 1573
6396 1451
6397 1455
6398 2205
6399 2993
6400 1460
6401 1460
6402 1461
6403 1468
6404 1469
6405 2781
6406 1470
6407 1470
6408 1470
6409 1470
6410 1470
6411 3214
6412 2672
6413 1470
6414 1470
6415 1985
6416 1470
6417 1470
6418 1470
6419 1470
6420 1470
6421 1470
6422 1471
6423 1472
6424 1472
6425 1959
6426 2472
6427 3262
6428 1472
6429 1472
6430 3162
6431 1478
6432 2947
6433 1478
6434 1478
6435 1900
6436 1479
6437 1479
6438 1479
6439 1481
6440 1481
6441 1569
6442 1481
6443 1481
6444 2941
6445 1491
6446 1491
6447 1491
6448 1491
6449 1491
6450 1492
6451 3155
6452 1493
6453 1667
6454 1496
6455 1623
6456 2700
6457 1506
6458 1506
6459 1507
6460 1507
6461 1567
6462 1508
6463 1508
6464 1509
6465 3166
6466 2041
6467 1515
6468 1515
6469 1515
6470 1515
6471 1515
6472 1515
6473 2804
6474 2830
6475 1519
6476 1520
6477 1520
6478 1520
6479 1520
6480 2900
6481 1520
6482 1523
6483 1523
6484 1523
6485 1523
6486 1523
6487 1766
6488 1523
6489 1523
6490 1523
6491 3174
6492 1525
6493 1525
6494 1999
6495 1529
6496 2975
6497 1530
6498 1531
6499 1531
6500 1531
6501 1707
6502 1848
6503 3017
6504 1535
6505 1535
6506 1935
6507 1537
6508 1855
6509 1537
6510 1537
6511 1537
6512 1989
6513 2233
6514 1544
6515 1545
6516 1545
6517 3217
6518 1545
6519 1545
6520 3099
6521 2596
6522 1548
6523 1549
6524 1549
6525 1550
6526 1552
6527 1552
6528 1554
6529 1554
6530 1554
6531 2119
6532 1554
6533 1786
6534 1556
6535 2070
6536 1557
6537 2773
6538 2493
6539 1557
6540 3052
6541 1557
6542 1557
6543 1557
6544 1557
6545 1557
6546 1557
6547 2447
6548 2017
6549 1561
6550 1561
6551 2615
6552 1561
6553 1561
6554 1562
6555 1562
6556 1562
6557 1566
6558 1569
6559 1569
6560 1569
6561 1570
6562 1570
6563 2469
6564 1571
6565 1571
6566 1571
6567 1571
6568 1575
6569 1578
6570 2499
6571 1582
6572 1582
6573 1583
6574 1583
6575 2845
6576 1585
6577 1928
6578 1585
6579 1587
6580 1590
6581 2568
6582 1590
6583 1590
6584 3292
6585 1591
6586 1591
6587 1596
6588 1597
6589 1597
6590 1597
6591 3032
6592 1597
6593 1597
6594 1597
6595 1597
6596 1597
6597 1599
6598 1599
6599 2489
6600 1599
6601 1599
6602 1599
6603 1939
6604 1602
6605 1603
6606 3078
6607 2368
6608 1608
6609 2528
6610 1609
6611 1609
6612 1611
6613 1612
6614 1612
6615 1613
6616 1613
6617 1613
6618 1614
6619 1614
6620 1614
6621 1614
6622 1614
6623 2505
6624 2677
6625 1615
6626 2259
6627 3285
6628 1617
6629 1617
6630 3072
6631 1618
6632 1618
6633 2771
6634 1623
6635 1624
6636 2137
6637 1624
6638 1624
6639 1624
6640 1625
6641 1625
6642 1625
6643 1627
6644 2118
6645 2422
6646 1631
6647 1631
6648 2764
6649 1631
6650 3023
6651 1635
6652 1635
6653 1636
6654 1636
6655 2986
6656 1636
6657 2826
6658 1637
6659 1638
6660 1643
6661 3267
6662 1644
6663 1644
6664 1741
6665 1644
6666 2575
6667 1646
6668 3268
6669 1654
6670 2534
6671 1654
6672 1654
6673 1654
6674 1654
6675 1654
6676 1655
6677 1656
6678 1656
6679 1658
6680 1660
6681 1660
6682 2746
6683 1662
6684 1662
6685 1664
6686 1972
6687 1668
6688 1787
6689 1670
6690 2901
6691 1678
6692 1679
6693 1679
6694 1680
6695 1680
6696 1680
6697 1680
6698 1680
6699 1681
6700 1681
6701 2608
6702 1681
6703 1681
6704 1681
6705 1681
6706 1731
6707 1681
6708 1681
6709 1681
6710 1681
6711 1809
6712 1681
6713 1681
6714 1681
6715 1681
6716 3130
6717 1681
6718 1681
6719 2355
6720 1682
6721 2407
6722 1682
6723 2366
6724 1682
6725 1684
6726 2007
6727 1682
6728 1682
6729 1682
6730 1684
6731 1686
6732 1686
6733 2195
6734 1689
6735 1693
6736 1693
6737 1693
6738 1693
6739 1693
6740 1693
6741 1693
6742 1693
6743 2042
6744 3230
6745 2083
6746 1811
6747 2626
6748 1700
6749 2289
6750 1703
6751 1703
6752 1703
6753 1709
6754 2131
6755 1709
6756 1709
6757 1709
6758 1783
6759 2985
6760 1710
6761 1710
6762 1710
6763 1710
6764 2323
6765 1710
6766 1710
6767 1710
6768 1712
6769 1714
6770 1714
6771 1714
6772 2854
6773 1714
6774 1714
6775 2625
6776 1719
6777 3258
6778 1719
6779 1719
6780 1719
6781 1719
6782 1719
6783 1860
6784 1719
6785 3237
6786 1719
6787 3250
6788 1719
6789 1719
6790 1719
6791 1719
6792 1719
6793 1719
6794 2980
6795 1719
6796 1723
6797 2513
6798 1723
6799 1723
6800 2511
6801 1955
6802 1723
6803 1724
6804 1724
6805 1724
6806 1724
6807 1897
6808 1724
6809 1724
6810 1724
6811 1724
6812 1724
6813 1724
6814 1724
6815 1727
6816 1729
6817 1729
6818 1729
6819 1730
6820 2138
6821 1731
6822 2346
6823 1733
6824 1733
6825 2803
6826 1736
6827 2731
6828 1736
6829 3202
6830 1738
6831 1740
6832 2852
6833 1742
6834 2766
6835 1742
6836 1744
6837 1744
6838 3161
6839 1745
6840 1748
6841 1748
6842 1749
6843 2380
6844 1750
6845 1750
6846 1828
6847 1750
6848 1901
6849 1750
6850 1984
6851 1750
6852 1991
6853 1754
6854 2741
6855 2140
6856 2610
6857 1755
6858 1755
6859 1755
6860 1755
6861 2015
6862 1838
6863 1755
6864 1755
6865 1755
6866 1755
6867 2183
6868 1755
6869 1755
6870 1755
6871 1755
6872 2555
6873 1949
6874 1755
6875 1755
6876 2716
6877 1756
6878 1756
6879 1758
6880 1758
6881 1759
6882 1759
6883 1759
6884 1815
6885 1759
6886 1762
6887 2481
6888 3245
6889 1762
6890 2059
6891 2001
6892 2216
6893 1768
6894 1768
6895 1768
6896 1768
6897 1768
6898 1768
6899 2176
6900 1849
6901 1919
6902 1770
6903 1771
6904 1771
6905 1771
6906 1771
6907 1772
6908 1773
6909 1773
6910 1773
6911 2559
6912 1773
6913 1773
6914 1773
6915 1773
6916 1773
6917 1773
6918 3263
6919 1773
6920 1774
6921 1774
6922 1774
6923 1774
6924 1774
6925 1920
6926 1777
6927 1777
6928 1777
6929 2218
6930 2763
6931 1777
6932 1777
6933 1778
6934 1778
6935 3242
6936 1778
6937 2285
6938 2438
6939 2516
6940 1782
6941 1782
6942 1782
6943 1787
6944 1788
6945 1788
6946 1791
6947 1791
6948 1792
6949 1793
6950 1793
6951 3045
6952 2303
6953 1806
6954 1798
6955 2196
6956 1799
6957 1799
6958 1801
6959 1802
6960 1806
6961 1807
6962 1807
6963 1807
6964 1807
6965 1807
6966 1808
6967 1808
6968 1808
6969 2959
6970 1815
6971 1820
6972 1820
6973 1821
6974 1821
6975 2704
6976 1823
6977 1823
6978 1825
6979 1825
6980 1825
6981 3164
6982 2058
6983 1827
6984 1964
6985 1969
6986 1852
6987 2768
6988 1830
6989 2100
6990 1831
6991 1831
6992 2230
6993 1832
6994 1832
6995 1833
6996 1835
6997 1836
6998 3047
6999 2926
7000 1836
7001 1836
7002 1836
7003 1838
7004 1839
7005 1839
7006 2586
7007 1839
7008 1839
7009 1839
7010 1842
7011 1844
7012 1953
7013 2828
7014 1845
7015 1847
7016 1847
7017 1847
7018 3108
7019 2383
7020 1849
7021 1849
7022 2211
7023 1849
7024 1849
7025 1849
7026 1957
7027 1850
7028 1850
7029 1850
7030 1851
7031 1851
7032 1851
7033 1851
7034 1851
7035 1851
7036 1851
7037 1851
7038 1853
7039 1854
7040 1856
7041 1856
7042 1857
7043 1858
7044 1859
7045 3241
7046 1859
7047 1859
7048 2343
7049 1859
7050 1859
7051 2049
7052 1859
7053 1860
7054 1860
7055 1860
7056 1860
7057 1860
7058 1860
7059 1860
7060 1860
7061 1860
7062 1860
7063 1860
7064 1860
7065 1860
7066 1860
7067 1860
7068 1860
7069 1860
7070 1860
7071 1861
7072 1861
7073 3195
7074 1861
7075 1861
7076 1862
7077 2177
7078 1866
7079 2861
7080 2419
7081 1870
7082 1870
7083 1870
7084 1871
7085 1871
7086 1871
7087 1873
7088 1873
7089 1873
7090 1873
7091 1873
7092 1873
7093 1873
7094 1873
7095 2824
7096 1873
7097 1875
7098 1875
7099 1875
7100 1876
7101 1876
7102 1877
7103 2750
7104 1878
7105 1879
7106 1879
7107 1879
7108 3291
7109 1879
7110 1879
7111 2603
7112 1879
7113 1882
7114 1882
7115 1883
7116 1883
7117 2687
7118 1883
7119 1884
7120 1884
7121 1885
7122 1885
7123 1887
7124 1892
7125 1892
7126 1892
7127 1892
7128 1892
7129 1892
7130 1896
7131 2581
7132 1897
7133 2646
7134 1906
7135 1906
7136 1907
7137 2334
7138 1907
7139 1907
7140 1913
7141 1913
7142 1913
7143 1913
7144 1914
7145 1915
7146 1915
7147 3031
7148 1915
7149 1918
7150 1918
7151 1943
7152 1920
7153 1920
7154 2921
7155 1920
7156 1922
7157 1923
7158 1923
7159 1925
7160 1926
7161 1926
7162 3298
7163 1926
7164 1926
7165 1926
7166 1926
7167 1926
7168 1926
7169 1926
7170 1928
7171 2541
7172 1930
7173 1930
7174 1931
7175 1931
7176 1931
7177 1931
7178 1931
7179 1931
7180 1933
7181 1933
7182 1933
7183 2827
7184 1935
7185 1935
7186 1935
7187 1935
7188 1935
7189 2124
7190 2500
7191 2315
7192 1940
7193 1940
7194 3233
7195 1940
7196 1940
7197 1940
7198 3178
7199 2308
7200 1946
7201 2482
7202 2886
7203 1947
7204 1949
7205 1951
7206 1951
7207 1951
7208 1951
7209 3104
7210 1956
7211 1956
7212 2699
7213 3220
7214 2045
7215 1959
7216 1959
7217 1959
7218 1959
7219 1959
7220 1959
7221 1961
7222 1961
7223 1961
7224 1961
7225 1963
7226 1963
7227 2110
7228 1963
7229 1964
7230 1964
7231 1964
7232 1964
7233 2146
7234 1964
7235 1971
7236 1974
7237 1975
7238 1975
7239 1975
7240 1976
7241 1978
7242 1978
7243 1978
7244 1978
7245 1978
7246 1978
7247 1978
7248 2512
7249 1981
7250 1981
7251 3158
7252 1981
7253 1983
7254 1983
7255 1983
7256 1984
7257 1984
7258 1984
7259 2726
7260 1984
7261 1984
7262 1984
7263 2307
7264 1984
7265 1984
7266 1987
7267 1989
7268 1990
7269 1990
7270 1990
7271 2903
7272 1990
7273 1990
7274 3163
7275 1990
7276 2213
7277 1990
7278 1991
7279 1991
7280 2014
7281 1993
7282 1993
7283 2928
7284 1993
7285 2427
7286 1993
7287 1993
7288 1993
7289 1993
7290 1993
7291 1993
7292 1993
7293 1993
7294 1993
7295 1993
7296 1993
7297 1993
7298 1993
7299 1995
7300 1995
7301 1998
7302 2002
7303 2012
7304 3212
7305 2013
7306 2014
7307 2468
7308 2014
7309 2015
7310 2015
7311 2015
7312 2016
7313 2016
7314 2506
7315 2016
7316 2016
7317 2017
7318 2017
7319 2017
7320 2020
7321 2024
7322 2027
7323 2028
7324 2028
7325 2028
7326 2029
7327 2030
7328 2030
7329 2030
7330 2030
7331 2030
7332 2030
7333 2030
7334 2030
7335 2030
7336 2095
7337 2030
7338 2030
7339 2030
7340 2030
7341 2030
7342 2030
7343 2210
7344 2030
7345 3009
7346 2030
7347 2030
7348 2413
7349 2030
7350 2243
7351 2690
7352 2527
7353 2030
7354 2030
7355 2030
7356 2030
7357 2033
7358 2034
7359 2034
7360 2037
7361 2621
7362 2037
7363 3279
7364 2037
7365 2042
7366 2679
7367 2543
7368 2044
7369 2044
7370 2044
7371 2814
7372 2044
7373 2582
7374 2044
7375 2044
7376 3207
7377 2044
7378 2044
7379 2044
7380 2044
7381 2044
7382 2044
7383 3271
7384 2044
7385 2044
7386 2577
7387 2044
7388 2122
7389 2044
7390 2044
7391 2044
7392 2044
7393 2044
7394 2044
7395 2044
7396 2044
7397 2378
7398 2044
7399 2044
7400 2044
7401 2044
7402 2044
7403 2044
7404 2044
7405 2856
7406 2044
7407 2044
7408 2553
7409 2299
7410 2044
7411 2044
7412 2714
7413 2254
7414 2044
7415 2044
7416 2044
7417 2044
7418 2044
7419 2044
7420 2044
7421 2931
7422 2044
7423 2175
7424 2044
7425 2044
7426 2044
7427 2044
7428 2479
7429 2885
7430 2044
7431 2044
7432 2618
7433 2540
7434 2044
7435 2620
7436 2044
7437 2044
7438 2044
7439 2044
7440 2044
7441 2044
7442 2044
7443 2044
7444 2379
7445 2044
7446 2044
7447 2044
7448 3008
7449 2044
7450 2044
7451 2044
7452 2044
7453 2502
7454 2044
7455 2044
7456 2044
7457 2883
7458 2044
7459 2044
7460 2044
7461 3082
7462 2044
7463 2044
7464 2711
7465 2044
7466 2044
7467 2044
7468 2044
7469 2044
7470 2044
7471 2044
7472 2044
7473 2428
7474 2044
7475 2044
7476 2044
7477 2044
7478 2044
7479 2044
7480 2044
7481 2044
7482 2313
7483 2044
7484 2044
7485 2044
7486 2044
7487 2317
7488 2044
7489 3091
7490 2044
7491 3071
7492 2044
7493 2044
7494 2044
7495 2767
7496 2044
7497 2044
7498 2044
7499 2044
7500 2044
7501 2044
7502 2044
7503 2044
7504 2044
7505 2044
7506 2044
7507 2044
7508 2044
7509 2293
7510 2044
7511 2044
7512 2044
7513 2044
7514 2044
7515 2156
7516 2044
7517 2044
7518 2044
7519 2044
7520 2044
7521 2044
7522 2044
7523 2044
7524 2077
7525 2044
7526 2044
7527 2044
7528 2044
7529 2044
7530 2044
7531 2044
7532 2044
7533 3083
7534 2044
7535 2044
7536 2044
7537 2044
7538 2044
7539 2044
7540 2404
7541 2044
7542 2044
7543 2044
7544 2044
7545 2044
7546 2344
7547 2044
7548 2168
7549 2044
7550 2044
7551 2044
7552 2044
7553 2044
7554 2044
7555 2354
7556 2044
7557 2044
7558 2044
7559 2044
7560 2044
7561 2044
7562 2044
7563 2044
7564 2044
7565 2044
7566 2044
7567 2044
7568 2044
7569 2044
7570 2044
7571 2044
7572 2044
7573 2044
7574 2560
7575 2044
7576 2044
7577 2044
7578 2044
7579 2044
7580 2044
7581 2044
7582 2044
7583 2392
7584 2044
7585 2283
7586 2044
7587 2044
7588 3168
7589 2044
7590 2044
7591 2044
7592 2044
7593 2044
7594 2044
7595 2044
7596 2044
7597 2811
7598 2044
7599 2044
7600 2044
7601 2044
7602 2044
7603 2045
7604 2045
7605 2045
7606 2046
7607 2206
7608 2049
7609 2049
7610 2049
7611 2052
7612 2052
7613 2053
7614 2053
7615 2053
7616 2054
7617 2054
7618 2563
7619 3025
7620 2056
7621 2056
7622 2056
7623 2056
7624 2961
7625 2326
7626 2057
7627 2058
7628 2061
7629 2087
7630 2062
7631 2063
7632 2693
7633 2347
7634 2063
7635 2064
7636 2064
7637 2065
7638 2065
7639 2744
7640 2068
7641 2070
7642 2071
7643 2077
7644 2079
7645 2080
7646 2081
7647 2510
7648 2081
7649 2081
7650 2081
7651 2081
7652 2081
7653 2081
7654 2081
7655 2084
7656 2086
7657 2087
7658 2486
7659 2087
7660 2087
7661 2087
7662 2087
7663 2087
7664 2087
7665 2087
7666 3116
7667 2088
7668 2089
7669 2092
7670 2093
7671 2095
7672 2095
7673 2095
7674 2095
7675 2096
7676 2096
7677 2406
7678 2096
7679 2096
7680 2096
7681 2096
7682 2096
7683 2096
7684 2848
7685 2097
7686 2098
7687 2099
7688 2102
7689 2102
7690 2102
7691 2102
7692 2102
7693 2102
7694 2105
7695 2994
7696 2109
7697 2109
7698 2109
7699 2109
7700 2109
7701 2109
7702 2111
7703 2204
7704 2112
7705 2113
7706 2115
7707 2115
7708 2115
7709 3068
7710 2116
7711 2118
7712 2119
7713 2119
7714 2122
7715 2556
7716 2122
7717 3036
7718 2125
7719 2125
7720 2127
7721 2130
7722 2130
7723 2130
7724 2135
7725 2130
7726 2131
7727 2132
7728 2132
7729 2132
7730 2132
7731 2132
7732 2134
7733 2134
7734 2135
7735 2135
7736 2135
7737 3221
7738 2135
7739 2135
7740 2636
7741 2136
7742 2887
7743 2136
7744 2136
7745 2136
7746 2143
7747 2143
7748 2143
7749 2144
7750 2331
7751 2145
7752 2145
7753 2145
7754 2145
7755 2770
7756 2146
7757 2147
7758 2147
7759 2957
7760 2149
7761 2149
7762 2474
7763 2150
7764 2150
7765 2150
7766 2150
7767 2150
7768 2330
7769 2150
7770 2153
7771 3059
7772 2155
7773 2155
7774 2155
7775 2155
7776 2155
7777 2155
7778 2155
7779 2897
7780 2158
7781 2158
7782 3118
7783 2161
7784 2161
7785 2165
7786 2165
7787 2165
7788 2165
7789 2835
7790 2165
7791 2165
7792 2165
7793 2165
7794 2166
7795 2166
7796 2166
7797 2609
7798 2168
7799 2169
7800 2169
7801 2171
7802 2172
7803 2175
7804 2176
7805 2176
7806 2176
7807 2176
7808 2178
7809 2178
7810 2180
7811 2181
7812 2181
7813 2182
7814 2182
7815 2182
7816 2182
7817 2182
7818 2182
7819 2182
7820 2182
7821 2600
7822 2182
7823 2182
7824 2184
7825 2189
7826 2190
7827 2191
7828 2191
7829 2191
7830 2191
7831 3287
7832 2191
7833 2191
7834 2191
7835 2191
7836 2191
7837 2191
7838 2191
7839 2246
7840 2191
7841 2191
7842 2191
7843 2191
7844 2191
7845 2191
7846 2191
7847 2372
7848 2567
7849 2191
7850 2191
7851 2191
7852 3126
7853 2193
7854 2193
7855 2376
7856 3256
7857 2193
7858 2193
7859 2193
7860 2193
7861 2710
7862 3026
7863 2193
7864 2193
7865 2193
7866 2836
7867 3187
7868 2939
7869 2193
7870 2193
7871 2193
7872 2389
7873 2196
7874 3110
7875 2196
7876 2196
7877 2196
7878 2762
7879 2197
7880 2434
7881 2198
7882 2201
7883 2201
7884 2201
7885 2201
7886 3182
7887 2201
7888 2202
7889 2202
7890 2202
7891 2202
7892 2683
7893 2202
7894 2202
7895 2655
7896 2557
7897 2202
7898 2202
7899 2202
7900 2202
7901 2203
7902 3053
7903 2435
7904 2203
7905 2301
7906 2203
7907 2203
7908 2203
7909 2204
7910 2206
7911 2209
7912 2209
7913 2212
7914 2212
7915 3160
7916 2213
7917 2213
7918 2213
7919 2213
7920 2213
7921 2213
7922 2213
7923 2213
7924 2213
7925 2213
7926 2213
7927 2213
7928 2213
7929 2213
7930 2671
7931 2213
7932 2213
7933 2213
7934 2213
7935 2213
7936 2213
7937 2213
7938 2213
7939 2213
7940 2213
7941 2213
7942 2213
7943 2213
7944 2213
7945 2648
7946 2213
7947 2213
7948 2213
7949 2213
7950 2213
7951 2213
7952 2213
7953 2213
7954 2213
7955 2213
7956 2213
7957 2613
7958 2214
7959 2234
7960 2216
7961 2216
7962 3073
7963 2216
7964 2217
7965 2218
7966 2218
7967 2218
7968 2218
7969 2218
7970 2218
7971 2218
7972 2218
7973 2218
7974 2218
7975 2218
7976 2218
7977 2218
7978 3003
7979 2218
7980 2218
7981 2218
7982 2218
7983 2218
7984 2218
7985 2218
7986 2270
7987 3042
7988 2218
7989 3194
7990 2218
7991 2670
7992 2218
7993 2218
7994 2218
7995 2218
7996 2219
7997 2251
7998 2222
7999 2223
8000 2223
8001 2223
8002 2224
8003 2632
8004 2225
8005 2225
8006 2226
8007 2637
8008 2226
8009 2232
8010 2232
8011 2232
8012 2233
8013 2234
8014 2664
8015 2235
8016 2235
8017 2235
8018 2235
8019 2235
8020 2235
8021 2235
8022 2235
8023 2235
8024 2235
8025 2235
8026 2235
8027 2235
8028 2235
8029 2235
8030 2235
8031 2235
8032 2235
8033 2235
8034 2235
8035 2235
8036 2235
8037 3154
8038 2235
8039 2235
8040 2235
8041 2235
8042 2235
8043 2235
8044 2507
8045 3111
8046 2235
8047 2345
8048 2235
8049 2235
8050 2754
8051 2235
8052 2235
8053 2235
8054 2236
8055 2822
8056 2236
8057 2236
8058 2236
8059 2236
8060 2236
8061 2910
8062 3299
8063 2236
8064 2328
8065 2236
8066 2236
8067 2236
8068 2236
8069 2236
8070 2236
8071 2837
8072 2236
8073 2236
8074 2236
8075 2236
8076 2236
8077 2236
8078 2236
8079 2306
8080 2236
8081 2236
8082 2236
8083 2236
8084 2336
8085 2236
8086 2236
8087 2236
8088 2236
8089 2236
8090 2236
8091 2236
8092 2659
8093 2236
8094 2236
8095 2236
8096 2236
8097 2893
8098 2236
8099 2236
8100 2236
8101 2236
8102 2236
8103 2236
8104 2236
8105 2236
8106 2236
8107 2236
8108 2236
8109 2236
8110 2236
8111 2236
8112 2236
8113 2236
8114 2236
8115 2236
8116 2236
8117 2236
8118 2236
8119 2236
8120 2236
8121 2236
8122 2236
8123 2236
8124 2236
8125 2236
8126 2236
8127 2236
8128 2236
8129 2236
8130 2238
8131 3265
8132 2942
8133 2241
8134 2241
8135 2318
8136 2241
8137 2244
8138 2244
8139 2244
8140 2244
8141 2249
8142 2249
8143 2249
8144 2798
8145 2249
8146 2253
8147 2254
8148 2254
8149 2432
8150 2254
8151 2254
8152 2254
8153 2254
8154 2256
8155 2257
8156 2257
8157 2258
8158 2258
8159 2258
8160 2258
8161 2260
8162 2260
8163 2260
8164 2260
8165 3281
8166 2260
8167 2260
8168 3215
8169 2260
8170 2260
8171 2260
8172 2260
8173 2260
8174 2260
8175 2262
8176 2262
8177 2263
8178 2263
8179 2263
8180 2263
8181 2269
8182 2269
8183 2270
8184 2273
8185 2274
8186 2274
8187 2275
8188 2278
8189 2278
8190 2278
8191 2912
8192 2279
8193 2279
8194 2279
8195 2279
8196 2279
8197 2622
8198 2576
8199 2282
8200 2452
8201 2663
8202 2285
8203 2692
8204 2286
8205 2286
8206 2288
8207 2288
8208 2288
8209 2288
8210 2288
8211 2738
8212 2288
8213 2288
8214 2624
8215 2288
8216 2289
8217 2979
8218 2289
8219 2601
8220 2289
8221 2290
8222 2291
8223 2291
8224 2292
8225 2292
8226 2292
8227 2292
8228 2417
8229 2292
8230 2292
8231 2292
8232 2647
8233 2292
8234 2797
8235 2292
8236 2292
8237 2292
8238 2292
8239 2292
8240 2292
8241 2292
8242 2292
8243 2737
8244 2338
8245 2292
8246 2292
8247 2292
8248 2294
8249 2809
8250 2297
8251 2298
8252 2303
8253 2307
8254 2657
8255 2307
8256 2595
8257 2309
8258 2309
8259 2309
8260 3069
8261 2309
8262 2309
8263 2309
8264 2310
8265 2310
8266 2310
8267 2310
8268 3029
8269 2312
8270 2313
8271 2313
8272 2313
8273 2408
8274 2315
8275 2694
8276 3060
8277 2317
8278 2323
8279 2323
8280 2323
8281 2323
8282 2323
8283 2323
8284 2324
8285 2325
8286 2334
8287 2335
8288 2571
8289 2335
8290 2682
8291 2335
8292 2335
8293 2335
8294 2335
8295 2335
8296 2335
8297 2335
8298 2335
8299 2335
8300 2336
8301 2336
8302 2336
8303 2336
8304 2336
8305 2337
8306 2339
8307 2341
8308 2341
8309 2343
8310 2345
8311 2347
8312 2349
8313 2349
8314 2349
8315 2349
8316 2349
8317 2349
8318 2349
8319 2350
8320 2351
8321 2351
8322 2352
8323 2353
8324 2353
8325 2353
8326 3203
8327 2353
8328 2353
8329 3092
8330 2353
8331 2353
8332 2353
8333 2355
8334 2355
8335 2356
8336 2358
8337 2359
8338 2359
8339 2359
8340 2359
8341 2359
8342 2359
8343 2359
8344 2362
8345 2364
8346 2364
8347 2365
8348 2365
8349 2365
8350 2367
8351 2367
8352 2367
8353 2370
8354 2371
8355 2371
8356 2371
8357 2371
8358 2371
8359 2371
8360 2371
8361 2371
8362 2372
8363 2372
8364 2372
8365 2373
8366 2376
8367 2381
8368 2382
8369 2382
8370 2382
8371 2382
8372 2382
8373 2382
8374 2383
8375 2383
8376 2383
8377 2384
8378 2384
8379 2384
8380 2386
8381 2386
8382 2386
8383 2386
8384 2386
8385 2386
8386 2386
8387 2386
8388 2386
8389 2386
8390 2386
8391 2386
8392 2386
8393 2520
8394 2394
8395 2394
8396 2394
8397 2396
8398 2397
8399 2401
8400 2402
8401 2402
8402 2402
8403 2402
8404 2402
8405 2402
8406 2402
8407 2402
8408 2403
8409 2403
8410 2403
8411 2403
8412 2403
8413 2403
8414 2623
8415 2403
8416 2403
8417 2403
8418 2403
8419 2403
8420 2403
8421 2403
8422 2403
8423 2403
8424 2403
8425 2403
8426 2406
8427 2801
8428 2407
8429 2542
8430 2430
8431 2407
8432 2410
8433 2410
8434 2411
8435 3239
8436 2411
8437 2411
8438 2889
8439 2413
8440 2413
8441 2416
8442 2416
8443 2416
8444 2417
8445 2417
8446 2421
8447 2423
8448 2424
8449 2424
8450 2424
8451 2424
8452 2425
8453 2425
8454 2425
8455 2425
8456 2425
8457 2429
8458 2436
8459 3204
8460 2438
8461 2438
8462 2438
8463 2445
8464 2445
8465 2447
8466 2448
8467 2448
8468 2448
8469 2448
8470 2448
8471 2448
8472 2448
8473 2448
8474 2448
8475 2448
8476 2448
8477 2448
8478 2448
8479 2448
8480 2448
8481 2448
8482 2450
8483 2452
8484 2453
8485 2460
8486 2460
8487 2460
8488 2536
8489 2461
8490 2461
8491 2461
8492 2461
8493 2461
8494 2461
8495 2461
8496 2463
8497 2464
8498 2470
8499 2561
8500 2522
8501 2470
8502 2470
8503 2470
8504 2470
8505 3086
8506 2470
8507 2470
8508 2470
8509 2470
8510 2470
8511 2470
8512 2471
8513 2473
8514 2473
8515 2782
8516 2473
8517 2474
8518 2474
8519 2474
8520 2474
8521 2474
8522 2475
8523 3011
8524 2476
8525 2533
8526 2476
8527 2476
8528 2476
8529 3274
8530 2478
8531 2478
8532 2816
8533 3125
8534 2479
8535 2479
8536 2481
8537 2481
8538 2481
8539 2481
8540 2481
8541 2481
8542 2481
8543 2482
8544 2484
8545 2484
8546 2485
8547 2485
8548 2486
8549 2487
8550 2487
8551 2487
8552 2487
8553 2489
8554 2788
8555 2491
8556 2491
8557 2491
8558 2495
8559 2495
8560 2495
8561 2495
8562 2496
8563 2496
8564 2496
8565 2496
8566 2496
8567 2496
8568 2496
8569 2497
8570 2498
8571 3231
8572 2501
8573 2580
8574 2501
8575 2501
8576 2501
8577 2503
8578 2503
8579 2923
8580 2506
8581 2507
8582 2507
8583 3119
8584 2507
8585 2507
8586 2507
8587 2507
8588 2507
8589 2507
8590 2507
8591 2507
8592 2507
8593 2510
8594 2765
8595 2510
8596 3243
8597 2510
8598 2512
8599 2517
8600 2517
8601 2517
8602 2517
8603 2517
8604 2517
8605 2517
8606 2517
8607 2708
8608 2517
8609 2517
8610 2517
8611 2517
8612 2517
8613 2786
8614 2517
8615 2517
8616 2517
8617 2517
8618 2517
8619 2535
8620 2649
8621 2521
8622 2522
8623 2523
8624 2524
8625 2524
8626 2524
8627 2524
8628 2524
8629 2524
8630 2524
8631 2525
8632 2525
8633 2531
8634 2532
8635 2534
8636 2534
8637 2534
8638 2534
8639 2534
8640 2535
8641 2536
8642 2537
8643 2537
8644 2538
8645 2538
8646 2538
8647 2538
8648 2562
8649 2538
8650 2539
8651 2973
8652 2539
8653 2541
8654 2541
8655 2541
8656 2542
8657 2545
8658 2548
8659 2970
8660 2548
8661 2549
8662 2686
8663 3138
8664 2554
8665 2554
8666 2554
8667 2556
8668 2557
8669 2559
8670 2559
8671 2559
8672 2559
8673 2559
8674 2562
8675 2562
8676 2562
8677 2562
8678 2562
8679 2562
8680 2562
8681 2562
8682 2562
8683 2562
8684 2562
8685 2562
8686 3021
8687 2562
8688 2563
8689 2571
8690 2572
8691 2574
8692 2576
8693 2576
8694 3004
8695 2576
8696 2577
8697 2577
8698 2580
8699 2580
8700 2580
8701 2580
8702 2580
8703 2905
8704 2580
8705 3169
8706 2580
8707 2582
8708 2582
8709 2582
8710 2584
8711 2584
8712 2730
8713 2584
8714 2584
8715 2584
8716 2584
8717 2584
8718 2584
8719 2584
8720 2943
8721 2584
8722 2584
8723 2584
8724 2584
8725 2584
8726 2584
8727 2584
8728 2584
8729 2584
8730 2584
8731 2584
8732 2584
8733 2584
8734 2584
8735 2584
8736 2585
8737 2589
8738 2589
8739 2590
8740 2590
8741 2591
8742 2838
8743 2592
8744 2593
8745 3000
8746 2594
8747 2594
8748 2594
8749 3244
8750 2596
8751 2598
8752 2799
8753 2598
8754 2598
8755 2598
8756 3228
8757 2598
8758 2599
8759 2599
8760 2599
8761 2599
8762 2599
8763 2599
8764 2600
8765 2601
8766 3129
8767 2601
8768 2601
8769 2601
8770 2603
8771 2603
8772 2603
8773 2603
8774 2608
8775 2608
8776 2608
8777 2608
8778 3167
8779 2609
8780 2609
8781 2609
8782 2938
8783 2612
8784 2614
8785 2614
8786 3208
8787 2614
8788 2616
8789 2618
8790 2618
8791 2618
8792 2618
8793 2618
8794 2618
8795 2618
8796 2618
8797 2619
8798 2619
8799 2620
8800 2626
8801 2626
8802 2626
8803 2989
8804 2628
8805 2628
8806 2628
8807 2634
8808 2795
8809 2634
8810 3260
8811 2634
8812 2634
8813 2634
8814 2634
8815 2634
8816 2635
8817 2635
8818 2635
8819 2638
8820 2638
8821 2638
8822 2639
8823 2640
8824 2640
8825 2796
8826 2640
8827 2640
8828 2640
8829 2640
8830 2641
8831 2642
8832 2642
8833 2642
8834 2642
8835 3015
8836 2643
8837 2643
8838 2643
8839 2643
8840 2643
8841 2644
8842 2650
8843 2650
8844 2651
8845 2652
8846 2652
8847 2653
8848 2653
8849 2655
8850 2657
8851 2657
8852 2657
8853 2657
8854 2657
8855 3147
8856 2657
8857 2657
8858 2660
8859 2660
8860 2660
8861 3079
8862 2660
8863 2660
8864 2680
8865 2666
8866 2666
8867 2666
8868 2666
8869 2666
8870 2666
8871 2666
8872 2666
8873 2666
8874 2667
8875 2667
8876 2668
8877 2669
8878 2670
8879 2821
8880 2676
8881 2676
8882 2676
8883 2676
8884 2919
8885 2680
8886 2680
8887 2680
8888 2680
8889 2680
8890 2682
8891 2682
8892 2682
8893 2682
8894 2682
8895 3288
8896 2682
8897 2683
8898 2686
8899 2688
8900 2688
8901 2690
8902 2692
8903 2694
8904 2694
8905 2698
8906 2698
8907 2700
8908 2700
8909 2703
8910 2703
8911 2703
8912 2703
8913 2704
8914 2705
8915 2705
8916 2705
8917 2706
8918 2706
8919 2706
8920 2706
8921 2710
8922 2710
8923 2710
8924 2710
8925 2711
8926 2711
8927 2711
8928 2711
8929 2711
8930 2712
8931 2712
8932 2712
8933 2712
8934 2733
8935 2712
8936 2715
8937 2715
8938 2715
8939 2715
8940 2715
8941 2715
8942 2715
8943 2847
8944 2715
8945 2715
8946 2715
8947 2715
8948 2715
8949 2715
8950 2715
8951 2715
8952 3094
8953 2715
8954 2715
8955 2715
8956 2715
8957 2720
8958 2720
8959 2720
8960 2720
8961 2720
8962 2720
8963 2720
8964 2726
8965 2729
8966 2730
8967 2734
8968 2739
8969 3157
8970 2739
8971 2739
8972 2849
8973 2739
8974 2739
8975 2756
8976 2739
8977 2739
8978 2739
8979 2739
8980 2739
8981 2739
8982 2739
8983 2739
8984 2832
8985 2739
8986 2739
8987 2739
8988 2739
8989 2739
8990 2739
8991 2739
8992 2739
8993 2739
8994 2739
8995 2739
8996 2739
8997 2739
8998 3007
8999 3127
9000 2739
9001 2739
9002 2739
9003 2739
9004 2739
9005 2739
9006 2739
9007 2739
9008 2950
9009 2739
9010 2739
9011 2739
9012 2739
9013 2739
9014 2739
9015 2739
9016 2739
9017 2739
9018 2739
9019 2996
9020 2739
9021 2739
9022 2812
9023 2739
9024 2739
9025 2739
9026 2792
9027 2739
9028 2739
9029 2739
9030 3264
9031 2740
9032 2740
9033 2742
9034 2743
9035 2743
9036 2743
9037 3218
9038 2743
9039 2743
9040 2743
9041 2743
9042 2743
9043 2743
9044 2743
9045 2743
9046 2744
9047 2747
9048 2747
9049 2747
9050 2747
9051 3301
9052 2750
9053 2750
9054 2750
9055 2750
9056 2753
9057 2756
9058 2756
9059 2760
9060 2761
9061 2761
9062 2761
9063 2761
9064 2761
9065 2763
9066 2763
9067 2764
9068 2764
9069 2764
9070 2764
9071 2765
9072 3061
9073 2765
9074 2774
9075 2774
9076 2774
9077 2776
9078 2776
9079 2778
9080 3085
9081 2778
9082 2778
9083 2779
9084 2779
9085 2779
9086 3084
9087 2779
9088 2779
9089 2779
9090 2779
9091 2779
9092 2779
9093 2779
9094 2779
9095 2779
9096 2779
9097 2781
9098 2782
9099 2782
9100 2784
9101 2784
9102 2784
9103 2784
9104 2784
9105 2784
9106 2784
9107 2784
9108 2784
9109 2784
9110 2784
9111 2784
9112 2784
9113 2784
9114 2784
9115 2784
9116 2784
9117 2784
9118 2784
9119 2784
9120 2784
9121 2784
9122 2784
9123 2784
9124 2784
9125 2784
9126 2784
9127 2784
9128 2784
9129 2784
9130 2784
9131 2784
9132 2787
9133 2788
9134 2788
9135 2788
9136 2788
9137 2788
9138 2788
9139 2788
9140 2788
9141 2788
9142 2788
9143 2788
9144 2788
9145 2788
9146 2793
9147 2795
9148 2795
9149 2795
9150 2796
9151 2796
9152 2796
9153 2796
9154 2796
9155 2800
9156 2800
9157 2800
9158 2800
9159 2800
9160 2801
9161 2801
9162 3223
9163 2969
9164 3143
9165 2801
9166 2874
9167 2801
9168 2801
9169 2801
9170 2802
9171 2802
9172 2806
9173 2806
9174 2806
9175 2806
9176 2806
9177 2812
9178 2812
9179 2814
9180 2814
9181 2814
9182 3038
9183 2814
9184 2814
9185 2814
9186 2814
9187 3293
9188 2817
9189 2817
9190 2817
9191 2817
9192 2817
9193 2817
9194 2817
9195 2817
9196 2819
9197 2819
9198 2819
9199 2822
9200 2822
9201 2822
9202 2824
9203 2827
9204 2828
9205 2828
9206 2828
9207 2837
9208 2837
9209 2837
9210 2837
9211 2839
9212 2839
9213 2978
9214 2839
9215 2840
9216 2843
9217 2843
9218 2843
9219 2844
9220 2844
9221 2844
9222 2847
9223 2847
9224 2847
9225 2847
9226 2848
9227 2848
9228 2852
9229 2854
9230 2854
9231 2854
9232 2854
9233 2857
9234 2857
9235 3106
9236 2857
9237 2857
9238 2857
9239 2857
9240 2857
9241 2857
9242 2857
9243 2857
9244 2857
9245 2857
9246 2858
9247 2861
9248 3191
9249 2864
9250 2864
9251 2864
9252 2864
9253 2867
9254 2867
9255 2867
9256 2871
9257 2871
9258 2872
9259 2872
9260 2876
9261 2963
9262 2877
9263 2877
9264 2878
9265 2878
9266 2880
9267 2880
9268 2880
9269 2880
9270 2880
9271 2880
9272 2880
9273 2880
9274 2880
9275 2880
9276 3295
9277 2883
9278 2884
9279 2884
9280 2886
9281 2887
9282 2887
9283 2925
9284 2887
9285 2887
9286 2887
9287 2887
9288 2887
9289 2887
9290 2887
9291 2888
9292 2888
9293 2888
9294 2888
9295 2897
9296 2899
9297 3055
9298 2902
9299 2903
9300 2903
9301 2903
9302 2903
9303 2903
9304 2904
9305 2904
9306 2905
9307 2906
9308 2908
9309 2908
9310 2909
9311 2909
9312 2909
9313 2910
9314 2911
9315 2916
9316 2917
9317 2919
9318 2919
9319 2923
9320 2924
9321 2924
9322 2926
9323 2930
9324 2930
9325 2932
9326 2935
9327 2936
9328 2937
9329 2939
9330 2939
9331 2940
9332 2940
9333 2940
9334 2940
9335 2940
9336 2940
9337 2940
9338 2940
9339 2940
9340 2940
9341 2940
9342 2940
9343 2940
9344 2940
9345 2940
9346 2940
9347 2940
9348 2940
9349 2940
9350 2940
9351 3226
9352 2940
9353 2983
9354 2940
9355 2940
9356 2940
9357 2940
9358 2940
9359 2940
9360 2943
9361 2943
9362 2943
9363 2948
9364 2948
9365 2949
9366 2950
9367 2951
9368 2954
9369 2954
9370 2954
9371 2954
9372 2954
9373 2954
9374 2954
9375 2960
9376 3296
9377 2960
9378 2960
9379 2960
9380 2960
9381 2960
9382 2960
9383 2960
9384 2960
9385 2960
9386 2962
9387 2962
9388 2962
9389 2962
9390 2962
9391 2963
9392 2963
9393 2967
9394 2967
9395 2967
9396 2967
9397 2967
9398 2967
9399 2967
9400 2967
9401 2967
9402 2967
9403 2970
9404 2970
9405 2970
9406 2970
9407 2970
9408 2970
9409 2970
9410 2970
9411 2970
9412 2970
9413 2970
9414 2970
9415 2997
9416 2970
9417 2970
9418 2970
9419 2970
9420 2970
9421 3206
9422 2970
9423 2970
9424 2970
9425 2970
9426 2970
9427 2970
9428 2970
9429 2970
9430 2970
9431 2970
9432 2970
9433 2970
9434 2970
9435 2970
9436 2970
9437 2970
9438 2970
9439 2970
9440 2970
9441 2970
9442 2970
9443 3184
9444 2970
9445 2970
9446 2970
9447 2970
9448 2970
9449 2970
9450 2972
9451 2973
9452 2977
9453 2977
9454 2977
9455 2977
9456 2977
9457 2977
9458 2977
9459 2978
9460 2978
9461 2978
9462 2978
9463 2980
9464 2980
9465 2980
9466 2980
9467 2981
9468 2981
9469 2983
9470 2984
9471 2984
9472 2984
9473 2985
9474 2986
9475 2987
9476 2989
9477 2989
9478 2994
9479 2995
9480 2997
9481 2997
9482 2999
9483 3001
9484 3001
9485 3003
9486 3003
9487 3003
9488 3003
9489 3003
9490 3003
9491 3003
9492 3003
9493 3004
9494 3004
9495 3004
9496 3004
9497 3004
9498 3004
9499 3004
9500 3004
9501 3004
9502 3004
9503 3004
9504 3004
9505 3004
9506 3004
9507 3004
9508 3004
9509 3004
9510 3008
9511 3008
9512 3009
9513 3009
9514 3019
9515 3019
9516 3020
9517 3026
9518 3028
9519 3028
9520 3028
9521 3028
9522 3028
9523 3028
9524 3028
9525 3028
9526 3029
9527 3032
9528 3033
9529 3033
9530 3035
9531 3142
9532 3041
9533 3043
9534 3043
9535 3044
9536 3044
9537 3044
9538 3044
9539 3044
9540 3044
9541 3044
9542 3044
9543 3044
9544 3057
9545 3044
9546 3044
9547 3044
9548 3044
9549 3044
9550 3044
9551 3044
9552 3044
9553 3044
9554 3044
9555 3045
9556 3045
9557 3045
9558 3045
9559 3046
9560 3046
9561 3046
9562 3046
9563 3124
9564 3046
9565 3046
9566 3048
9567 3048
9568 3048
9569 3179
9570 3048
9571 3048
9572 3048
9573 3048
9574 3048
9575 3048
9576 3048
9577 3048
9578 3048
9579 3048
9580 3048
9581 3048
9582 3048
9583 3048
9584 3048
9585 3048
9586 3049
9587 3051
9588 3051
9589 3051
9590 3052
9591 3052
9592 3052
9593 3052
9594 3052
9595 3081
9596 3056
9597 3058
9598 3059
9599 3059
9600 3059
9601 3132
9602 3074
9603 3061
9604 3061
9605 3066
9606 3066
9607 3067
9608 3067
9609 3067
9610 3068
9611 3069
9612 3069
9613 3069
9614 3071
9615 3071
9616 3071
9617 3071
9618 3072
9619 3072
9620 3072
9621 3072
9622 3072
9623 3072
9624 3072
9625 3072
9626 3072
9627 3072
9628 3072
9629 3072
9630 3072
9631 3072
9632 3072
9633 3240
9634 3074
9635 3076
9636 3076
9637 3144
9638 3076
9639 3076
9640 3076
9641 3076
9642 3076
9643 3080
9644 3081
9645 3290
9646 3081
9647 3081
9648 3269
9649 3081
9650 3081
9651 3081
9652 3081
9653 3081
9654 3081
9655 3081
9656 3081
9657 3081
9658 3081
9659 3081
9660 3081
9661 3081
9662 3081
9663 3081
9664 3081
9665 3081
9666 3081
9667 3084
9668 3084
9669 3084
9670 3084
9671 3084
9672 3084
9673 3084
9674 3084
9675 3085
9676 3092
9677 3092
9678 3092
9679 3092
9680 3092
9681 3095
9682 3099
9683 3100
9684 3100
9685 3103
9686 3103
9687 3103
9688 3103
9689 3104
9690 3104
9691 3105
9692 3106
9693 3106
9694 3106
9695 3110
9696 3110
9697 3110
9698 3112
9699 3115
9700 3119
9701 3120
9702 3120
9703 3120
9704 3120
9705 3120
9706 3120
9707 3120
9708 3121
9709 3125
9710 3125
9711 3126
9712 3126
9713 3129
9714 3129
9715 3129
9716 3129
9717 3129
9718 3130
9719 3130
9720 3130
9721 3130
9722 3130
9723 3130
9724 3132
9725 3132
9726 3132
9727 3132
9728 3132
9729 3132
9730 3132
9731 3132
9732 3132
9733 3156
9734 3139
9735 3139
9736 3139
9737 3139
9738 3141
9739 3141
9740 3141
9741 3141
9742 3141
9743 3141
9744 3141
9745 3141
9746 3141
9747 3141
9748 3141
9749 3144
9750 3144
9751 3145
9752 3145
9753 3147
9754 3147
9755 3147
9756 3147
9757 3147
9758 3227
9759 3147
9760 3148
9761 3149
9762 3149
9763 3149
9764 3149
9765 3149
9766 3151
9767 3154
9768 3154
9769 3156
9770 3157
9771 3157
9772 3157
9773 3159
9774 3160
9775 3162
9776 3162
9777 3163
9778 3165
9779 3165
9780 3165
9781 3165
9782 3165
9783 3167
9784 3170
9785 3172
9786 3172
9787 3172
9788 3173
9789 3174
9790 3174
9791 3174
9792 3174
9793 3174
9794 3174
9795 3176
9796 3176
9797 3177
9798 3177
9799 3177
9800 3177
9801 3177
9802 3178
9803 3178
9804 3178
9805 3178
9806 3178
9807 3178
9808 3178
9809 3178
9810 3178
9811 3179
9812 3180
9813 3182
9814 3182
9815 3182
9816 3182
9817 3183
9818 3183
9819 3184
9820 3185
9821 3185
9822 3186
9823 3187
9824 3187
9825 3187
9826 3187
9827 3187
9828 3190
9829 3190
9830 3190
9831 3191
9832 3192
9833 3193
9834 3193
9835 3197
9836 3199
9837 3202
9838 3202
9839 3202
9840 3203
9841 3203
9842 3203
9843 3203
9844 3203
9845 3203
9846 3203
9847 3204
9848 3204
9849 3205
9850 3205
9851 3205
9852 3207
9853 3208
9854 3208
9855 3208
9856 3208
9857 3208
9858 3210
9859 3210
9860 3210
9861 3210
9862 3210
9863 3210
9864 3210
9865 3214
9866 3214
9867 3217
9868 3218
9869 3222
9870 3222
9871 3222
9872 3224
9873 3224
9874 3224
9875 3224
9876 3225
9877 3230
9878 3230
9879 3230
9880 3230
9881 3230
9882 3230
9883 3230
9884 3230
9885 3230
9886 3230
9887 3230
9888 3230
9889 3232
9890 3232
9891 3235
9892 3235
9893 3235
9894 3235
9895 3235
9896 3235
9897 3235
9898 3235
9899 3236
9900 3238
9901 3238
9902 3238
9903 3238
9904 3238
9905 3238
9906 3238
9907 3238
9908 3238
9909 3238
9910 3238
9911 3238
9912 3240
9913 3240
9914 3243
9915 3246
9916 3246
9917 3247
9918 3247
9919 3249
9920 3251
9921 3251
9922 3251
9923 3251
9924 3251
9925 3254
9926 3256
9927 3256
9928 3258
9929 3259
9930 3259
9931 3260
9932 3260
9933 3260
9934 3260
9935 3260
9936 3260
9937 3260
9938 3261
9939 3264
9940 3264
9941 3264
9942 3266
9943 3267
9944 3268
9945 3268
9946 3269
9947 3269
9948 3269
9949 3271
9950 3271
9951 3271
9952 3271
9953 3271
9954 3271
9955 3271
9956 3271
9957 3271
9958 3271
9959 3273
9960 3273
9961 3273
9962 3273
9963 3273
9964 3274
9965 3275
9966 3275
9967 3276
9968 3276
9969 3277
9970 3279
9971 3281
9972 3281
9973 3281
9974 3282
9975 3282
9976 3282
9977 3285
9978 3285
9979 3285
9980 3285
9981 3285
9982 3285
9983 3285
9984 3285
9985 3285
9986 3285
9987 3287
9988 3291
9989 3295
9990 3296
9991 3296
9992 3296
9993 3296
9994 3296
9995 3296
9996 3297
9997 3297
9998 3297
9999 3298
