10000 9999
1 0
2 0
3 1
4 3
5 1
6 5
7 2
8 6
9 8
10 8
11 9
12 9
13 12
14 9
15 12
16 12
17 12
18 12
19 4
20 12
21 17
22 20
23 21
24 20
25 24
26 21
27 21
28 21
29 12
30 21
31 25
32 21
33 31
34 26
35 33
36 12
37 14
38 21
39 32
40 27
41 36
42 32
43 39
44 21
45 42
46 2
47 29
48 35
49 32
50 21
51 13
52 41
53 42
54 34
55 35
56 40
57 32
58 32
59 51
60 12
61 15
62 25
63 44
64 50
65 38
66 21
67 27
68 52
69 67
70 67
71 21
72 67
73 67
74 12
75 67
76 58
77 43
78 71
79 63
80 56
81 76
82 81
83 81
84 20
85 67
86 67
87 81
88 67
89 67
90 67
91 81
92 88
93 67
94 67
95 70
96 79
97 67
98 67
99 67
100 67
101 67
102 71
103 67
104 21
105 81
106 45
107 81
108 67
109 67
110 105
111 67
112 67
113 67
114 105
115 29
116 67
117 67
118 112
119 67
120 25
121 103
122 71
123 77
124 80
125 67
126 67
127 71
128 81
129 103
130 67
131 67
132 67
133 99
134 68
135 67
136 67
137 67
138 123
139 67
140 67
141 32
142 81
143 104
144 126
145 67
146 105
147 67
148 67
149 93
150 80
151 61
152 67
153 119
154 131
155 124
156 67
157 67
158 104
159 132
160 143
161 67
162 81
163 67
164 105
165 68
166 67
167 67
168 124
169 71
170 67
171 76
172 171
173 76
174 67
175 30
176 161
177 21
178 47
179 158
180 16
181 161
182 25
183 32
184 67
185 67
186 105
187 124
188 98
189 67
190 117
191 42
192 157
193 67
194 67
195 67
196 105
197 159
198 67
199 105
200 67
201 195
202 79
203 119
204 158
205 158
206 37
207 151
208 105
209 193
210 18
211 67
212 76
213 108
214 196
215 105
216 193
217 158
218 81
219 72
220 67
221 94
222 67
223 215
224 185
225 105
226 67
227 105
228 138
229 161
230 186
231 188
232 81
233 67
234 67
235 67
236 161
237 110
238 220
239 203
240 142
241 228
242 234
243 158
244 158
245 54
246 81
247 21
248 130
249 246
250 67
251 104
252 103
253 19
254 253
255 219
256 28
257 138
258 67
259 67
260 213
261 259
262 122
263 161
264 95
265 81
266 247
267 90
268 266
269 161
270 263
271 198
272 22
273 246
274 67
275 187
276 114
277 170
278 273
279 184
280 95
281 161
282 105
283 158
284 216
285 253
286 32
287 67
288 67
289 284
290 105
291 81
292 220
293 67
294 67
295 270
296 80
297 76
298 105
299 67
300 105
301 252
302 246
303 281
304 284
305 157
306 165
307 58
308 131
309 67
310 218
311 105
312 279
313 37
314 284
315 97
316 242
317 72
318 155
319 67
320 67
321 284
322 67
323 284
324 67
325 67
326 284
327 313
328 67
329 251
330 105
331 193
332 29
333 314
334 220
335 105
336 101
337 262
338 225
339 67
340 138
341 105
342 241
343 107
344 313
345 142
346 158
347 184
348 211
349 215
350 338
351 81
352 142
353 223
354 67
355 334
356 67
357 105
358 301
359 112
360 284
361 67
362 151
363 233
364 273
365 263
366 67
367 360
368 313
369 91
370 238
371 348
372 313
373 372
374 199
375 64
376 296
377 308
378 67
379 313
380 63
381 205
382 366
383 277
384 178
385 351
386 91
387 212
388 80
389 284
390 153
391 67
392 220
393 205
394 242
395 67
396 279
397 378
398 177
399 366
400 267
401 120
402 356
403 382
404 333
405 67
406 314
407 220
408 225
409 317
410 273
411 88
412 67
413 226
414 118
415 105
416 251
417 159
418 417
419 67
420 346
421 67
422 348
423 39
424 268
425 409
426 251
427 251
428 67
429 83
430 417
431 403
432 125
433 359
434 104
435 254
436 286
437 251
438 105
439 100
440 422
441 378
442 415
443 424
444 371
445 122
446 343
447 367
448 63
449 81
450 429
451 223
452 127
453 67
454 418
455 138
456 296
457 234
458 58
459 382
460 88
461 67
462 369
463 67
464 313
465 426
466 131
467 418
468 284
469 115
470 253
471 293
472 200
473 435
474 147
475 307
476 441
477 161
478 282
479 67
480 319
481 341
482 313
483 466
484 366
485 67
486 462
487 429
488 386
489 251
490 260
491 220
492 367
493 249
494 411
495 225
496 418
497 81
498 251
499 225
500 168
501 297
502 161
503 305
504 478
505 50
506 81
507 415
508 423
509 169
510 262
511 204
512 284
513 491
514 251
515 142
516 473
517 364
518 290
519 305
520 309
521 124
522 79
523 201
524 419
525 443
526 251
527 81
528 234
529 81
530 164
531 284
532 512
533 284
534 208
535 295
536 21
537 304
538 81
539 410
540 67
541 313
542 316
543 319
544 244
545 451
546 252
547 105
548 479
549 158
550 325
551 407
552 205
553 148
554 225
555 81
556 158
557 284
558 360
559 182
560 374
561 148
562 330
563 458
564 67
565 161
566 498
567 228
568 261
569 67
570 299
571 161
572 154
573 67
574 55
575 142
576 173
577 155
578 539
579 306
580 67
581 521
582 67
583 484
584 284
585 214
586 556
587 450
588 576
589 348
590 129
591 114
592 408
593 50
594 405
595 396
596 355
597 500
598 67
599 272
600 493
601 67
602 573
603 404
604 482
605 81
606 585
607 343
608 366
609 588
610 42
611 200
612 597
613 402
614 422
615 537
616 405
617 21
618 302
619 383
620 485
621 67
622 105
623 463
624 444
625 378
626 512
627 487
628 273
629 389
630 407
631 295
632 549
633 199
634 439
635 617
636 36
637 81
638 585
639 441
640 265
641 81
642 21
643 366
644 561
645 158
646 319
647 343
648 413
649 67
650 438
651 581
652 463
653 346
654 583
655 389
656 196
657 623
658 614
659 541
660 478
661 71
662 161
663 541
664 370
665 478
666 387
667 344
668 67
669 581
670 456
671 80
672 274
673 332
674 81
675 67
676 604
677 249
678 148
679 17
680 208
681 496
682 528
683 67
684 561
685 429
686 141
687 156
688 599
689 414
690 585
691 669
692 67
693 225
694 261
695 48
696 276
697 230
698 161
699 88
700 95
701 193
702 429
703 198
704 378
705 572
706 58
707 97
708 667
709 353
710 270
711 292
712 586
713 137
714 198
715 134
716 67
717 658
718 284
719 144
720 67
721 462
722 253
723 197
724 429
725 620
726 656
727 421
728 284
729 349
730 248
731 105
732 687
733 658
734 546
735 493
736 359
737 67
738 36
739 67
740 429
741 583
742 241
743 67
744 279
745 109
746 251
747 324
748 674
749 319
750 81
751 560
752 653
753 353
754 454
755 251
756 521
757 699
758 716
759 81
760 429
761 473
762 488
763 696
764 704
765 461
766 198
767 68
768 234
769 233
770 67
771 140
772 167
773 163
774 158
775 67
776 235
777 759
778 124
779 366
780 79
781 255
782 302
783 667
784 147
785 480
786 367
787 10
788 198
789 16
790 675
791 481
792 192
793 67
794 81
795 752
796 67
797 468
798 246
799 281
800 696
801 429
802 478
803 81
804 326
805 220
806 717
807 686
808 163
809 586
810 623
811 429
812 583
813 161
814 525
815 507
816 378
817 394
818 791
819 103
820 673
821 88
822 67
823 619
824 486
825 769
826 360
827 206
828 286
829 732
830 749
831 663
832 658
833 297
834 318
835 556
836 562
837 667
838 358
839 429
840 105
841 179
842 105
843 678
844 654
845 81
846 81
847 719
848 71
849 67
850 247
851 32
852 310
853 437
854 367
855 807
856 279
857 667
858 284
859 105
860 610
861 464
862 736
863 142
864 785
865 81
866 597
867 208
868 118
869 667
870 120
871 250
872 737
873 124
874 67
875 259
876 67
877 227
878 482
879 667
880 341
881 285
882 673
883 21
884 667
885 682
886 275
887 389
888 106
889 67
890 129
891 297
892 67
893 67
894 585
895 161
896 730
897 67
898 135
899 699
900 386
901 484
902 371
903 700
904 562
905 667
906 883
907 653
908 481
909 21
910 795
911 696
912 473
913 839
914 77
915 766
916 366
917 11
918 67
919 918
920 597
921 251
922 623
923 625
924 919
925 674
926 390
927 467
928 585
929 426
930 758
931 835
932 441
933 667
934 896
935 67
936 762
937 351
938 77
939 399
940 354
941 437
942 343
943 484
944 771
945 775
946 770
947 932
948 81
949 467
950 67
951 113
952 212
953 444
954 559
955 605
956 908
957 284
958 531
959 840
960 896
961 426
962 220
963 387
964 473
965 352
966 547
967 846
968 658
969 603
970 195
971 67
972 953
973 81
974 451
975 834
976 387
977 886
978 493
979 360
980 370
981 658
982 674
983 915
984 97
985 905
986 318
987 637
988 905
989 660
990 226
991 479
992 752
993 795
994 550
995 936
996 834
997 623
998 429
999 896
1000 742
1001 960
1002 468
1003 887
1004 896
1005 142
1006 791
1007 67
1008 781
1009 964
1010 321
1011 953
1012 770
1013 160
1014 578
1015 366
1016 674
1017 915
1018 673
1019 173
1020 10
1021 207
1022 769
1023 251
1024 1003
1025 562
1026 311
1027 824
1028 653
1029 635
1030 975
1031 158
1032 711
1033 429
1034 913
1035 905
1036 620
1037 389
1038 278
1039 670
1040 284
1041 536
1042 696
1043 597
1044 528
1045 638
1046 1042
1047 960
1048 415
1049 667
1050 658
1051 642
1052 922
1053 1029
1054 1027
1055 371
1056 122
1057 796
1058 960
1059 156
1060 600
1061 796
1062 668
1063 828
1064 673
1065 803
1066 738
1067 706
1068 237
1069 749
1070 103
1071 142
1072 628
1073 323
1074 297
1075 561
1076 877
1077 67
1078 1071
1079 846
1080 67
1081 947
1082 563
1083 138
1084 87
1085 617
1086 752
1087 225
1088 259
1089 949
1090 726
1091 872
1092 840
1093 702
1094 927
1095 749
1096 960
1097 389
1098 279
1099 1092
1100 494
1101 225
1102 69
1103 621
1104 228
1105 971
1106 109
1107 1038
1108 930
1109 740
1110 673
1111 456
1112 683
1113 989
1114 143
1115 67
1116 984
1117 863
1118 386
1119 43
1120 67
1121 896
1122 454
1123 248
1124 1003
1125 983
1126 845
1127 653
1128 562
1129 846
1130 863
1131 869
1132 490
1133 202
1134 823
1135 514
1136 1081
1137 108
1138 862
1139 310
1140 881
1141 877
1142 611
1143 936
1144 251
1145 828
1146 707
1147 405
1148 673
1149 595
1150 953
1151 1106
1152 1047
1153 279
1154 1147
1155 88
1156 1086
1157 373
1158 871
1159 105
1160 912
1161 1017
1162 674
1163 342
1164 146
1165 749
1166 1038
1167 737
1168 984
1169 1157
1170 877
1171 157
1172 396
1173 585
1174 81
1175 1102
1176 367
1177 67
1178 872
1179 1115
1180 67
1181 1144
1182 1054
1183 376
1184 345
1185 88
1186 1155
1187 409
1188 1038
1189 660
1190 1147
1191 837
1192 1038
1193 166
1194 474
1195 408
1196 728
1197 1165
1198 1189
1199 67
1200 118
1201 762
1202 915
1203 779
1204 429
1205 1084
1206 1189
1207 261
1208 691
1209 846
1210 579
1211 1147
1212 732
1213 819
1214 868
1215 737
1216 537
1217 1118
1218 667
1219 67
1220 671
1221 284
1222 251
1223 834
1224 915
1225 844
1226 741
1227 667
1228 1204
1229 1147
1230 396
1231 284
1232 1149
1233 103
1234 1166
1235 915
1236 170
1237 1089
1238 389
1239 940
1240 367
1241 1132
1242 953
1243 1114
1244 615
1245 667
1246 500
1247 667
1248 1077
1249 846
1250 506
1251 834
1252 466
1253 114
1254 955
1255 586
1256 872
1257 378
1258 67
1259 845
1260 91
1261 953
1262 872
1263 105
1264 86
1265 215
1266 872
1267 12
1268 138
1269 1072
1270 306
1271 154
1272 418
1273 767
1274 395
1275 81
1276 631
1277 749
1278 783
1279 302
1280 876
1281 156
1282 658
1283 67
1284 261
1285 354
1286 1147
1287 23
1288 686
1289 947
1290 902
1291 473
1292 67
1293 1147
1294 1198
1295 997
1296 730
1297 1167
1298 867
1299 708
1300 261
1301 427
1302 53
1303 105
1304 1119
1305 1189
1306 176
1307 273
1308 696
1309 333
1310 154
1311 761
1312 807
1313 83
1314 382
1315 1292
1316 453
1317 1013
1318 778
1319 193
1320 790
1321 702
1322 1208
1323 904
1324 1147
1325 384
1326 67
1327 124
1328 1140
1329 7
1330 1302
1331 958
1332 863
1333 71
1334 548
1335 1255
1336 564
1337 674
1338 886
1339 1263
1340 896
1341 655
1342 549
1343 67
1344 1303
1345 670
1346 378
1347 915
1348 1093
1349 1271
1350 67
1351 112
1352 1201
1353 373
1354 1342
1355 1088
1356 67
1357 67
1358 1282
1359 1319
1360 607
1361 284
1362 960
1363 733
1364 605
1365 137
1366 674
1367 717
1368 82
1369 81
1370 205
1371 67
1372 717
1373 154
1374 1239
1375 67
1376 67
1377 1084
1378 921
1379 686
1380 67
1381 1147
1382 842
1383 405
1384 896
1385 1257
1386 236
1387 105
1388 1147
1389 673
1390 1038
1391 1133
1392 67
1393 1364
1394 1263
1395 452
1396 494
1397 1390
1398 1197
1399 67
1400 474
1401 265
1402 736
1403 861
1404 674
1405 955
1406 1276
1407 265
1408 1260
1409 378
1410 824
1411 862
1412 1339
1413 1340
1414 1343
1415 1225
1416 1263
1417 1385
1418 1307
1419 812
1420 1320
1421 366
1422 872
1423 997
1424 1129
1425 428
1426 455
1427 1289
1428 1265
1429 1147
1430 1257
1431 806
1432 220
1433 697
1434 1290
1435 465
1436 105
1437 935
1438 1330
1439 1263
1440 1313
1441 21
1442 848
1443 1179
1444 1405
1445 883
1446 581
1447 561
1448 947
1449 1218
1450 1364
1451 359
1452 247
1453 1340
1454 1147
1455 957
1456 143
1457 1099
1458 1405
1459 476
1460 1442
1461 445
1462 830
1463 1006
1464 703
1465 1308
1466 621
1467 997
1468 1263
1469 161
1470 60
1471 1365
1472 617
1473 429
1474 947
1475 343
1476 1124
1477 984
1478 495
1479 653
1480 1032
1481 562
1482 224
1483 67
1484 1427
1485 259
1486 1107
1487 996
1488 1226
1489 660
1490 1162
1491 1028
1492 556
1493 667
1494 19
1495 1354
1496 1192
1497 1457
1498 1475
1499 1303
1500 940
1501 603
1502 1324
1503 49
1504 1350
1505 674
1506 488
1507 112
1508 689
1509 1365
1510 1225
1511 1506
1512 1315
1513 569
1514 996
1515 821
1516 606
1517 1425
1518 1163
1519 1478
1520 1427
1521 1263
1522 427
1523 1010
1524 777
1525 886
1526 825
1527 950
1528 803
1529 1038
1530 829
1531 1405
1532 1137
1533 852
1534 1065
1535 701
1536 46
1537 931
1538 473
1539 1519
1540 156
1541 205
1542 1142
1543 619
1544 656
1545 341
1546 1263
1547 974
1548 1467
1549 1098
1550 1038
1551 675
1552 152
1553 1035
1554 1342
1555 667
1556 502
1557 342
1558 959
1559 1303
1560 312
1561 220
1562 987
1563 1038
1564 1399
1565 1431
1566 317
1567 1108
1568 1472
1569 896
1570 142
1571 749
1572 1472
1573 1473
1574 1565
1575 1241
1576 520
1577 1450
1578 208
1579 1393
1580 1038
1581 229
1582 504
1583 863
1584 673
1585 673
1586 1326
1587 65
1588 912
1589 556
1590 1233
1591 1038
1592 749
1593 1302
1594 907
1595 1351
1596 957
1597 326
1598 1228
1599 1449
1600 273
1601 1446
1602 663
1603 1084
1604 1519
1605 1488
1606 1416
1607 81
1608 577
1609 1420
1610 1607
1611 705
1612 872
1613 679
1614 262
1615 523
1616 950
1617 905
1618 1028
1619 1467
1620 827
1621 366
1622 707
1623 287
1624 1189
1625 1603
1626 1257
1627 67
1628 427
1629 1519
1630 1245
1631 1480
1632 1257
1633 478
1634 279
1635 872
1636 570
1637 1519
1638 367
1639 283
1640 313
1641 1635
1642 1565
1643 1409
1644 1094
1645 1558
1646 251
1647 165
1648 1174
1649 1549
1650 872
1651 915
1652 225
1653 1009
1654 500
1655 1591
1656 1189
1657 1362
1658 1084
1659 138
1660 1504
1661 976
1662 343
1663 795
1664 642
1665 712
1666 672
1667 829
1668 896
1669 853
1670 854
1671 544
1672 521
1673 1402
1674 1653
1675 1384
1676 473
1677 103
1678 876
1679 1167
1680 67
1681 1651
1682 1562
1683 1263
1684 1257
1685 857
1686 1405
1687 734
1688 259
1689 217
1690 1354
1691 1505
1692 493
1693 132
1694 567
1695 1516
1696 657
1697 1276
1698 834
1699 984
1700 1637
1701 1700
1702 81
1703 796
1704 402
1705 1655
1706 667
1707 139
1708 218
1709 382
1710 736
1711 1263
1712 336
1713 1536
1714 1700
1715 96
1716 587
1717 803
1718 1311
1719 667
1720 1457
1721 1651
1722 81
1723 1147
1724 879
1725 710
1726 1503
1727 1700
1728 1419
1729 1584
1730 569
1731 585
1732 1349
1733 161
1734 1237
1735 653
1736 471
1737 1040
1738 1681
1739 1127
1740 1346
1741 1426
1742 619
1743 232
1744 227
1745 1099
1746 1743
1747 1263
1748 760
1749 1324
1750 151
1751 1425
1752 1322
1753 1606
1754 1336
1755 1500
1756 660
1757 1186
1758 753
1759 306
1760 433
1761 666
1762 67
1763 1126
1764 915
1765 1426
1766 1683
1767 732
1768 1084
1769 1493
1770 1505
1771 960
1772 174
1773 607
1774 896
1775 596
1776 1134
1777 142
1778 893
1779 846
1780 75
1781 347
1782 319
1783 1032
1784 1629
1785 67
1786 1519
1787 1174
1788 1228
1789 1590
1790 896
1791 1005
1792 1038
1793 1098
1794 1676
1795 366
1796 1426
1797 1483
1798 1014
1799 1519
1800 1336
1801 1463
1802 290
1803 649
1804 960
1805 601
1806 1393
1807 846
1808 959
1809 1789
1810 1506
1811 67
1812 1499
1813 279
1814 994
1815 349
1816 959
1817 939
1818 261
1819 906
1820 1723
1821 1263
1822 542
1823 1051
1824 428
1825 1263
1826 647
1827 983
1828 1038
1829 1119
1830 34
1831 29
1832 1276
1833 1520
1834 1680
1835 1655
1836 1232
1837 1464
1838 111
1839 791
1840 1762
1841 475
1842 1146
1843 1704
1844 1655
1845 642
1846 343
1847 653
1848 1163
1849 378
1850 1519
1851 403
1852 1806
1853 788
1854 640
1855 1830
1856 506
1857 118
1858 105
1859 499
1860 538
1861 456
1862 1147
1863 1519
1864 1827
1865 1160
1866 814
1867 1491
1868 1334
1869 786
1870 1745
1871 1001
1872 997
1873 1147
1874 1463
1875 1519
1876 1668
1877 960
1878 387
1879 1342
1880 1508
1881 101
1882 897
1883 628
1884 1646
1885 1650
1886 1084
1887 687
1888 803
1889 1475
1890 406
1891 1765
1892 831
1893 447
1894 1081
1895 1013
1896 904
1897 265
1898 1461
1899 977
1900 597
1901 1189
1902 506
1903 1499
1904 691
1905 1871
1906 296
1907 377
1908 1538
1909 1700
1910 1038
1911 862
1912 1573
1913 1321
1914 683
1915 398
1916 505
1917 1038
1918 1519
1919 737
1920 202
1921 656
1922 1147
1923 1631
1924 846
1925 1238
1926 366
1927 1313
1928 1774
1929 1659
1930 367
1931 535
1932 1655
1933 1165
1934 1904
1935 305
1936 803
1937 389
1938 1390
1939 1382
1940 226
1941 1313
1942 1710
1943 67
1944 1147
1945 1299
1946 1579
1947 1475
1948 1560
1949 1096
1950 327
1951 378
1952 1685
1953 1220
1954 675
1955 896
1956 1060
1957 946
1958 508
1959 105
1960 1788
1961 19
1962 429
1963 1676
1964 1743
1965 1175
1966 593
1967 1405
1968 1456
1969 1705
1970 1186
1971 1743
1972 1959
1973 1063
1974 448
1975 714
1976 1147
1977 1147
1978 396
1979 1461
1980 330
1981 1313
1982 1788
1983 971
1984 1214
1985 1757
1986 1932
1987 107
1988 1565
1989 1155
1990 284
1991 1393
1992 1727
1993 556
1994 920
1995 1155
1996 1788
1997 1081
1998 845
1999 1520
2000 840
2001 946
2002 1970
2003 161
2004 418
2005 1391
2006 67
2007 1999
2008 957
2009 359
2010 1762
2011 717
2012 161
2013 958
2014 1649
2015 983
2016 1936
2017 860
2018 1223
2019 1227
2020 1930
2021 1825
2022 1054
2023 1467
2024 1993
2025 462
2026 174
2027 88
2028 1257
2029 1427
2030 1567
2031 552
2032 994
2033 1508
2034 1107
2035 1111
2036 1257
2037 1406
2038 350
2039 1011
2040 1985
2041 671
2042 1640
2043 67
2044 1995
2045 1353
2046 1404
2047 628
2048 1951
2049 1189
2050 904
2051 1604
2052 76
2053 446
2054 1387
2055 462
2056 1601
2057 1814
2058 1376
2059 939
2060 1680
2061 367
2062 407
2063 1155
2064 846
2065 558
2066 1425
2067 1071
2068 440
2069 1495
2070 681
2071 569
2072 537
2073 1642
2074 960
2075 313
2076 1189
2077 872
2078 226
2079 1965
2080 1519
2081 1396
2082 361
2083 680
2084 1076
2085 1677
2086 1642
2087 1585
2088 1526
2089 1642
2090 1930
2091 827
2092 1676
2093 451
2094 451
2095 2088
2096 1353
2097 1920
2098 1160
2099 1732
2100 880
2101 2041
2102 1743
2103 777
2104 1925
2105 488
2106 833
2107 1457
2108 971
2109 1696
2110 717
2111 70
2112 1155
2113 1437
2114 1270
2115 1053
2116 1504
2117 1255
2118 1265
2119 673
2120 326
2121 2064
2122 2088
2123 1616
2124 1590
2125 896
2126 798
2127 1703
2128 1860
2129 1690
2130 186
2131 1020
2132 222
2133 326
2134 978
2135 1891
2136 674
2137 685
2138 1405
2139 1646
2140 67
2141 1542
2142 72
2143 582
2144 429
2145 1762
2146 671
2147 1081
2148 576
2149 1820
2150 1911
2151 1540
2152 673
2153 2133
2154 1519
2155 2094
2156 49
2157 105
2158 653
2159 658
2160 1158
2161 1748
2162 1886
2163 1473
2164 1147
2165 2005
2166 1651
2167 983
2168 2067
2169 1159
2170 2004
2171 1832
2172 67
2173 81
2174 2156
2175 1036
2176 262
2177 2045
2178 2018
2179 564
2180 323
2181 203
2182 1291
2183 857
2184 67
2185 585
2186 514
2187 1329
2188 124
2189 154
2190 1819
2191 673
2192 520
2193 718
2194 1392
2195 1180
2196 67
2197 1873
2198 62
2199 2104
2200 2079
2201 2176
2202 541
2203 1822
2204 2094
2205 1202
2206 1509
2207 523
2208 597
2209 1581
2210 667
2211 131
2212 414
2213 1425
2214 1258
2215 1461
2216 1563
2217 1609
2218 279
2219 809
2220 1284
2221 81
2222 2123
2223 1519
2224 856
2225 1570
2226 1684
2227 556
2228 1420
2229 733
2230 707
2231 935
2232 851
2233 1360
2234 1294
2235 733
2236 1126
2237 284
2238 1959
2239 1614
2240 1455
2241 1084
2242 644
2243 346
2244 1461
2245 219
2246 1532
2247 1096
2248 2044
2249 270
2250 1353
2251 1811
2252 1143
2253 1490
2254 2001
2255 2179
2256 1778
2257 634
2258 2204
2259 1119
2260 1461
2261 405
2262 641
2263 1967
2264 795
2265 1416
2266 655
2267 1313
2268 1189
2269 1127
2270 1891
2271 425
2272 1863
2273 2213
2274 1902
2275 655
2276 1604
2277 760
2278 1820
2279 714
2280 1450
2281 2026
2282 583
2283 2094
2284 1425
2285 1519
2286 2105
2287 696
2288 1982
2289 1502
2290 2163
2291 676
2292 1976
2293 1970
2294 2176
2295 2211
2296 650
2297 1977
2298 906
2299 880
2300 67
2301 82
2302 76
2303 2038
2304 1813
2305 2047
2306 1760
2307 700
2308 1463
2309 1788
2310 1209
2311 1390
2312 705
2313 2007
2314 838
2315 2281
2316 1049
2317 1824
2318 2056
2319 929
2320 1281
2321 1117
2322 2001
2323 951
2324 162
2325 2026
2326 1786
2327 1272
2328 1263
2329 695
2330 1642
2331 2001
2332 2179
2333 1704
2334 1519
2335 1898
2336 750
2337 894
2338 2227
2339 2008
2340 1742
2341 2195
2342 983
2343 320
2344 1147
2345 1627
2346 2198
2347 717
2348 284
2349 2158
2350 244
2351 674
2352 2011
2353 2026
2354 366
2355 1851
2356 2309
2357 325
2358 2162
2359 1519
2360 1479
2361 1344
2362 1966
2363 2021
2364 545
2365 1700
2366 2031
2367 769
2368 563
2369 343
2370 251
2371 1426
2372 623
2373 1493
2374 674
2375 2164
2376 2181
2377 2319
2378 2227
2379 1147
2380 1212
2381 434
2382 1730
2383 1959
2384 2256
2385 1847
2386 1426
2387 1786
2388 1921
2389 2062
2390 688
2391 873
2392 1519
2393 1081
2394 607
2395 872
2396 1895
2397 1142
2398 2001
2399 1263
2400 1394
2401 1585
2402 749
2403 1040
2404 1699
2405 673
2406 153
2407 1677
2408 1375
2409 2042
2410 983
2411 1127
2412 1017
2413 929
2414 803
2415 2067
2416 1084
2417 787
2418 67
2419 1281
2420 2394
2421 2225
2422 1565
2423 957
2424 1261
2425 560
2426 1251
2427 67
2428 1837
2429 703
2430 1342
2431 937
2432 1405
2433 1976
2434 1532
2435 313
2436 2314
2437 1545
2438 2228
2439 2426
2440 1263
2441 2426
2442 870
2443 2094
2444 1568
2445 2176
2446 851
2447 1842
2448 1263
2449 1121
2450 378
2451 1068
2452 2031
2453 1054
2454 1154
2455 32
2456 1788
2457 1298
2458 1555
2459 1788
2460 736
2461 1253
2462 2301
2463 522
2464 1966
2465 1519
2466 1771
2467 71
2468 21
2469 1813
2470 2202
2471 1840
2472 2288
2473 666
2474 63
2475 702
2476 2095
2477 1925
2478 453
2479 88
2480 1942
2481 681
2482 599
2483 2448
2484 2128
2485 1930
2486 896
2487 2329
2488 1588
2489 1017
2490 447
2491 1070
2492 2188
2493 1819
2494 1616
2495 284
2496 538
2497 2257
2498 1362
2499 362
2500 2373
2501 2283
2502 1114
2503 2434
2504 1852
2505 673
2506 389
2507 2418
2508 1251
2509 1039
2510 2436
2511 1567
2512 2164
2513 2368
2514 2508
2515 2088
2516 957
2517 2175
2518 2154
2519 1147
2520 12
2521 2081
2522 1558
2523 1808
2524 1986
2525 2034
2526 1726
2527 960
2528 896
2529 1642
2530 1897
2531 2003
2532 2184
2533 1673
2534 929
2535 220
2536 1519
2537 1934
2538 2325
2539 1409
2540 649
2541 2420
2542 848
2543 1916
2544 2236
2545 1846
2546 691
2547 280
2548 67
2549 2233
2550 2061
2551 1929
2552 1338
2553 298
2554 2253
2555 2044
2556 2177
2557 1442
2558 1407
2559 1342
2560 1857
2561 158
2562 947
2563 617
2564 441
2565 1276
2566 2336
2567 1676
2568 2354
2569 2424
2570 1519
2571 1765
2572 1527
2573 1457
2574 2008
2575 748
2576 1636
2577 1973
2578 175
2579 2569
2580 677
2581 1991
2582 556
2583 1506
2584 77
2585 697
2586 2440
2587 205
2588 1639
2589 1451
2590 1685
2591 1781
2592 1897
2593 984
2594 2426
2595 359
2596 2056
2597 803
2598 2544
2599 1087
2600 617
2601 67
2602 1991
2603 1726
2604 1629
2605 1642
2606 1850
2607 2227
2608 2129
2609 2301
2610 1302
2611 367
2612 484
2613 1265
2614 1860
2615 1566
2616 1530
2617 1888
2618 1471
2619 2392
2620 883
2621 994
2622 2581
2623 1875
2624 713
2625 381
2626 1814
2627 1747
2628 1422
2629 2301
2630 1367
2631 1363
2632 2227
2633 989
2634 1925
2635 2542
2636 1130
2637 1089
2638 2408
2639 1316
2640 2486
2641 1224
2642 1331
2643 2426
2644 2312
2645 1263
2646 1342
2647 872
2648 366
2649 225
2650 530
2651 1336
2652 1565
2653 1147
2654 1263
2655 1038
2656 225
2657 700
2658 1982
2659 1084
2660 851
2661 2605
2662 815
2663 1633
2664 2471
2665 2549
2666 2616
2667 1763
2668 915
2669 1415
2670 3
2671 667
2672 2453
2673 1253
2674 2260
2675 1899
2676 2560
2677 2144
2678 1802
2679 2106
2680 67
2681 1263
2682 2367
2683 1976
2684 2285
2685 1999
2686 494
2687 1737
2688 905
2689 2458
2690 1630
2691 302
2692 2426
2693 158
2694 2591
2695 563
2696 2024
2697 1000
2698 1109
2699 1706
2700 1522
2701 2306
2702 1520
2703 1593
2704 2399
2705 1820
2706 1321
2707 772
2708 1424
2709 1006
2710 1147
2711 592
2712 1477
2713 1614
2714 1313
2715 2204
2716 1081
2717 1414
2718 61
2719 1342
2720 1743
2721 1713
2722 396
2723 863
2724 2046
2725 1898
2726 2381
2727 1184
2728 984
2729 1665
2730 2501
2731 1519
2732 913
2733 1819
2734 2161
2735 823
2736 1674
2737 1096
2738 694
2739 2687
2740 200
2741 2426
2742 1487
2743 2238
2744 2725
2745 2742
2746 1252
2747 1920
2748 1798
2749 842
2750 1263
2751 632
2752 1066
2753 1262
2754 1925
2755 1353
2756 1227
2757 2745
2758 863
2759 2001
2760 673
2761 1804
2762 1887
2763 1976
2764 1517
2765 2307
2766 828
2767 1427
2768 1084
2769 2416
2770 1200
2771 1507
2772 2195
2773 2520
2774 267
2775 1321
2776 1131
2777 2437
2778 2534
2779 1419
2780 2026
2781 1476
2782 1312
2783 313
2784 172
2785 1128
2786 355
2787 879
2788 665
2789 2544
2790 2716
2791 2780
2792 1909
2793 2714
2794 2722
2795 749
2796 2229
2797 1680
2798 511
2799 67
2800 81
2801 2785
2802 12
2803 284
2804 834
2805 2301
2806 341
2807 2632
2808 1444
2809 2115
2810 1621
2811 846
2812 904
2813 1263
2814 1691
2815 2031
2816 1960
2817 2159
2818 532
2819 225
2820 1976
2821 1951
2822 1682
2823 2356
2824 528
2825 2503
2826 904
2827 675
2828 2623
2829 2478
2830 1330
2831 2009
2832 1808
2833 1546
2834 1410
2835 1189
2836 932
2837 1505
2838 2129
2839 2524
2840 2728
2841 1814
2842 2580
2843 2590
2844 67
2845 2426
2846 1204
2847 2458
2848 2081
2849 2477
2850 81
2851 208
2852 2227
2853 1936
2854 846
2855 1564
2856 1154
2857 2426
2858 2722
2859 2710
2860 2063
2861 1894
2862 2319
2863 702
2864 967
2865 994
2866 81
2867 1593
2868 2094
2869 1706
2870 2129
2871 1641
2872 1562
2873 225
2874 642
2875 2031
2876 1192
2877 2699
2878 905
2879 2546
2880 1310
2881 1591
2882 538
2883 335
2884 429
2885 2483
2886 1738
2887 1891
2888 1841
2889 2858
2890 2313
2891 1114
2892 1402
2893 2352
2894 2047
2895 2099
2896 2322
2897 513
2898 1519
2899 1918
2900 2426
2901 655
2902 2070
2903 241
2904 686
2905 2598
2906 2510
2907 67
2908 2714
2909 1629
2910 2060
2911 2236
2912 1003
2913 1121
2914 331
2915 1976
2916 1122
2917 2082
2918 436
2919 2094
2920 2846
2921 456
2922 2300
2923 789
2924 1207
2925 2612
2926 940
2927 396
2928 2467
2929 1730
2930 1012
2931 1980
2932 2775
2933 1642
2934 896
2935 150
2936 2712
2937 809
2938 2623
2939 2381
2940 313
2941 81
2942 2281
2943 1706
2944 391
2945 934
2946 1057
2947 366
2948 1339
2949 2426
2950 2291
2951 2949
2952 1175
2953 2900
2954 1926
2955 2224
2956 2662
2957 2951
2958 1349
2959 774
2960 534
2961 1663
2962 1489
2963 1910
2964 1374
2965 1319
2966 521
2967 2361
2968 1787
2969 1819
2970 1505
2971 1165
2972 67
2973 2534
2974 1532
2975 2923
2976 67
2977 1147
2978 737
2979 1426
2980 67
2981 2107
2982 1985
2983 1139
2984 660
2985 2470
2986 2575
2987 2427
2988 2864
2989 1923
2990 1025
2991 1712
2992 564
2993 1718
2994 2532
2995 2553
2996 563
2997 412
2998 460
2999 1572
3000 2919
3001 2500
3002 2687
3003 2919
3004 2846
3005 2743
3006 241
3007 717
3008 1834
3009 2462
3010 366
3011 984
3012 1680
3013 2332
3014 1951
3015 2972
3016 1558
3017 862
3018 556
3019 749
3020 1274
3021 1799
3022 80
3023 2426
3024 258
3025 251
3026 940
3027 1984
3028 773
3029 1642
3030 2832
3031 2766
3032 1708
3033 1463
3034 2245
3035 2426
3036 366
3037 2853
3038 812
3039 2345
3040 1228
3041 1952
3042 1930
3043 2925
3044 2449
3045 2778
3046 979
3047 2572
3048 1906
3049 960
3050 124
3051 2792
3052 1089
3053 2363
3054 1257
3055 705
3056 2396
3057 1866
3058 1028
3059 3004
3060 2924
3061 2605
3062 702
3063 2182
3064 2164
3065 1993
3066 848
3067 1604
3068 2767
3069 81
3070 3042
3071 2133
3072 2527
3073 962
3074 1793
3075 2229
3076 1292
3077 1584
3078 2226
3079 2572
3080 2803
3081 2919
3082 2561
3083 2946
3084 1071
3085 1096
3086 1780
3087 2605
3088 406
3089 2460
3090 1687
3091 1482
3092 2784
3093 844
3094 2254
3095 2757
3096 705
3097 1461
3098 2327
3099 2517
3100 2938
3101 2434
3102 1929
3103 1773
3104 891
3105 2296
3106 2714
3107 1629
3108 2690
3109 915
3110 429
3111 2625
3112 2882
3113 2177
3114 1041
3115 2606
3116 1079
3117 939
3118 1519
3119 105
3120 2914
3121 2228
3122 456
3123 2830
3124 2576
3125 1032
3126 2539
3127 2501
3128 1162
3129 2395
3130 2764
3131 2829
3132 1504
3133 1951
3134 1807
3135 2052
3136 78
3137 512
3138 2889
3139 2158
3140 1257
3141 2135
3142 225
3143 3004
3144 1410
3145 2038
3146 1794
3147 1292
3148 2722
3149 2115
3150 1230
3151 1481
3152 3105
3153 872
3154 1982
3155 1959
3156 2720
3157 855
3158 1599
3159 1111
3160 2467
3161 2584
3162 1091
3163 2572
3164 696
3165 3105
3166 1943
3167 1410
3168 81
3169 1462
3170 67
3171 2074
3172 429
3173 1210
3174 3004
3175 1712
3176 658
3177 343
3178 2923
3179 1147
3180 2816
3181 1790
3182 3132
3183 3014
3184 2136
3185 1367
3186 2846
3187 1977
3188 2564
3189 2914
3190 2630
3191 1788
3192 2528
3193 1311
3194 2560
3195 2533
3196 1561
3197 820
3198 3177
3199 247
3200 365
3201 2493
3202 2396
3203 2401
3204 2881
3205 2767
3206 2580
3207 2102
3208 1151
3209 2223
3210 1368
3211 1558
3212 2170
3213 2833
3214 2508
3215 2902
3216 2288
3217 2952
3218 2634
3219 880
3220 358
3221 2006
3222 2919
3223 452
3224 1880
3225 2390
3226 3105
3227 673
3228 2084
3229 1756
3230 2902
3231 2088
3232 3105
3233 1245
3234 749
3235 1872
3236 2999
3237 366
3238 2653
3239 2306
3240 2001
3241 1512
3242 2756
3243 2560
3244 2457
3245 2680
3246 1189
3247 3200
3248 886
3249 2147
3250 1622
3251 1903
3252 2583
3253 2588
3254 1390
3255 1519
3256 2605
3257 1268
3258 2973
3259 1161
3260 1976
3261 2789
3262 1075
3263 489
3264 67
3265 872
3266 2164
3267 2769
3268 355
3269 1925
3270 1038
3271 2090
3272 736
3273 1201
3274 876
3275 1505
3276 1578
3277 154
3278 81
3279 1649
3280 3188
3281 441
3282 3004
3283 529
3284 1382
3285 2094
3286 2538
3287 717
3288 1979
3289 3006
3290 2811
3291 3254
3292 834
3293 1028
3294 959
3295 3076
3296 680
3297 2370
3298 2190
3299 2489
3300 1532
3301 2247
3302 828
3303 2670
3304 2187
3305 1020
3306 46
3307 1494
3308 827
3309 917
3310 68
3311 2417
3312 74
3313 2718
3314 1470
3315 12
3316 13
3317 180
3318 2802
3319 1968
3320 2390
3321 2405
3322 210
3323 2520
3324 1267
3325 51
3326 15
3327 2923
3328 1613
3329 1961
3330 253
3331 695
3332 84
3333 175
3334 256
3335 1966
3336 909
3337 21
3338 66
3339 1915
3340 21
3341 21
3342 448
3343 1445
3344 2446
3345 1587
3346 642
3347 617
3348 2188
3349 1855
3350 21
3351 3223
3352 1287
3353 3199
3354 21
3355 2468
3356 1441
3357 1041
3358 21
3359 182
3360 2346
3361 401
3362 26
3363 26
3364 1392
3365 384
3366 1831
3367 469
3368 32
3369 1503
3370 1841
3371 32
3372 32
3373 32
3374 183
3375 1119
3376 2455
3377 32
3378 57
3379 436
3380 191
3381 686
3382 245
3383 574
3384 636
3385 2752
3386 313
3387 1958
3388 45
3389 1302
3390 860
3391 914
3392 44
3393 888
3394 2721
3395 47
3396 2156
3397 375
3398 1916
3399 59
3400 1067
3401 2302
3402 563
3403 1750
3404 2474
3405 63
3406 780
3407 380
3408 63
3409 67
3410 231
3411 67
3412 2214
3413 2972
3414 112
3415 3245
3416 2043
3417 432
3418 2764
3419 1199
3420 73
3421 67
3422 1357
3423 1007
3424 747
3425 322
3426 67
3427 67
3428 2192
3429 540
3430 1704
3431 1248
3432 847
3433 67
3434 383
3435 67
3436 2991
3437 2624
3438 2987
3439 153
3440 1012
3441 67
3442 2917
3443 67
3444 2907
3445 2799
3446 1080
3447 166
3448 1616
3449 1586
3450 419
3451 720
3452 135
3453 2976
3454 1380
3455 1707
3456 1679
3457 1785
3458 67
3459 67
3460 67
3461 570
3462 2251
3463 67
3464 739
3465 67
3466 796
3467 67
3468 2507
3469 133
3470 2707
3471 1797
3472 1120
3473 1437
3474 221
3475 589
3476 897
3477 67
3478 378
3479 924
3480 916
3481 598
3482 1123
3483 67
3484 732
3485 1112
3486 2172
3487 136
3488 3170
3489 692
3490 67
3491 771
3492 67
3493 1693
3494 67
3495 793
3496 727
3497 1940
3498 2844
3499 267
3500 1171
3501 1088
3502 145
3503 580
3504 849
3505 1954
3506 67
3507 743
3508 601
3509 1983
3510 109
3511 776
3512 67
3513 2295
3514 67
3515 2343
3516 892
3517 67
3518 991
3519 2058
3520 190
3521 1680
3522 195
3523 3221
3524 2300
3525 67
3526 1443
3527 234
3528 765
3529 67
3530 67
3531 2980
3532 67
3533 258
3534 3132
3535 67
3536 564
3537 67
3538 1666
3539 1264
3540 67
3541 758
3542 1213
3543 1356
3544 67
3545 85
3546 1280
3547 2143
3548 2345
3549 67
3550 88
3551 1283
3552 363
3553 339
3554 67
3555 895
3556 67
3557 822
3558 67
3559 67
3560 67
3561 2071
3562 2926
3563 611
3564 288
3565 1623
3566 2532
3567 67
3568 325
3569 810
3570 395
3571 1177
3572 67
3573 116
3574 294
3575 1180
3576 3034
3577 67
3578 1564
3579 1371
3580 805
3581 67
3582 2914
3583 3091
3584 889
3585 1383
3586 67
3587 315
3588 67
3589 1552
3590 1175
3591 319
3592 874
3593 67
3594 2111
3595 725
3596 67
3597 1343
3598 2497
3599 602
3600 67
3601 2323
3602 2256
3603 2601
3604 412
3605 2132
3606 89
3607 2026
3608 1943
3609 198
3610 1219
3611 194
3612 149
3613 189
3614 328
3615 75
3616 1838
3617 67
3618 67
3619 67
3620 1803
3621 2196
3622 1762
3623 744
3624 2160
3625 67
3626 2548
3627 3028
3628 1736
3629 1132
3630 67
3631 2944
3632 3147
3633 67
3634 2638
3635 784
3636 67
3637 945
3638 843
3639 1062
3640 1103
3641 2639
3642 3264
3643 2140
3644 1273
3645 3173
3646 715
3647 264
3648 78
3649 445
3650 1333
3651 848
3652 102
3653 2928
3654 661
3655 509
3656 72
3657 317
3658 2142
3659 75
3660 1780
3661 81
3662 952
3663 76
3664 2052
3665 76
3666 172
3667 2148
3668 501
3669 138
3670 938
3671 2584
3672 78
3673 3136
3674 2463
3675 1715
3676 79
3677 1133
3678 80
3679 1220
3680 3022
3681 388
3682 296
3683 80
3684 80
3685 80
3686 80
3687 2935
3688 2983
3689 2800
3690 2659
3691 2866
3692 3069
3693 965
3694 865
3695 794
3696 527
3697 2262
3698 81
3699 1924
3700 81
3701 1722
3702 81
3703 497
3704 3168
3705 449
3706 107
3707 1275
3708 685
3709 162
3710 81
3711 1405
3712 128
3713 81
3714 674
3715 2173
3716 845
3717 1369
3718 750
3719 1610
3720 91
3721 81
3722 1702
3723 3210
3724 948
3725 81
3726 555
3727 1856
3728 81
3729 2431
3730 2000
3731 81
3732 2941
3733 735
3734 973
3735 3112
3736 3278
3737 2592
3738 1743
3739 1174
3740 81
3741 2850
3742 81
3743 291
3744 2872
3745 3283
3746 2414
3747 2221
3748 81
3749 2103
3750 2301
3751 1313
3752 2998
3753 1515
3754 1185
3755 2479
3756 92
3757 2027
3758 1757
3759 1100
3760 88
3761 899
3762 386
3763 91
3764 1408
3765 2055
3766 92
3767 2547
3768 903
3769 1477
3770 1622
3771 1881
3772 102
3773 2407
3774 129
3775 1590
3776 2491
3777 3220
3778 121
3779 104
3780 2939
3781 104
3782 2693
3783 251
3784 2883
3785 1387
3786 105
3787 1068
3788 622
3789 105
3790 3105
3791 633
3792 105
3793 105
3794 227
3795 1026
3796 2851
3797 290
3798 859
3799 2749
3800 547
3801 2169
3802 300
3803 530
3804 215
3805 105
3806 105
3807 1303
3808 554
3809 357
3810 3119
3811 2157
3812 1048
3813 2130
3814 2990
3815 1164
3816 591
3817 105
3818 690
3819 880
3820 731
3821 478
3822 1436
3823 2995
3824 1959
3825 1263
3826 105
3827 105
3828 1858
3829 105
3830 1987
3831 942
3832 1532
3833 1106
3834 745
3835 2771
3836 1351
3837 2589
3838 1508
3839 112
3840 1253
3841 696
3842 118
3843 1857
3844 2770
3845 118
3846 868
3847 239
3848 119
3849 2442
3850 262
3851 1056
3852 3050
3853 986
3854 691
3855 275
3856 124
3857 2391
3858 1327
3859 1318
3860 168
3861 129
3862 590
3863 129
3864 890
3865 2880
3866 131
3867 466
3868 131
3869 1907
3870 132
3871 159
3872 898
3873 1365
3874 3102
3875 340
3876 138
3877 1426
3878 1104
3879 257
3880 1083
3881 3257
3882 141
3883 1777
3884 2321
3885 142
3886 1078
3887 575
3888 2421
3889 240
3890 142
3891 1791
3892 345
3893 515
3894 1243
3895 2396
3896 1194
3897 148
3898 148
3899 553
3900 684
3901 1021
3902 2499
3903 2406
3904 926
3905 3277
3906 2189
3907 154
3908 154
3909 2958
3910 1373
3911 154
3912 154
3913 705
3914 1608
3915 155
3916 156
3917 1059
3918 2419
3919 2151
3920 792
3921 1935
3922 158
3923 2561
3924 158
3925 841
3926 2798
3927 158
3928 346
3929 1342
3930 243
3931 158
3932 2350
3933 1031
3934 1689
3935 158
3936 205
3937 774
3938 2588
3939 645
3940 158
3941 158
3942 556
3943 418
3944 723
3945 1469
3946 161
3947 698
3948 571
3949 236
3950 799
3951 161
3952 2209
3953 2012
3954 2003
3955 477
3956 565
3957 161
3958 662
3959 161
3960 161
3961 161
3962 269
3963 1733
3964 161
3965 2249
3966 813
3967 1306
3968 181
3969 1556
3970 161
3971 2324
3972 808
3973 165
3974 165
3975 165
3976 1647
3977 165
3978 1193
3979 167
3980 597
3981 170
3982 170
3983 1236
3984 2784
3985 1019
3986 174
3987 1772
3988 2578
3989 954
3990 2694
3991 2585
3992 192
3993 1319
3994 209
3995 1535
3996 797
3997 1615
3998 970
3999 1921
4000 915
4001 2279
4002 271
4003 2429
4004 198
4005 1853
4006 560
4007 472
4008 2740
4009 1920
4010 2181
4011 203
4012 203
4013 205
4014 205
4015 1541
4016 1370
4017 3111
4018 2587
4019 393
4020 2031
4021 3276
4022 2960
4023 3296
4024 3244
4025 1878
4026 215
4027 451
4028 1815
4029 215
4030 1428
4031 215
4032 3032
4033 1008
4034 392
4035 980
4036 2535
4037 630
4038 1432
4039 2897
4040 3268
4041 3073
4042 1032
4043 3196
4044 1758
4045 2819
4046 2873
4047 225
4048 1859
4049 225
4050 225
4051 3142
4052 2038
4053 1652
4054 225
4055 693
4056 225
4057 1101
4058 2649
4059 225
4060 2359
4061 2656
4062 408
4063 2599
4064 648
4065 990
4066 2078
4067 1170
4068 1744
4069 227
4070 1694
4071 228
4072 3006
4073 233
4074 769
4075 2824
4076 457
4077 768
4078 817
4079 1386
4080 1557
4081 2697
4082 2903
4083 1822
4084 244
4085 544
4086 618
4087 2126
4088 246
4089 246
4090 273
4091 246
4092 850
4093 247
4094 266
4095 247
4096 247
4097 1452
4098 1296
4099 2842
4100 1378
4101 3025
4102 1646
4103 514
4104 1222
4105 1181
4106 1023
4107 2700
4108 251
4109 1669
4110 526
4111 416
4112 329
4113 251
4114 2370
4115 566
4116 3263
4117 746
4118 755
4119 2319
4120 3090
4121 470
4122 722
4123 881
4124 1653
4125 253
4126 253
4127 253
4128 257
4129 3024
4130 259
4131 875
4132 261
4133 1485
4134 259
4135 1688
4136 2738
4137 568
4138 2220
4139 261
4140 1300
4141 1818
4142 3060
4143 2239
4144 337
4145 262
4146 2176
4147 510
4148 365
4149 2558
4150 1854
4151 1401
4152 525
4153 266
4154 266
4155 2774
4156 267
4157 400
4158 267
4159 1276
4160 1725
4161 1418
4162 273
4163 517
4164 1600
4165 273
4166 628
4167 1038
4168 539
4169 1525
4170 1813
4171 279
4172 1098
4173 2218
4174 279
4175 1634
4176 312
4177 1172
4178 279
4179 856
4180 279
4181 1153
4182 281
4183 281
4184 303
4185 626
4186 2348
4187 2495
4188 284
4189 557
4190 1990
4191 533
4192 284
4193 1523
4194 2403
4195 1361
4196 2803
4197 2506
4198 2574
4199 284
4200 314
4201 289
4202 1196
4203 284
4204 858
4205 958
4206 2180
4207 2237
4208 584
4209 1244
4210 1221
4211 1231
4212 804
4213 2193
4214 3046
4215 285
4216 286
4217 286
4218 3302
4219 289
4220 518
4221 1802
4222 535
4223 3048
4224 1183
4225 296
4226 2035
4227 1074
4228 891
4229 2106
4230 302
4231 782
4232 1279
4233 2691
4234 302
4235 304
4236 305
4237 503
4238 519
4239 2114
4240 1759
4241 852
4242 312
4243 1948
4244 2075
4245 2435
4246 368
4247 313
4248 1640
4249 379
4250 659
4251 2940
4252 313
4253 313
4254 313
4255 3113
4256 313
4257 313
4258 1403
4259 2783
4260 2950
4261 313
4262 2019
4263 1950
4264 314
4265 1309
4266 406
4267 2271
4268 2615
4269 834
4270 646
4271 1782
4272 3019
4273 543
4274 864
4275 321
4276 1073
4277 994
4278 2357
4279 3071
4280 1597
4281 2120
4282 326
4283 327
4284 1980
4285 404
4286 337
4287 337
4288 341
4289 341
4290 2806
4291 341
4292 956
4293 1545
4294 341
4295 341
4296 1518
4297 1475
4298 1662
4299 3177
4300 2369
4301 2053
4302 1360
4303 1826
4304 2545
4305 2727
4306 653
4307 2243
4308 420
4309 347
4310 348
4311 348
4312 422
4313 348
4314 1055
4315 348
4316 729
4317 349
4318 350
4319 385
4320 709
4321 1285
4322 2786
4323 355
4324 1775
4325 355
4326 357
4327 2436
4328 359
4329 2595
4330 2831
4331 736
4332 2701
4333 2065
4334 360
4335 826
4336 360
4337 367
4338 364
4339 3247
4340 1015
4341 1709
4342 366
4343 3237
4344 366
4345 2954
4346 939
4347 608
4348 1203
4349 2810
4350 3010
4351 366
4352 643
4353 901
4354 366
4355 2568
4356 2648
4357 1421
4358 2947
4359 3036
4360 1795
4361 367
4362 854
4363 367
4364 2550
4365 1869
4366 492
4367 1240
4368 367
4369 1176
4370 367
4371 1930
4372 367
4373 2611
4374 1638
4375 1893
4376 367
4377 369
4378 664
4379 371
4380 624
4381 371
4382 902
4383 371
4384 1157
4385 816
4386 378
4387 397
4388 3140
4389 625
4390 2450
4391 1849
4392 1951
4393 3281
4394 764
4395 3126
4396 378
4397 1740
4398 378
4399 459
4400 382
4401 382
4402 382
4403 431
4404 1314
4405 382
4406 383
4407 619
4408 1325
4409 488
4410 1217
4411 900
4412 386
4413 387
4414 963
4415 387
4416 666
4417 1661
4418 655
4419 1925
4420 1937
4421 389
4422 1097
4423 1037
4424 629
4425 389
4426 1003
4427 394
4428 1274
4429 395
4430 395
4431 1230
4432 396
4433 1978
4434 396
4435 2927
4436 1232
4437 2722
4438 397
4439 401
4440 402
4441 402
4442 613
4443 2355
4444 603
4445 594
4446 1976
4447 616
4448 2261
4449 3088
4450 1890
4451 2062
4452 551
4453 1195
4454 2711
4455 409
4456 1187
4457 2997
4458 2212
4459 442
4460 2956
4461 430
4462 418
4463 418
4464 3098
4465 418
4466 418
4467 418
4468 754
4469 496
4470 2637
4471 418
4472 2004
4473 524
4474 420
4475 421
4476 440
4477 422
4478 1358
4479 422
4480 422
4481 422
4482 961
4483 1435
4484 1628
4485 427
4486 1301
4487 2317
4488 429
4489 429
4490 429
4491 3110
4492 1573
4493 429
4494 429
4495 1033
4496 429
4497 811
4498 429
4499 429
4500 429
4501 1962
4502 429
4503 1716
4504 627
4505 429
4506 429
4507 702
4508 3172
4509 724
4510 429
4511 429
4512 998
4513 429
4514 1228
4515 839
4516 429
4517 1109
4518 760
4519 429
4520 2677
4521 2884
4522 801
4523 431
4524 435
4525 2918
4526 941
4527 2068
4528 1459
4529 932
4530 639
4531 3280
4532 443
4533 443
4534 443
4535 1011
4536 1461
4537 2490
4538 447
4539 1974
4540 2093
4541 451
4542 451
4543 2094
4544 1547
4545 451
4546 451
4547 451
4548 2364
4549 1395
4550 452
4551 453
4552 2829
4553 454
4554 2916
4555 1861
4556 1345
4557 456
4558 3122
4559 2921
4560 458
4561 462
4562 2025
4563 721
4564 824
4565 652
4566 464
4567 466
4568 483
4569 2746
4570 1644
4571 1002
4572 1908
4573 516
4574 473
4575 3063
4576 2488
4577 1963
4578 1311
4579 1400
4580 2663
4581 1582
4582 2788
4583 2984
4584 802
4585 1868
4586 480
4587 481
4588 791
4589 878
4590 3043
4591 484
4592 943
4593 484
4594 1510
4595 484
4596 484
4597 484
4598 1506
4599 488
4600 2286
4601 936
4602 491
4603 493
4604 493
4605 1692
4606 2134
4607 1060
4608 2521
4609 2686
4610 681
4611 499
4612 499
4613 499
4614 1246
4615 1654
4616 500
4617 501
4618 506
4619 506
4620 1250
4621 2274
4622 2818
4623 3137
4624 1135
4625 2186
4626 516
4627 1576
4628 521
4629 521
4630 521
4631 521
4632 521
4633 521
4634 756
4635 521
4636 1672
4637 521
4638 521
4639 521
4640 521
4641 2966
4642 521
4643 521
4644 521
4645 2207
4646 524
4647 524
4648 814
4649 527
4650 885
4651 1044
4652 528
4653 529
4654 530
4655 2650
4656 530
4657 533
4658 535
4659 1931
4660 535
4661 535
4662 535
4663 537
4664 537
4665 1216
4666 537
4667 2072
4668 538
4669 538
4670 538
4671 1860
4672 538
4673 2496
4674 538
4675 1798
4676 1602
4677 2202
4678 541
4679 1671
4680 546
4681 547
4682 966
4683 549
4684 549
4685 549
4686 2751
4687 1589
4688 556
4689 556
4690 1993
4691 2582
4692 2378
4693 1537
4694 556
4695 3018
4696 1492
4697 712
4698 751
4699 2425
4700 1447
4701 561
4702 3262
4703 2242
4704 562
4705 2826
4706 1481
4707 2801
4708 562
4709 836
4710 562
4711 1082
4712 563
4713 2996
4714 2695
4715 2513
4716 1800
4717 564
4718 564
4719 2992
4720 2179
4721 567
4722 569
4723 569
4724 569
4725 1730
4726 1513
4727 570
4728 570
4729 2576
4730 571
4731 573
4732 573
4733 573
4734 609
4735 578
4736 651
4737 2056
4738 1419
4739 583
4740 583
4741 583
4742 583
4743 1226
4744 2282
4745 584
4746 585
4747 585
4748 928
4749 585
4750 585
4751 1695
4752 585
4753 585
4754 585
4755 2337
4756 1731
4757 585
4758 2185
4759 1045
4760 1173
4761 585
4762 809
4763 1335
4764 586
4765 586
4766 587
4767 591
4768 597
4769 612
4770 2208
4771 1900
4772 597
4773 1043
4774 866
4775 1994
4776 597
4777 2482
4778 599
4779 1805
4780 602
4781 969
4782 1501
4783 603
4784 2280
4785 606
4786 1773
4787 2394
4788 2397
4789 611
4790 617
4791 2563
4792 617
4793 2600
4794 1572
4795 1085
4796 2809
4797 1543
4798 2340
4799 1134
4800 2175
4801 620
4802 1466
4803 623
4804 623
4805 623
4806 623
4807 623
4808 1872
4809 1696
4810 922
4811 2372
4812 625
4813 923
4814 2305
4815 1072
4816 1883
4817 630
4818 634
4819 636
4820 638
4821 2874
4822 1664
4823 642
4824 1845
4825 1823
4826 643
4827 645
4828 645
4829 645
4830 2540
4831 649
4832 649
4833 1156
4834 2158
4835 2269
4836 2360
4837 2385
4838 1735
4839 1594
4840 1867
4841 653
4842 654
4843 2901
4844 1341
4845 2266
4846 655
4847 2275
4848 1544
4849 1090
4850 717
4851 1050
4852 3176
4853 658
4854 832
4855 981
4856 2817
4857 658
4858 2796
4859 658
4860 658
4861 968
4862 658
4863 658
4864 658
4865 2962
4866 2835
4867 1756
4868 2633
4869 1892
4870 666
4871 2473
4872 666
4873 666
4874 666
4875 1761
4876 666
4877 667
4878 1131
4879 667
4880 667
4881 1278
4882 667
4883 1191
4884 2690
4885 1706
4886 884
4887 1493
4888 667
4889 933
4890 2787
4891 667
4892 1449
4893 667
4894 667
4895 667
4896 2689
4897 2210
4898 2316
4899 2671
4900 1945
4901 1247
4902 667
4903 1719
4904 857
4905 905
4906 667
4907 667
4908 667
4909 667
4910 667
4911 667
4912 667
4913 2509
4914 671
4915 2146
4916 2101
4917 673
4918 673
4919 1148
4920 1110
4921 2760
4922 673
4923 673
4924 673
4925 882
4926 2119
4927 1584
4928 1018
4929 1585
4930 673
4931 673
4932 2505
4933 673
4934 1064
4935 673
4936 2191
4937 3227
4938 1389
4939 3197
4940 2152
4941 673
4942 925
4943 674
4944 3128
4945 3184
4946 1016
4947 674
4948 2351
4949 1505
4950 674
4951 982
4952 748
4953 674
4954 2374
4955 1337
4956 1366
4957 674
4958 1404
4959 2827
4960 1420
4961 675
4962 1551
4963 675
4964 676
4965 677
4966 2083
4967 680
4968 3215
4969 681
4970 2481
4971 681
4972 683
4973 683
4974 683
4975 683
4976 1914
4977 2137
4978 2904
4979 686
4980 1312
4981 1288
4982 686
4983 1379
4984 2762
4985 687
4986 688
4987 691
4988 1322
4989 2537
4990 2879
4991 2487
4992 911
4993 800
4994 696
4995 696
4996 696
4997 763
4998 696
4999 1465
5000 696
5001 3164
5002 2287
5003 696
5004 1042
5005 696
5006 696
5007 696
5008 696
5009 1433
5010 697
5011 698
5012 699
5013 757
5014 2657
5015 700
5016 2307
5017 701
5018 702
5019 1348
5020 3062
5021 702
5022 2706
5023 2475
5024 2863
5025 1837
5026 703
5027 3055
5028 705
5029 2644
5030 1611
5031 705
5032 3096
5033 707
5034 2230
5035 1146
5036 707
5037 707
5038 1665
5039 1975
5040 717
5041 717
5042 2110
5043 3287
5044 1988
5045 2893
5046 717
5047 1367
5048 1372
5049 2347
5050 717
5051 717
5052 717
5053 717
5054 3007
5055 722
5056 722
5057 1955
5058 732
5059 732
5060 732
5061 1212
5062 732
5063 1767
5064 1667
5065 2631
5066 2235
5067 2892
5068 736
5069 3272
5070 736
5071 736
5072 2460
5073 1942
5074 736
5075 736
5076 3017
5077 2978
5078 1919
5079 1215
5080 1885
5081 737
5082 747
5083 2986
5084 749
5085 749
5086 749
5087 749
5088 1069
5089 1462
5090 3234
5091 1933
5092 749
5093 1571
5094 749
5095 1095
5096 749
5097 749
5098 2402
5099 749
5100 749
5101 1592
5102 1277
5103 749
5104 2795
5105 2566
5106 750
5107 992
5108 752
5109 795
5110 752
5111 2030
5112 2277
5113 2161
5114 1201
5115 763
5116 763
5117 763
5118 765
5119 766
5120 767
5121 769
5122 1022
5123 769
5124 769
5125 769
5126 2682
5127 1526
5128 769
5129 770
5130 946
5131 770
5132 944
5133 771
5134 771
5135 2959
5136 1524
5137 778
5138 782
5139 784
5140 791
5141 1463
5142 1839
5143 818
5144 791
5145 2961
5146 2264
5147 795
5148 993
5149 910
5150 2946
5151 1703
5152 1061
5153 799
5154 1717
5155 803
5156 2617
5157 803
5158 803
5159 1528
5160 1534
5161 803
5162 1936
5163 2597
5164 803
5165 805
5166 805
5167 3157
5168 2219
5169 2937
5170 3038
5171 814
5172 1866
5173 822
5174 822
5175 2735
5176 823
5177 1054
5178 824
5179 824
5180 824
5181 3144
5182 825
5183 825
5184 825
5185 826
5186 826
5187 826
5188 826
5189 827
5190 2091
5191 1620
5192 828
5193 1973
5194 3031
5195 1145
5196 2666
5197 831
5198 3292
5199 834
5200 2804
5201 834
5202 2508
5203 1223
5204 1698
5205 834
5206 834
5207 996
5208 975
5209 835
5210 835
5211 836
5212 836
5213 836
5214 837
5215 839
5216 839
5217 2732
5218 839
5219 1092
5220 2523
5221 841
5222 1382
5223 3093
5224 1259
5225 845
5226 1998
5227 1763
5228 846
5229 846
5230 846
5231 846
5232 2310
5233 2121
5234 3116
5235 1424
5236 1807
5237 846
5238 846
5239 846
5240 846
5241 1249
5242 846
5243 846
5244 2854
5245 846
5246 846
5247 846
5248 846
5249 846
5250 846
5251 967
5252 846
5253 2811
5254 1779
5255 846
5256 846
5257 846
5258 3066
5259 848
5260 848
5261 848
5262 848
5263 2635
5264 848
5265 848
5266 2557
5267 851
5268 2232
5269 2660
5270 851
5271 852
5272 852
5273 1533
5274 854
5275 1670
5276 854
5277 855
5278 2224
5279 2590
5280 2183
5281 859
5282 2017
5283 2150
5284 1411
5285 1138
5286 1332
5287 1583
5288 2723
5289 2758
5290 2636
5291 863
5292 1214
5293 868
5294 1266
5295 872
5296 872
5297 1612
5298 2753
5299 2647
5300 3162
5301 1256
5302 2077
5303 1178
5304 2871
5305 2628
5306 872
5307 872
5308 3265
5309 872
5310 872
5311 872
5312 872
5313 872
5314 872
5315 3153
5316 872
5317 2395
5318 1678
5319 3274
5320 1141
5321 877
5322 3228
5323 1724
5324 880
5325 3219
5326 2100
5327 880
5328 2299
5329 1328
5330 881
5331 883
5332 906
5333 2620
5334 884
5335 886
5336 3248
5337 977
5338 2552
5339 3104
5340 892
5341 892
5342 893
5343 893
5344 896
5345 896
5346 896
5347 2934
5348 896
5349 896
5350 896
5351 3192
5352 896
5353 1905
5354 1413
5355 3181
5356 896
5357 896
5358 896
5359 896
5360 934
5361 1569
5362 896
5363 2486
5364 1004
5365 896
5366 896
5367 896
5368 1876
5369 896
5370 999
5371 1121
5372 896
5373 1928
5374 2125
5375 1675
5376 897
5377 1882
5378 901
5379 1434
5380 2050
5381 2812
5382 904
5383 1896
5384 1323
5385 905
5386 905
5387 2878
5388 905
5389 1553
5390 988
5391 905
5392 905
5393 1617
5394 905
5395 905
5396 985
5397 905
5398 2688
5399 906
5400 2298
5401 906
5402 906
5403 1819
5404 906
5405 912
5406 2098
5407 1034
5408 914
5409 914
5410 2205
5411 1347
5412 1235
5413 2668
5414 915
5415 983
5416 915
5417 2412
5418 3109
5419 1764
5420 2166
5421 915
5422 2641
5423 920
5424 920
5425 921
5426 1052
5427 922
5428 922
5429 925
5430 2534
5431 929
5432 2413
5433 1474
5434 2836
5435 2945
5436 935
5437 2231
5438 935
5439 2252
5440 936
5441 936
5442 936
5443 936
5444 995
5445 936
5446 937
5447 938
5448 938
5449 938
5450 939
5451 939
5452 939
5453 3117
5454 2059
5455 939
5456 1817
5457 1755
5458 940
5459 3026
5460 940
5461 940
5462 940
5463 2964
5464 940
5465 940
5466 940
5467 940
5468 2001
5469 1957
5470 3249
5471 947
5472 2767
5473 2562
5474 1448
5475 947
5476 1527
5477 950
5478 950
5479 950
5480 950
5481 952
5482 953
5483 953
5484 1150
5485 972
5486 2579
5487 953
5488 953
5489 953
5490 1242
5491 1254
5492 955
5493 2240
5494 957
5495 957
5496 2423
5497 2516
5498 1596
5499 958
5500 2013
5501 2642
5502 3294
5503 1816
5504 959
5505 959
5506 1558
5507 959
5508 959
5509 959
5510 960
5511 960
5512 1657
5513 960
5514 960
5515 1771
5516 960
5517 2074
5518 960
5519 2247
5520 1152
5521 1877
5522 960
5523 1058
5524 960
5525 960
5526 960
5527 960
5528 960
5529 3072
5530 3049
5531 2761
5532 960
5533 960
5534 960
5535 960
5536 965
5537 2864
5538 967
5539 2108
5540 971
5541 1105
5542 975
5543 1030
5544 975
5545 975
5546 1899
5547 977
5548 977
5549 977
5550 2167
5551 2342
5552 2410
5553 983
5554 983
5555 1827
5556 983
5557 983
5558 983
5559 2015
5560 1125
5561 983
5562 983
5563 984
5564 2840
5565 1116
5566 984
5567 984
5568 984
5569 1168
5570 2593
5571 984
5572 3011
5573 1699
5574 984
5575 1113
5576 993
5577 994
5578 2032
5579 2621
5580 994
5581 994
5582 2865
5583 2841
5584 994
5585 994
5586 995
5587 995
5588 995
5589 1514
5590 2742
5591 1295
5592 997
5593 1548
5594 1423
5595 997
5596 1000
5597 1000
5598 2912
5599 1024
5600 1124
5601 1003
5602 2709
5603 1009
5604 2039
5605 2930
5606 1317
5607 1016
5608 1017
5609 1161
5610 1017
5611 1017
5612 3299
5613 1019
5614 2131
5615 1021
5616 3293
5617 1028
5618 1618
5619 1028
5620 1028
5621 3058
5622 1028
5623 1923
5624 1032
5625 1032
5626 3125
5627 1032
5628 1783
5629 1034
5630 1034
5631 1038
5632 1038
5633 1496
5634 1038
5635 1038
5636 1038
5637 1038
5638 1038
5639 1038
5640 3254
5641 1166
5642 1563
5643 1038
5644 1038
5645 1550
5646 1038
5647 1038
5648 1038
5649 1792
5650 1038
5651 1038
5652 1917
5653 1038
5654 3270
5655 1580
5656 1188
5657 1038
5658 1910
5659 1038
5660 1038
5661 1107
5662 1038
5663 1038
5664 1529
5665 1038
5666 2881
5667 1828
5668 1038
5669 1038
5670 2655
5671 1040
5672 1040
5673 1737
5674 1040
5675 1041
5676 1041
5677 3114
5678 1046
5679 1043
5680 1043
5681 1043
5682 1045
5683 1048
5684 1048
5685 1053
5686 1182
5687 2022
5688 1054
5689 1054
5690 1054
5691 2672
5692 1956
5693 1060
5694 1060
5695 1062
5696 1066
5697 1067
5698 2451
5699 1071
5700 2067
5701 3084
5702 1269
5703 1073
5704 1074
5705 1074
5706 1074
5707 1074
5708 1074
5709 1074
5710 1074
5711 1074
5712 1079
5713 1081
5714 1997
5715 1081
5716 1081
5717 2716
5718 1136
5719 1081
5720 2393
5721 1894
5722 1081
5723 1084
5724 1084
5725 1084
5726 2241
5727 2416
5728 1084
5729 1658
5730 2162
5731 1084
5732 1084
5733 1205
5734 1377
5735 1084
5736 2768
5737 1084
5738 1084
5739 1084
5740 1084
5741 1084
5742 1768
5743 1625
5744 1084
5745 1088
5746 1355
5747 1089
5748 1237
5749 1089
5750 3052
5751 1092
5752 1099
5753 1095
5754 2737
5755 3085
5756 1949
5757 1098
5758 1793
5759 1098
5760 1098
5761 1649
5762 1745
5763 1457
5764 1105
5765 1106
5766 1151
5767 1106
5768 1107
5769 1107
5770 2525
5771 1486
5772 1107
5773 1107
5774 1109
5775 2698
5776 3159
5777 2502
5778 2891
5779 1114
5780 1116
5781 1118
5782 1119
5783 1119
5784 1119
5785 1119
5786 1829
5787 2259
5788 1119
5789 1304
5790 1119
5791 1119
5792 1121
5793 1121
5794 1121
5795 2913
5796 1121
5797 3044
5798 1476
5799 1124
5800 1124
5801 1124
5802 2911
5803 1126
5804 1127
5805 1739
5806 2411
5807 1127
5808 1127
5809 1130
5810 2776
5811 1132
5812 1241
5813 1132
5814 1391
5815 1776
5816 1141
5817 1142
5818 2141
5819 1146
5820 2447
5821 1147
5822 1147
5823 2856
5824 2197
5825 1147
5826 2653
5827 1922
5828 1147
5829 2344
5830 2859
5831 1147
5832 1454
5833 1147
5834 1147
5835 1147
5836 1147
5837 1147
5838 1147
5839 1147
5840 1286
5841 1147
5842 2977
5843 1190
5844 1147
5845 1147
5846 1147
5847 1147
5848 1147
5849 1324
5850 1147
5851 1147
5852 1147
5853 2164
5854 1147
5855 1862
5856 1147
5857 1147
5858 1723
5859 3179
5860 1147
5861 1147
5862 1388
5863 1293
5864 1977
5865 1944
5866 1147
5867 1147
5868 1211
5869 1147
5870 1147
5871 1147
5872 1147
5873 1147
5874 1147
5875 1147
5876 1381
5877 1147
5878 1147
5879 1229
5880 1147
5881 1147
5882 1147
5883 2379
5884 1147
5885 1429
5886 1147
5887 1147
5888 1147
5889 1147
5890 2519
5891 1147
5892 1147
5893 1147
5894 1147
5895 1147
5896 1147
5897 1147
5898 1149
5899 1150
5900 1151
5901 3208
5902 1151
5903 1153
5904 1153
5905 1153
5906 1154
5907 2454
5908 1155
5909 1155
5910 1155
5911 2112
5912 2063
5913 1155
5914 1155
5915 2555
5916 1989
5917 1169
5918 1157
5919 1865
5920 3259
5921 1161
5922 1490
5923 1848
5924 1164
5925 2971
5926 1165
5927 1165
5928 1165
5929 1197
5930 1165
5931 1166
5932 1234
5933 1297
5934 1167
5935 1168
5936 1169
5937 1170
5938 1170
5939 1171
5940 1648
5941 1174
5942 1787
5943 1174
5944 1174
5945 1174
5946 1175
5947 2079
5948 1175
5949 1175
5950 1175
5951 3217
5952 1175
5953 1178
5954 2195
5955 1970
5956 2049
5957 1189
5958 1189
5959 1189
5960 1305
5961 1189
5962 2234
5963 1189
5964 3246
5965 2268
5966 1189
5967 1189
5968 1189
5969 1189
5970 1624
5971 1656
5972 2076
5973 1189
5974 1189
5975 1189
5976 1189
5977 1901
5978 1206
5979 1192
5980 2876
5981 1192
5982 1196
5983 1196
5984 1197
5985 1197
5986 1398
5987 1197
5988 1197
5989 1197
5990 1197
5991 1197
5992 1197
5993 1201
5994 1201
5995 1201
5996 1352
5997 3273
5998 2846
5999 1207
6000 2380
6001 3027
6002 1218
6003 1953
6004 1220
6005 1223
6006 1223
6007 1223
6008 2018
6009 1225
6010 2669
6011 1225
6012 1605
6013 1226
6014 1227
6015 1227
6016 3242
6017 1228
6018 3040
6019 1228
6020 1228
6021 1228
6022 1788
6023 1598
6024 1228
6025 1228
6026 1228
6027 1229
6028 1230
6029 3150
6030 1836
6031 1234
6032 1734
6033 1240
6034 1575
6035 1244
6036 3233
6037 2426
6038 1252
6039 1253
6040 1253
6041 1253
6042 1253
6043 1253
6044 2461
6045 1253
6046 1253
6047 2673
6048 1253
6049 1254
6050 2117
6051 1255
6052 2036
6053 1430
6054 1626
6055 1632
6056 1257
6057 2028
6058 1257
6059 1257
6060 1257
6061 1257
6062 1257
6063 1385
6064 1257
6065 1257
6066 1257
6067 1257
6068 3054
6069 1257
6070 2226
6071 1257
6072 1257
6073 1257
6074 1257
6075 1257
6076 1261
6077 1261
6078 1262
6079 1263
6080 1263
6081 1263
6082 1263
6083 2833
6084 1263
6085 3053
6086 1263
6087 2813
6088 1263
6089 1263
6090 1263
6091 1263
6092 1263
6093 1263
6094 1263
6095 1263
6096 1263
6097 1263
6098 1263
6099 1263
6100 2948
6101 1263
6102 1263
6103 1263
6104 1263
6105 2885
6106 1263
6107 2400
6108 1263
6109 2265
6110 2645
6111 1263
6112 2654
6113 1263
6114 1263
6115 1263
6116 1263
6117 2399
6118 1521
6119 2328
6120 1263
6121 1263
6122 1263
6123 1263
6124 1263
6125 1263
6126 1439
6127 1263
6128 2750
6129 2586
6130 1263
6131 1263
6132 2681
6133 1263
6134 2627
6135 1468
6136 1263
6137 1263
6138 1263
6139 1263
6140 1766
6141 1821
6142 1711
6143 2118
6144 1265
6145 2613
6146 1265
6147 1272
6148 1273
6149 1273
6150 3020
6151 1274
6152 1276
6153 1276
6154 2565
6155 1276
6156 1276
6157 1276
6158 1697
6159 1276
6160 1276
6161 1276
6162 1276
6163 1276
6164 1832
6165 1406
6166 1276
6167 1277
6168 1281
6169 2320
6170 1284
6171 1287
6172 1292
6173 1315
6174 1292
6175 3076
6176 1292
6177 1298
6178 1302
6179 1302
6180 2867
6181 1302
6182 1302
6183 1330
6184 2610
6185 1302
6186 1302
6187 1302
6188 1302
6189 2361
6190 1812
6191 1559
6192 1304
6193 2993
6194 3193
6195 2782
6196 1313
6197 1313
6198 1313
6199 1313
6200 1313
6201 1981
6202 1313
6203 1313
6204 1313
6205 1313
6206 1313
6207 1313
6208 1927
6209 2267
6210 2908
6211 1313
6212 1313
6213 1313
6214 1941
6215 1440
6216 1315
6217 3241
6218 1315
6219 1317
6220 1319
6221 1359
6222 1319
6223 1319
6224 1319
6225 1319
6226 1319
6227 2965
6228 1319
6229 1319
6230 2932
6231 1321
6232 1321
6233 1913
6234 1322
6235 1322
6236 1752
6237 1322
6238 1749
6239 1324
6240 1502
6241 1326
6242 1327
6243 1327
6244 1330
6245 1438
6246 1330
6247 2830
6248 1331
6249 1331
6250 1333
6251 1336
6252 2651
6253 1754
6254 1336
6255 1336
6256 1336
6257 1336
6258 1336
6259 1336
6260 1412
6261 1340
6262 1453
6263 1340
6264 1340
6265 1342
6266 1342
6267 1879
6268 2559
6269 1342
6270 1690
6271 2646
6272 2719
6273 1342
6274 2430
6275 1342
6276 1554
6277 1414
6278 1349
6279 2099
6280 1349
6281 1351
6282 1351
6283 1351
6284 1595
6285 1353
6286 2755
6287 1353
6288 1353
6289 1353
6290 1353
6291 1353
6292 1353
6293 2250
6294 2096
6295 2069
6296 1354
6297 1355
6298 1356
6299 2549
6300 1361
6301 2498
6302 1362
6303 1364
6304 1946
6305 2618
6306 2206
6307 1365
6308 1365
6309 1365
6310 3190
6311 1367
6312 1367
6313 3185
6314 1372
6315 1376
6316 3284
6317 1939
6318 1417
6319 1387
6320 1387
6321 2054
6322 1397
6323 1390
6324 2311
6325 1938
6326 2165
6327 2194
6328 1393
6329 1393
6330 1806
6331 2602
6332 1393
6333 1393
6334 1396
6335 1396
6336 1396
6337 1398
6338 1398
6339 1400
6340 1400
6341 2533
6342 1403
6343 2724
6344 1405
6345 1444
6346 1405
6347 1531
6348 1405
6349 1405
6350 2432
6351 1405
6352 1405
6353 1967
6354 1686
6355 1405
6356 1405
6357 1405
6358 1405
6359 1405
6360 1405
6361 1405
6362 1405
6363 1458
6364 2138
6365 2037
6366 1406
6367 1406
6368 1406
6369 1406
6370 1406
6371 1643
6372 1409
6373 1410
6374 3167
6375 2834
6376 1414
6377 1414
6378 2717
6379 1416
6380 1753
6381 1416
6382 2779
6383 1728
6384 1419
6385 2217
6386 2228
6387 1422
6388 1424
6389 2708
6390 1424
6391 2066
6392 1425
6393 2284
6394 2273
6395 1751
6396 1426
6397 1426
6398 1426
6399 1426
6400 2386
6401 1426
6402 1891
6403 1426
6404 2371
6405 1741
6406 2979
6407 1426
6408 1426
6409 1426
6410 1426
6411 1426
6412 1796
6413 1426
6414 1426
6415 1426
6416 1427
6417 1427
6418 1427
6419 1427
6420 1427
6421 2029
6422 1520
6423 1484
6424 1427
6425 1428
6426 1428
6427 1428
6428 1430
6429 1430
6430 1430
6431 1436
6432 1436
6433 1436
6434 1436
6435 1436
6436 2113
6437 1439
6438 1440
6439 1442
6440 1460
6441 2808
6442 1446
6443 1599
6444 1449
6445 1449
6446 1449
6447 1449
6448 1449
6449 1449
6450 1449
6451 1577
6452 1450
6453 1455
6454 1456
6455 2981
6456 1457
6457 1720
6458 1457
6459 1497
6460 1457
6461 1457
6462 1457
6463 1457
6464 1457
6465 1457
6466 1457
6467 2573
6468 1457
6469 1458
6470 3288
6471 1461
6472 1461
6473 2215
6474 2260
6475 1461
6476 1461
6477 1461
6478 1461
6479 1461
6480 2244
6481 1461
6482 1461
6483 1461
6484 1461
6485 1461
6486 1898
6487 3097
6488 1462
6489 3169
6490 1462
6491 1462
6492 1462
6493 1462
6494 2308
6495 1463
6496 3033
6497 1463
6498 1801
6499 1463
6500 1874
6501 1466
6502 1467
6503 1467
6504 1619
6505 1467
6506 1467
6507 1467
6508 1467
6509 2023
6510 1468
6511 1469
6512 1469
6513 1471
6514 1471
6515 1471
6516 1471
6517 1568
6518 1472
6519 1472
6520 1473
6521 2163
6522 1473
6523 1474
6524 1498
6525 1889
6526 1475
6527 1947
6528 1475
6529 1475
6530 2781
6531 2936
6532 1477
6533 1477
6534 1477
6535 1477
6536 1477
6537 1481
6538 3151
6539 1481
6540 1481
6541 1481
6542 1481
6543 1481
6544 1490
6545 2253
6546 1492
6547 2500
6548 1493
6549 1493
6550 1493
6551 1493
6552 1769
6553 1495
6554 1496
6555 1496
6556 1496
6557 1496
6558 1496
6559 1497
6560 1498
6561 1499
6562 3251
6563 1500
6564 2289
6565 1503
6566 1503
6567 2526
6568 1503
6569 1503
6570 1504
6571 1504
6572 1660
6573 1504
6574 2116
6575 1504
6576 1504
6577 1504
6578 1505
6579 1505
6580 3275
6581 1505
6582 1505
6583 1770
6584 1505
6585 2837
6586 1691
6587 1505
6588 2970
6589 1505
6590 1506
6591 3252
6592 1810
6593 1506
6594 1511
6595 1506
6596 1506
6597 1508
6598 1508
6599 1508
6600 1508
6601 1508
6602 1508
6603 1508
6604 1508
6605 3224
6606 2033
6607 1508
6608 1508
6609 1508
6610 1508
6611 1508
6612 1508
6613 1512
6614 1512
6615 1514
6616 1514
6617 1518
6618 1518
6619 1519
6620 2570
6621 1519
6622 3118
6623 1875
6624 1519
6625 3115
6626 1519
6627 1519
6628 2334
6629 1519
6630 1519
6631 1519
6632 2536
6633 1519
6634 1519
6635 1519
6636 3107
6637 2898
6638 1519
6639 1519
6640 1519
6641 1519
6642 1701
6643 1519
6644 1519
6645 1519
6646 1519
6647 2465
6648 1519
6649 1519
6650 3255
6651 1519
6652 2899
6653 2392
6654 1519
6655 1519
6656 2684
6657 2276
6658 1539
6659 3021
6660 1519
6661 1519
6662 2223
6663 1519
6664 1519
6665 2731
6666 1519
6667 1519
6668 1519
6669 1519
6670 1519
6671 1519
6672 1519
6673 1519
6674 1519
6675 2154
6676 2272
6677 1519
6678 1519
6679 1786
6680 1519
6681 1519
6682 1519
6683 1519
6684 1519
6685 1519
6686 1519
6687 1519
6688 1519
6689 1519
6690 2080
6691 2702
6692 1833
6693 1999
6694 1526
6695 1526
6696 1526
6697 1526
6698 2122
6699 1526
6700 1526
6701 2572
6702 1529
6703 1531
6704 1531
6705 1532
6706 1532
6707 3300
6708 1532
6709 2246
6710 1532
6711 1532
6712 1532
6713 3101
6714 1532
6715 2974
6716 1532
6717 1534
6718 1535
6719 1538
6720 1540
6721 1540
6722 1540
6723 1541
6724 1542
6725 2777
6726 1545
6727 1545
6728 1545
6729 1550
6730 1551
6731 1555
6732 1555
6733 1555
6734 1555
6735 1555
6736 1555
6737 1555
6738 1555
6739 1555
6740 1558
6741 1645
6742 1558
6743 1558
6744 1558
6745 2522
6746 3211
6747 3016
6748 1558
6749 1682
6750 1563
6751 2216
6752 1563
6753 2855
6754 1642
6755 1565
6756 1574
6757 1565
6758 1565
6759 1565
6760 2422
6761 2652
6762 1565
6763 2511
6764 1567
6765 1568
6766 2444
6767 1568
6768 1569
6769 2999
6770 1912
6771 1577
6772 1577
6773 1577
6774 1577
6775 1577
6776 1582
6777 1582
6778 1729
6779 3077
6780 1585
6781 2087
6782 1585
6783 3203
6784 1809
6785 2124
6786 1705
6787 1591
6788 1592
6789 1592
6790 2703
6791 1593
6792 1594
6793 1597
6794 1598
6795 1598
6796 1598
6797 3158
6798 1599
6799 1601
6800 2051
6801 3067
6802 1604
6803 1604
6804 1607
6805 1607
6806 1607
6807 1607
6808 1613
6809 1613
6810 1613
6811 2713
6812 1616
6813 1616
6814 1616
6815 2222
6816 1616
6817 1616
6818 1616
6819 2494
6820 1621
6821 3250
6822 1627
6823 1629
6824 1629
6825 2604
6826 1629
6827 2909
6828 1784
6829 1629
6830 1629
6831 1629
6832 1629
6833 1629
6834 1629
6835 1629
6836 1634
6837 1634
6838 1636
6839 1636
6840 1638
6841 1638
6842 1640
6843 1640
6844 2042
6845 1642
6846 1642
6847 2330
6848 2933
6849 2086
6850 2605
6851 1642
6852 3029
6853 1642
6854 1642
6855 1642
6856 2089
6857 1642
6858 1642
6859 1642
6860 1642
6861 1642
6862 2073
6863 1642
6864 1642
6865 1642
6866 1642
6867 1642
6868 2529
6869 1643
6870 1643
6871 2139
6872 1884
6873 1649
6874 1649
6875 3279
6876 2014
6877 1651
6878 1651
6879 1721
6880 1681
6881 1653
6882 1653
6883 2736
6884 1654
6885 1654
6886 1655
6887 1844
6888 1835
6889 1655
6890 1655
6891 1655
6892 1655
6893 1655
6894 2839
6895 1658
6896 1661
6897 1662
6898 1662
6899 1665
6900 1665
6901 1665
6902 1665
6903 2729
6904 1665
6905 1666
6906 1666
6907 1672
6908 1675
6909 1675
6910 1675
6911 1676
6912 2092
6913 1676
6914 1676
6915 1676
6916 1676
6917 1676
6918 1676
6919 1676
6920 3146
6921 1676
6922 1676
6923 2567
6924 1676
6925 1676
6926 1676
6927 1676
6928 1676
6929 1676
6930 1676
6931 1676
6932 1676
6933 1677
6934 1677
6935 2085
6936 1677
6937 1679
6938 1680
6939 2060
6940 1680
6941 1680
6942 2797
6943 1680
6944 1680
6945 3012
6946 1680
6947 1680
6948 1834
6949 1680
6950 1680
6951 1681
6952 1738
6953 1681
6954 2822
6955 1684
6956 1685
6957 3041
6958 1685
6959 1685
6960 2129
6961 1690
6962 1690
6963 2814
6964 1693
6965 1695
6966 1696
6967 1696
6968 2109
6969 1697
6970 2404
6971 1714
6972 1727
6973 2792
6974 1700
6975 1700
6976 1700
6977 2365
6978 1701
6979 1701
6980 1703
6981 1703
6982 1703
6983 2127
6984 1703
6985 1703
6986 1703
6987 1703
6988 1843
6989 1704
6990 1704
6991 1704
6992 1704
6993 1704
6994 2333
6995 1704
6996 1969
6997 1706
6998 2943
6999 1706
7000 1706
7001 2869
7002 1706
7003 1706
7004 2877
7005 1707
7006 1709
7007 3175
7008 1714
7009 1715
7010 1717
7011 2705
7012 1723
7013 2603
7014 1727
7015 1727
7016 1992
7017 1729
7018 1730
7019 1730
7020 1730
7021 2382
7022 2929
7023 1731
7024 1732
7025 1734
7026 2687
7027 1737
7028 2886
7029 1741
7030 1746
7031 1743
7032 1743
7033 1743
7034 2102
7035 1743
7036 1743
7037 1743
7038 1743
7039 2720
7040 1743
7041 1743
7042 1743
7043 1964
7044 1743
7045 1743
7046 1971
7047 1745
7048 1745
7049 1870
7050 1745
7051 3229
7052 1985
7053 1760
7054 1761
7055 1762
7056 1762
7057 2010
7058 1762
7059 1762
7060 2471
7061 2145
7062 1763
7063 2667
7064 1763
7065 1763
7066 1765
7067 2571
7068 1766
7069 1771
7070 1771
7071 2466
7072 1771
7073 1771
7074 1771
7075 1771
7076 3103
7077 1773
7078 1773
7079 1774
7080 1775
7081 1776
7082 1777
7083 1777
7084 3086
7085 1780
7086 1784
7087 1784
7088 2326
7089 1786
7090 1786
7091 2387
7092 2968
7093 1787
7094 1787
7095 1787
7096 3191
7097 1788
7098 2816
7099 1788
7100 2456
7101 1788
7102 1788
7103 1788
7104 2309
7105 2459
7106 1788
7107 1996
7108 1788
7109 2472
7110 1788
7111 1789
7112 1789
7113 1789
7114 1789
7115 1792
7116 1792
7117 1792
7118 1793
7119 1793
7120 3074
7121 1797
7122 1797
7123 1798
7124 2748
7125 1798
7126 1798
7127 1802
7128 1802
7129 1802
7130 2678
7131 1802
7132 1803
7133 1803
7134 1805
7135 2504
7136 1806
7137 1806
7138 1807
7139 1807
7140 1807
7141 1807
7142 3134
7143 1807
7144 1808
7145 2832
7146 1809
7147 1811
7148 2469
7149 1813
7150 1813
7151 1813
7152 1813
7153 1813
7154 1813
7155 2304
7156 1813
7157 2626
7158 2057
7159 1816
7160 1816
7161 1818
7162 1818
7163 1819
7164 2969
7165 1819
7166 1819
7167 1819
7168 3201
7169 2733
7170 1819
7171 1819
7172 1819
7173 1819
7174 3298
7175 1820
7176 1820
7177 2278
7178 2149
7179 1822
7180 1822
7181 1822
7182 1822
7183 1822
7184 1822
7185 1822
7186 1822
7187 1822
7188 1822
7189 2203
7190 1822
7191 1822
7192 1822
7193 1822
7194 1824
7195 1825
7196 1825
7197 1825
7198 1827
7199 1827
7200 1827
7201 1827
7202 1827
7203 1864
7204 1827
7205 1830
7206 2171
7207 3008
7208 1834
7209 1834
7210 1834
7211 2428
7212 2888
7213 1846
7214 1846
7215 1846
7216 1846
7217 1846
7218 1846
7219 1846
7220 1848
7221 1848
7222 1848
7223 1848
7224 1849
7225 1849
7226 1849
7227 1849
7228 1849
7229 1850
7230 1851
7231 1852
7232 1855
7233 1855
7234 1855
7235 2560
7236 1858
7237 1859
7238 1859
7239 1859
7240 1859
7241 1860
7242 1860
7243 1860
7244 1860
7245 1860
7246 1860
7247 2614
7248 2128
7249 1860
7250 1860
7251 1861
7252 1861
7253 1863
7254 1863
7255 1863
7256 1863
7257 1866
7258 3057
7259 1867
7260 1868
7261 1868
7262 1868
7263 1868
7264 1869
7265 1870
7266 1872
7267 1872
7268 3235
7269 2623
7270 1875
7271 1875
7272 1875
7273 1875
7274 1877
7275 1878
7276 1878
7277 1885
7278 1885
7279 1885
7280 1885
7281 1885
7282 1885
7283 1885
7284 1887
7285 1887
7286 1889
7287 1890
7288 1891
7289 1891
7290 2270
7291 3141
7292 1891
7293 1891
7294 1891
7295 1891
7296 1891
7297 2887
7298 1891
7299 1891
7300 1891
7301 1893
7302 1893
7303 2861
7304 2530
7305 1898
7306 1898
7307 1898
7308 2744
7309 1898
7310 2335
7311 1899
7312 2675
7313 1900
7314 1901
7315 1901
7316 1908
7317 1908
7318 1908
7319 1908
7320 1908
7321 1908
7322 1908
7323 1909
7324 2963
7325 1910
7326 1913
7327 1914
7328 1914
7329 2543
7330 1917
7331 1917
7332 1919
7333 2747
7334 2097
7335 1921
7336 2388
7337 2989
7338 2199
7339 2477
7340 1925
7341 1925
7342 1925
7343 1925
7344 3218
7345 1925
7346 1925
7347 1925
7348 1925
7349 1925
7350 1925
7351 1925
7352 1925
7353 3269
7354 2754
7355 1927
7356 1928
7357 2551
7358 1929
7359 1929
7360 1929
7361 1930
7362 1930
7363 1930
7364 1930
7365 1930
7366 3042
7367 2485
7368 1930
7369 1930
7370 1930
7371 1930
7372 1930
7373 1930
7374 1930
7375 1930
7376 3271
7377 1930
7378 2020
7379 1930
7380 1933
7381 1934
7382 1935
7383 1935
7384 1935
7385 1935
7386 1936
7387 1936
7388 1936
7389 2853
7390 2016
7391 1936
7392 1936
7393 1936
7394 1936
7395 1939
7396 2480
7397 3166
7398 1943
7399 1943
7400 1943
7401 1943
7402 1943
7403 1944
7404 1947
7405 1948
7406 1949
7407 1950
7408 1951
7409 1951
7410 1951
7411 2821
7412 1951
7413 1951
7414 2048
7415 1951
7416 1951
7417 1951
7418 1951
7419 3133
7420 1951
7421 3014
7422 1951
7423 1951
7424 1952
7425 1952
7426 1952
7427 1953
7428 1953
7429 1953
7430 3005
7431 1959
7432 1959
7433 3155
7434 2383
7435 1959
7436 1972
7437 1959
7438 1959
7439 1959
7440 1959
7441 1962
7442 1962
7443 1962
7444 1962
7445 1962
7446 1963
7447 1963
7448 1963
7449 1963
7450 1963
7451 1963
7452 1963
7453 1963
7454 1963
7455 1965
7456 1965
7457 1965
7458 1965
7459 1965
7460 1965
7461 1966
7462 1966
7463 2362
7464 1966
7465 1966
7466 1966
7467 2464
7468 1966
7469 2263
7470 1969
7471 2293
7472 1970
7473 2002
7474 1970
7475 1972
7476 1972
7477 2577
7478 1973
7479 1973
7480 1974
7481 1975
7482 2820
7483 2915
7484 1976
7485 1976
7486 1976
7487 2433
7488 1976
7489 1976
7490 1976
7491 1976
7492 1976
7493 1976
7494 1976
7495 1976
7496 2292
7497 3260
7498 1976
7499 1976
7500 1976
7501 1976
7502 1976
7503 2763
7504 1976
7505 1976
7506 1976
7507 1976
7508 1976
7509 1976
7510 1976
7511 2683
7512 1976
7513 1976
7514 1976
7515 1976
7516 2297
7517 1977
7518 3187
7519 2931
7520 1980
7521 1981
7522 1982
7523 2658
7524 3154
7525 1982
7526 1982
7527 1982
7528 1982
7529 1984
7530 1985
7531 2040
7532 2982
7533 1985
7534 1985
7535 1985
7536 1985
7537 1985
7538 1985
7539 1985
7540 1985
7541 1985
7542 1985
7543 2622
7544 1992
7545 1992
7546 1992
7547 2024
7548 1993
7549 1993
7550 1993
7551 1993
7552 3065
7553 1997
7554 1997
7555 1997
7556 1998
7557 1998
7558 1999
7559 1999
7560 2685
7561 2007
7562 1999
7563 3240
7564 2398
7565 2001
7566 2759
7567 3094
7568 2331
7569 2001
7570 2896
7571 2001
7572 2001
7573 2531
7574 2004
7575 3212
7576 2004
7577 2005
7578 2890
7579 2008
7580 2339
7581 2010
7582 2011
7583 2014
7584 2014
7585 2015
7586 2015
7587 2018
7588 2178
7589 2696
7590 2024
7591 2024
7592 2026
7593 2791
7594 2026
7595 2026
7596 2353
7597 2325
7598 2026
7599 2026
7600 2026
7601 2281
7602 2026
7603 2029
7604 2029
7605 2031
7606 2031
7607 2031
7608 2031
7609 2031
7610 2031
7611 2031
7612 2031
7613 2366
7614 2031
7615 2031
7616 2031
7617 2031
7618 2031
7619 2031
7620 2031
7621 2031
7622 2031
7623 2815
7624 2031
7625 2452
7626 2875
7627 2031
7628 2031
7629 2031
7630 2031
7631 2031
7632 2031
7633 2031
7634 2032
7635 2032
7636 2035
7637 2035
7638 2035
7639 2038
7640 2038
7641 2038
7642 2038
7643 2038
7644 2038
7645 2038
7646 2303
7647 3145
7648 2038
7649 2038
7650 2040
7651 2040
7652 2041
7653 2409
7654 2248
7655 2044
7656 2044
7657 2046
7658 2047
7659 2894
7660 2050
7661 2050
7662 2050
7663 3135
7664 2052
7665 2053
7666 2054
7667 2056
7668 2318
7669 2596
7670 2056
7671 2057
7672 2060
7673 2910
7674 2389
7675 2860
7676 2066
7677 2415
7678 2168
7679 2067
7680 2068
7681 2068
7682 2068
7683 2068
7684 2068
7685 2070
7686 2072
7687 2074
7688 3171
7689 2074
7690 2074
7691 2074
7692 2074
7693 2074
7694 2074
7695 2074
7696 2074
7697 2074
7698 2074
7699 2074
7700 2074
7701 2076
7702 2076
7703 2076
7704 2076
7705 2076
7706 2076
7707 2076
7708 2078
7709 2079
7710 2200
7711 2079
7712 2080
7713 2080
7714 2081
7715 2848
7716 2081
7717 2515
7718 2088
7719 2088
7720 2088
7721 2476
7722 2088
7723 3231
7724 2088
7725 2088
7726 2092
7727 2094
7728 2094
7729 2443
7730 2094
7731 2094
7732 3285
7733 2204
7734 2094
7735 2094
7736 2094
7737 2094
7738 2094
7739 2868
7740 2094
7741 2094
7742 2094
7743 2155
7744 2094
7745 3003
7746 2501
7747 2094
7748 2094
7749 2097
7750 2097
7751 2098
7752 2099
7753 2895
7754 3207
7755 2104
7756 2104
7757 2106
7758 2106
7759 2106
7760 2106
7761 2106
7762 2679
7763 2106
7764 2109
7765 2111
7766 2112
7767 2112
7768 2115
7769 2115
7770 2115
7771 3149
7772 2115
7773 2116
7774 2116
7775 2116
7776 2116
7777 2116
7778 2116
7779 2116
7780 2116
7781 2116
7782 2122
7783 2122
7784 2123
7785 2127
7786 2128
7787 2128
7788 2484
7789 2128
7790 2128
7791 2128
7792 2128
7793 2128
7794 2128
7795 2129
7796 2608
7797 2838
7798 2129
7799 2870
7800 2129
7801 2129
7802 2129
7803 2129
7804 2129
7805 2130
7806 2130
7807 2130
7808 2130
7809 2153
7810 2134
7811 2142
7812 2142
7813 2142
7814 2144
7815 2144
7816 2144
7817 2144
7818 2144
7819 2144
7820 2149
7821 2149
7822 2149
7823 2151
7824 2152
7825 2152
7826 2153
7827 2153
7828 2153
7829 2154
7830 2154
7831 2154
7832 2154
7833 2518
7834 2154
7835 2154
7836 2155
7837 2174
7838 2156
7839 2158
7840 2158
7841 2349
7842 2158
7843 2158
7844 2158
7845 2158
7846 3139
7847 2160
7848 2160
7849 2161
7850 2161
7851 2161
7852 2161
7853 2161
7854 2161
7855 2734
7856 2161
7857 2161
7858 2161
7859 2358
7860 2290
7861 2375
7862 2164
7863 3266
7864 3064
7865 2512
7866 2164
7867 2169
7868 2170
7869 2170
7870 2171
7871 2171
7872 2171
7873 2171
7874 2172
7875 2172
7876 2172
7877 2172
7878 2172
7879 2517
7880 2175
7881 2175
7882 2175
7883 2176
7884 2176
7885 2176
7886 2176
7887 2176
7888 2176
7889 2445
7890 2176
7891 2176
7892 2176
7893 2176
7894 2176
7895 2176
7896 2176
7897 2176
7898 2176
7899 2176
7900 2176
7901 2294
7902 2176
7903 2201
7904 2176
7905 2556
7906 3013
7907 2179
7908 2179
7909 2255
7910 2179
7911 2181
7912 2376
7913 2181
7914 2182
7915 2182
7916 2182
7917 2182
7918 2183
7919 2184
7920 2492
7921 2189
7922 2194
7923 2194
7924 2195
7925 2195
7926 2195
7927 2195
7928 2195
7929 2195
7930 2341
7931 2772
7932 2195
7933 2195
7934 2195
7935 2195
7936 2195
7937 2201
7938 2202
7939 2202
7940 2202
7941 2985
7942 2203
7943 2203
7944 2203
7945 2203
7946 2715
7947 2204
7948 2204
7949 2258
7950 2204
7951 2204
7952 2204
7953 2204
7954 2204
7955 2204
7956 2204
7957 2204
7958 2204
7959 2204
7960 2206
7961 2206
7962 2206
7963 2206
7964 2206
7965 2206
7966 2210
7967 2210
7968 2210
7969 2210
7970 2210
7971 2210
7972 2213
7973 2215
7974 2215
7975 2218
7976 2218
7977 2220
7978 2223
7979 2223
7980 2223
7981 2223
7982 2223
7983 3209
7984 2223
7985 2223
7986 2223
7987 2223
7988 2223
7989 2223
7990 2955
7991 2226
7992 2226
7993 3078
7994 2226
7995 2226
7996 2226
7997 2226
7998 2227
7999 2227
8000 2227
8001 2227
8002 2852
8003 2227
8004 2227
8005 2227
8006 2607
8007 2227
8008 2227
8009 2227
8010 2227
8011 2338
8012 2227
8013 2807
8014 2227
8015 2227
8016 2438
8017 3121
8018 3075
8019 2229
8020 2230
8021 2231
8022 2233
8023 2233
8024 2235
8025 2235
8026 2235
8027 2235
8028 2235
8029 2789
8030 2236
8031 2238
8032 2242
8033 2242
8034 2242
8035 2245
8036 2247
8037 3301
8038 2247
8039 2251
8040 2252
8041 2253
8042 2554
8043 2253
8044 2253
8045 2384
8046 2256
8047 2674
8048 2261
8049 2266
8050 2266
8051 2266
8052 2266
8053 2270
8054 2270
8055 2270
8056 2270
8057 2270
8058 2270
8059 2270
8060 2271
8061 2272
8062 2274
8063 2274
8064 2274
8065 2275
8066 2942
8067 2281
8068 2281
8069 2281
8070 2315
8071 2283
8072 2283
8073 2285
8074 2285
8075 2286
8076 3216
8077 2289
8078 2291
8079 2291
8080 2295
8081 2295
8082 2295
8083 2295
8084 2295
8085 2295
8086 2295
8087 2295
8088 2295
8089 2298
8090 2299
8091 2299
8092 2300
8093 2922
8094 2301
8095 2301
8096 2301
8097 2301
8098 2301
8099 2301
8100 2301
8101 2629
8102 2301
8103 2462
8104 2805
8105 2301
8106 2609
8107 2301
8108 2301
8109 2301
8110 2301
8111 2301
8112 2301
8113 2301
8114 2302
8115 2302
8116 2303
8117 2303
8118 2304
8119 2304
8120 2304
8121 3239
8122 2306
8123 2306
8124 2306
8125 2306
8126 2765
8127 2308
8128 2309
8129 2309
8130 2309
8131 2309
8132 2356
8133 2311
8134 2316
8135 2377
8136 2319
8137 2862
8138 2538
8139 2325
8140 2325
8141 2325
8142 2327
8143 2328
8144 2328
8145 2332
8146 2332
8147 2332
8148 2332
8149 2332
8150 2335
8151 2335
8152 2338
8153 2338
8154 2338
8155 2338
8156 2338
8157 2338
8158 2338
8159 3039
8160 2349
8161 2349
8162 2349
8163 2352
8164 2354
8165 2356
8166 2823
8167 2357
8168 2357
8169 2357
8170 2357
8171 2357
8172 2357
8173 2360
8174 2360
8175 2967
8176 2366
8177 2366
8178 2368
8179 2368
8180 2368
8181 2370
8182 3297
8183 2370
8184 2373
8185 2373
8186 2381
8187 2381
8188 2381
8189 2381
8190 2381
8191 2381
8192 2381
8193 2726
8194 2381
8195 2381
8196 2382
8197 2382
8198 2383
8199 2383
8200 2383
8201 2383
8202 2383
8203 2385
8204 2385
8205 2386
8206 2387
8207 2387
8208 2387
8209 2387
8210 2387
8211 2387
8212 2387
8213 2387
8214 2387
8215 2389
8216 2389
8217 2390
8218 3225
8219 2390
8220 2390
8221 2390
8222 2390
8223 2390
8224 2619
8225 2392
8226 2394
8227 2541
8228 2394
8229 2395
8230 2395
8231 3129
8232 2395
8233 2395
8234 2395
8235 2396
8236 2396
8237 2396
8238 2396
8239 2396
8240 3056
8241 3202
8242 2396
8243 2396
8244 2396
8245 2396
8246 2396
8247 2396
8248 2396
8249 2396
8250 2397
8251 2704
8252 2402
8253 2402
8254 2403
8255 2410
8256 2411
8257 2416
8258 2769
8259 2416
8260 2416
8261 2416
8262 2417
8263 2424
8264 2426
8265 2426
8266 2426
8267 2426
8268 2426
8269 2426
8270 2426
8271 2426
8272 2426
8273 2426
8274 2857
8275 2426
8276 2426
8277 2426
8278 2439
8279 2426
8280 2426
8281 2426
8282 2426
8283 2900
8284 2426
8285 2426
8286 2426
8287 2426
8288 2426
8289 2426
8290 2426
8291 2426
8292 2426
8293 2426
8294 2426
8295 2426
8296 2426
8297 2741
8298 2426
8299 2426
8300 2845
8301 2426
8302 2426
8303 2426
8304 2426
8305 2426
8306 2426
8307 2426
8308 2426
8309 2426
8310 2426
8311 2426
8312 2426
8313 2426
8314 2426
8315 2426
8316 2426
8317 2426
8318 2441
8319 3023
8320 2426
8321 2426
8322 2426
8323 2426
8324 2426
8325 2426
8326 2692
8327 2426
8328 2949
8329 2426
8330 2426
8331 2426
8332 2594
8333 2426
8334 2643
8335 2426
8336 2426
8337 2426
8338 2426
8339 3035
8340 2430
8341 2431
8342 2503
8343 2436
8344 2510
8345 2436
8346 2436
8347 2436
8348 2438
8349 2438
8350 2439
8351 2443
8352 2446
8353 2448
8354 2448
8355 2448
8356 2450
8357 2450
8358 2451
8359 2452
8360 2452
8361 2453
8362 2453
8363 2454
8364 2454
8365 2454
8366 2454
8367 2454
8368 2454
8369 2454
8370 2454
8371 2454
8372 2454
8373 2454
8374 2454
8375 2455
8376 2455
8377 2456
8378 2456
8379 2456
8380 2456
8381 2456
8382 2456
8383 2456
8384 2458
8385 2847
8386 2460
8387 2460
8388 2460
8389 2460
8390 3089
8391 3009
8392 2462
8393 2464
8394 2464
8395 2465
8396 2465
8397 2465
8398 2465
8399 2465
8400 2465
8401 2465
8402 2465
8403 2467
8404 3160
8405 2467
8406 2467
8407 2467
8408 2467
8409 2470
8410 2470
8411 2471
8412 2471
8413 2471
8414 2471
8415 2664
8416 2471
8417 2471
8418 2475
8419 2476
8420 2477
8421 2477
8422 2477
8423 2849
8424 2477
8425 2478
8426 2479
8427 2479
8428 2479
8429 2480
8430 2480
8431 2482
8432 2482
8433 2482
8434 2482
8435 2482
8436 2482
8437 2482
8438 2483
8439 2640
8440 2487
8441 2488
8442 2488
8443 2488
8444 2488
8445 2488
8446 2491
8447 2493
8448 2496
8449 2496
8450 2499
8451 3001
8452 2500
8453 2500
8454 2500
8455 2730
8456 2501
8457 2501
8458 2501
8459 2501
8460 2501
8461 2501
8462 2501
8463 2501
8464 2501
8465 3127
8466 2501
8467 2501
8468 2501
8469 2502
8470 2503
8471 2825
8472 2503
8473 2504
8474 2508
8475 3214
8476 2508
8477 2508
8478 2514
8479 2510
8480 2906
8481 2510
8482 2510
8483 2510
8484 2510
8485 2510
8486 2510
8487 2510
8488 2510
8489 2510
8490 2510
8491 2510
8492 2511
8493 2512
8494 2512
8495 2513
8496 2517
8497 2517
8498 2517
8499 3099
8500 2517
8501 2517
8502 2517
8503 2773
8504 2522
8505 2524
8506 2524
8507 2525
8508 2528
8509 2528
8510 2528
8511 2528
8512 2528
8513 2531
8514 2994
8515 2532
8516 2532
8517 2532
8518 2532
8519 2532
8520 2532
8521 2533
8522 3195
8523 2533
8524 2533
8525 3258
8526 2534
8527 2534
8528 2534
8529 2534
8530 2534
8531 2534
8532 2534
8533 2534
8534 2778
8535 2536
8536 2537
8537 2538
8538 3286
8539 2538
8540 2539
8541 2540
8542 2540
8543 2598
8544 2549
8545 2665
8546 2549
8547 2549
8548 2549
8549 2549
8550 2549
8551 2552
8552 2552
8553 2552
8554 2552
8555 2554
8556 2555
8557 2555
8558 2558
8559 2558
8560 2558
8561 2558
8562 2558
8563 2558
8564 2558
8565 2558
8566 2558
8567 2558
8568 2560
8569 2560
8570 2560
8571 2560
8572 3243
8573 2560
8574 3194
8575 2560
8576 2560
8577 2560
8578 2676
8579 2560
8580 2560
8581 2560
8582 2560
8583 2560
8584 2560
8585 2560
8586 2561
8587 2561
8588 3082
8589 2561
8590 2561
8591 2561
8592 2562
8593 2562
8594 2562
8595 2562
8596 2563
8597 2569
8598 2569
8599 2569
8600 2572
8601 3047
8602 2572
8603 2572
8604 2572
8605 2572
8606 2572
8607 3163
8608 2572
8609 3079
8610 2576
8611 2576
8612 2576
8613 2576
8614 2576
8615 2576
8616 3124
8617 2576
8618 2577
8619 2577
8620 2577
8621 2577
8622 2578
8623 2578
8624 3206
8625 2580
8626 2582
8627 2584
8628 2584
8629 2584
8630 2584
8631 2584
8632 3161
8633 2584
8634 2585
8635 2586
8636 2588
8637 3253
8638 2589
8639 2590
8640 2590
8641 2843
8642 2594
8643 2594
8644 2595
8645 2595
8646 2597
8647 2905
8648 2601
8649 2601
8650 2603
8651 2603
8652 2605
8653 2605
8654 2605
8655 2605
8656 2605
8657 2605
8658 2605
8659 2605
8660 2605
8661 2605
8662 2605
8663 2605
8664 2605
8665 2605
8666 2605
8667 2605
8668 2605
8669 2605
8670 2605
8671 2605
8672 2605
8673 2605
8674 2605
8675 3087
8676 2605
8677 2661
8678 2605
8679 2605
8680 2605
8681 2605
8682 3061
8683 2605
8684 2605
8685 2605
8686 2605
8687 2605
8688 3256
8689 2605
8690 2605
8691 2605
8692 2605
8693 2606
8694 2606
8695 2611
8696 2613
8697 2613
8698 2613
8699 2613
8700 2613
8701 2613
8702 2613
8703 2613
8704 2613
8705 2613
8706 2614
8707 2616
8708 2620
8709 2620
8710 2620
8711 2620
8712 2622
8713 2623
8714 2623
8715 2623
8716 2623
8717 2623
8718 2938
8719 2623
8720 2828
8721 2623
8722 2623
8723 2623
8724 2625
8725 2626
8726 2627
8727 2629
8728 2629
8729 2629
8730 2630
8731 2630
8732 2630
8733 2635
8734 2635
8735 2637
8736 2637
8737 2637
8738 2637
8739 2640
8740 2640
8741 2641
8742 2645
8743 2645
8744 2645
8745 2647
8746 2647
8747 2647
8748 2648
8749 2648
8750 2650
8751 2650
8752 2650
8753 3238
8754 2654
8755 2655
8756 2657
8757 2658
8758 2658
8759 2660
8760 2668
8761 2668
8762 2669
8763 2670
8764 2670
8765 2670
8766 2670
8767 2673
8768 2676
8769 2676
8770 2676
8771 2676
8772 2677
8773 2677
8774 2677
8775 2677
8776 2677
8777 2677
8778 2677
8779 2677
8780 2678
8781 2679
8782 2679
8783 2679
8784 2680
8785 2680
8786 2681
8787 2682
8788 2685
8789 2685
8790 2685
8791 2685
8792 2685
8793 2685
8794 2685
8795 2686
8796 2686
8797 2686
8798 2687
8799 2687
8800 3002
8801 2739
8802 2687
8803 2687
8804 2690
8805 2690
8806 3108
8807 2690
8808 2690
8809 2690
8810 2692
8811 2697
8812 2702
8813 2702
8814 2702
8815 2707
8816 2708
8817 2708
8818 2708
8819 2708
8820 2708
8821 2708
8822 2708
8823 2711
8824 2714
8825 2714
8826 2714
8827 2714
8828 2714
8829 3106
8830 2793
8831 2714
8832 2716
8833 2716
8834 2790
8835 2716
8836 2716
8837 2717
8838 2717
8839 2717
8840 2717
8841 2717
8842 2717
8843 2717
8844 2717
8845 3156
8846 2721
8847 2721
8848 2722
8849 2722
8850 2722
8851 2794
8852 2858
8853 2722
8854 2722
8855 2722
8856 3148
8857 2722
8858 2722
8859 2727
8860 2727
8861 2727
8862 2730
8863 2730
8864 2735
8865 2735
8866 2737
8867 2737
8868 2738
8869 2738
8870 2738
8871 2738
8872 2738
8873 2740
8874 2745
8875 2745
8876 2745
8877 2745
8878 3095
8879 2745
8880 2748
8881 2749
8882 2749
8883 2749
8884 2749
8885 2749
8886 2749
8887 2750
8888 2751
8889 2752
8890 2752
8891 2753
8892 2753
8893 2758
8894 2758
8895 2758
8896 2758
8897 2759
8898 2760
8899 2760
8900 2760
8901 2760
8902 2763
8903 3130
8904 2765
8905 2767
8906 2767
8907 2767
8908 2767
8909 2767
8910 3205
8911 2767
8912 2767
8913 3068
8914 2769
8915 3267
8916 2770
8917 2770
8918 2770
8919 2770
8920 2770
8921 2771
8922 2771
8923 2771
8924 2771
8925 2773
8926 2773
8927 2773
8928 2775
8929 2776
8930 2778
8931 2778
8932 3045
8933 2779
8934 2779
8935 2779
8936 2779
8937 2779
8938 2780
8939 2780
8940 2780
8941 2782
8942 2782
8943 3092
8944 2788
8945 2789
8946 3261
8947 2791
8948 2791
8949 2792
8950 3051
8951 2792
8952 2792
8953 2792
8954 2797
8955 2799
8956 2800
8957 3080
8958 2804
8959 2804
8960 2806
8961 2807
8962 2810
8963 2810
8964 3290
8965 2811
8966 2811
8967 2811
8968 2811
8969 2815
8970 2815
8971 2815
8972 3180
8973 2816
8974 2819
8975 2819
8976 2819
8977 2820
8978 2820
8979 2820
8980 2820
8981 2821
8982 2821
8983 2821
8984 2821
8985 2828
8986 3131
8987 2829
8988 2830
8989 3123
8990 2832
8991 2832
8992 2832
8993 2832
8994 2832
8995 2832
8996 2832
8997 2832
8998 2832
8999 2832
9000 3030
9001 2832
9002 2832
9003 2832
9004 2832
9005 2832
9006 2832
9007 2832
9008 2832
9009 2832
9010 3213
9011 2833
9012 2836
9013 2839
9014 2839
9015 2840
9016 2840
9017 2840
9018 2841
9019 2841
9020 2844
9021 2845
9022 3004
9023 2846
9024 2846
9025 2846
9026 2846
9027 2846
9028 3186
9029 2846
9030 2846
9031 2846
9032 2846
9033 2846
9034 2846
9035 2846
9036 2846
9037 2846
9038 2846
9039 2846
9040 2846
9041 2846
9042 2846
9043 2920
9044 2846
9045 2846
9046 2846
9047 2846
9048 2846
9049 2846
9050 2851
9051 2852
9052 2852
9053 2852
9054 2852
9055 2853
9056 3037
9057 2853
9058 2853
9059 2853
9060 2853
9061 2853
9062 2854
9063 2854
9064 2856
9065 2856
9066 2889
9067 2864
9068 2864
9069 2864
9070 2864
9071 2988
9072 2864
9073 2864
9074 2864
9075 2866
9076 2866
9077 2868
9078 2868
9079 2868
9080 2869
9081 2872
9082 2873
9083 2877
9084 3204
9085 2881
9086 2883
9087 2885
9088 2888
9089 2889
9090 2889
9091 3138
9092 2891
9093 2896
9094 2897
9095 2900
9096 2900
9097 2953
9098 2902
9099 2902
9100 2902
9101 2902
9102 2902
9103 2902
9104 2902
9105 3230
9106 2902
9107 2902
9108 2903
9109 2903
9110 2903
9111 2908
9112 2909
9113 2911
9114 2913
9115 2914
9116 2914
9117 2914
9118 2914
9119 2914
9120 2914
9121 2914
9122 2914
9123 2914
9124 2914
9125 2914
9126 2914
9127 2914
9128 2914
9129 2914
9130 2914
9131 2914
9132 2914
9133 2914
9134 3120
9135 2914
9136 2914
9137 3189
9138 2914
9139 2914
9140 2914
9141 2914
9142 2914
9143 2914
9144 2914
9145 2914
9146 2916
9147 2916
9148 2916
9149 2916
9150 2916
9151 2916
9152 2916
9153 2917
9154 2917
9155 2917
9156 2918
9157 2918
9158 2918
9159 2918
9160 2918
9161 2918
9162 2918
9163 2918
9164 2918
9165 2918
9166 2918
9167 2919
9168 2919
9169 2919
9170 3000
9171 2919
9172 2919
9173 2919
9174 2919
9175 2919
9176 2919
9177 2919
9178 3081
9179 2919
9180 2919
9181 2919
9182 2919
9183 2919
9184 2919
9185 2919
9186 3222
9187 2919
9188 2922
9189 2975
9190 3178
9191 2923
9192 2923
9193 2923
9194 2923
9195 2929
9196 2929
9197 2929
9198 2931
9199 2933
9200 2935
9201 2935
9202 2935
9203 2935
9204 2935
9205 2935
9206 2935
9207 2935
9208 2935
9209 2935
9210 2935
9211 2935
9212 2935
9213 2935
9214 2936
9215 2936
9216 2936
9217 2936
9218 3100
9219 2938
9220 2938
9221 2938
9222 2938
9223 2942
9224 2943
9225 2946
9226 2946
9227 2946
9228 2946
9229 2946
9230 3083
9231 2946
9232 2948
9233 2951
9234 2950
9235 2951
9236 2951
9237 2951
9238 2951
9239 2957
9240 2951
9241 2952
9242 2953
9243 2955
9244 2957
9245 2959
9246 2959
9247 2959
9248 2960
9249 2961
9250 2961
9251 2963
9252 2963
9253 2966
9254 2967
9255 2968
9256 2969
9257 2971
9258 2971
9259 2971
9260 2971
9261 2971
9262 2971
9263 2971
9264 2971
9265 2971
9266 2971
9267 2971
9268 2971
9269 2971
9270 3015
9271 2975
9272 2976
9273 2976
9274 2977
9275 2977
9276 2977
9277 2982
9278 2982
9279 2982
9280 2982
9281 2985
9282 2985
9283 2985
9284 2986
9285 2986
9286 2986
9287 2986
9288 2991
9289 2991
9290 2992
9291 2992
9292 2992
9293 2992
9294 2994
9295 2996
9296 3236
9297 3002
9298 3002
9299 3002
9300 3002
9301 3002
9302 3002
9303 3002
9304 3002
9305 3003
9306 3003
9307 3003
9308 3004
9309 3004
9310 3004
9311 3004
9312 3004
9313 3004
9314 3282
9315 3004
9316 3004
9317 3004
9318 3004
9319 3004
9320 3004
9321 3059
9322 3004
9323 3004
9324 3004
9325 3004
9326 3004
9327 3004
9328 3174
9329 3004
9330 3004
9331 3004
9332 3004
9333 3004
9334 3004
9335 3004
9336 3004
9337 3004
9338 3004
9339 3004
9340 3004
9341 3004
9342 3004
9343 3004
9344 3004
9345 3143
9346 3004
9347 3004
9348 3004
9349 3004
9350 3004
9351 3004
9352 3004
9353 3004
9354 3004
9355 3006
9356 3006
9357 3006
9358 3006
9359 3006
9360 3006
9361 3006
9362 3006
9363 3006
9364 3006
9365 3289
9366 3006
9367 3008
9368 3008
9369 3012
9370 3183
9371 3017
9372 3017
9373 3017
9374 3018
9375 3018
9376 3019
9377 3019
9378 3019
9379 3019
9380 3019
9381 3019
9382 3019
9383 3019
9384 3019
9385 3021
9386 3022
9387 3022
9388 3022
9389 3027
9390 3027
9391 3027
9392 3027
9393 3027
9394 3027
9395 3027
9396 3027
9397 3028
9398 3030
9399 3030
9400 3030
9401 3030
9402 3033
9403 3034
9404 3036
9405 3036
9406 3036
9407 3036
9408 3036
9409 3036
9410 3036
9411 3037
9412 3040
9413 3040
9414 3040
9415 3040
9416 3040
9417 3040
9418 3040
9419 3041
9420 3041
9421 3041
9422 3041
9423 3041
9424 3041
9425 3041
9426 3041
9427 3041
9428 3041
9429 3041
9430 3041
9431 3041
9432 3041
9433 3042
9434 3070
9435 3042
9436 3042
9437 3042
9438 3047
9439 3047
9440 3047
9441 3047
9442 3047
9443 3047
9444 3051
9445 3051
9446 3051
9447 3054
9448 3054
9449 3055
9450 3058
9451 3059
9452 3060
9453 3065
9454 3066
9455 3067
9456 3068
9457 3072
9458 3072
9459 3072
9460 3072
9461 3073
9462 3073
9463 3073
9464 3073
9465 3073
9466 3073
9467 3073
9468 3074
9469 3074
9470 3295
9471 3078
9472 3080
9473 3081
9474 3081
9475 3084
9476 3088
9477 3088
9478 3089
9479 3091
9480 3091
9481 3092
9482 3095
9483 3097
9484 3097
9485 3097
9486 3097
9487 3097
9488 3097
9489 3097
9490 3097
9491 3099
9492 3099
9493 3100
9494 3100
9495 3100
9496 3104
9497 3104
9498 3226
9499 3105
9500 3105
9501 3105
9502 3105
9503 3105
9504 3105
9505 3105
9506 3105
9507 3105
9508 3105
9509 3105
9510 3105
9511 3105
9512 3105
9513 3105
9514 3105
9515 3105
9516 3105
9517 3105
9518 3105
9519 3105
9520 3105
9521 3105
9522 3105
9523 3105
9524 3105
9525 3105
9526 3105
9527 3105
9528 3105
9529 3105
9530 3105
9531 3105
9532 3105
9533 3105
9534 3105
9535 3105
9536 3105
9537 3105
9538 3105
9539 3105
9540 3105
9541 3105
9542 3105
9543 3105
9544 3105
9545 3105
9546 3105
9547 3105
9548 3105
9549 3105
9550 3105
9551 3105
9552 3105
9553 3105
9554 3105
9555 3105
9556 3105
9557 3105
9558 3105
9559 3105
9560 3105
9561 3105
9562 3105
9563 3105
9564 3232
9565 3105
9566 3105
9567 3105
9568 3105
9569 3105
9570 3105
9571 3105
9572 3105
9573 3105
9574 3105
9575 3105
9576 3105
9577 3105
9578 3105
9579 3105
9580 3105
9581 3105
9582 3105
9583 3105
9584 3105
9585 3105
9586 3105
9587 3105
9588 3105
9589 3105
9590 3105
9591 3105
9592 3105
9593 3105
9594 3105
9595 3105
9596 3105
9597 3105
9598 3105
9599 3105
9600 3105
9601 3105
9602 3105
9603 3105
9604 3105
9605 3105
9606 3105
9607 3152
9608 3105
9609 3105
9610 3105
9611 3105
9612 3105
9613 3105
9614 3105
9615 3105
9616 3105
9617 3105
9618 3105
9619 3105
9620 3105
9621 3105
9622 3105
9623 3105
9624 3165
9625 3105
9626 3105
9627 3105
9628 3105
9629 3105
9630 3105
9631 3105
9632 3105
9633 3110
9634 3110
9635 3112
9636 3112
9637 3112
9638 3116
9639 3117
9640 3118
9641 3118
9642 3119
9643 3121
9644 3122
9645 3123
9646 3127
9647 3128
9648 3129
9649 3130
9650 3130
9651 3132
9652 3132
9653 3182
9654 3133
9655 3133
9656 3133
9657 3134
9658 3134
9659 3134
9660 3134
9661 3134
9662 3134
9663 3134
9664 3134
9665 3134
9666 3134
9667 3134
9668 3138
9669 3140
9670 3146
9671 3146
9672 3146
9673 3146
9674 3146
9675 3146
9676 3147
9677 3147
9678 3147
9679 3147
9680 3147
9681 3147
9682 3147
9683 3147
9684 3148
9685 3148
9686 3148
9687 3150
9688 3151
9689 3151
9690 3154
9691 3154
9692 3154
9693 3154
9694 3154
9695 3154
9696 3155
9697 3158
9698 3158
9699 3158
9700 3158
9701 3158
9702 3158
9703 3158
9704 3159
9705 3166
9706 3166
9707 3166
9708 3166
9709 3166
9710 3166
9711 3166
9712 3166
9713 3166
9714 3169
9715 3171
9716 3171
9717 3171
9718 3171
9719 3171
9720 3171
9721 3171
9722 3173
9723 3173
9724 3173
9725 3173
9726 3173
9727 3173
9728 3173
9729 3173
9730 3173
9731 3174
9732 3174
9733 3174
9734 3174
9735 3177
9736 3177
9737 3177
9738 3177
9739 3198
9740 3178
9741 3178
9742 3178
9743 3178
9744 3178
9745 3178
9746 3178
9747 3182
9748 3182
9749 3182
9750 3182
9751 3182
9752 3185
9753 3185
9754 3185
9755 3185
9756 3185
9757 3185
9758 3185
9759 3187
9760 3187
9761 3187
9762 3187
9763 3187
9764 3187
9765 3188
9766 3188
9767 3190
9768 3190
9769 3192
9770 3192
9771 3193
9772 3194
9773 3194
9774 3194
9775 3194
9776 3194
9777 3194
9778 3194
9779 3197
9780 3197
9781 3197
9782 3200
9783 3200
9784 3202
9785 3202
9786 3202
9787 3202
9788 3202
9789 3202
9790 3202
9791 3202
9792 3202
9793 3202
9794 3202
9795 3202
9796 3202
9797 3202
9798 3202
9799 3202
9800 3202
9801 3202
9802 3202
9803 3203
9804 3203
9805 3203
9806 3204
9807 3204
9808 3205
9809 3205
9810 3205
9811 3205
9812 3206
9813 3206
9814 3207
9815 3207
9816 3207
9817 3207
9818 3207
9819 3207
9820 3207
9821 3207
9822 3210
9823 3211
9824 3214
9825 3220
9826 3221
9827 3221
9828 3222
9829 3222
9830 3222
9831 3222
9832 3222
9833 3222
9834 3222
9835 3222
9836 3222
9837 3222
9838 3222
9839 3222
9840 3222
9841 3222
9842 3222
9843 3222
9844 3222
9845 3222
9846 3222
9847 3222
9848 3222
9849 3223
9850 3223
9851 3223
9852 3223
9853 3224
9854 3224
9855 3224
9856 3224
9857 3224
9858 3224
9859 3224
9860 3224
9861 3224
9862 3224
9863 3224
9864 3224
9865 3224
9866 3224
9867 3226
9868 3227
9869 3227
9870 3228
9871 3230
9872 3230
9873 3230
9874 3231
9875 3231
9876 3234
9877 3234
9878 3235
9879 3237
9880 3238
9881 3240
9882 3241
9883 3241
9884 3243
9885 3243
9886 3243
9887 3243
9888 3243
9889 3243
9890 3243
9891 3243
9892 3246
9893 3246
9894 3247
9895 3247
9896 3247
9897 3254
9898 3254
9899 3254
9900 3254
9901 3254
9902 3291
9903 3254
9904 3254
9905 3254
9906 3254
9907 3254
9908 3254
9909 3256
9910 3256
9911 3256
9912 3256
9913 3257
9914 3260
9915 3260
9916 3260
9917 3260
9918 3260
9919 3261
9920 3262
9921 3264
9922 3267
9923 3267
9924 3267
9925 3268
9926 3268
9927 3268
9928 3268
9929 3268
9930 3268
9931 3268
9932 3270
9933 3270
9934 3274
9935 3274
9936 3275
9937 3276
9938 3276
9939 3282
9940 3282
9941 3282
9942 3282
9943 3286
9944 3286
9945 3286
9946 3286
9947 3286
9948 3286
9949 3286
9950 3286
9951 3286
9952 3286
9953 3286
9954 3286
9955 3286
9956 3286
9957 3286
9958 3286
9959 3286
9960 3286
9961 3286
9962 3286
9963 3286
9964 3286
9965 3286
9966 3286
9967 3286
9968 3286
9969 3286
9970 3286
9971 3286
9972 3286
9973 3286
9974 3286
9975 3289
9976 3289
9977 3290
9978 3290
9979 3290
9980 3290
9981 3292
9982 3293
9983 3293
9984 3294
9985 3294
9986 3297
9987 3297
9988 3298
9989 3298
9990 3298
9991 3298
9992 3298
9993 3298
9994 3300
9995 3300
9996 3302
9997 3302
9998 3302
9999 3302
