10000 9999
1 0
2 0
3 2
4 1
5 2
6 4
7 5
8 5
9 6
10 7
11 9
12 9
13 7
14 12
15 12
16 2
17 15
18 15
19 13
20 7
21 12
22 17
23 16
24 16
25 8
26 9
27 9
28 15
29 27
30 16
31 26
32 2
33 28
34 15
35 32
36 13
37 35
38 26
39 35
40 38
41 13
42 26
43 38
44 8
45 38
46 45
47 26
48 36
49 40
50 9
51 19
52 26
53 52
54 13
55 18
56 27
57 9
58 57
59 41
60 38
61 14
62 13
63 20
64 57
65 36
66 62
67 57
68 13
69 43
70 34
71 57
72 3
73 38
74 70
75 50
76 73
77 57
78 66
79 26
80 7
81 57
82 38
83 44
84 77
85 57
86 42
87 26
88 26
89 9
90 27
91 66
92 53
93 60
94 27
95 80
96 59
97 38
98 16
99 56
100 57
101 74
102 90
103 57
104 92
105 102
106 27
107 90
108 12
109 13
110 57
111 57
112 110
113 48
114 10
115 63
116 71
117 57
118 102
119 26
120 90
121 50
122 33
123 45
124 121
125 86
126 42
127 56
128 25
129 111
130 80
131 121
132 72
133 124
134 127
135 57
136 96
137 50
138 50
139 127
140 137
141 1
142 46
143 57
144 57
145 15
146 84
147 39
148 137
149 137
150 141
151 117
152 31
153 115
154 57
155 57
156 127
157 54
158 120
159 91
160 57
161 158
162 103
163 87
164 50
165 57
166 52
167 130
168 144
169 89
170 126
171 99
172 140
173 38
174 118
175 160
176 167
177 132
178 137
179 61
180 155
181 174
182 169
183 9
184 119
185 127
186 157
187 104
188 72
189 85
190 15
191 158
192 160
193 56
194 69
195 187
196 112
197 92
198 9
199 39
200 26
201 139
202 157
203 82
204 170
205 185
206 205
207 67
208 76
209 99
210 88
211 60
212 121
213 126
214 60
215 148
216 29
217 199
218 193
219 205
220 76
221 121
222 207
223 195
224 122
225 45
226 171
227 188
228 170
229 223
230 91
231 42
232 90
233 228
234 192
235 92
236 15
237 167
238 123
239 218
240 159
241 37
242 92
243 200
244 13
245 35
246 128
247 182
248 101
249 148
250 243
251 111
252 81
253 124
254 77
255 139
256 230
257 105
258 226
259 187
260 159
261 260
262 260
263 260
264 90
265 47
266 115
267 173
268 253
269 137
270 93
271 222
272 195
273 42
274 270
275 206
276 137
277 261
278 249
279 175
280 241
281 54
282 267
283 205
284 157
285 22
286 216
287 172
288 256
289 239
290 112
291 82
292 158
293 227
294 257
295 147
296 268
297 253
298 285
299 109
300 166
301 300
302 266
303 261
304 288
305 267
306 292
307 229
308 249
309 243
310 66
311 300
312 295
313 31
314 202
315 300
316 137
317 235
318 92
319 303
320 265
321 28
322 217
323 169
324 292
325 317
326 171
327 258
328 300
329 13
330 292
331 131
332 137
333 226
334 205
335 49
336 57
337 76
338 196
339 127
340 300
341 280
342 292
343 217
344 249
345 290
346 170
347 82
348 293
349 328
350 313
351 225
352 249
353 303
354 202
355 213
356 309
357 328
358 187
359 334
360 315
361 289
362 12
363 276
364 317
365 304
366 292
367 171
368 160
369 58
370 260
371 223
372 293
373 205
374 178
375 56
376 277
377 211
378 108
379 52
380 292
381 330
382 95
383 184
384 328
385 262
386 279
387 223
388 237
389 290
390 361
391 303
392 252
393 57
394 357
395 330
396 127
397 348
398 57
399 222
400 308
401 263
402 66
403 315
404 297
405 244
406 42
407 336
408 381
409 291
410 326
411 260
412 234
413 367
414 399
415 38
416 301
417 414
418 275
419 26
420 337
421 294
422 107
423 198
424 387
425 364
426 157
427 90
428 145
429 121
430 423
431 176
432 88
433 365
434 327
435 384
436 383
437 271
438 374
439 130
440 223
441 292
442 371
443 356
444 153
445 288
446 292
447 91
448 170
449 165
450 95
451 365
452 367
453 253
454 117
455 410
456 78
457 330
458 415
459 159
460 57
461 292
462 189
463 166
464 318
465 340
466 292
467 336
468 331
469 285
470 137
471 216
472 355
473 357
474 287
475 340
476 389
477 435
478 97
479 353
480 260
481 170
482 200
483 352
484 314
485 349
486 367
487 461
488 300
489 142
490 328
491 127
492 272
493 260
494 423
495 472
496 92
497 423
498 170
499 410
500 226
501 183
502 361
503 115
504 55
505 158
506 170
507 478
508 504
509 223
510 195
511 494
512 93
513 472
514 377
515 66
516 415
517 457
518 390
519 30
520 226
521 297
522 238
523 396
524 223
525 145
526 361
527 116
528 448
529 480
530 303
531 455
532 349
533 330
534 423
535 201
536 330
537 171
538 310
539 75
540 205
541 387
542 167
543 231
544 292
545 541
546 432
547 505
548 81
549 200
550 401
551 57
552 541
553 135
554 66
555 24
556 445
557 518
558 361
559 406
560 150
561 527
562 421
563 372
564 551
565 237
566 45
567 527
568 463
569 226
570 423
571 167
572 205
573 82
574 486
575 194
576 121
577 527
578 98
579 527
580 52
581 426
582 508
583 321
584 401
585 108
586 398
587 575
588 322
589 541
590 525
591 292
592 292
593 484
594 489
595 127
596 367
597 51
598 574
599 90
600 57
601 230
602 26
603 377
604 514
605 584
606 292
607 603
608 504
609 64
610 299
611 528
612 386
613 540
614 483
615 281
616 609
617 544
618 55
619 292
620 107
621 226
622 452
623 444
624 512
625 65
626 528
627 448
628 295
629 443
630 292
631 545
632 527
633 514
634 121
635 565
636 290
637 13
638 339
639 100
640 328
641 339
642 574
643 640
644 292
645 76
646 407
647 107
648 500
649 238
650 219
651 270
652 633
653 520
654 612
655 462
656 539
657 628
658 290
659 278
660 517
661 626
662 155
663 561
664 506
665 423
666 622
667 325
668 553
669 165
670 635
671 614
672 466
673 243
674 230
675 603
676 648
677 155
678 205
679 263
680 541
681 342
682 476
683 616
684 411
685 527
686 478
687 247
688 367
689 461
690 359
691 288
692 535
693 605
694 552
695 292
696 648
697 635
698 171
699 68
700 510
701 527
702 374
703 328
704 374
705 422
706 622
707 643
708 543
709 587
710 391
711 661
712 120
713 249
714 687
715 605
716 567
717 159
718 289
719 50
720 573
721 392
722 534
723 288
724 688
725 292
726 57
727 435
728 677
729 389
730 189
731 531
732 598
733 527
734 567
735 292
736 300
737 102
738 587
739 529
740 233
741 366
742 416
743 616
744 673
745 219
746 745
747 518
748 423
749 637
750 436
751 458
752 745
753 745
754 501
755 745
756 401
757 292
758 745
759 332
760 682
761 689
762 468
763 605
764 469
765 763
766 745
767 725
768 767
769 292
770 92
771 423
772 91
773 440
774 170
775 758
776 657
777 512
778 569
779 730
780 3
781 734
782 494
783 295
784 745
785 438
786 745
787 745
788 334
789 334
790 631
791 648
792 494
793 530
794 425
795 435
796 676
797 581
798 754
799 394
800 99
801 358
802 714
803 261
804 601
805 745
806 745
807 424
808 137
809 506
810 544
811 259
812 745
813 745
814 661
815 792
816 519
817 766
818 527
819 745
820 66
821 536
822 584
823 745
824 745
825 715
826 745
827 356
828 58
829 745
830 303
831 520
832 189
833 767
834 483
835 311
836 813
837 217
838 800
839 475
840 332
841 583
842 751
843 585
844 485
845 781
846 745
847 262
848 369
849 441
850 816
851 745
852 725
853 292
854 423
855 626
856 814
857 312
858 745
859 851
860 361
861 328
862 527
863 745
864 614
865 840
866 472
867 273
868 751
869 684
870 775
871 658
872 568
873 768
874 494
875 778
876 375
877 769
878 668
879 745
880 819
881 745
882 290
883 661
884 485
885 506
886 240
887 494
888 309
889 448
890 205
891 788
892 759
893 622
894 65
895 745
896 497
897 886
898 745
899 626
900 171
901 631
902 474
903 886
904 587
905 629
906 247
907 745
908 745
909 775
910 745
911 478
912 725
913 893
914 289
915 551
916 509
917 745
918 423
919 682
920 514
921 561
922 747
923 367
924 345
925 504
926 878
927 761
928 862
929 745
930 730
931 913
932 870
933 339
934 810
935 357
936 792
937 745
938 549
939 890
940 789
941 640
942 783
943 524
944 759
945 792
946 376
947 368
948 865
949 886
950 472
951 547
952 745
953 116
954 745
955 284
956 437
957 470
958 636
959 857
960 409
961 661
962 614
963 940
964 415
965 387
966 506
967 292
968 967
969 533
970 594
971 506
972 526
973 806
974 953
975 468
976 506
977 454
978 974
979 745
980 102
981 205
982 370
983 355
984 368
985 882
986 745
987 591
988 745
989 915
990 971
991 795
992 967
993 796
994 886
995 968
996 374
997 592
998 605
999 786
1000 303
1001 895
1002 977
1003 929
1004 745
1005 971
1006 356
1007 966
1008 745
1009 677
1010 238
1011 745
1012 624
1013 223
1014 344
1015 433
1016 479
1017 766
1018 725
1019 631
1020 433
1021 911
1022 745
1023 840
1024 725
1025 491
1026 324
1027 491
1028 971
1029 859
1030 745
1031 745
1032 959
1033 300
1034 946
1035 622
1036 996
1037 551
1038 593
1039 781
1040 740
1041 704
1042 829
1043 879
1044 840
1045 337
1046 955
1047 775
1048 1020
1049 506
1050 506
1051 661
1052 952
1053 967
1054 725
1055 932
1056 745
1057 1041
1058 605
1059 1049
1060 641
1061 841
1062 792
1063 38
1064 666
1065 744
1066 1051
1067 557
1068 725
1069 605
1070 368
1071 541
1072 106
1073 985
1074 339
1075 417
1076 775
1077 631
1078 631
1079 368
1080 357
1081 682
1082 736
1083 990
1084 1016
1085 541
1086 1039
1087 456
1088 57
1089 586
1090 405
1091 725
1092 605
1093 869
1094 725
1095 622
1096 720
1097 745
1098 690
1099 615
1100 1050
1101 337
1102 947
1103 606
1104 344
1105 1007
1106 355
1107 1049
1108 361
1109 91
1110 792
1111 567
1112 886
1113 356
1114 527
1115 1000
1116 725
1117 469
1118 988
1119 928
1120 897
1121 647
1122 961
1123 747
1124 585
1125 801
1126 745
1127 907
1128 980
1129 156
1130 1119
1131 1049
1132 725
1133 792
1134 582
1135 294
1136 541
1137 933
1138 703
1139 1114
1140 602
1141 1121
1142 928
1143 736
1144 401
1145 1062
1146 1049
1147 1024
1148 887
1149 838
1150 434
1151 410
1152 1143
1153 854
1154 958
1155 275
1156 578
1157 775
1158 971
1159 970
1160 990
1161 516
1162 867
1163 489
1164 1037
1165 951
1166 763
1167 906
1168 403
1169 745
1170 873
1171 75
1172 530
1173 1073
1174 725
1175 82
1176 977
1177 1167
1178 725
1179 487
1180 725
1181 725
1182 883
1183 369
1184 745
1185 986
1186 895
1187 672
1188 369
1189 745
1190 300
1191 748
1192 331
1193 1005
1194 792
1195 267
1196 859
1197 970
1198 1188
1199 670
1200 506
1201 648
1202 513
1203 773
1204 736
1205 1116
1206 517
1207 1039
1208 765
1209 514
1210 1046
1211 94
1212 991
1213 595
1214 1158
1215 745
1216 475
1217 725
1218 1156
1219 357
1220 363
1221 93
1222 538
1223 776
1224 884
1225 1066
1226 1036
1227 724
1228 875
1229 889
1230 1049
1231 265
1232 757
1233 1024
1234 423
1235 971
1236 1027
1237 1167
1238 1188
1239 200
1240 1041
1241 661
1242 710
1243 1006
1244 1145
1245 736
1246 527
1247 665
1248 1049
1249 886
1250 805
1251 890
1252 129
1253 971
1254 809
1255 745
1256 1046
1257 1049
1258 90
1259 745
1260 1230
1261 1236
1262 1169
1263 439
1264 423
1265 987
1266 1162
1267 1019
1268 1053
1269 1053
1270 1175
1271 1263
1272 481
1273 979
1274 260
1275 970
1276 1107
1277 401
1278 833
1279 759
1280 517
1281 745
1282 676
1283 664
1284 968
1285 974
1286 1192
1287 864
1288 1053
1289 1087
1290 1240
1291 745
1292 693
1293 745
1294 1260
1295 320
1296 660
1297 677
1298 1048
1299 928
1300 1057
1301 1089
1302 1091
1303 361
1304 720
1305 915
1306 630
1307 1202
1308 1134
1309 1076
1310 328
1311 967
1312 241
1313 745
1314 1014
1315 1001
1316 303
1317 745
1318 935
1319 1093
1320 709
1321 257
1322 948
1323 741
1324 535
1325 736
1326 393
1327 745
1328 987
1329 845
1330 212
1331 292
1332 1294
1333 739
1334 824
1335 948
1336 943
1337 886
1338 1291
1339 189
1340 610
1341 564
1342 811
1343 793
1344 965
1345 736
1346 745
1347 328
1348 725
1349 910
1350 151
1351 1037
1352 1225
1353 676
1354 1279
1355 917
1356 1049
1357 1268
1358 1353
1359 765
1360 528
1361 496
1362 1169
1363 745
1364 1332
1365 604
1366 1089
1367 1337
1368 527
1369 1279
1370 300
1371 689
1372 745
1373 1070
1374 1097
1375 1126
1376 1268
1377 1273
1378 174
1379 1118
1380 467
1381 506
1382 647
1383 300
1384 522
1385 223
1386 967
1387 632
1388 745
1389 1210
1390 661
1391 217
1392 431
1393 1328
1394 1060
1395 575
1396 410
1397 745
1398 745
1399 1067
1400 1373
1401 1228
1402 857
1403 1278
1404 1112
1405 1195
1406 1114
1407 970
1408 894
1409 1294
1410 1126
1411 1028
1412 1210
1413 745
1414 569
1415 970
1416 1025
1417 1038
1418 289
1419 810
1420 692
1421 1390
1422 1030
1423 1006
1424 590
1425 1217
1426 1030
1427 745
1428 886
1429 115
1430 1233
1431 230
1432 566
1433 1261
1434 804
1435 745
1436 1352
1437 1290
1438 759
1439 1223
1440 1294
1441 131
1442 614
1443 1107
1444 860
1445 1230
1446 1046
1447 1067
1448 1377
1449 1040
1450 1159
1451 745
1452 1279
1453 765
1454 1049
1455 972
1456 1379
1457 506
1458 482
1459 1412
1460 1049
1461 1279
1462 442
1463 725
1464 1352
1465 1291
1466 36
1467 741
1468 971
1469 328
1470 1033
1471 971
1472 161
1473 1120
1474 702
1475 807
1476 843
1477 1268
1478 1348
1479 1024
1480 1123
1481 1034
1482 1230
1483 1294
1484 468
1485 807
1486 1120
1487 209
1488 303
1489 368
1490 102
1491 534
1492 1395
1493 1294
1494 605
1495 543
1496 646
1497 1291
1498 631
1499 745
1500 1174
1501 661
1502 745
1503 1375
1504 980
1505 971
1506 1452
1507 840
1508 1029
1509 1501
1510 987
1511 1279
1512 1382
1513 668
1514 725
1515 856
1516 745
1517 1017
1518 393
1519 328
1520 770
1521 1291
1522 1467
1523 977
1524 724
1525 1077
1526 159
1527 292
1528 1147
1529 823
1530 723
1531 1030
1532 745
1533 330
1534 659
1535 685
1536 614
1537 1381
1538 971
1539 725
1540 521
1541 1049
1542 847
1543 1286
1544 725
1545 745
1546 1176
1547 1504
1548 1281
1549 1172
1550 1112
1551 494
1552 1120
1553 1459
1554 554
1555 1441
1556 627
1557 1178
1558 1181
1559 1378
1560 1241
1561 1024
1562 551
1563 262
1564 725
1565 1350
1566 1441
1567 392
1568 1480
1569 649
1570 938
1571 745
1572 1306
1573 1310
1574 1006
1575 1426
1576 1032
1577 971
1578 1206
1579 1380
1580 1294
1581 1291
1582 990
1583 1003
1584 1296
1585 1498
1586 905
1587 1487
1588 745
1589 716
1590 770
1591 504
1592 1365
1593 886
1594 1516
1595 1029
1596 780
1597 1583
1598 1300
1599 677
1600 423
1601 1317
1602 745
1603 1177
1604 745
1605 288
1606 50
1607 1226
1608 1458
1609 292
1610 886
1611 745
1612 1049
1613 699
1614 745
1615 669
1616 888
1617 1370
1618 1155
1619 1049
1620 1190
1621 1006
1622 1472
1623 253
1624 57
1625 671
1626 1494
1627 725
1628 1120
1629 1183
1630 1291
1631 1448
1632 1180
1633 57
1634 1118
1635 1349
1636 1228
1637 13
1638 1304
1639 315
1640 469
1641 1111
1642 1344
1643 1029
1644 745
1645 857
1646 874
1647 792
1648 1109
1649 1566
1650 1537
1651 1467
1652 858
1653 1490
1654 741
1655 479
1656 1633
1657 488
1658 361
1659 1584
1660 1659
1661 818
1662 840
1663 699
1664 1230
1665 1622
1666 926
1667 1241
1668 967
1669 1146
1670 1662
1671 1593
1672 1380
1673 1606
1674 971
1675 1211
1676 616
1677 1169
1678 1526
1679 605
1680 745
1681 1595
1682 526
1683 882
1684 808
1685 303
1686 1089
1687 956
1688 968
1689 1406
1690 745
1691 1641
1692 1460
1693 1663
1694 1181
1695 970
1696 1603
1697 1117
1698 567
1699 1070
1700 1333
1701 1182
1702 810
1703 1118
1704 779
1705 1487
1706 585
1707 1171
1708 1030
1709 1659
1710 964
1711 485
1712 992
1713 1188
1714 666
1715 764
1716 353
1717 978
1718 1291
1719 445
1720 745
1721 1091
1722 1510
1723 1663
1724 1167
1725 1601
1726 1206
1727 951
1728 21
1729 169
1730 1253
1731 1601
1732 401
1733 1366
1734 1316
1735 1627
1736 401
1737 1292
1738 1181
1739 820
1740 546
1741 1608
1742 1336
1743 745
1744 930
1745 1593
1746 1030
1747 1212
1748 1268
1749 1452
1750 1169
1751 1553
1752 569
1753 1609
1754 1206
1755 725
1756 1473
1757 665
1758 584
1759 610
1760 1310
1761 374
1762 1192
1763 745
1764 952
1765 119
1766 818
1767 905
1768 91
1769 1295
1770 1633
1771 967
1772 404
1773 1181
1774 589
1775 1574
1776 891
1777 1368
1778 1469
1779 1436
1780 555
1781 526
1782 986
1783 745
1784 1313
1785 1173
1786 1150
1787 736
1788 381
1789 1055
1790 1382
1791 1311
1792 613
1793 1647
1794 736
1795 1587
1796 1210
1797 401
1798 205
1799 1082
1800 57
1801 1168
1802 1406
1803 1279
1804 960
1805 785
1806 1687
1807 1517
1808 1141
1809 1115
1810 469
1811 534
1812 1054
1813 1120
1814 1257
1815 1240
1816 226
1817 980
1818 802
1819 585
1820 1632
1821 1786
1822 886
1823 1817
1824 113
1825 515
1826 1188
1827 330
1828 754
1829 468
1830 1303
1831 478
1832 1046
1833 1268
1834 729
1835 1693
1836 886
1837 1024
1838 1657
1839 1169
1840 1169
1841 456
1842 1083
1843 1397
1844 720
1845 1101
1846 1341
1847 410
1848 574
1849 1119
1850 1079
1851 987
1852 2
1853 1255
1854 1188
1855 745
1856 1825
1857 1303
1858 492
1859 1460
1860 986
1861 1766
1862 1740
1863 1659
1864 472
1865 1476
1866 745
1867 1024
1868 449
1869 745
1870 1177
1871 1167
1872 221
1873 1006
1874 770
1875 1872
1876 811
1877 516
1878 1340
1879 1395
1880 1701
1881 1678
1882 1039
1883 828
1884 646
1885 725
1886 745
1887 997
1888 1240
1889 1006
1890 605
1891 1759
1892 875
1893 1857
1894 1049
1895 300
1896 1042
1897 358
1898 889
1899 886
1900 685
1901 745
1902 626
1903 1024
1904 1664
1905 603
1906 799
1907 1574
1908 1795
1909 437
1910 1255
1911 1830
1912 1908
1913 1268
1914 1665
1915 1629
1916 1469
1917 1248
1918 1279
1919 205
1920 794
1921 629
1922 1417
1923 1367
1924 1404
1925 1605
1926 1803
1927 1866
1928 1608
1929 1032
1930 1344
1931 923
1932 601
1933 260
1934 359
1935 733
1936 292
1937 1294
1938 1029
1939 1103
1940 1756
1941 137
1942 856
1943 1473
1944 937
1945 1706
1946 534
1947 1682
1948 771
1949 1094
1950 1812
1951 1147
1952 1398
1953 355
1954 1074
1955 1825
1956 1615
1957 622
1958 1731
1959 1003
1960 998
1961 1689
1962 1333
1963 1762
1964 347
1965 1201
1966 292
1967 1426
1968 1269
1969 1916
1970 1291
1971 592
1972 661
1973 775
1974 1255
1975 1506
1976 405
1977 666
1978 1399
1979 1535
1980 1659
1981 1705
1982 1575
1983 600
1984 1872
1985 27
1986 1339
1987 1512
1988 988
1989 1024
1990 1490
1991 2
1992 961
1993 921
1994 1291
1995 792
1996 886
1997 813
1998 1872
1999 226
2000 1622
2001 421
2002 1063
2003 1705
2004 666
2005 1601
2006 1230
2007 700
2008 282
2009 1934
2010 1888
2011 2004
2012 1169
2013 1584
2014 1206
2015 480
2016 948
2017 1003
2018 588
2019 265
2020 1294
2021 1704
2022 864
2023 1544
2024 1718
2025 1294
2026 855
2027 1629
2028 1387
2029 1744
2030 745
2031 1045
2032 435
2033 773
2034 1951
2035 197
2036 1294
2037 1575
2038 414
2039 725
2040 1706
2041 1973
2042 1895
2043 988
2044 2017
2045 775
2046 1473
2047 1406
2048 2011
2049 328
2050 725
2051 1129
2052 1542
2053 1431
2054 1990
2055 1045
2056 1705
2057 200
2058 1243
2059 1181
2060 238
2061 1294
2062 1567
2063 1967
2064 1028
2065 1115
2066 1418
2067 970
2068 1748
2069 988
2070 759
2071 1915
2072 1855
2073 1497
2074 1913
2075 1049
2076 179
2077 960
2078 1006
2079 203
2080 1455
2081 1209
2082 1030
2083 1627
2084 504
2085 392
2086 1525
2087 1302
2088 1769
2089 928
2090 1749
2091 988
2092 2030
2093 527
2094 1573
2095 1118
2096 2012
2097 745
2098 1629
2099 612
2100 534
2101 1039
2102 293
2103 1634
2104 451
2105 1599
2106 1590
2107 2008
2108 2098
2109 1088
2110 1291
2111 468
2112 1629
2113 1798
2114 935
2115 2114
2116 107
2117 777
2118 1473
2119 253
2120 1703
2121 1977
2122 1497
2123 1169
2124 177
2125 499
2126 849
2127 1263
2128 1881
2129 1835
2130 1279
2131 1864
2132 1400
2133 2098
2134 1279
2135 2056
2136 1206
2137 1872
2138 1598
2139 631
2140 1114
2141 527
2142 338
2143 2108
2144 1089
2145 173
2146 1567
2147 1213
2148 516
2149 1230
2150 2019
2151 745
2152 1420
2153 1473
2154 1990
2155 2103
2156 1266
2157 2107
2158 1610
2159 1046
2160 558
2161 1338
2162 857
2163 936
2164 1564
2165 1608
2166 605
2167 1006
2168 226
2169 745
2170 1572
2171 2094
2172 1623
2173 1501
2174 1719
2175 319
2176 1974
2177 1823
2178 2015
2179 725
2180 1990
2181 361
2182 1899
2183 2162
2184 1115
2185 931
2186 2008
2187 516
2188 1214
2189 2049
2190 339
2191 1584
2192 1990
2193 1639
2194 1006
2195 1467
2196 171
2197 1049
2198 1270
2199 1682
2200 2101
2201 2115
2202 1601
2203 1818
2204 2183
2205 2168
2206 1046
2207 1531
2208 1224
2209 1189
2210 1306
2211 606
2212 1053
2213 745
2214 1470
2215 631
2216 745
2217 230
2218 1038
2219 2099
2220 494
2221 731
2222 410
2223 1651
2224 1629
2225 2224
2226 1024
2227 1766
2228 251
2229 928
2230 745
2231 2083
2232 237
2233 1933
2234 1033
2235 792
2236 1348
2237 1734
2238 1951
2239 2100
2240 1268
2241 1631
2242 330
2243 1765
2244 1451
2245 890
2246 1030
2247 886
2248 663
2249 1097
2250 1294
2251 571
2252 1055
2253 681
2254 1314
2255 1799
2256 2217
2257 1303
2258 1990
2259 2238
2260 1700
2261 2055
2262 1507
2263 2144
2264 1710
2265 15
2266 1050
2267 1057
2268 1092
2269 1169
2270 2157
2271 745
2272 1249
2273 823
2274 1566
2275 2171
2276 1554
2277 1600
2278 1479
2279 767
2280 562
2281 725
2282 2158
2283 608
2284 2060
2285 1548
2286 1610
2287 1990
2288 1296
2289 479
2290 1104
2291 2201
2292 1919
2293 1032
2294 1255
2295 2284
2296 2103
2297 1163
2298 856
2299 1250
2300 1365
2301 2230
2302 152
2303 1301
2304 1595
2305 340
2306 2191
2307 422
2308 2196
2309 910
2310 1610
2311 1152
2312 1546
2313 91
2314 1601
2315 1882
2316 1939
2317 886
2318 1406
2319 1296
2320 1959
2321 1284
2322 1153
2323 210
2324 83
2325 990
2326 620
2327 1102
2328 1107
2329 292
2330 680
2331 26
2332 898
2333 1062
2334 745
2335 498
2336 725
2337 1148
2338 1279
2339 1970
2340 603
2341 1918
2342 2008
2343 2303
2344 504
2345 745
2346 1744
2347 2168
2348 1911
2349 473
2350 1608
2351 1821
2352 1842
2353 551
2354 1945
2355 1455
2356 745
2357 1294
2358 1633
2359 1236
2360 2266
2361 2132
2362 1130
2363 668
2364 2312
2365 1961
2366 1255
2367 15
2368 1294
2369 1835
2370 2224
2371 1564
2372 1882
2373 2368
2374 1840
2375 2331
2376 2015
2377 1564
2378 2311
2379 2152
2380 745
2381 1126
2382 2210
2383 217
2384 725
2385 988
2386 464
2387 1915
2388 45
2389 911
2390 1200
2391 665
2392 2134
2393 2243
2394 504
2395 2363
2396 725
2397 2250
2398 527
2399 1206
2400 1678
2401 2266
2402 1641
2403 2299
2404 871
2405 303
2406 1564
2407 2326
2408 745
2409 1510
2410 2072
2411 1629
2412 753
2413 506
2414 2370
2415 1401
2416 787
2417 2085
2418 2303
2419 2227
2420 772
2421 259
2422 1489
2423 934
2424 1277
2425 1313
2426 2243
2427 725
2428 2284
2429 2420
2430 1878
2431 638
2432 1230
2433 886
2434 605
2435 745
2436 1293
2437 2363
2438 759
2439 1370
2440 2162
2441 342
2442 2177
2443 574
2444 2184
2445 560
2446 2350
2447 137
2448 2266
2449 1095
2450 2307
2451 885
2452 1832
2453 1999
2454 44
2455 1353
2456 1029
2457 1036
2458 1735
2459 1990
2460 1198
2461 1687
2462 2333
2463 792
2464 1746
2465 2409
2466 1858
2467 2028
2468 2286
2469 2176
2470 2272
2471 1941
2472 1535
2473 1904
2474 599
2475 2154
2476 687
2477 2166
2478 2398
2479 1497
2480 699
2481 1354
2482 2270
2483 576
2484 2277
2485 2412
2486 2218
2487 2348
2488 1028
2489 2420
2490 1603
2491 185
2492 1804
2493 891
2494 1768
2495 2194
2496 1479
2497 2393
2498 2132
2499 2291
2500 2077
2501 1983
2502 2337
2503 1230
2504 1987
2505 506
2506 2340
2507 605
2508 725
2509 259
2510 1768
2511 2083
2512 1824
2513 1760
2514 2317
2515 1687
2516 396
2517 1038
2518 953
2519 1506
2520 1976
2521 883
2522 1868
2523 1191
2524 1792
2525 670
2526 630
2527 2087
2528 1915
2529 2238
2530 605
2531 1120
2532 778
2533 1107
2534 1169
2535 1808
2536 1671
2537 1687
2538 2396
2539 780
2540 805
2541 1434
2542 1618
2543 825
2544 1466
2545 1135
2546 2056
2547 972
2548 1242
2549 1564
2550 2401
2551 2508
2552 1625
2553 2266
2554 1413
2555 1979
2556 2298
2557 2445
2558 1777
2559 1581
2560 745
2561 1120
2562 423
2563 2057
2564 1187
2565 1659
2566 1294
2567 1118
2568 1605
2569 2461
2570 270
2571 745
2572 136
2573 2114
2574 169
2575 2256
2576 2499
2577 2362
2578 2507
2579 1741
2580 653
2581 1756
2582 410
2583 2420
2584 2524
2585 1385
2586 1018
2587 2173
2588 2324
2589 1033
2590 2544
2591 357
2592 745
2593 2420
2594 741
2595 2465
2596 2329
2597 745
2598 2392
2599 1894
2600 1377
2601 659
2602 2217
2603 2211
2604 2120
2605 1082
2606 1082
2607 718
2608 2420
2609 1696
2610 2481
2611 857
2612 2204
2613 1745
2614 674
2615 2361
2616 527
2617 1846
2618 591
2619 1919
2620 1062
2621 2592
2622 1682
2623 745
2624 1063
2625 727
2626 1895
2627 1580
2628 1445
2629 836
2630 2396
2631 2172
2632 1647
2633 2150
2634 242
2635 2463
2636 1214
2637 2474
2638 2524
2639 2343
2640 1473
2641 1659
2642 2257
2643 1281
2644 1049
2645 2131
2646 2361
2647 1914
2648 2420
2649 1980
2650 768
2651 1535
2652 2217
2653 452
2654 478
2655 1821
2656 1821
2657 2420
2658 1197
2659 2193
2660 269
2661 2363
2662 334
2663 2329
2664 1152
2665 830
2666 792
2667 1400
2668 1585
2669 1028
2670 388
2671 2152
2672 2294
2673 1594
2674 168
2675 1584
2676 2256
2677 1147
2678 2465
2679 1687
2680 475
2681 1229
2682 745
2683 840
2684 560
2685 1038
2686 2034
2687 988
2688 2533
2689 2586
2690 236
2691 1835
2692 1091
2693 1851
2694 1990
2695 2668
2696 2608
2697 228
2698 2261
2699 2042
2700 2103
2701 2482
2702 1750
2703 1171
2704 2652
2705 1478
2706 2315
2707 798
2708 2238
2709 1038
2710 722
2711 843
2712 1142
2713 745
2714 745
2715 2204
2716 704
2717 891
2718 1268
2719 2368
2720 2670
2721 2252
2722 2439
2723 2388
2724 1647
2725 2310
2726 1684
2727 1435
2728 1394
2729 1023
2730 2496
2731 745
2732 1494
2733 246
2734 1851
2735 1777
2736 745
2737 1507
2738 1015
2739 2553
2740 1601
2741 2539
2742 1944
2743 2459
2744 1995
2745 1840
2746 2136
2747 2246
2748 652
2749 2662
2750 2368
2751 2178
2752 1089
2753 1781
2754 1089
2755 2534
2756 2666
2757 699
2758 2602
2759 948
2760 1646
2761 1965
2762 1968
2763 2738
2764 668
2765 534
2766 745
2767 57
2768 1029
2769 1029
2770 1839
2771 988
2772 2544
2773 2420
2774 635
2775 1490
2776 2635
2777 2420
2778 226
2779 1076
2780 2420
2781 2131
2782 2722
2783 1296
2784 1810
2785 2092
2786 1627
2787 2733
2788 1210
2789 971
2790 1976
2791 2758
2792 2066
2793 1348
2794 2572
2795 2570
2796 1076
2797 2255
2798 592
2799 924
2800 1422
2801 1452
2802 2112
2803 1912
2804 2735
2805 1275
2806 2217
2807 625
2808 668
2809 2453
2810 2478
2811 1915
2812 1348
2813 2230
2814 1400
2815 2368
2816 436
2817 806
2818 970
2819 2712
2820 1562
2821 1393
2822 2489
2823 724
2824 1053
2825 2797
2826 1282
2827 1785
2828 1120
2829 1590
2830 1052
2831 2767
2832 691
2833 886
2834 1853
2835 1777
2836 595
2837 1279
2838 1608
2839 969
2840 1607
2841 1966
2842 1388
2843 1966
2844 2420
2845 719
2846 2067
2847 1497
2848 2525
2849 2286
2850 2489
2851 2368
2852 2114
2853 2315
2854 1294
2855 683
2856 2713
2857 2524
2858 2553
2859 792
2860 781
2861 1610
2862 2266
2863 781
2864 2545
2865 1882
2866 2421
2867 2524
2868 2674
2869 26
2870 2550
2871 395
2872 2514
2873 1601
2874 1768
2875 1887
2876 789
2877 720
2878 661
2879 1006
2880 634
2881 483
2882 1860
2883 1712
2884 1768
2885 619
2886 1777
2887 2684
2888 2798
2889 2539
2890 503
2891 1036
2892 2170
2893 2680
2894 2103
2895 217
2896 1673
2897 2735
2898 2773
2899 374
2900 2083
2901 1024
2902 2020
2903 1497
2904 738
2905 1171
2906 2206
2907 1279
2908 725
2909 663
2910 1228
2911 2267
2912 2738
2913 2031
2914 1032
2915 1566
2916 2713
2917 427
2918 2087
2919 2432
2920 2506
2921 1777
2922 2918
2923 1657
2924 1169
2925 2485
2926 2831
2927 443
2928 1908
2929 2802
2930 1159
2931 1442
2932 2114
2933 1144
2934 1558
2935 1619
2936 2866
2937 2452
2938 975
2939 1909
2940 2037
2941 1608
2942 2184
2943 1779
2944 2690
2945 2738
2946 1425
2947 1394
2948 2420
2949 457
2950 1702
2951 2381
2952 1684
2953 1737
2954 1606
2955 539
2956 2524
2957 745
2958 763
2959 1665
2960 2030
2961 2235
2962 1608
2963 2398
2964 1555
2965 1351
2966 610
2967 1990
2968 1745
2969 1423
2970 1608
2971 2736
2972 2103
2973 2970
2974 1665
2975 2942
2976 2507
2977 1507
2978 693
2979 2168
2980 1641
2981 2808
2982 1965
2983 1951
2984 2114
2985 1216
2986 2286
2987 2217
2988 1498
2989 1294
2990 1185
2991 1538
2992 2003
2993 2115
2994 605
2995 1356
2996 1733
2997 2538
2998 2029
2999 1803
3000 2028
3001 2524
3002 1029
3003 1497
3004 2535
3005 976
3006 1579
3007 1039
3008 1725
3009 1024
3010 2594
3011 1835
3012 1739
3013 1447
3014 1413
3015 655
3016 1252
3017 1536
3018 1091
3019 289
3020 1608
3021 1588
3022 2103
3023 2539
3024 2964
3025 683
3026 2439
3027 1925
3028 1281
3029 2420
3030 2608
3031 2108
3032 1722
3033 1024
3034 694
3035 2582
3036 1659
3037 2913
3038 2676
3039 510
3040 745
3041 2361
3042 1499
3043 2716
3044 1508
3045 2998
3046 335
3047 661
3048 238
3049 1240
3050 1221
3051 2230
3052 1024
3053 2246
3054 2396
3055 2892
3056 2650
3057 745
3058 2760
3059 2898
3060 1650
3061 2381
3062 2599
3063 3017
3064 2460
3065 2738
3066 1169
3067 1516
3068 1507
3069 890
3070 2301
3071 2065
3072 2632
3073 2403
3074 1828
3075 121
3076 2734
3077 1915
3078 2911
3079 745
3080 3059
3081 3070
3082 645
3083 1722
3084 2069
3085 2256
3086 2382
3087 1996
3088 3068
3089 1848
3090 1724
3091 1192
3092 2328
3093 1529
3094 2651
3095 2502
3096 1001
3097 2734
3098 3070
3099 745
3100 1310
3101 2676
3102 375
3103 726
3104 1899
3105 2555
3106 2693
3107 1126
3108 2121
3109 3039
3110 574
3111 1543
3112 3063
3113 2474
3114 2168
3115 2408
3116 792
3117 2712
3118 1064
3119 1082
3120 2445
3121 746
3122 2948
3123 1318
3124 745
3125 2892
3126 115
3127 3070
3128 2767
3129 1029
3130 1357
3131 2918
3132 361
3133 2246
3134 1124
3135 1647
3136 2744
3137 671
3138 2106
3139 2754
3140 2284
3141 992
3142 2979
3143 2849
3144 986
3145 397
3146 2688
3147 1811
3148 3144
3149 1118
3150 2325
3151 3039
3152 2555
3153 2563
3154 2834
3155 3039
3156 2046
3157 1775
3158 1128
3159 1835
3160 3046
3161 1789
3162 1835
3163 2524
3164 2989
3165 1348
3166 2892
3167 3145
3168 3159
3169 2797
3170 3147
3171 695
3172 1640
3173 1187
3174 3048
3175 2420
3176 3139
3177 2892
3178 3100
3179 1104
3180 2075
3181 745
3182 3090
3183 2286
3184 3090
3185 3039
3186 745
3187 3087
3188 1272
3189 2920
3190 2847
3191 1098
3192 1722
3193 883
3194 2939
3195 2583
3196 1338
3197 3039
3198 1927
3199 1424
3200 3120
3201 1462
3202 1069
3203 2024
3204 1610
3205 663
3206 2409
3207 3183
3208 2993
3209 2031
3210 3199
3211 3070
3212 3103
3213 1899
3214 345
3215 3039
3216 1469
3217 2944
3218 1555
3219 745
3220 2703
3221 1107
3222 1745
3223 446
3224 2962
3225 725
3226 951
3227 3068
3228 3178
3229 2696
3230 1861
3231 769
3232 2739
3233 3215
3234 2842
3235 2292
3236 1109
3237 2597
3238 448
3239 1496
3240 1364
3241 79
3242 745
3243 2143
3244 1956
3245 3070
3246 3121
3247 1140
3248 2527
3249 1835
3250 3069
3251 1206
3252 2256
3253 1551
3254 3115
3255 1610
3256 669
3257 1990
3258 1082
3259 2363
3260 1334
3261 2480
3262 725
3263 2516
3264 2033
3265 1993
3266 2210
3267 2103
3268 1990
3269 3139
3270 1030
3271 2882
3272 1239
3273 725
3274 2252
3275 1260
3276 2272
3277 2668
3278 288
3279 745
3280 1747
3281 1578
3282 2492
3283 2114
3284 2907
3285 2979
3286 2433
3287 2420
3288 812
3289 3201
3290 15
3291 1049
3292 2420
3293 3216
3294 527
3295 2848
3296 2995
3297 1801
3298 1533
3299 1727
3300 1949
3301 435
3302 3165
3303 11
3304 1991
3305 560
3306 1218
3307 2018
3308 114
3309 1852
3310 2539
3311 72
3312 2733
3313 115
3314 1222
3315 382
3316 2454
3317 169
3318 2165
3319 996
3320 1072
3321 665
3322 1828
3323 3016
3324 583
3325 378
3326 362
3327 1728
3328 179
3329 597
3330 749
3331 2794
3332 329
3333 13
3334 113
3335 699
3336 1637
3337 2430
3338 186
3339 405
3340 2367
3341 3290
3342 2265
3343 190
3344 15
3345 1697
3346 2690
3347 248
3348 618
3349 145
3350 23
3351 1780
3352 850
3353 18
3354 22
3355 24
3356 3241
3357 419
3358 2323
3359 42
3360 3247
3361 350
3362 163
3363 1769
3364 3160
3365 2816
3366 835
3367 2869
3368 26
3369 2331
3370 27
3371 90
3372 1985
3373 1675
3374 286
3375 99
3376 224
3377 2302
3378 245
3379 280
3380 35
3381 1408
3382 2544
3383 214
3384 38
3385 507
3386 38
3387 3082
3388 1964
3389 1063
3390 305
3391 194
3392 2060
3393 38
3394 415
3395 657
3396 273
3397 125
3398 708
3399 472
3400 559
3401 2588
3402 2388
3403 351
3404 566
3405 2297
3406 2845
3407 2137
3408 164
3409 2955
3410 138
3411 1606
3412 50
3413 667
3414 379
3415 580
3416 1099
3417 504
3418 3102
3419 56
3420 56
3421 56
3422 491
3423 289
3424 252
3425 399
3426 2303
3427 2767
3428 57
3429 639
3430 2353
3431 393
3432 1883
3433 460
3434 57
3435 57
3436 162
3437 3256
3438 180
3439 1339
3440 2142
3441 600
3442 1800
3443 192
3444 2358
3445 2518
3446 143
3447 77
3448 57
3449 616
3450 2109
3451 1350
3452 2868
3453 3212
3454 553
3455 154
3456 57
3457 1380
3458 1624
3459 848
3460 60
3461 1012
3462 377
3463 2807
3464 66
3465 1841
3466 3012
3467 717
3468 402
3469 1825
3470 1554
3471 563
3472 2124
3473 73
3474 1171
3475 76
3476 220
3477 208
3478 420
3479 254
3480 146
3481 1271
3482 548
3483 1175
3484 2877
3485 291
3486 2079
3487 1862
3488 257
3489 2637
3490 1258
3491 90
3492 2917
3493 1622
3494 264
3495 232
3496 2116
3497 91
3498 447
3499 91
3500 2420
3501 3236
3502 230
3503 2313
3504 1768
3505 92
3506 2634
3507 318
3508 1590
3509 1361
3510 2035
3511 104
3512 651
3513 1221
3514 450
3515 209
3516 1396
3517 800
3518 101
3519 2775
3520 102
3521 737
3522 102
3523 1378
3524 980
3525 187
3526 2307
3527 2326
3528 647
3529 107
3530 2354
3531 2228
3532 2404
3533 2512
3534 114
3535 115
3536 302
3537 503
3538 623
3539 1429
3540 3126
3541 116
3542 116
3543 527
3544 454
3545 2243
3546 712
3547 2483
3548 1762
3549 121
3550 429
3551 1330
3552 121
3553 634
3554 253
3555 3075
3556 133
3557 170
3558 255
3559 2491
3560 1394
3561 2051
3562 595
3563 134
3564 523
3565 127
3566 167
3567 1566
3568 134
3569 137
3570 957
3571 892
3572 140
3573 2660
3574 2471
3575 1220
3576 215
3577 316
3578 2952
3579 137
3580 149
3581 2447
3582 1324
3583 474
3584 428
3585 3199
3586 713
3587 154
3588 1297
3589 662
3590 157
3591 1046
3592 797
3593 202
3594 157
3595 1936
3596 191
3597 158
3598 1727
3599 159
3600 982
3601 886
3602 459
3603 1881
3604 1070
3605 654
3606 1868
3607 872
3608 2720
3609 542
3610 1392
3611 2251
3612 169
3613 323
3614 2574
3615 169
3616 169
3617 1729
3618 2476
3619 170
3620 448
3621 346
3622 774
3623 170
3624 1449
3625 506
3626 204
3627 2335
3628 481
3629 2308
3630 900
3631 367
3632 698
3633 537
3634 1999
3635 2145
3636 181
3637 2076
3638 179
3639 788
3640 801
3641 187
3642 2421
3643 2007
3644 832
3645 1704
3646 655
3647 189
3648 191
3649 412
3650 193
3651 1395
3652 2466
3653 195
3654 916
3655 198
3656 200
3657 200
3658 1616
3659 3272
3660 2563
3661 200
3662 549
3663 354
3664 314
3665 202
3666 283
3667 572
3668 2113
3669 373
3670 205
3671 205
3672 678
3673 2619
3674 540
3675 205
3676 745
3677 2245
3678 418
3679 981
3680 2928
3681 471
3682 343
3683 2895
3684 1391
3685 837
3686 2383
3687 650
3688 271
3689 1013
3690 1203
3691 371
3692 307
3693 1742
3694 387
3695 2585
3696 2580
3697 333
3698 791
3699 1821
3700 2979
3701 2778
3702 1816
3703 226
3704 1414
3705 621
3706 2697
3707 229
3708 2832
3709 2053
3710 2541
3711 230
3712 230
3713 2217
3714 2614
3715 697
3716 2232
3717 1010
3718 1384
3719 238
3720 3048
3721 649
3722 241
3723 1312
3724 243
3725 1065
3726 250
3727 906
3728 247
3729 400
3730 2601
3731 344
3732 834
3733 2417
3734 453
3735 2172
3736 2119
3737 1772
3738 296
3739 257
3740 257
3741 1321
3742 421
3743 259
3744 259
3745 259
3746 2509
3747 1876
3748 2260
3749 260
3750 260
3751 1933
3752 260
3753 679
3754 1542
3755 260
3756 1274
3757 493
3758 1034
3759 1319
3760 2175
3761 803
3762 1563
3763 385
3764 401
3765 1231
3766 265
3767 2150
3768 2342
3769 1405
3770 274
3771 2795
3772 2939
3773 867
3774 2542
3775 276
3776 276
3777 341
3778 281
3779 298
3780 1530
3781 288
3782 288
3783 3278
3784 2104
3785 288
3786 556
3787 1925
3788 288
3789 2607
3790 3019
3791 2792
3792 390
3793 914
3794 882
3795 1834
3796 290
3797 1154
3798 290
3799 345
3800 2500
3801 2329
3802 3298
3803 466
3804 292
3805 380
3806 2441
3807 630
3808 292
3809 592
3810 591
3811 3223
3812 741
3813 1771
3814 853
3815 292
3816 1331
3817 3300
3818 644
3819 1609
3820 306
3821 292
3822 292
3823 2126
3824 810
3825 2603
3826 292
3827 877
3828 292
3829 1232
3830 1371
3831 1026
3832 735
3833 2885
3834 1966
3835 1527
3836 695
3837 3145
3838 2102
3839 293
3840 294
3841 2545
3842 294
3843 942
3844 312
3845 521
3846 742
3847 1383
3848 300
3849 2923
3850 1370
3851 1033
3852 1620
3853 1895
3854 360
3855 1794
3856 991
3857 465
3858 300
3859 2237
3860 303
3861 1488
3862 830
3863 2548
3864 2405
3865 1685
3866 1716
3867 2184
3868 1172
3869 827
3870 312
3871 312
3872 1929
3873 1038
3874 403
3875 1639
3876 316
3877 1920
3878 2386
3879 325
3880 327
3881 327
3882 328
3883 490
3884 935
3885 328
3886 941
3887 328
3888 1310
3889 861
3890 3216
3891 2189
3892 703
3893 328
3894 1519
3895 1347
3896 532
3897 328
3898 2949
3899 821
3900 533
3901 1788
3902 2871
3903 2242
3904 330
3905 1827
3906 468
3907 2683
3908 2749
3909 963
3910 334
3911 1098
3912 1884
3913 1845
3914 3209
3915 339
3916 339
3917 2190
3918 1137
3919 1954
3920 2431
3921 2305
3922 340
3923 475
3924 342
3925 342
3926 681
3927 2290
3928 1014
3929 3214
3930 2799
3931 346
3932 347
3933 347
3934 347
3935 884
3936 479
3937 1953
3938 983
3939 1106
3940 1423
3941 1113
3942 905
3943 2591
3944 1080
3945 357
3946 1906
3947 357
3948 473
3949 357
3950 1219
3951 357
3952 357
3953 1897
3954 1934
3955 1444
3956 3132
3957 502
3958 526
3959 2160
3960 2181
3961 361
3962 1893
3963 361
3964 1108
3965 1658
3966 361
3967 361
3968 362
3969 364
3970 364
3971 2738
3972 413
3973 596
3974 2653
3975 2823
3976 1931
3977 367
3978 2443
3979 368
3980 947
3981 368
3982 1489
3983 984
3984 1850
3985 369
3986 3064
3987 1183
3988 1462
3989 371
3990 1761
3991 374
3992 374
3993 374
3994 3043
3995 374
3996 1805
3997 1474
3998 2899
3999 375
4000 876
4001 607
4002 2748
4003 381
4004 408
4005 2215
4006 1485
4007 1344
4008 388
4009 389
4010 1081
4011 390
4012 1978
4013 2062
4014 392
4015 392
4016 721
4017 1518
4018 393
4019 1326
4020 3263
4021 399
4022 1075
4023 756
4024 550
4025 401
4026 1797
4027 2933
4028 822
4029 1736
4030 2424
4031 1732
4032 401
4033 401
4034 1801
4035 403
4036 2520
4037 1090
4038 410
4039 410
4040 2222
4041 3035
4042 2125
4043 1847
4044 1151
4045 410
4046 2221
4047 412
4048 2038
4049 414
4050 516
4051 415
4052 2264
4053 842
4054 415
4055 421
4056 2280
4057 2001
4058 705
4059 2765
4060 423
4061 2523
4062 1948
4063 423
4064 423
4065 423
4066 570
4067 1600
4068 430
4069 423
4070 1551
4071 423
4072 918
4073 1264
4074 2562
4075 1234
4076 423
4077 896
4078 423
4079 854
4080 426
4081 1048
4082 434
4083 477
4084 3301
4085 435
4086 2032
4087 2625
4088 750
4089 1687
4090 2927
4091 445
4092 2174
4093 448
4094 3238
4095 448
4096 448
4097 1556
4098 1898
4099 1360
4100 449
4101 451
4102 622
4103 452
4104 1176
4105 455
4106 1087
4107 3281
4108 457
4109 461
4110 461
4111 1179
4112 463
4113 3173
4114 468
4115 2111
4116 1829
4117 1484
4118 975
4119 762
4120 469
4121 3172
4122 2784
4123 1715
4124 472
4125 495
4126 1307
4127 950
4128 866
4129 1864
4130 2349
4131 902
4132 2893
4133 2985
4134 839
4135 477
4136 2654
4137 478
4138 2389
4139 686
4140 1831
4141 1016
4142 1655
4143 2289
4144 2376
4145 480
4146 1272
4147 482
4148 482
4149 2931
4150 483
4151 2881
4152 485
4153 485
4154 844
4155 1711
4156 1415
4157 491
4158 1433
4159 1416
4160 492
4161 494
4162 782
4163 792
4164 2220
4165 494
4166 2760
4167 1148
4168 494
4169 511
4170 496
4171 496
4172 503
4173 2890
4174 2283
4175 504
4176 2084
4177 1308
4178 1591
4179 925
4180 2344
4181 504
4182 2394
4183 2266
4184 1254
4185 2390
4186 2789
4187 1049
4188 506
4189 506
4190 664
4191 2451
4192 2505
4193 506
4194 506
4195 3060
4196 506
4197 2413
4198 506
4199 1457
4200 506
4201 3005
4202 966
4203 3039
4204 2117
4205 1592
4206 2081
4207 920
4208 1877
4209 516
4210 516
4211 2187
4212 516
4213 516
4214 2148
4215 516
4216 516
4217 1161
4218 1280
4219 1296
4220 747
4221 831
4222 520
4223 521
4224 1540
4225 524
4226 2199
4227 2080
4228 2753
4229 527
4230 2248
4231 685
4232 577
4233 527
4234 1689
4235 2921
4236 2478
4237 2616
4238 2093
4239 1387
4240 733
4241 527
4242 1246
4243 3294
4244 701
4245 2141
4246 579
4247 1661
4248 527
4249 527
4250 928
4251 1111
4252 528
4253 611
4254 1902
4255 530
4256 793
4257 2839
4258 2239
4259 3147
4260 1946
4261 1491
4262 534
4263 2710
4264 534
4265 2671
4266 535
4267 538
4268 539
4269 539
4270 539
4271 656
4272 1792
4273 2330
4274 1774
4275 541
4276 541
4277 541
4278 3034
4279 541
4280 1071
4281 1085
4282 1136
4283 1495
4284 617
4285 938
4286 549
4287 550
4288 550
4289 551
4290 1351
4291 1562
4292 1305
4293 2617
4294 551
4295 668
4296 557
4297 2887
4298 2445
4299 3265
4300 561
4301 561
4302 1432
4303 567
4304 781
4305 1698
4306 1589
4307 568
4308 1892
4309 1752
4310 572
4311 573
4312 574
4313 574
4314 732
4315 574
4316 1848
4317 642
4318 574
4319 574
4320 574
4321 574
4322 574
4323 3110
4324 574
4325 587
4326 575
4327 577
4328 578
4329 1061
4330 583
4331 2530
4332 1758
4333 843
4334 1819
4335 3134
4336 709
4337 2904
4338 904
4339 587
4340 590
4341 2618
4342 987
4343 2875
4344 1971
4345 592
4346 2798
4347 592
4348 595
4349 2147
4350 595
4351 2836
4352 2501
4353 1932
4354 2920
4355 675
4356 1905
4357 2434
4358 605
4359 605
4360 605
4361 2477
4362 2507
4363 605
4364 2994
4365 605
4366 3202
4367 1058
4368 2978
4369 1166
4370 1494
4371 1890
4372 605
4373 1960
4374 2543
4375 1679
4376 1092
4377 605
4378 2316
4379 2966
4380 1891
4381 2099
4382 613
4383 614
4384 3137
4385 614
4386 962
4387 614
4388 3017
4389 1287
4390 614
4391 616
4392 743
4393 1676
4394 616
4395 2855
4396 1035
4397 1957
4398 2185
4399 622
4400 622
4401 706
4402 1095
4403 1714
4404 899
4405 855
4406 626
4407 661
4408 1921
4409 2526
4410 2170
4411 901
4412 2139
4413 1019
4414 1498
4415 1078
4416 790
4417 631
4418 2086
4419 631
4420 632
4421 2880
4422 2774
4423 1199
4424 635
4425 643
4426 642
4427 643
4428 643
4429 707
4430 3239
4431 1121
4432 647
4433 1790
4434 647
4435 647
4436 696
4437 2982
4438 676
4439 1569
4440 649
4441 649
4442 649
4443 649
4444 653
4445 653
4446 3015
4447 1223
4448 658
4449 1534
4450 3047
4451 661
4452 661
4453 2587
4454 1241
4455 2521
4456 2878
4457 661
4458 1051
4459 661
4460 711
4461 1390
4462 2556
4463 1992
4464 661
4465 1972
4466 661
4467 661
4468 3205
4469 2909
4470 1283
4471 1247
4472 665
4473 665
4474 1757
4475 665
4476 665
4477 2391
4478 666
4479 2004
4480 3108
4481 666
4482 666
4483 666
4484 666
4485 666
4486 3118
4487 2363
4488 2764
4489 1666
4490 1513
4491 2981
4492 669
4493 3244
4494 670
4495 2525
4496 2552
4497 675
4498 676
4499 676
4500 676
4501 2826
4502 676
4503 676
4504 993
4505 676
4506 1358
4507 2105
4508 1009
4509 728
4510 677
4511 678
4512 678
4513 679
4514 2253
4515 682
4516 760
4517 919
4518 3025
4519 684
4520 1900
4521 1535
4522 714
4523 689
4524 927
4525 690
4526 690
4527 690
4528 692
4529 692
4530 1292
4531 694
4532 3171
4533 697
4534 1663
4535 1613
4536 2757
4537 3261
4538 699
4539 1138
4540 703
4541 704
4542 704
4543 704
4544 704
4545 1041
4546 706
4547 707
4548 1320
4549 710
4550 710
4551 1818
4552 716
4553 716
4554 1844
4555 720
4556 1096
4557 720
4558 720
4559 720
4560 1638
4561 722
4562 1227
4563 1524
4564 725
4565 725
4566 1132
4567 725
4568 1557
4569 1068
4570 725
4571 725
4572 725
4573 725
4574 1812
4575 1024
4576 2039
4577 725
4578 1500
4579 725
4580 725
4581 1181
4582 2023
4583 725
4584 1514
4585 1205
4586 725
4587 1348
4588 2384
4589 2538
4590 1425
4591 1018
4592 1564
4593 1755
4594 2179
4595 3262
4596 852
4597 1721
4598 725
4599 833
4600 3225
4601 725
4602 725
4603 3273
4604 725
4605 725
4606 725
4607 725
4608 725
4609 1180
4610 2336
4611 2908
4612 1463
4613 725
4614 725
4615 1539
4616 725
4617 2281
4618 2427
4619 725
4620 912
4621 2050
4622 1885
4623 2551
4624 725
4625 1627
4626 727
4627 1744
4628 731
4629 1935
4630 1325
4631 736
4632 2664
4633 736
4634 1345
4635 1787
4636 3258
4637 1245
4638 1204
4639 741
4640 1654
4641 1323
4642 1467
4643 741
4644 2594
4645 741
4646 741
4647 743
4648 743
4649 745
4650 745
4651 3279
4652 745
4653 813
4654 1047
4655 2560
4656 745
4657 745
4658 745
4659 745
4660 3198
4661 1397
4662 2151
4663 745
4664 745
4665 2209
4666 2213
4667 1327
4668 745
4669 745
4670 745
4671 745
4672 1807
4673 745
4674 2571
4675 745
4676 745
4677 745
4678 3246
4679 1502
4680 1604
4681 745
4682 745
4683 2817
4684 745
4685 1611
4686 745
4687 745
4688 745
4689 745
4690 745
4691 1377
4692 745
4693 745
4694 745
4695 745
4696 784
4697 1783
4698 2916
4699 745
4700 745
4701 745
4702 1910
4703 745
4704 1169
4705 752
4706 881
4707 3181
4708 745
4709 745
4710 880
4711 745
4712 2169
4713 1435
4714 745
4715 745
4716 745
4717 745
4718 745
4719 2410
4720 745
4721 2097
4722 745
4723 908
4724 3260
4725 745
4726 3254
4727 745
4728 1374
4729 745
4730 1410
4731 2436
4732 2356
4733 745
4734 1291
4735 745
4736 745
4737 846
4738 2332
4739 745
4740 745
4741 745
4742 755
4743 745
4744 2345
4745 745
4746 1127
4747 745
4748 2971
4749 745
4750 2731
4751 745
4752 745
4753 826
4754 1571
4755 2766
4756 745
4757 745
4758 745
4759 1372
4760 745
4761 2230
4762 1644
4763 3288
4764 745
4765 745
4766 863
4767 1720
4768 745
4769 1427
4770 1952
4771 2540
4772 1652
4773 745
4774 1869
4775 1643
4776 3014
4777 1680
4778 3021
4779 1043
4780 1022
4781 1388
4782 3099
4783 745
4784 745
4785 999
4786 745
4787 745
4788 1317
4789 1784
4790 745
4791 745
4792 745
4793 745
4794 745
4795 2957
4796 745
4797 2244
4798 745
4799 745
4800 745
4801 1594
4802 1529
4803 745
4804 745
4805 1690
4806 1363
4807 2416
4808 3219
4809 1743
4810 745
4811 745
4812 745
4813 2216
4814 2380
4815 3242
4816 745
4817 3040
4818 745
4819 1215
4820 1003
4821 1346
4822 3057
4823 1355
4824 1056
4825 954
4826 2334
4827 745
4828 745
4829 745
4830 745
4831 745
4832 745
4833 2643
4834 986
4835 1896
4836 2623
4837 745
4838 1901
4839 1008
4840 745
4841 1011
4842 2030
4843 3186
4844 745
4845 2682
4846 2830
4847 910
4848 745
4849 1532
4850 3124
4851 1545
4852 745
4853 745
4854 1259
4855 1499
4856 2597
4857 3079
4858 745
4859 2485
4860 1886
4861 2271
4862 745
4863 745
4864 1763
4865 1602
4866 745
4867 745
4868 745
4869 745
4870 1030
4871 745
4872 2103
4873 1004
4874 2621
4875 1186
4876 1184
4877 745
4878 745
4879 2435
4880 1031
4881 1944
4882 2714
4883 1614
4884 747
4885 747
4886 1568
4887 747
4888 747
4889 922
4890 747
4891 747
4892 751
4893 868
4894 798
4895 759
4896 944
4897 2070
4898 2338
4899 1438
4900 759
4901 2438
4902 1359
4903 2958
4904 765
4905 765
4906 765
4907 1453
4908 765
4909 1208
4910 817
4911 2279
4912 2650
4913 873
4914 3231
4915 770
4916 770
4917 1874
4918 1520
4919 770
4920 770
4921 773
4922 773
4923 2033
4924 909
4925 3161
4926 1309
4927 775
4928 775
4929 775
4930 2045
4931 775
4932 1157
4933 1973
4934 778
4935 778
4936 2532
4937 1596
4938 780
4939 1329
4940 2863
4941 1882
4942 2860
4943 781
4944 783
4945 785
4946 788
4947 2717
4948 2876
4949 815
4950 2756
4951 1647
4952 792
4953 792
4954 792
4955 792
4956 792
4957 792
4958 792
4959 1995
4960 1133
4961 792
4962 1110
4963 1062
4964 792
4965 792
4966 1194
4967 792
4968 792
4969 792
4970 945
4971 3116
4972 2859
4973 936
4974 792
4975 792
4976 2635
4977 792
4978 2961
4979 792
4980 792
4981 1343
4982 798
4983 798
4984 798
4985 798
4986 2707
4987 838
4988 1125
4989 803
4990 805
4991 1250
4992 973
4993 806
4994 1475
4995 807
4996 810
4997 1702
4998 810
4999 810
5000 810
5001 810
5002 810
5003 1419
5004 810
5005 2423
5006 1342
5007 2629
5008 1997
5009 813
5010 816
5011 816
5012 1766
5013 818
5014 818
5015 820
5016 820
5017 820
5018 820
5019 2273
5020 826
5021 826
5022 2665
5023 1403
5024 834
5025 834
5026 1149
5027 838
5028 2977
5029 1044
5030 840
5031 2729
5032 1670
5033 865
5034 2711
5035 1865
5036 1153
5037 2026
5038 855
5039 856
5040 856
5041 1515
5042 856
5043 856
5044 1942
5045 2611
5046 2440
5047 1645
5048 1402
5049 858
5050 858
5051 859
5052 1196
5053 861
5054 861
5055 861
5056 2022
5057 864
5058 865
5059 948
5060 866
5061 867
5062 867
5063 867
5064 2156
5065 871
5066 871
5067 871
5068 1170
5069 875
5070 1228
5071 1683
5072 882
5073 1173
5074 1182
5075 883
5076 883
5077 883
5078 3193
5079 883
5080 2208
5081 884
5082 1120
5083 886
5084 1249
5085 903
5086 2247
5087 3204
5088 886
5089 2433
5090 886
5091 886
5092 3213
5093 886
5094 886
5095 886
5096 886
5097 1996
5098 1428
5099 1550
5100 2317
5101 1593
5102 1923
5103 886
5104 994
5105 886
5106 886
5107 1836
5108 886
5109 949
5110 2833
5111 1822
5112 1229
5113 1251
5114 3069
5115 939
5116 2493
5117 1776
5118 1315
5119 896
5120 899
5121 900
5122 900
5123 900
5124 900
5125 900
5126 900
5127 900
5128 904
5129 905
5130 1767
5131 1586
5132 1167
5133 909
5134 909
5135 2309
5136 1635
5137 1021
5138 913
5139 989
5140 915
5141 2229
5142 928
5143 928
5144 1119
5145 2089
5146 1299
5147 2712
5148 928
5149 932
5150 934
5151 2114
5152 935
5153 1318
5154 935
5155 935
5156 2163
5157 1570
5158 940
5159 940
5160 941
5161 944
5162 944
5163 945
5164 945
5165 945
5166 945
5167 945
5168 946
5169 946
5170 2327
5171 947
5172 1322
5173 2759
5174 2016
5175 1335
5176 1165
5177 3226
5178 1764
5179 952
5180 952
5181 978
5182 954
5183 955
5184 956
5185 956
5186 959
5187 959
5188 3282
5189 1122
5190 1105
5191 966
5192 967
5193 967
5194 967
5195 1053
5196 967
5197 967
5198 967
5199 967
5200 967
5201 967
5202 967
5203 967
5204 967
5205 968
5206 1668
5207 967
5208 967
5209 3141
5210 1386
5211 1791
5212 995
5213 968
5214 2321
5215 1688
5216 968
5217 968
5218 970
5219 2846
5220 2930
5221 1695
5222 2658
5223 1407
5224 970
5225 2818
5226 970
5227 2805
5228 971
5229 971
5230 1028
5231 1193
5232 971
5233 971
5234 971
5235 1674
5236 971
5237 1235
5238 1160
5239 1730
5240 971
5241 971
5242 971
5243 1505
5244 1468
5245 971
5246 2991
5247 971
5248 1214
5249 971
5250 971
5251 971
5252 971
5253 1577
5254 971
5255 971
5256 971
5257 1471
5258 971
5259 971
5260 2547
5261 1285
5262 975
5263 2938
5264 975
5265 976
5266 1523
5267 1002
5268 977
5269 1717
5270 980
5271 2177
5272 3158
5273 1547
5274 983
5275 983
5276 985
5277 3144
5278 3271
5279 986
5280 986
5281 986
5282 1782
5283 986
5284 986
5285 1185
5286 986
5287 986
5288 986
5289 2734
5290 987
5291 2821
5292 1265
5293 987
5294 2409
5295 988
5296 988
5297 988
5298 1988
5299 2091
5300 2043
5301 988
5302 3084
5303 2687
5304 2385
5305 2771
5306 989
5307 2352
5308 990
5309 1582
5310 2325
5311 990
5312 991
5313 1212
5314 2883
5315 994
5316 1036
5317 996
5318 997
5319 3096
5320 2017
5321 1597
5322 2320
5323 2078
5324 3157
5325 2194
5326 1006
5327 1006
5328 1873
5329 2167
5330 1621
5331 1006
5332 1006
5333 1006
5334 2879
5335 1006
5336 1006
5337 1006
5338 1006
5339 1006
5340 1006
5341 1889
5342 1243
5343 1009
5344 1314
5345 1015
5346 1015
5347 1016
5348 1016
5349 1016
5350 1016
5351 1084
5352 1017
5353 2586
5354 1018
5355 1267
5356 1528
5357 1024
5358 1024
5359 1024
5360 2901
5361 1233
5362 1837
5363 1024
5364 1561
5365 2226
5366 1024
5367 1867
5368 1024
5369 1024
5370 1024
5371 3009
5372 1024
5373 1024
5374 1479
5375 1024
5376 1024
5377 1024
5378 1989
5379 1903
5380 1024
5381 1024
5382 1024
5383 3033
5384 3052
5385 1028
5386 2669
5387 1411
5388 2488
5389 2064
5390 1028
5391 1028
5392 1029
5393 3129
5394 1029
5395 3002
5396 1029
5397 1029
5398 1681
5399 1938
5400 1029
5401 2456
5402 1029
5403 1029
5404 1029
5405 2768
5406 1508
5407 1029
5408 2769
5409 1029
5410 1029
5411 1029
5412 1029
5413 2082
5414 1030
5415 1030
5416 2800
5417 1030
5418 1030
5419 1030
5420 1746
5421 1030
5422 1030
5423 1708
5424 3133
5425 1030
5426 1030
5427 2207
5428 1030
5429 1426
5430 1030
5431 3270
5432 1030
5433 1030
5434 2914
5435 1576
5436 2293
5437 1032
5438 1032
5439 2589
5440 1470
5441 1033
5442 2234
5443 1481
5444 2457
5445 2891
5446 1036
5447 1226
5448 1164
5449 2709
5450 1417
5451 1038
5452 2486
5453 1038
5454 2685
5455 2517
5456 1039
5457 1086
5458 1039
5459 1039
5460 2101
5461 1207
5462 1039
5463 1039
5464 3007
5465 1039
5466 1039
5467 1039
5468 1041
5469 2267
5470 1240
5471 1042
5472 2055
5473 1046
5474 1046
5475 1256
5476 1446
5477 2452
5478 1796
5479 1046
5480 2906
5481 2159
5482 1048
5483 1298
5484 1049
5485 1049
5486 1460
5487 1049
5488 1049
5489 1049
5490 1049
5491 1131
5492 1049
5493 2644
5494 2599
5495 1049
5496 1445
5497 3092
5498 1049
5499 2995
5500 1049
5501 1917
5502 1049
5503 1146
5504 2197
5505 3291
5506 2935
5507 1049
5508 1059
5509 3180
5510 1049
5511 1541
5512 1612
5513 1454
5514 1049
5515 1049
5516 1257
5517 1049
5518 1100
5519 1066
5520 2212
5521 1268
5522 2824
5523 1053
5524 1053
5525 1288
5526 1053
5527 1053
5528 1053
5529 2762
5530 1053
5531 1053
5532 1055
5533 1055
5534 1055
5535 1055
5536 2721
5537 1056
5538 1056
5539 1598
5540 1058
5541 1061
5542 1061
5543 2333
5544 1244
5545 2620
5546 1062
5547 1063
5548 2002
5549 1063
5550 2624
5551 1063
5552 1066
5553 1066
5554 1066
5555 1066
5556 2943
5557 1066
5558 1447
5559 1070
5560 2667
5561 1070
5562 1070
5563 1070
5564 1699
5565 1070
5566 1072
5567 1076
5568 1076
5569 1076
5570 1076
5571 1076
5572 2779
5573 2796
5574 1076
5575 1079
5576 2255
5577 1082
5578 1082
5579 1082
5580 2605
5581 2606
5582 1082
5583 1082
5584 3119
5585 1082
5586 1082
5587 1086
5588 1087
5589 1087
5590 1087
5591 1289
5592 1089
5593 3139
5594 1089
5595 1089
5596 1089
5597 2752
5598 2263
5599 2996
5600 1686
5601 1089
5602 3131
5603 1091
5604 2692
5605 1091
5606 3018
5607 2268
5608 2449
5609 2249
5610 1097
5611 3191
5612 1104
5613 1104
5614 1104
5615 3179
5616 3221
5617 2533
5618 1443
5619 1276
5620 1107
5621 1109
5622 1648
5623 1109
5624 1110
5625 1111
5626 1111
5627 1691
5628 1112
5629 1404
5630 2140
5631 1114
5632 1114
5633 1139
5634 1115
5635 1809
5636 3071
5637 1118
5638 2095
5639 2567
5640 3149
5641 1118
5642 1456
5643 2604
5644 1118
5645 1118
5646 1118
5647 1118
5648 1118
5649 1118
5650 2362
5651 1849
5652 1120
5653 2531
5654 2828
5655 2561
5656 1486
5657 1813
5658 1120
5659 1473
5660 1120
5661 1552
5662 1120
5663 1628
5664 1141
5665 1123
5666 1123
5667 1126
5668 1126
5669 1503
5670 1126
5671 2381
5672 3107
5673 1140
5674 2535
5675 1142
5676 1669
5677 1147
5678 2677
5679 1951
5680 1148
5681 1148
5682 1148
5683 1148
5684 1148
5685 1148
5686 2502
5687 1150
5688 2378
5689 2322
5690 1155
5691 1156
5692 1450
5693 1870
5694 3090
5695 1237
5696 1167
5697 1167
5698 1167
5699 1167
5700 1167
5701 1871
5702 1168
5703 2123
5704 1169
5705 1169
5706 2702
5707 2374
5708 1169
5709 2269
5710 1677
5711 2012
5712 1169
5713 1169
5714 1362
5715 2770
5716 1169
5717 1262
5718 1169
5719 1169
5720 1169
5721 3066
5722 1169
5723 2534
5724 2924
5725 1169
5726 1169
5727 1169
5728 1169
5729 1170
5730 1171
5731 2905
5732 1171
5733 3220
5734 1707
5735 1172
5736 1549
5737 1173
5738 1173
5739 1173
5740 2827
5741 1173
5742 1174
5743 2198
5744 2312
5745 1177
5746 1603
5747 1177
5748 1178
5749 1820
5750 1181
5751 1694
5752 1738
5753 1181
5754 2059
5755 2934
5756 1181
5757 1773
5758 1181
5759 1181
5760 1182
5761 1182
5762 1880
5763 1915
5764 1183
5765 2990
5766 1187
5767 2564
5768 1188
5769 1826
5770 1854
5771 1188
5772 1238
5773 1188
5774 1188
5775 1713
5776 1190
5777 1190
5778 1190
5779 3091
5780 1192
5781 3111
5782 1192
5783 1194
5784 1194
5785 1197
5786 1197
5787 1198
5788 2399
5789 1206
5790 1206
5791 1206
5792 1754
5793 1206
5794 1206
5795 2014
5796 1726
5797 2746
5798 1206
5799 1206
5800 3251
5801 1206
5802 1206
5803 1206
5804 1206
5805 1206
5806 1206
5807 1210
5808 1210
5809 1389
5810 1459
5811 1210
5812 1210
5813 1210
5814 2788
5815 1212
5816 3280
5817 1214
5818 1214
5819 2188
5820 1214
5821 1214
5822 2636
5823 1214
5824 1221
5825 1221
5826 1221
5827 1221
5828 3050
5829 1221
5830 1221
5831 1439
5832 1225
5833 2840
5834 1401
5835 1228
5836 1228
5837 1636
5838 2910
5839 1228
5840 1228
5841 1229
5842 1229
5843 1229
5844 2681
5845 1229
5846 1229
5847 1229
5848 1229
5849 2149
5850 2919
5851 1230
5852 1230
5853 1230
5854 1230
5855 1230
5856 1230
5857 1230
5858 2503
5859 1230
5860 2006
5861 1230
5862 1260
5863 1230
5864 1230
5865 2473
5866 1482
5867 1230
5868 1230
5869 1231
5870 1231
5871 1430
5872 1236
5873 1236
5874 2359
5875 1240
5876 1888
5877 1240
5878 1290
5879 1815
5880 3049
5881 1240
5882 1240
5883 1241
5884 1560
5885 1667
5886 1241
5887 1241
5888 1241
5889 1241
5890 1242
5891 1243
5892 2058
5893 1245
5894 1246
5895 3276
5896 2299
5897 1250
5898 1250
5899 1250
5900 1253
5901 1253
5902 1255
5903 1255
5904 2469
5905 1255
5906 1255
5907 1255
5908 1255
5909 2366
5910 1255
5911 1853
5912 2672
5913 1814
5914 3275
5915 1294
5916 1262
5917 1263
5918 2127
5919 1267
5920 1268
5921 1376
5922 1833
5923 1268
5924 2718
5925 1268
5926 1268
5927 1268
5928 1268
5929 1268
5930 1268
5931 3130
5932 1268
5933 1268
5934 1268
5935 2074
5936 2068
5937 1268
5938 2240
5939 1477
5940 1268
5941 3188
5942 1275
5943 1278
5944 1278
5945 1278
5946 1278
5947 1369
5948 1279
5949 3284
5950 1279
5951 1279
5952 1279
5953 1279
5954 1461
5955 2837
5956 1279
5957 1354
5958 2134
5959 1918
5960 2090
5961 1511
5962 2130
5963 1803
5964 1279
5965 3028
5966 1281
5967 1281
5968 1281
5969 1281
5970 1281
5971 1548
5972 1290
5973 1437
5974 1291
5975 1338
5976 1291
5977 1291
5978 2110
5979 1291
5980 1291
5981 1291
5982 1291
5983 1994
5984 1521
5985 1465
5986 3203
5987 1581
5988 1291
5989 1291
5990 2903
5991 1291
5992 1630
5993 2339
5994 1737
5995 1294
5996 2025
5997 1294
5998 1332
5999 1294
6000 1294
6001 1294
6002 1493
6003 1294
6004 2902
6005 1294
6006 1294
6007 2368
6008 1440
6009 1294
6010 1937
6011 1294
6012 1294
6013 2061
6014 2357
6015 2989
6016 1294
6017 1294
6018 2397
6019 1580
6020 1294
6021 2566
6022 1294
6023 1294
6024 1294
6025 1294
6026 1409
6027 1294
6028 1294
6029 1294
6030 2854
6031 1294
6032 1483
6033 1294
6034 1294
6035 2036
6036 2191
6037 2319
6038 2783
6039 2288
6040 1296
6041 1297
6042 1298
6043 1303
6044 2642
6045 2348
6046 1303
6047 1306
6048 3266
6049 1307
6050 1309
6051 1310
6052 1573
6053 2513
6054 1310
6055 3178
6056 1310
6057 1310
6058 1311
6059 1313
6060 2425
6061 1314
6062 2254
6063 1317
6064 2740
6065 1317
6066 3123
6067 1318
6068 1318
6069 1318
6070 1319
6071 1320
6072 1320
6073 1321
6074 1321
6075 1321
6076 1322
6077 1332
6078 1332
6079 3240
6080 1332
6081 1332
6082 1962
6083 1337
6084 1337
6085 1337
6086 3196
6087 2161
6088 1986
6089 1339
6090 1339
6091 1344
6092 1930
6093 1642
6094 1347
6095 1348
6096 1348
6097 2236
6098 2812
6099 3165
6100 2793
6101 2705
6102 1348
6103 1348
6104 1565
6105 2965
6106 1351
6107 1351
6108 1351
6109 1464
6110 2455
6111 1354
6112 1354
6113 2481
6114 1354
6115 1354
6116 1357
6117 1363
6118 1364
6119 1365
6120 2300
6121 2439
6122 1617
6123 1370
6124 1372
6125 1376
6126 2600
6127 1631
6128 1377
6129 1559
6130 1579
6131 1380
6132 1672
6133 1381
6134 1382
6135 1382
6136 1382
6137 1987
6138 1384
6139 1384
6140 1384
6141 1384
6142 1387
6143 1387
6144 2028
6145 1387
6146 3234
6147 1390
6148 1421
6149 1391
6150 1394
6151 2728
6152 2947
6153 1395
6154 1395
6155 1492
6156 1395
6157 1879
6158 1843
6159 2814
6160 1400
6161 2132
6162 1400
6163 1400
6164 1401
6165 2415
6166 1403
6167 1924
6168 1405
6169 1405
6170 1406
6171 1406
6172 1406
6173 1802
6174 2047
6175 1406
6176 2318
6177 1409
6178 1411
6179 1412
6180 2554
6181 1413
6182 1413
6183 1415
6184 1922
6185 1420
6186 1420
6187 1423
6188 2969
6189 2946
6190 2063
6191 1426
6192 1575
6193 1429
6194 1432
6195 1432
6196 2727
6197 1435
6198 1435
6199 1435
6200 1436
6201 1436
6202 1555
6203 1441
6204 1445
6205 2628
6206 1445
6207 1445
6208 1447
6209 3013
6210 1447
6211 1452
6212 1452
6213 1452
6214 1452
6215 1452
6216 2801
6217 1452
6218 1452
6219 1452
6220 2519
6221 2355
6222 1456
6223 1457
6224 1553
6225 1459
6226 1459
6227 1859
6228 1692
6229 1460
6230 1461
6231 1461
6232 3289
6233 1462
6234 1462
6235 1462
6236 1463
6237 1465
6238 1522
6239 2195
6240 1467
6241 1467
6242 2223
6243 1467
6244 1778
6245 1969
6246 2214
6247 2640
6248 1473
6249 2118
6250 1756
6251 1473
6252 1473
6253 2153
6254 3156
6255 1473
6256 1943
6257 1477
6258 2730
6259 1479
6260 1479
6261 2278
6262 1485
6263 1705
6264 1487
6265 2422
6266 1490
6267 1490
6268 1490
6269 1990
6270 1490
6271 1653
6272 1490
6273 1490
6274 1490
6275 1493
6276 1626
6277 2732
6278 3003
6279 1497
6280 1497
6281 2479
6282 1497
6283 1497
6284 1497
6285 1497
6286 1497
6287 2122
6288 2073
6289 1497
6290 1497
6291 2847
6292 1498
6293 1498
6294 1585
6295 1498
6296 1498
6297 2988
6298 1498
6299 1499
6300 1499
6301 3042
6302 1509
6303 1504
6304 1975
6305 1507
6306 1507
6307 2737
6308 2262
6309 1507
6310 1507
6311 1507
6312 1507
6313 3068
6314 1508
6315 1508
6316 3044
6317 1510
6318 1510
6319 1510
6320 3032
6321 1510
6322 1510
6323 3067
6324 1520
6325 1528
6326 3093
6327 1532
6328 1534
6329 1534
6330 1534
6331 1534
6332 2472
6333 2555
6334 2651
6335 1535
6336 1535
6337 1535
6338 1535
6339 1535
6340 1539
6341 1540
6342 1540
6343 1542
6344 2052
6345 1546
6346 1546
6347 2285
6348 1551
6349 1551
6350 3253
6351 1551
6352 1551
6353 1751
6354 1553
6355 2276
6356 3218
6357 1555
6358 1555
6359 1555
6360 1555
6361 2964
6362 1560
6363 1560
6364 1562
6365 1562
6366 2820
6367 1563
6368 2406
6369 2377
6370 1564
6371 1564
6372 2549
6373 2371
6374 2164
6375 1564
6376 1564
6377 2274
6378 2915
6379 1649
6380 2146
6381 1567
6382 1567
6383 1570
6384 1571
6385 1571
6386 1571
6387 1571
6388 1573
6389 1573
6390 1573
6391 1573
6392 2171
6393 1574
6394 1574
6395 1907
6396 1575
6397 1575
6398 1575
6399 1575
6400 1982
6401 2940
6402 3006
6403 1579
6404 2627
6405 1580
6406 1580
6407 1580
6408 1580
6409 1581
6410 2559
6411 1581
6412 1583
6413 1583
6414 2675
6415 1659
6416 2013
6417 2668
6418 1585
6419 1586
6420 1587
6421 1587
6422 2829
6423 1590
6424 3138
6425 1590
6426 1593
6427 1671
6428 1593
6429 3222
6430 2673
6431 1594
6432 1594
6433 1594
6434 2304
6435 1597
6436 1598
6437 1598
6438 2138
6439 1599
6440 1599
6441 2484
6442 3008
6443 1601
6444 2005
6445 1601
6446 1601
6447 1958
6448 2314
6449 1601
6450 2202
6451 1601
6452 1601
6453 2873
6454 1601
6455 1601
6456 1601
6457 1601
6458 1601
6459 1601
6460 1601
6461 1601
6462 1601
6463 1601
6464 1601
6465 1601
6466 1696
6467 1603
6468 2490
6469 1605
6470 2568
6471 2954
6472 2896
6473 1928
6474 1608
6475 1608
6476 1608
6477 2838
6478 3020
6479 2970
6480 1608
6481 1608
6482 1608
6483 2962
6484 2941
6485 2446
6486 1608
6487 1741
6488 1608
6489 1609
6490 1609
6491 1609
6492 1609
6493 1609
6494 1609
6495 1753
6496 1610
6497 2310
6498 2986
6499 3255
6500 1610
6501 1610
6502 1610
6503 1610
6504 2861
6505 2282
6506 1610
6507 1610
6508 1610
6509 1610
6510 1610
6511 2000
6512 1622
6513 1622
6514 1665
6515 1622
6516 1622
6517 1622
6518 1622
6519 1622
6520 1624
6521 1624
6522 1627
6523 2458
6524 2083
6525 2786
6526 1627
6527 1628
6528 1628
6529 2802
6530 1629
6531 2370
6532 2098
6533 1629
6534 1629
6535 2411
6536 1629
6537 2027
6538 1631
6539 1631
6540 1631
6541 2241
6542 1633
6543 1633
6544 1633
6545 1633
6546 1770
6547 1633
6548 1633
6549 1656
6550 1635
6551 1638
6552 2659
6553 1641
6554 1641
6555 1641
6556 2402
6557 1641
6558 2980
6559 1645
6560 1647
6561 2724
6562 1647
6563 1647
6564 3135
6565 1793
6566 2632
6567 1651
6568 1838
6569 1657
6570 1658
6571 1658
6572 3036
6573 1659
6574 1709
6575 1863
6576 1659
6577 1659
6578 1659
6579 1659
6580 2565
6581 1659
6582 1659
6583 1659
6584 1659
6585 1660
6586 2649
6587 1659
6588 2641
6589 1659
6590 1659
6591 1659
6592 1663
6593 1693
6594 1723
6595 1665
6596 1665
6597 1665
6598 2974
6599 1914
6600 1665
6601 2959
6602 1670
6603 1670
6604 1671
6605 2536
6606 1673
6607 1676
6608 1678
6609 1678
6610 1678
6611 2400
6612 1678
6613 1681
6614 1681
6615 1681
6616 1681
6617 1947
6618 2622
6619 1682
6620 1682
6621 1683
6622 2726
6623 1684
6624 1684
6625 1684
6626 1684
6627 1684
6628 1685
6629 1687
6630 1687
6631 2569
6632 2679
6633 1687
6634 1687
6635 1806
6636 1687
6637 2515
6638 2537
6639 1687
6640 1687
6641 1687
6642 1687
6643 1961
6644 1689
6645 1690
6646 1692
6647 1693
6648 1835
6649 1693
6650 1696
6651 1696
6652 1696
6653 1696
6654 2609
6655 1696
6656 1696
6657 1696
6658 1696
6659 1696
6660 1698
6661 1701
6662 1701
6663 2950
6664 1702
6665 1704
6666 1704
6667 2021
6668 1704
6669 1704
6670 2546
6671 1705
6672 1981
6673 2992
6674 1706
6675 2040
6676 1708
6677 1713
6678 1713
6679 1721
6680 1722
6681 3083
6682 1722
6683 1722
6684 3192
6685 1722
6686 1722
6687 1723
6688 1723
6689 1723
6690 1723
6691 1724
6692 3299
6693 1730
6694 1730
6695 1730
6696 1731
6697 1734
6698 1734
6699 1737
6700 1737
6701 1737
6702 2953
6703 1741
6704 1741
6705 1741
6706 1741
6707 1741
6708 1741
6709 1741
6710 1741
6711 1741
6712 2579
6713 2346
6714 2998
6715 1744
6716 1744
6717 1744
6718 1744
6719 1744
6720 1745
6721 2968
6722 1745
6723 2613
6724 1745
6725 1745
6726 1745
6727 2464
6728 1746
6729 1746
6730 1747
6731 1747
6732 1748
6733 1748
6734 1752
6735 1752
6736 1753
6737 1755
6738 1755
6739 1940
6740 1756
6741 1756
6742 1756
6743 2581
6744 1759
6745 1759
6746 1759
6747 1759
6748 1760
6749 1762
6750 1762
6751 1762
6752 1762
6753 1762
6754 1762
6755 1762
6756 1762
6757 1963
6758 3230
6759 2227
6760 1766
6761 1768
6762 1768
6763 2494
6764 1768
6765 2874
6766 1768
6767 1768
6768 1768
6769 1768
6770 1768
6771 1768
6772 1768
6773 1768
6774 2884
6775 1768
6776 1768
6777 1768
6778 1768
6779 2510
6780 1768
6781 1768
6782 1768
6783 1768
6784 1768
6785 1769
6786 2088
6787 1771
6788 1772
6789 1777
6790 2886
6791 1777
6792 1777
6793 1777
6794 2835
6795 1777
6796 1777
6797 2558
6798 2804
6799 1777
6800 1777
6801 1777
6802 1777
6803 1777
6804 1777
6805 1778
6806 1780
6807 1781
6808 1786
6809 1786
6810 1786
6811 1786
6812 1786
6813 1786
6814 1786
6815 1786
6816 1789
6817 1790
6818 1791
6819 1791
6820 1792
6821 1792
6822 2524
6823 1792
6824 1792
6825 1792
6826 1795
6827 1799
6828 1800
6829 1800
6830 1800
6831 1800
6832 1800
6833 1801
6834 1801
6835 3297
6836 1801
6837 2999
6838 1803
6839 1803
6840 1803
6841 1803
6842 1926
6843 1803
6844 1805
6845 1806
6846 1806
6847 1808
6848 1808
6849 1808
6850 1808
6851 1808
6852 1812
6853 1812
6854 1950
6855 1812
6856 1812
6857 1812
6858 1812
6859 1812
6860 1812
6861 1812
6862 1815
6863 1815
6864 1818
6865 1818
6866 2203
6867 1820
6868 1820
6869 1820
6870 1820
6871 1820
6872 1820
6873 2351
6874 1821
6875 2655
6876 2656
6877 1821
6878 1821
6879 1821
6880 1823
6881 1823
6882 1823
6883 1856
6884 1825
6885 1825
6886 1955
6887 1828
6888 3074
6889 1828
6890 1830
6891 3162
6892 1835
6893 1835
6894 1835
6895 3011
6896 1835
6897 1835
6898 1835
6899 1835
6900 1835
6901 1835
6902 2369
6903 1835
6904 1835
6905 1835
6906 3249
6907 1835
6908 1835
6909 1835
6910 2691
6911 1835
6912 1835
6913 1835
6914 1835
6915 2129
6916 1835
6917 1835
6918 3159
6919 1835
6920 1835
6921 1835
6922 1837
6923 2745
6924 1840
6925 1841
6926 1843
6927 1845
6928 1848
6929 1848
6930 1848
6931 3089
6932 1848
6933 1848
6934 1848
6935 1848
6936 3106
6937 1851
6938 1852
6939 1852
6940 1852
6941 1852
6942 1852
6943 1852
6944 1852
6945 3154
6946 1857
6947 1857
6948 1857
6949 1858
6950 1858
6951 1863
6952 1863
6953 1864
6954 1864
6955 2645
6956 1868
6957 2522
6958 1868
6959 1868
6960 1868
6961 1869
6962 1871
6963 1872
6964 1875
6965 1872
6966 1872
6967 1998
6968 1872
6969 1872
6970 1872
6971 1984
6972 1875
6973 1875
6974 1875
6975 1875
6976 1875
6977 2128
6978 1882
6979 1882
6980 2315
6981 1882
6982 1882
6983 2372
6984 2865
6985 1887
6986 1887
6987 1887
6988 1887
6989 1887
6990 1888
6991 1888
6992 2010
6993 1888
6994 1888
6995 1888
6996 1889
6997 2626
6998 1895
6999 1895
7000 1895
7001 1895
7002 1895
7003 2699
7004 1895
7005 1895
7006 1897
7007 1898
7008 1898
7009 1899
7010 2182
7011 1899
7012 1899
7013 3104
7014 1899
7015 1903
7016 1905
7017 1905
7018 1906
7019 1908
7020 2803
7021 1908
7022 1908
7023 2647
7024 1915
7025 1915
7026 1915
7027 1915
7028 1915
7029 1915
7030 1915
7031 1915
7032 1915
7033 1915
7034 2528
7035 1915
7036 1915
7037 3077
7038 1915
7039 1915
7040 1915
7041 2811
7042 1915
7043 1915
7044 1915
7045 1915
7046 1915
7047 1915
7048 2071
7049 2387
7050 1915
7051 1915
7052 2341
7053 3235
7054 1919
7055 1919
7056 1920
7057 1920
7058 1922
7059 1922
7060 1923
7061 3027
7062 1929
7063 1929
7064 1929
7065 1929
7066 1933
7067 1933
7068 1933
7069 1933
7070 1933
7071 2233
7072 1934
7073 2009
7074 1935
7075 1935
7076 1938
7077 2742
7078 1944
7079 1944
7080 1947
7081 1947
7082 1947
7083 1947
7084 1948
7085 1949
7086 1949
7087 1949
7088 1949
7089 2983
7090 2238
7091 1951
7092 1951
7093 2686
7094 1951
7095 1952
7096 1955
7097 1955
7098 1955
7099 1956
7100 1956
7101 1960
7102 1960
7103 1960
7104 2365
7105 1962
7106 1962
7107 2761
7108 1966
7109 2843
7110 2841
7111 1966
7112 1969
7113 1969
7114 1971
7115 2041
7116 1973
7117 1973
7118 1975
7119 2790
7120 1976
7121 1977
7122 1978
7123 1978
7124 1982
7125 1983
7126 1983
7127 1983
7128 1986
7129 2504
7130 1989
7131 1990
7132 2459
7133 1990
7134 2967
7135 2154
7136 1990
7137 2258
7138 1990
7139 1990
7140 2180
7141 3268
7142 1990
7143 1990
7144 1990
7145 1990
7146 1990
7147 2192
7148 2694
7149 2054
7150 2287
7151 3257
7152 1990
7153 1992
7154 1995
7155 1995
7156 1995
7157 1995
7158 1995
7159 3136
7160 1995
7161 1995
7162 1995
7163 1996
7164 1996
7165 1996
7166 1996
7167 3087
7168 1996
7169 1996
7170 1996
7171 1996
7172 1996
7173 1996
7174 1996
7175 1996
7176 1996
7177 1997
7178 1997
7179 1998
7180 1998
7181 2453
7182 1999
7183 1999
7184 2003
7185 2003
7186 2003
7187 2011
7188 2005
7189 2006
7190 2006
7191 2107
7192 2008
7193 2186
7194 2009
7195 2009
7196 2009
7197 2011
7198 2011
7199 2011
7200 2048
7201 2011
7202 2011
7203 2011
7204 2012
7205 2012
7206 2012
7207 2012
7208 2012
7209 2012
7210 2012
7211 2012
7212 2012
7213 2012
7214 2012
7215 2096
7216 2012
7217 2012
7218 2012
7219 2012
7220 2012
7221 2012
7222 2014
7223 2178
7224 2017
7225 2044
7226 2018
7227 2018
7228 2019
7229 2020
7230 2027
7231 2467
7232 3000
7233 2029
7234 2960
7235 2030
7236 2092
7237 2030
7238 3037
7239 2031
7240 3264
7241 2033
7242 2036
7243 2036
7244 2036
7245 2036
7246 2036
7247 2037
7248 2037
7249 2039
7250 2042
7251 2046
7252 2050
7253 2052
7254 2055
7255 2698
7256 2135
7257 2058
7258 2058
7259 2058
7260 2058
7261 2058
7262 2059
7263 2059
7264 2060
7265 2060
7266 2060
7267 2284
7268 2060
7269 2064
7270 2064
7271 2064
7272 2064
7273 2064
7274 2064
7275 2064
7276 2064
7277 2064
7278 2064
7279 2064
7280 2064
7281 2064
7282 2064
7283 2064
7284 2064
7285 2064
7286 2075
7287 2077
7288 2081
7289 2082
7290 2083
7291 2083
7292 2083
7293 2083
7294 2083
7295 2231
7296 2511
7297 2083
7298 2083
7299 2083
7300 2900
7301 2085
7302 2086
7303 2086
7304 2527
7305 2092
7306 2092
7307 2785
7308 2095
7309 2098
7310 2098
7311 2108
7312 2133
7313 2098
7314 2219
7315 2200
7316 2102
7317 2102
7318 2102
7319 2102
7320 2102
7321 2103
7322 2103
7323 2103
7324 2103
7325 2103
7326 2103
7327 2103
7328 2700
7329 2103
7330 2894
7331 2103
7332 3267
7333 2103
7334 2155
7335 2103
7336 2296
7337 2103
7338 2972
7339 2103
7340 2103
7341 3022
7342 2103
7343 2105
7344 2701
7345 3031
7346 2108
7347 3243
7348 2113
7349 2113
7350 2113
7351 2114
7352 2114
7353 2114
7354 2114
7355 2114
7356 2573
7357 2114
7358 2114
7359 2114
7360 2114
7361 2114
7362 2114
7363 3283
7364 2114
7365 2114
7366 2114
7367 2114
7368 2114
7369 2852
7370 2114
7371 2114
7372 2114
7373 2114
7374 2932
7375 2984
7376 2115
7377 2115
7378 2115
7379 2115
7380 2115
7381 2115
7382 3208
7383 2115
7384 2576
7385 2115
7386 2115
7387 2115
7388 2115
7389 2115
7390 2115
7391 2115
7392 2115
7393 2117
7394 2119
7395 2129
7396 2131
7397 2131
7398 2781
7399 2131
7400 2131
7401 2131
7402 2131
7403 2131
7404 2498
7405 2361
7406 2132
7407 2132
7408 2598
7409 2135
7410 2135
7411 2137
7412 2138
7413 2139
7414 2143
7415 2149
7416 2150
7417 2150
7418 2150
7419 2150
7420 2150
7421 2633
7422 2150
7423 2152
7424 2152
7425 2379
7426 2154
7427 2154
7428 2475
7429 2155
7430 2158
7431 2160
7432 2160
7433 2612
7434 2162
7435 2162
7436 2162
7437 2163
7438 2164
7439 2164
7440 2164
7441 2164
7442 2164
7443 2168
7444 2168
7445 2168
7446 3114
7447 2168
7448 2168
7449 2205
7450 2168
7451 2168
7452 2347
7453 2168
7454 2168
7455 2169
7456 2892
7457 2170
7458 2275
7459 2171
7460 2631
7461 2175
7462 2442
7463 2177
7464 2751
7465 2181
7466 2182
7467 2184
7468 2184
7469 2444
7470 2184
7471 2184
7472 2184
7473 2975
7474 2185
7475 2188
7476 2188
7477 2188
7478 2188
7479 2190
7480 2190
7481 2306
7482 2495
7483 2196
7484 2197
7485 2197
7486 2199
7487 2200
7488 2715
7489 2204
7490 2204
7491 2205
7492 2205
7493 2205
7494 2205
7495 2206
7496 2382
7497 2210
7498 2214
7499 2217
7500 2987
7501 2217
7502 2256
7503 2217
7504 2217
7505 2217
7506 2217
7507 2217
7508 2217
7509 2217
7510 2806
7511 2652
7512 2217
7513 2217
7514 2602
7515 2217
7516 2218
7517 2219
7518 2219
7519 2221
7520 2223
7521 2223
7522 2224
7523 2224
7524 2224
7525 2225
7526 2419
7527 2228
7528 2228
7529 2228
7530 2228
7531 2228
7532 2228
7533 2228
7534 2228
7535 2228
7536 2228
7537 2228
7538 2228
7539 2228
7540 2228
7541 2230
7542 2230
7543 3070
7544 2230
7545 2230
7546 3051
7547 2230
7548 2230
7549 2230
7550 2230
7551 2230
7552 2813
7553 2230
7554 2230
7555 2230
7556 2230
7557 2230
7558 2235
7559 2235
7560 2235
7561 2236
7562 2236
7563 2236
7564 2237
7565 2708
7566 2259
7567 2238
7568 2529
7569 2242
7570 2243
7571 2426
7572 2243
7573 2393
7574 2245
7575 2245
7576 2246
7577 3053
7578 2246
7579 2246
7580 2246
7581 2246
7582 2747
7583 2247
7584 2250
7585 2251
7586 3274
7587 2825
7588 2575
7589 3085
7590 2256
7591 2256
7592 3252
7593 3101
7594 2256
7595 2256
7596 2256
7597 2256
7598 2256
7599 2256
7600 2256
7601 2256
7602 2260
7603 2260
7604 2260
7605 2260
7606 2260
7607 2260
7608 2261
7609 2261
7610 2261
7611 2261
7612 2262
7613 2263
7614 2264
7615 2264
7616 2264
7617 2264
7618 2264
7619 2266
7620 2266
7621 2266
7622 2360
7623 2266
7624 2266
7625 2266
7626 2266
7627 2266
7628 2266
7629 2266
7630 2862
7631 2266
7632 2266
7633 2448
7634 2266
7635 2266
7636 2266
7637 2553
7638 2266
7639 2401
7640 2266
7641 3078
7642 2267
7643 2267
7644 2267
7645 2267
7646 2267
7647 2267
7648 2268
7649 2269
7650 2270
7651 2270
7652 2470
7653 2273
7654 2273
7655 2275
7656 2276
7657 2277
7658 2278
7659 2279
7660 2279
7661 2282
7662 2282
7663 2283
7664 2284
7665 3140
7666 2284
7667 2428
7668 2295
7669 2468
7670 2286
7671 3143
7672 3183
7673 2286
7674 2287
7675 2287
7676 2292
7677 2293
7678 2293
7679 2294
7680 2295
7681 2295
7682 2298
7683 2298
7684 2299
7685 2299
7686 2299
7687 2299
7688 2403
7689 2299
7690 2418
7691 2303
7692 2639
7693 2303
7694 2303
7695 2303
7696 2303
7697 2304
7698 2304
7699 2304
7700 2305
7701 2305
7702 2305
7703 2305
7704 2306
7705 2450
7706 2309
7707 2309
7708 2725
7709 2310
7710 2310
7711 2364
7712 2315
7713 2315
7714 2706
7715 2853
7716 2315
7717 2315
7718 2315
7719 2315
7720 2315
7721 2315
7722 2315
7723 2317
7724 2514
7725 2317
7726 2318
7727 2319
7728 2319
7729 2319
7730 2319
7731 2321
7732 2322
7733 2322
7734 2322
7735 2325
7736 2325
7737 2325
7738 3150
7739 2325
7740 2407
7741 2329
7742 2329
7743 2329
7744 2329
7745 2329
7746 2329
7747 2329
7748 2596
7749 2329
7750 2663
7751 2329
7752 2329
7753 2329
7754 2329
7755 2329
7756 2329
7757 2329
7758 2329
7759 2329
7760 2330
7761 2331
7762 2331
7763 2331
7764 2375
7765 2462
7766 2333
7767 2333
7768 2333
7769 2333
7770 2333
7771 2335
7772 2335
7773 2335
7774 2342
7775 2342
7776 2342
7777 2345
7778 2345
7779 2345
7780 2345
7781 2346
7782 2346
7783 2348
7784 2487
7785 2354
7786 2354
7787 2355
7788 2357
7789 2357
7790 2357
7791 2357
7792 2357
7793 2357
7794 2357
7795 2357
7796 2358
7797 2358
7798 2360
7799 2361
7800 2615
7801 2361
7802 3041
7803 2361
7804 2361
7805 2646
7806 2361
7807 2361
7808 2361
7809 2577
7810 2362
7811 2362
7812 2363
7813 2363
7814 2363
7815 2363
7816 2363
7817 2363
7818 2363
7819 2363
7820 2363
7821 2363
7822 2363
7823 2363
7824 2363
7825 2363
7826 2363
7827 2363
7828 2363
7829 2363
7830 2363
7831 2363
7832 2363
7833 2363
7834 2363
7835 2363
7836 2363
7837 2363
7838 2363
7839 2363
7840 2363
7841 2363
7842 2395
7843 2363
7844 2363
7845 2363
7846 2363
7847 2363
7848 2661
7849 2363
7850 2363
7851 2363
7852 2363
7853 2363
7854 2363
7855 3259
7856 2363
7857 2437
7858 2364
7859 2364
7860 2364
7861 2364
7862 2364
7863 2364
7864 2367
7865 2367
7866 2367
7867 2368
7868 2368
7869 2368
7870 2373
7871 2368
7872 2851
7873 2368
7874 2368
7875 2368
7876 2368
7877 2750
7878 2368
7879 2719
7880 2368
7881 2368
7882 2368
7883 2368
7884 2815
7885 2368
7886 2368
7887 2368
7888 2369
7889 2414
7890 2371
7891 2371
7892 2375
7893 3061
7894 2951
7895 2381
7896 2382
7897 3086
7898 2383
7899 2387
7900 2387
7901 2387
7902 2388
7903 2723
7904 2391
7905 2392
7906 2392
7907 2497
7908 2393
7909 2630
7910 2396
7911 2396
7912 3054
7913 2396
7914 2963
7915 2398
7916 2398
7917 2870
7918 2402
7919 3073
7920 2405
7921 2408
7922 2409
7923 2409
7924 3206
7925 2465
7926 2409
7927 2409
7928 2409
7929 2410
7930 2410
7931 2413
7932 2415
7933 2417
7934 2418
7935 2419
7936 2419
7937 2419
7938 2419
7939 2419
7940 2419
7941 2419
7942 2420
7943 2420
7944 3175
7945 2420
7946 2420
7947 2420
7948 2420
7949 2420
7950 2420
7951 2420
7952 2420
7953 2420
7954 2420
7955 2420
7956 2420
7957 2420
7958 2420
7959 2420
7960 2420
7961 2420
7962 2420
7963 2420
7964 2420
7965 2780
7966 2420
7967 2420
7968 2420
7969 2420
7970 2420
7971 2420
7972 2420
7973 2420
7974 2844
7975 2420
7976 2420
7977 2420
7978 2420
7979 2420
7980 2420
7981 2420
7982 2420
7983 2420
7984 2420
7985 2420
7986 2420
7987 2420
7988 2420
7989 2420
7990 2420
7991 3122
7992 2420
7993 2420
7994 2420
7995 2420
7996 2420
7997 2420
7998 2420
7999 2420
8000 2593
8001 2420
8002 2420
8003 2420
8004 2420
8005 2420
8006 2420
8007 2648
8008 2420
8009 2420
8010 2420
8011 2420
8012 2420
8013 2420
8014 2420
8015 2420
8016 3029
8017 2420
8018 2420
8019 2420
8020 2420
8021 2420
8022 3292
8023 2777
8024 2420
8025 2420
8026 2420
8027 2420
8028 2420
8029 2420
8030 2420
8031 2420
8032 2420
8033 2420
8034 2420
8035 2420
8036 2420
8037 2420
8038 2583
8039 2420
8040 2420
8041 2420
8042 3287
8043 2608
8044 2420
8045 2420
8046 2429
8047 2420
8048 2420
8049 2420
8050 2420
8051 2420
8052 2420
8053 2420
8054 2420
8055 2420
8056 2657
8057 2420
8058 2420
8059 2420
8060 2420
8061 2420
8062 2489
8063 2420
8064 2420
8065 2420
8066 2420
8067 2420
8068 2773
8069 2420
8070 2420
8071 2420
8072 2420
8073 2420
8074 2420
8075 2420
8076 2420
8077 2421
8078 2866
8079 2421
8080 2423
8081 2423
8082 2423
8083 2423
8084 2423
8085 2423
8086 2423
8087 2423
8088 2424
8089 2425
8090 2427
8091 2427
8092 2427
8093 2427
8094 2428
8095 2428
8096 2428
8097 2430
8098 2430
8099 2430
8100 2430
8101 2431
8102 2432
8103 2432
8104 3286
8105 2437
8106 2439
8107 2439
8108 2722
8109 3026
8110 2442
8111 2442
8112 2442
8113 2442
8114 2442
8115 2444
8116 2445
8117 2445
8118 2445
8119 2557
8120 2445
8121 2445
8122 2445
8123 3120
8124 2445
8125 2445
8126 2445
8127 2445
8128 2445
8129 2448
8130 2448
8131 2448
8132 2451
8133 2451
8134 2937
8135 2452
8136 2452
8137 2453
8138 2453
8139 2809
8140 2453
8141 2453
8142 2453
8143 2453
8144 2453
8145 2455
8146 2455
8147 2455
8148 2458
8149 2458
8150 2743
8151 2459
8152 2460
8153 2461
8154 2463
8155 2464
8156 2595
8157 2465
8158 2678
8159 2467
8160 2467
8161 2468
8162 2468
8163 2470
8164 2470
8165 2470
8166 2470
8167 2471
8168 2473
8169 2473
8170 2473
8171 2473
8172 2473
8173 2473
8174 2473
8175 2473
8176 2473
8177 2473
8178 2473
8179 2473
8180 2473
8181 3113
8182 2474
8183 2474
8184 2810
8185 2610
8186 2481
8187 2481
8188 2481
8189 2481
8190 2481
8191 2481
8192 2483
8193 2483
8194 2483
8195 2925
8196 2486
8197 2486
8198 2487
8199 2487
8200 2489
8201 2489
8202 2489
8203 2489
8204 2489
8205 2489
8206 2489
8207 2489
8208 2489
8209 2489
8210 2489
8211 2489
8212 2850
8213 2489
8214 2489
8215 2489
8216 2489
8217 2489
8218 2489
8219 2489
8220 2489
8221 2489
8222 2489
8223 2489
8224 2489
8225 2489
8226 2489
8227 2489
8228 2822
8229 2489
8230 2492
8231 2492
8232 2493
8233 2493
8234 2493
8235 2497
8236 2497
8237 2497
8238 2497
8239 2497
8240 2497
8241 2499
8242 2499
8243 2501
8244 2501
8245 3095
8246 2502
8247 2507
8248 2507
8249 2976
8250 2507
8251 2578
8252 2507
8253 2508
8254 2508
8255 2511
8256 2514
8257 2514
8258 2514
8259 2514
8260 2872
8261 2514
8262 2520
8263 2522
8264 2522
8265 2523
8266 3163
8267 2524
8268 2867
8269 2524
8270 2524
8271 2524
8272 2524
8273 2524
8274 2524
8275 2524
8276 2524
8277 2524
8278 3001
8279 2524
8280 2524
8281 2524
8282 2524
8283 2524
8284 2524
8285 2524
8286 2524
8287 2524
8288 2524
8289 2857
8290 2524
8291 2524
8292 2524
8293 2524
8294 2524
8295 2524
8296 2524
8297 2524
8298 2524
8299 2524
8300 2524
8301 2524
8302 2524
8303 2524
8304 2524
8305 2524
8306 2524
8307 2524
8308 2524
8309 2524
8310 2524
8311 2524
8312 2524
8313 2524
8314 2524
8315 2524
8316 2524
8317 2584
8318 2524
8319 2524
8320 2524
8321 2524
8322 2524
8323 2524
8324 2524
8325 2524
8326 2524
8327 2524
8328 2956
8329 2524
8330 2524
8331 2524
8332 2524
8333 2524
8334 2524
8335 2524
8336 2524
8337 2638
8338 3295
8339 2527
8340 3248
8341 2527
8342 2527
8343 2529
8344 2529
8345 2529
8346 2529
8347 2529
8348 2529
8349 2529
8350 2529
8351 2533
8352 2533
8353 2533
8354 2533
8355 2533
8356 2688
8357 2533
8358 2533
8359 2533
8360 2755
8361 2535
8362 2535
8363 2535
8364 3004
8365 2535
8366 2535
8367 2536
8368 2538
8369 2997
8370 2538
8371 2539
8372 2539
8373 2539
8374 2539
8375 2539
8376 2539
8377 2889
8378 2539
8379 2741
8380 2539
8381 2539
8382 2539
8383 2539
8384 2539
8385 2539
8386 2539
8387 3023
8388 2539
8389 2539
8390 2544
8391 2544
8392 2772
8393 2590
8394 2864
8395 2546
8396 2549
8397 2739
8398 2858
8399 2555
8400 3105
8401 2555
8402 2555
8403 3152
8404 2555
8405 2555
8406 2556
8407 2562
8408 2563
8409 2563
8410 3153
8411 2568
8412 2570
8413 2572
8414 2572
8415 2572
8416 2572
8417 2572
8418 2573
8419 2573
8420 2573
8421 2575
8422 2575
8423 2575
8424 2575
8425 2575
8426 2575
8427 2575
8428 2575
8429 2575
8430 2578
8431 2578
8432 2578
8433 2578
8434 2578
8435 2578
8436 2578
8437 2578
8438 2578
8439 2578
8440 2578
8441 2578
8442 2578
8443 2578
8444 2578
8445 2580
8446 2580
8447 2580
8448 2580
8449 2580
8450 2580
8451 2582
8452 2582
8453 2583
8454 2583
8455 3195
8456 2583
8457 2583
8458 2583
8459 2583
8460 2689
8461 2586
8462 2586
8463 2586
8464 2586
8465 2586
8466 2586
8467 2587
8468 2587
8469 2588
8470 2588
8471 2588
8472 2591
8473 2592
8474 2593
8475 3010
8476 2594
8477 2594
8478 2594
8479 2597
8480 2597
8481 2597
8482 2597
8483 2597
8484 3237
8485 2599
8486 2599
8487 2599
8488 3062
8489 2599
8490 2599
8491 2599
8492 2600
8493 2600
8494 2600
8495 2600
8496 2600
8497 2602
8498 2602
8499 2602
8500 2602
8501 2791
8502 2602
8503 2602
8504 2602
8505 2602
8506 2602
8507 2602
8508 2602
8509 2602
8510 2602
8511 2602
8512 2602
8513 2602
8514 2605
8515 2606
8516 2608
8517 2608
8518 2608
8519 2608
8520 3229
8521 2608
8522 3030
8523 2608
8524 2608
8525 2608
8526 2608
8527 2608
8528 2608
8529 2608
8530 2612
8531 2612
8532 2613
8533 2616
8534 2616
8535 2618
8536 2618
8537 2618
8538 2622
8539 2624
8540 2624
8541 2625
8542 2628
8543 2628
8544 2628
8545 2628
8546 2632
8547 2632
8548 2632
8549 2632
8550 3072
8551 2632
8552 2632
8553 2634
8554 2776
8555 2635
8556 2635
8557 2635
8558 2637
8559 2642
8560 2642
8561 2644
8562 2644
8563 2644
8564 2646
8565 2647
8566 2650
8567 3056
8568 2650
8569 2651
8570 2651
8571 2651
8572 3094
8573 2651
8574 2704
8575 2652
8576 2659
8577 2660
8578 2661
8579 2661
8580 2661
8581 2661
8582 2661
8583 2663
8584 2663
8585 2663
8586 2664
8587 2664
8588 2664
8589 2666
8590 2668
8591 2668
8592 2668
8593 2668
8594 2668
8595 2668
8596 2668
8597 2668
8598 2668
8599 2668
8600 3277
8601 2668
8602 2668
8603 2668
8604 2668
8605 2668
8606 2668
8607 2668
8608 2695
8609 2668
8610 2668
8611 2668
8612 2668
8613 2668
8614 2669
8615 2669
8616 2670
8617 2670
8618 2673
8619 2675
8620 2676
8621 3038
8622 2682
8623 2683
8624 2683
8625 2683
8626 2685
8627 2685
8628 2685
8629 2685
8630 2685
8631 2688
8632 2688
8633 2688
8634 2688
8635 2688
8636 3146
8637 2688
8638 2688
8639 2690
8640 2944
8641 2690
8642 2691
8643 2692
8644 2692
8645 2692
8646 2694
8647 2695
8648 2697
8649 2698
8650 2699
8651 2701
8652 2703
8653 2703
8654 2703
8655 2704
8656 2704
8657 2704
8658 2704
8659 2704
8660 2704
8661 2704
8662 2704
8663 2712
8664 2712
8665 2712
8666 2712
8667 2712
8668 2712
8669 2712
8670 2712
8671 2712
8672 2712
8673 2712
8674 2712
8675 2712
8676 2712
8677 2712
8678 2712
8679 2712
8680 2712
8681 2712
8682 2712
8683 2712
8684 2712
8685 2712
8686 2712
8687 2712
8688 2712
8689 2712
8690 2712
8691 3117
8692 2712
8693 2712
8694 2712
8695 2712
8696 2712
8697 2712
8698 2712
8699 2712
8700 2712
8701 2712
8702 2819
8703 2856
8704 2713
8705 2713
8706 2713
8707 2713
8708 2716
8709 2717
8710 2717
8711 2719
8712 2720
8713 2720
8714 2720
8715 2720
8716 2720
8717 2782
8718 2722
8719 2722
8720 2723
8721 2726
8722 2726
8723 2726
8724 2726
8725 2727
8726 2727
8727 2729
8728 2730
8729 2730
8730 2731
8731 2731
8732 2731
8733 2787
8734 3076
8735 3097
8736 2735
8737 2735
8738 2735
8739 2735
8740 2735
8741 2735
8742 2735
8743 2735
8744 2735
8745 2735
8746 2897
8747 2735
8748 2735
8749 2735
8750 2735
8751 2736
8752 2736
8753 2736
8754 2737
8755 2738
8756 2738
8757 2738
8758 2738
8759 3065
8760 2738
8761 2912
8762 2738
8763 2738
8764 2738
8765 2738
8766 2738
8767 2738
8768 2738
8769 2945
8770 2738
8771 2738
8772 2738
8773 2738
8774 2738
8775 2763
8776 2738
8777 2738
8778 2738
8779 2738
8780 2738
8781 2739
8782 3232
8783 2739
8784 2741
8785 2744
8786 2744
8787 2744
8788 2744
8789 2744
8790 2745
8791 2745
8792 2746
8793 2746
8794 2746
8795 2746
8796 2748
8797 2750
8798 2750
8799 2750
8800 2751
8801 2752
8802 2754
8803 2755
8804 2756
8805 2756
8806 2756
8807 2756
8808 2760
8809 2760
8810 2760
8811 2760
8812 2760
8813 2760
8814 2760
8815 2760
8816 2760
8817 2760
8818 2760
8819 2760
8820 2760
8821 2760
8822 2760
8823 2760
8824 2760
8825 2760
8826 2760
8827 2760
8828 3058
8829 2760
8830 2763
8831 2765
8832 2766
8833 2766
8834 2766
8835 3128
8836 2767
8837 2831
8838 2767
8839 2767
8840 2767
8841 2767
8842 2767
8843 2767
8844 2767
8845 2767
8846 2769
8847 2771
8848 2771
8849 2771
8850 2771
8851 2771
8852 2772
8853 3059
8854 2773
8855 2773
8856 2774
8857 2775
8858 2776
8859 2782
8860 2782
8861 2782
8862 2783
8863 2783
8864 2783
8865 2784
8866 2785
8867 2786
8868 2788
8869 2788
8870 2788
8871 2788
8872 2788
8873 3169
8874 2798
8875 2798
8876 2798
8877 2798
8878 2798
8879 2888
8880 2799
8881 2800
8882 2929
8883 2806
8884 2810
8885 2810
8886 2811
8887 2811
8888 2811
8889 2811
8890 2812
8891 2812
8892 2813
8893 2813
8894 2815
8895 2816
8896 2816
8897 2818
8898 2821
8899 2822
8900 2822
8901 2822
8902 2823
8903 2823
8904 2825
8905 2828
8906 2829
8907 2829
8908 2829
8909 2926
8910 2832
8911 2832
8912 2833
8913 2834
8914 2834
8915 2840
8916 2840
8917 2840
8918 2840
8919 2840
8920 2840
8921 2840
8922 2840
8923 2841
8924 2843
8925 2844
8926 2846
8927 3190
8928 2847
8929 2847
8930 2847
8931 2847
8932 2847
8933 2847
8934 2847
8935 2847
8936 2847
8937 2847
8938 2847
8939 2847
8940 2848
8941 2848
8942 2848
8943 2848
8944 2848
8945 2848
8946 2849
8947 2849
8948 2849
8949 2850
8950 2852
8951 2852
8952 2853
8953 2854
8954 2856
8955 2856
8956 2858
8957 2859
8958 2859
8959 2863
8960 2864
8961 2866
8962 2936
8963 2867
8964 2867
8965 2867
8966 2867
8967 2874
8968 2874
8969 2874
8970 2874
8971 2874
8972 2874
8973 2875
8974 2886
8975 2890
8976 2890
8977 2891
8978 2891
8979 2892
8980 2892
8981 2892
8982 2892
8983 2892
8984 2892
8985 2892
8986 2892
8987 2892
8988 2892
8989 2892
8990 2892
8991 2892
8992 2892
8993 2892
8994 2892
8995 2892
8996 2892
8997 2892
8998 2892
8999 2892
9000 2892
9001 2892
9002 3166
9003 3177
9004 2892
9005 2892
9006 2892
9007 2892
9008 2892
9009 3055
9010 2892
9011 2892
9012 2892
9013 2892
9014 2892
9015 2892
9016 2892
9017 2892
9018 2892
9019 2892
9020 3125
9021 2892
9022 2892
9023 2892
9024 2892
9025 2892
9026 2892
9027 2892
9028 2892
9029 2892
9030 2892
9031 2892
9032 2892
9033 2892
9034 2892
9035 2892
9036 2892
9037 2892
9038 2892
9039 2892
9040 2892
9041 2892
9042 2892
9043 2893
9044 2893
9045 2893
9046 2894
9047 2894
9048 2895
9049 2895
9050 2895
9051 2895
9052 2895
9053 2895
9054 2898
9055 2898
9056 2901
9057 2901
9058 2901
9059 2902
9060 2902
9061 2902
9062 2902
9063 2903
9064 2904
9065 2905
9066 2905
9067 2906
9068 2909
9069 2910
9070 2910
9071 2910
9072 2910
9073 2910
9074 2910
9075 2910
9076 2910
9077 2912
9078 2912
9079 2914
9080 2914
9081 2915
9082 2915
9083 2915
9084 2915
9085 2915
9086 2915
9087 2915
9088 2915
9089 2915
9090 2918
9091 2918
9092 2918
9093 2922
9094 2919
9095 2920
9096 2920
9097 2920
9098 3189
9099 2920
9100 2920
9101 2920
9102 2920
9103 2921
9104 2921
9105 2923
9106 2924
9107 2933
9108 2933
9109 2933
9110 2933
9111 2933
9112 2935
9113 3194
9114 2939
9115 2939
9116 2939
9117 2939
9118 2939
9119 2940
9120 2941
9121 2941
9122 2941
9123 2941
9124 3217
9125 2946
9126 2946
9127 2946
9128 2946
9129 2946
9130 2946
9131 2946
9132 2946
9133 2946
9134 2946
9135 2946
9136 2947
9137 2947
9138 2947
9139 2948
9140 2948
9141 2949
9142 2951
9143 2956
9144 2956
9145 2957
9146 2958
9147 2958
9148 2959
9149 2959
9150 2959
9151 2959
9152 2962
9153 3224
9154 2962
9155 2962
9156 3024
9157 2967
9158 2967
9159 2967
9160 2968
9161 2968
9162 2970
9163 2970
9164 2970
9165 2970
9166 2970
9167 2970
9168 2973
9169 2972
9170 2972
9171 2972
9172 2972
9173 2972
9174 2972
9175 2972
9176 2972
9177 2974
9178 2974
9179 2975
9180 2975
9181 2975
9182 2975
9183 2975
9184 2977
9185 2977
9186 2977
9187 2977
9188 2977
9189 2977
9190 2977
9191 2978
9192 3142
9193 2979
9194 3285
9195 2980
9196 2980
9197 2981
9198 2981
9199 2981
9200 2981
9201 2981
9202 2981
9203 2981
9204 2981
9205 2981
9206 2981
9207 2981
9208 2981
9209 2981
9210 2981
9211 2981
9212 2984
9213 2987
9214 2987
9215 2988
9216 2988
9217 2988
9218 2988
9219 2989
9220 3164
9221 2990
9222 2990
9223 2990
9224 2990
9225 2990
9226 2991
9227 2995
9228 2995
9229 2995
9230 2995
9231 2995
9232 2995
9233 2995
9234 2995
9235 3296
9236 2995
9237 2995
9238 2998
9239 2998
9240 3045
9241 2998
9242 2998
9243 3003
9244 3003
9245 3003
9246 3003
9247 3004
9248 3006
9249 3007
9250 3010
9251 3010
9252 3010
9253 3011
9254 3012
9255 3012
9256 3012
9257 3012
9258 3012
9259 3012
9260 3012
9261 3013
9262 3013
9263 3013
9264 3014
9265 3014
9266 3014
9267 3063
9268 3018
9269 3021
9270 3021
9271 3022
9272 3023
9273 3023
9274 3024
9275 3025
9276 3029
9277 3029
9278 3029
9279 3029
9280 3029
9281 3029
9282 3029
9283 3029
9284 3029
9285 3031
9286 3033
9287 3035
9288 3039
9289 3039
9290 3039
9291 3039
9292 3039
9293 3039
9294 3039
9295 3039
9296 3151
9297 3039
9298 3039
9299 3039
9300 3039
9301 3039
9302 3155
9303 3039
9304 3039
9305 3039
9306 3039
9307 3039
9308 3039
9309 3039
9310 3039
9311 3039
9312 3039
9313 3039
9314 3039
9315 3039
9316 3039
9317 3039
9318 3039
9319 3039
9320 3215
9321 3039
9322 3039
9323 3039
9324 3039
9325 3039
9326 3039
9327 3039
9328 3039
9329 3039
9330 3039
9331 3039
9332 3039
9333 3039
9334 3039
9335 3039
9336 3039
9337 3039
9338 3197
9339 3039
9340 3039
9341 3039
9342 3039
9343 3039
9344 3039
9345 3039
9346 3039
9347 3039
9348 3039
9349 3039
9350 3039
9351 3039
9352 3039
9353 3039
9354 3039
9355 3039
9356 3039
9357 3039
9358 3109
9359 3039
9360 3185
9361 3039
9362 3039
9363 3039
9364 3042
9365 3042
9366 3042
9367 3042
9368 3042
9369 3045
9370 3048
9371 3174
9372 3049
9373 3051
9374 3052
9375 3053
9376 3053
9377 3053
9378 3053
9379 3053
9380 3053
9381 3053
9382 3053
9383 3053
9384 3053
9385 3053
9386 3056
9387 3058
9388 3058
9389 3059
9390 3059
9391 3080
9392 3059
9393 3059
9394 3059
9395 3059
9396 3059
9397 3059
9398 3059
9399 3059
9400 3060
9401 3060
9402 3060
9403 3060
9404 3060
9405 3060
9406 3060
9407 3060
9408 3060
9409 3062
9410 3062
9411 3062
9412 3062
9413 3062
9414 3062
9415 3062
9416 3062
9417 3062
9418 3062
9419 3062
9420 3062
9421 3062
9422 3062
9423 3062
9424 3062
9425 3062
9426 3112
9427 3068
9428 3068
9429 3068
9430 3068
9431 3068
9432 3068
9433 3068
9434 3088
9435 3068
9436 3068
9437 3068
9438 3227
9439 3069
9440 3069
9441 3250
9442 3069
9443 3069
9444 3070
9445 3070
9446 3070
9447 3070
9448 3070
9449 3070
9450 3070
9451 3070
9452 3070
9453 3070
9454 3070
9455 3070
9456 3070
9457 3070
9458 3070
9459 3070
9460 3070
9461 3070
9462 3070
9463 3070
9464 3070
9465 3070
9466 3127
9467 3070
9468 3070
9469 3070
9470 3070
9471 3070
9472 3070
9473 3070
9474 3070
9475 3081
9476 3070
9477 3070
9478 3070
9479 3070
9480 3070
9481 3070
9482 3070
9483 3070
9484 3245
9485 3070
9486 3070
9487 3070
9488 3070
9489 3070
9490 3070
9491 3070
9492 3070
9493 3070
9494 3070
9495 3070
9496 3070
9497 3070
9498 3070
9499 3098
9500 3070
9501 3070
9502 3070
9503 3070
9504 3070
9505 3070
9506 3070
9507 3070
9508 3070
9509 3070
9510 3070
9511 3070
9512 3070
9513 3070
9514 3211
9515 3070
9516 3070
9517 3070
9518 3070
9519 3070
9520 3070
9521 3071
9522 3071
9523 3073
9524 3076
9525 3077
9526 3077
9527 3080
9528 3080
9529 3083
9530 3084
9531 3085
9532 3187
9533 3087
9534 3089
9535 3089
9536 3089
9537 3089
9538 3090
9539 3184
9540 3090
9541 3182
9542 3091
9543 3093
9544 3093
9545 3094
9546 3096
9547 3098
9548 3098
9549 3098
9550 3098
9551 3098
9552 3098
9553 3098
9554 3098
9555 3099
9556 3099
9557 3099
9558 3099
9559 3099
9560 3099
9561 3099
9562 3099
9563 3099
9564 3099
9565 3099
9566 3099
9567 3099
9568 3099
9569 3099
9570 3101
9571 3103
9572 3103
9573 3103
9574 3104
9575 3109
9576 3109
9577 3109
9578 3112
9579 3112
9580 3113
9581 3113
9582 3115
9583 3115
9584 3116
9585 3117
9586 3118
9587 3120
9588 3200
9589 3122
9590 3122
9591 3122
9592 3122
9593 3122
9594 3122
9595 3124
9596 3125
9597 3129
9598 3135
9599 3135
9600 3135
9601 3135
9602 3135
9603 3135
9604 3135
9605 3135
9606 3139
9607 3139
9608 3139
9609 3269
9610 3176
9611 3140
9612 3148
9613 3144
9614 3144
9615 3144
9616 3144
9617 3144
9618 3145
9619 3145
9620 3167
9621 3145
9622 3170
9623 3147
9624 3147
9625 3147
9626 3149
9627 3149
9628 3150
9629 3150
9630 3150
9631 3150
9632 3153
9633 3153
9634 3153
9635 3153
9636 3154
9637 3155
9638 3155
9639 3156
9640 3159
9641 3159
9642 3168
9643 3159
9644 3159
9645 3159
9646 3159
9647 3159
9648 3159
9649 3159
9650 3159
9651 3159
9652 3159
9653 3159
9654 3159
9655 3160
9656 3160
9657 3160
9658 3165
9659 3165
9660 3302
9661 3165
9662 3168
9663 3168
9664 3168
9665 3170
9666 3170
9667 3170
9668 3171
9669 3171
9670 3172
9671 3172
9672 3172
9673 3172
9674 3174
9675 3174
9676 3174
9677 3175
9678 3176
9679 3176
9680 3176
9681 3178
9682 3178
9683 3178
9684 3178
9685 3228
9686 3178
9687 3178
9688 3180
9689 3180
9690 3180
9691 3180
9692 3180
9693 3180
9694 3180
9695 3180
9696 3180
9697 3180
9698 3207
9699 3184
9700 3184
9701 3188
9702 3188
9703 3188
9704 3188
9705 3188
9706 3188
9707 3188
9708 3188
9709 3188
9710 3188
9711 3188
9712 3188
9713 3192
9714 3193
9715 3193
9716 3194
9717 3195
9718 3196
9719 3196
9720 3196
9721 3196
9722 3196
9723 3196
9724 3196
9725 3196
9726 3196
9727 3196
9728 3198
9729 3198
9730 3198
9731 3198
9732 3198
9733 3198
9734 3198
9735 3198
9736 3198
9737 3199
9738 3199
9739 3199
9740 3199
9741 3210
9742 3200
9743 3200
9744 3201
9745 3202
9746 3202
9747 3202
9748 3202
9749 3202
9750 3202
9751 3202
9752 3202
9753 3202
9754 3202
9755 3202
9756 3202
9757 3202
9758 3202
9759 3204
9760 3204
9761 3204
9762 3204
9763 3204
9764 3204
9765 3204
9766 3204
9767 3204
9768 3211
9769 3212
9770 3212
9771 3212
9772 3212
9773 3212
9774 3213
9775 3213
9776 3213
9777 3214
9778 3214
9779 3215
9780 3215
9781 3233
9782 3215
9783 3215
9784 3215
9785 3215
9786 3215
9787 3216
9788 3216
9789 3293
9790 3216
9791 3216
9792 3216
9793 3216
9794 3216
9795 3216
9796 3216
9797 3216
9798 3216
9799 3216
9800 3216
9801 3217
9802 3217
9803 3217
9804 3217
9805 3217
9806 3217
9807 3219
9808 3219
9809 3219
9810 3219
9811 3219
9812 3219
9813 3219
9814 3219
9815 3219
9816 3219
9817 3219
9818 3219
9819 3219
9820 3219
9821 3219
9822 3219
9823 3219
9824 3219
9825 3219
9826 3219
9827 3219
9828 3219
9829 3219
9830 3219
9831 3219
9832 3221
9833 3225
9834 3225
9835 3227
9836 3228
9837 3228
9838 3228
9839 3228
9840 3228
9841 3228
9842 3228
9843 3229
9844 3229
9845 3229
9846 3229
9847 3234
9848 3234
9849 3234
9850 3234
9851 3234
9852 3234
9853 3234
9854 3234
9855 3234
9856 3234
9857 3234
9858 3236
9859 3236
9860 3236
9861 3236
9862 3236
9863 3236
9864 3236
9865 3236
9866 3236
9867 3236
9868 3236
9869 3236
9870 3236
9871 3242
9872 3242
9873 3244
9874 3245
9875 3247
9876 3248
9877 3256
9878 3256
9879 3256
9880 3256
9881 3258
9882 3258
9883 3258
9884 3258
9885 3258
9886 3258
9887 3258
9888 3259
9889 3261
9890 3261
9891 3265
9892 3265
9893 3265
9894 3266
9895 3267
9896 3271
9897 3273
9898 3273
9899 3274
9900 3280
9901 3280
9902 3280
9903 3280
9904 3280
9905 3280
9906 3280
9907 3280
9908 3280
9909 3280
9910 3280
9911 3280
9912 3280
9913 3280
9914 3280
9915 3280
9916 3280
9917 3280
9918 3280
9919 3280
9920 3280
9921 3280
9922 3280
9923 3280
9924 3280
9925 3280
9926 3280
9927 3280
9928 3280
9929 3280
9930 3280
9931 3280
9932 3280
9933 3280
9934 3280
9935 3280
9936 3280
9937 3280
9938 3280
9939 3280
9940 3280
9941 3280
9942 3280
9943 3280
9944 3280
9945 3280
9946 3280
9947 3284
9948 3284
9949 3284
9950 3284
9951 3284
9952 3284
9953 3284
9954 3284
9955 3284
9956 3284
9957 3284
9958 3284
9959 3285
9960 3286
9961 3286
9962 3286
9963 3290
9964 3291
9965 3293
9966 3293
9967 3294
9968 3294
9969 3294
9970 3296
9971 3296
9972 3296
9973 3299
9974 3299
9975 3299
9976 3299
9977 3299
9978 3299
9979 3299
9980 3299
9981 3299
9982 3299
9983 3299
9984 3300
9985 3300
9986 3300
9987 3300
9988 3300
9989 3300
9990 3300
9991 3300
9992 3300
9993 3300
9994 3300
9995 3300
9996 3300
9997 3301
9998 3302
9999 3302
