10000 9999
1 0
2 0
3 2
4 0
5 4
6 3
7 2
8 7
9 7
10 4
11 1
12 3
13 3
14 7
15 2
16 12
17 13
18 17
19 8
20 9
21 3
22 18
23 18
24 14
25 19
26 24
27 17
28 24
29 8
30 24
31 28
32 27
33 24
34 27
35 24
36 17
37 24
38 24
39 17
40 39
41 21
42 27
43 4
44 38
45 41
46 12
47 45
48 16
49 27
50 25
51 29
52 46
53 49
54 49
55 27
56 27
57 49
58 49
59 14
60 2
61 41
62 49
63 32
64 42
65 49
66 14
67 14
68 49
69 27
70 35
71 24
72 63
73 32
74 49
75 24
76 44
77 24
78 74
79 60
80 24
81 52
82 80
83 24
84 24
85 49
86 79
87 14
88 3
89 17
90 80
91 68
92 58
93 42
94 49
95 63
96 49
97 93
98 36
99 80
100 83
101 73
102 55
103 49
104 48
105 90
106 27
107 55
108 107
109 44
110 18
111 24
112 101
113 40
114 17
115 14
116 25
117 115
118 115
119 49
120 97
121 14
122 80
123 2
124 49
125 62
126 29
127 83
128 115
129 64
130 80
131 45
132 14
133 114
134 108
135 70
136 28
137 45
138 55
139 81
140 17
141 136
142 27
143 64
144 115
145 144
146 131
147 12
148 94
149 80
150 49
151 149
152 114
153 56
154 147
155 144
156 135
157 144
158 71
159 115
160 114
161 139
162 87
163 144
164 49
165 108
166 14
167 63
168 149
169 116
170 77
171 144
172 121
173 94
174 104
175 28
176 142
177 14
178 133
179 124
180 136
181 43
182 29
183 49
184 125
185 49
186 91
187 149
188 138
189 174
190 14
191 138
192 147
193 160
194 26
195 45
196 83
197 37
198 115
199 138
200 174
201 47
202 174
203 174
204 138
205 114
206 92
207 16
208 191
209 29
210 135
211 144
212 138
213 174
214 17
215 24
216 115
217 144
218 121
219 107
220 198
221 201
222 18
223 94
224 209
225 96
226 110
227 144
228 148
229 116
230 210
231 95
232 213
233 223
234 144
235 122
236 83
237 92
238 56
239 208
240 144
241 168
242 81
243 203
244 117
245 217
246 217
247 138
248 144
249 234
250 172
251 173
252 10
253 94
254 5
255 236
256 226
257 103
258 155
259 213
260 138
261 229
262 44
263 227
264 58
265 202
266 186
267 264
268 144
269 45
270 69
271 144
272 214
273 26
274 174
275 14
276 195
277 61
278 144
279 111
280 45
281 101
282 206
283 35
284 238
285 198
286 247
287 275
288 139
289 46
290 115
291 137
292 234
293 14
294 67
295 279
296 231
297 49
298 264
299 228
300 279
301 63
302 301
303 251
304 49
305 81
306 14
307 129
308 174
309 49
310 192
311 116
312 40
313 144
314 197
315 183
316 15
317 287
318 104
319 312
320 139
321 202
322 219
323 158
324 202
325 138
326 141
327 279
328 174
329 174
330 63
331 311
332 288
333 274
334 293
335 279
336 49
337 205
338 315
339 293
340 27
341 45
342 49
343 237
344 215
345 210
346 59
347 293
348 179
349 317
350 129
351 322
352 33
353 100
354 49
355 178
356 279
357 338
358 135
359 49
360 115
361 14
362 144
363 279
364 30
365 49
366 49
367 208
368 279
369 279
370 108
371 344
372 201
373 329
374 331
375 293
376 240
377 340
378 229
379 65
380 124
381 279
382 24
383 290
384 75
385 279
386 210
387 137
388 260
389 274
390 230
391 179
392 376
393 223
394 392
395 53
396 373
397 346
398 144
399 201
400 304
401 394
402 63
403 298
404 324
405 56
406 218
407 41
408 279
409 80
410 229
411 270
412 51
413 201
414 148
415 124
416 144
417 49
418 302
419 148
420 111
421 309
422 174
423 156
424 277
425 410
426 331
427 158
428 115
429 293
430 116
431 145
432 144
433 280
434 380
435 308
436 66
437 279
438 61
439 237
440 359
441 389
442 194
443 274
444 367
445 436
446 379
447 376
448 183
449 397
450 321
451 302
452 116
453 102
454 196
455 218
456 144
457 142
458 352
459 17
460 235
461 240
462 54
463 279
464 437
465 174
466 372
467 279
468 55
469 18
470 129
471 82
472 470
473 337
474 234
475 321
476 148
477 210
478 315
479 377
480 477
481 340
482 144
483 58
484 342
485 28
486 98
487 121
488 115
489 138
490 319
491 385
492 172
493 288
494 460
495 447
496 280
497 426
498 121
499 144
500 409
501 138
502 108
503 425
504 202
505 258
506 144
507 429
508 499
509 371
510 448
511 182
512 483
513 353
514 486
515 284
516 138
517 284
518 279
519 424
520 289
521 432
522 142
523 409
524 243
525 83
526 508
527 307
528 161
529 23
530 411
531 279
532 484
533 300
534 274
535 442
536 252
537 138
538 496
539 281
540 474
541 103
542 105
543 476
544 144
545 279
546 289
547 121
548 300
549 88
550 186
551 451
552 536
553 279
554 540
555 405
556 135
557 395
558 376
559 20
560 150
561 108
562 297
563 472
564 115
565 373
566 279
567 464
568 235
569 209
570 274
571 409
572 174
573 543
574 479
575 334
576 174
577 534
578 211
579 57
580 577
581 476
582 198
583 309
584 279
585 178
586 231
587 312
588 543
589 483
590 451
591 123
592 138
593 246
594 188
595 56
596 98
597 49
598 315
599 307
600 214
601 505
602 182
603 530
604 483
605 447
606 425
607 202
608 472
609 483
610 534
611 202
612 138
613 14
614 423
615 295
616 202
617 257
618 49
619 22
620 476
621 612
622 574
623 548
624 283
625 220
626 106
627 350
628 293
629 307
630 535
631 524
632 429
633 556
634 608
635 608
636 486
637 81
638 172
639 539
640 136
641 410
642 280
643 475
644 633
645 612
646 144
647 144
648 629
649 416
650 302
651 398
652 185
653 351
654 611
655 608
656 300
657 612
658 324
659 56
660 503
661 63
662 629
663 443
664 585
665 655
666 176
667 483
668 376
669 214
670 430
671 148
672 438
673 409
674 483
675 366
676 494
677 157
678 78
679 509
680 132
681 371
682 158
683 509
684 644
685 492
686 44
687 516
688 538
689 629
690 556
691 509
692 608
693 683
694 258
695 279
696 502
697 686
698 553
699 521
700 309
701 510
702 680
703 49
704 601
705 494
706 247
707 342
708 478
709 528
710 521
711 682
712 279
713 49
714 279
715 383
716 686
717 552
718 297
719 437
720 116
721 202
722 697
723 151
724 198
725 555
726 144
727 527
728 640
729 222
730 382
731 342
732 368
733 442
734 297
735 612
736 324
737 279
738 483
739 612
740 726
741 722
742 210
743 636
744 426
745 24
746 612
747 483
748 367
749 579
750 438
751 509
752 549
753 494
754 483
755 152
756 66
757 351
758 509
759 343
760 475
761 656
762 748
763 28
764 498
765 429
766 373
767 663
768 608
769 531
770 702
771 138
772 409
773 371
774 683
775 285
776 764
777 144
778 148
779 310
780 576
781 225
782 579
783 583
784 621
785 144
786 466
787 286
788 682
789 414
790 501
791 399
792 553
793 781
794 360
795 138
796 279
797 95
798 328
799 274
800 353
801 154
802 579
803 433
804 682
805 390
806 661
807 279
808 527
809 792
810 792
811 135
812 532
813 655
814 306
815 761
816 697
817 798
818 45
819 309
820 572
821 321
822 62
823 635
824 468
825 533
826 626
827 337
828 159
829 462
830 599
831 382
832 418
833 608
834 309
835 425
836 27
837 53
838 462
839 671
840 266
841 632
842 544
843 650
844 115
845 827
846 426
847 567
848 829
849 279
850 483
851 274
852 432
853 187
854 502
855 486
856 483
857 608
858 372
859 482
860 186
861 797
862 845
863 608
864 712
865 516
866 571
867 483
868 367
869 829
870 792
871 334
872 428
873 136
874 301
875 458
876 781
877 842
878 781
879 629
880 411
881 115
882 851
883 633
884 116
885 212
886 315
887 829
888 578
889 763
890 702
891 331
892 773
893 822
894 612
895 447
896 144
897 479
898 660
899 724
900 203
901 718
902 682
903 579
904 279
905 315
906 273
907 202
908 206
909 333
910 544
911 877
912 749
913 709
914 827
915 625
916 765
917 860
918 86
919 792
920 297
921 583
922 629
923 894
924 837
925 515
926 608
927 608
928 579
929 49
930 409
931 829
932 878
933 433
934 191
935 697
936 351
937 302
938 783
939 868
940 850
941 61
942 780
943 144
944 763
945 809
946 792
947 567
948 622
949 640
950 644
951 675
952 153
953 706
954 437
955 685
956 267
957 876
958 543
959 871
960 655
961 227
962 358
963 644
964 887
965 371
966 924
967 684
968 896
969 332
970 315
971 427
972 800
973 711
974 451
975 309
976 24
977 768
978 321
979 472
980 827
981 191
982 854
983 278
984 655
985 763
986 639
987 272
988 942
989 871
990 767
991 77
992 126
993 579
994 745
995 265
996 493
997 829
998 797
999 820
1000 507
1001 483
1002 124
1003 186
1004 682
1005 957
1006 975
1007 629
1008 170
1009 749
1010 977
1011 957
1012 191
1013 957
1014 136
1015 331
1016 957
1017 829
1018 410
1019 422
1020 131
1021 17
1022 957
1023 957
1024 984
1025 644
1026 279
1027 877
1028 585
1029 792
1030 771
1031 599
1032 977
1033 484
1034 425
1035 754
1036 38
1037 83
1038 805
1039 957
1040 315
1041 633
1042 790
1043 893
1044 1007
1045 201
1046 957
1047 957
1048 965
1049 94
1050 177
1051 957
1052 661
1053 996
1054 159
1055 579
1056 635
1057 425
1058 957
1059 827
1060 957
1061 1032
1062 467
1063 28
1064 1056
1065 579
1066 655
1067 373
1068 293
1069 1027
1070 873
1071 749
1072 634
1073 17
1074 797
1075 989
1076 321
1077 957
1078 682
1079 138
1080 995
1081 164
1082 995
1083 135
1084 279
1085 353
1086 763
1087 102
1088 644
1089 973
1090 580
1091 690
1092 957
1093 536
1094 212
1095 163
1096 590
1097 149
1098 458
1099 291
1100 472
1101 758
1102 792
1103 629
1104 788
1105 937
1106 744
1107 190
1108 737
1109 705
1110 1057
1111 980
1112 716
1113 644
1114 612
1115 118
1116 1043
1117 629
1118 683
1119 599
1120 988
1121 684
1122 316
1123 1022
1124 516
1125 181
1126 494
1127 957
1128 486
1129 957
1130 341
1131 618
1132 1038
1133 115
1134 517
1135 768
1136 776
1137 271
1138 578
1139 957
1140 957
1141 316
1142 483
1143 644
1144 957
1145 1094
1146 797
1147 622
1148 750
1149 1094
1150 1059
1151 827
1152 799
1153 783
1154 384
1155 28
1156 391
1157 242
1158 1033
1159 941
1160 653
1161 860
1162 1140
1163 951
1164 335
1165 100
1166 247
1167 871
1168 482
1169 373
1170 801
1171 202
1172 957
1173 608
1174 94
1175 579
1176 121
1177 840
1178 854
1179 298
1180 608
1181 148
1182 174
1183 807
1184 1033
1185 1090
1186 508
1187 778
1188 1051
1189 742
1190 490
1191 937
1192 961
1193 521
1194 725
1195 539
1196 1077
1197 626
1198 675
1199 361
1200 367
1201 1094
1202 957
1203 671
1204 1046
1205 867
1206 501
1207 410
1208 608
1209 827
1210 279
1211 177
1212 234
1213 829
1214 957
1215 957
1216 1141
1217 63
1218 941
1219 1068
1220 512
1221 86
1222 682
1223 201
1224 688
1225 1003
1226 902
1227 248
1228 669
1229 1118
1230 844
1231 864
1232 957
1233 1067
1234 957
1235 683
1236 957
1237 1033
1238 612
1239 957
1240 1090
1241 957
1242 1150
1243 972
1244 434
1245 710
1246 682
1247 683
1248 1223
1249 1108
1250 263
1251 869
1252 391
1253 1208
1254 279
1255 957
1256 829
1257 928
1258 113
1259 355
1260 784
1261 35
1262 314
1263 1120
1264 355
1265 1068
1266 593
1267 1208
1268 827
1269 1159
1270 644
1271 840
1272 860
1273 168
1274 1090
1275 955
1276 1192
1277 661
1278 995
1279 957
1280 494
1281 479
1282 323
1283 699
1284 278
1285 1077
1286 1053
1287 61
1288 763
1289 426
1290 1282
1291 497
1292 983
1293 337
1294 1006
1295 449
1296 927
1297 860
1298 1069
1299 1298
1300 682
1301 396
1302 934
1303 1277
1304 638
1305 898
1306 799
1307 346
1308 857
1309 1019
1310 822
1311 608
1312 731
1313 1020
1314 348
1315 896
1316 1212
1317 957
1318 31
1319 697
1320 955
1321 368
1322 635
1323 80
1324 250
1325 1120
1326 770
1327 633
1328 1298
1329 898
1330 445
1331 827
1332 1046
1333 279
1334 1298
1335 957
1336 1032
1337 622
1338 639
1339 1184
1340 828
1341 742
1342 957
1343 800
1344 988
1345 836
1346 957
1347 879
1348 318
1349 797
1350 1305
1351 1074
1352 1094
1353 674
1354 49
1355 957
1356 1283
1357 579
1358 1322
1359 1118
1360 957
1361 1269
1362 726
1363 1018
1364 302
1365 1297
1366 622
1367 829
1368 1150
1369 957
1370 596
1371 484
1372 1101
1373 957
1374 1016
1375 629
1376 612
1377 1250
1378 1315
1379 608
1380 1142
1381 1337
1382 806
1383 1298
1384 665
1385 294
1386 725
1387 704
1388 1309
1389 293
1390 580
1391 337
1392 957
1393 893
1394 934
1395 202
1396 367
1397 1121
1398 10
1399 357
1400 955
1401 1378
1402 957
1403 307
1404 629
1405 1298
1406 763
1407 772
1408 282
1409 827
1410 144
1411 483
1412 851
1413 116
1414 1346
1415 317
1416 553
1417 778
1418 1290
1419 363
1420 807
1421 965
1422 829
1423 996
1424 595
1425 1074
1426 957
1427 1181
1428 1342
1429 957
1430 202
1431 827
1432 957
1433 654
1434 234
1435 957
1436 655
1437 987
1438 579
1439 957
1440 279
1441 996
1442 847
1443 824
1444 912
1445 1009
1446 586
1447 1342
1448 367
1449 1248
1450 92
1451 1307
1452 863
1453 302
1454 1323
1455 1125
1456 447
1457 274
1458 1221
1459 1069
1460 1314
1461 1021
1462 995
1463 698
1464 1372
1465 966
1466 1003
1467 1148
1468 1021
1469 1225
1470 629
1471 483
1472 1298
1473 730
1474 1136
1475 1286
1476 49
1477 1344
1478 1356
1479 725
1480 302
1481 592
1482 1329
1483 1208
1484 1118
1485 1118
1486 930
1487 1331
1488 827
1489 1299
1490 829
1491 1251
1492 763
1493 1199
1494 279
1495 608
1496 421
1497 1386
1498 887
1499 1385
1500 579
1501 1455
1502 1120
1503 1007
1504 1298
1505 625
1506 1298
1507 1333
1508 1165
1509 383
1510 629
1511 978
1512 409
1513 1342
1514 608
1515 429
1516 1371
1517 1028
1518 317
1519 964
1520 763
1521 1488
1522 1491
1523 1411
1524 464
1525 368
1526 805
1527 957
1528 1361
1529 1268
1530 612
1531 567
1532 1295
1533 1178
1534 792
1535 279
1536 278
1537 877
1538 957
1539 1318
1540 456
1541 1208
1542 644
1543 515
1544 1452
1545 957
1546 1094
1547 1495
1548 1363
1549 622
1550 1094
1551 1550
1552 1102
1553 822
1554 872
1555 957
1556 957
1557 673
1558 803
1559 1492
1560 937
1561 138
1562 279
1563 1140
1564 1329
1565 829
1566 386
1567 839
1568 679
1569 1361
1570 640
1571 541
1572 1314
1573 114
1574 1230
1575 1037
1576 1531
1577 1024
1578 1298
1579 545
1580 1078
1581 1354
1582 1208
1583 79
1584 1094
1585 957
1586 1107
1587 446
1588 629
1589 395
1590 1151
1591 921
1592 577
1593 1557
1594 1040
1595 1565
1596 687
1597 1282
1598 1040
1599 579
1600 622
1601 1408
1602 1115
1603 1201
1604 98
1605 1061
1606 865
1607 933
1608 1026
1609 714
1610 221
1611 560
1612 115
1613 617
1614 1283
1615 1252
1616 1208
1617 957
1618 1298
1619 279
1620 957
1621 929
1622 594
1623 1094
1624 1262
1625 731
1626 1269
1627 1232
1628 601
1629 167
1630 417
1631 1561
1632 63
1633 1469
1634 234
1635 1574
1636 1149
1637 585
1638 1156
1639 445
1640 835
1641 1026
1642 827
1643 1461
1644 1507
1645 1427
1646 144
1647 664
1648 730
1649 1647
1650 1012
1651 957
1652 814
1653 1446
1654 653
1655 683
1656 1372
1657 1273
1658 1488
1659 1406
1660 1534
1661 1215
1662 644
1663 1521
1664 37
1665 688
1666 484
1667 1292
1668 1015
1669 1276
1670 483
1671 1488
1672 1321
1673 722
1674 1441
1675 636
1676 671
1677 1540
1678 629
1679 579
1680 1566
1681 1117
1682 1596
1683 1115
1684 1644
1685 1676
1686 1455
1687 1488
1688 978
1689 1118
1690 608
1691 957
1692 705
1693 1619
1694 1298
1695 1678
1696 1214
1697 1106
1698 1100
1699 697
1700 1118
1701 1298
1702 215
1703 1592
1704 604
1705 1182
1706 827
1707 534
1708 1143
1709 202
1710 1298
1711 1603
1712 1114
1713 1139
1714 592
1715 174
1716 851
1717 1186
1718 829
1719 947
1720 656
1721 788
1722 1575
1723 1681
1724 1304
1725 1574
1726 1000
1727 1561
1728 400
1729 1377
1730 1569
1731 1453
1732 1092
1733 1718
1734 1488
1735 957
1736 770
1737 464
1738 262
1739 1489
1740 1282
1741 903
1742 775
1743 488
1744 1644
1745 1353
1746 1141
1747 957
1748 626
1749 381
1750 1372
1751 1037
1752 1218
1753 629
1754 1684
1755 339
1756 957
1757 1647
1758 822
1759 1283
1760 1226
1761 1155
1762 352
1763 1536
1764 729
1765 767
1766 427
1767 253
1768 174
1769 440
1770 1511
1771 876
1772 1219
1773 583
1774 1413
1775 1550
1776 1561
1777 27
1778 1424
1779 1015
1780 750
1781 941
1782 883
1783 221
1784 138
1785 1573
1786 1317
1787 1006
1788 928
1789 274
1790 650
1791 1354
1792 1555
1793 1298
1794 823
1795 924
1796 1434
1797 956
1798 1217
1799 1758
1800 683
1801 432
1802 780
1803 1546
1804 1496
1805 1489
1806 1094
1807 1549
1808 1541
1809 1437
1810 957
1811 957
1812 1407
1813 1278
1814 1802
1815 277
1816 1791
1817 1121
1818 1662
1819 1735
1820 1251
1821 1305
1822 801
1823 960
1824 1820
1825 821
1826 1314
1827 1619
1828 681
1829 635
1830 49
1831 1012
1832 483
1833 1111
1834 274
1835 1524
1836 467
1837 451
1838 1561
1839 1816
1840 957
1841 957
1842 625
1843 1748
1844 349
1845 792
1846 1802
1847 1561
1848 1784
1849 922
1850 1329
1851 1455
1852 1543
1853 567
1854 864
1855 1318
1856 829
1857 1111
1858 1295
1859 1520
1860 431
1861 1802
1862 237
1863 1596
1864 947
1865 1391
1866 1092
1867 782
1868 316
1869 553
1870 566
1871 906
1872 957
1873 524
1874 45
1875 382
1876 1625
1877 372
1878 453
1879 1675
1880 1842
1881 1802
1882 1451
1883 1857
1884 1659
1885 1319
1886 144
1887 477
1888 1728
1889 498
1890 1151
1891 957
1892 957
1893 1208
1894 809
1895 936
1896 653
1897 470
1898 279
1899 715
1900 575
1901 1802
1902 608
1903 760
1904 880
1905 1877
1906 864
1907 1814
1908 1222
1909 995
1910 1770
1911 1562
1912 198
1913 1295
1914 1746
1915 1059
1916 1867
1917 472
1918 1802
1919 1546
1920 1059
1921 1848
1922 1402
1923 1684
1924 827
1925 1891
1926 443
1927 1873
1928 1181
1929 1362
1930 327
1931 1094
1932 1561
1933 1431
1934 49
1935 612
1936 457
1937 1802
1938 1208
1939 1028
1940 780
1941 1620
1942 1847
1943 1530
1944 324
1945 1283
1946 1094
1947 1777
1948 1052
1949 1865
1950 526
1951 1455
1952 426
1953 1492
1954 950
1955 913
1956 1298
1957 215
1958 957
1959 262
1960 1891
1961 1802
1962 390
1963 683
1964 371
1965 1252
1966 676
1967 590
1968 1518
1969 735
1970 1873
1971 1812
1972 1939
1973 1428
1974 568
1975 1551
1976 435
1977 1543
1978 1783
1979 503
1980 1354
1981 1882
1982 1743
1983 150
1984 1486
1985 1021
1986 683
1987 1329
1988 629
1989 358
1990 1908
1991 1943
1992 629
1993 1960
1994 957
1995 1954
1996 1802
1997 1867
1998 1207
1999 412
2000 1561
2001 1937
2002 1563
2003 1075
2004 608
2005 970
2006 928
2007 1873
2008 579
2009 1802
2010 654
2011 1907
2012 1094
2013 1802
2014 887
2015 1802
2016 1605
2017 1489
2018 1389
2019 1802
2020 560
2021 1784
2022 1577
2023 1988
2024 1832
2025 485
2026 1623
2027 1159
2028 1280
2029 957
2030 1582
2031 1221
2032 1238
2033 1641
2034 1262
2035 12
2036 279
2037 1298
2038 483
2039 1564
2040 1264
2041 1802
2042 1563
2043 633
2044 877
2045 597
2046 1961
2047 1652
2048 1392
2049 829
2050 1311
2051 1934
2052 247
2053 1372
2054 1036
2055 45
2056 373
2057 1802
2058 1728
2059 1517
2060 1867
2061 957
2062 1790
2063 1158
2064 1488
2065 1897
2066 1907
2067 1784
2068 957
2069 409
2070 1684
2071 1460
2072 1470
2073 2051
2074 759
2075 952
2076 179
2077 1329
2078 158
2079 1730
2080 916
2081 1384
2082 1798
2083 957
2084 245
2085 1094
2086 1012
2087 1301
2088 722
2089 929
2090 995
2091 989
2092 244
2093 459
2094 214
2095 302
2096 539
2097 957
2098 1891
2099 2048
2100 1802
2101 763
2102 1671
2103 1995
2104 683
2105 1802
2106 1817
2107 1412
2108 1338
2109 1233
2110 1186
2111 1541
2112 1124
2113 251
2114 376
2115 1698
2116 1027
2117 731
2118 582
2119 1258
2120 988
2121 876
2122 376
2123 1893
2124 1016
2125 702
2126 675
2127 845
2128 115
2129 1015
2130 1867
2131 1985
2132 2000
2133 1930
2134 193
2135 1948
2136 541
2137 1847
2138 680
2139 466
2140 1749
2141 279
2142 280
2143 642
2144 2007
2145 957
2146 1378
2147 481
2148 812
2149 1721
2150 1502
2151 1784
2152 848
2153 2090
2154 932
2155 1372
2156 467
2157 957
2158 1208
2159 1802
2160 1480
2161 309
2162 1315
2163 84
2164 814
2165 1721
2166 957
2167 1792
2168 2057
2169 2011
2170 2003
2171 790
2172 692
2173 2007
2174 1684
2175 367
2176 2100
2177 144
2178 1654
2179 1350
2180 683
2181 1673
2182 1438
2183 790
2184 532
2185 1728
2186 1907
2187 1536
2188 327
2189 215
2190 2152
2191 1867
2192 1821
2193 279
2194 1298
2195 824
2196 1192
2197 1235
2198 479
2199 1802
2200 1802
2201 527
2202 1190
2203 1391
2204 998
2205 2119
2206 1094
2207 1636
2208 1298
2209 1954
2210 462
2211 1867
2212 1902
2213 1378
2214 524
2215 2204
2216 346
2217 470
2218 957
2219 1320
2220 483
2221 1802
2222 1298
2223 1295
2224 2176
2225 957
2226 1438
2227 1434
2228 829
2229 1601
2230 483
2231 373
2232 2001
2233 1287
2234 1427
2235 2007
2236 2078
2237 1536
2238 741
2239 1916
2240 1383
2241 1526
2242 2152
2243 876
2244 1118
2245 1171
2246 1998
2247 778
2248 207
2249 1541
2250 1369
2251 890
2252 750
2253 1861
2254 1966
2255 977
2256 2236
2257 798
2258 1517
2259 273
2260 527
2261 1783
2262 1298
2263 1814
2264 2065
2265 1873
2266 1617
2267 655
2268 2007
2269 607
2270 1015
2271 2110
2272 1877
2273 937
2274 2258
2275 1592
2276 1501
2277 2086
2278 1094
2279 2163
2280 462
2281 948
2282 1015
2283 1991
2284 1932
2285 81
2286 2024
2287 749
2288 1591
2289 1891
2290 2253
2291 1485
2292 2188
2293 1094
2294 1802
2295 2233
2296 1772
2297 1076
2298 1961
2299 1108
2300 1769
2301 1543
2302 1583
2303 1488
2304 1979
2305 1716
2306 2298
2307 1298
2308 1095
2309 1330
2310 763
2311 1762
2312 2206
2313 1354
2314 472
2315 432
2316 1561
2317 1934
2318 1110
2319 1691
2320 572
2321 2192
2322 1350
2323 1002
2324 795
2325 2298
2326 748
2327 1036
2328 1455
2329 1074
2330 1895
2331 1980
2332 946
2333 2140
2334 1744
2335 1033
2336 589
2337 2294
2338 1755
2339 144
2340 683
2341 1867
2342 68
2343 1908
2344 2214
2345 811
2346 2152
2347 1094
2348 2307
2349 813
2350 280
2351 1488
2352 1249
2353 1802
2354 1403
2355 1912
2356 1523
2357 2324
2358 875
2359 1169
2360 107
2361 1802
2362 2019
2363 2360
2364 317
2365 1196
2366 581
2367 1468
2368 1985
2369 1561
2370 1990
2371 1298
2372 957
2373 682
2374 279
2375 1806
2376 1840
2377 1469
2378 372
2379 1802
2380 653
2381 1674
2382 1406
2383 579
2384 1575
2385 376
2386 1185
2387 1231
2388 1329
2389 2130
2390 1911
2391 812
2392 635
2393 1920
2394 14
2395 1679
2396 2259
2397 2367
2398 1388
2399 1671
2400 1118
2401 1282
2402 1639
2403 1312
2404 2008
2405 1645
2406 1709
2407 1802
2408 2100
2409 876
2410 2014
2411 2153
2412 841
2413 1790
2414 1427
2415 2361
2416 630
2417 1090
2418 1118
2419 1723
2420 116
2421 1664
2422 2024
2423 1234
2424 957
2425 484
2426 635
2427 1485
2428 1802
2429 373
2430 1802
2431 1224
2432 829
2433 2047
2434 1095
2435 2403
2436 1656
2437 1359
2438 1342
2439 766
2440 1169
2441 796
2442 667
2443 957
2444 1483
2445 2259
2446 1869
2447 622
2448 1035
2449 1492
2450 2409
2451 1954
2452 957
2453 957
2454 2186
2455 1276
2456 2024
2457 1455
2458 1450
2459 1577
2460 853
2461 2321
2462 1603
2463 1094
2464 2113
2465 144
2466 2224
2467 1094
2468 17
2469 204
2470 2175
2471 1575
2472 1793
2473 2298
2474 80
2475 241
2476 1573
2477 650
2478 1311
2479 2313
2480 2263
2481 2019
2482 1820
2483 622
2484 1489
2485 221
2486 2024
2487 1802
2488 2414
2489 1802
2490 1689
2491 829
2492 815
2493 1307
2494 1602
2495 1022
2496 1273
2497 1303
2498 1645
2499 2291
2500 629
2501 1488
2502 2385
2503 2292
2504 2329
2505 957
2506 2176
2507 1500
2508 1802
2509 2370
2510 1958
2511 1810
2512 2424
2513 1298
2514 629
2515 2121
2516 2223
2517 2272
2518 2074
2519 1866
2520 261
2521 86
2522 1784
2523 381
2524 1649
2525 1561
2526 1882
2527 1220
2528 2408
2529 1861
2530 2524
2531 1094
2532 1802
2533 2045
2534 287
2535 809
2536 1768
2537 708
2538 1665
2539 1204
2540 1034
2541 573
2542 1995
2543 788
2544 2026
2545 417
2546 1350
2547 2191
2548 608
2549 1861
2550 2473
2551 1262
2552 1896
2553 1799
2554 733
2555 2479
2556 1885
2557 1898
2558 435
2559 1924
2560 1350
2561 1089
2562 1997
2563 2362
2564 2408
2565 937
2566 929
2567 2206
2568 2019
2569 2483
2570 1751
2571 128
2572 2358
2573 2179
2574 1059
2575 1874
2576 2441
2577 81
2578 1658
2579 1968
2580 957
2581 2159
2582 1096
2583 2580
2584 583
2585 2235
2586 1609
2587 827
2588 410
2589 2280
2590 1963
2591 1491
2592 978
2593 1033
2594 2386
2595 1321
2596 1283
2597 1595
2598 2179
2599 2086
2600 1051
2601 2479
2602 1728
2603 1485
2604 63
2605 2591
2606 1449
2607 685
2608 2127
2609 1489
2610 279
2611 1955
2612 682
2613 957
2614 1431
2615 215
2616 1543
2617 1943
2618 1321
2619 2163
2620 2163
2621 1094
2622 1639
2623 1988
2624 1356
2625 2095
2626 2038
2627 2473
2628 1463
2629 1704
2630 2408
2631 2624
2632 1740
2633 305
2634 1599
2635 186
2636 1771
2637 2270
2638 832
2639 973
2640 1892
2641 2279
2642 682
2643 2446
2644 749
2645 1635
2646 2422
2647 2533
2648 794
2649 2589
2650 2524
2651 1207
2652 957
2653 2024
2654 1462
2655 2013
2656 1941
2657 2526
2658 524
2659 268
2660 486
2661 2204
2662 2112
2663 2024
2664 685
2665 2473
2666 1907
2667 1561
2668 279
2669 1376
2670 1561
2671 2591
2672 2590
2673 957
2674 224
2675 1742
2676 390
2677 1784
2678 2045
2679 1550
2680 2036
2681 1588
2682 2591
2683 947
2684 2524
2685 2526
2686 1681
2687 1455
2688 1861
2689 2388
2690 1989
2691 1802
2692 2035
2693 2654
2694 610
2695 2226
2696 1867
2697 2206
2698 2230
2699 1491
2700 2317
2701 957
2702 1429
2703 957
2704 852
2705 1761
2706 2543
2707 2671
2708 752
2709 982
2710 957
2711 2649
2712 1721
2713 1942
2714 2408
2715 1311
2716 1006
2717 376
2718 739
2719 1637
2720 2099
2721 1801
2722 1113
2723 1628
2724 2640
2725 1298
2726 174
2727 1943
2728 159
2729 2428
2730 1302
2731 2591
2732 1298
2733 1616
2734 2041
2735 2596
2736 2482
2737 2489
2738 1665
2739 703
2740 934
2741 406
2742 2653
2743 1500
2744 274
2745 202
2746 1426
2747 2675
2748 2047
2749 1120
2750 1688
2751 1821
2752 1283
2753 2223
2754 1154
2755 2577
2756 1943
2757 1039
2758 410
2759 2023
2760 1464
2761 2601
2762 1918
2763 2591
2764 2287
2765 2617
2766 2577
2767 937
2768 2261
2769 1118
2770 2050
2771 648
2772 2745
2773 2338
2774 1762
2775 2686
2776 317
2777 332
2778 2313
2779 629
2780 2061
2781 2162
2782 2396
2783 2479
2784 655
2785 279
2786 2412
2787 1684
2788 2198
2789 1796
2790 1049
2791 644
2792 1671
2793 2278
2794 2652
2795 1021
2796 1802
2797 2443
2798 2190
2799 1190
2800 1094
2801 705
2802 239
2803 1874
2804 1791
2805 1720
2806 2293
2807 1710
2808 957
2809 2019
2810 1094
2811 1295
2812 1897
2813 2152
2814 315
2815 1646
2816 2179
2817 2152
2818 1329
2819 2238
2820 2019
2821 2699
2822 1580
2823 1135
2824 2596
2825 655
2826 1684
2827 2576
2828 1094
2829 2224
2830 805
2831 2809
2832 2591
2833 484
2834 2428
2835 920
2836 1406
2837 252
2838 1821
2839 2257
2840 2824
2841 2134
2842 775
2843 1691
2844 433
2845 649
2846 1867
2847 851
2848 1298
2849 1696
2850 2411
2851 1895
2852 1124
2853 1585
2854 2733
2855 2206
2856 1903
2857 2820
2858 2176
2859 144
2860 2817
2861 500
2862 388
2863 1802
2864 1573
2865 2800
2866 1398
2867 2396
2868 372
2869 1601
2870 1307
2871 2100
2872 2593
2873 2759
2874 1574
2875 2318
2876 1504
2877 2526
2878 1665
2879 322
2880 2259
2881 2748
2882 2193
2883 2204
2884 2163
2885 1694
2886 1357
2887 1488
2888 2261
2889 2387
2890 1590
2891 2019
2892 2526
2893 2887
2894 1701
2895 780
2896 1094
2897 1008
2898 2676
2899 1802
2900 1784
2901 750
2902 2004
2903 2313
2904 2114
2905 1967
2906 2181
2907 2393
2908 2356
2909 957
2910 834
2911 957
2912 2515
2913 1715
2914 913
2915 716
2916 1611
2917 1802
2918 1931
2919 1474
2920 957
2921 2176
2922 1636
2923 216
2924 957
2925 1781
2926 2745
2927 1953
2928 1998
2929 1691
2930 1719
2931 12
2932 2620
2933 514
2934 2722
2935 1849
2936 1560
2937 1757
2938 1907
2939 1892
2940 1079
2941 957
2942 1282
2943 596
2944 783
2945 2794
2946 2888
2947 1746
2948 536
2949 544
2950 2333
2951 1406
2952 1114
2953 1251
2954 1681
2955 1492
2956 29
2957 1211
2958 2926
2959 1991
2960 2118
2961 2534
2962 2521
2963 1930
2964 608
2965 2483
2966 2904
2967 957
2968 2929
2969 1077
2970 1672
2971 579
2972 2950
2973 996
2974 1298
2975 544
2976 2846
2977 1124
2978 2591
2979 1033
2980 2504
2981 1504
2982 2415
2983 49
2984 2038
2985 2823
2986 1407
2987 445
2988 1342
2989 387
2990 788
2991 2363
2992 1606
2993 2391
2994 2212
2995 947
2996 2100
2997 2080
2998 861
2999 937
3000 2128
3001 2463
3002 27
3003 2825
3004 2660
3005 2987
3006 2153
3007 1873
3008 1263
3009 2072
3010 2076
3011 231
3012 2762
3013 2591
3014 2745
3015 2390
3016 2100
3017 1506
3018 2190
3019 232
3020 2524
3021 3009
3022 2039
3023 1511
3024 1791
3025 2309
3026 2793
3027 790
3028 418
3029 2594
3030 1293
3031 1883
3032 1492
3033 1611
3034 2939
3035 2234
3036 2786
3037 1006
3038 2364
3039 902
3040 1526
3041 1691
3042 1385
3043 2452
3044 2089
3045 1995
3046 1832
3047 1383
3048 629
3049 2636
3050 1684
3051 2987
3052 331
3053 2975
3054 2
3055 1525
3056 2989
3057 1441
3058 2404
3059 3025
3060 578
3061 829
3062 1799
3063 1299
3064 2261
3065 135
3066 1955
3067 1782
3068 2412
3069 2206
3070 1837
3071 1873
3072 2407
3073 957
3074 2640
3075 2653
3076 2095
3077 2878
3078 937
3079 2834
3080 978
3081 1556
3082 2924
3083 1455
3084 2366
3085 2908
3086 425
3087 2185
3088 2651
3089 884
3090 2309
3091 2583
3092 2279
3093 2757
3094 89
3095 864
3096 489
3097 1331
3098 2012
3099 2591
3100 534
3101 2655
3102 2942
3103 1167
3104 2893
3105 373
3106 2577
3107 2298
3108 2573
3109 2053
3110 2717
3111 1654
3112 769
3113 2744
3114 2654
3115 1152
3116 2971
3117 2345
3118 3104
3119 2821
3120 957
3121 279
3122 2808
3123 471
3124 1562
3125 1654
3126 2672
3127 2610
3128 957
3129 2584
3130 1992
3131 1771
3132 2630
3133 606
3134 2267
3135 2842
3136 657
3137 2590
3138 2612
3139 2456
3140 2898
3141 2745
3142 1877
3143 612
3144 1832
3145 563
3146 2975
3147 1254
3148 1867
3149 2847
3150 1790
3151 2567
3152 2876
3153 3021
3154 2591
3155 2704
3156 1118
3157 2204
3158 2604
3159 1923
3160 367
3161 2629
3162 803
3163 1684
3164 1491
3165 3087
3166 2310
3167 1176
3168 2150
3169 1543
3170 2113
3171 1102
3172 937
3173 827
3174 1572
3175 2202
3176 486
3177 2840
3178 1861
3179 3025
3180 682
3181 1802
3182 479
3183 2270
3184 770
3185 792
3186 792
3187 1561
3188 2845
3189 1802
3190 3156
3191 2898
3192 1175
3193 1540
3194 2784
3195 2371
3196 1936
3197 1835
3198 926
3199 591
3200 675
3201 1406
3202 2735
3203 1394
3204 2667
3205 2485
3206 2888
3207 1475
3208 2983
3209 2900
3210 2678
3211 1268
3212 2296
3213 3057
3214 735
3215 2236
3216 1413
3217 1623
3218 1123
3219 3079
3220 1947
3221 2259
3222 2303
3223 1183
3224 1981
3225 2681
3226 1784
3227 2745
3228 2447
3229 1802
3230 1867
3231 2278
3232 2325
3233 3211
3234 1722
3235 1542
3236 918
3237 957
3238 629
3239 955
3240 1081
3241 138
3242 1867
3243 144
3244 1824
3245 1874
3246 2366
3247 352
3248 1562
3249 2347
3250 2734
3251 2095
3252 2667
3253 2263
3254 2337
3255 1114
3256 2275
3257 2699
3258 2204
3259 1976
3260 2590
3261 2424
3262 2100
3263 1522
3264 1121
3265 931
3266 1378
3267 2745
3268 1915
3269 346
3270 2149
3271 2007
3272 2888
3273 2505
3274 3009
3275 2507
3276 1501
3277 1802
3278 1988
3279 540
3280 1800
3281 3060
3282 3021
3283 72
3284 1688
3285 1337
3286 2387
3287 3056
3288 682
3289 414
3290 792
3291 810
3292 1770
3293 2562
3294 279
3295 3146
3296 1814
3297 3253
3298 2704
3299 1802
3300 1045
3301 2604
3302 692
3303 11
3304 2948
3305 1122
3306 1330
3307 3054
3308 6
3309 1221
3310 3199
3311 46
3312 549
3313 13
3314 941
3315 254
3316 181
3317 51
3318 20
3319 50
3320 2866
3321 10
3322 2035
3323 2931
3324 192
3325 48
3326 140
3327 14
3328 1050
3329 680
3330 346
3331 1612
3332 613
3333 2054
3334 14
3335 1107
3336 3042
3337 218
3338 14
3339 2394
3340 1493
3341 1844
3342 162
3343 2047
3344 166
3345 347
3346 2248
3347 3094
3348 3002
3349 40
3350 1264
3351 1073
3352 2094
3353 2468
3354 1604
3355 222
3356 2093
3357 1461
3358 529
3359 619
3360 469
3361 256
3362 19
3363 559
3364 382
3365 364
3366 1871
3367 352
3368 2163
3369 2754
3370 24
3371 745
3372 1091
3373 2705
3374 976
3375 158
3376 90
3377 2034
3378 2615
3379 1508
3380 24
3381 991
3382 420
3383 3216
3384 535
3385 3220
3386 27
3387 2300
3388 27
3389 479
3390 322
3391 411
3392 120
3393 952
3394 3283
3395 1345
3396 666
3397 34
3398 826
3399 175
3400 763
3401 31
3402 326
3403 28
3404 1063
3405 2025
3406 602
3407 2956
3408 209
3409 992
3410 29
3411 31
3412 1318
3413 31
3414 112
3415 33
3416 624
3417 1261
3418 2421
3419 37
3420 697
3421 587
3422 2205
3423 413
3424 407
3425 1031
3426 109
3427 76
3428 1959
3429 269
3430 195
3431 280
3432 2575
3433 818
3434 146
3435 1130
3436 2055
3437 1099
3438 46
3439 1157
3440 546
3441 318
3442 1830
3443 49
3444 3044
3445 62
3446 1983
3447 49
3448 85
3449 1476
3450 49
3451 1728
3452 1496
3453 2045
3454 395
3455 1357
3456 734
3457 303
3458 49
3459 1354
3460 2051
3461 49
3462 49
3463 793
3464 3208
3465 1081
3466 2126
3467 58
3468 119
3469 713
3470 415
3471 678
3472 1630
3473 49
3474 652
3475 49
3476 1131
3477 354
3478 707
3479 49
3480 365
3481 336
3482 838
3483 1587
3484 1571
3485 701
3486 2342
3487 2739
3488 1999
3489 1465
3490 1443
3491 1087
3492 138
3493 284
3494 725
3495 595
3496 659
3497 264
3498 2336
3499 1862
3500 2295
3501 519
3502 61
3503 438
3504 184
3505 822
3506 63
3507 1632
3508 402
3509 2604
3510 330
3511 95
3512 1629
3513 63
3514 2497
3515 2082
3516 301
3517 143
3518 756
3519 1466
3520 170
3521 79
3522 2302
3523 1097
3524 494
3525 1454
3526 99
3527 409
3528 2474
3529 3123
3530 130
3531 2755
3532 81
3533 637
3534 2633
3535 320
3536 2285
3537 127
3538 255
3539 2570
3540 525
3541 454
3542 86
3543 3236
3544 2962
3545 542
3546 2458
3547 908
3548 94
3549 1767
3550 2790
3551 233
3552 1174
3553 148
3554 231
3555 1349
3556 1370
3557 2933
3558 513
3559 101
3560 1195
3561 1878
3562 1613
3563 174
3564 2360
3565 107
3566 854
3567 134
3568 370
3569 561
3570 165
3571 904
3572 1573
3573 2134
3574 755
3575 337
3576 3000
3577 115
3578 1554
3579 724
3580 115
3581 1230
3582 2092
3583 1602
3584 1133
3585 159
3586 115
3587 881
3588 2923
3589 1982
3590 1509
3591 2648
3592 2571
3593 564
3594 785
3595 3089
3596 2520
3597 720
3598 452
3599 1015
3600 670
3601 169
3602 2420
3603 1724
3604 121
3605 547
3606 1176
3607 487
3608 121
3609 1889
3610 2076
3611 1244
3612 2323
3613 129
3614 470
3615 627
3616 1313
3617 3065
3618 135
3619 1083
3620 1989
3621 614
3622 210
3623 2345
3624 180
3625 136
3626 1014
3627 873
3628 136
3629 949
3630 3056
3631 199
3632 1622
3633 138
3634 3241
3635 1030
3636 138
3637 204
3638 1166
3639 537
3640 795
3641 1481
3642 3096
3643 325
3644 1012
3645 645
3646 2940
3647 1784
3648 1094
3649 1124
3650 260
3651 2369
3652 1206
3653 138
3654 2777
3655 913
3656 522
3657 3196
3658 144
3659 313
3660 647
3661 2781
3662 278
3663 677
3664 2859
3665 694
3666 144
3667 2845
3668 398
3669 1410
3670 1886
3671 2308
3672 888
3673 508
3674 668
3675 506
3676 777
3677 646
3678 432
3679 2465
3680 268
3681 362
3682 1929
3683 2815
3684 1266
3685 859
3686 144
3687 144
3688 1227
3689 2339
3690 144
3691 456
3692 2177
3693 171
3694 144
3695 144
3696 842
3697 144
3698 263
3699 234
3700 1860
3701 3243
3702 144
3703 943
3704 1137
3705 1822
3706 148
3707 299
3708 1181
3709 581
3710 778
3711 419
3712 148
3713 148
3714 414
3715 671
3716 2475
3717 723
3718 2460
3719 560
3720 2236
3721 1004
3722 158
3723 158
3724 971
3725 1282
3726 1340
3727 2728
3728 1054
3729 1657
3730 168
3731 2897
3732 1324
3733 2664
3734 2398
3735 200
3736 174
3737 999
3738 274
3739 174
3740 465
3741 900
3742 202
3743 1976
3744 2726
3745 1715
3746 174
3747 174
3748 189
3749 817
3750 1705
3751 2056
3752 576
3753 2536
3754 3019
3755 1211
3756 177
3757 1647
3758 179
3759 1965
3760 179
3761 1314
3762 1125
3763 181
3764 511
3765 315
3766 184
3767 2635
3768 550
3769 1161
3770 186
3771 1177
3772 186
3773 186
3774 981
3775 208
3776 1394
3777 779
3778 194
3779 276
3780 195
3781 195
3782 196
3783 2960
3784 1505
3785 285
3786 198
3787 2355
3788 199
3789 200
3790 200
3791 221
3792 201
3793 3142
3794 1223
3795 1045
3796 791
3797 907
3798 2245
3799 995
3800 658
3801 450
3802 616
3803 721
3804 1395
3805 1430
3806 504
3807 2745
3808 2010
3809 202
3810 2406
3811 202
3812 202
3813 2269
3814 3071
3815 2469
3816 1601
3817 207
3818 208
3819 2470
3820 208
3821 208
3822 239
3823 2674
3824 569
3825 210
3826 210
3827 1189
3828 345
3829 480
3830 805
3831 1680
3832 885
3833 212
3834 259
3835 600
3836 1228
3837 272
3838 965
3839 1957
3840 1702
3841 2189
3842 2084
3843 218
3844 406
3845 218
3846 455
3847 221
3848 1610
3849 1783
3850 2485
3851 1764
3852 393
3853 2196
3854 228
3855 378
3856 1207
3857 229
3858 1446
3859 296
3860 3011
3861 231
3862 1316
3863 2789
3864 234
3865 1634
3866 234
3867 3279
3868 234
3869 292
3870 249
3871 1974
3872 237
3873 439
3874 2518
3875 237
3876 239
3877 2802
3878 461
3879 244
3880 953
3881 787
3882 2052
3883 2113
3884 2837
3885 252
3886 2723
3887 2862
3888 1738
3889 1250
3890 263
3891 263
3892 263
3893 1797
3894 403
3895 264
3896 266
3897 266
3898 2659
3899 1809
3900 2259
3901 274
3902 909
3903 534
3904 1457
3905 274
3906 1152
3907 767
3908 441
3909 1834
3910 274
3911 1789
3912 570
3913 2744
3914 274
3915 851
3916 275
3917 1815
3918 2237
3919 983
3920 1284
3921 2586
3922 2387
3923 279
3924 279
3925 279
3926 615
3927 279
3928 698
3929 1440
3930 1419
3931 695
3932 279
3933 3112
3934 1494
3935 279
3936 2193
3937 545
3938 491
3939 3121
3940 1870
3941 279
3942 1562
3943 279
3944 279
3945 518
3946 2827
3947 279
3948 381
3949 279
3950 2141
3951 356
3952 279
3953 279
3954 1619
3955 279
3956 279
3957 2785
3958 279
3959 1210
3960 1507
3961 849
3962 279
3963 279
3964 3294
3965 279
3966 463
3967 369
3968 1108
3969 279
3970 279
3971 2610
3972 3055
3973 1084
3974 279
3975 279
3976 2680
3977 1898
3978 279
3979 1930
3980 279
3981 815
3982 1608
3983 2995
3984 279
3985 1164
3986 2374
3987 279
3988 2668
3989 584
3990 3147
3991 807
3992 279
3993 1535
3994 279
3995 2156
3996 408
3997 280
3998 280
3999 2350
4000 803
4001 642
4002 2431
4003 2142
4004 517
4005 515
4006 285
4007 3135
4008 287
4009 2534
4010 996
4011 289
4012 520
4013 289
4014 289
4015 2338
4016 2018
4017 1265
4018 628
4019 2412
4020 3103
4021 375
4022 295
4023 562
4024 2835
4025 901
4026 1179
4027 548
4028 825
4029 300
4030 874
4031 650
4032 2160
4033 302
4034 1731
4035 2565
4036 302
4037 302
4038 2095
4039 1364
4040 451
4041 3028
4042 302
4043 2354
4044 2779
4045 527
4046 2161
4047 819
4048 583
4049 2910
4050 1006
4051 700
4052 319
4053 314
4054 905
4055 1594
4056 478
4057 598
4058 2814
4059 315
4060 338
4061 2005
4062 886
4063 1141
4064 316
4065 1868
4066 2364
4067 2579
4068 2776
4069 1415
4070 317
4071 318
4072 1348
4073 1190
4074 978
4075 1903
4076 2297
4077 1825
4078 321
4079 2879
4080 1895
4081 322
4082 322
4083 404
4084 1944
4085 324
4086 736
4087 324
4088 324
4089 325
4090 2503
4091 327
4092 328
4093 328
4094 328
4095 891
4096 426
4097 331
4098 3052
4099 331
4100 374
4101 969
4102 1900
4103 2203
4104 3030
4105 827
4106 473
4107 337
4108 337
4109 1399
4110 338
4111 481
4112 484
4113 342
4114 731
4115 2223
4116 3269
4117 2216
4118 1451
4119 653
4120 757
4121 352
4122 352
4123 2774
4124 3247
4125 1098
4126 353
4127 1085
4128 1243
4129 354
4130 354
4131 354
4132 354
4133 354
4134 355
4135 1259
4136 962
4137 359
4138 360
4139 3160
4140 367
4141 367
4142 762
4143 1448
4144 868
4145 367
4146 1396
4147 444
4148 367
4149 1200
4150 1321
4151 732
4152 370
4153 371
4154 371
4155 691
4156 371
4157 773
4158 371
4159 1828
4160 1964
4161 2868
4162 372
4163 372
4164 2378
4165 372
4166 372
4167 2139
4168 858
4169 2429
4170 3105
4171 1169
4172 2439
4173 2087
4174 2231
4175 1067
4176 373
4177 373
4178 565
4179 375
4180 895
4181 2114
4182 3110
4183 2122
4184 376
4185 558
4186 376
4187 392
4188 2385
4189 2972
4190 381
4191 381
4192 2523
4193 382
4194 382
4195 382
4196 1473
4197 1875
4198 831
4199 1899
4200 2676
4201 1962
4202 1638
4203 401
4204 1589
4205 395
4206 557
4207 651
4208 399
4209 401
4210 2741
4211 406
4212 409
4213 409
4214 409
4215 2861
4216 2069
4217 409
4218 866
4219 1557
4220 523
4221 1512
4222 2986
4223 1984
4224 409
4225 409
4226 2758
4227 410
4228 425
4229 1018
4230 410
4231 641
4232 2588
4233 603
4234 1904
4235 411
4236 412
4237 413
4238 3289
4239 789
4240 416
4241 2545
4242 418
4243 2638
4244 418
4245 418
4246 420
4247 424
4248 2318
4249 3086
4250 1034
4251 3133
4252 503
4253 425
4254 1640
4255 426
4256 426
4257 1291
4258 1106
4259 426
4260 846
4261 1952
4262 426
4263 426
4264 1289
4265 1766
4266 427
4267 765
4268 429
4269 1515
4270 429
4271 1726
4272 2315
4273 432
4274 521
4275 852
4276 2721
4277 2844
4278 1607
4279 434
4280 434
4281 2558
4282 954
4283 719
4284 438
4285 438
4286 672
4287 1467
4288 441
4289 2554
4290 443
4291 1926
4292 443
4293 443
4294 1639
4295 2987
4296 1456
4297 495
4298 605
4299 448
4300 451
4301 1967
4302 974
4303 451
4304 3070
4305 551
4306 451
4307 1677
4308 2572
4309 2280
4310 462
4311 829
4312 2210
4313 1524
4314 1737
4315 465
4316 786
4317 1062
4318 467
4319 467
4320 1836
4321 470
4322 470
4323 470
4324 470
4325 2217
4326 2065
4327 472
4328 470
4329 1917
4330 979
4331 472
4332 472
4333 1100
4334 608
4335 2314
4336 472
4337 472
4338 563
4339 472
4340 643
4341 620
4342 543
4343 477
4344 1887
4345 2537
4346 479
4347 897
4348 3182
4349 2198
4350 1281
4351 622
4352 2147
4353 1168
4354 483
4355 483
4356 2038
4357 483
4358 1142
4359 483
4360 2220
4361 512
4362 483
4363 747
4364 850
4365 483
4366 483
4367 1001
4368 483
4369 1471
4370 483
4371 1205
4372 483
4373 483
4374 483
4375 609
4376 738
4377 3085
4378 483
4379 2448
4380 856
4381 483
4382 1704
4383 3046
4384 1745
4385 483
4386 1670
4387 667
4388 2230
4389 1666
4390 484
4391 484
4392 2425
4393 2979
4394 2833
4395 484
4396 1516
4397 2391
4398 484
4399 484
4400 485
4401 855
4402 1675
4403 3176
4404 1128
4405 486
4406 486
4407 486
4408 486
4409 3004
4410 493
4411 493
4412 1966
4413 494
4414 2801
4415 753
4416 494
4417 1126
4418 2028
4419 495
4420 776
4421 498
4422 499
4423 501
4424 2183
4425 696
4426 1482
4427 503
4428 1979
4429 503
4430 504
4431 2110
4432 1950
4433 509
4434 683
4435 509
4436 1568
4437 509
4438 1372
4439 509
4440 509
4441 751
4442 509
4443 509
4444 2527
4445 513
4446 513
4447 1852
4448 925
4449 1606
4450 516
4451 1596
4452 516
4453 517
4454 517
4455 1134
4456 1283
4457 1245
4458 521
4459 521
4460 1193
4461 521
4462 2214
4463 631
4464 2658
4465 2260
4466 2201
4467 527
4468 808
4469 727
4470 529
4471 2184
4472 1707
4473 2694
4474 577
4475 534
4476 534
4477 3100
4478 534
4479 630
4480 535
4481 535
4482 1093
4483 717
4484 536
4485 539
4486 986
4487 539
4488 2096
4489 554
4490 2136
4491 543
4492 543
4493 958
4494 573
4495 588
4496 910
4497 2949
4498 2975
4499 1579
4500 548
4501 623
4502 2708
4503 1416
4504 553
4505 553
4506 1869
4507 1894
4508 554
4509 2043
4510 557
4511 560
4512 560
4513 1611
4514 560
4515 560
4516 2020
4517 3145
4518 1442
4519 1531
4520 1853
4521 572
4522 2320
4523 2541
4524 780
4525 576
4526 3256
4527 577
4528 1390
4529 578
4530 578
4531 3060
4532 1138
4533 578
4534 802
4535 3116
4536 1788
4537 579
4538 993
4539 1741
4540 3058
4541 1500
4542 579
4543 1055
4544 1175
4545 1065
4546 2383
4547 1445
4548 579
4549 579
4550 2634
4551 579
4552 3293
4553 2182
4554 579
4555 2395
4556 580
4557 580
4558 3029
4559 580
4560 2366
4561 1773
4562 3129
4563 583
4564 583
4565 583
4566 583
4567 583
4568 921
4569 2944
4570 1637
4571 1028
4572 586
4573 586
4574 586
4575 2582
4576 1714
4577 595
4578 1424
4579 2943
4580 596
4581 596
4582 1119
4583 830
4584 601
4585 704
4586 606
4587 608
4588 1514
4589 2548
4590 977
4591 857
4592 1208
4593 608
4594 1379
4595 1072
4596 1902
4597 1544
4598 1690
4599 3198
4600 608
4601 608
4602 833
4603 1180
4604 2902
4605 655
4606 608
4607 608
4608 608
4609 608
4610 608
4611 608
4612 1296
4613 1495
4614 608
4615 608
4616 1173
4617 692
4618 1311
4619 2964
4620 1358
4621 612
4622 2669
4623 923
4624 612
4625 739
4626 3136
4627 612
4628 612
4629 784
4630 746
4631 612
4632 612
4633 3214
4634 612
4635 1238
4636 3143
4637 612
4638 612
4639 612
4640 1935
4641 612
4642 1943
4643 1114
4644 612
4645 612
4646 613
4647 613
4648 615
4649 617
4650 620
4651 622
4652 622
4653 1807
4654 2483
4655 622
4656 1337
4657 2281
4658 622
4659 3228
4660 622
4661 622
4662 1600
4663 1366
4664 1147
4665 622
4666 622
4667 623
4668 623
4669 1880
4670 625
4671 915
4672 625
4673 1197
4674 1843
4675 626
4676 626
4677 1510
4678 1988
4679 629
4680 629
4681 629
4682 629
4683 629
4684 1695
4685 1404
4686 662
4687 629
4688 629
4689 629
4690 629
4691 2072
4692 629
4693 1103
4694 2771
4695 689
4696 629
4697 629
4698 1375
4699 3130
4700 1117
4701 2935
4702 629
4703 629
4704 3238
4705 629
4706 2514
4707 629
4708 3225
4709 1044
4710 2500
4711 629
4712 879
4713 1753
4714 3048
4715 629
4716 629
4717 2416
4718 630
4719 1327
4720 1782
4721 1041
4722 633
4723 633
4724 633
4725 1088
4726 1064
4727 635
4728 1794
4729 2392
4730 635
4731 635
4732 635
4733 1829
4734 635
4735 2426
4736 743
4737 639
4738 2108
4739 639
4740 728
4741 1570
4742 640
4743 2143
4744 2791
4745 644
4746 1270
4747 644
4748 1113
4749 3235
4750 3264
4751 950
4752 644
4753 1818
4754 1025
4755 644
4756 963
4757 1143
4758 648
4759 843
4760 650
4761 650
4762 1790
4763 2477
4764 650
4765 1654
4766 2380
4767 653
4768 2552
4769 653
4770 1160
4771 653
4772 653
4773 1433
4774 1066
4775 2784
4776 655
4777 3134
4778 655
4779 655
4780 655
4781 655
4782 3003
4783 655
4784 2081
4785 1577
4786 655
4787 655
4788 1436
4789 2349
4790 1823
4791 655
4792 655
4793 655
4794 655
4795 2805
4796 661
4797 1948
4798 1382
4799 2442
4800 667
4801 1203
4802 1567
4803 1685
4804 671
4805 673
4806 674
4807 3200
4808 1163
4809 675
4810 675
4811 1198
4812 678
4813 678
4814 2138
4815 1736
4816 804
4817 682
4818 682
4819 2990
4820 3288
4821 2822
4822 682
4823 682
4824 682
4825 1246
4826 682
4827 3180
4828 711
4829 682
4830 3138
4831 682
4832 2373
4833 1760
4834 682
4835 2642
4836 1908
4837 1300
4838 683
4839 1247
4840 683
4841 683
4842 683
4843 683
4844 683
4845 1963
4846 1800
4847 1484
4848 683
4849 2340
4850 774
4851 2197
4852 693
4853 683
4854 2104
4855 1655
4856 1986
4857 2180
4858 684
4859 967
4860 1275
4861 2607
4862 716
4863 686
4864 688
4865 688
4866 688
4867 1665
4868 2172
4869 3302
4870 816
4871 935
4872 697
4873 1699
4874 2556
4875 697
4876 2088
4877 2628
4878 698
4879 699
4880 699
4881 700
4882 2125
4883 890
4884 1387
4885 1109
4886 705
4887 1692
4888 706
4889 707
4890 707
4891 708
4892 709
4893 709
4894 711
4895 711
4896 711
4897 2561
4898 2915
4899 1112
4900 721
4901 722
4902 2819
4903 1673
4904 722
4905 724
4906 724
4907 899
4908 725
4909 725
4910 1386
4911 1479
4912 1194
4913 726
4914 726
4915 726
4916 726
4917 740
4918 729
4919 1648
4920 1312
4921 1876
4922 2117
4923 732
4924 734
4925 735
4926 1969
4927 736
4928 736
4929 739
4930 2718
4931 739
4932 1341
4933 745
4934 745
4935 745
4936 745
4937 745
4938 994
4939 747
4940 747
4941 2326
4942 1444
4943 1071
4944 2287
4945 2644
4946 1780
4947 2901
4948 750
4949 750
4950 2252
4951 756
4952 757
4953 762
4954 985
4955 889
4956 944
4957 1288
4958 3166
4959 763
4960 2836
4961 1086
4962 1520
4963 763
4964 763
4965 763
4966 2101
4967 763
4968 763
4969 763
4970 1492
4971 763
4972 763
4973 763
4974 2997
4975 767
4976 1765
4977 990
4978 2985
4979 770
4980 3184
4981 1326
4982 770
4983 772
4984 772
4985 772
4986 772
4987 892
4988 773
4989 774
4990 1742
4991 2919
4992 778
4993 778
4994 778
4995 1187
4996 778
4997 2247
4998 1417
4999 942
5000 1802
5001 2895
5002 1940
5003 876
5004 781
5005 781
5006 781
5007 932
5008 781
5009 782
5010 782
5011 783
5012 783
5013 1153
5014 938
5015 783
5016 784
5017 1260
5018 786
5019 1104
5020 1721
5021 2543
5022 788
5023 790
5024 3027
5025 2171
5026 1042
5027 2332
5028 3185
5029 792
5030 792
5031 1845
5032 1660
5033 792
5034 919
5035 792
5036 792
5037 1102
5038 792
5039 792
5040 792
5041 1029
5042 792
5043 792
5044 870
5045 3186
5046 3290
5047 792
5048 792
5049 792
5050 3291
5051 2324
5052 795
5053 795
5054 795
5055 795
5056 796
5057 2204
5058 1425
5059 797
5060 1146
5061 2998
5062 798
5063 2257
5064 798
5065 799
5066 1306
5067 1343
5068 1170
5069 803
5070 3162
5071 1558
5072 803
5073 805
5074 805
5075 2830
5076 1132
5077 1526
5078 805
5079 805
5080 806
5081 1420
5082 1183
5083 2535
5084 809
5085 809
5086 945
5087 809
5088 811
5089 2148
5090 813
5091 2164
5092 2492
5093 818
5094 818
5095 818
5096 818
5097 822
5098 1758
5099 1553
5100 1310
5101 1116
5102 823
5103 2195
5104 826
5105 827
5106 1706
5107 1209
5108 827
5109 1331
5110 827
5111 827
5112 914
5113 827
5114 827
5115 1924
5116 1431
5117 827
5118 1529
5119 3173
5120 827
5121 827
5122 827
5123 827
5124 827
5125 1488
5126 2587
5127 980
5128 827
5129 827
5130 827
5131 827
5132 1642
5133 862
5134 3268
5135 1590
5136 1409
5137 829
5138 1856
5139 829
5140 1256
5141 829
5142 1017
5143 1213
5144 1422
5145 1498
5146 2228
5147 1490
5148 997
5149 2482
5150 3265
5151 2491
5152 829
5153 1367
5154 2597
5155 2432
5156 1718
5157 2049
5158 2152
5159 3061
5160 829
5161 829
5162 829
5163 835
5164 837
5165 1271
5166 842
5167 1537
5168 2608
5169 846
5170 846
5171 846
5172 849
5173 850
5174 940
5175 850
5176 882
5177 851
5178 3149
5179 851
5180 851
5181 2107
5182 1716
5183 2704
5184 853
5185 853
5186 853
5187 853
5188 854
5189 1178
5190 2709
5191 1308
5192 857
5193 857
5194 859
5195 1272
5196 1365
5197 917
5198 863
5199 1906
5200 3095
5201 1854
5202 867
5203 939
5204 869
5205 870
5206 2091
5207 871
5208 871
5209 959
5210 1070
5211 875
5212 875
5213 1771
5214 2409
5215 957
5216 876
5217 2243
5218 876
5219 2121
5220 911
5221 877
5222 2044
5223 877
5224 2116
5225 878
5226 1347
5227 879
5228 881
5229 883
5230 885
5231 886
5232 2014
5233 887
5234 1519
5235 887
5236 889
5237 889
5238 2251
5239 890
5240 890
5241 1393
5242 968
5243 896
5244 896
5245 1821
5246 3039
5247 913
5248 913
5249 913
5250 1955
5251 2914
5252 913
5253 913
5254 913
5255 917
5256 918
5257 2288
5258 1795
5259 928
5260 928
5261 1257
5262 2006
5263 1621
5264 929
5265 929
5266 2566
5267 929
5268 931
5269 932
5270 2154
5271 932
5272 932
5273 2740
5274 934
5275 934
5276 2730
5277 934
5278 935
5279 937
5280 937
5281 937
5282 2767
5283 937
5284 2999
5285 937
5286 3172
5287 3078
5288 937
5289 2273
5290 1191
5291 937
5292 937
5293 1105
5294 937
5295 937
5296 2936
5297 937
5298 937
5299 937
5300 938
5301 939
5302 940
5303 2925
5304 941
5305 1626
5306 1218
5307 941
5308 942
5309 942
5310 988
5311 947
5312 947
5313 947
5314 1864
5315 947
5316 2930
5317 947
5318 947
5319 2683
5320 949
5321 949
5322 1954
5323 950
5324 952
5325 2075
5326 952
5327 955
5328 2219
5329 955
5330 955
5331 1400
5332 955
5333 955
5334 3239
5335 955
5336 957
5337 2510
5338 957
5339 957
5340 957
5341 957
5342 2780
5343 957
5344 957
5345 957
5346 1792
5347 957
5348 957
5349 957
5350 957
5351 1994
5352 957
5353 1439
5354 1527
5355 1214
5356 957
5357 1144
5358 2600
5359 957
5360 957
5361 2145
5362 2988
5363 3122
5364 957
5365 957
5366 1011
5367 1255
5368 3120
5369 957
5370 1872
5371 957
5372 1925
5373 1202
5374 957
5375 957
5376 1432
5377 957
5378 957
5379 3081
5380 1360
5381 957
5382 957
5383 3073
5384 957
5385 2613
5386 1811
5387 1892
5388 1756
5389 1691
5390 2757
5391 2376
5392 2453
5393 2710
5394 957
5395 1538
5396 3237
5397 3128
5398 957
5399 957
5400 1661
5401 1747
5402 957
5403 2580
5404 957
5405 2945
5406 1241
5407 957
5408 2225
5409 2372
5410 957
5411 1563
5412 957
5413 2097
5414 1236
5415 957
5416 1060
5417 2911
5418 2068
5419 957
5420 1786
5421 2920
5422 957
5423 1373
5424 1627
5425 2853
5426 957
5427 957
5428 957
5429 957
5430 957
5431 957
5432 957
5433 957
5434 1129
5435 957
5436 2673
5437 2539
5438 957
5439 957
5440 2656
5441 957
5442 1617
5443 957
5444 957
5445 957
5446 957
5447 957
5448 957
5449 957
5450 957
5451 1139
5452 957
5453 957
5454 957
5455 1047
5456 1335
5457 957
5458 957
5459 957
5460 1239
5461 2511
5462 957
5463 957
5464 957
5465 957
5466 957
5467 957
5468 957
5469 2519
5470 957
5471 1172
5472 957
5473 2083
5474 2703
5475 2099
5476 1023
5477 957
5478 957
5479 957
5480 2424
5481 957
5482 1022
5483 1369
5484 2452
5485 957
5486 957
5487 1841
5488 957
5489 2701
5490 1545
5491 957
5492 3082
5493 957
5494 2909
5495 957
5496 957
5497 957
5498 1013
5499 957
5500 1127
5501 957
5502 3273
5503 957
5504 1429
5505 957
5506 957
5507 2218
5508 957
5509 957
5510 957
5511 1355
5512 957
5513 957
5514 957
5515 957
5516 1414
5517 1435
5518 957
5519 1279
5520 957
5521 957
5522 2029
5523 1735
5524 957
5525 2797
5526 957
5527 957
5528 957
5529 957
5530 957
5531 957
5532 957
5533 957
5534 957
5535 1077
5536 2166
5537 2967
5538 957
5539 957
5540 957
5541 1005
5542 957
5543 1016
5544 957
5545 1058
5546 1651
5547 957
5548 957
5549 1922
5550 2941
5551 957
5552 957
5553 957
5554 957
5555 957
5556 957
5557 2157
5558 957
5559 957
5560 957
5561 957
5562 2746
5563 957
5564 957
5565 957
5566 957
5567 957
5568 957
5569 1234
5570 957
5571 961
5572 1421
5573 1048
5574 965
5575 971
5576 972
5577 972
5578 2639
5579 977
5580 977
5581 1010
5582 977
5583 977
5584 977
5585 977
5586 2016
5587 2255
5588 3080
5589 978
5590 978
5591 2592
5592 1688
5593 978
5594 1511
5595 1833
5596 1667
5597 986
5598 988
5599 2120
5600 1477
5601 2749
5602 988
5603 989
5604 1075
5605 989
5606 990
5607 990
5608 990
5609 995
5610 1278
5611 2153
5612 995
5613 1080
5614 1082
5615 995
5616 1909
5617 995
5618 3114
5619 996
5620 996
5621 1423
5622 996
5623 996
5624 1475
5625 996
5626 1441
5627 996
5628 996
5629 2973
5630 996
5631 996
5632 1001
5633 1001
5634 2377
5635 1004
5636 1294
5637 2716
5638 3037
5639 1787
5640 1503
5641 1650
5642 1012
5643 1012
5644 1012
5645 2277
5646 1831
5647 1013
5648 3183
5649 1668
5650 2129
5651 1015
5652 1015
5653 2282
5654 1779
5655 1016
5656 1016
5657 1016
5658 1374
5659 1016
5660 1016
5661 2124
5662 1016
5663 1016
5664 1363
5665 1019
5666 1019
5667 2795
5668 2397
5669 2368
5670 1022
5671 2495
5672 3218
5673 1022
5674 1023
5675 1024
5676 1641
5677 1026
5678 1459
5679 1972
5680 2059
5681 1028
5682 1028
5683 1028
5684 1030
5685 1030
5686 1336
5687 1339
5688 1033
5689 1237
5690 2593
5691 1033
5692 2335
5693 2063
5694 1033
5695 1033
5696 2540
5697 1034
5698 1034
5699 1034
5700 1034
5701 2327
5702 1575
5703 1037
5704 1598
5705 1045
5706 3300
5707 1046
5708 1332
5709 1051
5710 1188
5711 1055
5712 1057
5713 2907
5714 1150
5715 1059
5716 1059
5717 2574
5718 1059
5719 1059
5720 1062
5721 1062
5722 1063
5723 2109
5724 1067
5725 3212
5726 1298
5727 1070
5728 1070
5729 1070
5730 1070
5731 1073
5732 1074
5733 1351
5734 1074
5735 2329
5736 2170
5737 1077
5738 2969
5739 1077
5740 2365
5741 1285
5742 1077
5743 1078
5744 1081
5745 1081
5746 1081
5747 1081
5748 1081
5749 1081
5750 3240
5751 1084
5752 1084
5753 1274
5754 1090
5755 2417
5756 1240
5757 1732
5758 1094
5759 1352
5760 2085
5761 2206
5762 1094
5763 1094
5764 1094
5765 1094
5766 1946
5767 1094
5768 1546
5769 1094
5770 1094
5771 1094
5772 1094
5773 1094
5774 1094
5775 2810
5776 1094
5777 1094
5778 3231
5779 2865
5780 1094
5781 2621
5782 2828
5783 1094
5784 1094
5785 1094
5786 1094
5787 1094
5788 2012
5789 1094
5790 3001
5791 1094
5792 1094
5793 1094
5794 1094
5795 1094
5796 1094
5797 2679
5798 1094
5799 1149
5800 1094
5801 1094
5802 2462
5803 1094
5804 1094
5805 2896
5806 1094
5807 1094
5808 1806
5809 1094
5810 1094
5811 1094
5812 1094
5813 1094
5814 1584
5815 1094
5816 1094
5817 1094
5818 2293
5819 1623
5820 3249
5821 1094
5822 2918
5823 1094
5824 1094
5825 1094
5826 1145
5827 1094
5828 1094
5829 1094
5830 1094
5831 2467
5832 1094
5833 1094
5834 2531
5835 2434
5836 1095
5837 1095
5838 1097
5839 1097
5840 1099
5841 1698
5842 1102
5843 1102
5844 1102
5845 1552
5846 1102
5847 3171
5848 1105
5849 1697
5850 1107
5851 1586
5852 2352
5853 2299
5854 1108
5855 1110
5856 1110
5857 1883
5858 1111
5859 1112
5860 2934
5861 1114
5862 2952
5863 1712
5864 3255
5865 1115
5866 1683
5867 1681
5868 1117
5869 1118
5870 3156
5871 1118
5872 1118
5873 1118
5874 2400
5875 1118
5876 1485
5877 2418
5878 2244
5879 1118
5880 1118
5881 1118
5882 1359
5883 1118
5884 1118
5885 1118
5886 2490
5887 1118
5888 1118
5889 1118
5890 1118
5891 1229
5892 2769
5893 1700
5894 1118
5895 3008
5896 1120
5897 1120
5898 1120
5899 1325
5900 3168
5901 2106
5902 1397
5903 1121
5904 1122
5905 1122
5906 1122
5907 1122
5908 1123
5909 1123
5910 1124
5911 2112
5912 1124
5913 1124
5914 2852
5915 1124
5916 2977
5917 1124
5918 1951
5919 1125
5920 1129
5921 1131
5922 1135
5923 1135
5924 1137
5925 1137
5926 1139
5927 1713
5928 1162
5929 1141
5930 1216
5931 1746
5932 1142
5933 1142
5934 1380
5935 1143
5936 1708
5937 1146
5938 1149
5939 2207
5940 1150
5941 1242
5942 1368
5943 1890
5944 3115
5945 1156
5946 1159
5947 2027
5948 1159
5949 1161
5950 1169
5951 1169
5952 1169
5953 1169
5954 1169
5955 2359
5956 2440
5957 1169
5958 1172
5959 1173
5960 1173
5961 1174
5962 3192
5963 3167
5964 1178
5965 1533
5966 1178
5967 1181
5968 1427
5969 1928
5970 1181
5971 1182
5972 3223
5973 1183
5974 1184
5975 1184
5976 1717
5977 1187
5978 1188
5979 1190
5980 3175
5981 2799
5982 2455
5983 1192
5984 1192
5985 1193
5986 1200
5987 1201
5988 1203
5989 1203
5990 1203
5991 1998
5992 3088
5993 1208
5994 1253
5995 1208
5996 1208
5997 2249
5998 1208
5999 1208
6000 2158
6001 1208
6002 1208
6003 1208
6004 1208
6005 1208
6006 1208
6007 1208
6008 1208
6009 1208
6010 1208
6011 1582
6012 1616
6013 1893
6014 1208
6015 1208
6016 1208
6017 1267
6018 1938
6019 1208
6020 1208
6021 2444
6022 1208
6023 1209
6024 1209
6025 1209
6026 1211
6027 2957
6028 1214
6029 2849
6030 1752
6031 2031
6032 1458
6033 1223
6034 1449
6035 1223
6036 1223
6037 1225
6038 1225
6039 1225
6040 1225
6041 1225
6042 1225
6043 1228
6044 1230
6045 1230
6046 1574
6047 2423
6048 1236
6049 1236
6050 1238
6051 2032
6052 1238
6053 1248
6054 1248
6055 1248
6056 1377
6057 1251
6058 2953
6059 1251
6060 1251
6061 3164
6062 1251
6063 1251
6064 1615
6065 1253
6066 1254
6067 2551
6068 1262
6069 1262
6070 1624
6071 1262
6072 1262
6073 1262
6074 2040
6075 1264
6076 1265
6077 1265
6078 1266
6079 1266
6080 3211
6081 1730
6082 1272
6083 1272
6084 1272
6085 1272
6086 2496
6087 1669
6088 1276
6089 1278
6090 1813
6091 1282
6092 2401
6093 1282
6094 1282
6095 1282
6096 1290
6097 1597
6098 1282
6099 3102
6100 1282
6101 1282
6102 1282
6103 2632
6104 1282
6105 1283
6106 1283
6107 1759
6108 2752
6109 1283
6110 1478
6111 1283
6112 1614
6113 1283
6114 1283
6115 1945
6116 1283
6117 2596
6118 1418
6119 1291
6120 1291
6121 1292
6122 1295
6123 1532
6124 1295
6125 1295
6126 2811
6127 1858
6128 1295
6129 1913
6130 1295
6131 1298
6132 1298
6133 1298
6134 1298
6135 2732
6136 2348
6137 1298
6138 1298
6139 1298
6140 1472
6141 1298
6142 2885
6143 1298
6144 1298
6145 1298
6146 1504
6147 2208
6148 1956
6149 1299
6150 1298
6151 1701
6152 1298
6153 1298
6154 2194
6155 1298
6156 1298
6157 3047
6158 1298
6159 2974
6160 1298
6161 1710
6162 1298
6163 2513
6164 1298
6165 2472
6166 2262
6167 1298
6168 1298
6169 1298
6170 1618
6171 1298
6172 1298
6173 1298
6174 1298
6175 1298
6176 1298
6177 3195
6178 1578
6179 1298
6180 1298
6181 1298
6182 1298
6183 1298
6184 1298
6185 1298
6186 1328
6187 1298
6188 2222
6189 1405
6190 1506
6191 2037
6192 1298
6193 1298
6194 1298
6195 2725
6196 1298
6197 1298
6198 2848
6199 1298
6200 1298
6201 1298
6202 1334
6203 1299
6204 1299
6205 1299
6206 1299
6207 3063
6208 1299
6209 1489
6210 1299
6211 1301
6212 1301
6213 1301
6214 1301
6215 1350
6216 2493
6217 2870
6218 1311
6219 2715
6220 1311
6221 2478
6222 1311
6223 2770
6224 2435
6225 1312
6226 1312
6227 1313
6228 1460
6229 3174
6230 1314
6231 1826
6232 1314
6233 1314
6234 1314
6235 1315
6236 2213
6237 1318
6238 1539
6239 1855
6240 2970
6241 2618
6242 1321
6243 2595
6244 1321
6245 1323
6246 1325
6247 1327
6248 1987
6249 1329
6250 1850
6251 1329
6252 1564
6253 1329
6254 1329
6255 1329
6256 2388
6257 1329
6258 2077
6259 1329
6260 1329
6261 1329
6262 1329
6263 2818
6264 3025
6265 1330
6266 1487
6267 3097
6268 1331
6269 1337
6270 1337
6271 3285
6272 1337
6273 1381
6274 1337
6275 1341
6276 1341
6277 1341
6278 1341
6279 1341
6280 1341
6281 2438
6282 1342
6283 1513
6284 1428
6285 1447
6286 1342
6287 1347
6288 1349
6289 2179
6290 1350
6291 2322
6292 1350
6293 2546
6294 2560
6295 1350
6296 1354
6297 1581
6298 1354
6299 2331
6300 1354
6301 1354
6302 1354
6303 1354
6304 3024
6305 1354
6306 1354
6307 2313
6308 2624
6309 1356
6310 1356
6311 2886
6312 1357
6313 2437
6314 1528
6315 1361
6316 1362
6317 1548
6318 1369
6319 1369
6320 2250
6321 1372
6322 1372
6323 1750
6324 1372
6325 1372
6326 1372
6327 1372
6328 1372
6329 1372
6330 1372
6331 1372
6332 3109
6333 1464
6334 2155
6335 1372
6336 2436
6337 1729
6338 1378
6339 1401
6340 2146
6341 1378
6342 1378
6343 1378
6344 3266
6345 1378
6346 1380
6347 2240
6348 1385
6349 1385
6350 1499
6351 1386
6352 1497
6353 1949
6354 1392
6355 3203
6356 1397
6357 1401
6358 1404
6359 1405
6360 1405
6361 1405
6362 2382
6363 1884
6364 1406
6365 1406
6366 1406
6367 1406
6368 2951
6369 1406
6370 1406
6371 1406
6372 3201
6373 1406
6374 1406
6375 1971
6376 1410
6377 1774
6378 1413
6379 1415
6380 1417
6381 1420
6382 1422
6383 1778
6384 1427
6385 1427
6386 1427
6387 2488
6388 2498
6389 1427
6390 1427
6391 3035
6392 1973
6393 1429
6394 2702
6395 1430
6396 1431
6397 1431
6398 1431
6399 2614
6400 1933
6401 1431
6402 1431
6403 1431
6404 1431
6405 1431
6406 1431
6407 1431
6408 1431
6409 1431
6410 1434
6411 1434
6412 2227
6413 1435
6414 1435
6415 1435
6416 1438
6417 2695
6418 1674
6419 3213
6420 1441
6421 1441
6422 1441
6423 1653
6424 1448
6425 1448
6426 2606
6427 1882
6428 1455
6429 1455
6430 1455
6431 2276
6432 1455
6433 1686
6434 1455
6435 1455
6436 1455
6437 2328
6438 1455
6439 2457
6440 1455
6441 1851
6442 3083
6443 1455
6444 2687
6445 1455
6446 1455
6447 1455
6448 1456
6449 1456
6450 1456
6451 1456
6452 1460
6453 2071
6454 1460
6455 1460
6456 1460
6457 1643
6458 1462
6459 2760
6460 1464
6461 1469
6462 1469
6463 1633
6464 1471
6465 1472
6466 1472
6467 3207
6468 2499
6469 1485
6470 2427
6471 1485
6472 1485
6473 1485
6474 1485
6475 2603
6476 1485
6477 1485
6478 1486
6479 1486
6480 1488
6481 1488
6482 2064
6483 1488
6484 2501
6485 2893
6486 1663
6487 1488
6488 2578
6489 1488
6490 2351
6491 2399
6492 1488
6493 1734
6494 3222
6495 1687
6496 1488
6497 1489
6498 1739
6499 1489
6500 2484
6501 2017
6502 1805
6503 1489
6504 1489
6505 2609
6506 2699
6507 1522
6508 1491
6509 2591
6510 1491
6511 1492
6512 1492
6513 1559
6514 1492
6515 1492
6516 2449
6517 1492
6518 2955
6519 3032
6520 1953
6521 1492
6522 1492
6523 1492
6524 1492
6525 1493
6526 1547
6527 1495
6528 1804
6529 1500
6530 1500
6531 3275
6532 1500
6533 2743
6534 1500
6535 3276
6536 1503
6537 1503
6538 1503
6539 1504
6540 2876
6541 1504
6542 1504
6543 1504
6544 1504
6545 1504
6546 2981
6547 1504
6548 3017
6549 2334
6550 1507
6551 1507
6552 1507
6553 1510
6554 1510
6555 1511
6556 3292
6557 1511
6558 3023
6559 1511
6560 1511
6561 1512
6562 1514
6563 1515
6564 2274
6565 1519
6566 1859
6567 1520
6568 1520
6569 3263
6570 1522
6571 1524
6572 3197
6573 1524
6574 1524
6575 1524
6576 1526
6577 1526
6578 1526
6579 1526
6580 1526
6581 1526
6582 1526
6583 1526
6584 1526
6585 1526
6586 1526
6587 1526
6588 1526
6589 1526
6590 2241
6591 3040
6592 1526
6593 1531
6594 1576
6595 1535
6596 1535
6597 1535
6598 1536
6599 2187
6600 1536
6601 1536
6602 1763
6603 1536
6604 1540
6605 3193
6606 1540
6607 1540
6608 1540
6609 1541
6610 2111
6611 1541
6612 1541
6613 1541
6614 1808
6615 1541
6616 1542
6617 2301
6618 3169
6619 1543
6620 2616
6621 1543
6622 1543
6623 1543
6624 1543
6625 1977
6626 1544
6627 1544
6628 1546
6629 1546
6630 1803
6631 1546
6632 1919
6633 1546
6634 1546
6635 1551
6636 1775
6637 1550
6638 1551
6639 1551
6640 1975
6641 1556
6642 1593
6643 1560
6644 2525
6645 1561
6646 2670
6647 1561
6648 1561
6649 1561
6650 1561
6651 1561
6652 1561
6653 2316
6654 1776
6655 2000
6656 1847
6657 1561
6658 1561
6659 1727
6660 1561
6661 1561
6662 1561
6663 3187
6664 3252
6665 2284
6666 1838
6667 1631
6668 3015
6669 1562
6670 1562
6671 3248
6672 1562
6673 1562
6674 1562
6675 1562
6676 3124
6677 1562
6678 1562
6679 1562
6680 1563
6681 2042
6682 1563
6683 2002
6684 2039
6685 1564
6686 1564
6687 1568
6688 1569
6689 1569
6690 1569
6691 1573
6692 1785
6693 1573
6694 1573
6695 1573
6696 1573
6697 1573
6698 2476
6699 1573
6700 1573
6701 1573
6702 1573
6703 2864
6704 1573
6705 1573
6706 1574
6707 1574
6708 1574
6709 1574
6710 1574
6711 1574
6712 2645
6713 1574
6714 1725
6715 1574
6716 2874
6717 1574
6718 2384
6719 1575
6720 1575
6721 1575
6722 1575
6723 1575
6724 1575
6725 1575
6726 3234
6727 2471
6728 1577
6729 1577
6730 1577
6731 1577
6732 1577
6733 2022
6734 1577
6735 2459
6736 1578
6737 1580
6738 1582
6739 1582
6740 2030
6741 1582
6742 1584
6743 1586
6744 1587
6745 1588
6746 1588
6747 1590
6748 2890
6749 1590
6750 1592
6751 1592
6752 1703
6753 1592
6754 1596
6755 1863
6756 1596
6757 1682
6758 2869
6759 1601
6760 2229
6761 1601
6762 1601
6763 1601
6764 1601
6765 1602
6766 2494
6767 1602
6768 1711
6769 1605
6770 1606
6771 1606
6772 1606
6773 2992
6774 1608
6775 1610
6776 1610
6777 3033
6778 2916
6779 1611
6780 1611
6781 1611
6782 1615
6783 2733
6784 1617
6785 1617
6786 1617
6787 2266
6788 1617
6789 1618
6790 1618
6791 1619
6792 1693
6793 1619
6794 1619
6795 1827
6796 1623
6797 2544
6798 3217
6799 1623
6800 1623
6801 1624
6802 2922
6803 2719
6804 2402
6805 2622
6806 2033
6807 1644
6808 1644
6809 1644
6810 1644
6811 1644
6812 1684
6813 1645
6814 2405
6815 1645
6816 1647
6817 2524
6818 1757
6819 1647
6820 1650
6821 1650
6822 1651
6823 1652
6824 1652
6825 1653
6826 1654
6827 3111
6828 1654
6829 1654
6830 3125
6831 1654
6832 2178
6833 1655
6834 1655
6835 1660
6836 2878
6837 1665
6838 2738
6839 2538
6840 1665
6841 1665
6842 1665
6843 1665
6844 1666
6845 1667
6846 1670
6847 2792
6848 1671
6849 1671
6850 1671
6851 1671
6852 2102
6853 1673
6854 1673
6855 2181
6856 1674
6857 1674
6858 1674
6859 2381
6860 1674
6861 1674
6862 1879
6863 1675
6864 1675
6865 1675
6866 1675
6867 1675
6868 1681
6869 2954
6870 1681
6871 2419
6872 1681
6873 1681
6874 2775
6875 1683
6876 1683
6877 2174
6878 1684
6879 1684
6880 1684
6881 1684
6882 1684
6883 1684
6884 1684
6885 1923
6886 3163
6887 1684
6888 3050
6889 1684
6890 1684
6891 1684
6892 1684
6893 1684
6894 1684
6895 1684
6896 2826
6897 1684
6898 1684
6899 1684
6900 2070
6901 1684
6902 1684
6903 2787
6904 1754
6905 1684
6906 1684
6907 1684
6908 1688
6909 1688
6910 1688
6911 2750
6912 3284
6913 1688
6914 1688
6915 1691
6916 2929
6917 3041
6918 1691
6919 1691
6920 2319
6921 1691
6922 2843
6923 1697
6924 1697
6925 1697
6926 2115
6927 1699
6928 1700
6929 1700
6930 1700
6931 1701
6932 1701
6933 2894
6934 1701
6935 1701
6936 1701
6937 1701
6938 2629
6939 1704
6940 1704
6941 1705
6942 1706
6943 1708
6944 1709
6945 1709
6946 1709
6947 2807
6948 1715
6949 2913
6950 1715
6951 1715
6952 1715
6953 1716
6954 1716
6955 2305
6956 1716
6957 1717
6958 1717
6959 1733
6960 1721
6961 2712
6962 3270
6963 1721
6964 2165
6965 1725
6966 1725
6967 1725
6968 1725
6969 1728
6970 1728
6971 1728
6972 1728
6973 1888
6974 1728
6975 1728
6976 1728
6977 1728
6978 1728
6979 1728
6980 1728
6981 3165
6982 2058
6983 1728
6984 1728
6985 1728
6986 1728
6987 1728
6988 1728
6989 2602
6990 2079
6991 1730
6992 1819
6993 1736
6994 1742
6995 2747
6996 1742
6997 1742
6998 1742
6999 1914
7000 1746
7001 2947
7002 1756
7003 2937
7004 1757
7005 1758
7006 3062
7007 1761
7008 1761
7009 1762
7010 1762
7011 1762
7012 2311
7013 1762
7014 1765
7015 1910
7016 1770
7017 1771
7018 1771
7019 3131
7020 1771
7021 1771
7022 3049
7023 1771
7024 1772
7025 1774
7026 1776
7027 1779
7028 1780
7029 1780
7030 1780
7031 3067
7032 1782
7033 1978
7034 2261
7035 1783
7036 1783
7037 1784
7038 2151
7039 2522
7040 3226
7041 1784
7042 1848
7043 1784
7044 2067
7045 1784
7046 1784
7047 2677
7048 2021
7049 2900
7050 1785
7051 1787
7052 1789
7053 1789
7054 2062
7055 1790
7056 1790
7057 1790
7058 1790
7059 1790
7060 3150
7061 1790
7062 1790
7063 2413
7064 1790
7065 1839
7066 1791
7067 1791
7068 1791
7069 1791
7070 2804
7071 1791
7072 2167
7073 1795
7074 1797
7075 1798
7076 2553
7077 1800
7078 1800
7079 3280
7080 1800
7081 1802
7082 1802
7083 1802
7084 1802
7085 1802
7086 3229
7087 1802
7088 1802
7089 2001
7090 1802
7091 1802
7092 1802
7093 2353
7094 1881
7095 1918
7096 1802
7097 2168
7098 1802
7099 1802
7100 1802
7101 2019
7102 2100
7103 1846
7104 3296
7105 1802
7106 1802
7107 1802
7108 1802
7109 2009
7110 1802
7111 1802
7112 1802
7113 1802
7114 2691
7115 1802
7116 1802
7117 1802
7118 1802
7119 2430
7120 1802
7121 3299
7122 1802
7123 1802
7124 1802
7125 2221
7126 1802
7127 1802
7128 1802
7129 1802
7130 1802
7131 1802
7132 1802
7133 1802
7134 1802
7135 1802
7136 1802
7137 3277
7138 2532
7139 1802
7140 1802
7141 1802
7142 1802
7143 1802
7144 1802
7145 2015
7146 1802
7147 2899
7148 2734
7149 1802
7150 1901
7151 1802
7152 1802
7153 1996
7154 1802
7155 1802
7156 1802
7157 1802
7158 1802
7159 1802
7160 2489
7161 1802
7162 1802
7163 1802
7164 2655
7165 1802
7166 1802
7167 2796
7168 2105
7169 1802
7170 2428
7171 1802
7172 1802
7173 1802
7174 1802
7175 1802
7176 1802
7177 1802
7178 2407
7179 2863
7180 1802
7181 1802
7182 1802
7183 2508
7184 2200
7185 1802
7186 2581
7187 3189
7188 1802
7189 2487
7190 1802
7191 1802
7192 1802
7193 1802
7194 1802
7195 2337
7196 1802
7197 3178
7198 1802
7199 1802
7200 2982
7201 2199
7202 2379
7203 2046
7204 1802
7205 1802
7206 3181
7207 1802
7208 1802
7209 1802
7210 1802
7211 1802
7212 1802
7213 1802
7214 1802
7215 2917
7216 1803
7217 1804
7218 2375
7219 1808
7220 1809
7221 1812
7222 1812
7223 1812
7224 1814
7225 2263
7226 2066
7227 1814
7228 1814
7229 1814
7230 1816
7231 1816
7232 1816
7233 1816
7234 1817
7235 1818
7236 1818
7237 1819
7238 1819
7239 1820
7240 3244
7241 2838
7242 2192
7243 2751
7244 1825
7245 1828
7246 1828
7247 3144
7248 2024
7249 1833
7250 1834
7251 1834
7252 1835
7253 1836
7254 1836
7255 1836
7256 1839
7257 1840
7258 1841
7259 1841
7260 1841
7261 1841
7262 1842
7263 1843
7264 1843
7265 1846
7266 2137
7267 2713
7268 1847
7269 1921
7270 1848
7271 1848
7272 1852
7273 1852
7274 1853
7275 1860
7276 1861
7277 2253
7278 1861
7279 1861
7280 1861
7281 1861
7282 1861
7283 2549
7284 2688
7285 2529
7286 3242
7287 1867
7288 2547
7289 1867
7290 1867
7291 1867
7292 2696
7293 1867
7294 2211
7295 2341
7296 1867
7297 1867
7298 1916
7299 3230
7300 1867
7301 1867
7302 2976
7303 2060
7304 1867
7305 1867
7306 1867
7307 1867
7308 1867
7309 1867
7310 2389
7311 1867
7312 1867
7313 1867
7314 1867
7315 1867
7316 1867
7317 3148
7318 1869
7319 1869
7320 1869
7321 2446
7322 1871
7323 1871
7324 1873
7325 1970
7326 3271
7327 1873
7328 2265
7329 1927
7330 1873
7331 1873
7332 3007
7333 3245
7334 2803
7335 1875
7336 1875
7337 1875
7338 1875
7339 1875
7340 1875
7341 1875
7342 1877
7343 1877
7344 1877
7345 1905
7346 1877
7347 1877
7348 1877
7349 2272
7350 1878
7351 1879
7352 1879
7353 3224
7354 2526
7355 1882
7356 1883
7357 3031
7358 1890
7359 1890
7360 1993
7361 1891
7362 2098
7363 2289
7364 1892
7365 1892
7366 1892
7367 1892
7368 1892
7369 1892
7370 2640
7371 1892
7372 1892
7373 1892
7374 2939
7375 1892
7376 1892
7377 1892
7378 1892
7379 1893
7380 1893
7381 1893
7382 1893
7383 1893
7384 1893
7385 1893
7386 1893
7387 1893
7388 2123
7389 1895
7390 1895
7391 1895
7392 1895
7393 2851
7394 2330
7395 1895
7396 1895
7397 1895
7398 1895
7399 1896
7400 1896
7401 2812
7402 1897
7403 1897
7404 1897
7405 1898
7406 2557
7407 1898
7408 1898
7409 1898
7410 1898
7411 1899
7412 1902
7413 1902
7414 1902
7415 2212
7416 2856
7417 1907
7418 2666
7419 1907
7420 1907
7421 1907
7422 2186
7423 1907
7424 2938
7425 1907
7426 1907
7427 2011
7428 1907
7429 1907
7430 1908
7431 2509
7432 2343
7433 1913
7434 1915
7435 1915
7436 2239
7437 2762
7438 1920
7439 1923
7440 1923
7441 1923
7442 3159
7443 2559
7444 1928
7445 1930
7446 1930
7447 1930
7448 2133
7449 1930
7450 1930
7451 1930
7452 2963
7453 1930
7454 1930
7455 1932
7456 1932
7457 1932
7458 1932
7459 1932
7460 1932
7461 1932
7462 1933
7463 1934
7464 2317
7465 1934
7466 1934
7467 1937
7468 1938
7469 1938
7470 1941
7471 1941
7472 1941
7473 1942
7474 1942
7475 1943
7476 1943
7477 2727
7478 1943
7479 1943
7480 1943
7481 1943
7482 1943
7483 1943
7484 2756
7485 1943
7486 1943
7487 1943
7488 1943
7489 1991
7490 1943
7491 1943
7492 1943
7493 1943
7494 2765
7495 1948
7496 1948
7497 2135
7498 1952
7499 1952
7500 1952
7501 1952
7502 1952
7503 1952
7504 1952
7505 1952
7506 1952
7507 2927
7508 1995
7509 1954
7510 2451
7511 1954
7512 1954
7513 1954
7514 1954
7515 1954
7516 1954
7517 1954
7518 1954
7519 1954
7520 2209
7521 1954
7522 1954
7523 1955
7524 3066
7525 1955
7526 2611
7527 1959
7528 2298
7529 1961
7530 1962
7531 1963
7532 3260
7533 1965
7534 1966
7535 2254
7536 1967
7537 2905
7538 1967
7539 1967
7540 1967
7541 1969
7542 1969
7543 1971
7544 1971
7545 1972
7546 1976
7547 1976
7548 3259
7549 1977
7550 1977
7551 1979
7552 2304
7553 1979
7554 1979
7555 1982
7556 1982
7557 1982
7558 1982
7559 1982
7560 1983
7561 1984
7562 1984
7563 2131
7564 1986
7565 2623
7566 1988
7567 2759
7568 1988
7569 3278
7570 1988
7571 2690
7572 1991
7573 2283
7574 1991
7575 1991
7576 2959
7577 1993
7578 1994
7579 2103
7580 1995
7581 1995
7582 1995
7583 2542
7584 1995
7585 3045
7586 1995
7587 1996
7588 2246
7589 2928
7590 2000
7591 2132
7592 2000
7593 2000
7594 2000
7595 2000
7596 2001
7597 2232
7598 2001
7599 2001
7600 2002
7601 2002
7602 2004
7603 2006
7604 2006
7605 2144
7606 2268
7607 2235
7608 2007
7609 2007
7610 2007
7611 2173
7612 2010
7613 2010
7614 2169
7615 2011
7616 2011
7617 2012
7618 2012
7619 2012
7620 2012
7621 2012
7622 2012
7623 2012
7624 3098
7625 2012
7626 2012
7627 2012
7628 2012
7629 2013
7630 2410
7631 2017
7632 2019
7633 2019
7634 2891
7635 2019
7636 2019
7637 2019
7638 2019
7639 2019
7640 2019
7641 2809
7642 2019
7643 2820
7644 2019
7645 2019
7646 2019
7647 2019
7648 2019
7649 2019
7650 2019
7651 2019
7652 2019
7653 2019
7654 2563
7655 2019
7656 2568
7657 2019
7658 2019
7659 2019
7660 2481
7661 2022
7662 2653
7663 2024
7664 2024
7665 2663
7666 2024
7667 2486
7668 2024
7669 2024
7670 2024
7671 2646
7672 2024
7673 2024
7674 2024
7675 2024
7676 2456
7677 2024
7678 2286
7679 2024
7680 2024
7681 2024
7682 2030
7683 2030
7684 2031
7685 2033
7686 2034
7687 2034
7688 2034
7689 2034
7690 2034
7691 2034
7692 2035
7693 2035
7694 2692
7695 2035
7696 2035
7697 2035
7698 2035
7699 2035
7700 2035
7701 2035
7702 2038
7703 2626
7704 2984
7705 2038
7706 2038
7707 2038
7708 2038
7709 2038
7710 2038
7711 2038
7712 2038
7713 2038
7714 2038
7715 2038
7716 3022
7717 2039
7718 2042
7719 2042
7720 2042
7721 2042
7722 2045
7723 2045
7724 2647
7725 3210
7726 2045
7727 2047
7728 2047
7729 2047
7730 2047
7731 2047
7732 2433
7733 2047
7734 2047
7735 2047
7736 2881
7737 2047
7738 2047
7739 2048
7740 2051
7741 2051
7742 2073
7743 2053
7744 2053
7745 2053
7746 2053
7747 2060
7748 2061
7749 2061
7750 2061
7751 2062
7752 2062
7753 2062
7754 2064
7755 2064
7756 2264
7757 2068
7758 2068
7759 2068
7760 2071
7761 2071
7762 3274
7763 2073
7764 2073
7765 2075
7766 2076
7767 2076
7768 2076
7769 2076
7770 2076
7771 3010
7772 2076
7773 2082
7774 2082
7775 2083
7776 2083
7777 2086
7778 2086
7779 2086
7780 2086
7781 2086
7782 2599
7783 2086
7784 2086
7785 2087
7786 2088
7787 2089
7788 2091
7789 2091
7790 2093
7791 2095
7792 3076
7793 2095
7794 2095
7795 2095
7796 2095
7797 2095
7798 2095
7799 2095
7800 2095
7801 3251
7802 2625
7803 2095
7804 2095
7805 2099
7806 2099
7807 2099
7808 2720
7809 2100
7810 2996
7811 2100
7812 2100
7813 2100
7814 2100
7815 2100
7816 2408
7817 2100
7818 2100
7819 2100
7820 2100
7821 2100
7822 2100
7823 2100
7824 2100
7825 2100
7826 3262
7827 2100
7828 3016
7829 2871
7830 2100
7831 2100
7832 2100
7833 2506
7834 2100
7835 2105
7836 2107
7837 2107
7838 2107
7839 2108
7840 2271
7841 2111
7842 2662
7843 2113
7844 3170
7845 2113
7846 2464
7847 2113
7848 2904
7849 2119
7850 2120
7851 2912
7852 2121
7853 2125
7854 2125
7855 2125
7856 2126
7857 2126
7858 2126
7859 2127
7860 2127
7861 2127
7862 2127
7863 2127
7864 2129
7865 2131
7866 2841
7867 2134
7868 2135
7869 2137
7870 2141
7871 2143
7872 2143
7873 2144
7874 2144
7875 2144
7876 2145
7877 2146
7878 2147
7879 2147
7880 3018
7881 2152
7882 2152
7883 2346
7884 2152
7885 2152
7886 2152
7887 2152
7888 2152
7889 2152
7890 2152
7891 2152
7892 2152
7893 2813
7894 2152
7895 2152
7896 2152
7897 2152
7898 2152
7899 2152
7900 2152
7901 2152
7902 2152
7903 2242
7904 2152
7905 2152
7906 2152
7907 2152
7908 2152
7909 2152
7910 2152
7911 2152
7912 2817
7913 2152
7914 2152
7915 2152
7916 2152
7917 2152
7918 2152
7919 2152
7920 2152
7921 2153
7922 2411
7923 2153
7924 2153
7925 3006
7926 2154
7927 2156
7928 2156
7929 2163
7930 2279
7931 2884
7932 2619
7933 2620
7934 2163
7935 2163
7936 2165
7937 2165
7938 2165
7939 2175
7940 2921
7941 2176
7942 2858
7943 2176
7944 2466
7945 2179
7946 2179
7947 2179
7948 2573
7949 2816
7950 2179
7951 2598
7952 2179
7953 2179
7954 2179
7955 2180
7956 2906
7957 2184
7958 2184
7959 2184
7960 2186
7961 2454
7962 2186
7963 2186
7964 2186
7965 2186
7966 2186
7967 2186
7968 2186
7969 2187
7970 2187
7971 2189
7972 2189
7973 2189
7974 2189
7975 2189
7976 2189
7977 2189
7978 2798
7979 2190
7980 2191
7981 2461
7982 2192
7983 2192
7984 2882
7985 2193
7986 2195
7987 2788
7988 2199
7989 2199
7990 2199
7991 2661
7992 3157
7993 2204
7994 2883
7995 3258
7996 2215
7997 2204
7998 2697
7999 2206
8000 2206
8001 2206
8002 2206
8003 2206
8004 2206
8005 2206
8006 2206
8007 2206
8008 2206
8009 2206
8010 3069
8011 2855
8012 2206
8013 2206
8014 2206
8015 2206
8016 2312
8017 2206
8018 2206
8019 3151
8020 2211
8021 2994
8022 2212
8023 2213
8024 2213
8025 2214
8026 2214
8027 2214
8028 2214
8029 2214
8030 2214
8031 2214
8032 2344
8033 2214
8034 2214
8035 2218
8036 2219
8037 2219
8038 2220
8039 2222
8040 2222
8041 2222
8042 2222
8043 2222
8044 2222
8045 2223
8046 2223
8047 2753
8048 2223
8049 2516
8050 2223
8051 2223
8052 2829
8053 2224
8054 2225
8055 2229
8056 2230
8057 2230
8058 2698
8059 2230
8060 2230
8061 2585
8062 2256
8063 2236
8064 2236
8065 2236
8066 2236
8067 2236
8068 3215
8069 2236
8070 2240
8071 2243
8072 2246
8073 2248
8074 2290
8075 2253
8076 2257
8077 2839
8078 2257
8079 2257
8080 2257
8081 2257
8082 2257
8083 2445
8084 2259
8085 2259
8086 2880
8087 2396
8088 2259
8089 2259
8090 2259
8091 2259
8092 3221
8093 2259
8094 2261
8095 2261
8096 2261
8097 2261
8098 2261
8099 2261
8100 3064
8101 2261
8102 2261
8103 2261
8104 2261
8105 2261
8106 2261
8107 2261
8108 2768
8109 2261
8110 2261
8111 2261
8112 2261
8113 2261
8114 2888
8115 2261
8116 2262
8117 2480
8118 2263
8119 2263
8120 2263
8121 2263
8122 2263
8123 2263
8124 2263
8125 2263
8126 2263
8127 2263
8128 3297
8129 2266
8130 2267
8131 2268
8132 2637
8133 2272
8134 2272
8135 2272
8136 2517
8137 2276
8138 2278
8139 2278
8140 2278
8141 2278
8142 2278
8143 2278
8144 2793
8145 2278
8146 2279
8147 2279
8148 2279
8149 2279
8150 3092
8151 2279
8152 2641
8153 2279
8154 2589
8155 2281
8156 2281
8157 2764
8158 2287
8159 2287
8160 2287
8161 2287
8162 2290
8163 2291
8164 2293
8165 2806
8166 2293
8167 2293
8168 2293
8169 2293
8170 2293
8171 2293
8172 2293
8173 2293
8174 2296
8175 2298
8176 2298
8177 2306
8178 3107
8179 2325
8180 2627
8181 3090
8182 2309
8183 2309
8184 2309
8185 2309
8186 2309
8187 2312
8188 2313
8189 2313
8190 2903
8191 2778
8192 2601
8193 2313
8194 2314
8195 2314
8196 2314
8197 2314
8198 2315
8199 2315
8200 2700
8201 2875
8202 2320
8203 2321
8204 2321
8205 2321
8206 2322
8207 2324
8208 2357
8209 2324
8210 2324
8211 3232
8212 2326
8213 2327
8214 2327
8215 2327
8216 2327
8217 2327
8218 2328
8219 2328
8220 2328
8221 2329
8222 2504
8223 2329
8224 2329
8225 2329
8226 2330
8227 2333
8228 2333
8229 2333
8230 2333
8231 2333
8232 2333
8233 2333
8234 2337
8235 3254
8236 2338
8237 2338
8238 2338
8239 2338
8240 2338
8241 2338
8242 2338
8243 2773
8244 2338
8245 2342
8246 2342
8247 2342
8248 2343
8249 2344
8250 3117
8251 2345
8252 2345
8253 2345
8254 2348
8255 2351
8256 2351
8257 2351
8258 2360
8259 2991
8260 2361
8261 2363
8262 2363
8263 2363
8264 2363
8265 2363
8266 2363
8267 3038
8268 2365
8269 2365
8270 2365
8271 2366
8272 3246
8273 2366
8274 2366
8275 2366
8276 3084
8277 2366
8278 2366
8279 2368
8280 2368
8281 2370
8282 2370
8283 2370
8284 2371
8285 2372
8286 2372
8287 2373
8288 2374
8289 2374
8290 2375
8291 2376
8292 2376
8293 2376
8294 2377
8295 2377
8296 2377
8297 2377
8298 2377
8299 2380
8300 2380
8301 2380
8302 2380
8303 2380
8304 2380
8305 2502
8306 2385
8307 3286
8308 2387
8309 2387
8310 2387
8311 2387
8312 2387
8313 2387
8314 2889
8315 2388
8316 2388
8317 2388
8318 2689
8319 2388
8320 2388
8321 2388
8322 2391
8323 2993
8324 2392
8325 2392
8326 2393
8327 2394
8328 2394
8329 2394
8330 2394
8331 2394
8332 2396
8333 2396
8334 2782
8335 2396
8336 2396
8337 2867
8338 2396
8339 2399
8340 2401
8341 2401
8342 2401
8343 2406
8344 2406
8345 2406
8346 2406
8347 2406
8348 3072
8349 2407
8350 2407
8351 2407
8352 2407
8353 2407
8354 2407
8355 2408
8356 2408
8357 2564
8358 2408
8359 3132
8360 2408
8361 2714
8362 2408
8363 2408
8364 2408
8365 2528
8366 2450
8367 2411
8368 2850
8369 2412
8370 2786
8371 3068
8372 2413
8373 2414
8374 2416
8375 2417
8376 2417
8377 2419
8378 2419
8379 2420
8380 2421
8381 2421
8382 2422
8383 2422
8384 3261
8385 2512
8386 2426
8387 2428
8388 2834
8389 2428
8390 2428
8391 2428
8392 2729
8393 2428
8394 2432
8395 2432
8396 2432
8397 2433
8398 2433
8399 2433
8400 2433
8401 2436
8402 2437
8403 2437
8404 2439
8405 2439
8406 2439
8407 2439
8408 2439
8409 2440
8410 2440
8411 2440
8412 2444
8413 2643
8414 2446
8415 2446
8416 2448
8417 2448
8418 3043
8419 2454
8420 2454
8421 2455
8422 3139
8423 2456
8424 2459
8425 2460
8426 2462
8427 2463
8428 2466
8429 2467
8430 2467
8431 2467
8432 2467
8433 2467
8434 2470
8435 2470
8436 2470
8437 2470
8438 2470
8439 2470
8440 2470
8441 2470
8442 2471
8443 2471
8444 2471
8445 2473
8446 2473
8447 2473
8448 2473
8449 2473
8450 2473
8451 2473
8452 2473
8453 2550
8454 2473
8455 2665
8456 2473
8457 2473
8458 2473
8459 2479
8460 2479
8461 2555
8462 2479
8463 2479
8464 2479
8465 2479
8466 2479
8467 2783
8468 2479
8469 2479
8470 2479
8471 2479
8472 2480
8473 2480
8474 2480
8475 2736
8476 2483
8477 2569
8478 2483
8479 2965
8480 2483
8481 2483
8482 2483
8483 2483
8484 2484
8485 2484
8486 2485
8487 2485
8488 2485
8489 2485
8490 3205
8491 2485
8492 2485
8493 2485
8494 2485
8495 2485
8496 2485
8497 2485
8498 2486
8499 2486
8500 2486
8501 2486
8502 2486
8503 2486
8504 2488
8505 2737
8506 2489
8507 2492
8508 2492
8509 2493
8510 2493
8511 2494
8512 2496
8513 2499
8514 2501
8515 2501
8516 2503
8517 2503
8518 2504
8519 2504
8520 2504
8521 2980
8522 2505
8523 2511
8524 2511
8525 2512
8526 2515
8527 2515
8528 2515
8529 2518
8530 2520
8531 2522
8532 2524
8533 2524
8534 2524
8535 2524
8536 2524
8537 2650
8538 2524
8539 2530
8540 2684
8541 3020
8542 2524
8543 2524
8544 2524
8545 2525
8546 2526
8547 2526
8548 2526
8549 2877
8550 2526
8551 2526
8552 2526
8553 2685
8554 2526
8555 2526
8556 2526
8557 2526
8558 2526
8559 2526
8560 2526
8561 2526
8562 2526
8563 2526
8564 2526
8565 2526
8566 2526
8567 2526
8568 2892
8569 2526
8570 2526
8571 2526
8572 2657
8573 2526
8574 2530
8575 2530
8576 2530
8577 2530
8578 2530
8579 2534
8580 2534
8581 2534
8582 2534
8583 2534
8584 2961
8585 2534
8586 2534
8587 2534
8588 2534
8589 2534
8590 2537
8591 2538
8592 2541
8593 2541
8594 2541
8595 2542
8596 2706
8597 2544
8598 2547
8599 2547
8600 2547
8601 2548
8602 2548
8603 2556
8604 2557
8605 2557
8606 2557
8607 2557
8608 2557
8609 2559
8610 2561
8611 2564
8612 2565
8613 2566
8614 2566
8615 2566
8616 2566
8617 2566
8618 2566
8619 2573
8620 2573
8621 3108
8622 2573
8623 2574
8624 2574
8625 2574
8626 2574
8627 2575
8628 2575
8629 2577
8630 3106
8631 2577
8632 2766
8633 2577
8634 2578
8635 2580
8636 2583
8637 2583
8638 2583
8639 2583
8640 3091
8641 2583
8642 2583
8643 2583
8644 2583
8645 2583
8646 2583
8647 2583
8648 2583
8649 2583
8650 2583
8651 2583
8652 2586
8653 2586
8654 2586
8655 2589
8656 2589
8657 2589
8658 2589
8659 2589
8660 2589
8661 2589
8662 2589
8663 2589
8664 2589
8665 2589
8666 2589
8667 2589
8668 2589
8669 2711
8670 2590
8671 2672
8672 3137
8673 2590
8674 2590
8675 2590
8676 2590
8677 2590
8678 2590
8679 2590
8680 2590
8681 2590
8682 2590
8683 2591
8684 2591
8685 2591
8686 2591
8687 2591
8688 2591
8689 3099
8690 2591
8691 2591
8692 2591
8693 2591
8694 2763
8695 2591
8696 2591
8697 2591
8698 2591
8699 2591
8700 3013
8701 2591
8702 2591
8703 2591
8704 2591
8705 2591
8706 2591
8707 2591
8708 2978
8709 2591
8710 2591
8711 2591
8712 2591
8713 2591
8714 2707
8715 2591
8716 2591
8717 2591
8718 2591
8719 2591
8720 2591
8721 2682
8722 2591
8723 2591
8724 2591
8725 2591
8726 2591
8727 2591
8728 2591
8729 2591
8730 2591
8731 2591
8732 2591
8733 2591
8734 2605
8735 2731
8736 2591
8737 3154
8738 2591
8739 2591
8740 2591
8741 2832
8742 2591
8743 2591
8744 2591
8745 2593
8746 2593
8747 2872
8748 2594
8749 2594
8750 2595
8751 2824
8752 2596
8753 2596
8754 2596
8755 3202
8756 2596
8757 2596
8758 2596
8759 2596
8760 2597
8761 2599
8762 2599
8763 2599
8764 2599
8765 2600
8766 2600
8767 2601
8768 2761
8769 2601
8770 3301
8771 3158
8772 2604
8773 2604
8774 2610
8775 3127
8776 2610
8777 2610
8778 2610
8779 2611
8780 2611
8781 2613
8782 2614
8783 2614
8784 2615
8785 2615
8786 2620
8787 2932
8788 2624
8789 2624
8790 2624
8791 2631
8792 2624
8793 2626
8794 2627
8795 3161
8796 2629
8797 2629
8798 2629
8799 2629
8800 2629
8801 2631
8802 2631
8803 2631
8804 2631
8805 2633
8806 2634
8807 2634
8808 2635
8809 2636
8810 2636
8811 2636
8812 2638
8813 2640
8814 2640
8815 2640
8816 2640
8817 2640
8818 2724
8819 2640
8820 2640
8821 2640
8822 3074
8823 2646
8824 2646
8825 2649
8826 2650
8827 2652
8828 2742
8829 2653
8830 2653
8831 2653
8832 2653
8833 2653
8834 2653
8835 2653
8836 2653
8837 2653
8838 3075
8839 2653
8840 2653
8841 2653
8842 2653
8843 2653
8844 2653
8845 2653
8846 2653
8847 2653
8848 2693
8849 2655
8850 3101
8851 2657
8852 2662
8853 2663
8854 2666
8855 3204
8856 2669
8857 2669
8858 2669
8859 2669
8860 2669
8861 2669
8862 2669
8863 2669
8864 2671
8865 2671
8866 2671
8867 2671
8868 3126
8869 2675
8870 3191
8871 2677
8872 2678
8873 2678
8874 2678
8875 2678
8876 2678
8877 2680
8878 2680
8879 2682
8880 2682
8881 2684
8882 2684
8883 2685
8884 2685
8885 2685
8886 2685
8887 2685
8888 2685
8889 2685
8890 2685
8891 2685
8892 2685
8893 2685
8894 2685
8895 2685
8896 2688
8897 2689
8898 2692
8899 2692
8900 2694
8901 2697
8902 2697
8903 2697
8904 2699
8905 2699
8906 2699
8907 2699
8908 2699
8909 3257
8910 2699
8911 2699
8912 2821
8913 2699
8914 2701
8915 3155
8916 2704
8917 2704
8918 2704
8919 3298
8920 2704
8921 2704
8922 2705
8923 2706
8924 2706
8925 2706
8926 2709
8927 2712
8928 2714
8929 2721
8930 2721
8931 2721
8932 2721
8933 2721
8934 2722
8935 2722
8936 2722
8937 2724
8938 2724
8939 2724
8940 2731
8941 2731
8942 2731
8943 2733
8944 2854
8945 2733
8946 3250
8947 2734
8948 2736
8949 2739
8950 2739
8951 2739
8952 2739
8953 2741
8954 2741
8955 2741
8956 2741
8957 2744
8958 3113
8959 2926
8960 2745
8961 2745
8962 2745
8963 2745
8964 2772
8965 2745
8966 2745
8967 2745
8968 2745
8969 2745
8970 2745
8971 2745
8972 2745
8973 2745
8974 2745
8975 2745
8976 2745
8977 2745
8978 2745
8979 2745
8980 2745
8981 2745
8982 2745
8983 2745
8984 2745
8985 2745
8986 2745
8987 2745
8988 2745
8989 2745
8990 3227
8991 2745
8992 2745
8993 2745
8994 2745
8995 2745
8996 3267
8997 2745
8998 2745
8999 2745
9000 2745
9001 2745
9002 2745
9003 2745
9004 2745
9005 2745
9006 2745
9007 3141
9008 2745
9009 2745
9010 2745
9011 2745
9012 3014
9013 2745
9014 2745
9015 2745
9016 2745
9017 2745
9018 2745
9019 2745
9020 2745
9021 2745
9022 2745
9023 2747
9024 2747
9025 2747
9026 2747
9027 2747
9028 2747
9029 2747
9030 2747
9031 2747
9032 2747
9033 2747
9034 2747
9035 2747
9036 2747
9037 2748
9038 2751
9039 2751
9040 2752
9041 2752
9042 2757
9043 2757
9044 2757
9045 2757
9046 3093
9047 2757
9048 2758
9049 2759
9050 2759
9051 2759
9052 2759
9053 2759
9054 2759
9055 2873
9056 2759
9057 2762
9058 2762
9059 2762
9060 2762
9061 2762
9062 2762
9063 2762
9064 2762
9065 2762
9066 2762
9067 3012
9068 2762
9069 2762
9070 2762
9071 2762
9072 2762
9073 2762
9074 2762
9075 2762
9076 2762
9077 2762
9078 2766
9079 2768
9080 2768
9081 2768
9082 2773
9083 2773
9084 2773
9085 2773
9086 2773
9087 2773
9088 2773
9089 2773
9090 2773
9091 2774
9092 2775
9093 2776
9094 2777
9095 2777
9096 2777
9097 2777
9098 2777
9099 2777
9100 2777
9101 2777
9102 2777
9103 2777
9104 2779
9105 2781
9106 2783
9107 2784
9108 2784
9109 2784
9110 2784
9111 2784
9112 2784
9113 3194
9114 2784
9115 2784
9116 3036
9117 2786
9118 2786
9119 2786
9120 2786
9121 2786
9122 2786
9123 2786
9124 2786
9125 2789
9126 2789
9127 3026
9128 2794
9129 2794
9130 2795
9131 2797
9132 2800
9133 2802
9134 2802
9135 2802
9136 2804
9137 2804
9138 2804
9139 2804
9140 2804
9141 2804
9142 2804
9143 2804
9144 2804
9145 2805
9146 2808
9147 2808
9148 2831
9149 2811
9150 2811
9151 2813
9152 2814
9153 2816
9154 2817
9155 2860
9156 2818
9157 2818
9158 2818
9159 2819
9160 2819
9161 2857
9162 2820
9163 3119
9164 2822
9165 2822
9166 2822
9167 2824
9168 3177
9169 2825
9170 2828
9171 2829
9172 2831
9173 2832
9174 2832
9175 2832
9176 2832
9177 2832
9178 2832
9179 2832
9180 2832
9181 2833
9182 2833
9183 2834
9184 3219
9185 2834
9186 2834
9187 2834
9188 2834
9189 2834
9190 2834
9191 2834
9192 2840
9193 2841
9194 2841
9195 2842
9196 2843
9197 2843
9198 2845
9199 2845
9200 2845
9201 2845
9202 2845
9203 2845
9204 2845
9205 2845
9206 2845
9207 2845
9208 2845
9209 2845
9210 2845
9211 2845
9212 2845
9213 2845
9214 3188
9215 2849
9216 2849
9217 2849
9218 2849
9219 2849
9220 2850
9221 2851
9222 2851
9223 2852
9224 2853
9225 2856
9226 2856
9227 2857
9228 2857
9229 2858
9230 2858
9231 2858
9232 2858
9233 2858
9234 2858
9235 2858
9236 2859
9237 2859
9238 2860
9239 2860
9240 2860
9241 2860
9242 2860
9243 2860
9244 2860
9245 2861
9246 2861
9247 2862
9248 2863
9249 2864
9250 2864
9251 2864
9252 2864
9253 2864
9254 2864
9255 2864
9256 2869
9257 2869
9258 2869
9259 2869
9260 2869
9261 2869
9262 2869
9263 2872
9264 2872
9265 2874
9266 2876
9267 3152
9268 2878
9269 2878
9270 2878
9271 2878
9272 2878
9273 2878
9274 2878
9275 2878
9276 2878
9277 2878
9278 2878
9279 3077
9280 2878
9281 2878
9282 2878
9283 2878
9284 2878
9285 2878
9286 2879
9287 2886
9288 2886
9289 2886
9290 2888
9291 2888
9292 2888
9293 2888
9294 2888
9295 2888
9296 2888
9297 2888
9298 2888
9299 2888
9300 2888
9301 2888
9302 2888
9303 2888
9304 2888
9305 2946
9306 2888
9307 2888
9308 2888
9309 2888
9310 2888
9311 3272
9312 2888
9313 3206
9314 2888
9315 2888
9316 2888
9317 2888
9318 2888
9319 2888
9320 2893
9321 3104
9322 2893
9323 2894
9324 2894
9325 2895
9326 2896
9327 2897
9328 2897
9329 2897
9330 2897
9331 2897
9332 2898
9333 3140
9334 2900
9335 3209
9336 2901
9337 2901
9338 2901
9339 2904
9340 2966
9341 2904
9342 2904
9343 2904
9344 2908
9345 2909
9346 2909
9347 2911
9348 2911
9349 2911
9350 2911
9351 2911
9352 2911
9353 2911
9354 2911
9355 2912
9356 2912
9357 2912
9358 2912
9359 2912
9360 2912
9361 2912
9362 2912
9363 2912
9364 2914
9365 2914
9366 2914
9367 2916
9368 2916
9369 2916
9370 2916
9371 2916
9372 2916
9373 2916
9374 2916
9375 2916
9376 2918
9377 2918
9378 2918
9379 2918
9380 2918
9381 2918
9382 2922
9383 2958
9384 2927
9385 2927
9386 2928
9387 2968
9388 2929
9389 2929
9390 2929
9391 2929
9392 2932
9393 2932
9394 2932
9395 2932
9396 2932
9397 2933
9398 2934
9399 2934
9400 2935
9401 2936
9402 2936
9403 2937
9404 3034
9405 2941
9406 2944
9407 2946
9408 2948
9409 2951
9410 2951
9411 2951
9412 2951
9413 2951
9414 2951
9415 2951
9416 2951
9417 2951
9418 2951
9419 2951
9420 2951
9421 2953
9422 2953
9423 2953
9424 2953
9425 2953
9426 2953
9427 2953
9428 2953
9429 2953
9430 2953
9431 2953
9432 2958
9433 2958
9434 2958
9435 2958
9436 2959
9437 2959
9438 2959
9439 2960
9440 2960
9441 2960
9442 2960
9443 2960
9444 2962
9445 2963
9446 2963
9447 2965
9448 2965
9449 2965
9450 2968
9451 2968
9452 2968
9453 2968
9454 2968
9455 2970
9456 2971
9457 2971
9458 2972
9459 2972
9460 2972
9461 2972
9462 2974
9463 2975
9464 2975
9465 2975
9466 2975
9467 3295
9468 2975
9469 2975
9470 2975
9471 2975
9472 2975
9473 3053
9474 2975
9475 2975
9476 2976
9477 2976
9478 2976
9479 2978
9480 2979
9481 2982
9482 2982
9483 2983
9484 2984
9485 2986
9486 2986
9487 2986
9488 2986
9489 2986
9490 2986
9491 2986
9492 2986
9493 2986
9494 2986
9495 2986
9496 2987
9497 2987
9498 2987
9499 2987
9500 2987
9501 2987
9502 2987
9503 2987
9504 2987
9505 2987
9506 2987
9507 3051
9508 2987
9509 2987
9510 2987
9511 2987
9512 2987
9513 2987
9514 2987
9515 2987
9516 2987
9517 2987
9518 2987
9519 2987
9520 2987
9521 2987
9522 2987
9523 2987
9524 2987
9525 3005
9526 2987
9527 2987
9528 2987
9529 2987
9530 2987
9531 2987
9532 2988
9533 2991
9534 2991
9535 2991
9536 2991
9537 2991
9538 2991
9539 2991
9540 2991
9541 2994
9542 2994
9543 2994
9544 3000
9545 3000
9546 3000
9547 3000
9548 3001
9549 3003
9550 3005
9551 3007
9552 3008
9553 3021
9554 3010
9555 3010
9556 3010
9557 3012
9558 3017
9559 3018
9560 3021
9561 3021
9562 3021
9563 3282
9564 3021
9565 3021
9566 3021
9567 3021
9568 3021
9569 3021
9570 3021
9571 3021
9572 3153
9573 3021
9574 3021
9575 3021
9576 3021
9577 3021
9578 3021
9579 3021
9580 3021
9581 3022
9582 3022
9583 3022
9584 3024
9585 3024
9586 3025
9587 3025
9588 3025
9589 3025
9590 3025
9591 3025
9592 3025
9593 3025
9594 3025
9595 3025
9596 3025
9597 3025
9598 3025
9599 3179
9600 3025
9601 3025
9602 3025
9603 3025
9604 3025
9605 3059
9606 3025
9607 3025
9608 3025
9609 3025
9610 3032
9611 3036
9612 3036
9613 3036
9614 3036
9615 3040
9616 3040
9617 3041
9618 3041
9619 3041
9620 3041
9621 3042
9622 3042
9623 3044
9624 3044
9625 3044
9626 3044
9627 3044
9628 3044
9629 3046
9630 3046
9631 3046
9632 3047
9633 3047
9634 3047
9635 3047
9636 3047
9637 3047
9638 3047
9639 3047
9640 3047
9641 3047
9642 3049
9643 3049
9644 3050
9645 3050
9646 3050
9647 3052
9648 3052
9649 3054
9650 3056
9651 3287
9652 3281
9653 3060
9654 3060
9655 3060
9656 3060
9657 3060
9658 3060
9659 3060
9660 3060
9661 3060
9662 3060
9663 3062
9664 3062
9665 3062
9666 3062
9667 3062
9668 3062
9669 3062
9670 3062
9671 3062
9672 3062
9673 3062
9674 3062
9675 3062
9676 3062
9677 3062
9678 3062
9679 3062
9680 3062
9681 3065
9682 3065
9683 3066
9684 3066
9685 3068
9686 3069
9687 3069
9688 3070
9689 3070
9690 3070
9691 3074
9692 3076
9693 3076
9694 3076
9695 3076
9696 3081
9697 3083
9698 3085
9699 3086
9700 3086
9701 3086
9702 3086
9703 3086
9704 3086
9705 3086
9706 3086
9707 3086
9708 3087
9709 3088
9710 3088
9711 3088
9712 3088
9713 3092
9714 3094
9715 3094
9716 3097
9717 3097
9718 3097
9719 3097
9720 3097
9721 3097
9722 3097
9723 3097
9724 3097
9725 3097
9726 3098
9727 3098
9728 3099
9729 3099
9730 3099
9731 3102
9732 3104
9733 3118
9734 3105
9735 3108
9736 3110
9737 3111
9738 3111
9739 3111
9740 3111
9741 3111
9742 3111
9743 3111
9744 3116
9745 3116
9746 3117
9747 3117
9748 3120
9749 3121
9750 3121
9751 3121
9752 3121
9753 3121
9754 3121
9755 3121
9756 3121
9757 3122
9758 3125
9759 3126
9760 3128
9761 3128
9762 3128
9763 3129
9764 3132
9765 3136
9766 3136
9767 3137
9768 3142
9769 3142
9770 3142
9771 3142
9772 3142
9773 3142
9774 3142
9775 3142
9776 3142
9777 3142
9778 3142
9779 3142
9780 3143
9781 3151
9782 3151
9783 3152
9784 3152
9785 3152
9786 3152
9787 3152
9788 3152
9789 3154
9790 3154
9791 3155
9792 3155
9793 3156
9794 3156
9795 3190
9796 3156
9797 3156
9798 3157
9799 3159
9800 3160
9801 3162
9802 3162
9803 3166
9804 3167
9805 3167
9806 3169
9807 3169
9808 3169
9809 3175
9810 3175
9811 3175
9812 3175
9813 3175
9814 3181
9815 3182
9816 3182
9817 3182
9818 3182
9819 3183
9820 3183
9821 3184
9822 3184
9823 3184
9824 3184
9825 3185
9826 3185
9827 3185
9828 3187
9829 3188
9830 3191
9831 3191
9832 3194
9833 3194
9834 3194
9835 3195
9836 3197
9837 3197
9838 3197
9839 3199
9840 3199
9841 3200
9842 3200
9843 3200
9844 3200
9845 3205
9846 3205
9847 3205
9848 3209
9849 3211
9850 3211
9851 3211
9852 3233
9853 3211
9854 3211
9855 3211
9856 3211
9857 3211
9858 3211
9859 3211
9860 3211
9861 3211
9862 3211
9863 3211
9864 3211
9865 3211
9866 3211
9867 3212
9868 3212
9869 3212
9870 3212
9871 3212
9872 3212
9873 3212
9874 3212
9875 3212
9876 3212
9877 3212
9878 3212
9879 3215
9880 3215
9881 3218
9882 3218
9883 3220
9884 3220
9885 3220
9886 3224
9887 3224
9888 3224
9889 3224
9890 3224
9891 3228
9892 3230
9893 3231
9894 3232
9895 3233
9896 3235
9897 3235
9898 3235
9899 3235
9900 3235
9901 3235
9902 3235
9903 3235
9904 3235
9905 3235
9906 3235
9907 3235
9908 3235
9909 3235
9910 3235
9911 3235
9912 3235
9913 3237
9914 3237
9915 3237
9916 3237
9917 3237
9918 3239
9919 3242
9920 3243
9921 3244
9922 3244
9923 3244
9924 3244
9925 3244
9926 3244
9927 3244
9928 3244
9929 3244
9930 3247
9931 3247
9932 3247
9933 3247
9934 3247
9935 3247
9936 3247
9937 3247
9938 3247
9939 3247
9940 3247
9941 3247
9942 3247
9943 3247
9944 3247
9945 3247
9946 3252
9947 3256
9948 3257
9949 3261
9950 3264
9951 3264
9952 3264
9953 3266
9954 3267
9955 3267
9956 3267
9957 3267
9958 3267
9959 3267
9960 3267
9961 3267
9962 3267
9963 3268
9964 3271
9965 3274
9966 3276
9967 3276
9968 3276
9969 3276
9970 3276
9971 3276
9972 3276
9973 3278
9974 3278
9975 3279
9976 3280
9977 3282
9978 3284
9979 3285
9980 3289
9981 3289
9982 3290
9983 3290
9984 3290
9985 3290
9986 3290
9987 3290
9988 3290
9989 3290
9990 3291
9991 3294
9992 3296
9993 3296
9994 3297
9995 3298
9996 3301
9997 3301
9998 3301
9999 3301
