10000 9999
1 0
2 1
3 1
4 0
5 1
6 3
7 5
8 7
9 2
10 7
11 3
12 10
13 7
14 4
15 8
16 15
17 1
18 5
19 12
20 16
21 18
22 3
23 18
24 23
25 19
26 24
27 9
28 1
29 19
30 6
31 7
32 23
33 1
34 29
35 11
36 13
37 35
38 21
39 20
40 23
41 24
42 1
43 25
44 28
45 34
46 31
47 28
48 43
49 7
50 36
51 23
52 47
53 43
54 28
55 43
56 40
57 37
58 7
59 43
60 47
61 55
62 32
63 43
64 50
65 23
66 43
67 33
68 43
69 57
70 68
71 43
72 24
73 29
74 61
75 50
76 8
77 60
78 67
79 58
80 58
81 69
82 43
83 38
84 61
85 67
86 7
87 43
88 76
89 50
90 16
91 76
92 43
93 60
94 80
95 85
96 43
97 46
98 94
99 7
100 71
101 58
102 42
103 43
104 43
105 96
106 38
107 81
108 98
109 93
110 44
111 88
112 103
113 60
114 93
115 108
116 43
117 43
118 89
119 43
120 43
121 50
122 8
123 23
124 50
125 88
126 93
127 108
128 59
129 56
130 124
131 123
132 43
133 120
134 71
135 108
136 131
137 43
138 108
139 7
140 36
141 43
142 26
143 72
144 71
145 100
146 85
147 124
148 129
149 105
150 124
151 39
152 49
153 16
154 74
155 36
156 90
157 17
158 85
159 157
160 27
161 158
162 125
163 159
164 7
165 130
166 41
167 43
168 162
169 106
170 60
171 105
172 8
173 7
174 123
175 60
176 59
177 109
178 100
179 156
180 43
181 141
182 77
183 104
184 136
185 115
186 58
187 140
188 145
189 116
190 171
191 151
192 43
193 144
194 8
195 127
196 153
197 48
198 124
199 192
200 173
201 97
202 76
203 124
204 28
205 117
206 91
207 103
208 93
209 81
210 144
211 203
212 65
213 163
214 189
215 110
216 43
217 144
218 206
219 7
220 93
221 159
222 215
223 43
224 168
225 75
226 95
227 195
228 99
229 78
230 218
231 219
232 135
233 124
234 97
235 124
236 54
237 207
238 138
239 215
240 88
241 239
242 187
243 76
244 112
245 180
246 97
247 151
248 52
249 97
250 235
251 82
252 50
253 200
254 130
255 198
256 250
257 161
258 90
259 97
260 146
261 49
262 215
263 57
264 261
265 219
266 173
267 256
268 203
269 114
270 221
271 155
272 167
273 210
274 245
275 241
276 76
277 85
278 93
279 45
280 76
281 164
282 224
283 46
284 240
285 181
286 200
287 168
288 245
289 276
290 284
291 215
292 84
293 36
294 219
295 260
296 172
297 98
298 245
299 213
300 264
301 194
302 144
303 144
304 213
305 193
306 267
307 269
308 219
309 38
310 130
311 255
312 219
313 304
314 309
315 117
316 24
317 267
318 310
319 235
320 154
321 235
322 110
323 182
324 259
325 200
326 173
327 240
328 110
329 253
330 150
331 118
332 61
333 298
334 93
335 173
336 43
337 309
338 61
339 223
340 199
341 313
342 182
343 295
344 331
345 175
346 66
347 265
348 71
349 128
350 342
351 251
352 92
353 286
354 200
355 58
356 295
357 281
358 43
359 142
360 119
361 18
362 43
363 112
364 356
365 144
366 89
367 313
368 200
369 260
370 348
371 283
372 253
373 364
374 259
375 51
376 373
377 284
378 32
379 76
380 122
381 364
382 373
383 122
384 330
385 195
386 173
387 127
388 73
389 162
390 284
391 319
392 255
393 112
394 128
395 307
396 362
397 103
398 71
399 342
400 360
401 370
402 260
403 82
404 144
405 359
406 43
407 359
408 335
409 247
410 205
411 284
412 365
413 7
414 107
415 336
416 337
417 269
418 409
419 204
420 275
421 67
422 43
423 413
424 358
425 143
426 198
427 153
428 371
429 89
430 66
431 133
432 284
433 426
434 215
435 173
436 111
437 61
438 342
439 397
440 123
441 43
442 184
443 284
444 203
445 409
446 251
447 144
448 354
449 231
450 315
451 291
452 198
453 43
454 230
455 436
456 281
457 429
458 80
459 413
460 216
461 197
462 436
463 444
464 388
465 265
466 436
467 43
468 436
469 137
470 309
471 179
472 349
473 413
474 361
475 76
476 468
477 212
478 468
479 373
480 392
481 214
482 479
483 468
484 468
485 468
486 354
487 3
488 468
489 320
490 281
491 67
492 455
493 103
494 468
495 152
496 196
497 129
498 241
499 423
500 459
501 460
502 468
503 180
504 413
505 325
506 260
507 468
508 468
509 282
510 303
511 468
512 413
513 356
514 30
515 463
516 223
517 468
518 101
519 415
520 182
521 409
522 426
523 249
524 184
525 468
526 373
527 518
528 468
529 471
530 209
531 62
532 358
533 515
534 18
535 414
536 301
537 260
538 468
539 525
540 527
541 79
542 468
543 360
544 525
545 289
546 317
547 468
548 502
549 468
550 468
551 399
552 239
553 250
554 294
555 342
556 354
557 342
558 463
559 478
560 175
561 559
562 468
563 192
564 391
565 211
566 535
567 107
568 468
569 468
570 220
571 388
572 360
573 468
574 93
575 566
576 568
577 100
578 567
579 339
580 261
581 160
582 494
583 270
584 411
585 311
586 373
587 461
588 468
589 537
590 468
591 284
592 359
593 63
594 337
595 436
596 192
597 260
598 575
599 266
600 337
601 434
602 524
603 596
604 468
605 534
606 468
607 422
608 468
609 468
610 468
611 504
612 360
613 159
614 518
615 323
616 188
617 321
618 344
619 566
620 568
621 430
622 580
623 455
624 352
625 436
626 468
627 583
628 568
629 62
630 432
631 299
632 615
633 545
634 613
635 219
636 468
637 418
638 481
639 564
640 281
641 447
642 286
643 610
644 468
645 621
646 566
647 468
648 568
649 202
650 468
651 418
652 441
653 418
654 615
655 85
656 436
657 158
658 200
659 386
660 607
661 514
662 468
663 331
664 225
665 498
666 567
667 266
668 468
669 309
670 615
671 240
672 90
673 468
674 601
675 284
676 394
677 246
678 468
679 486
680 312
681 591
682 672
683 489
684 229
685 587
686 609
687 490
688 610
689 489
690 610
691 682
692 269
693 348
694 682
695 610
696 528
697 260
698 658
699 583
700 70
701 468
702 113
703 617
704 411
705 528
706 334
707 83
708 468
709 309
710 471
711 437
712 436
713 608
714 309
715 615
716 615
717 674
718 715
719 338
720 450
721 144
722 460
723 150
724 78
725 65
726 606
727 489
728 309
729 687
730 468
731 59
732 360
733 381
734 468
735 468
736 615
737 696
738 370
739 309
740 353
741 672
742 629
743 468
744 93
745 621
746 168
747 709
748 74
749 596
750 468
751 251
752 420
753 175
754 436
755 594
756 436
757 332
758 62
759 683
760 468
761 614
762 173
763 468
764 373
765 482
766 94
767 490
768 700
769 468
770 726
771 744
772 568
773 568
774 208
775 608
776 574
777 583
778 281
779 641
780 123
781 744
782 76
783 732
784 338
785 707
786 203
787 521
788 198
789 641
790 276
791 521
792 331
793 758
794 610
795 769
796 488
797 727
798 173
799 596
800 241
801 405
802 468
803 665
804 309
805 662
806 497
807 645
808 125
809 582
810 596
811 515
812 581
813 534
814 682
815 584
816 753
817 651
818 446
819 468
820 436
821 631
822 175
823 633
824 468
825 732
826 479
827 443
828 36
829 610
830 568
831 702
832 732
833 615
834 613
835 791
836 527
837 682
838 729
839 751
840 284
841 373
842 409
843 593
844 662
845 520
846 672
847 392
848 284
849 43
850 553
851 468
852 774
853 795
854 369
855 490
856 498
857 468
858 641
859 404
860 452
861 443
862 278
863 92
864 342
865 210
866 366
867 490
868 607
869 692
870 279
871 640
872 468
873 468
874 733
875 295
876 697
877 64
878 436
879 359
880 568
881 863
882 468
883 461
884 653
885 785
886 165
887 580
888 492
889 455
890 396
891 845
892 521
893 463
894 643
895 290
896 468
897 370
898 268
899 763
900 468
901 842
902 77
903 413
904 657
905 568
906 812
907 568
908 43
909 610
910 519
911 22
912 615
913 439
914 729
915 487
916 662
917 409
918 778
919 732
920 468
921 518
922 864
923 373
924 274
925 353
926 632
927 613
928 309
929 468
930 468
931 468
932 403
933 662
934 184
935 925
936 700
937 184
938 856
939 310
940 228
941 615
942 315
943 409
944 468
945 856
946 468
947 43
948 188
949 641
950 610
951 922
952 337
953 560
954 605
955 568
956 20
957 924
958 385
959 785
960 238
961 373
962 339
963 859
964 682
965 282
966 175
967 682
968 504
969 887
970 596
971 342
972 961
973 662
974 900
975 215
976 842
977 497
978 629
979 768
980 816
981 972
982 867
983 956
984 662
985 479
986 545
987 602
988 490
989 738
990 463
991 468
992 958
993 232
994 420
995 913
996 468
997 996
998 868
999 615
1000 663
1001 598
1002 632
1003 468
1004 701
1005 468
1006 753
1007 915
1008 801
1009 699
1010 273
1011 468
1012 408
1013 926
1014 468
1015 568
1016 486
1017 863
1018 926
1019 527
1020 479
1021 610
1022 580
1023 1022
1024 244
1025 909
1026 427
1027 926
1028 1016
1029 562
1030 1010
1031 1021
1032 672
1033 974
1034 373
1035 53
1036 925
1037 1009
1038 468
1039 468
1040 460
1041 966
1042 914
1043 561
1044 722
1045 357
1046 490
1047 932
1048 468
1049 1014
1050 187
1051 1016
1052 322
1053 610
1054 862
1055 296
1056 859
1057 816
1058 676
1059 339
1060 215
1061 1027
1062 409
1063 895
1064 638
1065 468
1066 862
1067 859
1068 468
1069 991
1070 1003
1071 604
1072 972
1073 468
1074 956
1075 956
1076 1075
1077 417
1078 672
1079 468
1080 792
1081 468
1082 1057
1083 1078
1084 816
1085 997
1086 468
1087 744
1088 564
1089 1003
1090 521
1091 956
1092 662
1093 315
1094 296
1095 829
1096 468
1097 382
1098 533
1099 580
1100 402
1101 991
1102 468
1103 175
1104 817
1105 810
1106 525
1107 568
1108 668
1109 484
1110 1008
1111 389
1112 987
1113 830
1114 702
1115 837
1116 1074
1117 435
1118 464
1119 925
1120 263
1121 568
1122 260
1123 1078
1124 450
1125 509
1126 218
1127 1106
1128 675
1129 999
1130 864
1131 744
1132 436
1133 855
1134 550
1135 1115
1136 859
1137 1068
1138 1116
1139 459
1140 674
1141 491
1142 471
1143 550
1144 1139
1145 662
1146 806
1147 568
1148 679
1149 468
1150 735
1151 1044
1152 744
1153 635
1154 621
1155 988
1156 76
1157 468
1158 842
1159 847
1160 428
1161 522
1162 191
1163 434
1164 1015
1165 287
1166 1079
1167 233
1168 1136
1169 580
1170 409
1171 458
1172 541
1173 468
1174 771
1175 602
1176 926
1177 468
1178 568
1179 1062
1180 853
1181 282
1182 783
1183 330
1184 136
1185 550
1186 842
1187 631
1188 646
1189 641
1190 705
1191 588
1192 926
1193 541
1194 468
1195 1079
1196 175
1197 742
1198 530
1199 610
1200 998
1201 490
1202 908
1203 799
1204 309
1205 489
1206 1092
1207 375
1208 972
1209 960
1210 682
1211 744
1212 848
1213 1107
1214 894
1215 1078
1216 610
1217 230
1218 656
1219 468
1220 412
1221 175
1222 397
1223 747
1224 444
1225 708
1226 896
1227 732
1228 712
1229 842
1230 1023
1231 1002
1232 1020
1233 241
1234 916
1235 672
1236 379
1237 920
1238 795
1239 988
1240 1022
1241 868
1242 436
1243 972
1244 934
1245 1228
1246 859
1247 468
1248 1180
1249 973
1250 950
1251 1230
1252 329
1253 392
1254 436
1255 1129
1256 629
1257 637
1258 409
1259 411
1260 86
1261 983
1262 506
1263 170
1264 1188
1265 1017
1266 607
1267 607
1268 360
1269 956
1270 237
1271 1175
1272 848
1273 1270
1274 468
1275 919
1276 876
1277 351
1278 1151
1279 669
1280 977
1281 564
1282 1067
1283 1136
1284 275
1285 370
1286 521
1287 419
1288 615
1289 1211
1290 842
1291 1022
1292 394
1293 662
1294 675
1295 403
1296 1294
1297 1109
1298 926
1299 662
1300 473
1301 737
1302 274
1303 687
1304 442
1305 468
1306 397
1307 1254
1308 184
1309 1056
1310 965
1311 469
1312 121
1313 57
1314 190
1315 123
1316 1262
1317 468
1318 94
1319 173
1320 940
1321 766
1322 648
1323 665
1324 1107
1325 763
1326 468
1327 978
1328 568
1329 309
1330 1051
1331 1111
1332 234
1333 1265
1334 914
1335 397
1336 192
1337 173
1338 842
1339 468
1340 1321
1341 816
1342 878
1343 303
1344 610
1345 299
1346 702
1347 660
1348 468
1349 1079
1350 956
1351 788
1352 1265
1353 409
1354 1018
1355 1181
1356 376
1357 468
1358 541
1359 682
1360 1332
1361 894
1362 744
1363 568
1364 1221
1365 837
1366 1254
1367 1077
1368 926
1369 1285
1370 313
1371 43
1372 1281
1373 1260
1374 1362
1375 871
1376 956
1377 1081
1378 468
1379 600
1380 468
1381 303
1382 842
1383 359
1384 1105
1385 734
1386 995
1387 58
1388 577
1389 966
1390 961
1391 527
1392 663
1393 842
1394 397
1395 1059
1396 169
1397 387
1398 468
1399 1105
1400 360
1401 1078
1402 484
1403 568
1404 468
1405 937
1406 468
1407 468
1408 1079
1409 1026
1410 956
1411 1121
1412 460
1413 422
1414 583
1415 652
1416 87
1417 391
1418 1211
1419 283
1420 1419
1421 468
1422 281
1423 743
1424 1259
1425 686
1426 616
1427 679
1428 1064
1429 1410
1430 786
1431 1011
1432 1395
1433 996
1434 682
1435 684
1436 412
1437 1248
1438 877
1439 732
1440 568
1441 692
1442 1089
1443 1284
1444 374
1445 1389
1446 671
1447 465
1448 1004
1449 1239
1450 567
1451 97
1452 1381
1453 926
1454 687
1455 468
1456 662
1457 1146
1458 961
1459 721
1460 680
1461 185
1462 1254
1463 1062
1464 1414
1465 1364
1466 1189
1467 1248
1468 1245
1469 468
1470 740
1471 744
1472 568
1473 610
1474 863
1475 1465
1476 1458
1477 615
1478 1197
1479 988
1480 468
1481 216
1482 1163
1483 824
1484 1105
1485 1260
1486 680
1487 863
1488 1459
1489 544
1490 642
1491 652
1492 1042
1493 771
1494 489
1495 519
1496 620
1497 682
1498 952
1499 468
1500 1225
1501 621
1502 1322
1503 496
1504 1437
1505 1310
1506 1059
1507 965
1508 940
1509 937
1510 468
1511 271
1512 568
1513 490
1514 530
1515 1268
1516 1511
1517 508
1518 1152
1519 816
1520 1247
1521 1458
1522 1153
1523 985
1524 1137
1525 1245
1526 1077
1527 1514
1528 1033
1529 1039
1530 436
1531 215
1532 539
1533 1443
1534 1391
1535 1350
1536 1350
1537 712
1538 498
1539 327
1540 610
1541 1201
1542 392
1543 1034
1544 1507
1545 1357
1546 680
1547 1023
1548 516
1549 1049
1550 621
1551 568
1552 231
1553 1522
1554 129
1555 859
1556 568
1557 175
1558 1467
1559 1249
1560 1343
1561 1222
1562 980
1563 864
1564 1414
1565 1482
1566 468
1567 1090
1568 468
1569 672
1570 1490
1571 1513
1572 189
1573 1283
1574 1563
1575 1336
1576 1277
1577 850
1578 468
1579 1173
1580 1127
1581 655
1582 1433
1583 468
1584 251
1585 761
1586 468
1587 615
1588 962
1589 1245
1590 421
1591 1195
1592 1320
1593 756
1594 1499
1595 1561
1596 468
1597 1501
1598 680
1599 730
1600 682
1601 744
1602 1525
1603 449
1604 763
1605 610
1606 744
1607 1064
1608 187
1609 1017
1610 970
1611 454
1612 1569
1613 867
1614 607
1615 1181
1616 1064
1617 606
1618 1578
1619 672
1620 568
1621 436
1622 632
1623 1392
1624 1034
1625 956
1626 1096
1627 986
1628 965
1629 1252
1630 468
1631 557
1632 1613
1633 707
1634 700
1635 613
1636 1126
1637 1240
1638 1385
1639 1447
1640 1463
1641 729
1642 842
1643 1439
1644 1045
1645 1611
1646 1299
1647 1352
1648 1185
1649 1111
1650 1493
1651 1035
1652 1068
1653 468
1654 1077
1655 412
1656 1600
1657 1374
1658 426
1659 468
1660 502
1661 968
1662 1610
1663 744
1664 468
1665 1209
1666 1228
1667 1458
1668 1384
1669 1629
1670 1025
1671 769
1672 1220
1673 475
1674 1098
1675 1521
1676 744
1677 1608
1678 1140
1679 497
1680 180
1681 1587
1682 1458
1683 1079
1684 468
1685 1611
1686 842
1687 821
1688 1289
1689 1688
1690 1458
1691 72
1692 926
1693 1608
1694 748
1695 468
1696 1549
1697 572
1698 842
1699 617
1700 1332
1701 1332
1702 761
1703 776
1704 669
1705 326
1706 471
1707 596
1708 770
1709 1323
1710 1692
1711 1003
1712 744
1713 1289
1714 226
1715 1577
1716 896
1717 1467
1718 220
1719 1072
1720 843
1721 1589
1722 1458
1723 557
1724 1217
1725 842
1726 468
1727 1610
1728 1665
1729 1457
1730 1109
1731 1519
1732 468
1733 720
1734 1232
1735 1272
1736 468
1737 1098
1738 451
1739 1022
1740 1547
1741 859
1742 309
1743 1020
1744 419
1745 36
1746 1206
1747 303
1748 863
1749 1310
1750 1581
1751 1618
1752 896
1753 1197
1754 1391
1755 1065
1756 1332
1757 1130
1758 1595
1759 566
1760 1517
1761 717
1762 1304
1763 1220
1764 278
1765 1270
1766 1414
1767 468
1768 1251
1769 1561
1770 753
1771 1432
1772 490
1773 1071
1774 1107
1775 1087
1776 1084
1777 1242
1778 1611
1779 280
1780 288
1781 416
1782 1643
1783 298
1784 875
1785 518
1786 1105
1787 468
1788 928
1789 468
1790 713
1791 1184
1792 1064
1793 1482
1794 1181
1795 842
1796 1519
1797 490
1798 724
1799 1365
1800 1545
1801 615
1802 920
1803 1599
1804 666
1805 504
1806 568
1807 422
1808 751
1809 1291
1810 450
1811 1617
1812 1635
1813 926
1814 1452
1815 1524
1816 470
1817 468
1818 486
1819 1479
1820 446
1821 283
1822 956
1823 1128
1824 1680
1825 1134
1826 1211
1827 926
1828 550
1829 337
1830 1201
1831 1369
1832 484
1833 654
1834 1065
1835 247
1836 1064
1837 468
1838 1581
1839 1585
1840 1734
1841 1337
1842 1289
1843 619
1844 1414
1845 1676
1846 468
1847 1230
1848 628
1849 885
1850 570
1851 354
1852 1697
1853 1061
1854 1622
1855 201
1856 1578
1857 1762
1858 1458
1859 1342
1860 867
1861 1762
1862 1536
1863 1165
1864 366
1865 1473
1866 1580
1867 1131
1868 1646
1869 1730
1870 1273
1871 1581
1872 505
1873 892
1874 1599
1875 522
1876 1734
1877 1396
1878 1414
1879 1423
1880 133
1881 1271
1882 1458
1883 657
1884 842
1885 1539
1886 1549
1887 1298
1888 1497
1889 568
1890 976
1891 1651
1892 1061
1893 1777
1894 1762
1895 965
1896 715
1897 132
1898 434
1899 1061
1900 785
1901 1107
1902 43
1903 1304
1904 1693
1905 1161
1906 468
1907 1643
1908 1414
1909 567
1910 948
1911 1322
1912 488
1913 471
1914 1611
1915 579
1916 1556
1917 1611
1918 1073
1919 199
1920 1831
1921 1600
1922 1718
1923 816
1924 1244
1925 1620
1926 662
1927 1831
1928 543
1929 1743
1930 1493
1931 409
1932 1747
1933 518
1934 768
1935 1665
1936 623
1937 1445
1938 468
1939 1889
1940 529
1941 763
1942 1889
1943 490
1944 823
1945 1878
1946 795
1947 1744
1948 1705
1949 1090
1950 568
1951 1568
1952 1475
1953 1856
1954 1211
1955 533
1956 1897
1957 1917
1958 1403
1959 926
1960 706
1961 428
1962 1284
1963 468
1964 1391
1965 1840
1966 198
1967 1799
1968 1825
1969 1777
1970 1458
1971 353
1972 1322
1973 1643
1974 1949
1975 292
1976 568
1977 1610
1978 1833
1979 399
1980 1839
1981 1246
1982 1856
1983 1392
1984 1822
1985 1926
1986 1558
1987 1802
1988 1401
1989 1913
1990 1734
1991 807
1992 1154
1993 1333
1994 805
1995 1286
1996 1396
1997 521
1998 926
1999 1169
2000 1960
2001 489
2002 1342
2003 1470
2004 842
2005 926
2006 1964
2007 600
2008 984
2009 1833
2010 468
2011 1295
2012 1509
2013 1260
2014 1611
2015 1929
2016 342
2017 1794
2018 1626
2019 1573
2020 1889
2021 842
2022 568
2023 1578
2024 218
2025 1490
2026 1685
2027 43
2028 1684
2029 399
2030 1916
2031 1474
2032 1159
2033 1211
2034 468
2035 1793
2036 468
2037 595
2038 468
2039 2010
2040 945
2041 1637
2042 1554
2043 1866
2044 607
2045 1828
2046 468
2047 1578
2048 1948
2049 1896
2050 2034
2051 913
2052 124
2053 1660
2054 1094
2055 436
2056 1380
2057 1711
2058 1553
2059 911
2060 1895
2061 360
2062 1815
2063 388
2064 1458
2065 1591
2066 1240
2067 1590
2068 1458
2069 1986
2070 1889
2071 1910
2072 1242
2073 785
2074 843
2075 355
2076 1163
2077 563
2078 2008
2079 388
2080 409
2081 873
2082 1025
2083 1191
2084 2078
2085 849
2086 609
2087 337
2088 1391
2089 1244
2090 1248
2091 1643
2092 411
2093 925
2094 894
2095 217
2096 1177
2097 742
2098 1792
2099 354
2100 1113
2101 1324
2102 1454
2103 610
2104 1831
2105 1316
2106 1288
2107 1521
2108 1332
2109 1676
2110 1762
2111 1802
2112 535
2113 1200
2114 608
2115 1156
2116 1704
2117 250
2118 1835
2119 612
2120 636
2121 315
2122 1889
2123 530
2124 568
2125 1553
2126 621
2127 702
2128 2078
2129 1525
2130 1259
2131 409
2132 533
2133 479
2134 1769
2135 213
2136 1691
2137 2130
2138 1070
2139 1866
2140 2069
2141 373
2142 583
2143 1273
2144 1889
2145 1553
2146 1965
2147 1458
2148 1181
2149 752
2150 568
2151 312
2152 436
2153 1956
2154 1566
2155 183
2156 1727
2157 1168
2158 2010
2159 750
2160 1490
2161 43
2162 2108
2163 1490
2164 468
2165 2126
2166 1304
2167 94
2168 455
2169 252
2170 951
2171 825
2172 391
2173 1714
2174 1651
2175 2017
2176 148
2177 682
2178 310
2179 1265
2180 1552
2181 142
2182 435
2183 615
2184 1957
2185 1905
2186 1561
2187 2087
2188 1669
2189 285
2190 1766
2191 2026
2192 468
2193 1960
2194 1260
2195 864
2196 1578
2197 1740
2198 1536
2199 1657
2200 1635
2201 1254
2202 667
2203 2075
2204 1310
2205 468
2206 243
2207 1034
2208 533
2209 395
2210 273
2211 707
2212 935
2213 637
2214 1368
2215 649
2216 518
2217 959
2218 1925
2219 454
2220 964
2221 1985
2222 850
2223 1553
2224 948
2225 1765
2226 1038
2227 593
2228 1443
2229 1807
2230 1536
2231 925
2232 2190
2233 1628
2234 302
2235 2001
2236 1078
2237 1632
2238 1324
2239 862
2240 680
2241 1941
2242 1272
2243 1179
2244 160
2245 1273
2246 1909
2247 2102
2248 1762
2249 1938
2250 1772
2251 1744
2252 647
2253 2154
2254 2015
2255 1022
2256 1923
2257 858
2258 1647
2259 568
2260 1666
2261 1458
2262 2236
2263 250
2264 1857
2265 2098
2266 982
2267 700
2268 1393
2269 971
2270 1034
2271 1834
2272 686
2273 1910
2274 468
2275 722
2276 468
2277 632
2278 2112
2279 568
2280 929
2281 1133
2282 1902
2283 2155
2284 1276
2285 686
2286 2041
2287 1527
2288 468
2289 610
2290 1223
2291 444
2292 1140
2293 1502
2294 1993
2295 2012
2296 789
2297 1941
2298 247
2299 1458
2300 1458
2301 1969
2302 1861
2303 513
2304 1464
2305 1655
2306 2056
2307 1675
2308 275
2309 731
2310 450
2311 1744
2312 1479
2313 149
2314 1901
2315 1905
2316 2256
2317 1333
2318 1260
2319 703
2320 1645
2321 1611
2322 2214
2323 2217
2324 501
2325 1444
2326 1905
2327 1578
2328 926
2329 468
2330 2144
2331 1322
2332 1952
2333 2235
2334 428
2335 1490
2336 1889
2337 1744
2338 1419
2339 816
2340 306
2341 1035
2342 1829
2343 1926
2344 1282
2345 1774
2346 1273
2347 1800
2348 1534
2349 1392
2350 1895
2351 1874
2352 500
2353 711
2354 1492
2355 2202
2356 1502
2357 3
2358 1578
2359 714
2360 2208
2361 1643
2362 1560
2363 2042
2364 1328
2365 1976
2366 2172
2367 1784
2368 1350
2369 842
2370 1770
2371 2018
2372 2312
2373 1941
2374 1536
2375 1578
2376 1248
2377 926
2378 2122
2379 1215
2380 2230
2381 2014
2382 1674
2383 1760
2384 1598
2385 1196
2386 1429
2387 1420
2388 1643
2389 845
2390 468
2391 1332
2392 2268
2393 436
2394 2019
2395 467
2396 1414
2397 2247
2398 1044
2399 490
2400 1471
2401 1490
2402 1078
2403 1599
2404 1048
2405 2352
2406 877
2407 1158
2408 854
2409 521
2410 260
2411 1786
2412 1364
2413 1206
2414 1458
2415 2069
2416 767
2417 1643
2418 518
2419 2088
2420 189
2421 2071
2422 1260
2423 706
2424 2098
2425 1693
2426 1281
2427 1635
2428 662
2429 1794
2430 1499
2431 1784
2432 206
2433 2029
2434 2253
2435 2397
2436 2314
2437 583
2438 1553
2439 479
2440 518
2441 468
2442 1256
2443 198
2444 1809
2445 350
2446 664
2447 1889
2448 2216
2449 1964
2450 2032
2451 1643
2452 1856
2453 1080
2454 519
2455 2132
2456 1440
2457 1094
2458 1122
2459 1541
2460 753
2461 609
2462 752
2463 1843
2464 2225
2465 1852
2466 1887
2467 1636
2468 1828
2469 1351
2470 1512
2471 1416
2472 1884
2473 2007
2474 2230
2475 596
2476 935
2477 2250
2478 1633
2479 1886
2480 1257
2481 2104
2482 1441
2483 1308
2484 1952
2485 525
2486 460
2487 2006
2488 1121
2489 1105
2490 1807
2491 709
2492 1149
2493 1433
2494 2075
2495 468
2496 370
2497 468
2498 1388
2499 1144
2500 1997
2501 1889
2502 1802
2503 2078
2504 1676
2505 2357
2506 2109
2507 1930
2508 2406
2509 144
2510 1105
2511 1313
2512 2067
2513 1928
2514 1555
2515 1553
2516 1643
2517 2176
2518 763
2519 1330
2520 2325
2521 2292
2522 2500
2523 580
2524 783
2525 1299
2526 2128
2527 2361
2528 2024
2529 2368
2530 468
2531 1773
2532 413
2533 2374
2534 712
2535 808
2536 1473
2537 2066
2538 2430
2539 2492
2540 2332
2541 2289
2542 558
2543 2045
2544 1750
2545 966
2546 702
2547 956
2548 1332
2549 536
2550 1889
2551 14
2552 2385
2553 1611
2554 1707
2555 1414
2556 2375
2557 2366
2558 922
2559 1701
2560 1831
2561 1858
2562 321
2563 2010
2564 1172
2565 1900
2566 1591
2567 2288
2568 1520
2569 1728
2570 2226
2571 2077
2572 621
2573 2233
2574 1747
2575 2169
2576 1820
2577 816
2578 953
2579 1227
2580 1889
2581 2413
2582 2273
2583 2109
2584 468
2585 2313
2586 956
2587 1611
2588 1433
2589 1999
2590 1676
2591 1275
2592 886
2593 2589
2594 2382
2595 1880
2596 1657
2597 1092
2598 2475
2599 583
2600 816
2601 1684
2602 2297
2603 2501
2604 1777
2605 468
2606 926
2607 367
2608 956
2609 734
2610 1571
2611 2589
2612 504
2613 1934
2614 1711
2615 468
2616 2105
2617 2256
2618 1230
2619 2340
2620 2487
2621 180
2622 850
2623 2124
2624 1643
2625 1871
2626 1207
2627 2109
2628 789
2629 952
2630 2401
2631 1024
2632 1755
2633 1440
2634 1053
2635 819
2636 314
2637 2469
2638 662
2639 596
2640 525
2641 644
2642 2526
2643 977
2644 1382
2645 1643
2646 2172
2647 2576
2648 1666
2649 1131
2650 2300
2651 795
2652 527
2653 2437
2654 704
2655 2170
2656 468
2657 793
2658 2188
2659 2169
2660 2656
2661 2358
2662 411
2663 1553
2664 1077
2665 2282
2666 979
2667 448
2668 972
2669 661
2670 2513
2671 468
2672 1441
2673 1941
2674 2637
2675 816
2676 1402
2677 1962
2678 2461
2679 1665
2680 2358
2681 1295
2682 1948
2683 1744
2684 2388
2685 173
2686 1578
2687 621
2688 468
2689 718
2690 1553
2691 1889
2692 615
2693 621
2694 1005
2695 2529
2696 331
2697 2314
2698 680
2699 428
2700 1678
2701 2602
2702 2077
2703 633
2704 1536
2705 875
2706 225
2707 1905
2708 2526
2709 1643
2710 2223
2711 2557
2712 662
2713 2572
2714 956
2715 1589
2716 1769
2717 1770
2718 254
2719 732
2720 186
2721 2631
2722 1870
2723 1957
2724 1540
2725 2648
2726 1776
2727 1669
2728 679
2729 1762
2730 2389
2731 2494
2732 2530
2733 693
2734 1762
2735 1112
2736 2125
2737 1896
2738 1414
2739 2331
2740 2507
2741 2065
2742 867
2743 1578
2744 381
2745 966
2746 1744
2747 926
2748 2049
2749 770
2750 490
2751 1889
2752 1870
2753 621
2754 1728
2755 2256
2756 1565
2757 1958
2758 526
2759 1695
2760 1064
2761 816
2762 2611
2763 436
2764 1926
2765 2437
2766 1054
2767 1931
2768 716
2769 753
2770 1688
2771 1163
2772 1967
2773 1816
2774 1236
2775 1643
2776 1578
2777 1744
2778 1869
2779 1275
2780 1611
2781 1107
2782 247
2783 1327
2784 2358
2785 2389
2786 1754
2787 347
2788 1683
2789 658
2790 1451
2791 276
2792 2788
2793 2344
2794 682
2795 2672
2796 1334
2797 1740
2798 795
2799 2536
2800 568
2801 1789
2802 2513
2803 2585
2804 2358
2805 1589
2806 2189
2807 1733
2808 1632
2809 2049
2810 641
2811 1284
2812 1411
2813 1578
2814 959
2815 1078
2816 744
2817 323
2818 2674
2819 2014
2820 2494
2821 2750
2822 993
2823 2498
2824 2641
2825 468
2826 2509
2827 38
2828 330
2829 2289
2830 2787
2831 1143
2832 562
2833 672
2834 1729
2835 2548
2836 1830
2837 128
2838 2631
2839 1105
2840 2610
2841 1811
2842 468
2843 2753
2844 2199
2845 479
2846 1799
2847 2314
2848 1234
2849 1744
2850 1831
2851 1799
2852 1734
2853 436
2854 732
2855 2600
2856 1607
2857 2109
2858 2843
2859 2358
2860 615
2861 1541
2862 1669
2863 903
2864 236
2865 1688
2866 1611
2867 2662
2868 468
2869 1870
2870 923
2871 662
2872 2270
2873 1766
2874 1632
2875 956
2876 2374
2877 289
2878 1038
2879 2195
2880 1057
2881 773
2882 1504
2883 1711
2884 596
2885 1414
2886 1762
2887 641
2888 2499
2889 368
2890 1914
2891 102
2892 641
2893 468
2894 2766
2895 1578
2896 335
2897 896
2898 2316
2899 2059
2900 2000
2901 1090
2902 76
2903 2364
2904 2610
2905 1921
2906 2407
2907 2445
2908 1481
2909 1879
2910 1396
2911 2124
2912 2864
2913 893
2914 2661
2915 417
2916 1114
2917 2685
2918 2743
2919 744
2920 1536
2921 1275
2922 2581
2923 2030
2924 2645
2925 1657
2926 2744
2927 2520
2928 2762
2929 1826
2930 1643
2931 2402
2932 2904
2933 2017
2934 1332
2935 1403
2936 1815
2937 2069
2938 1847
2939 1929
2940 2936
2941 1364
2942 1655
2943 1906
2944 1329
2945 842
2946 733
2947 2198
2948 618
2949 2947
2950 2471
2951 1256
2952 1443
2953 744
2954 1828
2955 174
2956 2687
2957 345
2958 1745
2959 1381
2960 1743
2961 468
2962 1889
2963 1889
2964 2699
2965 2500
2966 2513
2967 1721
2968 2161
2969 1905
2970 1889
2971 1062
2972 743
2973 956
2974 1230
2975 2770
2976 926
2977 2136
2978 1201
2979 1078
2980 2947
2981 2705
2982 900
2983 1088
2984 550
2985 1458
2986 1341
2987 258
2988 2820
2989 2947
2990 260
2991 2579
2992 2924
2993 2003
2994 680
2995 1281
2996 2941
2997 1589
2998 1050
2999 1056
3000 328
3001 2275
3002 2170
3003 1643
3004 2152
3005 2757
3006 2556
3007 1985
3008 2075
3009 1600
3010 2676
3011 1662
3012 1711
3013 2170
3014 1777
3015 2269
3016 3009
3017 1525
3018 2135
3019 2947
3020 2147
3021 1727
3022 2656
3023 2420
3024 2277
3025 2850
3026 1057
3027 2303
3028 2619
3029 2877
3030 2835
3031 2796
3032 1600
3033 1381
3034 1843
3035 1351
3036 2681
3037 933
3038 1003
3039 1317
3040 2872
3041 2732
3042 1132
3043 2402
3044 896
3045 1958
3046 1912
3047 1587
3048 1472
3049 2513
3050 1889
3051 1672
3052 1029
3053 2680
3054 2967
3055 2196
3056 1759
3057 468
3058 1643
3059 2021
3060 2172
3061 2903
3062 1525
3063 2901
3064 2088
3065 1784
3066 1665
3067 2743
3068 1452
3069 1634
3070 2978
3071 425
3072 2404
3073 1744
3074 3036
3075 2997
3076 2079
3077 1828
3078 1304
3079 513
3080 2947
3081 3009
3082 2319
3083 968
3084 2879
3085 2568
3086 2451
3087 1516
3088 2700
3089 1121
3090 468
3091 1840
3092 655
3093 2289
3094 385
3095 343
3096 956
3097 2770
3098 1506
3099 2855
3100 2706
3101 2095
3102 2032
3103 2770
3104 1443
3105 2583
3106 1611
3107 2993
3108 1333
3109 567
3110 2188
3111 2114
3112 1828
3113 547
3114 1525
3115 2631
3116 816
3117 1490
3118 1905
3119 444
3120 2765
3121 2996
3122 2843
3123 2631
3124 468
3125 144
3126 2895
3127 2550
3128 2462
3129 2486
3130 468
3131 2321
3132 2943
3133 1303
3134 1824
3135 842
3136 568
3137 1756
3138 2513
3139 702
3140 2109
3141 760
3142 1536
3143 1373
3144 649
3145 175
3146 467
3147 826
3148 2150
3149 2949
3150 1667
3151 2624
3152 2565
3153 309
3154 2833
3155 1286
3156 2500
3157 359
3158 2819
3159 2495
3160 2211
3161 2357
3162 318
3163 842
3164 2657
3165 1197
3166 1265
3167 568
3168 1187
3169 2086
3170 1905
3171 1594
3172 1634
3173 1894
3174 444
3175 366
3176 2947
3177 1212
3178 708
3179 1398
3180 1392
3181 1643
3182 468
3183 941
3184 2604
3185 596
3186 1052
3187 842
3188 824
3189 682
3190 1889
3191 468
3192 3071
3193 2920
3194 1056
3195 615
3196 2799
3197 1643
3198 577
3199 272
3200 1274
3201 680
3202 1801
3203 3198
3204 1578
3205 1744
3206 2854
3207 2783
3208 3016
3209 2088
3210 1486
3211 1561
3212 1273
3213 1301
3214 727
3215 639
3216 2140
3217 3108
3218 2096
3219 2846
3220 2374
3221 868
3222 3149
3223 2314
3224 1820
3225 2207
3226 2735
3227 3025
3228 673
3229 3138
3230 2169
3231 2985
3232 1257
3233 1414
3234 2838
3235 1473
3236 2605
3237 3164
3238 994
3239 3147
3240 468
3241 2173
3242 3010
3243 2424
3244 1578
3245 3018
3246 2430
3247 2587
3248 563
3249 2814
3250 2185
3251 1078
3252 478
3253 2947
3254 2456
3255 2358
3256 680
3257 1943
3258 2288
3259 1043
3260 1280
3261 827
3262 998
3263 2069
3264 335
3265 1451
3266 2109
3267 1776
3268 1744
3269 2152
3270 2981
3271 45
3272 2411
3273 1956
3274 1064
3275 1006
3276 1239
3277 898
3278 2551
3279 2173
3280 9
3281 2891
3282 613
3283 248
3284 474
3285 514
3286 2511
3287 1007
3288 2059
3289 2505
3290 2958
3291 2283
3292 139
3293 152
3294 867
3295 1260
3296 2352
3297 2216
3298 2685
3299 219
3300 1055
3301 1592
3302 46
3303 1409
3304 2549
3305 1779
3306 383
3307 906
3308 90
3309 956
3310 129
3311 804
3312 534
3313 870
3314 2782
3315 2626
3316 477
3317 23
3318 378
3319 166
3320 440
3321 359
3322 425
3323 316
3324 236
3325 1947
3326 3000
3327 388
3328 629
3329 187
3330 1312
3331 293
3332 828
3333 3087
3334 2827
3335 1996
3336 2478
3337 68
3338 2803
3339 2950
3340 2189
3341 453
3342 596
3343 503
3344 43
3345 176
3346 1572
3347 1550
3348 398
3349 1413
3350 2341
3351 1202
3352 393
3353 1897
3354 863
3355 315
3356 336
3357 133
3358 406
3359 890
3360 1371
3361 43
3362 403
3363 43
3364 947
3365 757
3366 358
3367 3146
3368 516
3369 2027
3370 2161
3371 2665
3372 2085
3373 652
3374 167
3375 1311
3376 1481
3377 883
3378 43
3379 43
3380 843
3381 360
3382 3271
3383 1821
3384 46
3385 46
3386 1451
3387 1557
3388 49
3389 2523
3390 2169
3391 1167
3392 877
3393 664
3394 331
3395 1120
3396 2246
3397 2720
3398 1387
3399 1193
3400 2075
3401 1171
3402 2837
3403 2309
3404 1263
3405 891
3406 702
3407 278
3408 61
3409 1694
3410 1975
3411 784
3412 61
3413 2353
3414 531
3415 3237
3416 725
3417 346
3418 1141
3419 1435
3420 421
3421 3069
3422 69
3423 348
3424 305
3425 134
3426 178
3427 2136
3428 1494
3429 379
3430 1673
3431 436
3432 649
3433 2902
3434 206
3435 2115
3436 276
3437 243
3438 782
3439 902
3440 1798
3441 1318
3442 80
3443 530
3444 1808
3445 146
3446 277
3447 1581
3448 257
3449 88
3450 1863
3451 1735
3452 866
3453 457
3454 90
3455 2987
3456 1142
3457 1235
3458 624
3459 126
3460 776
3461 177
3462 852
3463 93
3464 570
3465 1960
3466 93
3467 395
3468 1676
3469 94
3470 2167
3471 94
3472 1340
3473 297
3474 1855
3475 677
3476 259
3477 1360
3478 523
3479 185
3480 2823
3481 1426
3482 493
3483 1270
3484 1335
3485 1314
3486 566
3487 3066
3488 2822
3489 108
3490 227
3491 1052
3492 1060
3493 2631
3494 363
3495 205
3496 122
3497 380
3498 2955
3499 2483
3500 780
3501 1315
3502 147
3503 2052
3504 860
3505 235
3506 939
3507 2913
3508 384
3509 125
3510 125
3511 2535
3512 127
3513 1397
3514 394
3515 472
3516 128
3517 2643
3518 2042
3519 2517
3520 2718
3521 2592
3522 2595
3523 431
3524 133
3525 1791
3526 2181
3527 142
3528 143
3529 2362
3530 404
3531 865
3532 144
3533 1466
3534 2942
3535 2509
3536 144
3537 3101
3538 1488
3539 3125
3540 144
3541 2234
3542 260
3543 723
3544 1162
3545 495
3546 1503
3547 158
3548 158
3549 1883
3550 1009
3551 213
3552 159
3553 2244
3554 1331
3555 166
3556 166
3557 3199
3558 282
3559 746
3560 173
3561 1117
3562 1319
3563 599
3564 335
3565 1841
3566 368
3567 659
3568 762
3569 1948
3570 798
3571 1103
3572 1041
3573 175
3574 953
3575 175
3576 1364
3577 175
3578 175
3579 1776
3580 175
3581 2957
3582 3145
3583 175
3584 1196
3585 822
3586 175
3587 333
3588 1680
3589 2621
3590 615
3591 2445
3592 937
3593 1175
3594 1304
3595 2089
3596 1461
3597 187
3598 187
3599 1677
3600 2998
3601 187
3602 242
3603 948
3604 1064
3605 3023
3606 1575
3607 192
3608 563
3609 340
3610 195
3611 195
3612 195
3613 3094
3614 788
3615 847
3616 1966
3617 433
3618 2443
3619 1919
3620 556
3621 658
3622 3107
3623 329
3624 1872
3625 200
3626 211
3627 3277
3628 1430
3629 410
3630 2467
3631 2432
3632 1030
3633 565
3634 3018
3635 313
3636 213
3637 631
3638 552
3639 215
3640 215
3641 1531
3642 262
3643 1738
3644 674
3645 215
3646 222
3647 975
3648 1412
3649 2024
3650 218
3651 218
3652 1724
3653 218
3654 219
3655 219
3656 1546
3657 2787
3658 294
3659 308
3660 219
3661 219
3662 231
3663 219
3664 1522
3665 1922
3666 221
3667 339
3668 223
3669 224
3670 2706
3671 226
3672 2219
3673 1603
3674 231
3675 231
3676 2180
3677 232
3678 235
3679 235
3680 319
3681 703
3682 546
3683 2912
3684 1233
3685 240
3686 1446
3687 1885
3688 945
3689 800
3690 2308
3691 2206
3692 924
3693 245
3694 1780
3695 247
3696 2298
3697 2131
3698 2118
3699 247
3700 247
3701 2117
3702 2263
3703 250
3704 2622
3705 1576
3706 1584
3707 2647
3708 372
3709 585
3710 255
3711 2325
3712 324
3713 597
3714 295
3715 876
3716 369
3717 260
3718 1262
3719 2410
3720 260
3721 1100
3722 589
3723 2458
3724 2990
3725 260
3726 264
3727 300
3728 1447
3729 2355
3730 266
3731 2619
3732 267
3733 692
3734 2664
3735 269
3736 2210
3737 273
3738 1302
3739 274
3740 420
3741 1533
3742 790
3743 2791
3744 3029
3745 276
3746 2766
3747 1764
3748 918
3749 1045
3750 1375
3751 456
3752 1422
3753 1125
3754 2148
3755 1544
3756 1420
3757 2334
3758 290
3759 390
3760 284
3761 861
3762 840
3763 284
3764 377
3765 681
3766 1294
3767 284
3768 2092
3769 630
3770 284
3771 3117
3772 289
3773 2703
3774 290
3775 1063
3776 554
3777 356
3778 2981
3779 3095
3780 296
3781 1094
3782 1783
3783 1345
3784 299
3785 1381
3786 510
3787 1747
3788 304
3789 304
3790 739
3791 3153
3792 709
3793 309
3794 1204
3795 309
3796 309
3797 1279
3798 2944
3799 728
3800 2359
3801 2773
3802 309
3803 337
3804 2636
3805 309
3806 309
3807 309
3808 1742
3809 1788
3810 2178
3811 3162
3812 310
3813 2151
3814 1370
3815 341
3816 2607
3817 314
3818 942
3819 2121
3820 1093
3821 2807
3822 318
3823 319
3824 319
3825 1417
3826 321
3827 2562
3828 2817
3829 1629
3830 1183
3831 2828
3832 2453
3833 1000
3834 2948
3835 2696
3836 335
3837 408
3838 3264
3839 2896
3840 1495
3841 600
3842 1498
3843 1781
3844 2342
3845 755
3846 2187
3847 338
3848 719
3849 339
3850 1588
3851 1915
3852 339
3853 339
3854 339
3855 339
3856 1059
3857 555
3858 1757
3859 2016
3860 1631
3861 438
3862 2269
3863 1979
3864 343
3865 346
3866 370
3867 2733
3868 352
3869 2231
3870 353
3871 1971
3872 486
3873 1851
3874 354
3875 448
3876 354
3877 354
3878 354
3879 354
3880 2099
3881 356
3882 3079
3883 841
3884 532
3885 424
3886 801
3887 359
3888 359
3889 359
3890 3157
3891 879
3892 1383
3893 359
3894 592
3895 407
3896 360
3897 360
3898 1515
3899 360
3900 1852
3901 825
3902 360
3903 612
3904 1400
3905 360
3906 2061
3907 1928
3908 360
3909 400
3910 733
3911 366
3912 1864
3913 3175
3914 2889
3915 2408
3916 370
3917 2496
3918 738
3919 370
3920 370
3921 897
3922 1920
3923 401
3924 373
3925 373
3926 586
3927 373
3928 373
3929 1390
3930 2141
3931 526
3932 373
3933 1097
3934 2870
3935 1034
3936 373
3937 373
3938 373
3939 1356
3940 373
3941 373
3942 764
3943 826
3944 373
3945 373
3946 373
3947 373
3948 1236
3949 381
3950 2926
3951 958
3952 571
3953 2063
3954 1118
3955 388
3956 3076
3957 391
3958 2172
3959 1281
3960 392
3961 1542
3962 1253
3963 480
3964 392
3965 392
3966 394
3967 1292
3968 394
3969 394
3970 1058
3971 394
3972 395
3973 2209
3974 1306
3975 3211
3976 1394
3977 1386
3978 2433
3979 551
3980 400
3981 1047
3982 3074
3983 403
3984 404
3985 404
3986 1282
3987 404
3988 1012
3989 1170
3990 409
3991 445
3992 1353
3993 1890
3994 917
3995 2080
3996 409
3997 787
3998 409
3999 943
4000 409
4001 2767
4002 1258
4003 409
4004 1640
4005 1104
4006 2654
4007 815
4008 1424
4009 2662
4010 1763
4011 412
4012 1436
4013 412
4014 2863
4015 512
4016 2612
4017 2532
4018 1300
4019 413
4020 499
4021 413
4022 415
4023 2915
4024 418
4025 418
4026 884
4027 637
4028 418
4029 419
4030 419
4031 1287
4032 3128
4033 420
4034 420
4035 994
4036 421
4037 421
4038 421
4039 421
4040 2512
4041 607
4042 1807
4043 422
4044 3071
4045 1658
4046 1875
4047 1961
4048 2699
4049 1160
4050 430
4051 434
4052 1163
4053 1898
4054 434
4055 2182
4056 436
4057 2853
4058 625
4059 436
4060 455
4061 2393
4062 2539
4063 712
4064 436
4065 3042
4066 1530
4067 656
4068 1859
4069 436
4070 436
4071 462
4072 820
4073 754
4074 1621
4075 436
4076 2037
4077 2152
4078 1366
4079 466
4080 2055
4081 436
4082 436
4083 756
4084 436
4085 2763
4086 436
4087 1242
4088 437
4089 443
4090 3261
4091 444
4092 1224
4093 2291
4094 3119
4095 3174
4096 818
4097 448
4098 2667
4099 448
4100 448
4101 450
4102 1810
4103 1124
4104 2310
4105 453
4106 454
4107 454
4108 1611
4109 2168
4110 1936
4111 455
4112 888
4113 889
4114 457
4115 459
4116 2499
4117 2324
4118 460
4119 722
4120 460
4121 2486
4122 460
4123 1040
4124 461
4125 685
4126 461
4127 462
4128 463
4129 463
4130 2542
4131 463
4132 463
4133 811
4134 463
4135 990
4136 2395
4137 2138
4138 2280
4139 468
4140 1583
4141 468
4142 824
4143 2034
4144 2605
4145 1326
4146 468
4147 626
4148 468
4149 468
4150 468
4151 468
4152 468
4153 468
4154 1150
4155 468
4156 3191
4157 542
4158 468
4159 1696
4160 1448
4161 468
4162 507
4163 1653
4164 1407
4165 2893
4166 1157
4167 650
4168 708
4169 688
4170 468
4171 468
4172 1377
4173 802
4174 468
4175 2824
4176 468
4177 468
4178 468
4179 569
4180 2036
4181 3041
4182 2584
4183 2495
4184 468
4185 2961
4186 468
4187 468
4188 2497
4189 2329
4190 3039
4191 468
4192 2010
4193 3228
4194 2081
4195 1469
4196 763
4197 2801
4198 468
4199 1848
4200 468
4201 468
4202 2434
4203 468
4204 468
4205 851
4206 468
4207 2046
4208 468
4209 468
4210 1102
4211 468
4212 468
4213 468
4214 468
4215 468
4216 991
4217 468
4218 468
4219 3182
4220 476
4221 590
4222 3179
4223 468
4224 2096
4225 946
4226 2567
4227 468
4228 3057
4229 920
4230 1732
4231 1510
4232 2018
4233 1011
4234 705
4235 1918
4236 468
4237 882
4238 1951
4239 1800
4240 1946
4241 1736
4242 468
4243 468
4244 468
4245 468
4246 511
4247 2249
4248 468
4249 468
4250 468
4251 468
4252 484
4253 3169
4254 468
4255 1404
4256 1039
4257 1684
4258 1071
4259 468
4260 468
4261 2759
4262 468
4263 2485
4264 468
4265 2120
4266 468
4267 468
4268 2943
4269 468
4270 1480
4271 468
4272 2632
4273 468
4274 468
4275 2842
4276 3171
4277 2038
4278 3113
4279 743
4280 2694
4281 1421
4282 468
4283 468
4284 468
4285 468
4286 468
4287 1247
4288 2825
4289 2688
4290 468
4291 468
4292 2205
4293 468
4294 1293
4295 1219
4296 468
4297 1086
4298 1596
4299 3200
4300 2660
4301 502
4302 468
4303 468
4304 468
4305 1305
4306 3130
4307 468
4308 517
4309 1599
4310 538
4311 468
4312 468
4313 468
4314 872
4315 468
4316 468
4317 582
4318 468
4319 468
4320 468
4321 468
4322 485
4323 468
4324 468
4325 468
4326 468
4327 1348
4328 468
4329 1455
4330 2404
4331 2390
4332 468
4333 468
4334 1767
4335 1038
4336 468
4337 1630
4338 944
4339 1029
4340 468
4341 1752
4342 468
4343 1817
4344 550
4345 1787
4346 3090
4347 468
4348 857
4349 468
4350 468
4351 1912
4352 468
4353 2441
4354 468
4355 1406
4356 1194
4357 1963
4358 468
4359 573
4360 2164
4361 468
4362 2192
4363 996
4364 3240
4365 734
4366 668
4367 2276
4368 468
4369 468
4370 1760
4371 468
4372 468
4373 1339
4374 468
4375 1378
4376 468
4377 678
4378 2841
4379 468
4380 2274
4381 2566
4382 468
4383 647
4384 468
4385 3141
4386 2671
4387 1664
4388 468
4389 468
4390 468
4391 3252
4392 2635
4393 2615
4394 2114
4395 588
4396 1586
4397 468
4398 1173
4399 468
4400 1846
4401 483
4402 468
4403 900
4404 468
4405 931
4406 1726
4407 1578
4408 2159
4409 1837
4410 468
4411 468
4412 468
4413 3124
4414 468
4415 1380
4416 549
4417 468
4418 930
4419 468
4420 2868
4421 468
4422 1652
4423 468
4424 1659
4425 468
4426 1706
4427 529
4428 710
4429 471
4430 1989
4431 474
4432 477
4433 477
4434 478
4435 559
4436 479
4437 479
4438 2845
4439 482
4440 2960
4441 2133
4442 479
4443 2439
4444 479
4445 479
4446 1523
4447 479
4448 765
4449 1832
4450 1402
4451 1297
4452 486
4453 486
4454 486
4455 1016
4456 679
4457 1818
4458 796
4459 797
4460 489
4461 489
4462 1205
4463 689
4464 2001
4465 683
4466 2750
4467 490
4468 490
4469 2435
4470 490
4471 490
4472 1201
4473 490
4474 2477
4475 2416
4476 490
4477 2399
4478 3257
4479 1571
4480 1046
4481 490
4482 2281
4483 1155
4484 490
4485 1797
4486 493
4487 1457
4488 497
4489 1679
4490 1538
4491 498
4492 1709
4493 498
4494 501
4495 501
4496 502
4497 2053
4498 548
4499 1805
4500 1661
4501 611
4502 506
4503 506
4504 507
4505 507
4506 509
4507 2303
4508 513
4509 514
4510 2669
4511 514
4512 514
4513 2132
4514 1548
4515 517
4516 1019
4517 1785
4518 1933
4519 518
4520 2440
4521 921
4522 518
4523 1980
4524 2418
4525 519
4526 519
4527 2454
4528 910
4529 835
4530 1090
4531 521
4532 521
4533 1997
4534 521
4535 1873
4536 521
4537 521
4538 2409
4539 3155
4540 1161
4541 523
4542 523
4543 1489
4544 1127
4545 2640
4546 1532
4547 2758
4548 1964
4549 540
4550 836
4551 527
4552 2652
4553 527
4554 527
4555 527
4556 527
4557 527
4558 1301
4559 529
4560 529
4561 529
4562 1940
4563 1514
4564 2123
4565 1198
4566 1955
4567 2382
4568 2360
4569 954
4570 813
4571 2112
4572 536
4573 541
4574 541
4575 2564
4576 541
4577 1358
4578 1627
4579 550
4580 2984
4581 1185
4582 2831
4583 1828
4584 1825
4585 550
4586 555
4587 555
4588 1723
4589 557
4590 559
4591 3259
4592 2832
4593 562
4594 563
4595 3248
4596 563
4597 563
4598 2571
4599 639
4600 564
4601 564
4602 1088
4603 565
4604 1264
4605 566
4606 566
4607 1759
4608 619
4609 566
4610 566
4611 1001
4612 566
4613 1450
4614 567
4615 567
4616 567
4617 1804
4618 567
4619 567
4620 578
4621 3109
4622 568
4623 568
4624 3061
4625 880
4626 568
4627 1889
4628 576
4629 568
4630 568
4631 3167
4632 568
4633 568
4634 568
4635 1556
4636 1164
4637 1620
4638 568
4639 568
4640 3136
4641 568
4642 2812
4643 1107
4644 1806
4645 568
4646 2100
4647 1403
4648 2150
4649 568
4650 568
4651 2470
4652 568
4653 568
4654 568
4655 568
4656 1147
4657 568
4658 1178
4659 1950
4660 568
4661 568
4662 568
4663 568
4664 568
4665 1551
4666 1976
4667 772
4668 1322
4669 2259
4670 568
4671 568
4672 1496
4673 2633
4674 2800
4675 905
4676 2124
4677 955
4678 568
4679 2022
4680 907
4681 568
4682 568
4683 568
4684 568
4685 2279
4686 568
4687 1363
4688 568
4689 2881
4690 568
4691 568
4692 3048
4693 1850
4694 571
4695 575
4696 576
4697 3198
4698 580
4699 580
4700 580
4701 1999
4702 1099
4703 622
4704 969
4705 580
4706 580
4707 1291
4708 809
4709 2599
4710 583
4711 583
4712 583
4713 2142
4714 777
4715 583
4716 583
4717 627
4718 583
4719 2437
4720 583
4721 583
4722 1414
4723 583
4724 583
4725 583
4726 586
4727 587
4728 2083
4729 2227
4730 595
4731 2639
4732 596
4733 1707
4734 603
4735 596
4736 2884
4737 596
4738 596
4739 749
4740 596
4741 596
4742 596
4743 1484
4744 1610
4745 1203
4746 596
4747 596
4748 596
4749 2598
4750 596
4751 3185
4752 600
4753 1379
4754 2473
4755 601
4756 601
4757 1112
4758 605
4759 2749
4760 1347
4761 607
4762 1614
4763 2044
4764 1241
4765 1266
4766 1267
4767 607
4768 1790
4769 775
4770 2461
4771 686
4772 610
4773 610
4774 610
4775 610
4776 2724
4777 695
4778 794
4779 690
4780 610
4781 2103
4782 610
4783 2289
4784 610
4785 1199
4786 1344
4787 1250
4788 2094
4789 1021
4790 610
4791 610
4792 1473
4793 1216
4794 610
4795 1053
4796 610
4797 1605
4798 610
4799 1025
4800 610
4801 610
4802 610
4803 610
4804 1095
4805 2119
4806 613
4807 1635
4808 634
4809 927
4810 834
4811 613
4812 1622
4813 615
4814 615
4815 2860
4816 615
4817 615
4818 615
4819 2689
4820 615
4821 615
4822 3202
4823 615
4824 833
4825 1255
4826 615
4827 3183
4828 1587
4829 670
4830 912
4831 3195
4832 2183
4833 736
4834 2692
4835 615
4836 2768
4837 1477
4838 615
4839 2106
4840 615
4841 1833
4842 615
4843 615
4844 616
4845 617
4846 1699
4847 618
4848 618
4849 1843
4850 619
4851 621
4852 621
4853 2165
4854 621
4855 2572
4856 2843
4857 2687
4858 621
4859 745
4860 621
4861 621
4862 621
4863 621
4864 621
4865 1501
4866 2693
4867 621
4868 621
4869 1992
4870 645
4871 621
4872 629
4873 1327
4874 1256
4875 629
4876 2097
4877 629
4878 629
4879 629
4880 630
4881 630
4882 3168
4883 1687
4884 631
4885 631
4886 926
4887 632
4888 3024
4889 1231
4890 1944
4891 3232
4892 637
4893 2213
4894 637
4895 637
4896 637
4897 639
4898 3215
4899 641
4900 2628
4901 779
4902 2892
4903 641
4904 641
4905 2810
4906 641
4907 2257
4908 949
4909 2887
4910 643
4911 643
4912 645
4913 645
4914 1991
4915 2252
4916 648
4917 649
4918 2215
4919 3144
4920 649
4921 652
4922 1491
4923 652
4924 1415
4925 652
4926 3092
4927 1218
4928 657
4929 904
4930 657
4931 2789
4932 698
4933 659
4934 1926
4935 662
4936 662
4937 1145
4938 3037
4939 1868
4940 2638
4941 662
4942 2712
4943 844
4944 2428
4945 662
4946 662
4947 1092
4948 2871
4949 1559
4950 662
4951 1456
4952 2008
4953 1994
4954 1234
4955 663
4956 663
4957 1392
4958 663
4959 663
4960 663
4961 2446
4962 803
4963 666
4964 668
4965 1108
4966 1704
4967 1619
4968 672
4969 1078
4970 2794
4971 846
4972 1032
4973 672
4974 1569
4975 741
4976 672
4977 3154
4978 2521
4979 674
4980 1761
4981 675
4982 1823
4983 675
4984 679
4985 679
4986 1148
4987 679
4988 1427
4989 2728
4990 1460
4991 2994
4992 2384
4993 3201
4994 680
4995 680
4996 3256
4997 680
4998 2698
4999 680
5000 2240
5001 3210
5002 680
5003 680
5004 680
5005 680
5006 680
5007 680
5008 680
5009 680
5010 967
5011 682
5012 682
5013 694
5014 682
5015 2220
5016 691
5017 2177
5018 682
5019 682
5020 1359
5021 1888
5022 1434
5023 3009
5024 814
5025 1210
5026 3189
5027 682
5028 1135
5029 682
5030 759
5031 684
5032 684
5033 686
5034 1425
5035 2285
5036 686
5037 2272
5038 3133
5039 687
5040 2796
5041 689
5042 692
5043 692
5044 692
5045 692
5046 692
5047 692
5048 692
5049 2672
5050 869
5051 693
5052 694
5053 697
5054 2666
5055 700
5056 936
5057 2267
5058 3139
5059 702
5060 831
5061 2546
5062 1346
5063 702
5064 1114
5065 2127
5066 703
5067 3082
5068 703
5069 703
5070 704
5071 1190
5072 706
5073 2423
5074 706
5075 707
5076 3160
5077 707
5078 785
5079 708
5080 708
5081 3178
5082 1500
5083 709
5084 709
5085 709
5086 709
5087 2290
5088 709
5089 2491
5090 709
5091 709
5092 2260
5093 712
5094 712
5095 712
5096 712
5097 1537
5098 2534
5099 712
5100 2737
5101 715
5102 715
5103 715
5104 717
5105 721
5106 2275
5107 722
5108 722
5109 1278
5110 726
5111 3214
5112 838
5113 1641
5114 2719
5115 1439
5116 732
5117 2921
5118 732
5119 732
5120 2991
5121 732
5122 732
5123 2854
5124 832
5125 2524
5126 732
5127 2946
5128 733
5129 733
5130 874
5131 2609
5132 1385
5133 734
5134 989
5135 738
5136 739
5137 1197
5138 743
5139 743
5140 2972
5141 743
5142 1879
5143 1606
5144 744
5145 781
5146 2400
5147 744
5148 1211
5149 2919
5150 744
5151 744
5152 744
5153 2816
5154 744
5155 744
5156 744
5157 1712
5158 744
5159 744
5160 744
5161 1663
5162 744
5163 1518
5164 1775
5165 744
5166 1174
5167 744
5168 744
5169 1601
5170 744
5171 744
5172 744
5173 744
5174 744
5175 744
5176 744
5177 2953
5178 2925
5179 744
5180 2649
5181 744
5182 749
5183 751
5184 751
5185 839
5186 2149
5187 2769
5188 3275
5189 2460
5190 753
5191 1770
5192 1593
5193 756
5194 1702
5195 761
5196 763
5197 763
5198 1604
5199 2518
5200 763
5201 763
5202 1941
5203 1325
5204 899
5205 763
5206 765
5207 2613
5208 768
5209 769
5210 1671
5211 769
5212 769
5213 770
5214 770
5215 770
5216 770
5217 770
5218 770
5219 770
5220 770
5221 770
5222 1708
5223 770
5224 770
5225 770
5226 1493
5227 775
5228 776
5229 776
5230 1703
5231 777
5232 1182
5233 783
5234 785
5235 785
5236 785
5237 2073
5238 1849
5239 785
5240 2565
5241 785
5242 785
5243 2323
5244 2637
5245 789
5246 2296
5247 793
5248 795
5249 2651
5250 2798
5251 1238
5252 795
5253 853
5254 801
5255 1110
5256 804
5257 808
5258 813
5259 814
5260 814
5261 980
5262 816
5263 816
5264 3099
5265 2761
5266 816
5267 3116
5268 2339
5269 816
5270 1923
5271 1519
5272 816
5273 816
5274 816
5275 816
5276 2577
5277 816
5278 816
5279 1057
5280 1341
5281 2675
5282 816
5283 816
5284 816
5285 817
5286 3188
5287 1483
5288 2171
5289 3147
5290 829
5291 2772
5292 837
5293 838
5294 838
5295 840
5296 842
5297 1795
5298 901
5299 2472
5300 2369
5301 842
5302 1338
5303 842
5304 842
5305 1698
5306 1642
5307 3163
5308 2644
5309 1158
5310 3187
5311 2004
5312 2268
5313 1229
5314 1186
5315 842
5316 1686
5317 842
5318 842
5319 3135
5320 2945
5321 1725
5322 842
5323 842
5324 1290
5325 842
5326 2021
5327 1720
5328 2074
5329 843
5330 843
5331 843
5332 843
5333 2389
5334 846
5335 2032
5336 847
5337 847
5338 848
5339 1212
5340 848
5341 849
5342 1715
5343 850
5344 850
5345 850
5346 2222
5347 853
5348 1248
5349 853
5350 853
5351 938
5352 856
5353 856
5354 857
5355 857
5356 858
5357 2157
5358 859
5359 963
5360 859
5361 859
5362 859
5363 1741
5364 1981
5365 1309
5366 2514
5367 1066
5368 2239
5369 1487
5370 1333
5371 881
5372 863
5373 863
5374 863
5375 2031
5376 863
5377 1748
5378 863
5379 2195
5380 1574
5381 864
5382 922
5383 864
5384 867
5385 867
5386 867
5387 2742
5388 867
5389 867
5390 867
5391 867
5392 867
5393 2874
5394 1860
5395 2266
5396 2113
5397 3221
5398 868
5399 869
5400 872
5401 873
5402 873
5403 2367
5404 875
5405 2284
5406 876
5407 1438
5408 877
5409 877
5410 877
5411 2406
5412 881
5413 881
5414 883
5415 883
5416 883
5417 883
5418 886
5419 888
5420 890
5421 1361
5422 1214
5423 3044
5424 2897
5425 1226
5426 896
5427 1716
5428 898
5429 899
5430 899
5431 900
5432 2982
5433 900
5434 900
5435 900
5436 900
5437 1033
5438 901
5439 904
5440 913
5441 2051
5442 913
5443 1042
5444 915
5445 915
5446 917
5447 917
5448 920
5449 1237
5450 920
5451 1802
5452 2558
5453 3002
5454 922
5455 922
5456 957
5457 1119
5458 925
5459 925
5460 925
5461 2476
5462 925
5463 1036
5464 2093
5465 925
5466 925
5467 926
5468 926
5469 2377
5470 926
5471 1176
5472 926
5473 1453
5474 926
5475 926
5476 926
5477 926
5478 2976
5479 1354
5480 926
5481 926
5482 2606
5483 926
5484 926
5485 926
5486 2005
5487 926
5488 926
5489 926
5490 1998
5491 926
5492 926
5493 926
5494 2322
5495 1853
5496 926
5497 1827
5498 926
5499 926
5500 926
5501 926
5502 2328
5503 1959
5504 926
5505 1192
5506 926
5507 926
5508 926
5509 1813
5510 926
5511 2747
5512 1013
5513 1887
5514 1692
5515 929
5516 931
5517 931
5518 932
5519 933
5520 935
5521 935
5522 935
5523 935
5524 2212
5525 935
5526 2295
5527 937
5528 937
5529 1405
5530 940
5531 1508
5532 940
5533 940
5534 945
5535 2040
5536 945
5537 946
5538 2273
5539 2224
5540 949
5541 949
5542 2629
5543 952
5544 2578
5545 953
5546 955
5547 1984
5548 1410
5549 956
5550 956
5551 1350
5552 956
5553 956
5554 956
5555 956
5556 2714
5557 1376
5558 956
5559 1076
5560 2608
5561 1138
5562 956
5563 1091
5564 956
5565 956
5566 956
5567 956
5568 956
5569 956
5570 956
5571 2875
5572 2973
5573 956
5574 956
5575 3096
5576 2547
5577 956
5578 1261
5579 1625
5580 2586
5581 956
5582 1269
5583 956
5584 958
5585 958
5586 958
5587 958
5588 958
5589 958
5590 958
5591 992
5592 958
5593 959
5594 2814
5595 1458
5596 972
5597 961
5598 961
5599 961
5600 961
5601 961
5602 961
5603 961
5604 962
5605 964
5606 2350
5607 1749
5608 1628
5609 2545
5610 1389
5611 2745
5612 966
5613 968
5614 3083
5615 969
5616 971
5617 972
5618 972
5619 972
5620 1719
5621 972
5622 1208
5623 981
5624 972
5625 1243
5626 2668
5627 975
5628 977
5629 3260
5630 1562
5631 986
5632 987
5633 3276
5634 1479
5635 1101
5636 1069
5637 3238
5638 997
5639 2588
5640 1085
5641 998
5642 998
5643 3262
5644 998
5645 1711
5646 1003
5647 1003
5648 1003
5649 3038
5650 1442
5651 1007
5652 1008
5653 1008
5654 1009
5655 1009
5656 1037
5657 1009
5658 1011
5659 1431
5660 1014
5661 1016
5662 1016
5663 1016
5664 1051
5665 1016
5666 1016
5667 1028
5668 1609
5669 1020
5670 1020
5671 1734
5672 1020
5673 1020
5674 1020
5675 1020
5676 1031
5677 1021
5678 1739
5679 1022
5680 1637
5681 1022
5682 1022
5683 1023
5684 2255
5685 1230
5686 1740
5687 1023
5688 1023
5689 1024
5690 1024
5691 1025
5692 1670
5693 1025
5694 1025
5695 2082
5696 1027
5697 1029
5698 3052
5699 1030
5700 1528
5701 1034
5702 2270
5703 1034
5704 1543
5705 3225
5706 1624
5707 1034
5708 1034
5709 1035
5710 1651
5711 1037
5712 1038
5713 2570
5714 1038
5715 2878
5716 1039
5717 1529
5718 1042
5719 1042
5720 1492
5721 1042
5722 2398
5723 1045
5724 1045
5725 1644
5726 1048
5727 1049
5728 1050
5729 2519
5730 3186
5731 1052
5732 2634
5733 1054
5734 1055
5735 3194
5736 2999
5737 1082
5738 1057
5739 3026
5740 2880
5741 1506
5742 1395
5743 1892
5744 1899
5745 1061
5746 1062
5747 1179
5748 1062
5749 2971
5750 1064
5751 1616
5752 3274
5753 1064
5754 1836
5755 2856
5756 1064
5757 3243
5758 1064
5759 1428
5760 2760
5761 2271
5762 1524
5763 1068
5764 1070
5765 2531
5766 1077
5767 1526
5768 1367
5769 1077
5770 1077
5771 1077
5772 1077
5773 1654
5774 1078
5775 2262
5776 1078
5777 1078
5778 1078
5779 1078
5780 1078
5781 2815
5782 1078
5783 1078
5784 2979
5785 1078
5786 1215
5787 2931
5788 1123
5789 3251
5790 1078
5791 1078
5792 1078
5793 1083
5794 1988
5795 1078
5796 1078
5797 1078
5798 1166
5799 1349
5800 1408
5801 1079
5802 1079
5803 1079
5804 2792
5805 1079
5806 1086
5807 1088
5808 1088
5809 2983
5810 1088
5811 1974
5812 2901
5813 1090
5814 1567
5815 2597
5816 1746
5817 2457
5818 1094
5819 1094
5820 1094
5821 2054
5822 1094
5823 1737
5824 1101
5825 1105
5826 1105
5827 2489
5828 1105
5829 1399
5830 2510
5831 1105
5832 1105
5833 1668
5834 1105
5835 1105
5836 2839
5837 1105
5838 1786
5839 1105
5840 1105
5841 1105
5842 1107
5843 2781
5844 1213
5845 1107
5846 1107
5847 1901
5848 2345
5849 1324
5850 1869
5851 1110
5852 1649
5853 1112
5854 1112
5855 1112
5856 1112
5857 3226
5858 1113
5859 1113
5860 1114
5861 1114
5862 1114
5863 2916
5864 1114
5865 1114
5866 1115
5867 1116
5868 1116
5869 1117
5870 1117
5871 1117
5872 1117
5873 1117
5874 1117
5875 3089
5876 1121
5877 1121
5878 1121
5879 1121
5880 1121
5881 2488
5882 1125
5883 1126
5884 1126
5885 1126
5886 2043
5887 1127
5888 1128
5889 1129
5890 1129
5891 1867
5892 1132
5893 1135
5894 1283
5895 1136
5896 1137
5897 1678
5898 1143
5899 1144
5900 1146
5901 1146
5902 1146
5903 1147
5904 1148
5905 1151
5906 1152
5907 2407
5908 1159
5909 1159
5910 1159
5911 1159
5912 1161
5913 1905
5914 2076
5915 2771
5916 2756
5917 1165
5918 1168
5919 1168
5920 1168
5921 1172
5922 1579
5923 1271
5924 1175
5925 1179
5926 1179
5927 2243
5928 1615
5929 1181
5930 1794
5931 1181
5932 1355
5933 1184
5934 1184
5935 1184
5936 1648
5937 1185
5938 1188
5939 2385
5940 1753
5941 3165
5942 1197
5943 1197
5944 1478
5945 1197
5946 1197
5947 1197
5948 1199
5949 1200
5950 1201
5951 2459
5952 1830
5953 1201
5954 2978
5955 1204
5956 2922
5957 1211
5958 1418
5959 2929
5960 2033
5961 1211
5962 1954
5963 1211
5964 3097
5965 3177
5966 1212
5967 1212
5968 1212
5969 2379
5970 1217
5971 1219
5972 3051
5973 1222
5974 1222
5975 1222
5976 1222
5977 1222
5978 1222
5979 1222
5980 1222
5981 1223
5982 1228
5983 1468
5984 1228
5985 1228
5986 1229
5987 1230
5988 1768
5989 2974
5990 2618
5991 2938
5992 1230
5993 1230
5994 1232
5995 1234
5996 1234
5997 2848
5998 1234
5999 1234
6000 2774
6001 1236
6002 1236
6003 1238
6004 1238
6005 1239
6006 1239
6007 1449
6008 1239
6009 1239
6010 2066
6011 1240
6012 1240
6013 1242
6014 1242
6015 1242
6016 2072
6017 1893
6018 1242
6019 1242
6020 1244
6021 1924
6022 1245
6023 3062
6024 2715
6025 1245
6026 1245
6027 3085
6028 1247
6029 1248
6030 1467
6031 1437
6032 1248
6033 1248
6034 2376
6035 1248
6036 1248
6037 2090
6038 1248
6039 1252
6040 1254
6041 1254
6042 2201
6043 1307
6044 1462
6045 1254
6046 1254
6047 1254
6048 1255
6049 2442
6050 2951
6051 1256
6052 2480
6053 2137
6054 1260
6055 1260
6056 1260
6057 2194
6058 2013
6059 2422
6060 1373
6061 1485
6062 1260
6063 1260
6064 1260
6065 2318
6066 1262
6067 1262
6068 1262
6069 1316
6070 3166
6071 1265
6072 1265
6073 1265
6074 1265
6075 1265
6076 2179
6077 1265
6078 2258
6079 1266
6080 1266
6081 1266
6082 1267
6083 1268
6084 1268
6085 1268
6086 2225
6087 1270
6088 1270
6089 2143
6090 1270
6091 1271
6092 1881
6093 2242
6094 1273
6095 1273
6096 2245
6097 1870
6098 3212
6099 2346
6100 1273
6101 1275
6102 2779
6103 2591
6104 1278
6105 1278
6106 2426
6107 1281
6108 1281
6109 1281
6110 1372
6111 2995
6112 2793
6113 2394
6114 1283
6115 1283
6116 2811
6117 1962
6118 1285
6119 1286
6120 1995
6121 1842
6122 1289
6123 1289
6124 1713
6125 1289
6126 1289
6127 1289
6128 1291
6129 1291
6130 2444
6131 1291
6132 1291
6133 1291
6134 1294
6135 1296
6136 1294
6137 2011
6138 1296
6139 2525
6140 1299
6141 3213
6142 1301
6143 1303
6144 1303
6145 3078
6146 1304
6147 1903
6148 2166
6149 1304
6150 1304
6151 1304
6152 1762
6153 1304
6154 1306
6155 1505
6156 1310
6157 2204
6158 1312
6159 1313
6160 1313
6161 2616
6162 1317
6163 1317
6164 1317
6165 1317
6166 1317
6167 1317
6168 1319
6169 1320
6170 1321
6171 2739
6172 2293
6173 1972
6174 1322
6175 1322
6176 1322
6177 1322
6178 1911
6179 1323
6180 2101
6181 1324
6182 2238
6183 2783
6184 1329
6185 1330
6186 1330
6187 1332
6188 1332
6189 1332
6190 1332
6191 1332
6192 1332
6193 1332
6194 2548
6195 1332
6196 1332
6197 1332
6198 1332
6199 1332
6200 1701
6201 1700
6202 3137
6203 1332
6204 1332
6205 1332
6206 1332
6207 1332
6208 1332
6209 2108
6210 1332
6211 1332
6212 2391
6213 1332
6214 2934
6215 2294
6216 2317
6217 1333
6218 1333
6219 1333
6220 1333
6221 1333
6222 1333
6223 3108
6224 1333
6225 1333
6226 1337
6227 1341
6228 2986
6229 1341
6230 1341
6231 1342
6232 1342
6233 2002
6234 1342
6235 1342
6236 1342
6237 1347
6238 2368
6239 1536
6240 1350
6241 1350
6242 1535
6243 1350
6244 1350
6245 1351
6246 3035
6247 1351
6248 1360
6249 1362
6250 1465
6251 1364
6252 2941
6253 1364
6254 2412
6255 1367
6256 1368
6257 3143
6258 1375
6259 1378
6260 1379
6261 2306
6262 1381
6263 1381
6264 1381
6265 1381
6266 2959
6267 1381
6268 1452
6269 3033
6270 1638
6271 1388
6272 1388
6273 1937
6274 1389
6275 1389
6276 2786
6277 2348
6278 2088
6279 1392
6280 2349
6281 3180
6282 1983
6283 1392
6284 1392
6285 1392
6286 1623
6287 1392
6288 1394
6289 1394
6290 1771
6291 1877
6292 2910
6293 1396
6294 1399
6295 1400
6296 1400
6297 1402
6298 3242
6299 1403
6300 1958
6301 1403
6302 2935
6303 1404
6304 1404
6305 1429
6306 2396
6307 1414
6308 1414
6309 1414
6310 3233
6311 1414
6312 1414
6313 2885
6314 1414
6315 1414
6316 1414
6317 1414
6318 1414
6319 1414
6320 1414
6321 1414
6322 1414
6323 1414
6324 1414
6325 1414
6326 1414
6327 1414
6328 1878
6329 1844
6330 1464
6331 2555
6332 1414
6333 1414
6334 1908
6335 1564
6336 1414
6337 1414
6338 2232
6339 1414
6340 1414
6341 2738
6342 1414
6343 1414
6344 1415
6345 1417
6346 1417
6347 1417
6348 1419
6349 2338
6350 1420
6351 1420
6352 2387
6353 1420
6354 1420
6355 1423
6356 1423
6357 1429
6358 1429
6359 2386
6360 1433
6361 2493
6362 1582
6363 1434
6364 1434
6365 1435
6366 1436
6367 1436
6368 1436
6369 1436
6370 1436
6371 1436
6372 1436
6373 1437
6374 1437
6375 2882
6376 1643
6377 2456
6378 1440
6379 2482
6380 2952
6381 1443
6382 1443
6383 1443
6384 1443
6385 3104
6386 1443
6387 1443
6388 1443
6389 2228
6390 1443
6391 1443
6392 1443
6393 1443
6394 1639
6395 1447
6396 1449
6397 1449
6398 1451
6399 1451
6400 1451
6401 2790
6402 3265
6403 1451
6404 1451
6405 1451
6406 1451
6407 1452
6408 1452
6409 1814
6410 1452
6411 3068
6412 1452
6413 1455
6414 1455
6415 2834
6416 1458
6417 1458
6418 1970
6419 1476
6420 2561
6421 2299
6422 1458
6423 1458
6424 1521
6425 1458
6426 1458
6427 1458
6428 1458
6429 1458
6430 1458
6431 1458
6432 1458
6433 3020
6434 3150
6435 1458
6436 2068
6437 1458
6438 1690
6439 2064
6440 1458
6441 1458
6442 3231
6443 1458
6444 1458
6445 1458
6446 1722
6447 1458
6448 1458
6449 2300
6450 1882
6451 2414
6452 2261
6453 1682
6454 1458
6455 1460
6456 1461
6457 1461
6458 2304
6459 1465
6460 1475
6461 1466
6462 2069
6463 1717
6464 1468
6465 1473
6466 3196
6467 1473
6468 1473
6469 3235
6470 1865
6471 1473
6472 1473
6473 1473
6474 1473
6475 1952
6476 1475
6477 1479
6478 1479
6479 1479
6480 1819
6481 2372
6482 2908
6483 2035
6484 1484
6485 1487
6486 1490
6487 1570
6488 2630
6489 2025
6490 2335
6491 1490
6492 1490
6493 1490
6494 2163
6495 1490
6496 2160
6497 1491
6498 1492
6499 2354
6500 1492
6501 1493
6502 1493
6503 1493
6504 1493
6505 1493
6506 1493
6507 1493
6508 2507
6509 1493
6510 1493
6511 1493
6512 1493
6513 1493
6514 1650
6515 1494
6516 1495
6517 1495
6518 1495
6519 1495
6520 2430
6521 1499
6522 1499
6523 1597
6524 1501
6525 2356
6526 1502
6527 1503
6528 1504
6529 3098
6530 1511
6531 1513
6532 1513
6533 1527
6534 1514
6535 1731
6536 1519
6537 1796
6538 1519
6539 1519
6540 1520
6541 1520
6542 1520
6543 1520
6544 2307
6545 2107
6546 1521
6547 1553
6548 1523
6549 1523
6550 1815
6551 3017
6552 1525
6553 1602
6554 1525
6555 1525
6556 1525
6557 1525
6558 3114
6559 2129
6560 2287
6561 1527
6562 1527
6563 1528
6564 1528
6565 1528
6566 1529
6567 1534
6568 1534
6569 1534
6570 1534
6571 1534
6572 1534
6573 1534
6574 1534
6575 1535
6576 1535
6577 1536
6578 1536
6579 1536
6580 1536
6581 1536
6582 2704
6583 1536
6584 1536
6585 1862
6586 1536
6587 2947
6588 1536
6589 1536
6590 1536
6591 2230
6592 2920
6593 1536
6594 1536
6595 2374
6596 1536
6597 1536
6598 3142
6599 1536
6600 1538
6601 2861
6602 1546
6603 1546
6604 1549
6605 2479
6606 1551
6607 2438
6608 1553
6609 2663
6610 2515
6611 1553
6612 2145
6613 1553
6614 2223
6615 2690
6616 1553
6617 1553
6618 1553
6619 2125
6620 2058
6621 1554
6622 1554
6623 1554
6624 1554
6625 2030
6626 1556
6627 1560
6628 2186
6629 1561
6630 1758
6631 1769
6632 1561
6633 1561
6634 1562
6635 1563
6636 1564
6637 1569
6638 1612
6639 1570
6640 1571
6641 2610
6642 1571
6643 1574
6644 1574
6645 1576
6646 1578
6647 1578
6648 2776
6649 1578
6650 1578
6651 2686
6652 1856
6653 1578
6654 2895
6655 1578
6656 3204
6657 1578
6658 1578
6659 1578
6660 2358
6661 1578
6662 1578
6663 1578
6664 1578
6665 1578
6666 1578
6667 1578
6668 2813
6669 1578
6670 1578
6671 2327
6672 1578
6673 1578
6674 1578
6675 1578
6676 1578
6677 1578
6678 1578
6679 1578
6680 1751
6681 1578
6682 1578
6683 1578
6684 1578
6685 1578
6686 1578
6687 3055
6688 1578
6689 1578
6690 1578
6691 1578
6692 1578
6693 1578
6694 3006
6695 1578
6696 1578
6697 2047
6698 1578
6699 1578
6700 1578
6701 1578
6702 1578
6703 1578
6704 1578
6705 1578
6706 3244
6707 2023
6708 1578
6709 1578
6710 1578
6711 1578
6712 1578
6713 2918
6714 1578
6715 1579
6716 1838
6717 1581
6718 1581
6719 2625
6720 2544
6721 1581
6722 1581
6723 1581
6724 1583
6725 1681
6726 1587
6727 1587
6728 1587
6729 1587
6730 3047
6731 1588
6732 2805
6733 1589
6734 1589
6735 2997
6736 3054
6737 1589
6738 1589
6739 1591
6740 1591
6741 1591
6742 1591
6743 2065
6744 1593
6745 1593
6746 1596
6747 1596
6748 1596
6749 1599
6750 1599
6751 1803
6752 1874
6753 1599
6754 1599
6755 2403
6756 3032
6757 1600
6758 1600
6759 1600
6760 1600
6761 2905
6762 1656
6763 1600
6764 1600
6765 1607
6766 1608
6767 1608
6768 1904
6769 1609
6770 1609
6771 1609
6772 1610
6773 1662
6774 1610
6775 1977
6776 1727
6777 1611
6778 1611
6779 1611
6780 1611
6781 2780
6782 1611
6783 1611
6784 1611
6785 1611
6786 1611
6787 2819
6788 1914
6789 1611
6790 1611
6791 1611
6792 1611
6793 1611
6794 1611
6795 1611
6796 2320
6797 1611
6798 2553
6799 1611
6800 1917
6801 3247
6802 1611
6803 1611
6804 1611
6805 1778
6806 3131
6807 1611
6808 1611
6809 3106
6810 1611
6811 2866
6812 1611
6813 1685
6814 1613
6815 1613
6816 1619
6817 1620
6818 2218
6819 1621
6820 1854
6821 1623
6822 1624
6823 2573
6824 1628
6825 1628
6826 1628
6827 1628
6828 1628
6829 1629
6830 1669
6831 1629
6832 1629
6833 1629
6834 1629
6835 1629
6836 1629
6837 1629
6838 1629
6839 1629
6840 1630
6841 1630
6842 1630
6843 2808
6844 1632
6845 2237
6846 1632
6847 3172
6848 1635
6849 2427
6850 1635
6851 2200
6852 1812
6853 1635
6854 1635
6855 2286
6856 1638
6857 1638
6858 1641
6859 1641
6860 3003
6861 1643
6862 1643
6863 1643
6864 1643
6865 1782
6866 3181
6867 1643
6868 1643
6869 2930
6870 1643
6871 1643
6872 1643
6873 1643
6874 2775
6875 3197
6876 2091
6877 1643
6878 2684
6879 2451
6880 2516
6881 1643
6882 1643
6883 1643
6884 2992
6885 1643
6886 1643
6887 1643
6888 1643
6889 1643
6890 1643
6891 1643
6892 1643
6893 2709
6894 1643
6895 1643
6896 2624
6897 3058
6898 2527
6899 1973
6900 1643
6901 1643
6902 1643
6903 1643
6904 2417
6905 1643
6906 1643
6907 1643
6908 1643
6909 1643
6910 1643
6911 1643
6912 1643
6913 1643
6914 1643
6915 1643
6916 1907
6917 1643
6918 1643
6919 1646
6920 1646
6921 1646
6922 1646
6923 1646
6924 1646
6925 1646
6926 1646
6927 1646
6928 1651
6929 1651
6930 1651
6931 1891
6932 1651
6933 1651
6934 2174
6935 1653
6936 2305
6937 1655
6938 2844
6939 1657
6940 1657
6941 2596
6942 1659
6943 3011
6944 1662
6945 1662
6946 1663
6947 1663
6948 1665
6949 1665
6950 2679
6951 1665
6952 1665
6953 1728
6954 1935
6955 2725
6956 1667
6957 1669
6958 1669
6959 1669
6960 1669
6961 1669
6962 1669
6963 1669
6964 1669
6965 2188
6966 2862
6967 2727
6968 1670
6969 1670
6970 1670
6971 1670
6972 1670
6973 1670
6974 1675
6975 1676
6976 1676
6977 2590
6978 1676
6979 1845
6980 1676
6981 2504
6982 2627
6983 3088
6984 1679
6985 1679
6986 1679
6987 1679
6988 1680
6989 1680
6990 1680
6991 1680
6992 1680
6993 1680
6994 1680
6995 1680
6996 1680
6997 1824
6998 1680
6999 1680
7000 1680
7001 1684
7002 2601
7003 2028
7004 1684
7005 2191
7006 1688
7007 2865
7008 1688
7009 1688
7010 1689
7011 1689
7012 1690
7013 1690
7014 1690
7015 1710
7016 1692
7017 1692
7018 1692
7019 1693
7020 1693
7021 1693
7022 2425
7023 1693
7024 1693
7025 1693
7026 1695
7027 1696
7028 1697
7029 1701
7030 2559
7031 1704
7032 2116
7033 1705
7034 2554
7035 1711
7036 1711
7037 2614
7038 2883
7039 3012
7040 2057
7041 1714
7042 1714
7043 1714
7044 1718
7045 1719
7046 1719
7047 1725
7048 1726
7049 1727
7050 1727
7051 2156
7052 3021
7053 1727
7054 1727
7055 1727
7056 2754
7057 1728
7058 2569
7059 1728
7060 1728
7061 1729
7062 1731
7063 1731
7064 1731
7065 1733
7066 1733
7067 1734
7068 1734
7069 2852
7070 1990
7071 1840
7072 1876
7073 1734
7074 1735
7075 1738
7076 1740
7077 1740
7078 2797
7079 1740
7080 2197
7081 1740
7082 2015
7083 1744
7084 1744
7085 1744
7086 2683
7087 1744
7088 2777
7089 1744
7090 1744
7091 3268
7092 1744
7093 1744
7094 2849
7095 2746
7096 1744
7097 1744
7098 1744
7099 1744
7100 1744
7101 3073
7102 2337
7103 2311
7104 1744
7105 3205
7106 1744
7107 2251
7108 1744
7109 1744
7110 1747
7111 1747
7112 1747
7113 1747
7114 1747
7115 1932
7116 1747
7117 2574
7118 1747
7119 1747
7120 1747
7121 1747
7122 1747
7123 1747
7124 1747
7125 1747
7126 1753
7127 1755
7128 1755
7129 1758
7130 1758
7131 1758
7132 1759
7133 3056
7134 2383
7135 1760
7136 1760
7137 1761
7138 2248
7139 1762
7140 1762
7141 3173
7142 2734
7143 2110
7144 1762
7145 1762
7146 1762
7147 2886
7148 1762
7149 1762
7150 1762
7151 1857
7152 1762
7153 1861
7154 1762
7155 2729
7156 1762
7157 1762
7158 1762
7159 1763
7160 1763
7161 1763
7162 1765
7163 1765
7164 2873
7165 1768
7166 2716
7167 1769
7168 1769
7169 2134
7170 2717
7171 1770
7172 2370
7173 1776
7174 1776
7175 2726
7176 3267
7177 1776
7178 1776
7179 1776
7180 1776
7181 1777
7182 2301
7183 1777
7184 1777
7185 3014
7186 1777
7187 1777
7188 3184
7189 1777
7190 1777
7191 1778
7192 1779
7193 1779
7194 1780
7195 1780
7196 1784
7197 1784
7198 2431
7199 3065
7200 1784
7201 1784
7202 1785
7203 1785
7204 1785
7205 1785
7206 1785
7207 1785
7208 1786
7209 3272
7210 1788
7211 1788
7212 1792
7213 1793
7214 1793
7215 2429
7216 1794
7217 1794
7218 2017
7219 1798
7220 1798
7221 1799
7222 3219
7223 2851
7224 1799
7225 1800
7226 2347
7227 1801
7228 1802
7229 1802
7230 1802
7231 1802
7232 1802
7233 1802
7234 2111
7235 2502
7236 1802
7237 1802
7238 1802
7239 1802
7240 1802
7241 1802
7242 1802
7243 1802
7244 1987
7245 1802
7246 1802
7247 1802
7248 1806
7249 2229
7250 2490
7251 1807
7252 1807
7253 1807
7254 1807
7255 1810
7256 1810
7257 1811
7258 1811
7259 1812
7260 1812
7261 1812
7262 1812
7263 1812
7264 1812
7265 1812
7266 1812
7267 1812
7268 1812
7269 1812
7270 1812
7271 2936
7272 1815
7273 1815
7274 1815
7275 1815
7276 2062
7277 1815
7278 1815
7279 1815
7280 1820
7281 1820
7282 3224
7283 1823
7284 1823
7285 1824
7286 3134
7287 1824
7288 1968
7289 1827
7290 1827
7291 1827
7292 3077
7293 1828
7294 1828
7295 1828
7296 1828
7297 1828
7298 2468
7299 1828
7300 1828
7301 2543
7302 3112
7303 1828
7304 1828
7305 2954
7306 1828
7307 1828
7308 1828
7309 1828
7310 1828
7311 1828
7312 1828
7313 1828
7314 1828
7315 1829
7316 2836
7317 1830
7318 1830
7319 1830
7320 1830
7321 1831
7322 2560
7323 1927
7324 1831
7325 2850
7326 1831
7327 2481
7328 1831
7329 1831
7330 1832
7331 1832
7332 1833
7333 2009
7334 1833
7335 1833
7336 1978
7337 1833
7338 1833
7339 1834
7340 1834
7341 1834
7342 1834
7343 1836
7344 1836
7345 1836
7346 2146
7347 1840
7348 1840
7349 1840
7350 3091
7351 1840
7352 1840
7353 1840
7354 2463
7355 3034
7356 1844
7357 1844
7358 1844
7359 1844
7360 1852
7361 1852
7362 2465
7363 1855
7364 1982
7365 1953
7366 2452
7367 1856
7368 1856
7369 1856
7370 1856
7371 1856
7372 2264
7373 1857
7374 1857
7375 1857
7376 1857
7377 1857
7378 1857
7379 1857
7380 1857
7381 1860
7382 1860
7383 1860
7384 1860
7385 2302
7386 1863
7387 1863
7388 1863
7389 1865
7390 2139
7391 1868
7392 1869
7393 2778
7394 1869
7395 1870
7396 2869
7397 2752
7398 1870
7399 2722
7400 2351
7401 1874
7402 1875
7403 1875
7404 1876
7405 1876
7406 1945
7407 1878
7408 2909
7409 2466
7410 1888
7411 1888
7412 1888
7413 1889
7414 1889
7415 2447
7416 2122
7417 1889
7418 1889
7419 3050
7420 1889
7421 1889
7422 1889
7423 1889
7424 1889
7425 2963
7426 2580
7427 1889
7428 1889
7429 1889
7430 1889
7431 1889
7432 1889
7433 1889
7434 1889
7435 1889
7436 2550
7437 1889
7438 1889
7439 2962
7440 1889
7441 1889
7442 2336
7443 1889
7444 1889
7445 1889
7446 1939
7447 1889
7448 1889
7449 1889
7450 1889
7451 1889
7452 1889
7453 1942
7454 1889
7455 1889
7456 3190
7457 1889
7458 1889
7459 2070
7460 1889
7461 1889
7462 1889
7463 1889
7464 1889
7465 2751
7466 1889
7467 2970
7468 1889
7469 2501
7470 1889
7471 1889
7472 1889
7473 2144
7474 2691
7475 1889
7476 2020
7477 1889
7478 1889
7479 1889
7480 1889
7481 1889
7482 1889
7483 1890
7484 1892
7485 1892
7486 1892
7487 1892
7488 1893
7489 1894
7490 1895
7491 1895
7492 2060
7493 1895
7494 1896
7495 1896
7496 1896
7497 1896
7498 2049
7499 1897
7500 1897
7501 2153
7502 1901
7503 2436
7504 1901
7505 1902
7506 1902
7507 1905
7508 3250
7509 1905
7510 2326
7511 1905
7512 1905
7513 1905
7514 1905
7515 1905
7516 1905
7517 1905
7518 1905
7519 3170
7520 1905
7521 1905
7522 2707
7523 2969
7524 1905
7525 3118
7526 1905
7527 2315
7528 1907
7529 1910
7530 1910
7531 1910
7532 2421
7533 1910
7534 1910
7535 3046
7536 2890
7537 1914
7538 1914
7539 1916
7540 1916
7541 1957
7542 1918
7543 1921
7544 1921
7545 1921
7546 1921
7547 2256
7548 1925
7549 1925
7550 1926
7551 1926
7552 2764
7553 1926
7554 1985
7555 1926
7556 1926
7557 2343
7558 1927
7559 1927
7560 1927
7561 1927
7562 1927
7563 1928
7564 1928
7565 1928
7566 1928
7567 1928
7568 2802
7569 2939
7570 1929
7571 1929
7572 1930
7573 1931
7574 1932
7575 1933
7576 1935
7577 1935
7578 1936
7579 1937
7580 1938
7581 1940
7582 1940
7583 1940
7584 1941
7585 1941
7586 1941
7587 1941
7588 1941
7589 1941
7590 2241
7591 2673
7592 1941
7593 1941
7594 2701
7595 2373
7596 1941
7597 1941
7598 1941
7599 1943
7600 1943
7601 1943
7602 1945
7603 1945
7604 2048
7605 1948
7606 1948
7607 1948
7608 1948
7609 1948
7610 1948
7611 1948
7612 1948
7613 1948
7614 2682
7615 1948
7616 1948
7617 1948
7618 1948
7619 1948
7620 1948
7621 1948
7622 1948
7623 1951
7624 1951
7625 2484
7626 2540
7627 1952
7628 1952
7629 1952
7630 1952
7631 1953
7632 1954
7633 1954
7634 1954
7635 1954
7636 1956
7637 3273
7638 1957
7639 1957
7640 1957
7641 2723
7642 2184
7643 1957
7644 2757
7645 3045
7646 2193
7647 2900
7648 1961
7649 2677
7650 2006
7651 1964
7652 1964
7653 2449
7654 1964
7655 1964
7656 1964
7657 1964
7658 1964
7659 1964
7660 1964
7661 1964
7662 1968
7663 1970
7664 1972
7665 1973
7666 1973
7667 1973
7668 1973
7669 1973
7670 1973
7671 2365
7672 1976
7673 1977
7674 1979
7675 1983
7676 1983
7677 1983
7678 1984
7679 3007
7680 1985
7681 2221
7682 1988
7683 1988
7684 1990
7685 1992
7686 1993
7687 1994
7688 1995
7689 1996
7690 2500
7691 1998
7692 1998
7693 1998
7694 1999
7695 2589
7696 2001
7697 2333
7698 2001
7699 2005
7700 2005
7701 2005
7702 2005
7703 2620
7704 2006
7705 2008
7706 2084
7707 2008
7708 2563
7709 2010
7710 2010
7711 2039
7712 2010
7713 2158
7714 2011
7715 2012
7716 2014
7717 2381
7718 2014
7719 2014
7720 2254
7721 2017
7722 2017
7723 2017
7724 2017
7725 2175
7726 2017
7727 2017
7728 2933
7729 2017
7730 2017
7731 2017
7732 2371
7733 2021
7734 3059
7735 2022
7736 2023
7737 2528
7738 2025
7739 2027
7740 2027
7741 2028
7742 2028
7743 2028
7744 2028
7745 2029
7746 2923
7747 2030
7748 2030
7749 2030
7750 2030
7751 2032
7752 3102
7753 2032
7754 2450
7755 2032
7756 2050
7757 2036
7758 2037
7759 2037
7760 2037
7761 2037
7762 2038
7763 2039
7764 2039
7765 2042
7766 2363
7767 2042
7768 2043
7769 2048
7770 2809
7771 2049
7772 2748
7773 2049
7774 2049
7775 2049
7776 2049
7777 2049
7778 2049
7779 2049
7780 2053
7781 2055
7782 2057
7783 2057
7784 2058
7785 2059
7786 2059
7787 2899
7788 2059
7789 2059
7790 2061
7791 2062
7792 2062
7793 2741
7794 2537
7795 2066
7796 2067
7797 2068
7798 2140
7799 2069
7800 2069
7801 2069
7802 2069
7803 2069
7804 2069
7805 2069
7806 2415
7807 2937
7808 2069
7809 2069
7810 2069
7811 2069
7812 3263
7813 2069
7814 2069
7815 2069
7816 2069
7817 2069
7818 2069
7819 2070
7820 2071
7821 2073
7822 2073
7823 2074
7824 2203
7825 2075
7826 2075
7827 3008
7828 2820
7829 2077
7830 2702
7831 2077
7832 2078
7833 2078
7834 2526
7835 2078
7836 2078
7837 2078
7838 2078
7839 2078
7840 2078
7841 2078
7842 2078
7843 2078
7844 2078
7845 2078
7846 2078
7847 2503
7848 2078
7849 2088
7850 2088
7851 2088
7852 2088
7853 2419
7854 2088
7855 2088
7856 2088
7857 2088
7858 2088
7859 2088
7860 2088
7861 2088
7862 2088
7863 2088
7864 2088
7865 2088
7866 3209
7867 3064
7868 2088
7869 2088
7870 2088
7871 2089
7872 2089
7873 2091
7874 2096
7875 2096
7876 2096
7877 2096
7878 2096
7879 2096
7880 2096
7881 2096
7882 2096
7883 3218
7884 2098
7885 2265
7886 2098
7887 2100
7888 2101
7889 2102
7890 2104
7891 2104
7892 2104
7893 2105
7894 2162
7895 2857
7896 2109
7897 2109
7898 2109
7899 2109
7900 2506
7901 3140
7902 2583
7903 3266
7904 2109
7905 2112
7906 2112
7907 2278
7908 2112
7909 2112
7910 2112
7911 2112
7912 2112
7913 2113
7914 3111
7915 2115
7916 2121
7917 2378
7918 2122
7919 2122
7920 2122
7921 2122
7922 2122
7923 2122
7924 2122
7925 2124
7926 2623
7927 2124
7928 2911
7929 2125
7930 2125
7931 2125
7932 2125
7933 2736
7934 2125
7935 2128
7936 2455
7937 2977
7938 2136
7939 2136
7940 2136
7941 2139
7942 2139
7943 2139
7944 2139
7945 3216
7946 2140
7947 2143
7948 2144
7949 2330
7950 2146
7951 2149
7952 2149
7953 2149
7954 2149
7955 2149
7956 2150
7957 2150
7958 2150
7959 3148
7960 2150
7961 2150
7962 2152
7963 2152
7964 3269
7965 2152
7966 2152
7967 2152
7968 2152
7969 2152
7970 2152
7971 2152
7972 2152
7973 2152
7974 2152
7975 3004
7976 2154
7977 2154
7978 2154
7979 2155
7980 2159
7981 2159
7982 2968
7983 2161
7984 2161
7985 2161
7986 2161
7987 2161
7988 2161
7989 2162
7990 2162
7991 2162
7992 2162
7993 2162
7994 2164
7995 2167
7996 2167
7997 2167
7998 2167
7999 2167
8000 2167
8001 2167
8002 2659
8003 2169
8004 2575
8005 2169
8006 2169
8007 2169
8008 2169
8009 2169
8010 2169
8011 2169
8012 2169
8013 2169
8014 2169
8015 2169
8016 2169
8017 2169
8018 2169
8019 2169
8020 2169
8021 2169
8022 2169
8023 3230
8024 2655
8025 2170
8026 2170
8027 3013
8028 2170
8029 2172
8030 2172
8031 3060
8032 2172
8033 2172
8034 2172
8035 2172
8036 2172
8037 2366
8038 2172
8039 2172
8040 2646
8041 2172
8042 3241
8043 2173
8044 2174
8045 2176
8046 2177
8047 2178
8048 2178
8049 2178
8050 2180
8051 2181
8052 2183
8053 2183
8054 2186
8055 2188
8056 2188
8057 3110
8058 2188
8059 2188
8060 2188
8061 2188
8062 2658
8063 2188
8064 2188
8065 2188
8066 2806
8067 2189
8068 2189
8069 2191
8070 2191
8071 2191
8072 2193
8073 2195
8074 2879
8075 2195
8076 2195
8077 2195
8078 2195
8079 2199
8080 2199
8081 2203
8082 2203
8083 2210
8084 2211
8085 2212
8086 2212
8087 2212
8088 2213
8089 2214
8090 2214
8091 2214
8092 2215
8093 2215
8094 2448
8095 2217
8096 2217
8097 2218
8098 2221
8099 2710
8100 2223
8101 2224
8102 2225
8103 2464
8104 2229
8105 2230
8106 2230
8107 2230
8108 2380
8109 2230
8110 2230
8111 2230
8112 2230
8113 2230
8114 2230
8115 2230
8116 2230
8117 2474
8118 2230
8119 2231
8120 2231
8121 2231
8122 2231
8123 2236
8124 2237
8125 2237
8126 2238
8127 2239
8128 2239
8129 2239
8130 2243
8131 2244
8132 2245
8133 2245
8134 2248
8135 2248
8136 2248
8137 2248
8138 2249
8139 2249
8140 2249
8141 2253
8142 2253
8143 2253
8144 2254
8145 2256
8146 2898
8147 2617
8148 2755
8149 2257
8150 2259
8151 2259
8152 2259
8153 2259
8154 2260
8155 2266
8156 2266
8157 2266
8158 2266
8159 2268
8160 2392
8161 2268
8162 2268
8163 2268
8164 2269
8165 3015
8166 2269
8167 2269
8168 2269
8169 2270
8170 2270
8171 2270
8172 2270
8173 2270
8174 3040
8175 2272
8176 2272
8177 2582
8178 2274
8179 2275
8180 2275
8181 2275
8182 3001
8183 2277
8184 2279
8185 2282
8186 2282
8187 2284
8188 2288
8189 2288
8190 3258
8191 2288
8192 2541
8193 2289
8194 3093
8195 2829
8196 2292
8197 2293
8198 2294
8199 2297
8200 2298
8201 2298
8202 2300
8203 2650
8204 2300
8205 2300
8206 3027
8207 2303
8208 2303
8209 2303
8210 2304
8211 2307
8212 2307
8213 2307
8214 2311
8215 2311
8216 2311
8217 2311
8218 2311
8219 2311
8220 2312
8221 2312
8222 2313
8223 2314
8224 2314
8225 2314
8226 2314
8227 2314
8228 2314
8229 2314
8230 2314
8231 2847
8232 3223
8233 2314
8234 2314
8235 2314
8236 2314
8237 2314
8238 2697
8239 2314
8240 2314
8241 2314
8242 2314
8243 2314
8244 2314
8245 2314
8246 2314
8247 2314
8248 2314
8249 2314
8250 2314
8251 2314
8252 2314
8253 2314
8254 2314
8255 2314
8256 2314
8257 2315
8258 2315
8259 2315
8260 2317
8261 2318
8262 2520
8263 2325
8264 2328
8265 2329
8266 2329
8267 2330
8268 2330
8269 2330
8270 2331
8271 2331
8272 2331
8273 2331
8274 2332
8275 2334
8276 2335
8277 2338
8278 2339
8279 2341
8280 2341
8281 2341
8282 2344
8283 2344
8284 2345
8285 2351
8286 2405
8287 2356
8288 2357
8289 2357
8290 3161
8291 2358
8292 2358
8293 2804
8294 2358
8295 2358
8296 2914
8297 2358
8298 3255
8299 2859
8300 2358
8301 2358
8302 2358
8303 2784
8304 2358
8305 2358
8306 2358
8307 3053
8308 2358
8309 2359
8310 2360
8311 2361
8312 2361
8313 2363
8314 2366
8315 2711
8316 2366
8317 2366
8318 2366
8319 2366
8320 2368
8321 2368
8322 2368
8323 2695
8324 2368
8325 2369
8326 2372
8327 2372
8328 2374
8329 2374
8330 2374
8331 2374
8332 2374
8333 2374
8334 2374
8335 2876
8336 3220
8337 2533
8338 2374
8339 2375
8340 2377
8341 2377
8342 2594
8343 2382
8344 2382
8345 2552
8346 2385
8347 2386
8348 2386
8349 2386
8350 2389
8351 2389
8352 2730
8353 2785
8354 2389
8355 2389
8356 2392
8357 2401
8358 3043
8359 2402
8360 3072
8361 2404
8362 2404
8363 2406
8364 2406
8365 2406
8366 2508
8367 2406
8368 2406
8369 2406
8370 2406
8371 2906
8372 2407
8373 2407
8374 2409
8375 2410
8376 2410
8377 2411
8378 2411
8379 2414
8380 2416
8381 2422
8382 2422
8383 2422
8384 2427
8385 2428
8386 2430
8387 2430
8388 2430
8389 2430
8390 2430
8391 2430
8392 2430
8393 2430
8394 2430
8395 2538
8396 2430
8397 2430
8398 2430
8399 2430
8400 2430
8401 2430
8402 3246
8403 2430
8404 2430
8405 2436
8406 2437
8407 2437
8408 2653
8409 2437
8410 2437
8411 3120
8412 2439
8413 2441
8414 2443
8415 2443
8416 2907
8417 2445
8418 2447
8419 2447
8420 2447
8421 2448
8422 3086
8423 2452
8424 2453
8425 2454
8426 2456
8427 2456
8428 3254
8429 2457
8430 2457
8431 2460
8432 2460
8433 2460
8434 2678
8435 2462
8436 2462
8437 2462
8438 2462
8439 2463
8440 2463
8441 2463
8442 2463
8443 2467
8444 2467
8445 2469
8446 2470
8447 2470
8448 2471
8449 2471
8450 2474
8451 2478
8452 2478
8453 2482
8454 2483
8455 2484
8456 3129
8457 2486
8458 2486
8459 2487
8460 2487
8461 2488
8462 2488
8463 2490
8464 2493
8465 2731
8466 2494
8467 3159
8468 2495
8469 2499
8470 2499
8471 2499
8472 2499
8473 2499
8474 2888
8475 2499
8476 2499
8477 2500
8478 2500
8479 3156
8480 2500
8481 2522
8482 2500
8483 2965
8484 2500
8485 2500
8486 2501
8487 2501
8488 2603
8489 2501
8490 2501
8491 2502
8492 2504
8493 2504
8494 2740
8495 2826
8496 2509
8497 2509
8498 2509
8499 2509
8500 2512
8501 2512
8502 2513
8503 2513
8504 2513
8505 2513
8506 2513
8507 2513
8508 2513
8509 2513
8510 2513
8511 2513
8512 3138
8513 2513
8514 2513
8515 2513
8516 2513
8517 2513
8518 2513
8519 2513
8520 2513
8521 2513
8522 2513
8523 2513
8524 3049
8525 2670
8526 2513
8527 2966
8528 2515
8529 2515
8530 2515
8531 2515
8532 2515
8533 2515
8534 2515
8535 2515
8536 2515
8537 2515
8538 2516
8539 2516
8540 2518
8541 2927
8542 2520
8543 2520
8544 2521
8545 2521
8546 2521
8547 2521
8548 2521
8549 2523
8550 2642
8551 2708
8552 2527
8553 2528
8554 2529
8555 2531
8556 2531
8557 2533
8558 2534
8559 2535
8560 2538
8561 2539
8562 2542
8563 2544
8564 2544
8565 2544
8566 2544
8567 2544
8568 2546
8569 2547
8570 2548
8571 2548
8572 3030
8573 3127
8574 2550
8575 2550
8576 2551
8577 2551
8578 2552
8579 2554
8580 2558
8581 3152
8582 2569
8583 2713
8584 2574
8585 2574
8586 2574
8587 2574
8588 2577
8589 2580
8590 2581
8591 2583
8592 2583
8593 2583
8594 2583
8595 3105
8596 2584
8597 2588
8598 2928
8599 2593
8600 2590
8601 2590
8602 2591
8603 2592
8604 2592
8605 2592
8606 2594
8607 2595
8608 2595
8609 2595
8610 2595
8611 2596
8612 2596
8613 2600
8614 2600
8615 2600
8616 2601
8617 2604
8618 2605
8619 2605
8620 2605
8621 2605
8622 3236
8623 2605
8624 2607
8625 2609
8626 2840
8627 2932
8628 2614
8629 2614
8630 2616
8631 2617
8632 2617
8633 2617
8634 2619
8635 3028
8636 2621
8637 2621
8638 2624
8639 2624
8640 2624
8641 2624
8642 3151
8643 2624
8644 2627
8645 2627
8646 2631
8647 2631
8648 2631
8649 2631
8650 3115
8651 2631
8652 2631
8653 2631
8654 2631
8655 2631
8656 2631
8657 2631
8658 2631
8659 2631
8660 2631
8661 2631
8662 2631
8663 2631
8664 2838
8665 2631
8666 2631
8667 2631
8668 2631
8669 2631
8670 2631
8671 2631
8672 2631
8673 2631
8674 2631
8675 2631
8676 2631
8677 2631
8678 2631
8679 2631
8680 2631
8681 2631
8682 2631
8683 2631
8684 2631
8685 2631
8686 2721
8687 2631
8688 2631
8689 2631
8690 2631
8691 3123
8692 2631
8693 2632
8694 2632
8695 2632
8696 2633
8697 2633
8698 2635
8699 2636
8700 2636
8701 2637
8702 2637
8703 2637
8704 2637
8705 2637
8706 2674
8707 2638
8708 2638
8709 2638
8710 2639
8711 2639
8712 2643
8713 2643
8714 2643
8715 2644
8716 2647
8717 2648
8718 2648
8719 2648
8720 2649
8721 2649
8722 2649
8723 2649
8724 2649
8725 2650
8726 2650
8727 2650
8728 2652
8729 2652
8730 2652
8731 2654
8732 2656
8733 2656
8734 3022
8735 2662
8736 2867
8737 2663
8738 2665
8739 2668
8740 2670
8741 2670
8742 2670
8743 2670
8744 2671
8745 2671
8746 2672
8747 2795
8748 2672
8749 2672
8750 2672
8751 2672
8752 2672
8753 2672
8754 2818
8755 2674
8756 2675
8757 2676
8758 2677
8759 2677
8760 2677
8761 2685
8762 2917
8763 2687
8764 2687
8765 2956
8766 2691
8767 2695
8768 2695
8769 2695
8770 2695
8771 2696
8772 2699
8773 2699
8774 2699
8775 2699
8776 2699
8777 2699
8778 2964
8779 2699
8780 2701
8781 2701
8782 2703
8783 2703
8784 2703
8785 2703
8786 2706
8787 3100
8788 2706
8789 2707
8790 2707
8791 2707
8792 2712
8793 2713
8794 2713
8795 2713
8796 2713
8797 2713
8798 2713
8799 2713
8800 2713
8801 2713
8802 2713
8803 2713
8804 2713
8805 2715
8806 2715
8807 2718
8808 2720
8809 2721
8810 2723
8811 2723
8812 2723
8813 2723
8814 2723
8815 2723
8816 2723
8817 2724
8818 2730
8819 2730
8820 2730
8821 2730
8822 2730
8823 2731
8824 2731
8825 2731
8826 2732
8827 2732
8828 2732
8829 2732
8830 2732
8831 2732
8832 2733
8833 2739
8834 2739
8835 2740
8836 2740
8837 2740
8838 2741
8839 2741
8840 2741
8841 2741
8842 2743
8843 3067
8844 2743
8845 2743
8846 2743
8847 2743
8848 2743
8849 2743
8850 2743
8851 2743
8852 2743
8853 2743
8854 2743
8855 2743
8856 2743
8857 2743
8858 2743
8859 2743
8860 2749
8861 2749
8862 2749
8863 2749
8864 2749
8865 2749
8866 2750
8867 2750
8868 2750
8869 2750
8870 2821
8871 2752
8872 2753
8873 2757
8874 2757
8875 3005
8876 2757
8877 2757
8878 2757
8879 2757
8880 2757
8881 2757
8882 2758
8883 2758
8884 2758
8885 2763
8886 2766
8887 2894
8888 2766
8889 2766
8890 2767
8891 2769
8892 2770
8893 2770
8894 2770
8895 2770
8896 2770
8897 2770
8898 2770
8899 2770
8900 2770
8901 2770
8902 2770
8903 2770
8904 2770
8905 2770
8906 2770
8907 2975
8908 3103
8909 2770
8910 2770
8911 2777
8912 2778
8913 3207
8914 2783
8915 2783
8916 2783
8917 2783
8918 2783
8919 2787
8920 2787
8921 2787
8922 2830
8923 2787
8924 2787
8925 2787
8926 2787
8927 2787
8928 2787
8929 2789
8930 2789
8931 2791
8932 2791
8933 2791
8934 2794
8935 2796
8936 2796
8937 3031
8938 2797
8939 2797
8940 2797
8941 2797
8942 2797
8943 2797
8944 2797
8945 2797
8946 2797
8947 2798
8948 2800
8949 2800
8950 2800
8951 2800
8952 2800
8953 2800
8954 2803
8955 2806
8956 2806
8957 2806
8958 2806
8959 2806
8960 2806
8961 2806
8962 2806
8963 2806
8964 2807
8965 2807
8966 2807
8967 2807
8968 2807
8969 2807
8970 2808
8971 2809
8972 2810
8973 3249
8974 2815
8975 2818
8976 2818
8977 3158
8978 2819
8979 2819
8980 2988
8981 2820
8982 2821
8983 2821
8984 2821
8985 2821
8986 2825
8987 2826
8988 2826
8989 2829
8990 2829
8991 2829
8992 2829
8993 2830
8994 2834
8995 2835
8996 2835
8997 2835
8998 2835
8999 2835
9000 2836
9001 2836
9002 2836
9003 2836
9004 2837
9005 3234
9006 2838
9007 2838
9008 2838
9009 2838
9010 2838
9011 2838
9012 2838
9013 2838
9014 2839
9015 2839
9016 2839
9017 2839
9018 2840
9019 2840
9020 2840
9021 2841
9022 2843
9023 2843
9024 2843
9025 3122
9026 2843
9027 2843
9028 2843
9029 2858
9030 2843
9031 2843
9032 2846
9033 2846
9034 2849
9035 3227
9036 2850
9037 2851
9038 2851
9039 2851
9040 2851
9041 2851
9042 2851
9043 2851
9044 2851
9045 2852
9046 2853
9047 2853
9048 2853
9049 3206
9050 2854
9051 2854
9052 2854
9053 2854
9054 2854
9055 2854
9056 2854
9057 2854
9058 2855
9059 2855
9060 2857
9061 2859
9062 2860
9063 2862
9064 2862
9065 2862
9066 2865
9067 2865
9068 2869
9069 2870
9070 2872
9071 2872
9072 2874
9073 2874
9074 2874
9075 2877
9076 2877
9077 2877
9078 2877
9079 2877
9080 2877
9081 2877
9082 2878
9083 2878
9084 3084
9085 2880
9086 2887
9087 2887
9088 2888
9089 2888
9090 2891
9091 2891
9092 2891
9093 2891
9094 2891
9095 2891
9096 2891
9097 2891
9098 2891
9099 2891
9100 2893
9101 2893
9102 2893
9103 2893
9104 2894
9105 3126
9106 2896
9107 2896
9108 2896
9109 2896
9110 2896
9111 2896
9112 2896
9113 2899
9114 2899
9115 2899
9116 2899
9117 2899
9118 2899
9119 2899
9120 2899
9121 2900
9122 2900
9123 2900
9124 2900
9125 2900
9126 2900
9127 2900
9128 3063
9129 2903
9130 2903
9131 2905
9132 2905
9133 2906
9134 2910
9135 2910
9136 2910
9137 2910
9138 2910
9139 2910
9140 2910
9141 2910
9142 2910
9143 2910
9144 2910
9145 2911
9146 2912
9147 2913
9148 2915
9149 2915
9150 2915
9151 2915
9152 2915
9153 2915
9154 2917
9155 2917
9156 2917
9157 2917
9158 2917
9159 2917
9160 2917
9161 2919
9162 2919
9163 2920
9164 3193
9165 2921
9166 2926
9167 2929
9168 2929
9169 2931
9170 2936
9171 2936
9172 2936
9173 2936
9174 2936
9175 2940
9176 2936
9177 2936
9178 2936
9179 2936
9180 2936
9181 2936
9182 2936
9183 2936
9184 2936
9185 2936
9186 2936
9187 2936
9188 2941
9189 2941
9190 2996
9191 2942
9192 2942
9193 3132
9194 2946
9195 2946
9196 2946
9197 2946
9198 2946
9199 2947
9200 2947
9201 2947
9202 2989
9203 2947
9204 2947
9205 2947
9206 2947
9207 2947
9208 2947
9209 2947
9210 2947
9211 2947
9212 2947
9213 2947
9214 2947
9215 2947
9216 2947
9217 2947
9218 2947
9219 3080
9220 2947
9221 2947
9222 2947
9223 3019
9224 2947
9225 2947
9226 2947
9227 2947
9228 2947
9229 2947
9230 2947
9231 2947
9232 2947
9233 2947
9234 3176
9235 2947
9236 2947
9237 2947
9238 2947
9239 2947
9240 2947
9241 2947
9242 2947
9243 2947
9244 2947
9245 2947
9246 2947
9247 2947
9248 2947
9249 2947
9250 2980
9251 2947
9252 2947
9253 2947
9254 2947
9255 2947
9256 2947
9257 2949
9258 2947
9259 2947
9260 3253
9261 2947
9262 2947
9263 2947
9264 2947
9265 2947
9266 2947
9267 2947
9268 2947
9269 2947
9270 2947
9271 2947
9272 2947
9273 2947
9274 2947
9275 2947
9276 2947
9277 2947
9278 2947
9279 2947
9280 2947
9281 2947
9282 2947
9283 2947
9284 2947
9285 2947
9286 2947
9287 2948
9288 3149
9289 2949
9290 2949
9291 2949
9292 2951
9293 2951
9294 2954
9295 2954
9296 2954
9297 2954
9298 2954
9299 2954
9300 2954
9301 2954
9302 2954
9303 2954
9304 2954
9305 2954
9306 2955
9307 2957
9308 2958
9309 2958
9310 2958
9311 2963
9312 2964
9313 2968
9314 2968
9315 2968
9316 2969
9317 2970
9318 2973
9319 2973
9320 2973
9321 2973
9322 2973
9323 2973
9324 2975
9325 2977
9326 2977
9327 2977
9328 2977
9329 3070
9330 2978
9331 2978
9332 2978
9333 2978
9334 2979
9335 2979
9336 2979
9337 2979
9338 2979
9339 2979
9340 2979
9341 2979
9342 2979
9343 2981
9344 3270
9345 2981
9346 2981
9347 2982
9348 2983
9349 2987
9350 2990
9351 2993
9352 2994
9353 2996
9354 3121
9355 2996
9356 2996
9357 3075
9358 2998
9359 3002
9360 3002
9361 3002
9362 3002
9363 3002
9364 3002
9365 3002
9366 3002
9367 3002
9368 3006
9369 3009
9370 3009
9371 3016
9372 3081
9373 3009
9374 3009
9375 3009
9376 3009
9377 3009
9378 3009
9379 3009
9380 3010
9381 3013
9382 3013
9383 3013
9384 3015
9385 3016
9386 3016
9387 3016
9388 3016
9389 3208
9390 3016
9391 3017
9392 3245
9393 3018
9394 3019
9395 3020
9396 3020
9397 3025
9398 3025
9399 3025
9400 3028
9401 3031
9402 3031
9403 3031
9404 3031
9405 3031
9406 3031
9407 3031
9408 3031
9409 3031
9410 3031
9411 3032
9412 3033
9413 3036
9414 3036
9415 3036
9416 3036
9417 3036
9418 3036
9419 3036
9420 3036
9421 3036
9422 3036
9423 3040
9424 3040
9425 3040
9426 3040
9427 3041
9428 3041
9429 3041
9430 3041
9431 3041
9432 3041
9433 3042
9434 3042
9435 3042
9436 3042
9437 3042
9438 3044
9439 3044
9440 3044
9441 3044
9442 3046
9443 3046
9444 3046
9445 3046
9446 3046
9447 3046
9448 3046
9449 3046
9450 3046
9451 3046
9452 3046
9453 3046
9454 3046
9455 3046
9456 3047
9457 3049
9458 3049
9459 3050
9460 3051
9461 3051
9462 3051
9463 3051
9464 3052
9465 3053
9466 3053
9467 3053
9468 3054
9469 3054
9470 3056
9471 3056
9472 3057
9473 3058
9474 3060
9475 3060
9476 3060
9477 3062
9478 3062
9479 3062
9480 3062
9481 3062
9482 3062
9483 3063
9484 3064
9485 3065
9486 3066
9487 3068
9488 3068
9489 3068
9490 3068
9491 3070
9492 3070
9493 3070
9494 3070
9495 3192
9496 3072
9497 3072
9498 3072
9499 3075
9500 3075
9501 3075
9502 3075
9503 3075
9504 3077
9505 3078
9506 3078
9507 3078
9508 3082
9509 3083
9510 3083
9511 3083
9512 3083
9513 3085
9514 3086
9515 3087
9516 3087
9517 3087
9518 3087
9519 3087
9520 3087
9521 3087
9522 3087
9523 3087
9524 3087
9525 3087
9526 3087
9527 3087
9528 3090
9529 3091
9530 3091
9531 3091
9532 3091
9533 3095
9534 3097
9535 3097
9536 3098
9537 3098
9538 3098
9539 3098
9540 3100
9541 3100
9542 3101
9543 3102
9544 3102
9545 3102
9546 3102
9547 3102
9548 3102
9549 3102
9550 3102
9551 3102
9552 3102
9553 3102
9554 3102
9555 3102
9556 3102
9557 3102
9558 3102
9559 3104
9560 3108
9561 3108
9562 3108
9563 3108
9564 3217
9565 3108
9566 3108
9567 3108
9568 3108
9569 3108
9570 3108
9571 3110
9572 3110
9573 3110
9574 3110
9575 3110
9576 3110
9577 3110
9578 3110
9579 3110
9580 3110
9581 3110
9582 3110
9583 3110
9584 3110
9585 3110
9586 3110
9587 3110
9588 3110
9589 3110
9590 3110
9591 3110
9592 3110
9593 3110
9594 3111
9595 3111
9596 3116
9597 3119
9598 3119
9599 3119
9600 3119
9601 3119
9602 3119
9603 3119
9604 3119
9605 3119
9606 3119
9607 3119
9608 3119
9609 3119
9610 3119
9611 3119
9612 3119
9613 3119
9614 3119
9615 3122
9616 3122
9617 3122
9618 3122
9619 3122
9620 3124
9621 3126
9622 3129
9623 3129
9624 3129
9625 3129
9626 3129
9627 3129
9628 3135
9629 3136
9630 3136
9631 3229
9632 3140
9633 3140
9634 3140
9635 3140
9636 3140
9637 3140
9638 3140
9639 3140
9640 3140
9641 3140
9642 3140
9643 3140
9644 3142
9645 3146
9646 3146
9647 3147
9648 3147
9649 3239
9650 3148
9651 3148
9652 3148
9653 3149
9654 3149
9655 3149
9656 3149
9657 3149
9658 3149
9659 3149
9660 3149
9661 3149
9662 3149
9663 3149
9664 3149
9665 3149
9666 3149
9667 3149
9668 3149
9669 3149
9670 3149
9671 3149
9672 3149
9673 3149
9674 3149
9675 3149
9676 3149
9677 3149
9678 3149
9679 3149
9680 3149
9681 3149
9682 3149
9683 3149
9684 3149
9685 3149
9686 3149
9687 3149
9688 3149
9689 3149
9690 3149
9691 3149
9692 3149
9693 3149
9694 3149
9695 3149
9696 3149
9697 3149
9698 3149
9699 3149
9700 3149
9701 3149
9702 3149
9703 3149
9704 3149
9705 3149
9706 3149
9707 3149
9708 3149
9709 3149
9710 3149
9711 3149
9712 3149
9713 3149
9714 3222
9715 3149
9716 3149
9717 3151
9718 3151
9719 3152
9720 3152
9721 3154
9722 3154
9723 3154
9724 3154
9725 3154
9726 3155
9727 3155
9728 3158
9729 3158
9730 3158
9731 3158
9732 3158
9733 3160
9734 3160
9735 3160
9736 3160
9737 3160
9738 3160
9739 3160
9740 3160
9741 3160
9742 3160
9743 3160
9744 3160
9745 3160
9746 3160
9747 3161
9748 3161
9749 3162
9750 3165
9751 3167
9752 3169
9753 3170
9754 3172
9755 3174
9756 3175
9757 3175
9758 3175
9759 3176
9760 3179
9761 3182
9762 3182
9763 3182
9764 3182
9765 3182
9766 3182
9767 3182
9768 3182
9769 3182
9770 3182
9771 3182
9772 3183
9773 3183
9774 3183
9775 3183
9776 3183
9777 3183
9778 3183
9779 3183
9780 3183
9781 3183
9782 3185
9783 3187
9784 3188
9785 3188
9786 3188
9787 3188
9788 3190
9789 3190
9790 3190
9791 3190
9792 3190
9793 3192
9794 3192
9795 3192
9796 3193
9797 3194
9798 3196
9799 3196
9800 3197
9801 3197
9802 3197
9803 3198
9804 3198
9805 3198
9806 3198
9807 3198
9808 3198
9809 3198
9810 3198
9811 3198
9812 3198
9813 3198
9814 3198
9815 3198
9816 3198
9817 3198
9818 3198
9819 3198
9820 3198
9821 3198
9822 3198
9823 3198
9824 3198
9825 3198
9826 3198
9827 3198
9828 3198
9829 3198
9830 3203
9831 3198
9832 3198
9833 3198
9834 3198
9835 3198
9836 3198
9837 3201
9838 3201
9839 3201
9840 3201
9841 3201
9842 3202
9843 3204
9844 3204
9845 3205
9846 3205
9847 3205
9848 3206
9849 3207
9850 3207
9851 3207
9852 3207
9853 3207
9854 3207
9855 3207
9856 3207
9857 3207
9858 3207
9859 3207
9860 3207
9861 3207
9862 3207
9863 3210
9864 3210
9865 3211
9866 3213
9867 3213
9868 3214
9869 3215
9870 3216
9871 3216
9872 3216
9873 3216
9874 3216
9875 3216
9876 3216
9877 3216
9878 3217
9879 3217
9880 3220
9881 3220
9882 3220
9883 3220
9884 3220
9885 3220
9886 3220
9887 3220
9888 3220
9889 3220
9890 3220
9891 3220
9892 3220
9893 3220
9894 3220
9895 3220
9896 3220
9897 3220
9898 3220
9899 3220
9900 3220
9901 3220
9902 3226
9903 3226
9904 3226
9905 3226
9906 3235
9907 3235
9908 3235
9909 3235
9910 3235
9911 3236
9912 3237
9913 3237
9914 3238
9915 3239
9916 3240
9917 3240
9918 3241
9919 3241
9920 3241
9921 3241
9922 3241
9923 3243
9924 3244
9925 3244
9926 3244
9927 3244
9928 3244
9929 3245
9930 3245
9931 3247
9932 3248
9933 3249
9934 3249
9935 3249
9936 3249
9937 3249
9938 3251
9939 3251
9940 3251
9941 3251
9942 3251
9943 3253
9944 3253
9945 3255
9946 3256
9947 3256
9948 3258
9949 3258
9950 3258
9951 3260
9952 3261
9953 3264
9954 3264
9955 3264
9956 3264
9957 3264
9958 3264
9959 3264
9960 3264
9961 3264
9962 3264
9963 3264
9964 3264
9965 3264
9966 3264
9967 3264
9968 3264
9969 3264
9970 3264
9971 3264
9972 3266
9973 3269
9974 3269
9975 3269
9976 3270
9977 3270
9978 3270
9979 3272
9980 3273
9981 3273
9982 3273
9983 3273
9984 3274
9985 3274
9986 3275
9987 3275
9988 3275
9989 3275
9990 3275
9991 3275
9992 3275
9993 3275
9994 3276
9995 3276
9996 3276
9997 3277
9998 3277
9999 3277
