10000 9999
1 0
2 0
3 2
4 0
5 3
6 4
7 5
8 4
9 1
10 6
11 6
12 9
13 3
14 10
15 12
16 14
17 8
18 15
19 13
20 7
21 11
22 20
23 21
24 16
25 5
26 21
27 24
28 20
29 26
30 24
31 27
32 31
33 17
34 19
35 31
36 29
37 20
38 37
39 26
40 38
41 20
42 6
43 15
44 42
45 15
46 31
47 35
48 22
49 35
50 42
51 31
52 31
53 44
54 24
55 37
56 35
57 34
58 31
59 12
60 43
61 40
62 53
63 41
64 62
65 32
66 62
67 41
68 62
69 62
70 62
71 23
72 26
73 58
74 62
75 62
76 36
77 68
78 48
79 36
80 62
81 59
82 38
83 81
84 70
85 35
86 25
87 43
88 77
89 71
90 81
91 72
92 35
93 47
94 62
95 46
96 91
97 28
98 67
99 56
100 36
101 81
102 99
103 82
104 63
105 41
106 88
107 62
108 69
109 65
110 76
111 92
112 39
113 112
114 81
115 114
116 62
117 57
118 103
119 81
120 106
121 69
122 23
123 79
124 115
125 124
126 62
127 76
128 103
129 82
130 49
131 35
132 105
133 98
134 28
135 114
136 128
137 62
138 122
139 122
140 124
141 62
142 46
143 18
144 90
145 64
146 124
147 62
148 93
149 66
150 65
151 62
152 131
153 105
154 141
155 129
156 56
157 107
158 124
159 81
160 126
161 122
162 124
163 126
164 107
165 72
166 131
167 103
168 84
169 143
170 107
171 62
172 168
173 140
174 90
175 95
176 175
177 148
178 175
179 167
180 31
181 70
182 122
183 175
184 71
185 179
186 124
187 162
188 126
189 185
190 82
191 126
192 31
193 175
194 157
195 103
196 75
197 72
198 124
199 125
200 198
201 116
202 105
203 202
204 202
205 175
206 148
207 202
208 85
209 176
210 148
211 202
212 198
213 202
214 202
215 161
216 202
217 142
218 103
219 138
220 202
221 60
222 126
223 56
224 202
225 93
226 202
227 202
228 68
229 61
230 202
231 96
232 130
233 202
234 202
235 202
236 84
237 202
238 210
239 184
240 202
241 147
242 202
243 94
244 124
245 207
246 202
247 241
248 216
249 169
250 202
251 202
252 202
253 202
254 163
255 202
256 239
257 124
258 202
259 216
260 202
261 232
262 115
263 202
264 209
265 122
266 220
267 202
268 109
269 238
270 202
271 202
272 224
273 190
274 202
275 260
276 97
277 169
278 124
279 127
280 235
281 198
282 31
283 150
284 202
285 150
286 84
287 202
288 69
289 84
290 202
291 237
292 193
293 202
294 123
295 235
296 111
297 134
298 201
299 80
300 90
301 285
302 202
303 294
304 75
305 226
306 139
307 175
308 249
309 269
310 303
311 124
312 208
313 262
314 84
315 202
316 202
317 143
318 202
319 238
320 247
321 316
322 109
323 202
324 202
325 202
326 175
327 175
328 202
329 267
330 268
331 224
332 209
333 202
334 202
335 202
336 269
337 122
338 243
339 62
340 202
341 302
342 202
343 135
344 127
345 190
346 193
347 312
348 202
349 337
350 270
351 202
352 202
353 249
354 104
355 62
356 249
357 233
358 256
359 202
360 124
361 193
362 124
363 202
364 260
365 202
366 202
367 327
368 322
369 185
370 212
371 350
372 245
373 355
374 185
375 202
376 177
377 353
378 202
379 361
380 249
381 169
382 342
383 90
384 81
385 311
386 177
387 224
388 202
389 202
390 109
391 321
392 202
393 226
394 224
395 54
396 202
397 345
398 199
399 294
400 358
401 202
402 202
403 318
404 202
405 81
406 202
407 244
408 52
409 202
410 202
411 361
412 302
413 131
414 393
415 202
416 194
417 31
418 384
419 79
420 275
421 202
422 169
423 322
424 367
425 202
426 202
427 202
428 259
429 202
430 400
431 379
432 229
433 202
434 202
435 183
436 122
437 263
438 202
439 218
440 273
441 230
442 260
443 177
444 73
445 202
446 328
447 369
448 243
449 282
450 165
451 255
452 202
453 226
454 202
455 435
456 434
457 416
458 163
459 324
460 375
461 450
462 202
463 202
464 424
465 202
466 361
467 180
468 202
469 323
470 457
471 186
472 202
473 197
474 202
475 259
476 424
477 193
478 373
479 169
480 232
481 260
482 368
483 202
484 327
485 426
486 299
487 328
488 448
489 145
490 269
491 424
492 466
493 101
494 482
495 71
496 322
497 315
498 384
499 306
500 202
501 451
502 361
503 368
504 202
505 498
506 340
507 260
508 202
509 146
510 316
511 438
512 354
513 502
514 328
515 294
516 262
517 39
518 202
519 114
520 503
521 202
522 202
523 144
524 193
525 502
526 202
527 187
528 302
529 202
530 502
531 201
532 529
533 341
534 232
535 414
536 110
537 249
538 296
539 202
540 211
541 236
542 150
543 201
544 242
545 448
546 153
547 84
548 260
549 392
550 202
551 338
552 192
553 249
554 369
555 46
556 498
557 36
558 302
559 202
560 521
561 202
562 524
563 202
564 381
565 175
566 338
567 410
568 543
569 202
570 474
571 81
572 361
573 36
574 445
575 368
576 361
577 540
578 224
579 120
580 259
581 525
582 469
583 569
584 117
585 131
586 501
587 209
588 329
589 227
590 306
591 249
592 306
593 202
594 503
595 558
596 323
597 202
598 568
599 438
600 249
601 453
602 479
603 62
604 473
605 437
606 598
607 601
608 202
609 202
610 81
611 570
612 481
613 540
614 202
615 240
616 84
617 202
618 331
619 366
620 202
621 163
622 202
623 269
624 202
625 605
626 88
627 409
628 476
629 471
630 435
631 224
632 317
633 311
634 56
635 584
636 424
637 507
638 567
639 383
640 550
641 632
642 326
643 531
644 578
645 241
646 592
647 373
648 202
649 271
650 202
651 456
652 433
653 568
654 358
655 540
656 248
657 185
658 202
659 495
660 87
661 118
662 406
663 202
664 269
665 541
666 311
667 141
668 202
669 363
670 418
671 279
672 202
673 665
674 498
675 433
676 249
677 563
678 531
679 418
680 665
681 202
682 634
683 260
684 316
685 636
686 158
687 202
688 678
689 291
690 589
691 202
692 536
693 643
694 260
695 174
696 543
697 161
698 529
699 201
700 202
701 468
702 271
703 640
704 398
705 202
706 650
707 658
708 706
709 678
710 408
711 89
712 169
713 348
714 675
715 276
716 521
717 202
718 202
719 574
720 202
721 444
722 481
723 572
724 503
725 316
726 317
727 685
728 202
729 361
730 520
731 62
732 202
733 357
734 389
735 483
736 142
737 369
738 270
739 519
740 169
741 716
742 202
743 504
744 679
745 669
746 370
747 93
748 641
749 353
750 591
751 723
752 271
753 335
754 202
755 706
756 231
757 453
758 202
759 564
760 131
761 222
762 226
763 202
764 603
765 623
766 223
767 680
768 326
769 543
770 628
771 581
772 265
773 723
774 151
775 382
776 641
777 375
778 155
779 716
780 243
781 505
782 623
783 113
784 61
785 175
786 592
787 424
788 381
789 202
790 361
791 653
792 761
793 357
794 202
795 627
796 202
797 400
798 515
799 172
800 669
801 709
802 196
803 202
804 765
805 306
806 760
807 669
808 594
809 600
810 206
811 303
812 698
813 269
814 607
815 317
816 202
817 329
818 617
819 358
820 104
821 658
822 640
823 516
824 621
825 494
826 711
827 268
828 119
829 735
830 465
831 423
832 666
833 512
834 623
835 202
836 716
837 640
838 552
839 612
840 734
841 736
842 202
843 592
844 496
845 202
846 365
847 358
848 503
849 781
850 573
851 423
852 658
853 260
854 206
855 427
856 369
857 202
858 481
859 391
860 381
861 771
862 156
863 316
864 489
865 74
866 400
867 446
868 449
869 722
870 688
871 860
872 498
873 863
874 664
875 628
876 82
877 456
878 663
879 362
880 202
881 675
882 623
883 834
884 801
885 347
886 730
887 411
888 706
889 502
890 496
891 202
892 854
893 849
894 829
895 447
896 271
897 602
898 327
899 280
900 498
901 804
902 712
903 856
904 202
905 224
906 619
907 278
908 316
909 122
910 114
911 271
912 221
913 202
914 442
915 493
916 202
917 658
918 603
919 853
920 502
921 547
922 241
923 419
924 150
925 912
926 201
927 202
928 825
929 397
930 41
931 598
932 586
933 254
934 368
935 213
936 202
937 81
938 499
939 669
940 726
941 671
942 706
943 782
944 381
945 277
946 578
947 927
948 605
949 82
950 834
951 950
952 951
953 328
954 892
955 518
956 224
957 835
958 457
959 742
960 161
961 202
962 467
963 745
964 906
965 650
966 816
967 712
968 521
969 598
970 86
971 590
972 224
973 809
974 322
975 896
976 960
977 269
978 154
979 204
980 202
981 591
982 711
983 701
984 567
985 848
986 202
987 923
988 950
989 661
990 259
991 536
992 971
993 361
994 202
995 852
996 434
997 188
998 83
999 824
1000 245
1001 945
1002 980
1003 209
1004 711
1005 650
1006 914
1007 451
1008 441
1009 214
1010 832
1011 898
1012 538
1013 666
1014 817
1015 608
1016 585
1017 839
1018 898
1019 755
1020 406
1021 623
1022 498
1023 1004
1024 360
1025 928
1026 449
1027 963
1028 893
1029 420
1030 734
1031 794
1032 706
1033 927
1034 907
1035 53
1036 712
1037 996
1038 124
1039 923
1040 202
1041 400
1042 660
1043 980
1044 640
1045 893
1046 327
1047 675
1048 166
1049 832
1050 834
1051 360
1052 858
1053 871
1054 816
1055 652
1056 531
1057 1031
1058 103
1059 893
1060 886
1061 186
1062 640
1063 259
1064 869
1065 202
1066 62
1067 202
1068 81
1069 984
1070 996
1071 413
1072 84
1073 834
1074 898
1075 865
1076 841
1077 839
1078 169
1079 938
1080 1026
1081 387
1082 239
1083 597
1084 146
1085 333
1086 781
1087 834
1088 625
1089 871
1090 977
1091 525
1092 893
1093 595
1094 553
1095 1020
1096 984
1097 535
1098 893
1099 665
1100 202
1101 1002
1102 410
1103 679
1104 268
1105 624
1106 764
1107 1054
1108 1050
1109 893
1110 149
1111 376
1112 982
1113 706
1114 506
1115 1036
1116 348
1117 456
1118 943
1119 269
1120 684
1121 1078
1122 931
1123 1112
1124 706
1125 1017
1126 893
1127 543
1128 1063
1129 228
1130 386
1131 202
1132 675
1133 606
1134 834
1135 1050
1136 951
1137 202
1138 361
1139 1050
1140 202
1141 456
1142 758
1143 438
1144 1030
1145 435
1146 954
1147 1025
1148 153
1149 834
1150 618
1151 505
1152 350
1153 741
1154 906
1155 236
1156 1120
1157 1142
1158 1064
1159 1136
1160 1036
1161 202
1162 682
1163 616
1164 715
1165 202
1166 527
1167 1108
1168 185
1169 1048
1170 780
1171 466
1172 267
1173 810
1174 549
1175 710
1176 523
1177 899
1178 484
1179 1127
1180 638
1181 1057
1182 361
1183 942
1184 968
1185 798
1186 202
1187 1185
1188 880
1189 722
1190 202
1191 1081
1192 785
1193 906
1194 1136
1195 244
1196 338
1197 202
1198 1164
1199 1122
1200 202
1201 816
1202 1079
1203 1090
1204 1152
1205 713
1206 1180
1207 825
1208 866
1209 1034
1210 556
1211 540
1212 845
1213 202
1214 1179
1215 1131
1216 393
1217 535
1218 306
1219 929
1220 1136
1221 202
1222 1136
1223 898
1224 221
1225 337
1226 588
1227 553
1228 1173
1229 1067
1230 460
1231 906
1232 851
1233 1145
1234 124
1235 715
1236 801
1237 820
1238 1136
1239 347
1240 650
1241 1066
1242 768
1243 491
1244 898
1245 571
1246 1070
1247 766
1248 740
1249 723
1250 955
1251 791
1252 198
1253 624
1254 301
1255 423
1256 931
1257 1165
1258 1056
1259 733
1260 799
1261 1148
1262 1225
1263 714
1264 543
1265 1065
1266 879
1267 225
1268 533
1269 1225
1270 1020
1271 486
1272 1019
1273 1015
1274 625
1275 206
1276 429
1277 1276
1278 202
1279 1088
1280 730
1281 906
1282 359
1283 1136
1284 1070
1285 950
1286 761
1287 963
1288 1276
1289 640
1290 384
1291 640
1292 307
1293 368
1294 438
1295 844
1296 252
1297 980
1298 1258
1299 373
1300 1056
1301 996
1302 1196
1303 1019
1304 1291
1305 1166
1306 1138
1307 905
1308 202
1309 929
1310 1136
1311 729
1312 578
1313 491
1314 1057
1315 1136
1316 669
1317 957
1318 202
1319 1296
1320 1136
1321 540
1322 963
1323 680
1324 950
1325 723
1326 1177
1327 555
1328 855
1329 202
1330 978
1331 202
1332 950
1333 1087
1334 1196
1335 1225
1336 226
1337 1125
1338 764
1339 1033
1340 215
1341 1337
1342 756
1343 832
1344 543
1345 140
1346 1171
1347 204
1348 694
1349 1036
1350 1046
1351 1276
1352 979
1353 1269
1354 491
1355 1114
1356 1222
1357 383
1358 906
1359 950
1360 1279
1361 422
1362 809
1363 1038
1364 1067
1365 1107
1366 871
1367 1332
1368 873
1369 1120
1370 1056
1371 1254
1372 456
1373 244
1374 1250
1375 632
1376 950
1377 241
1378 1308
1379 1265
1380 1051
1381 1100
1382 867
1383 977
1384 1337
1385 631
1386 1020
1387 415
1388 590
1389 317
1390 1054
1391 147
1392 1097
1393 1100
1394 1292
1395 1258
1396 83
1397 481
1398 384
1399 181
1400 420
1401 1383
1402 745
1403 496
1404 722
1405 1147
1406 950
1407 346
1408 202
1409 543
1410 1349
1411 1194
1412 859
1413 1331
1414 269
1415 996
1416 770
1417 1224
1418 202
1419 1097
1420 893
1421 457
1422 762
1423 209
1424 1390
1425 1041
1426 1225
1427 202
1428 209
1429 1390
1430 969
1431 722
1432 429
1433 102
1434 1358
1435 1100
1436 1184
1437 430
1438 1317
1439 1349
1440 577
1441 686
1442 1199
1443 202
1444 707
1445 55
1446 899
1447 1170
1448 1106
1449 223
1450 1332
1451 1406
1452 1436
1453 488
1454 543
1455 906
1456 1136
1457 1440
1458 249
1459 1276
1460 1345
1461 1456
1462 1362
1463 1370
1464 1276
1465 854
1466 1374
1467 1078
1468 1445
1469 632
1470 797
1471 1224
1472 1276
1473 799
1474 584
1475 457
1476 1440
1477 1209
1478 390
1479 893
1480 853
1481 1226
1482 1462
1483 345
1484 1136
1485 1020
1486 1442
1487 311
1488 873
1489 1258
1490 1465
1491 1416
1492 950
1493 456
1494 848
1495 665
1496 1166
1497 400
1498 1490
1499 1477
1500 1477
1501 202
1502 723
1503 640
1504 1194
1505 1070
1506 327
1507 1175
1508 665
1509 853
1510 128
1511 1381
1512 202
1513 1405
1514 717
1515 1136
1516 750
1517 722
1518 950
1519 968
1520 321
1521 1499
1522 1177
1523 1443
1524 1061
1525 1178
1526 598
1527 1153
1528 1036
1529 1089
1530 1491
1531 370
1532 870
1533 1177
1534 837
1535 577
1536 1177
1537 1124
1538 569
1539 1421
1540 1290
1541 659
1542 306
1543 271
1544 829
1545 1443
1546 1166
1547 456
1548 950
1549 878
1550 832
1551 337
1552 1423
1553 1258
1554 460
1555 202
1556 540
1557 442
1558 326
1559 124
1560 839
1561 1225
1562 1322
1563 734
1564 410
1565 950
1566 1383
1567 459
1568 1330
1569 1421
1570 893
1571 202
1572 1036
1573 1374
1574 224
1575 1570
1576 1218
1577 169
1578 1056
1579 905
1580 1462
1581 361
1582 933
1583 658
1584 1302
1585 1425
1586 1564
1587 1148
1588 1541
1589 874
1590 317
1591 283
1592 1268
1593 927
1594 529
1595 1036
1596 1365
1597 1044
1598 1067
1599 792
1600 792
1601 303
1602 1018
1603 768
1604 1056
1605 1238
1606 736
1607 1553
1608 1097
1609 272
1610 1606
1611 1164
1612 132
1613 202
1614 818
1615 431
1616 1262
1617 220
1618 1568
1619 1358
1620 762
1621 1136
1622 887
1623 1297
1624 202
1625 1152
1626 1539
1627 130
1628 847
1629 963
1630 1174
1631 1072
1632 393
1633 393
1634 1332
1635 716
1636 289
1637 699
1638 762
1639 1567
1640 639
1641 202
1642 716
1643 713
1644 752
1645 1406
1646 635
1647 202
1648 1224
1649 1413
1650 1164
1651 947
1652 428
1653 871
1654 425
1655 1427
1656 1225
1657 1488
1658 941
1659 906
1660 1085
1661 1440
1662 1148
1663 862
1664 288
1665 455
1666 1533
1667 715
1668 835
1669 741
1670 266
1671 655
1672 942
1673 327
1674 1265
1675 1395
1676 1355
1677 640
1678 202
1679 201
1680 927
1681 1477
1682 1132
1683 1472
1684 742
1685 950
1686 592
1687 1452
1688 1228
1689 1089
1690 1382
1691 1365
1692 1181
1693 1596
1694 516
1695 202
1696 510
1697 706
1698 1197
1699 1596
1700 1568
1701 553
1702 1496
1703 1278
1704 1353
1705 1678
1706 202
1707 1163
1708 130
1709 1443
1710 202
1711 1021
1712 1349
1713 1177
1714 541
1715 1057
1716 1644
1717 549
1718 438
1719 1276
1720 1136
1721 1445
1722 1349
1723 1498
1724 1384
1725 1715
1726 1608
1727 623
1728 1556
1729 1523
1730 1500
1731 950
1732 424
1733 1127
1734 720
1735 1261
1736 1450
1737 328
1738 261
1739 891
1740 1302
1741 1136
1742 1165
1743 1349
1744 1606
1745 689
1746 1660
1747 269
1748 541
1749 1424
1750 950
1751 1225
1752 950
1753 977
1754 345
1755 1142
1756 221
1757 1679
1758 1270
1759 1556
1760 1539
1761 807
1762 940
1763 1682
1764 456
1765 202
1766 658
1767 956
1768 1742
1769 966
1770 1036
1771 1353
1772 1239
1773 1732
1774 970
1775 209
1776 837
1777 1642
1778 1615
1779 122
1780 1450
1781 1271
1782 1240
1783 767
1784 1125
1785 1417
1786 1189
1787 1388
1788 1177
1789 562
1790 801
1791 1455
1792 744
1793 1711
1794 1079
1795 1136
1796 317
1797 1734
1798 1055
1799 640
1800 1175
1801 890
1802 1788
1803 1301
1804 1544
1805 322
1806 502
1807 673
1808 1796
1809 1642
1810 1443
1811 950
1812 1359
1813 1431
1814 1224
1815 395
1816 1397
1817 1813
1818 1165
1819 1282
1820 1351
1821 1064
1822 1159
1823 1148
1824 480
1825 1611
1826 543
1827 1466
1828 642
1829 815
1830 843
1831 1661
1832 417
1833 1449
1834 1020
1835 442
1836 706
1837 1142
1838 1434
1839 1042
1840 592
1841 1057
1842 790
1843 1304
1844 709
1845 610
1846 1355
1847 202
1848 456
1849 1078
1850 1030
1851 1828
1852 1828
1853 1834
1854 960
1855 1432
1856 1234
1857 1749
1858 90
1859 915
1860 1580
1861 1791
1862 894
1863 1365
1864 1349
1865 1640
1866 1424
1867 1697
1868 386
1869 1859
1870 1506
1871 1229
1872 537
1873 1647
1874 713
1875 928
1876 1481
1877 692
1878 1697
1879 742
1880 1731
1881 1269
1882 1261
1883 1072
1884 1072
1885 702
1886 1051
1887 732
1888 1795
1889 950
1890 1224
1891 1245
1892 1605
1893 550
1894 1168
1895 1642
1896 1472
1897 716
1898 1450
1899 1840
1900 1336
1901 1276
1902 1330
1903 1120
1904 917
1905 838
1906 365
1907 1480
1908 1261
1909 691
1910 1082
1911 1591
1912 202
1913 1264
1914 1583
1915 716
1916 457
1917 968
1918 910
1919 1276
1920 1593
1921 1740
1922 440
1923 900
1924 950
1925 1397
1926 614
1927 104
1928 1486
1929 1353
1930 893
1931 1249
1932 1361
1933 963
1934 500
1935 1702
1936 1279
1937 786
1938 406
1939 1355
1940 662
1941 456
1942 1383
1943 1828
1944 1273
1945 1793
1946 1523
1947 1558
1948 474
1949 1136
1950 1493
1951 541
1952 423
1953 1879
1954 579
1955 1859
1956 1462
1957 633
1958 1258
1959 806
1960 1423
1961 1296
1962 1188
1963 1057
1964 36
1965 1480
1966 834
1967 1760
1968 1441
1969 1479
1970 623
1971 330
1972 1327
1973 1781
1974 423
1975 1847
1976 737
1977 1684
1978 498
1979 1010
1980 202
1981 1307
1982 1286
1983 1164
1984 924
1985 1159
1986 1115
1987 1636
1988 693
1989 1289
1990 540
1991 1365
1992 1054
1993 655
1994 1355
1995 716
1996 1752
1997 1748
1998 1382
1999 1565
2000 1874
2001 1675
2002 1056
2003 540
2004 1613
2005 521
2006 961
2007 1104
2008 891
2009 1278
2010 317
2011 1642
2012 1743
2013 480
2014 62
2015 1374
2016 859
2017 676
2018 1072
2019 1276
2020 773
2021 1713
2022 1713
2023 684
2024 1781
2025 1225
2026 1796
2027 1505
2028 741
2029 1159
2030 1930
2031 781
2032 884
2033 1177
2034 1177
2035 1361
2036 1358
2037 143
2038 1136
2039 598
2040 1687
2041 1479
2042 1488
2043 1544
2044 743
2045 1314
2046 975
2047 1662
2048 82
2049 738
2050 161
2051 287
2052 1367
2053 1899
2054 1708
2055 950
2056 801
2057 1225
2058 1308
2059 215
2060 1958
2061 1036
2062 582
2063 1136
2064 1356
2065 996
2066 148
2067 1276
2068 1443
2069 1352
2070 913
2071 1397
2072 1245
2073 1201
2074 712
2075 801
2076 1544
2077 993
2078 877
2079 1522
2080 1666
2081 1406
2082 2013
2083 62
2084 1018
2085 1927
2086 1678
2087 843
2088 706
2089 931
2090 1032
2091 1349
2092 793
2093 381
2094 1818
2095 1257
2096 1172
2097 1982
2098 361
2099 950
2100 1857
2101 706
2102 706
2103 1662
2104 764
2105 1781
2106 1320
2107 1774
2108 1036
2109 834
2110 1937
2111 1726
2112 1893
2113 574
2114 1353
2115 1196
2116 1308
2117 1062
2118 461
2119 1469
2120 641
2121 1859
2122 502
2123 1583
2124 2049
2125 1225
2126 224
2127 1544
2128 1936
2129 191
2130 1003
2131 1656
2132 1373
2133 452
2134 555
2135 1613
2136 1036
2137 786
2138 1769
2139 1224
2140 1261
2141 1831
2142 1937
2143 1602
2144 332
2145 1259
2146 1443
2147 1332
2148 2088
2149 927
2150 202
2151 480
2152 1085
2153 1897
2154 286
2155 2085
2156 470
2157 1965
2158 1611
2159 2093
2160 1486
2161 1103
2162 935
2163 977
2164 1163
2165 1470
2166 1406
2167 1519
2168 1853
2169 906
2170 2127
2171 667
2172 2060
2173 361
2174 982
2175 1036
2176 1043
2177 603
2178 1574
2179 2093
2180 1160
2181 1462
2182 979
2183 2121
2184 1116
2185 2068
2186 1195
2187 1215
2188 658
2189 975
2190 1414
2191 950
2192 1797
2193 1349
2194 1873
2195 1468
2196 2151
2197 1385
2198 1148
2199 2026
2200 2178
2201 1177
2202 1859
2203 996
2204 1304
2205 1807
2206 1036
2207 1728
2208 200
2209 1689
2210 1388
2211 2013
2212 339
2213 300
2214 1992
2215 1050
2216 883
2217 2013
2218 1789
2219 2093
2220 1613
2221 352
2222 1599
2223 2086
2224 2113
2225 1760
2226 1370
2227 1440
2228 1106
2229 1749
2230 893
2231 903
2232 1225
2233 1736
2234 1965
2235 1879
2236 2143
2237 723
2238 1418
2239 1374
2240 741
2241 411
2242 1062
2243 652
2244 1165
2245 1849
2246 2114
2247 1701
2248 2136
2249 2008
2250 1923
2251 2127
2252 1332
2253 1467
2254 787
2255 2133
2256 339
2257 1008
2258 543
2259 1292
2260 960
2261 1036
2262 303
2263 44
2264 2121
2265 1254
2266 2042
2267 980
2268 1835
2269 2129
2270 766
2271 386
2272 2013
2273 1293
2274 1222
2275 706
2276 213
2277 1876
2278 984
2279 1544
2280 887
2281 1568
2282 1054
2283 1189
2284 1685
2285 587
2286 1749
2287 1267
2288 424
2289 1101
2290 593
2291 638
2292 2121
2293 908
2294 950
2295 1541
2296 1242
2297 929
2298 2121
2299 2270
2300 522
2301 1811
2302 1806
2303 1793
2304 2233
2305 1371
2306 2121
2307 1963
2308 1156
2309 873
2310 1842
2311 1544
2312 1974
2313 950
2314 1901
2315 1814
2316 1979
2317 1103
2318 598
2319 2236
2320 1304
2321 2118
2322 1348
2323 1683
2324 2003
2325 2305
2326 2272
2327 159
2328 1349
2329 274
2330 2013
2331 778
2332 2271
2333 1858
2334 1859
2335 1586
2336 862
2337 2231
2338 2143
2339 661
2340 1617
2341 1742
2342 1011
2343 1879
2344 217
2345 2093
2346 2181
2347 536
2348 1544
2349 2143
2350 2093
2351 2020
2352 210
2353 2249
2354 1417
2355 669
2356 1447
2357 822
2358 2284
2359 835
2360 1471
2361 893
2362 2071
2363 1117
2364 2121
2365 1460
2366 1160
2367 130
2368 1919
2369 2121
2370 442
2371 996
2372 598
2373 918
2374 2056
2375 2127
2376 1420
2377 2143
2378 317
2379 1365
2380 781
2381 540
2382 2243
2383 1967
2384 2356
2385 1486
2386 1440
2387 2242
2388 919
2389 2286
2390 2186
2391 202
2392 2143
2393 2139
2394 1177
2395 2162
2396 1346
2397 935
2398 1828
2399 2254
2400 712
2401 828
2402 860
2403 2384
2404 241
2405 436
2406 380
2407 2271
2408 2013
2409 712
2410 1258
2411 1086
2412 865
2413 771
2414 2280
2415 1213
2416 1210
2417 1941
2418 2338
2419 2093
2420 1974
2421 1497
2422 2372
2423 2286
2424 1145
2425 404
2426 2083
2427 1374
2428 825
2429 2292
2430 1308
2431 2013
2432 371
2433 1686
2434 2114
2435 1844
2436 1641
2437 2384
2438 758
2439 2254
2440 950
2441 1261
2442 1050
2443 2114
2444 611
2445 1749
2446 1373
2447 1341
2448 1225
2449 1496
2450 1621
2451 2337
2452 1103
2453 1261
2454 317
2455 1225
2456 967
2457 977
2458 306
2459 271
2460 937
2461 2292
2462 1486
2463 2143
2464 148
2465 292
2466 781
2467 545
2468 737
2469 1123
2470 2165
2471 2321
2472 2471
2473 1330
2474 1070
2475 2013
2476 2013
2477 1204
2478 1651
2479 1548
2480 1498
2481 1800
2482 1684
2483 2053
2484 1068
2485 2154
2486 1552
2487 936
2488 1476
2489 2258
2490 2383
2491 549
2492 1662
2493 1685
2494 1762
2495 1254
2496 2013
2497 241
2498 2093
2499 1738
2500 722
2501 2343
2502 858
2503 381
2504 1252
2505 490
2506 575
2507 596
2508 1131
2509 746
2510 2235
2511 2220
2512 613
2513 213
2514 1844
2515 1871
2516 1574
2517 1075
2518 1744
2519 2384
2520 721
2521 474
2522 193
2523 2506
2524 306
2525 2165
2526 202
2527 1558
2528 1211
2529 906
2530 2395
2531 1819
2532 906
2533 996
2534 747
2535 260
2536 2042
2537 1830
2538 1440
2539 1843
2540 102
2541 2093
2542 1089
2543 373
2544 1060
2545 2456
2546 2093
2547 1057
2548 1642
2549 1000
2550 2013
2551 2383
2552 1398
2553 2359
2554 2172
2555 2159
2556 950
2557 792
2558 2232
2559 1338
2560 2093
2561 758
2562 2014
2563 2026
2564 1056
2565 368
2566 1981
2567 817
2568 2384
2569 665
2570 1332
2571 1642
2572 202
2573 2220
2574 2042
2575 1671
2576 2324
2577 865
2578 934
2579 1748
2580 1655
2581 241
2582 2257
2583 1070
2584 2351
2585 1580
2586 202
2587 2432
2588 2127
2589 2431
2590 235
2591 2298
2592 2505
2593 2576
2594 2260
2595 1443
2596 242
2597 1859
2598 2093
2599 2158
2600 2384
2601 2013
2602 1559
2603 202
2604 649
2605 950
2606 2366
2607 1136
2608 603
2609 2430
2610 1228
2611 1233
2612 2262
2613 1539
2614 871
2615 2165
2616 1422
2617 1642
2618 2501
2619 576
2620 1072
2621 2013
2622 1982
2623 1849
2624 1554
2625 1727
2626 1845
2627 1739
2628 906
2629 2588
2630 2229
2631 1440
2632 2357
2633 963
2634 2340
2635 2094
2636 1402
2637 1718
2638 2165
2639 2626
2640 1276
2641 2245
2642 508
2643 2492
2644 1061
2645 2389
2646 1514
2647 1320
2648 1504
2649 2384
2650 1490
2651 2013
2652 560
2653 2143
2654 2036
2655 614
2656 1544
2657 1862
2658 950
2659 345
2660 1106
2661 2121
2662 320
2663 1598
2664 1213
2665 658
2666 2083
2667 82
2668 1544
2669 2165
2670 2586
2671 258
2672 915
2673 541
2674 394
2675 1334
2676 2096
2677 1136
2678 2384
2679 1080
2680 2061
2681 115
2682 1759
2683 1928
2684 2649
2685 2625
2686 1020
2687 2284
2688 2193
2689 865
2690 1872
2691 1700
2692 2062
2693 598
2694 1138
2695 1640
2696 1905
2697 2340
2698 1368
2699 1518
2700 1462
2701 1987
2702 831
2703 640
2704 2121
2705 2329
2706 1477
2707 1720
2708 2382
2709 1358
2710 1622
2711 1396
2712 2219
2713 2484
2714 381
2715 2714
2716 439
2717 1202
2718 650
2719 2419
2720 325
2721 1136
2722 1083
2723 1976
2724 152
2725 1544
2726 2162
2727 1211
2728 1879
2729 1177
2730 1790
2731 202
2732 517
2733 2003
2734 1483
2735 1760
2736 1023
2737 950
2738 1582
2739 2602
2740 1158
2741 1642
2742 2586
2743 167
2744 2349
2745 1568
2746 669
2747 2469
2748 2247
2749 1828
2750 2702
2751 1894
2752 625
2753 1631
2754 1653
2755 1893
2756 2116
2757 2414
2758 1622
2759 706
2760 671
2761 2655
2762 896
2763 1732
2764 2326
2765 2694
2766 456
2767 1136
2768 2053
2769 2714
2770 1999
2771 1980
2772 1873
2773 2767
2774 1890
2775 1189
2776 1001
2777 2557
2778 2165
2779 963
2780 1193
2781 1265
2782 2395
2783 2373
2784 1243
2785 1227
2786 2048
2787 1891
2788 1685
2789 2539
2790 169
2791 2319
2792 1020
2793 1072
2794 2375
2795 1544
2796 2013
2797 1020
2798 1070
2799 1121
2800 424
2801 1642
2802 2625
2803 2646
2804 1355
2805 996
2806 2013
2807 1304
2808 622
2809 202
2810 1992
2811 1963
2812 1810
2813 1587
2814 2286
2815 295
2816 2328
2817 202
2818 2292
2819 2411
2820 1530
2821 2684
2822 1049
2823 2384
2824 2118
2825 2280
2826 1390
2827 2651
2828 1427
2829 2818
2830 2595
2831 2440
2832 1423
2833 1154
2834 1642
2835 2754
2836 2022
2837 2473
2838 1956
2839 600
2840 973
2841 2165
2842 2808
2843 2227
2844 2553
2845 2013
2846 1103
2847 1390
2848 2625
2849 2625
2850 1136
2851 1726
2852 1642
2853 2535
2854 370
2855 503
2856 2164
2857 1207
2858 1325
2859 2127
2860 1051
2861 758
2862 2803
2863 769
2864 2093
2865 2716
2866 2443
2867 531
2868 1577
2869 2121
2870 2094
2871 1011
2872 1337
2873 807
2874 2093
2875 1544
2876 2202
2877 528
2878 647
2879 959
2880 2147
2881 304
2882 2488
2883 2729
2884 2292
2885 202
2886 294
2887 2226
2888 2586
2889 1835
2890 2305
2891 2664
2892 1384
2893 1037
2894 2766
2895 2811
2896 1755
2897 1665
2898 2553
2899 2811
2900 2014
2901 334
2902 2766
2903 1441
2904 202
2905 2778
2906 1642
2907 2254
2908 2230
2909 1056
2910 1097
2911 2165
2912 2684
2913 1032
2914 2176
2915 555
2916 2011
2917 1459
2918 2597
2919 1781
2920 1752
2921 1629
2922 2910
2923 2305
2924 1858
2925 2597
2926 2384
2927 1544
2928 2163
2929 1287
2930 1886
2931 1480
2932 822
2933 122
2934 2333
2935 1185
2936 2440
2937 1658
2938 2514
2939 2488
2940 1490
2941 2020
2942 2768
2943 1086
2944 1418
2945 2457
2946 202
2947 2292
2948 789
2949 2818
2950 2838
2951 1896
2952 2865
2953 2099
2954 1897
2955 2224
2956 2055
2957 2790
2958 51
2959 1804
2960 697
2961 1140
2962 553
2963 2848
2964 2786
2965 1535
2966 2158
2967 2651
2968 977
2969 436
2970 1451
2971 2356
2972 1361
2973 1824
2974 2324
2975 202
2976 2384
2977 2659
2978 1583
2979 2898
2980 2481
2981 2676
2982 2271
2983 1540
2984 72
2985 974
2986 2694
2987 347
2988 2543
2989 929
2990 1310
2991 2792
2992 1741
2993 541
2994 739
2995 93
2996 2278
2997 424
2998 424
2999 1974
3000 1885
3001 1628
3002 1095
3003 1225
3004 1597
3005 1951
3006 1918
3007 918
3008 1036
3009 1828
3010 2574
3011 2643
3012 2643
3013 293
3014 993
3015 2410
3016 950
3017 2896
3018 646
3019 2015
3020 1100
3021 994
3022 2241
3023 2863
3024 2771
3025 2745
3026 1744
3027 202
3028 540
3029 821
3030 1455
3031 1880
3032 2013
3033 1019
3034 1490
3035 2880
3036 668
3037 467
3038 2606
3039 742
3040 298
3041 2887
3042 2799
3043 1355
3044 1856
3045 2625
3046 2238
3047 2770
3048 1273
3049 2896
3050 2646
3051 2500
3052 1673
3053 1651
3054 2143
3055 2177
3056 456
3057 1000
3058 2013
3059 1393
3060 1620
3061 1781
3062 2929
3063 2498
3064 1710
3065 530
3066 2049
3067 950
3068 1657
3069 2165
3070 150
3071 1374
3072 2432
3073 2690
3074 1815
3075 2783
3076 3069
3077 1617
3078 2080
3079 2165
3080 3019
3081 257
3082 3035
3083 393
3084 2696
3085 1103
3086 2404
3087 1172
3088 2919
3089 3050
3090 1900
3091 2757
3092 2093
3093 956
3094 1410
3095 2305
3096 1963
3097 1629
3098 3032
3099 1906
3100 2601
3101 1883
3102 2646
3103 1672
3104 1598
3105 327
3106 2956
3107 923
3108 2284
3109 2202
3110 2418
3111 2314
3112 1756
3113 909
3114 2129
3115 2684
3116 251
3117 1425
3118 2921
3119 2059
3120 2643
3121 2882
3122 3109
3123 2083
3124 1796
3125 1998
3126 2333
3127 1689
3128 2344
3129 1224
3130 2129
3131 159
3132 2915
3133 2363
3134 2204
3135 2436
3136 3076
3137 1160
3138 3109
3139 1438
3140 1406
3141 202
3142 1556
3143 661
3144 2852
3145 2003
3146 3012
3147 1979
3148 2954
3149 2121
3150 997
3151 2684
3152 2180
3153 2190
3154 2030
3155 762
3156 2770
3157 1323
3158 1118
3159 1917
3160 1858
3161 1103
3162 1054
3163 2059
3164 1436
3165 2093
3166 1098
3167 626
3168 435
3169 3018
3170 2400
3171 2473
3172 1894
3173 2093
3174 2157
3175 2428
3176 1851
3177 2463
3178 2228
3179 148
3180 1220
3181 2086
3182 1254
3183 1557
3184 1881
3185 529
3186 1279
3187 2143
3188 2024
3189 2643
3190 1875
3191 2396
3192 3045
3193 2658
3194 871
3195 1130
3196 659
3197 393
3198 3130
3199 228
3200 2910
3201 103
3202 2503
3203 202
3204 1160
3205 2695
3206 2360
3207 2646
3208 611
3209 967
3210 2662
3211 803
3212 360
3213 3099
3214 3090
3215 1853
3216 996
3217 2334
3218 2510
3219 3109
3220 2386
3221 2385
3222 269
3223 2523
3224 2980
3225 1878
3226 1799
3227 2604
3228 3132
3229 2907
3230 2717
3231 1047
3232 2271
3233 1878
3234 2848
3235 2880
3236 1859
3237 963
3238 2475
3239 2826
3240 3203
3241 2271
3242 202
3243 2359
3244 1324
3245 2457
3246 2717
3247 2128
3248 1225
3249 2324
3250 1784
3251 2884
3252 3078
3253 865
3254 3075
3255 3106
3256 2143
3257 2643
3258 1745
3259 2173
3260 2267
3261 844
3262 2432
3263 1549
3264 513
3265 2088
3266 2003
3267 1205
3268 1276
3269 353
3270 3157
3271 2780
3272 1828
3273 2356
3274 1713
3275 1361
3276 2178
3277 2598
3278 33
3279 1646
3280 45
3281 78
3282 1342
3283 970
3284 1035
3285 3074
3286 2484
3287 87
3288 143
3289 432
3290 833
3291 715
3292 711
3293 2405
3294 30
3295 2679
3296 783
3297 1964
3298 297
3299 2520
3300 3084
3301 205
3302 962
3303 1832
3304 710
3305 2367
3306 2958
3307 1911
3308 2995
3309 2987
3310 1012
3311 223
3312 1071
3313 850
3314 344
3315 100
3316 557
3317 294
3318 1721
3319 37
3320 949
3321 517
3322 41
3323 930
3324 133
3325 153
3326 50
3327 925
3328 43
3329 2263
3330 1972
3331 217
3332 603
3333 1162
3334 2336
3335 2540
3336 784
3337 3199
3338 1066
3339 108
3340 137
3341 171
3342 62
3343 373
3344 864
3345 2517
3346 2881
3347 1391
3348 457
3349 2356
3350 2919
3351 314
3352 731
3353 2562
3354 2083
3355 1110
3356 2256
3357 978
3358 2269
3359 774
3360 2867
3361 1478
3362 3167
3363 121
3364 1664
3365 1399
3366 3196
3367 71
3368 3001
3369 2118
3370 604
3371 2984
3372 802
3373 536
3374 76
3375 79
3376 3107
3377 1845
3378 1290
3379 915
3380 998
3381 2401
3382 405
3383 2787
3384 2460
3385 159
3386 2213
3387 3006
3388 2786
3389 1510
3390 876
3391 1922
3392 778
3393 2667
3394 2711
3395 2993
3396 2856
3397 921
3398 2485
3399 2701
3400 3101
3401 1260
3402 84
3403 87
3404 1839
3405 120
3406 1176
3407 1640
3408 1858
3409 695
3410 2066
3411 93
3412 225
3413 2534
3414 1433
3415 195
3416 661
3417 1058
3418 2716
3419 2743
3420 3201
3421 103
3422 1237
3423 1927
3424 104
3425 1668
3426 1612
3427 170
3428 164
3429 109
3430 1971
3431 1805
3432 343
3433 313
3434 519
3435 2681
3436 1343
3437 1954
3438 772
3439 2025
3440 2960
3441 3113
3442 139
3443 182
3444 1779
3445 219
3446 122
3447 2933
3448 1034
3449 199
3450 1363
3451 1234
3452 124
3453 686
3454 1559
3455 1266
3456 2446
3457 257
3458 1084
3459 124
3460 370
3461 1305
3462 629
3463 140
3464 3212
3465 1582
3466 2222
3467 160
3468 3150
3469 671
3470 136
3471 480
3472 1627
3473 1708
3474 130
3475 131
3476 131
3477 2724
3478 1016
3479 1959
3480 1169
3481 139
3482 306
3483 1345
3484 173
3485 2171
3486 1076
3487 142
3488 142
3489 142
3490 143
3491 143
3492 2037
3493 1361
3494 317
3495 143
3496 509
3497 241
3498 3179
3499 206
3500 319
3501 1111
3502 2464
3503 3182
3504 542
3505 1984
3506 3070
3507 2103
3508 546
3509 153
3510 3131
3511 2327
3512 161
3513 2050
3514 1854
3515 3163
3516 458
3517 999
3518 163
3519 189
3520 3042
3521 2790
3522 1248
3523 712
3524 308
3525 897
3526 277
3527 2503
3528 169
3529 1577
3530 2465
3531 565
3532 1423
3533 455
3534 1525
3535 326
3536 2259
3537 178
3538 175
3539 1192
3540 386
3541 443
3542 374
3543 657
3544 1168
3545 2451
3546 2644
3547 2977
3548 191
3549 193
3550 477
3551 3014
3552 562
3553 2522
3554 1407
3555 2208
3556 281
3557 2504
3558 704
3559 199
3560 1679
3561 926
3562 201
3563 1264
3564 1637
3565 3040
3566 202
3567 202
3568 318
3569 2809
3570 677
3571 1318
3572 857
3573 2817
3574 1613
3575 202
3576 2828
3577 830
3578 1443
3579 1329
3580 2150
3581 1137
3582 202
3583 842
3584 1520
3585 202
3586 700
3587 718
3588 1008
3589 2705
3590 1855
3591 2005
3592 202
3593 1408
3594 253
3595 1044
3596 2436
3597 202
3598 1005
3599 202
3600 2340
3601 2487
3602 1912
3603 1379
3604 500
3605 202
3606 2901
3607 396
3608 2572
3609 758
3610 372
3611 2417
3612 202
3613 2255
3614 472
3615 202
3616 401
3617 302
3618 916
3619 2300
3620 202
3621 1020
3622 202
3623 202
3624 1614
3625 202
3626 2070
3627 2955
3628 1623
3629 620
3630 1085
3631 2948
3632 202
3633 2975
3634 829
3635 3064
3636 202
3637 803
3638 202
3639 202
3640 853
3641 378
3642 202
3643 202
3644 202
3645 2655
3646 1319
3647 880
3648 2885
3649 1197
3650 202
3651 2184
3652 539
3653 202
3654 342
3655 2961
3656 463
3657 2006
3658 202
3659 250
3660 904
3661 202
3662 1413
3663 3027
3664 687
3665 2946
3666 1512
3667 2731
3668 202
3669 202
3670 202
3671 964
3672 2044
3673 794
3674 891
3675 2276
3676 328
3677 855
3678 202
3679 2944
3680 1040
3681 202
3682 1678
3683 1161
3684 202
3685 1009
3686 202
3687 1873
3688 1100
3689 2221
3690 754
3691 1165
3692 202
3693 569
3694 1190
3695 3142
3696 2590
3697 1624
3698 1706
3699 1501
3700 2507
3701 1920
3702 2145
3703 388
3704 202
3705 234
3706 911
3707 351
3708 202
3709 2138
3710 2642
3711 202
3712 1654
3713 202
3714 402
3715 202
3716 983
3717 624
3718 246
3719 203
3720 202
3721 742
3722 2722
3723 202
3724 1364
3725 392
3726 202
3727 202
3728 202
3729 2587
3730 3116
3731 1132
3732 202
3733 532
3734 1563
3735 3087
3736 979
3737 615
3738 506
3739 1564
3740 3141
3741 202
3742 796
3743 202
3744 459
3745 561
3746 1847
3747 3013
3748 202
3749 202
3750 3021
3751 2430
3752 202
3753 202
3754 202
3755 1703
3756 202
3757 202
3758 795
3759 202
3760 690
3761 497
3762 668
3763 242
3764 846
3765 202
3766 462
3767 202
3768 454
3769 1887
3770 438
3771 986
3772 284
3773 762
3774 559
3775 648
3776 2603
3777 526
3778 1765
3779 753
3780 202
3781 202
3782 202
3783 2188
3784 2051
3785 2888
3786 202
3787 2720
3788 202
3789 672
3790 202
3791 202
3792 202
3793 1734
3794 3242
3795 845
3796 1549
3797 202
3798 1186
3799 2290
3800 202
3801 669
3802 705
3803 1307
3804 2425
3805 1230
3806 202
3807 2526
3808 202
3809 202
3810 2842
3811 1555
3812 290
3813 202
3814 2904
3815 763
3816 202
3817 202
3818 681
3819 485
3820 202
3821 1819
3822 202
3823 2508
3824 202
3825 1221
3826 2521
3827 202
3828 2664
3829 202
3830 202
3831 421
3832 2646
3833 501
3834 202
3835 2671
3836 202
3837 202
3838 608
3839 202
3840 728
3841 3203
3842 1250
3843 1695
3844 1571
3845 609
3846 1909
3847 202
3848 216
3849 1387
3850 2771
3851 948
3852 2391
3853 689
3854 1200
3855 1347
3856 1275
3857 810
3858 1465
3859 1775
3860 2144
3861 264
3862 1003
3863 1428
3864 2285
3865 2352
3866 210
3867 935
3868 213
3869 2513
3870 1340
3871 216
3872 990
3873 656
3874 3128
3875 1670
3876 2360
3877 221
3878 221
3879 221
3880 3112
3881 221
3882 766
3883 1833
3884 956
3885 578
3886 224
3887 2197
3888 2126
3889 1609
3890 224
3891 2674
3892 387
3893 224
3894 1150
3895 2516
3896 224
3897 972
3898 2287
3899 305
3900 1336
3901 3083
3902 453
3903 1129
3904 534
3905 2499
3906 280
3907 235
3908 2815
3909 1155
3910 236
3911 3222
3912 239
3913 1910
3914 1377
3915 241
3916 241
3917 645
3918 3086
3919 241
3920 2497
3921 2581
3922 922
3923 3210
3924 242
3925 2596
3926 544
3927 242
3928 566
3929 545
3930 2390
3931 407
3932 244
3933 245
3934 245
3935 1000
3936 749
3937 356
3938 1516
3939 249
3940 2017
3941 2406
3942 249
3943 2690
3944 2785
3945 1458
3946 2839
3947 251
3948 257
3949 257
3950 3081
3951 259
3952 259
3953 1652
3954 1128
3955 580
3956 475
3957 259
3958 259
3959 637
3960 1348
3961 683
3962 260
3963 2853
3964 548
3965 364
3966 2370
3967 1400
3968 481
3969 823
3970 262
3971 262
3972 266
3973 2277
3974 1104
3975 268
3976 268
3977 827
3978 1753
3979 309
3980 336
3981 813
3982 2592
3983 2190
3984 874
3985 623
3986 1119
3987 1747
3988 3066
3989 271
3990 752
3991 2459
3992 271
3993 1543
3994 649
3995 2762
3996 271
3997 1885
3998 272
3999 1001
4000 2201
4001 515
4002 303
4003 2886
4004 399
4005 300
4006 300
4007 301
4008 302
4009 412
4010 302
4011 1093
4012 302
4013 2877
4014 302
4015 341
4016 310
4017 2262
4018 811
4019 1601
4020 2458
4021 992
4022 1542
4023 805
4024 1576
4025 1202
4026 592
4027 2524
4028 311
4029 1487
4030 311
4031 1957
4032 311
4033 385
4034 311
4035 313
4036 510
4037 2023
4038 2042
4039 908
4040 725
4041 317
4042 1590
4043 2010
4044 2378
4045 317
4046 317
4047 2119
4048 815
4049 1762
4050 317
4051 1389
4052 2454
4053 1796
4054 403
4055 320
4056 321
4057 859
4058 321
4059 321
4060 322
4061 423
4062 974
4063 2565
4064 322
4065 1403
4066 2692
4067 642
4068 2296
4069 1947
4070 327
4071 1350
4072 1870
4073 327
4074 3052
4075 327
4076 3105
4077 1773
4078 1223
4079 327
4080 953
4081 487
4082 1690
4083 514
4084 1737
4085 817
4086 1551
4087 349
4088 2675
4089 551
4090 339
4091 339
4092 339
4093 2212
4094 1592
4095 775
4096 343
4097 1754
4098 2734
4099 929
4100 346
4101 346
4102 1239
4103 885
4104 348
4105 348
4106 713
4107 350
4108 1152
4109 353
4110 377
4111 3269
4112 353
4113 353
4114 2092
4115 358
4116 819
4117 358
4118 654
4119 358
4120 1437
4121 1024
4122 360
4123 1380
4124 2173
4125 3191
4126 2694
4127 361
4128 1311
4129 361
4130 361
4131 572
4132 361
4133 861
4134 361
4135 2098
4136 2619
4137 379
4138 790
4139 3022
4140 1581
4141 1182
4142 362
4143 364
4144 1906
4145 365
4146 2578
4147 503
4148 368
4149 1293
4150 3175
4151 575
4152 554
4153 369
4154 895
4155 369
4156 737
4157 1531
4158 370
4159 2509
4160 2854
4161 373
4162 2543
4163 373
4164 647
4165 478
4166 373
4167 373
4168 1299
4169 777
4170 1778
4171 759
4172 381
4173 381
4174 381
4175 871
4176 788
4177 2714
4178 2093
4179 944
4180 381
4181 1357
4182 1978
4183 418
4184 1398
4185 1868
4186 3195
4187 2271
4188 386
4189 1191
4190 392
4191 2491
4192 393
4193 393
4194 1632
4195 1216
4196 535
4197 393
4198 393
4199 1633
4200 3197
4201 393
4202 394
4203 395
4204 398
4205 2421
4206 1041
4207 1208
4208 2165
4209 401
4210 405
4211 405
4212 405
4213 406
4214 406
4215 1938
4216 1940
4217 1102
4218 984
4219 887
4220 412
4221 415
4222 415
4223 670
4224 3085
4225 1029
4226 1952
4227 1255
4228 1232
4229 2312
4230 831
4231 423
4232 1313
4233 2254
4234 424
4235 727
4236 875
4237 2997
4238 424
4239 464
4240 2998
4241 424
4242 2288
4243 424
4244 2800
4245 424
4246 425
4247 427
4248 427
4249 427
4250 427
4251 2323
4252 1798
4253 433
4254 1803
4255 630
4256 435
4257 3168
4258 435
4259 1145
4260 2969
4261 2637
4262 511
4263 599
4264 1143
4265 1294
4266 439
4267 914
4268 1835
4269 1557
4270 442
4271 1453
4272 868
4273 1007
4274 452
4275 814
4276 757
4277 453
4278 453
4279 455
4280 455
4281 455
4282 2897
4283 456
4284 1848
4285 456
4286 456
4287 3056
4288 651
4289 1117
4290 2766
4291 456
4292 456
4293 456
4294 1764
4295 1547
4296 1372
4297 2078
4298 456
4299 1141
4300 1950
4301 1475
4302 457
4303 958
4304 457
4305 1421
4306 2156
4307 1916
4308 458
4309 458
4310 1639
4311 2624
4312 492
4313 466
4314 3037
4315 467
4316 470
4317 472
4318 2444
4319 1948
4320 477
4321 2973
4322 2196
4323 2013
4324 1813
4325 858
4326 1816
4327 839
4328 485
4329 489
4330 1243
4331 491
4332 1354
4333 496
4334 1295
4335 1801
4336 497
4337 2416
4338 498
4339 872
4340 498
4341 2250
4342 1022
4343 498
4344 674
4345 2380
4346 1934
4347 500
4348 932
4349 502
4350 920
4351 3264
4352 889
4353 2122
4354 502
4355 2302
4356 530
4357 502
4358 502
4359 2855
4360 594
4361 2544
4362 724
4363 503
4364 503
4365 985
4366 503
4367 505
4368 1151
4369 506
4370 1355
4371 509
4372 1696
4373 1187
4374 516
4375 1694
4376 2732
4377 519
4378 2994
4379 1452
4380 521
4381 2652
4382 716
4383 522
4384 522
4385 1091
4386 1594
4387 3185
4388 698
4389 529
4390 529
4391 3065
4392 530
4393 531
4394 1532
4395 1988
4396 2909
4397 1097
4398 1217
4399 2347
4400 991
4401 1877
4402 539
4403 1671
4404 540
4405 1211
4406 2381
4407 3028
4408 2003
4409 1321
4410 540
4411 613
4412 1440
4413 1990
4414 540
4415 2673
4416 1997
4417 3005
4418 541
4419 1508
4420 541
4421 1714
4422 543
4423 1344
4424 1454
4425 696
4426 543
4427 2863
4428 543
4429 568
4430 1826
4431 2489
4432 1409
4433 543
4434 1214
4435 543
4436 2467
4437 545
4438 545
4439 545
4440 546
4441 549
4442 1174
4443 1717
4444 549
4445 1893
4446 553
4447 2962
4448 553
4449 2247
4450 553
4451 553
4452 1094
4453 553
4454 553
4455 553
4456 554
4457 2134
4458 2915
4459 560
4460 560
4461 2218
4462 565
4463 638
4464 2693
4465 1251
4466 568
4467 1538
4468 569
4469 583
4470 570
4471 572
4472 723
4473 572
4474 572
4475 572
4476 572
4477 573
4478 719
4479 3223
4480 576
4481 2965
4482 577
4483 578
4484 1312
4485 946
4486 644
4487 1474
4488 1787
4489 981
4490 2087
4491 2142
4492 1899
4493 2433
4494 592
4495 646
4496 592
4497 808
4498 598
4499 2372
4500 598
4501 2039
4502 606
4503 2318
4504 598
4505 598
4506 1256
4507 969
4508 1526
4509 809
4510 603
4511 2373
4512 2177
4513 603
4514 2608
4515 603
4516 764
4517 605
4518 1274
4519 606
4520 606
4521 1133
4522 1015
4523 3208
4524 2512
4525 614
4526 1926
4527 623
4528 623
4529 623
4530 2802
4531 623
4532 623
4533 623
4534 882
4535 834
4536 623
4537 623
4538 1118
4539 1970
4540 623
4541 1021
4542 804
4543 623
4544 623
4545 623
4546 1105
4547 1253
4548 625
4549 1279
4550 2752
4551 626
4552 1530
4553 632
4554 632
4555 632
4556 641
4557 1375
4558 636
4559 1206
4560 2291
4561 640
4562 640
4563 640
4564 1799
4565 2703
4566 1304
4567 640
4568 1776
4569 2932
4570 640
4571 640
4572 1503
4573 640
4574 640
4575 640
4576 640
4577 640
4578 703
4579 2117
4580 1289
4581 1677
4582 641
4583 2120
4584 776
4585 748
4586 1828
4587 642
4588 646
4589 3018
4590 646
4591 2878
4592 2604
4593 649
4594 650
4595 965
4596 650
4597 2718
4598 650
4599 650
4600 1019
4601 1782
4602 2382
4603 1993
4604 655
4605 995
4606 658
4607 2665
4608 2978
4609 658
4610 658
4611 1904
4612 821
4613 1766
4614 1444
4615 659
4616 2295
4617 989
4618 661
4619 2339
4620 3143
4621 665
4622 1807
4623 1495
4624 2569
4625 3157
4626 1099
4627 665
4628 665
4629 1013
4630 668
4631 3036
4632 668
4633 2636
4634 939
4635 1761
4636 2355
4637 1316
4638 669
4639 669
4640 669
4641 800
4642 669
4643 2746
4644 941
4645 2760
4646 671
4647 714
4648 675
4649 3231
4650 881
4651 675
4652 678
4653 678
4654 2032
4655 678
4656 679
4657 1792
4658 1783
4659 682
4660 682
4661 682
4662 683
4663 1903
4664 686
4665 686
4666 686
4667 2903
4668 3258
4669 694
4670 694
4671 694
4672 695
4673 812
4674 701
4675 706
4676 2759
4677 706
4678 706
4679 706
4680 1183
4681 706
4682 706
4683 706
4684 706
4685 706
4686 1113
4687 708
4688 1537
4689 3265
4690 1836
4691 706
4692 706
4693 706
4694 2275
4695 706
4696 706
4697 1032
4698 706
4699 1697
4700 706
4701 888
4702 706
4703 706
4704 706
4705 2102
4706 2101
4707 706
4708 2938
4709 710
4710 1507
4711 711
4712 982
4713 711
4714 826
4715 711
4716 1004
4717 2074
4718 712
4719 712
4720 2400
4721 712
4722 712
4723 712
4724 712
4725 2409
4726 712
4727 712
4728 967
4729 902
4730 1036
4731 713
4732 1643
4733 713
4734 3267
4735 1874
4736 1263
4737 1164
4738 1235
4739 715
4740 715
4741 1667
4742 779
4743 2011
4744 1995
4745 1915
4746 741
4747 836
4748 1635
4749 3148
4750 716
4751 721
4752 869
4753 722
4754 722
4755 722
4756 722
4757 1786
4758 722
4759 1517
4760 1404
4761 2500
4762 723
4763 1325
4764 723
4765 2237
4766 1931
4767 751
4768 2941
4769 1502
4770 1280
4771 732
4772 732
4773 734
4774 734
4775 840
4776 1850
4777 1610
4778 1976
4779 2468
4780 737
4781 739
4782 2240
4783 1669
4784 2028
4785 741
4786 1527
4787 741
4788 741
4789 742
4790 3039
4791 1977
4792 1879
4793 742
4794 2879
4795 3062
4796 1644
4797 2861
4798 758
4799 758
4800 2561
4801 758
4802 2438
4803 3049
4804 761
4805 1286
4806 761
4807 762
4808 762
4809 1638
4810 1620
4811 2616
4812 3155
4813 1448
4814 764
4815 2104
4816 2559
4817 764
4818 766
4819 1247
4820 2270
4821 767
4822 768
4823 768
4824 1603
4825 769
4826 770
4827 2413
4828 773
4829 2331
4830 781
4831 2466
4832 2031
4833 893
4834 2943
4835 781
4836 781
4837 782
4838 783
4839 783
4840 783
4841 786
4842 2137
4843 786
4844 789
4845 789
4846 790
4847 790
4848 1842
4849 792
4850 1600
4851 2557
4852 1715
4853 794
4854 798
4855 1473
4856 799
4857 801
4858 2374
4859 2730
4860 1236
4861 2075
4862 801
4863 802
4864 3211
4865 804
4866 804
4867 901
4868 804
4869 2873
4870 807
4871 2950
4872 809
4873 2840
4874 1228
4875 811
4876 811
4877 814
4878 1829
4879 815
4880 1054
4881 816
4882 2073
4883 1014
4884 2567
4885 821
4886 3029
4887 821
4888 821
4889 821
4890 2357
4891 824
4892 824
4893 824
4894 824
4895 824
4896 824
4897 825
4898 2857
4899 928
4900 825
4901 825
4902 826
4903 826
4904 826
4905 827
4906 1544
4907 829
4908 829
4909 2657
4910 2750
4911 831
4912 2822
4913 832
4914 832
4915 1550
4916 832
4917 2316
4918 832
4919 834
4920 1134
4921 834
4922 834
4923 2216
4924 1966
4925 834
4926 834
4927 2442
4928 1285
4929 1333
4930 834
4931 834
4932 1149
4933 834
4934 2109
4935 1073
4936 834
4937 835
4938 957
4939 2898
4940 837
4941 837
4942 1534
4943 838
4944 838
4945 838
4946 838
4947 1337
4948 1077
4949 1560
4950 839
4951 839
4952 842
4953 843
4954 2537
4955 843
4956 3261
4957 1212
4958 846
4959 1494
4960 853
4961 3174
4962 853
4963 853
4964 1509
4965 853
4966 853
4967 853
4968 919
4969 853
4970 853
4971 954
4972 1328
4973 856
4974 857
4975 858
4976 1052
4977 2502
4978 858
4979 858
4980 858
4981 858
4982 1412
4983 2016
4984 859
4985 859
4986 2402
4987 1663
4988 862
4989 3253
4990 865
4991 865
4992 2412
4993 865
4994 865
4995 2689
4996 2577
4997 1064
4998 1089
4999 1366
5000 871
5001 871
5002 871
5003 3194
5004 871
5005 2614
5006 871
5007 1053
5008 1653
5009 871
5010 871
5011 873
5012 873
5013 1368
5014 873
5015 873
5016 873
5017 2309
5018 1589
5019 874
5020 879
5021 879
5022 1962
5023 881
5024 881
5025 881
5026 884
5027 2758
5028 887
5029 2280
5030 887
5031 887
5032 887
5033 889
5034 891
5035 2627
5036 891
5037 891
5038 2353
5039 892
5040 2361
5041 1028
5042 2908
5043 893
5044 2030
5045 893
5046 893
5047 893
5048 893
5049 1092
5050 893
5051 3166
5052 1126
5053 893
5054 893
5055 893
5056 893
5057 2376
5058 893
5059 893
5060 1479
5061 893
5062 893
5063 893
5064 893
5065 1109
5066 1045
5067 1059
5068 893
5069 893
5070 893
5071 893
5072 893
5073 893
5074 893
5075 893
5076 1575
5077 2046
5078 896
5079 896
5080 896
5081 1074
5082 898
5083 1244
5084 898
5085 2084
5086 1011
5087 1446
5088 899
5089 905
5090 905
5091 1579
5092 1193
5093 1281
5094 2169
5095 1358
5096 906
5097 906
5098 2532
5099 2628
5100 906
5101 906
5102 906
5103 2529
5104 906
5105 1154
5106 906
5107 1231
5108 906
5109 906
5110 906
5111 906
5112 1861
5113 1659
5114 906
5115 908
5116 2293
5117 908
5118 908
5119 908
5120 912
5121 914
5122 1006
5123 915
5124 2597
5125 915
5126 915
5127 915
5128 2672
5129 915
5130 915
5131 918
5132 918
5133 3007
5134 918
5135 2388
5136 921
5137 922
5138 923
5139 987
5140 1039
5141 927
5142 1339
5143 2149
5144 927
5145 2478
5146 927
5147 927
5148 1680
5149 927
5150 927
5151 928
5152 1875
5153 928
5154 928
5155 928
5156 1147
5157 928
5158 928
5159 2297
5160 1309
5161 929
5162 2989
5163 929
5164 1219
5165 929
5166 1122
5167 2089
5168 932
5169 932
5170 932
5171 934
5172 934
5173 935
5174 2162
5175 935
5176 2397
5177 937
5178 938
5179 941
5180 1658
5181 1672
5182 950
5183 1750
5184 950
5185 950
5186 950
5187 950
5188 2880
5189 950
5190 950
5191 2737
5192 2556
5193 950
5194 950
5195 950
5196 950
5197 950
5198 950
5199 1889
5200 2699
5201 950
5202 3016
5203 3031
5204 950
5205 950
5206 2953
5207 2191
5208 3244
5209 950
5210 950
5211 950
5212 950
5213 950
5214 2493
5215 1811
5216 950
5217 950
5218 2936
5219 950
5220 1565
5221 1359
5222 3193
5223 950
5224 950
5225 950
5226 950
5227 988
5228 1376
5229 950
5230 950
5231 950
5232 950
5233 2081
5234 1548
5235 1924
5236 950
5237 1752
5238 3067
5239 2605
5240 2956
5241 1492
5242 950
5243 2313
5244 950
5245 950
5246 950
5247 950
5248 951
5249 2294
5250 950
5251 1136
5252 951
5253 952
5254 1146
5255 954
5256 956
5257 956
5258 3093
5259 1767
5260 957
5261 1317
5262 959
5263 2260
5264 976
5265 960
5266 962
5267 963
5268 2633
5269 963
5270 963
5271 963
5272 2779
5273 963
5274 963
5275 963
5276 963
5277 963
5278 963
5279 963
5280 3097
5281 963
5282 963
5283 963
5284 963
5285 963
5286 963
5287 1562
5288 1027
5289 1933
5290 3237
5291 965
5292 3209
5293 967
5294 967
5295 2545
5296 1917
5297 1519
5298 969
5299 1430
5300 969
5301 970
5302 1774
5303 970
5304 970
5305 972
5306 974
5307 974
5308 974
5309 974
5310 974
5311 974
5312 974
5313 974
5314 2985
5315 974
5316 974
5317 974
5318 974
5319 2189
5320 2163
5321 977
5322 977
5323 2457
5324 977
5325 977
5326 2968
5327 1203
5328 1942
5329 977
5330 978
5331 2837
5332 1352
5333 979
5334 2182
5335 979
5336 980
5337 980
5338 2176
5339 1101
5340 980
5341 3260
5342 982
5343 982
5344 2174
5345 1112
5346 982
5347 983
5348 984
5349 1069
5350 1096
5351 2278
5352 989
5353 2077
5354 994
5355 994
5356 996
5357 996
5358 996
5359 2805
5360 996
5361 996
5362 996
5363 2533
5364 996
5365 996
5366 2065
5367 1415
5368 2027
5369 3216
5370 996
5371 2893
5372 996
5373 996
5374 996
5375 2371
5376 2203
5377 996
5378 2549
5379 3057
5380 1001
5381 2776
5382 1001
5383 2130
5384 2736
5385 1005
5386 1006
5387 2257
5388 1011
5389 1011
5390 2871
5391 2342
5392 1013
5393 1013
5394 1014
5395 3048
5396 1015
5397 1018
5398 1018
5399 1018
5400 1018
5401 1018
5402 1602
5403 1272
5404 1019
5405 1019
5406 1019
5407 1019
5408 3033
5409 1019
5410 1303
5411 1019
5412 2792
5413 2797
5414 1020
5415 1386
5416 1834
5417 1020
5418 1020
5419 1020
5420 1020
5421 2686
5422 1020
5423 1020
5424 1020
5425 1020
5426 3002
5427 1758
5428 1020
5429 1020
5430 1020
5431 1485
5432 1021
5433 2303
5434 1021
5435 1022
5436 1027
5437 1144
5438 1031
5439 1032
5440 1032
5441 2090
5442 2913
5443 1033
5444 1477
5445 2680
5446 1036
5447 2175
5448 1036
5449 2108
5450 3008
5451 1036
5452 1528
5453 1036
5454 2261
5455 1036
5456 1036
5457 1770
5458 1036
5459 1036
5460 1572
5461 1036
5462 1036
5463 1036
5464 1036
5465 2206
5466 1036
5467 2012
5468 1036
5469 1036
5470 1036
5471 1115
5472 1036
5473 1036
5474 1036
5475 2248
5476 1595
5477 3152
5478 1036
5479 1037
5480 1039
5481 1040
5482 1425
5483 1044
5484 1044
5485 1597
5486 1135
5487 1050
5488 1050
5489 1167
5490 2215
5491 1050
5492 1139
5493 1050
5494 1050
5495 1050
5496 1050
5497 1050
5498 1050
5499 2930
5500 1051
5501 1051
5502 2860
5503 1051
5504 1053
5505 1053
5506 1053
5507 3162
5508 1365
5509 1054
5510 1054
5511 2282
5512 1054
5513 1429
5514 1054
5515 1992
5516 1258
5517 1056
5518 1463
5519 1056
5520 1578
5521 1056
5522 1300
5523 1604
5524 2002
5525 1056
5526 2564
5527 2045
5528 1841
5529 1057
5530 1692
5531 1057
5532 1057
5533 1057
5534 2547
5535 2307
5536 1057
5537 1057
5538 1059
5539 1524
5540 2387
5541 1064
5542 1821
5543 1064
5544 2740
5545 1241
5546 1067
5547 1598
5548 2515
5549 2583
5550 1070
5551 2474
5552 1070
5553 1246
5554 1284
5555 2798
5556 1070
5557 1071
5558 2753
5559 2620
5560 2018
5561 1072
5562 1072
5563 1884
5564 2793
5565 1072
5566 1073
5567 1849
5568 2253
5569 1079
5570 1794
5571 2152
5572 1085
5573 1746
5574 1085
5575 2819
5576 1086
5577 1086
5578 1087
5579 1089
5580 2209
5581 1089
5582 1089
5583 1089
5584 1089
5585 2542
5586 1529
5587 1094
5588 3200
5589 1726
5590 1392
5591 1097
5592 1097
5593 1097
5594 1419
5595 1097
5596 1097
5597 1099
5598 1100
5599 1435
5600 1100
5601 1100
5602 1393
5603 1511
5604 1100
5605 1100
5606 3020
5607 1101
5608 1101
5609 2289
5610 1101
5611 2452
5612 2161
5613 1103
5614 1103
5615 2846
5616 1103
5617 1103
5618 1103
5619 2317
5620 3161
5621 2007
5622 1105
5623 1105
5624 2660
5625 3178
5626 1106
5627 1107
5628 2469
5629 1113
5630 1115
5631 1986
5632 3133
5633 3158
5634 2308
5635 1369
5636 1121
5637 1121
5638 1121
5639 1442
5640 1124
5641 1124
5642 1784
5643 1127
5644 1733
5645 1127
5646 1127
5647 1127
5648 1130
5649 2187
5650 1682
5651 1136
5652 1136
5653 1136
5654 1136
5655 1136
5656 1136
5657 1136
5658 2721
5659 2677
5660 1136
5661 2648
5662 1136
5663 1136
5664 1136
5665 1283
5666 1136
5667 2274
5668 1136
5669 1888
5670 1136
5671 1136
5672 1136
5673 1136
5674 1136
5675 1136
5676 1136
5677 1136
5678 2063
5679 1136
5680 1310
5681 1605
5682 1220
5683 1136
5684 1315
5685 1136
5686 1159
5687 2850
5688 1136
5689 1136
5690 2647
5691 2607
5692 1741
5693 1136
5694 1461
5695 1949
5696 1136
5697 1136
5698 1136
5699 2773
5700 1136
5701 2038
5702 2707
5703 1136
5704 1484
5705 1136
5706 1136
5707 1136
5708 1515
5709 1621
5710 1137
5711 1137
5712 1137
5713 1137
5714 1137
5715 1306
5716 1139
5717 1139
5718 1157
5719 1837
5720 1143
5721 1143
5722 2424
5723 1145
5724 1145
5725 1145
5726 1145
5727 2611
5728 1146
5729 1146
5730 1513
5731 1147
5732 1147
5733 1148
5734 2198
5735 1148
5736 2453
5737 1587
5738 1823
5739 1150
5740 1152
5741 1152
5742 1625
5743 2477
5744 2833
5745 1154
5746 1158
5747 1985
5748 1822
5749 1159
5750 2029
5751 1160
5752 1160
5753 3137
5754 3204
5755 3038
5756 1162
5757 1163
5758 1707
5759 1164
5760 1164
5761 1198
5762 1983
5763 1650
5764 1164
5765 1825
5766 1164
5767 1164
5768 1164
5769 1164
5770 1164
5771 2094
5772 2244
5773 1257
5774 2341
5775 1496
5776 1546
5777 3172
5778 1172
5779 2096
5780 1174
5781 1630
5782 1175
5783 1175
5784 1800
5785 1176
5786 1177
5787 1177
5788 1177
5789 1177
5790 1533
5791 1177
5792 1177
5793 1177
5794 1177
5795 1177
5796 2034
5797 2079
5798 2394
5799 3274
5800 2033
5801 1326
5802 1802
5803 1536
5804 1177
5805 2883
5806 1181
5807 1183
5808 2935
5809 1186
5810 1187
5811 1187
5812 2775
5813 2283
5814 1190
5815 1193
5816 2780
5817 1193
5818 1194
5819 1194
5820 1411
5821 1195
5822 1195
5823 1195
5824 1195
5825 1196
5826 1196
5827 1584
5828 2115
5829 1698
5830 1197
5831 1198
5832 1198
5833 1198
5834 1198
5835 1199
5836 1201
5837 3246
5838 1202
5839 1202
5840 1202
5841 1202
5842 1208
5843 1209
5844 1210
5845 2528
5846 1211
5847 1211
5848 2727
5849 1213
5850 2415
5851 1219
5852 1219
5853 3180
5854 1222
5855 1356
5856 1222
5857 1222
5858 1222
5859 1222
5860 1417
5861 2139
5862 1814
5863 1224
5864 1224
5865 2774
5866 1648
5867 1224
5868 1224
5869 1224
5870 3129
5871 1224
5872 1224
5873 1224
5874 1225
5875 2558
5876 1426
5877 1269
5878 1225
5879 1225
5880 1225
5881 1225
5882 1225
5883 2125
5884 1225
5885 1225
5886 1262
5887 3248
5888 1225
5889 1225
5890 2131
5891 2448
5892 1225
5893 1225
5894 2057
5895 1751
5896 1225
5897 1225
5898 1561
5899 1225
5900 1225
5901 1335
5902 2455
5903 3003
5904 1225
5905 1225
5906 1228
5907 1688
5908 1228
5909 1228
5910 2610
5911 1228
5912 1231
5913 1231
5914 1233
5915 3044
5916 1234
5917 1236
5918 1772
5919 1239
5920 1239
5921 1239
5922 1240
5923 2784
5924 2072
5925 1245
5926 2239
5927 1253
5928 1253
5929 2495
5930 1254
5931 1371
5932 2265
5933 2095
5934 1257
5935 1607
5936 1258
5937 1258
5938 1298
5939 1395
5940 3015
5941 1489
5942 2060
5943 1260
5944 1260
5945 1261
5946 1261
5947 2441
5948 1735
5949 1261
5950 1908
5951 1882
5952 2140
5953 1616
5954 1913
5955 1674
5956 2781
5957 1265
5958 1265
5959 1268
5960 1269
5961 3184
5962 1929
5963 1271
5964 1271
5965 1271
5966 1271
5967 1271
5968 1271
5969 1271
5970 1944
5971 1273
5972 1273
5973 1276
5974 1276
5975 1276
5976 1276
5977 1276
5978 1901
5979 1276
5980 1276
5981 1288
5982 2067
5983 1351
5984 1276
5985 1276
5986 1276
5987 1276
5988 2019
5989 2917
5990 1276
5991 1276
5992 1277
5993 1276
5994 1276
5995 1919
5996 1276
5997 1719
5998 1276
5999 3268
6000 1276
6001 1276
6002 1464
6003 1276
6004 1276
6005 1276
6006 1276
6007 1276
6008 1276
6009 2640
6010 1276
6011 1276
6012 2009
6013 1279
6014 3186
6015 3247
6016 1360
6017 1284
6018 2622
6019 1286
6020 1288
6021 1288
6022 1289
6023 1989
6024 1540
6025 1291
6026 1291
6027 1291
6028 1394
6029 2273
6030 1961
6031 1296
6032 1302
6033 1302
6034 1921
6035 1302
6036 2807
6037 2539
6038 2204
6039 2320
6040 1306
6041 1306
6042 1306
6043 1306
6044 1306
6045 1306
6046 2566
6047 1307
6048 1307
6049 1308
6050 2756
6051 1308
6052 1378
6053 1308
6054 2058
6055 1308
6056 1308
6057 1309
6058 2990
6059 1312
6060 1313
6061 1317
6062 3139
6063 1317
6064 2106
6065 1323
6066 1323
6067 1323
6068 1323
6069 1325
6070 2858
6071 1326
6072 1326
6073 1326
6074 1329
6075 1330
6076 1330
6077 1568
6078 1330
6079 1330
6080 1902
6081 1332
6082 1634
6083 1332
6084 2252
6085 2570
6086 1332
6087 1332
6088 1332
6089 1332
6090 1332
6091 1332
6092 1332
6093 1332
6094 1367
6095 1332
6096 1332
6097 1898
6098 1335
6099 1335
6100 1335
6101 1900
6102 1337
6103 2872
6104 2447
6105 1337
6106 1724
6107 1338
6108 1340
6109 1460
6110 1345
6111 2322
6112 1348
6113 1349
6114 1349
6115 1349
6116 1349
6117 1349
6118 1349
6119 1349
6120 3094
6121 2328
6122 1349
6123 1722
6124 1439
6125 1864
6126 2193
6127 1349
6128 1712
6129 2091
6130 1349
6131 1349
6132 1349
6133 1349
6134 1820
6135 2069
6136 1352
6137 1771
6138 1704
6139 2434
6140 1354
6141 1355
6142 1676
6143 1355
6144 3043
6145 1355
6146 1939
6147 1994
6148 1355
6149 2804
6150 1355
6151 1355
6152 1846
6153 1355
6154 1356
6155 1356
6156 2064
6157 1357
6158 1357
6159 1358
6160 1358
6161 1619
6162 2654
6163 1434
6164 1358
6165 2709
6166 1358
6167 1812
6168 2035
6169 1932
6170 1361
6171 1361
6172 2972
6173 1361
6174 3275
6175 1361
6176 1362
6177 1365
6178 1365
6179 1365
6180 1699
6181 1365
6182 1365
6183 1365
6184 2379
6185 1365
6186 1863
6187 1365
6188 1365
6189 1691
6190 1991
6191 1366
6192 1366
6193 2052
6194 1367
6195 1368
6196 1368
6197 2698
6198 1368
6199 3041
6200 2305
6201 1372
6202 2132
6203 1374
6204 3019
6205 2427
6206 3071
6207 1374
6208 1466
6209 1573
6210 1374
6211 1377
6212 1379
6213 1380
6214 1380
6215 1382
6216 1382
6217 1382
6218 1382
6219 3125
6220 1401
6221 1566
6222 1383
6223 2892
6224 1384
6225 2210
6226 2847
6227 1390
6228 1390
6229 1424
6230 2826
6231 1390
6232 1390
6233 3059
6234 2001
6235 1397
6236 2071
6237 1397
6238 1397
6239 1925
6240 2552
6241 1403
6242 1406
6243 1406
6244 1406
6245 1406
6246 1406
6247 1406
6248 1406
6249 3140
6250 2166
6251 1406
6252 1645
6253 1406
6254 1406
6255 1406
6256 2970
6257 1406
6258 1406
6259 1409
6260 1412
6261 1649
6262 1414
6263 1416
6264 1417
6265 1417
6266 2354
6267 1785
6268 1417
6269 1417
6270 1417
6271 1417
6272 3046
6273 1421
6274 1421
6275 1539
6276 1569
6277 1423
6278 1423
6279 1423
6280 1423
6281 1423
6282 1423
6283 1552
6284 1423
6285 1423
6286 1960
6287 1423
6288 1423
6289 1423
6290 1423
6291 2832
6292 1423
6293 1423
6294 1423
6295 1423
6296 1423
6297 1423
6298 1866
6299 1749
6300 3117
6301 1585
6302 1425
6303 1426
6304 1426
6305 1426
6306 2580
6307 1428
6308 1432
6309 1434
6310 1434
6311 1838
6312 1435
6313 3164
6314 1436
6315 1439
6316 2141
6317 2386
6318 1440
6319 1440
6320 2843
6321 2538
6322 2488
6323 1440
6324 1440
6325 2631
6326 1440
6327 1440
6328 1440
6329 1457
6330 1440
6331 1440
6332 1441
6333 1441
6334 1968
6335 1442
6336 1486
6337 1443
6338 1443
6339 1545
6340 1443
6341 1810
6342 1443
6343 1443
6344 1443
6345 1443
6346 1443
6347 1729
6348 2830
6349 2068
6350 1443
6351 1443
6352 2146
6353 1709
6354 1443
6355 1443
6356 1443
6357 1443
6358 1443
6359 1468
6360 1446
6361 1447
6362 1736
6363 1780
6364 1450
6365 1450
6366 1452
6367 1687
6368 1453
6369 1454
6370 3030
6371 1455
6372 1455
6373 1456
6374 1457
6375 1458
6376 1458
6377 1458
6378 1458
6379 1460
6380 2365
6381 1462
6382 2346
6383 1462
6384 1462
6385 2700
6386 1482
6387 2585
6388 1462
6389 1463
6390 1465
6391 1465
6392 1465
6393 1498
6394 1827
6395 1466
6396 2195
6397 1468
6398 1468
6399 1468
6400 1468
6401 1468
6402 1470
6403 2951
6404 1477
6405 1681
6406 2706
6407 1499
6408 1500
6409 1477
6410 1477
6411 1478
6412 1479
6413 1969
6414 2041
6415 1479
6416 1480
6417 2931
6418 1480
6419 1480
6420 1480
6421 1907
6422 1480
6423 1480
6424 1482
6425 1484
6426 1484
6427 1484
6428 2385
6429 2683
6430 1486
6431 1486
6432 2160
6433 2462
6434 1486
6435 1657
6436 2940
6437 3034
6438 2650
6439 1492
6440 1493
6441 1493
6442 1495
6443 1496
6444 1496
6445 1496
6446 2449
6447 1935
6448 1496
6449 1496
6450 1723
6451 1498
6452 2480
6453 1521
6454 1730
6455 1501
6456 1502
6457 1502
6458 1502
6459 1502
6460 1504
6461 1510
6462 1512
6463 1512
6464 1518
6465 1518
6466 1519
6467 2167
6468 1521
6469 1522
6470 1522
6471 1522
6472 1522
6473 1523
6474 1523
6475 1946
6476 2820
6477 1533
6478 3078
6479 1535
6480 2225
6481 2613
6482 1626
6483 2983
6484 1540
6485 1588
6486 1541
6487 1541
6488 1541
6489 2076
6490 1544
6491 2279
6492 1544
6493 2348
6494 2959
6495 2311
6496 2668
6497 2127
6498 1544
6499 2875
6500 2725
6501 2656
6502 1544
6503 1544
6504 2043
6505 2795
6506 2927
6507 1545
6508 2479
6509 1548
6510 3263
6511 1549
6512 2486
6513 1556
6514 1556
6515 1556
6516 1556
6517 1556
6518 1556
6519 1759
6520 1556
6521 2207
6522 1556
6523 3183
6524 2527
6525 1559
6526 2739
6527 1559
6528 1562
6529 1562
6530 1564
6531 1564
6532 1586
6533 2770
6534 2745
6535 1568
6536 1618
6537 2281
6538 2691
6539 1570
6540 1571
6541 1573
6542 1573
6543 2178
6544 1575
6545 1576
6546 1576
6547 1576
6548 1577
6549 2868
6550 1577
6551 1577
6552 1577
6553 1577
6554 1577
6555 1580
6556 1860
6557 2738
6558 1582
6559 1582
6560 2123
6561 1583
6562 1914
6563 1584
6564 1585
6565 1585
6566 1586
6567 2335
6568 2813
6569 1587
6570 1591
6571 1693
6572 1596
6573 1597
6574 3004
6575 1597
6576 1598
6577 3104
6578 2663
6579 1602
6580 2143
6581 1602
6582 1602
6583 1602
6584 1892
6585 1605
6586 1605
6587 1606
6588 1744
6589 1608
6590 1608
6591 1608
6592 1609
6593 1609
6594 2599
6595 2220
6596 2004
6597 2135
6598 1616
6599 1616
6600 3077
6601 1618
6602 3060
6603 1620
6604 1620
6605 2450
6606 1622
6607 1622
6608 1622
6609 2710
6610 1622
6611 1622
6612 1623
6613 1624
6614 1626
6615 1627
6616 1627
6617 1627
6618 1627
6619 1628
6620 1628
6621 2921
6622 1629
6623 1629
6624 1629
6625 1631
6626 1637
6627 1638
6628 1639
6629 2695
6630 1865
6631 1642
6632 1642
6633 1642
6634 1777
6635 1895
6636 2617
6637 1642
6638 1642
6639 1642
6640 1642
6641 1642
6642 2852
6643 2834
6644 1642
6645 1642
6646 1642
6647 1642
6648 2801
6649 1642
6650 2906
6651 1642
6652 1642
6653 2741
6654 1642
6655 2571
6656 1809
6657 1642
6658 1642
6659 1642
6660 1642
6661 1642
6662 1642
6663 1642
6664 1642
6665 1642
6666 1642
6667 2548
6668 1642
6669 1644
6670 1716
6671 1645
6672 1649
6673 3053
6674 1651
6675 1651
6676 1651
6677 1651
6678 2754
6679 1656
6680 1657
6681 3068
6682 2937
6683 2047
6684 2492
6685 1666
6686 1666
6687 1667
6688 1667
6689 1668
6690 1668
6691 1669
6692 1670
6693 1671
6694 1671
6695 1671
6696 1671
6697 1671
6698 1671
6699 2575
6700 1671
6701 1671
6702 1671
6703 3103
6704 1677
6705 1678
6706 1678
6707 3181
6708 1678
6709 1678
6710 1678
6711 1705
6712 1678
6713 1678
6714 1678
6715 1679
6716 1757
6717 1679
6718 1679
6719 1763
6720 2482
6721 2788
6722 1685
6723 1685
6724 1685
6725 2284
6726 1685
6727 1685
6728 1685
6729 2040
6730 1689
6731 1689
6732 1689
6733 1689
6734 3127
6735 1690
6736 1695
6737 1696
6738 1867
6739 1697
6740 1697
6741 3225
6742 1697
6743 1697
6744 1700
6745 1700
6746 1700
6747 1700
6748 1700
6749 1702
6750 1704
6751 1706
6752 1706
6753 2054
6754 1710
6755 1710
6756 1710
6757 1713
6758 2022
6759 2021
6760 1713
6761 1725
6762 1718
6763 1718
6764 1720
6765 1722
6766 1723
6767 1724
6768 2111
6769 2851
6770 2763
6771 1797
6772 1734
6773 1734
6774 1734
6775 1734
6776 1734
6777 1735
6778 1735
6779 1735
6780 1735
6781 1735
6782 1735
6783 1736
6784 2304
6785 2992
6786 1741
6787 1741
6788 1741
6789 1741
6790 1768
6791 1743
6792 1744
6793 1744
6794 2518
6795 3026
6796 1745
6797 1746
6798 1748
6799 1748
6800 2579
6801 1748
6802 1749
6803 2645
6804 1749
6805 1749
6806 1749
6807 1749
6808 2445
6809 1749
6810 1749
6811 1749
6812 2100
6813 1749
6814 2630
6815 1749
6816 1749
6817 1749
6818 1750
6819 2920
6820 1996
6821 1753
6822 1753
6823 1753
6824 1754
6825 1758
6826 1758
6827 2682
6828 1759
6829 1759
6830 1759
6831 1759
6832 1760
6833 2735
6834 1760
6835 1760
6836 1760
6837 1760
6838 1760
6839 1967
6840 1760
6841 2494
6842 1767
6843 1768
6844 1772
6845 2107
6846 1775
6847 1776
6848 1778
6849 1779
6850 1779
6851 1779
6852 1779
6853 1781
6854 1781
6855 1781
6856 1781
6857 1781
6858 1781
6859 1781
6860 1973
6861 3061
6862 1781
6863 1781
6864 1781
6865 1781
6866 1781
6867 1781
6868 1781
6869 3188
6870 2105
6871 1781
6872 1781
6873 1783
6874 1783
6875 3250
6876 1791
6877 1945
6878 1794
6879 1796
6880 3124
6881 1808
6882 2026
6883 1796
6884 1796
6885 1796
6886 1796
6887 1796
6888 1797
6889 1797
6890 2192
6891 3226
6892 1799
6893 1799
6894 2481
6895 1803
6896 1805
6897 1805
6898 1807
6899 1807
6900 2205
6901 2812
6902 1811
6903 1811
6904 1811
6905 2301
6906 1811
6907 1813
6908 1813
6909 1817
6910 2315
6911 1814
6912 1818
6913 1818
6914 1818
6915 1818
6916 1818
6917 1819
6918 1819
6919 2531
6920 1819
6921 1820
6922 1822
6923 1824
6924 1824
6925 1824
6926 1824
6927 1824
6928 1824
6929 3176
6930 3009
6931 1828
6932 1828
6933 1828
6934 1943
6935 1828
6936 1828
6937 1828
6938 1828
6939 1852
6940 1828
6941 2398
6942 1828
6943 1828
6944 1828
6945 1828
6946 2749
6947 1828
6948 1828
6949 1828
6950 1828
6951 3272
6952 1832
6953 1832
6954 1832
6955 1833
6956 1833
6957 1833
6958 1853
6959 1835
6960 1835
6961 1835
6962 2268
6963 1835
6964 1835
6965 2889
6966 1835
6967 1837
6968 1837
6969 1839
6970 1839
6971 1839
6972 1842
6973 1842
6974 1842
6975 1842
6976 1842
6977 1842
6978 1842
6979 1842
6980 1842
6981 1842
6982 2310
6983 1842
6984 1844
6985 2435
6986 1844
6987 1845
6988 1845
6989 2639
6990 1845
6991 1846
6992 1846
6993 1847
6994 1975
6995 1847
6996 1849
6997 1849
6998 2245
6999 1849
7000 1849
7001 1849
7002 2623
7003 1849
7004 1850
7005 2168
7006 3215
7007 1855
7008 1855
7009 1855
7010 1858
7011 1858
7012 3160
7013 1858
7014 1858
7015 1858
7016 1858
7017 1858
7018 2333
7019 2924
7020 1859
7021 1859
7022 1955
7023 2121
7024 1859
7025 1859
7026 2202
7027 1859
7028 1859
7029 1869
7030 1859
7031 2334
7032 1859
7033 3236
7034 1859
7035 1859
7036 1861
7037 1866
7038 1866
7039 1866
7040 1866
7041 1866
7042 1871
7043 1871
7044 1872
7045 1872
7046 2194
7047 2772
7048 1874
7049 1874
7050 1874
7051 1874
7052 2000
7053 1874
7054 1875
7055 3190
7056 1875
7057 1875
7058 1875
7059 1875
7060 1875
7061 1877
7062 3233
7063 1879
7064 2343
7065 2728
7066 1879
7067 1953
7068 1879
7069 1879
7070 2235
7071 1879
7072 1881
7073 1885
7074 3000
7075 1885
7076 1887
7077 1887
7078 1888
7079 1893
7080 2112
7081 2755
7082 1893
7083 1893
7084 1893
7085 1893
7086 2751
7087 1895
7088 2153
7089 1897
7090 1897
7091 1897
7092 1897
7093 1897
7094 1898
7095 1899
7096 2768
7097 3090
7098 1900
7099 1901
7100 3111
7101 1902
7102 1905
7103 3099
7104 1908
7105 1909
7106 1909
7107 1910
7108 1916
7109 1916
7110 1917
7111 1917
7112 1917
7113 1917
7114 1917
7115 3159
7116 2368
7117 1921
7118 1921
7119 1925
7120 2085
7121 1928
7122 1934
7123 2110
7124 1938
7125 1938
7126 1939
7127 1939
7128 1941
7129 1941
7130 1942
7131 1942
7132 1945
7133 1945
7134 1946
7135 1949
7136 1949
7137 1950
7138 1952
7139 1953
7140 1954
7141 1954
7142 1955
7143 1955
7144 1955
7145 1955
7146 1955
7147 1958
7148 1958
7149 1959
7150 1962
7151 2811
7152 1963
7153 1963
7154 1963
7155 1963
7156 3096
7157 1963
7158 2234
7159 1966
7160 1966
7161 1966
7162 2383
7163 1967
7164 1967
7165 1969
7166 1970
7167 1971
7168 2420
7169 1974
7170 1974
7171 1974
7172 1974
7173 2999
7174 2723
7175 1977
7176 1978
7177 3147
7178 1979
7179 1979
7180 1979
7181 1982
7182 1982
7183 2097
7184 1982
7185 1982
7186 1982
7187 1984
7188 1984
7189 1985
7190 1985
7191 1990
7192 1991
7193 1992
7194 1992
7195 2214
7196 1992
7197 1992
7198 2810
7199 1992
7200 1992
7201 1992
7202 1997
7203 1997
7204 1997
7205 1997
7206 1998
7207 1999
7208 2003
7209 2003
7210 2003
7211 2733
7212 3266
7213 3145
7214 2003
7215 2324
7216 2003
7217 2003
7218 2003
7219 2003
7220 2007
7221 2007
7222 2007
7223 2007
7224 2007
7225 2010
7226 2916
7227 2013
7228 2013
7229 2013
7230 2013
7231 2013
7232 2013
7233 2013
7234 2217
7235 2013
7236 2013
7237 2013
7238 3058
7239 2013
7240 2013
7241 2621
7242 2013
7243 2013
7244 2013
7245 2013
7246 2211
7247 2013
7248 2013
7249 2013
7250 2589
7251 2082
7252 2013
7253 2408
7254 2013
7255 2806
7256 2013
7257 2013
7258 2013
7259 2013
7260 2013
7261 2013
7262 2796
7263 2013
7264 2013
7265 2013
7266 3032
7267 2496
7268 2845
7269 2013
7270 2013
7271 2013
7272 2013
7273 2013
7274 2601
7275 2013
7276 2651
7277 2013
7278 2013
7279 2013
7280 2013
7281 2013
7282 2013
7283 2013
7284 2013
7285 2013
7286 2013
7287 2013
7288 2550
7289 2013
7290 2330
7291 2013
7292 2013
7293 2013
7294 2013
7295 2013
7296 2013
7297 2013
7298 2476
7299 2013
7300 2013
7301 2013
7302 2013
7303 2013
7304 2764
7305 2013
7306 2013
7307 2013
7308 2013
7309 2013
7310 2013
7311 2013
7312 3238
7313 2013
7314 2013
7315 2014
7316 2014
7317 2900
7318 2014
7319 2015
7320 2015
7321 2020
7322 2020
7323 2584
7324 2020
7325 2836
7326 2026
7327 2026
7328 2199
7329 2563
7330 2028
7331 2028
7332 2029
7333 2029
7334 2029
7335 2029
7336 2029
7337 2029
7338 2029
7339 2029
7340 2030
7341 2030
7342 3154
7343 2033
7344 2033
7345 2037
7346 2037
7347 2037
7348 2037
7349 2037
7350 2038
7351 2038
7352 2040
7353 2040
7354 2040
7355 2040
7356 2041
7357 2041
7358 2041
7359 2041
7360 2266
7361 2042
7362 2042
7363 2574
7364 2042
7365 2536
7366 2045
7367 2045
7368 2045
7369 2046
7370 2046
7371 2046
7372 2046
7373 2048
7374 2048
7375 2048
7376 2049
7377 2049
7378 2049
7379 2124
7380 2049
7381 2051
7382 2053
7383 2053
7384 2483
7385 2057
7386 2057
7387 2059
7388 2059
7389 2059
7390 2059
7391 3119
7392 2172
7393 2068
7394 2185
7395 2068
7396 2068
7397 2362
7398 2071
7399 2071
7400 2071
7401 2078
7402 2083
7403 2083
7404 2083
7405 2426
7406 2666
7407 2083
7408 2083
7409 3123
7410 2084
7411 2155
7412 2086
7413 2086
7414 2086
7415 2223
7416 2088
7417 2148
7418 2088
7419 2088
7420 2088
7421 2088
7422 2090
7423 2090
7424 2090
7425 2091
7426 2091
7427 2093
7428 2093
7429 2093
7430 2093
7431 2093
7432 2093
7433 2179
7434 2498
7435 2093
7436 2541
7437 2093
7438 2093
7439 2093
7440 2093
7441 2093
7442 2093
7443 2093
7444 3092
7445 2093
7446 2093
7447 2345
7448 2093
7449 2093
7450 2093
7451 2093
7452 2093
7453 2159
7454 2864
7455 2093
7456 2093
7457 2093
7458 2093
7459 2546
7460 2093
7461 2093
7462 2874
7463 2093
7464 2093
7465 2093
7466 2093
7467 2093
7468 2093
7469 3173
7470 2093
7471 2093
7472 2219
7473 2093
7474 2093
7475 2093
7476 2093
7477 2093
7478 2350
7479 2719
7480 2093
7481 2598
7482 2093
7483 2560
7484 2093
7485 2093
7486 2093
7487 2093
7488 3165
7489 2093
7490 2093
7491 2635
7492 2870
7493 2095
7494 2981
7495 2101
7496 2103
7497 2103
7498 2108
7499 2113
7500 2113
7501 2114
7502 2114
7503 2114
7504 2114
7505 2114
7506 2114
7507 2443
7508 2114
7509 2114
7510 2114
7511 2114
7512 2114
7513 2246
7514 2114
7515 2114
7516 2114
7517 2114
7518 2114
7519 2114
7520 2471
7521 2118
7522 2824
7523 2120
7524 2120
7525 2120
7526 2120
7527 2121
7528 2121
7529 2121
7530 2121
7531 2121
7532 2121
7533 2364
7534 2121
7535 2121
7536 2121
7537 2121
7538 3149
7539 2121
7540 2121
7541 2121
7542 2121
7543 2121
7544 2369
7545 2121
7546 2121
7547 2306
7548 2121
7549 2264
7550 2121
7551 2121
7552 2121
7553 2121
7554 2121
7555 2121
7556 2661
7557 2121
7558 2704
7559 2121
7560 2121
7561 2183
7562 2121
7563 2121
7564 2121
7565 2121
7566 2121
7567 2121
7568 2121
7569 2121
7570 2121
7571 2121
7572 2121
7573 2121
7574 2869
7575 2121
7576 2121
7577 2121
7578 2121
7579 2121
7580 2591
7581 2121
7582 2121
7583 2121
7584 2121
7585 2292
7586 2121
7587 2121
7588 2121
7589 2121
7590 2121
7591 2121
7592 2121
7593 2121
7594 2121
7595 2121
7596 2121
7597 2123
7598 2124
7599 2124
7600 2124
7601 2127
7602 2127
7603 2127
7604 2629
7605 2127
7606 2127
7607 2127
7608 2127
7609 2170
7610 2859
7611 2127
7612 2794
7613 2127
7614 2127
7615 2127
7616 2127
7617 2127
7618 2251
7619 2127
7620 2127
7621 2127
7622 2127
7623 2127
7624 2127
7625 2127
7626 2127
7627 2127
7628 2127
7629 2129
7630 3114
7631 3130
7632 2134
7633 2135
7634 2135
7635 2135
7636 2393
7637 2140
7638 2140
7639 2141
7640 2141
7641 2141
7642 2143
7643 2143
7644 3187
7645 2143
7646 2143
7647 2791
7648 2392
7649 2143
7650 2143
7651 2143
7652 2143
7653 2143
7654 2143
7655 2143
7656 2744
7657 2143
7658 2143
7659 2143
7660 2143
7661 2143
7662 2143
7663 2143
7664 2143
7665 2377
7666 3054
7667 3256
7668 2143
7669 2143
7670 2143
7671 2143
7672 2143
7673 2143
7674 2143
7675 2143
7676 2143
7677 2143
7678 3110
7679 2463
7680 2143
7681 2143
7682 2143
7683 2143
7684 2143
7685 2653
7686 2143
7687 2143
7688 2143
7689 2144
7690 2144
7691 2144
7692 2144
7693 2144
7694 2147
7695 2148
7696 2148
7697 2148
7698 2149
7699 2149
7700 2149
7701 2157
7702 2157
7703 2157
7704 2158
7705 2158
7706 2966
7707 2158
7708 2159
7709 2159
7710 2159
7711 2159
7712 2159
7713 2159
7714 2159
7715 2159
7716 2159
7717 2159
7718 2555
7719 2159
7720 2159
7721 2160
7722 2160
7723 2162
7724 2162
7725 2726
7726 2162
7727 2162
7728 2782
7729 2928
7730 2165
7731 2165
7732 2615
7733 2841
7734 2165
7735 2165
7736 2165
7737 2165
7738 2165
7739 2470
7740 2911
7741 2165
7742 2165
7743 2165
7744 2638
7745 2165
7746 2165
7747 2165
7748 2165
7749 2669
7750 2165
7751 3076
7752 2165
7753 2165
7754 2165
7755 2165
7756 2165
7757 2165
7758 2165
7759 2165
7760 2165
7761 2165
7762 2525
7763 2165
7764 2165
7765 2165
7766 2165
7767 2165
7768 3079
7769 2165
7770 2165
7771 2778
7772 2165
7773 2165
7774 2165
7775 2165
7776 2165
7777 2165
7778 2169
7779 2170
7780 2170
7781 2170
7782 2172
7783 2172
7784 2172
7785 2172
7786 2172
7787 2172
7788 2172
7789 2172
7790 2172
7791 2172
7792 2172
7793 2554
7794 2172
7795 2172
7796 2172
7797 2172
7798 2172
7799 2172
7800 2172
7801 2172
7802 2172
7803 2173
7804 3259
7805 2174
7806 2174
7807 2175
7808 2176
7809 2176
7810 2914
7811 2177
7812 2177
7813 2177
7814 2177
7815 3055
7816 3276
7817 2178
7818 2200
7819 2178
7820 2178
7821 2180
7822 2180
7823 2181
7824 2182
7825 2183
7826 2183
7827 2183
7828 2187
7829 2187
7830 3153
7831 2688
7832 2197
7833 2198
7834 2198
7835 2198
7836 2200
7837 2200
7838 2200
7839 2200
7840 2200
7841 2200
7842 2202
7843 2202
7844 2876
7845 3109
7846 2203
7847 2204
7848 2204
7849 3134
7850 2204
7851 2204
7852 2204
7853 2204
7854 2204
7855 2204
7856 2204
7857 2206
7858 2207
7859 2207
7860 2207
7861 2207
7862 2207
7863 2210
7864 2217
7865 2217
7866 2217
7867 2219
7868 2712
7869 2220
7870 2220
7871 2220
7872 2573
7873 2511
7874 2221
7875 2221
7876 2222
7877 2224
7878 2226
7879 2228
7880 2230
7881 2230
7882 2233
7883 2234
7884 2235
7885 3218
7886 2236
7887 2237
7888 2239
7889 2240
7890 2240
7891 2240
7892 2240
7893 2240
7894 2240
7895 2240
7896 2240
7897 2240
7898 2240
7899 2240
7900 2245
7901 2641
7902 2245
7903 2246
7904 2748
7905 2250
7906 2253
7907 2254
7908 2254
7909 2254
7910 2254
7911 3229
7912 2254
7913 2254
7914 2254
7915 2254
7916 2399
7917 2254
7918 2254
7919 2254
7920 2439
7921 2254
7922 2254
7923 2254
7924 2254
7925 2254
7926 2254
7927 2256
7928 2582
7929 2257
7930 2257
7931 2257
7932 2260
7933 2260
7934 2260
7935 2260
7936 2594
7937 2262
7938 2262
7939 2612
7940 2268
7941 2268
7942 2269
7943 2299
7944 2270
7945 2270
7946 2271
7947 2271
7948 2407
7949 3232
7950 2271
7951 2982
7952 2271
7953 2271
7954 2271
7955 2271
7956 2271
7957 3241
7958 2271
7959 2271
7960 2271
7961 2271
7962 2271
7963 2271
7964 2271
7965 2332
7966 2271
7967 2275
7968 2277
7969 2996
7970 2278
7971 2279
7972 2279
7973 2414
7974 2825
7975 2280
7976 2281
7977 2358
7978 3108
7979 2284
7980 2284
7981 2687
7982 2285
7983 2285
7984 2285
7985 2285
7986 2285
7987 2286
7988 2286
7989 2286
7990 2286
7991 2286
7992 2286
7993 2286
7994 2286
7995 2286
7996 2286
7997 2286
7998 2286
7999 2286
8000 2814
8001 2286
8002 2286
8003 2286
8004 2286
8005 2286
8006 2286
8007 2286
8008 2423
8009 2286
8010 2286
8011 2287
8012 2287
8013 2287
8014 2287
8015 2287
8016 2287
8017 2287
8018 2287
8019 2287
8020 2288
8021 2292
8022 2292
8023 2292
8024 2292
8025 2292
8026 2292
8027 2292
8028 2292
8029 2947
8030 2292
8031 2292
8032 2292
8033 2292
8034 2292
8035 2292
8036 2292
8037 2429
8038 2818
8039 2292
8040 2292
8041 2292
8042 2292
8043 2292
8044 2292
8045 2461
8046 2292
8047 2292
8048 2292
8049 2292
8050 2292
8051 2292
8052 2292
8053 2292
8054 2292
8055 2292
8056 2292
8057 2292
8058 2292
8059 3251
8060 2294
8061 2294
8062 2295
8063 2298
8064 2298
8065 2298
8066 2298
8067 2298
8068 2298
8069 2298
8070 2298
8071 2303
8072 2305
8073 2305
8074 2305
8075 3095
8076 2305
8077 2305
8078 2305
8079 2305
8080 2305
8081 2305
8082 2325
8083 2305
8084 2305
8085 2305
8086 2923
8087 2305
8088 2305
8089 2305
8090 2890
8091 2305
8092 2305
8093 2305
8094 2305
8095 2305
8096 2305
8097 2305
8098 2305
8099 2305
8100 2305
8101 2305
8102 2305
8103 2305
8104 2305
8105 2305
8106 2309
8107 2309
8108 2310
8109 2313
8110 2314
8111 2314
8112 2315
8113 2315
8114 2316
8115 2316
8116 2316
8117 2317
8118 2317
8119 2319
8120 3249
8121 2324
8122 2576
8123 2324
8124 2324
8125 2324
8126 2324
8127 2974
8128 2324
8129 2324
8130 2324
8131 2325
8132 2327
8133 2327
8134 2816
8135 2328
8136 2331
8137 2934
8138 2333
8139 2333
8140 3126
8141 3217
8142 2334
8143 2336
8144 2336
8145 2336
8146 2338
8147 2338
8148 2634
8149 2340
8150 2697
8151 2340
8152 2340
8153 2342
8154 2501
8155 2346
8156 2347
8157 2349
8158 2353
8159 2353
8160 2353
8161 2353
8162 2353
8163 2971
8164 2356
8165 2356
8166 2519
8167 3273
8168 2356
8169 2356
8170 2356
8171 2356
8172 2356
8173 2356
8174 2356
8175 2356
8176 2356
8177 2356
8178 2356
8179 2356
8180 2357
8181 2357
8182 2357
8183 2357
8184 2357
8185 2632
8186 2358
8187 2359
8188 2359
8189 2359
8190 2359
8191 3243
8192 2359
8193 2359
8194 2359
8195 2359
8196 2359
8197 2359
8198 2359
8199 2359
8200 2359
8201 3206
8202 2361
8203 2362
8204 2363
8205 2363
8206 2363
8207 2364
8208 2364
8209 2364
8210 2366
8211 2369
8212 2372
8213 2372
8214 2372
8215 2422
8216 2372
8217 2373
8218 2783
8219 2373
8220 2373
8221 2374
8222 2374
8223 2374
8224 2374
8225 2374
8226 2374
8227 2374
8228 2375
8229 2375
8230 2376
8231 2378
8232 2378
8233 2379
8234 2379
8235 2382
8236 2708
8237 2383
8238 2490
8239 2551
8240 2383
8241 2383
8242 2823
8243 2384
8244 2384
8245 2384
8246 2384
8247 2384
8248 2384
8249 2384
8250 2384
8251 2384
8252 2384
8253 2384
8254 2384
8255 2403
8256 2384
8257 2384
8258 2384
8259 2384
8260 2384
8261 2384
8262 2600
8263 2384
8264 2384
8265 2384
8266 2384
8267 2384
8268 2384
8269 2384
8270 2384
8271 2384
8272 2384
8273 2384
8274 2384
8275 2678
8276 2384
8277 2384
8278 2384
8279 2384
8280 2384
8281 2384
8282 2384
8283 2384
8284 2384
8285 2384
8286 2384
8287 2384
8288 2384
8289 2976
8290 2384
8291 2384
8292 2384
8293 2384
8294 2384
8295 2384
8296 2437
8297 2384
8298 2384
8299 2684
8300 2384
8301 2384
8302 2384
8303 2384
8304 2384
8305 2384
8306 2384
8307 2384
8308 2384
8309 2384
8310 2926
8311 2568
8312 2384
8313 3221
8314 2386
8315 2386
8316 3220
8317 2386
8318 2386
8319 2387
8320 2388
8321 2388
8322 2388
8323 2388
8324 2389
8325 2392
8326 2530
8327 2395
8328 2395
8329 2395
8330 2395
8331 2395
8332 3170
8333 2401
8334 2401
8335 2403
8336 2404
8337 2408
8338 2408
8339 2409
8340 2410
8341 2411
8342 2413
8343 2414
8344 2757
8345 2414
8346 2414
8347 2415
8348 2415
8349 2416
8350 2417
8351 2417
8352 2417
8353 2417
8354 2418
8355 2419
8356 2419
8357 2420
8358 2421
8359 2421
8360 2423
8361 2424
8362 2429
8363 2609
8364 3072
8365 2432
8366 3262
8367 2432
8368 2432
8369 2432
8370 2432
8371 2434
8372 2435
8373 2435
8374 3135
8375 2437
8376 2437
8377 2440
8378 2440
8379 2440
8380 2440
8381 2831
8382 2440
8383 2440
8384 2440
8385 2440
8386 2442
8387 2442
8388 2442
8389 2443
8390 2866
8391 2443
8392 2443
8393 2443
8394 2445
8395 2445
8396 2447
8397 2448
8398 2448
8399 2448
8400 2448
8401 2448
8402 2448
8403 2448
8404 2448
8405 2448
8406 2448
8407 2448
8408 2450
8409 2452
8410 2453
8411 2454
8412 2456
8413 2456
8414 2457
8415 2945
8416 3245
8417 2457
8418 2457
8419 2457
8420 2459
8421 2459
8422 2459
8423 2459
8424 2459
8425 3177
8426 2463
8427 2463
8428 2463
8429 2463
8430 2467
8431 2467
8432 2467
8433 2468
8434 2468
8435 2747
8436 2472
8437 2471
8438 2471
8439 2471
8440 2471
8441 2471
8442 2472
8443 3171
8444 2473
8445 2473
8446 2473
8447 2477
8448 2478
8449 2478
8450 2478
8451 2478
8452 2479
8453 2479
8454 2480
8455 2980
8456 2483
8457 2483
8458 2484
8459 2713
8460 2486
8461 2487
8462 2487
8463 2939
8464 2488
8465 2882
8466 2488
8467 2488
8468 2488
8469 2490
8470 2490
8471 2491
8472 2491
8473 2492
8474 2492
8475 3146
8476 2492
8477 2492
8478 2493
8479 2494
8480 2495
8481 2495
8482 2496
8483 2496
8484 2496
8485 2496
8486 2496
8487 2496
8488 3063
8489 2498
8490 2498
8491 2499
8492 2499
8493 2500
8494 2500
8495 3051
8496 2618
8497 2503
8498 2503
8499 2503
8500 2503
8501 2503
8502 2503
8503 3202
8504 2506
8505 2506
8506 2508
8507 2512
8508 2513
8509 2515
8510 2515
8511 2516
8512 2527
8513 2527
8514 2527
8515 2527
8516 2527
8517 2527
8518 2528
8519 2528
8520 2528
8521 2529
8522 2529
8523 2529
8524 2532
8525 2532
8526 2539
8527 2539
8528 2539
8529 2789
8530 2539
8531 2539
8532 2539
8533 2539
8534 2539
8535 2541
8536 2541
8537 2541
8538 2541
8539 2543
8540 2988
8541 2546
8542 2548
8543 2551
8544 2551
8545 2552
8546 2552
8547 2553
8548 2844
8549 2553
8550 2553
8551 2553
8552 2555
8553 2556
8554 2777
8555 2557
8556 2557
8557 2557
8558 2558
8559 2560
8560 2560
8561 2560
8562 2561
8563 2562
8564 2565
8565 2565
8566 2565
8567 2567
8568 2567
8569 2568
8570 2568
8571 2568
8572 2568
8573 2570
8574 2572
8575 2573
8576 2574
8577 2574
8578 2574
8579 3010
8580 2574
8581 2574
8582 2574
8583 2574
8584 2574
8585 2576
8586 2576
8587 2593
8588 2576
8589 2576
8590 2576
8591 2577
8592 2578
8593 2578
8594 2582
8595 2742
8596 2670
8597 2587
8598 2589
8599 2591
8600 2592
8601 2592
8602 2592
8603 2592
8604 2594
8605 2596
8606 2596
8607 2596
8608 2596
8609 2596
8610 2596
8611 2597
8612 2597
8613 2597
8614 2597
8615 2597
8616 2597
8617 2597
8618 2597
8619 2597
8620 2597
8621 2597
8622 2597
8623 2597
8624 2597
8625 2597
8626 2597
8627 2597
8628 2597
8629 2918
8630 2925
8631 2597
8632 2597
8633 3277
8634 2598
8635 2598
8636 2598
8637 2598
8638 2598
8639 2599
8640 2600
8641 2601
8642 3100
8643 2603
8644 2604
8645 2604
8646 3227
8647 2604
8648 2604
8649 2606
8650 2606
8651 2608
8652 2608
8653 2608
8654 2608
8655 2608
8656 2611
8657 2611
8658 2611
8659 2611
8660 2611
8661 2611
8662 2611
8663 2611
8664 2611
8665 2612
8666 2612
8667 2616
8668 2617
8669 2618
8670 2619
8671 2619
8672 2620
8673 2620
8674 2620
8675 2620
8676 2621
8677 2621
8678 2623
8679 2623
8680 2625
8681 2849
8682 2625
8683 2625
8684 2625
8685 2625
8686 2625
8687 2625
8688 2625
8689 2625
8690 2625
8691 2625
8692 2625
8693 2625
8694 2685
8695 3045
8696 2625
8697 2848
8698 2625
8699 2626
8700 2626
8701 2626
8702 2626
8703 2626
8704 2626
8705 2626
8706 2626
8707 2626
8708 2627
8709 2630
8710 2635
8711 2635
8712 2636
8713 2640
8714 2642
8715 2642
8716 2642
8717 2643
8718 2643
8719 2643
8720 3011
8721 2643
8722 2643
8723 2643
8724 2643
8725 2643
8726 2643
8727 2643
8728 2643
8729 3257
8730 2643
8731 2643
8732 2643
8733 2643
8734 3120
8735 2643
8736 2643
8737 2643
8738 2643
8739 2643
8740 2643
8741 2643
8742 2643
8743 2643
8744 2643
8745 2643
8746 2643
8747 2643
8748 2643
8749 2643
8750 2643
8751 2643
8752 3189
8753 2643
8754 2644
8755 2645
8756 2646
8757 2646
8758 2646
8759 2646
8760 3207
8761 2646
8762 3102
8763 2646
8764 2646
8765 2646
8766 2646
8767 2646
8768 2646
8769 2646
8770 2646
8771 2646
8772 2646
8773 2646
8774 2646
8775 2646
8776 3050
8777 2646
8778 2803
8779 2646
8780 2646
8781 2646
8782 2647
8783 2649
8784 2650
8785 2651
8786 2827
8787 2967
8788 2651
8789 2651
8790 2651
8791 2761
8792 2655
8793 2657
8794 2660
8795 2660
8796 2661
8797 2663
8798 2663
8799 2663
8800 2663
8801 2663
8802 2663
8803 2663
8804 2663
8805 2663
8806 2663
8807 2663
8808 2663
8809 2663
8810 2663
8811 2664
8812 2891
8813 2665
8814 2675
8815 2675
8816 2680
8817 2680
8818 2680
8819 2680
8820 2680
8821 2682
8822 2682
8823 2682
8824 2684
8825 2684
8826 2684
8827 3115
8828 2684
8829 2684
8830 2684
8831 2684
8832 2684
8833 2684
8834 2684
8835 2684
8836 2684
8837 2684
8838 2684
8839 2684
8840 2684
8841 3151
8842 2684
8843 2684
8844 2684
8845 2684
8846 2684
8847 2684
8848 2684
8849 2684
8850 2684
8851 2684
8852 2684
8853 2912
8854 2684
8855 2821
8856 2685
8857 2685
8858 2685
8859 2685
8860 2685
8861 2685
8862 2687
8863 2689
8864 2689
8865 3073
8866 2690
8867 2690
8868 2690
8869 2690
8870 2690
8871 2690
8872 2690
8873 2690
8874 2690
8875 2691
8876 2693
8877 2693
8878 2694
8879 2986
8880 2694
8881 2694
8882 2694
8883 2694
8884 2694
8885 2694
8886 2694
8887 2694
8888 2694
8889 2694
8890 2694
8891 2694
8892 2694
8893 2694
8894 2694
8895 2694
8896 2694
8897 2694
8898 2694
8899 2765
8900 2694
8901 2694
8902 2694
8903 2694
8904 2694
8905 2694
8906 2694
8907 2694
8908 2694
8909 3205
8910 2695
8911 2695
8912 2696
8913 2697
8914 2697
8915 2697
8916 2697
8917 2698
8918 2698
8919 2698
8920 2699
8921 2699
8922 2699
8923 2700
8924 2700
8925 2701
8926 2702
8927 2702
8928 2702
8929 2705
8930 2706
8931 2706
8932 2706
8933 2706
8934 2706
8935 2706
8936 2715
8937 2714
8938 2714
8939 2714
8940 2714
8941 2714
8942 2714
8943 2714
8944 2714
8945 2714
8946 2714
8947 2769
8948 2714
8949 2715
8950 2715
8951 2715
8952 2715
8953 2715
8954 2715
8955 2716
8956 2865
8957 2716
8958 3230
8959 2720
8960 2725
8961 2727
8962 2732
8963 2732
8964 2732
8965 2732
8966 2733
8967 2733
8968 2733
8969 2734
8970 2736
8971 2741
8972 2743
8973 2743
8974 2744
8975 2744
8976 2744
8977 2745
8978 2745
8979 2745
8980 2745
8981 2745
8982 2745
8983 2745
8984 3025
8985 2745
8986 2746
8987 2747
8988 2748
8989 2749
8990 2752
8991 2752
8992 2752
8993 2754
8994 2754
8995 2754
8996 2754
8997 2754
8998 2835
8999 2754
9000 2754
9001 2754
9002 2757
9003 2757
9004 2757
9005 2757
9006 2757
9007 3091
9008 2757
9009 2757
9010 2757
9011 2757
9012 2757
9013 2757
9014 2757
9015 2757
9016 2757
9017 2759
9018 2759
9019 2759
9020 2759
9021 2760
9022 2760
9023 2761
9024 2761
9025 2762
9026 2762
9027 2762
9028 2762
9029 2762
9030 2763
9031 2763
9032 2763
9033 2764
9034 2764
9035 2765
9036 2766
9037 2766
9038 2766
9039 2766
9040 2766
9041 2894
9042 2766
9043 2766
9044 2902
9045 2766
9046 2766
9047 2768
9048 2768
9049 2768
9050 2768
9051 2942
9052 2768
9053 2768
9054 2770
9055 2770
9056 3047
9057 2770
9058 3156
9059 2771
9060 2771
9061 2771
9062 2771
9063 2771
9064 2771
9065 2771
9066 2771
9067 2771
9068 3024
9069 2771
9070 2772
9071 2774
9072 2905
9073 2778
9074 2779
9075 2780
9076 3271
9077 2780
9078 2780
9079 2780
9080 2780
9081 3075
9082 2783
9083 2783
9084 2783
9085 2964
9086 2788
9087 2789
9088 2789
9089 2790
9090 2790
9091 2790
9092 2790
9093 2790
9094 2790
9095 2790
9096 2957
9097 2790
9098 2790
9099 2790
9100 2790
9101 2791
9102 2791
9103 2991
9104 2792
9105 2792
9106 2798
9107 2799
9108 2800
9109 2800
9110 2800
9111 2802
9112 2802
9113 2802
9114 2802
9115 2802
9116 2802
9117 2862
9118 2803
9119 2803
9120 2803
9121 2805
9122 2809
9123 2809
9124 2809
9125 2809
9126 2895
9127 2899
9128 2811
9129 2812
9130 2812
9131 2812
9132 2812
9133 2815
9134 2815
9135 2815
9136 2817
9137 2817
9138 2818
9139 2949
9140 2818
9141 2818
9142 2829
9143 2820
9144 2820
9145 2820
9146 2821
9147 2823
9148 2823
9149 2823
9150 2825
9151 2825
9152 2826
9153 2826
9154 3239
9155 2826
9156 2826
9157 2826
9158 2827
9159 2827
9160 2827
9161 2827
9162 2832
9163 2833
9164 2833
9165 2833
9166 2833
9167 2833
9168 2833
9169 2833
9170 2833
9171 2833
9172 2837
9173 2837
9174 2838
9175 2839
9176 2841
9177 2841
9178 2841
9179 2841
9180 2841
9181 2841
9182 2841
9183 2841
9184 2842
9185 2843
9186 2843
9187 2843
9188 2843
9189 2843
9190 2846
9191 2848
9192 2848
9193 2848
9194 2963
9195 2848
9196 2848
9197 2848
9198 2848
9199 2848
9200 2848
9201 2848
9202 3234
9203 2852
9204 3144
9205 2854
9206 2855
9207 2862
9208 2863
9209 2863
9210 2863
9211 2863
9212 2863
9213 3023
9214 2863
9215 2952
9216 2865
9217 2865
9218 2865
9219 2865
9220 2865
9221 2866
9222 2866
9223 2866
9224 2874
9225 2878
9226 2878
9227 2878
9228 2878
9229 2878
9230 2878
9231 2878
9232 2878
9233 2878
9234 2878
9235 2878
9236 3235
9237 2880
9238 2880
9239 2880
9240 3035
9241 2880
9242 2880
9243 2881
9244 2882
9245 2882
9246 3121
9247 2883
9248 2886
9249 2894
9250 3017
9251 2896
9252 2896
9253 2897
9254 2897
9255 2897
9256 2979
9257 2898
9258 2898
9259 2899
9260 2899
9261 2900
9262 2901
9263 2901
9264 2901
9265 2901
9266 2903
9267 2904
9268 2904
9269 2904
9270 2904
9271 2904
9272 2904
9273 2904
9274 2904
9275 2904
9276 2904
9277 2904
9278 2904
9279 2904
9280 2904
9281 2905
9282 2905
9283 2907
9284 2907
9285 2922
9286 2910
9287 2910
9288 2910
9289 2910
9290 2910
9291 2910
9292 2912
9293 2912
9294 2914
9295 2914
9296 2914
9297 3228
9298 2915
9299 2919
9300 2919
9301 2919
9302 3088
9303 2919
9304 2919
9305 2919
9306 2919
9307 2919
9308 2919
9309 2920
9310 2921
9311 2921
9312 3118
9313 2921
9314 2921
9315 2921
9316 2921
9317 2921
9318 2921
9319 2922
9320 2922
9321 2922
9322 2922
9323 2922
9324 2928
9325 2932
9326 2934
9327 2934
9328 2934
9329 2934
9330 2935
9331 2935
9332 2935
9333 2935
9334 2935
9335 2935
9336 2935
9337 2935
9338 2936
9339 2939
9340 2939
9341 2939
9342 2939
9343 2939
9344 2939
9345 2939
9346 2939
9347 2940
9348 2940
9349 2941
9350 2943
9351 2947
9352 2947
9353 2947
9354 2947
9355 2947
9356 2947
9357 2947
9358 2947
9359 2947
9360 2949
9361 2949
9362 2949
9363 2949
9364 2950
9365 2950
9366 2950
9367 2950
9368 2950
9369 2951
9370 2952
9371 2953
9372 2953
9373 2953
9374 2953
9375 2953
9376 2953
9377 2953
9378 2953
9379 2953
9380 2954
9381 2954
9382 2954
9383 2954
9384 2954
9385 2956
9386 2956
9387 2956
9388 2956
9389 2956
9390 3106
9391 2956
9392 2956
9393 2956
9394 2956
9395 2956
9396 2956
9397 2958
9398 2959
9399 2959
9400 2959
9401 2959
9402 2959
9403 2959
9404 2959
9405 2959
9406 2959
9407 2959
9408 2961
9409 2962
9410 2963
9411 2963
9412 2963
9413 2965
9414 2966
9415 2966
9416 2966
9417 2966
9418 2966
9419 2968
9420 2971
9421 2972
9422 2974
9423 2974
9424 2977
9425 2977
9426 2979
9427 3224
9428 2980
9429 2981
9430 2983
9431 2983
9432 2983
9433 2984
9434 2987
9435 2988
9436 2989
9437 2989
9438 2989
9439 2989
9440 2989
9441 2989
9442 2989
9443 2995
9444 2996
9445 2996
9446 2996
9447 2996
9448 2996
9449 2996
9450 2996
9451 2996
9452 2996
9453 2996
9454 2997
9455 2998
9456 3000
9457 3000
9458 3000
9459 3000
9460 3002
9461 3003
9462 3006
9463 3006
9464 3006
9465 3008
9466 3009
9467 3009
9468 3009
9469 3010
9470 3010
9471 3013
9472 3013
9473 3013
9474 3013
9475 3016
9476 3016
9477 3018
9478 3169
9479 3018
9480 3018
9481 3018
9482 3018
9483 3019
9484 3080
9485 3022
9486 3026
9487 3027
9488 3028
9489 3028
9490 3029
9491 3031
9492 3031
9493 3031
9494 3032
9495 3032
9496 3032
9497 3032
9498 3032
9499 3032
9500 3032
9501 3032
9502 3032
9503 3032
9504 3032
9505 3032
9506 3098
9507 3032
9508 3032
9509 3032
9510 3032
9511 3032
9512 3032
9513 3032
9514 3032
9515 3032
9516 3032
9517 3032
9518 3032
9519 3032
9520 3032
9521 3033
9522 3035
9523 3035
9524 3035
9525 3035
9526 3035
9527 3035
9528 3035
9529 3035
9530 3082
9531 3035
9532 3035
9533 3035
9534 3035
9535 3037
9536 3039
9537 3039
9538 3040
9539 3040
9540 3040
9541 3040
9542 3040
9543 3044
9544 3044
9545 3044
9546 3045
9547 3045
9548 3045
9549 3045
9550 3045
9551 3192
9552 3045
9553 3046
9554 3046
9555 3046
9556 3046
9557 3046
9558 3046
9559 3046
9560 3046
9561 3046
9562 3047
9563 3047
9564 3047
9565 3049
9566 3049
9567 3049
9568 3049
9569 3049
9570 3049
9571 3050
9572 3050
9573 3050
9574 3050
9575 3050
9576 3050
9577 3089
9578 3052
9579 3052
9580 3053
9581 3054
9582 3054
9583 3055
9584 3055
9585 3058
9586 3059
9587 3059
9588 3059
9589 3059
9590 3059
9591 3059
9592 3059
9593 3059
9594 3061
9595 3064
9596 3065
9597 3065
9598 3065
9599 3065
9600 3065
9601 3065
9602 3065
9603 3065
9604 3065
9605 3065
9606 3065
9607 3065
9608 3065
9609 3065
9610 3065
9611 3065
9612 3065
9613 3065
9614 3065
9615 3065
9616 3065
9617 3065
9618 3065
9619 3066
9620 3066
9621 3067
9622 3068
9623 3068
9624 3068
9625 3071
9626 3071
9627 3071
9628 3071
9629 3071
9630 3071
9631 3071
9632 3071
9633 3071
9634 3071
9635 3071
9636 3071
9637 3071
9638 3071
9639 3071
9640 3071
9641 3071
9642 3071
9643 3071
9644 3071
9645 3071
9646 3075
9647 3075
9648 3254
9649 3075
9650 3076
9651 3136
9652 3077
9653 3078
9654 3252
9655 3078
9656 3078
9657 3079
9658 3079
9659 3079
9660 3079
9661 3079
9662 3079
9663 3079
9664 3079
9665 3079
9666 3079
9667 3079
9668 3079
9669 3080
9670 3082
9671 3082
9672 3083
9673 3083
9674 3083
9675 3086
9676 3088
9677 3088
9678 3088
9679 3214
9680 3092
9681 3092
9682 3095
9683 3095
9684 3095
9685 3097
9686 3097
9687 3213
9688 3099
9689 3099
9690 3099
9691 3099
9692 3102
9693 3102
9694 3106
9695 3255
9696 3106
9697 3106
9698 3106
9699 3109
9700 3109
9701 3109
9702 3109
9703 3109
9704 3109
9705 3109
9706 3109
9707 3109
9708 3109
9709 3109
9710 3109
9711 3109
9712 3109
9713 3109
9714 3109
9715 3109
9716 3109
9717 3109
9718 3109
9719 3109
9720 3109
9721 3109
9722 3109
9723 3109
9724 3219
9725 3109
9726 3109
9727 3109
9728 3122
9729 3109
9730 3109
9731 3109
9732 3109
9733 3109
9734 3138
9735 3109
9736 3109
9737 3109
9738 3109
9739 3109
9740 3109
9741 3109
9742 3109
9743 3109
9744 3110
9745 3114
9746 3115
9747 3117
9748 3117
9749 3117
9750 3117
9751 3119
9752 3119
9753 3119
9754 3119
9755 3119
9756 3119
9757 3119
9758 3119
9759 3119
9760 3119
9761 3119
9762 3122
9763 3122
9764 3124
9765 3127
9766 3127
9767 3128
9768 3130
9769 3130
9770 3198
9771 3130
9772 3130
9773 3130
9774 3130
9775 3130
9776 3130
9777 3130
9778 3130
9779 3130
9780 3134
9781 3134
9782 3134
9783 3135
9784 3135
9785 3135
9786 3135
9787 3135
9788 3135
9789 3135
9790 3135
9791 3135
9792 3135
9793 3135
9794 3136
9795 3136
9796 3136
9797 3136
9798 3137
9799 3137
9800 3139
9801 3139
9802 3139
9803 3139
9804 3139
9805 3139
9806 3139
9807 3139
9808 3139
9809 3139
9810 3139
9811 3139
9812 3139
9813 3139
9814 3139
9815 3139
9816 3139
9817 3139
9818 3139
9819 3140
9820 3140
9821 3143
9822 3143
9823 3143
9824 3145
9825 3147
9826 3147
9827 3147
9828 3147
9829 3147
9830 3149
9831 3151
9832 3155
9833 3270
9834 3158
9835 3161
9836 3161
9837 3167
9838 3171
9839 3171
9840 3171
9841 3172
9842 3173
9843 3173
9844 3174
9845 3175
9846 3177
9847 3177
9848 3177
9849 3180
9850 3180
9851 3185
9852 3188
9853 3188
9854 3191
9855 3191
9856 3191
9857 3191
9858 3191
9859 3191
9860 3191
9861 3191
9862 3191
9863 3191
9864 3191
9865 3193
9866 3193
9867 3194
9868 3194
9869 3194
9870 3194
9871 3194
9872 3194
9873 3195
9874 3195
9875 3195
9876 3199
9877 3199
9878 3199
9879 3201
9880 3202
9881 3203
9882 3203
9883 3240
9884 3203
9885 3205
9886 3205
9887 3205
9888 3205
9889 3205
9890 3205
9891 3205
9892 3205
9893 3205
9894 3205
9895 3205
9896 3205
9897 3205
9898 3205
9899 3205
9900 3205
9901 3205
9902 3205
9903 3205
9904 3205
9905 3206
9906 3210
9907 3210
9908 3210
9909 3210
9910 3212
9911 3214
9912 3214
9913 3214
9914 3215
9915 3215
9916 3217
9917 3218
9918 3219
9919 3219
9920 3219
9921 3219
9922 3219
9923 3219
9924 3219
9925 3219
9926 3221
9927 3223
9928 3223
9929 3224
9930 3224
9931 3224
9932 3226
9933 3227
9934 3228
9935 3229
9936 3229
9937 3230
9938 3230
9939 3230
9940 3230
9941 3230
9942 3233
9943 3234
9944 3235
9945 3235
9946 3235
9947 3236
9948 3236
9949 3237
9950 3238
9951 3238
9952 3238
9953 3238
9954 3241
9955 3243
9956 3243
9957 3248
9958 3248
9959 3248
9960 3250
9961 3252
9962 3253
9963 3253
9964 3253
9965 3253
9966 3253
9967 3253
9968 3253
9969 3253
9970 3253
9971 3253
9972 3253
9973 3255
9974 3255
9975 3256
9976 3257
9977 3257
9978 3257
9979 3257
9980 3257
9981 3257
9982 3257
9983 3257
9984 3257
9985 3259
9986 3259
9987 3259
9988 3260
9989 3260
9990 3266
9991 3266
9992 3269
9993 3270
9994 3271
9995 3273
9996 3273
9997 3277
9998 3277
9999 3277
